94000.000000
94050.000000
94100.000000
94150.000000
94200.000000
94250.000000
94300.000000
94350.000000
94400.000000
94450.000000
94500.000000
94550.000000
94600.000000
94650.000000
94700.000000
94750.000000
94800.000000
94850.000000
94900.000000
94950.000000
95000.000000
95050.000000
95100.000000
95150.000000
95200.000000
95250.000000
95300.000000
95350.000000
95400.000000
95450.000000
95500.000000
95550.000000
95600.000000
95650.000000
95700.000000
95750.000000
95800.000000
95850.000000
95900.000000
95950.000000
96000.000000
96050.000000
96100.000000
96150.000000
96200.000000
96250.000000
96300.000000
96350.000000
96400.000000
96450.000000
96500.000000
96550.000000
96600.000000
96650.000000
96700.000000
96750.000000
96800.000000
96850.000000
96900.000000
96950.000000
97000.000000
97050.000000
97100.000000
97150.000000
97200.000000
97250.000000
97300.000000
97350.000000
97400.000000
97450.000000
97500.000000
97550.000000
97600.000000
97650.000000
97700.000000
97750.000000
97800.000000
97850.000000
97900.000000
97950.000000
98000.000000
98050.000000
98100.000000
98150.000000
98200.000000
98250.000000
98300.000000
98350.000000
98400.000000
98450.000000
98500.000000
98550.000000
98600.000000
98650.000000
98700.000000
98750.000000
98800.000000
98850.000000
98900.000000
98950.000000
99000.000000
99050.000000
99100.000000
99150.000000
99200.000000
99250.000000
99300.000000
99350.000000
99400.000000
99450.000000
99500.000000
99550.000000
99600.000000
99650.000000
99700.000000
99750.000000
99800.000000
99850.000000
99900.000000
99950.000000
100000.000000
