0.007570
0.007570
0.007570
0.007569
0.007569
0.007569
0.007569
0.007569
0.007569
0.007569
0.007569
0.007568
0.007568
0.007568
0.007568
0.007568
0.007568
0.007568
0.007568
0.007568
0.007567
0.007567
0.007567
0.007567
0.007567
0.007567
0.007567
0.007567
0.007567
0.007566
0.007566
0.007566
0.007566
0.007566
0.007566
0.007566
0.007566
0.007566
0.007565
0.007565
0.007565
0.007565
0.007565
0.007565
0.007565
0.007565
0.007565
0.007565
0.007564
0.007564
0.007564
0.007564
0.007564
0.007564
0.007564
0.007564
0.007564
0.007564
0.007564
0.007563
0.007563
0.007563
0.007563
0.007563
0.007563
0.007563
0.007563
0.007563
0.007563
0.007563
0.007562
0.007562
0.007562
0.007562
0.007562
0.007562
0.007562
0.007562
0.007562
0.007562
0.007562
0.007561
0.007561
0.007561
0.007561
0.007561
0.007561
0.007561
0.007561
0.007561
0.007561
0.007561
0.007561
0.007560
0.007560
0.007560
0.007560
0.007560
0.007560
0.007560
0.007560
0.007560
0.007560
0.007560
0.007560
0.007560
0.007559
0.007559
0.007559
0.007559
0.007559
0.007559
0.007559
0.007559
0.007559
0.007559
0.007559
0.007559
0.007559
0.007558
0.007558
