0.000000e+00
1.110371e-07
2.314841e-07
3.613410e-07
5.006079e-07
6.492847e-07
8.073714e-07
9.748680e-07
1.151775e-06
1.338091e-06
1.533817e-06
1.738954e-06
1.953500e-06
2.177456e-06
2.410822e-06
2.653598e-06
2.905784e-06
3.167380e-06
3.438386e-06
3.718801e-06
4.008627e-06
4.307863e-06
4.616508e-06
4.934563e-06
5.262029e-06
5.598904e-06
5.945189e-06
6.300884e-06
6.665989e-06
7.040504e-06
7.424429e-06
7.817764e-06
8.220508e-06
8.632663e-06
9.054228e-06
9.485202e-06
9.925586e-06
1.037538e-05
1.083458e-05
1.130320e-05
1.178122e-05
1.226866e-05
1.276550e-05
1.327175e-05
1.378742e-05
1.431249e-05
1.484698e-05
1.539087e-05
1.594417e-05
1.650689e-05
1.707901e-05
1.766054e-05
1.825149e-05
1.885184e-05
1.946160e-05
2.008077e-05
2.070936e-05
2.134735e-05
2.199475e-05
2.265157e-05
2.331779e-05
2.399342e-05
2.467846e-05
2.537292e-05
2.607678e-05
2.679005e-05
2.751273e-05
2.824482e-05
2.898633e-05
2.973724e-05
3.049756e-05
3.126729e-05
3.204643e-05
3.283498e-05
3.363295e-05
3.444032e-05
3.525710e-05
3.608329e-05
3.691889e-05
3.776390e-05
3.861832e-05
3.948215e-05
4.035539e-05
4.123804e-05
4.213011e-05
4.303158e-05
4.394246e-05
4.486275e-05
4.579245e-05
4.673156e-05
4.768008e-05
4.863801e-05
4.960535e-05
5.058210e-05
5.156826e-05
5.256383e-05
5.356881e-05
5.458320e-05
5.560700e-05
5.664021e-05
5.768283e-05
5.873485e-05
5.979629e-05
6.086714e-05
6.194740e-05
6.303707e-05
6.413615e-05
6.524464e-05
6.636254e-05
6.748985e-05
6.862657e-05
6.977269e-05
7.092823e-05
7.209318e-05
7.326754e-05
7.445131e-05
7.564449e-05
7.684707e-05
7.805907e-05
7.928048e-05
8.051130e-05
8.175153e-05
8.300116e-05
8.426021e-05
8.552867e-05
8.680654e-05
8.809381e-05
8.939050e-05
9.069660e-05
9.201210e-05
9.333702e-05
9.467135e-05
9.601509e-05
9.736823e-05
9.873079e-05
1.001028e-04
1.014841e-04
1.028749e-04
1.042751e-04
1.056847e-04
1.071037e-04
1.085322e-04
1.099700e-04
1.114172e-04
1.128739e-04
1.143400e-04
1.158154e-04
1.173003e-04
1.187946e-04
1.202983e-04
1.218114e-04
1.233340e-04
1.248659e-04
1.264073e-04
1.279580e-04
1.295182e-04
1.310877e-04
1.326667e-04
1.342551e-04
1.358529e-04
1.374601e-04
1.390768e-04
1.407028e-04
1.423383e-04
1.439831e-04
1.456374e-04
1.473010e-04
1.489741e-04
1.506566e-04
1.523485e-04
1.540498e-04
1.557606e-04
1.574807e-04
1.592102e-04
1.609492e-04
1.626976e-04
1.644553e-04
1.662225e-04
1.679991e-04
1.697851e-04
1.715805e-04
1.733854e-04
1.751996e-04
1.770232e-04
1.788563e-04
1.806987e-04
1.825506e-04
1.844119e-04
1.862826e-04
1.881627e-04
1.900522e-04
1.919511e-04
1.938595e-04
1.957772e-04
1.977044e-04
1.996409e-04
2.015869e-04
2.035423e-04
2.055071e-04
2.074813e-04
2.094649e-04
2.114579e-04
2.134603e-04
2.154722e-04
2.174934e-04
2.195241e-04
2.215642e-04
2.236136e-04
2.256725e-04
2.277408e-04
2.298185e-04
2.319057e-04
2.340022e-04
2.361081e-04
2.382235e-04
2.403482e-04
2.424824e-04
2.446260e-04
2.467790e-04
2.489414e-04
2.511132e-04
2.532944e-04
2.554850e-04
2.576851e-04
2.598945e-04
2.621134e-04
2.643417e-04
2.665793e-04
2.688264e-04
2.710829e-04
2.733488e-04
2.756242e-04
2.779089e-04
2.802030e-04
2.825066e-04
2.848195e-04
2.871419e-04
2.894737e-04
2.918149e-04
2.941655e-04
2.965255e-04
2.988949e-04
3.012737e-04
3.036620e-04
3.060596e-04
3.084667e-04
3.108831e-04
3.133090e-04
3.157443e-04
3.181890e-04
3.206431e-04
3.231066e-04
3.255796e-04
3.280619e-04
3.305536e-04
3.330548e-04
3.355654e-04
3.380853e-04
3.406147e-04
3.431535e-04
3.457017e-04
3.482594e-04
3.508264e-04
3.534028e-04
3.559887e-04
3.585839e-04
3.611886e-04
3.638027e-04
3.664261e-04
3.690590e-04
3.717014e-04
3.743531e-04
3.770142e-04
3.796847e-04
3.823647e-04
3.850540e-04
3.877528e-04
3.904610e-04
3.931786e-04
3.959056e-04
3.986420e-04
4.013878e-04
4.041430e-04
4.069076e-04
4.096817e-04
4.124651e-04
4.152580e-04
4.180603e-04
4.208720e-04
4.236931e-04
4.265236e-04
4.293635e-04
4.322128e-04
4.350715e-04
4.379397e-04
4.408172e-04
4.437042e-04
4.466006e-04
4.495064e-04
4.524215e-04
4.553462e-04
4.582802e-04
4.612236e-04
4.641764e-04
4.671387e-04
4.701103e-04
4.730914e-04
4.760819e-04
4.790817e-04
4.820910e-04
4.851097e-04
4.881379e-04
4.911754e-04
4.942223e-04
4.972787e-04
5.003444e-04
5.034196e-04
5.065041e-04
5.095981e-04
5.127015e-04
5.158143e-04
5.189365e-04
5.220682e-04
5.252092e-04
5.283596e-04
5.315195e-04
5.346887e-04
5.378674e-04
5.410555e-04
5.442530e-04
5.474599e-04
5.506762e-04
5.539019e-04
5.571370e-04
5.603816e-04
5.636355e-04
5.668989e-04
5.701717e-04
5.734539e-04
5.767454e-04
5.800464e-04
5.833569e-04
5.866767e-04
5.900059e-04
5.933445e-04
5.966926e-04
6.000501e-04
6.034169e-04
6.067932e-04
6.101789e-04
6.135740e-04
6.169785e-04
6.203924e-04
6.238158e-04
6.272485e-04
6.306907e-04
6.341422e-04
6.376032e-04
6.410736e-04
6.445533e-04
6.480425e-04
6.515412e-04
6.550492e-04
6.585666e-04
6.620934e-04
6.656297e-04
6.691754e-04
6.727304e-04
6.762949e-04
6.798688e-04
6.834521e-04
6.870448e-04
6.906469e-04
6.942584e-04
6.978794e-04
7.015097e-04
7.051495e-04
7.087987e-04
7.124572e-04
7.161252e-04
7.198026e-04
7.234894e-04
7.271856e-04
7.308913e-04
7.346063e-04
7.383308e-04
7.420646e-04
7.458079e-04
7.495606e-04
7.533226e-04
7.570941e-04
7.608750e-04
7.646654e-04
7.684651e-04
7.722742e-04
7.760928e-04
7.799207e-04
7.837581e-04
7.876049e-04
7.914611e-04
7.953267e-04
7.992017e-04
8.030861e-04
8.069799e-04
8.108831e-04
8.147958e-04
8.187178e-04
8.226493e-04
8.265902e-04
8.305405e-04
8.345002e-04
8.384693e-04
8.424478e-04
8.464357e-04
8.504330e-04
8.544398e-04
8.584559e-04
8.624815e-04
8.665165e-04
8.705609e-04
8.746147e-04
8.786779e-04
8.827505e-04
8.868325e-04
8.909239e-04
8.950248e-04
8.991350e-04
9.032547e-04
9.073838e-04
9.115223e-04
9.156702e-04
9.198275e-04
9.239942e-04
9.281703e-04
9.323558e-04
9.365508e-04
9.407551e-04
9.449689e-04
9.491921e-04
9.534246e-04
9.576666e-04
9.619180e-04
9.661789e-04
9.704491e-04
9.747287e-04
9.790178e-04
9.833162e-04
9.876241e-04
9.919413e-04
9.962680e-04
1.000604e-03
1.004950e-03
1.009305e-03
1.013669e-03
1.018043e-03
1.022426e-03
1.026818e-03
1.031220e-03
1.035632e-03
1.040052e-03
1.044483e-03
1.048922e-03
1.053371e-03
1.057830e-03
1.062297e-03
1.066775e-03
1.071261e-03
1.075757e-03
1.080263e-03
1.084778e-03
1.089302e-03
1.093836e-03
1.098379e-03
1.102931e-03
1.107493e-03
1.112065e-03
1.116645e-03
1.121236e-03
1.125835e-03
1.130444e-03
1.135063e-03
1.139690e-03
1.144328e-03
1.148974e-03
1.153630e-03
1.158296e-03
1.162970e-03
1.167655e-03
1.172348e-03
1.177051e-03
1.181764e-03
1.186486e-03
1.191217e-03
1.195958e-03
1.200708e-03
1.205468e-03
1.210236e-03
1.215015e-03
1.219803e-03
1.224600e-03
1.229406e-03
1.234222e-03
1.239048e-03
1.243883e-03
1.248727e-03
1.253580e-03
1.258444e-03
1.263316e-03
1.268198e-03
1.273089e-03
1.277990e-03
1.282900e-03
1.287819e-03
1.292748e-03
1.297687e-03
1.302634e-03
1.307592e-03
1.312558e-03
1.317534e-03
1.322519e-03
1.327514e-03
1.332518e-03
1.337532e-03
1.342555e-03
1.347587e-03
1.352629e-03
1.357681e-03
1.362741e-03
1.367811e-03
1.372891e-03
1.377980e-03
1.383078e-03
1.388186e-03
1.393303e-03
1.398429e-03
1.403565e-03
1.408711e-03
1.413865e-03
1.419029e-03
1.424203e-03
1.429386e-03
1.434578e-03
1.439780e-03
1.444991e-03
1.450212e-03
1.455442e-03
1.460682e-03
1.465930e-03
1.471189e-03
1.476456e-03
1.481733e-03
1.487020e-03
1.492316e-03
1.497621e-03
1.502936e-03
1.508260e-03
1.513594e-03
1.518937e-03
1.524289e-03
1.529651e-03
1.535022e-03
1.540402e-03
1.545792e-03
1.551192e-03
1.556601e-03
1.562019e-03
1.567447e-03
1.572884e-03
1.578330e-03
1.583786e-03
1.589251e-03
1.594726e-03
1.600210e-03
1.605704e-03
1.611206e-03
1.616719e-03
1.622241e-03
1.627772e-03
1.633312e-03
1.638862e-03
1.644422e-03
1.649990e-03
1.655569e-03
1.661156e-03
1.666753e-03
1.672360e-03
1.677976e-03
1.683601e-03
1.689235e-03
1.694879e-03
1.700533e-03
1.706196e-03
1.711868e-03
1.717550e-03
1.723241e-03
1.728942e-03
1.734651e-03
1.740371e-03
1.746100e-03
1.751838e-03
1.757585e-03
1.763342e-03
1.769109e-03
1.774885e-03
1.780670e-03
1.786464e-03
1.792268e-03
1.798082e-03
1.803905e-03
1.809737e-03
1.815579e-03
1.821430e-03
1.827290e-03
1.833160e-03
1.839040e-03
1.844928e-03
1.850826e-03
1.856734e-03
1.862651e-03
1.868577e-03
1.874513e-03
1.880458e-03
1.886413e-03
1.892377e-03
1.898350e-03
1.904333e-03
1.910325e-03
1.916327e-03
1.922338e-03
1.928358e-03
1.934388e-03
1.940428e-03
1.946476e-03
1.952534e-03
1.958602e-03
1.964679e-03
1.970765e-03
1.976861e-03
1.982966e-03
1.989081e-03
1.995205e-03
2.001338e-03
2.007481e-03
2.013633e-03
2.019795e-03
2.025966e-03
2.032146e-03
2.038336e-03
2.044535e-03
2.050744e-03
2.056962e-03
2.063190e-03
2.069426e-03
2.075673e-03
2.081928e-03
2.088194e-03
2.094468e-03
2.100752e-03
2.107045e-03
2.113348e-03
2.119660e-03
2.125982e-03
2.132313e-03
2.138653e-03
2.145003e-03
2.151362e-03
2.157731e-03
2.164109e-03
2.170497e-03
2.176893e-03
2.183300e-03
2.189715e-03
2.196140e-03
2.202575e-03
2.209019e-03
2.215472e-03
2.221935e-03
2.228407e-03
2.234889e-03
2.241380e-03
2.247880e-03
2.254390e-03
2.260909e-03
2.267438e-03
2.273976e-03
2.280523e-03
2.287080e-03
2.293646e-03
2.300222e-03
2.306807e-03
2.313401e-03
2.320005e-03
2.326618e-03
2.333241e-03
2.339873e-03
2.346515e-03
2.353166e-03
2.359826e-03
2.366496e-03
2.373175e-03
2.379864e-03
2.386562e-03
2.393269e-03
2.399986e-03
2.406712e-03
2.413448e-03
2.420193e-03
2.426947e-03
2.433711e-03
2.440484e-03
2.447267e-03
2.454059e-03
2.460860e-03
2.467671e-03
2.474492e-03
2.481321e-03
2.488160e-03
2.495009e-03
2.501867e-03
2.508734e-03
2.515611e-03
2.522497e-03
2.529393e-03
2.536298e-03
2.543212e-03
2.550136e-03
2.557069e-03
2.564012e-03
2.570964e-03
2.577925e-03
2.584896e-03
2.591877e-03
2.598866e-03
2.605865e-03
2.612874e-03
2.619892e-03
2.626919e-03
2.633956e-03
2.641002e-03
2.648058e-03
2.655123e-03
2.662197e-03
2.669281e-03
2.676374e-03
2.683477e-03
2.690589e-03
2.697710e-03
2.704841e-03
2.711981e-03
2.719131e-03
2.726290e-03
2.733458e-03
2.740636e-03
2.747823e-03
2.755020e-03
2.762226e-03
2.769442e-03
2.776667e-03
2.783901e-03
2.791145e-03
2.798398e-03
2.805661e-03
2.812933e-03
2.820214e-03
2.827505e-03
2.834805e-03
2.842115e-03
2.849434e-03
2.856762e-03
2.864100e-03
2.871447e-03
2.878804e-03
2.886170e-03
2.893546e-03
2.900930e-03
2.908325e-03
2.915728e-03
2.923142e-03
2.930564e-03
2.937996e-03
2.945438e-03
2.952888e-03
2.960348e-03
2.967818e-03
2.975297e-03
2.982785e-03
2.990283e-03
2.997791e-03
3.005307e-03
3.012833e-03
3.020369e-03
3.027914e-03
3.035468e-03
3.043032e-03
3.050605e-03
3.058187e-03
3.065779e-03
3.073380e-03
3.080991e-03
3.088611e-03
3.096241e-03
3.103880e-03
3.111528e-03
3.119186e-03
3.126853e-03
3.134530e-03
3.142216e-03
3.149911e-03
3.157616e-03
3.165330e-03
3.173054e-03
3.180787e-03
3.188530e-03
3.196282e-03
3.204043e-03
3.211814e-03
3.219594e-03
3.227383e-03
3.235182e-03
3.242991e-03
3.250808e-03
3.258635e-03
3.266472e-03
3.274318e-03
3.282173e-03
3.290038e-03
3.297913e-03
3.305796e-03
3.313689e-03
3.321592e-03
3.329503e-03
3.337425e-03
3.345355e-03
3.353296e-03
3.361245e-03
3.369204e-03
3.377172e-03
3.385150e-03
3.393137e-03
3.401134e-03
3.409140e-03
3.417155e-03
3.425180e-03
3.433214e-03
3.441258e-03
3.449311e-03
3.457373e-03
3.465445e-03
3.473526e-03
3.481617e-03
3.489717e-03
3.497826e-03
3.505945e-03
3.514073e-03
3.522211e-03
3.530358e-03
3.538515e-03
3.546681e-03
3.554856e-03
3.563041e-03
3.571235e-03
3.579439e-03
3.587652e-03
3.595874e-03
3.604106e-03
3.612347e-03
3.620598e-03
3.628858e-03
3.637127e-03
3.645406e-03
3.653694e-03
3.661992e-03
3.670299e-03
3.678615e-03
3.686941e-03
3.695277e-03
3.703621e-03
3.711975e-03
3.720339e-03
3.728712e-03
3.737094e-03
3.745486e-03
3.753887e-03
3.762298e-03
3.770718e-03
3.779147e-03
3.787586e-03
3.796034e-03
3.804492e-03
3.812959e-03
3.821435e-03
3.829921e-03
3.838417e-03
3.846921e-03
3.855435e-03
3.863959e-03
3.872492e-03
3.881034e-03
3.889586e-03
3.898147e-03
3.906718e-03
3.915298e-03
3.923887e-03
3.932486e-03
3.941094e-03
3.949711e-03
3.958339e-03
3.966975e-03
3.975621e-03
3.984276e-03
3.992941e-03
4.001615e-03
4.010298e-03
4.018991e-03
4.027693e-03
4.036405e-03
4.045126e-03
4.053857e-03
4.062597e-03
4.071346e-03
4.080105e-03
4.088873e-03
4.097651e-03
4.106438e-03
4.115234e-03
4.124040e-03
4.132855e-03
4.141680e-03
4.150514e-03
4.159357e-03
4.168210e-03
4.177072e-03
4.185944e-03
4.194825e-03
4.203715e-03
4.212615e-03
4.221525e-03
4.230443e-03
4.239371e-03
4.248309e-03
4.257256e-03
4.266212e-03
4.275178e-03
4.284153e-03
4.293138e-03
4.302132e-03
4.311135e-03
4.320148e-03
4.329170e-03
4.338202e-03
4.347243e-03
4.356294e-03
4.365353e-03
4.374423e-03
4.383501e-03
4.392589e-03
4.401687e-03
4.410794e-03
4.419910e-03
4.429036e-03
4.438171e-03
4.447316e-03
4.456470e-03
4.465633e-03
4.474806e-03
4.483988e-03
4.493180e-03
4.502381e-03
4.511591e-03
4.520811e-03
4.530040e-03
4.539279e-03
4.548527e-03
4.557784e-03
4.567051e-03
4.576328e-03
4.585613e-03
4.594908e-03
4.604213e-03
4.613527e-03
4.622850e-03
4.632183e-03
4.641525e-03
4.650877e-03
4.660238e-03
4.669608e-03
4.678988e-03
4.688377e-03
4.697776e-03
4.707184e-03
4.716601e-03
4.726028e-03
4.735464e-03
4.744910e-03
4.754365e-03
4.763830e-03
4.773304e-03
4.782787e-03
4.792280e-03
4.801782e-03
4.811293e-03
4.820814e-03
4.830345e-03
4.839885e-03
4.849434e-03
4.858992e-03
4.868560e-03
4.878138e-03
4.887725e-03
4.897321e-03
4.906926e-03
4.916542e-03
4.926166e-03
4.935800e-03
4.945443e-03
4.955096e-03
4.964758e-03
4.974429e-03
4.984110e-03
4.993801e-03
5.003500e-03
5.013210e-03
5.022928e-03
5.032656e-03
5.042394e-03
5.052140e-03
5.061897e-03
5.071662e-03
5.081437e-03
5.091222e-03
5.101016e-03
5.110819e-03
5.120631e-03
5.130454e-03
5.140285e-03
5.150126e-03
5.159976e-03
5.169836e-03
5.179705e-03
5.189584e-03
5.199472e-03
5.209369e-03
5.219276e-03
5.229192e-03
5.239117e-03
5.249052e-03
5.258997e-03
5.268951e-03
5.278914e-03
5.288887e-03
5.298869e-03
5.308860e-03
5.318861e-03
5.328871e-03
5.338891e-03
5.348920e-03
5.358958e-03
5.369006e-03
5.379064e-03
5.389130e-03
5.399207e-03
5.409292e-03
5.419387e-03
5.429491e-03
5.439605e-03
5.449728e-03
5.459861e-03
5.470003e-03
5.480154e-03
5.490315e-03
5.500486e-03
5.510665e-03
5.520854e-03
5.531053e-03
5.541261e-03
5.551478e-03
5.561705e-03
5.571941e-03
5.582186e-03
5.592441e-03
5.602706e-03
5.612979e-03
5.623262e-03
5.633555e-03
5.643857e-03
5.654168e-03
5.664489e-03
5.674819e-03
5.685159e-03
5.695508e-03
5.705867e-03
5.716234e-03
5.726612e-03
5.736998e-03
5.747394e-03
5.757800e-03
5.768215e-03
5.778639e-03
5.789073e-03
5.799516e-03
5.809968e-03
5.820430e-03
5.830902e-03
5.841383e-03
5.851873e-03
5.862372e-03
5.872881e-03
5.883400e-03
5.893928e-03
5.904465e-03
5.915011e-03
5.925568e-03
5.936133e-03
5.946708e-03
5.957292e-03
5.967886e-03
5.978489e-03
5.989101e-03
5.999723e-03
6.010355e-03
6.020995e-03
6.031646e-03
6.042305e-03
6.052974e-03
6.063652e-03
6.074340e-03
6.085037e-03
6.095744e-03
6.106460e-03
6.117186e-03
6.127920e-03
6.138665e-03
6.149418e-03
6.160181e-03
6.170954e-03
6.181736e-03
6.192527e-03
6.203328e-03
6.214138e-03
6.224957e-03
6.235786e-03
6.246625e-03
6.257472e-03
6.268330e-03
6.279196e-03
6.290072e-03
6.300958e-03
6.311852e-03
6.322757e-03
6.333670e-03
6.344593e-03
6.355526e-03
6.366468e-03
6.377419e-03
6.388379e-03
6.399350e-03
6.410329e-03
6.421318e-03
6.432316e-03
6.443324e-03
6.454341e-03
6.465368e-03
6.476404e-03
6.487449e-03
6.498504e-03
6.509568e-03
6.520642e-03
6.531725e-03
6.542817e-03
6.553919e-03
6.565030e-03
6.576151e-03
6.587281e-03
6.598420e-03
6.609569e-03
6.620727e-03
6.631895e-03
6.643072e-03
6.654259e-03
6.665455e-03
6.676660e-03
6.687875e-03
6.699099e-03
6.710332e-03
6.721575e-03
6.732828e-03
6.744090e-03
6.755361e-03
6.766641e-03
6.777931e-03
6.789231e-03
6.800540e-03
6.811858e-03
6.823186e-03
6.834523e-03
6.845869e-03
6.857225e-03
6.868590e-03
6.879965e-03
6.891349e-03
6.902743e-03
6.914146e-03
6.925558e-03
6.936980e-03
6.948411e-03
6.959852e-03
6.971302e-03
6.982761e-03
6.994230e-03
7.005708e-03
7.017196e-03
7.028693e-03
7.040199e-03
7.051715e-03
7.063240e-03
7.074775e-03
7.086319e-03
7.097873e-03
7.109436e-03
7.121008e-03
7.132590e-03
7.144181e-03
7.155781e-03
7.167391e-03
7.179011e-03
7.190639e-03
7.202278e-03
7.213925e-03
7.225582e-03
7.237249e-03
7.248924e-03
7.260610e-03
7.272304e-03
7.284008e-03
7.295722e-03
7.307445e-03
7.319177e-03
7.330919e-03
7.342670e-03
7.354430e-03
7.366200e-03
7.377980e-03
7.389768e-03
7.401567e-03
7.413374e-03
7.425191e-03
7.437018e-03
7.448853e-03
7.460699e-03
7.472553e-03
7.484417e-03
7.496291e-03
7.508173e-03
7.520066e-03
7.531967e-03
7.543878e-03
7.555799e-03
7.567729e-03
7.579668e-03
7.591617e-03
7.603575e-03
7.615543e-03
7.627520e-03
7.639506e-03
7.651502e-03
7.663507e-03
7.675521e-03
7.687545e-03
7.699579e-03
7.711622e-03
7.723674e-03
7.735735e-03
7.747807e-03
7.759887e-03
7.771977e-03
7.784076e-03
7.796185e-03
7.808303e-03
7.820430e-03
7.832567e-03
7.844714e-03
7.856869e-03
7.869035e-03
7.881209e-03
7.893393e-03
7.905586e-03
7.917789e-03
7.930001e-03
7.942223e-03
7.954454e-03
7.966695e-03
7.978944e-03
7.991204e-03
8.003472e-03
8.015750e-03
8.028038e-03
8.040335e-03
8.052641e-03
8.064957e-03
8.077282e-03
8.089616e-03
8.101960e-03
8.114314e-03
8.126676e-03
8.139049e-03
8.151430e-03
8.163821e-03
8.176222e-03
8.188631e-03
8.201051e-03
8.213479e-03
8.225917e-03
8.238365e-03
8.250821e-03
8.263288e-03
8.275763e-03
8.288249e-03
8.300743e-03
8.313247e-03
8.325760e-03
8.338283e-03
8.350815e-03
8.363357e-03
8.375908e-03
8.388468e-03
8.401038e-03
8.413617e-03
8.426206e-03
8.438804e-03
8.451411e-03
8.464028e-03
8.476654e-03
8.489290e-03
8.501935e-03
8.514589e-03
8.527253e-03
8.539926e-03
8.552609e-03
8.565301e-03
8.578003e-03
8.590714e-03
8.603434e-03
8.616164e-03
8.628903e-03
8.641651e-03
8.654409e-03
8.667177e-03
8.679953e-03
8.692740e-03
8.705535e-03
8.718340e-03
8.731155e-03
8.743979e-03
8.756812e-03
8.769655e-03
8.782507e-03
8.795368e-03
8.808239e-03
8.821119e-03
8.834009e-03
8.846908e-03
8.859817e-03
8.872735e-03
8.885662e-03
8.898599e-03
8.911545e-03
8.924500e-03
8.937465e-03
8.950440e-03
8.963424e-03
8.976417e-03
8.989419e-03
9.002432e-03
9.015453e-03
9.028484e-03
9.041524e-03
9.054574e-03
9.067633e-03
9.080701e-03
9.093779e-03
9.106867e-03
9.119963e-03
9.133069e-03
9.146185e-03
9.159310e-03
9.172444e-03
9.185588e-03
9.198741e-03
9.211904e-03
9.225076e-03
9.238257e-03
9.251448e-03
9.264648e-03
9.277858e-03
9.291077e-03
9.304306e-03
9.317543e-03
9.330791e-03
9.344047e-03
9.357314e-03
9.370589e-03
9.383874e-03
9.397168e-03
9.410472e-03
9.423785e-03
9.437108e-03
9.450440e-03
9.463781e-03
9.477132e-03
9.490492e-03
9.503862e-03
9.517241e-03
9.530629e-03
9.544027e-03
9.557434e-03
9.570851e-03
9.584277e-03
9.597713e-03
9.611158e-03
9.624612e-03
9.638076e-03
9.651549e-03
9.665031e-03
9.678523e-03
9.692025e-03
9.705535e-03
9.719055e-03
9.732585e-03
9.746124e-03
9.759672e-03
9.773230e-03
9.786798e-03
9.800374e-03
9.813960e-03
9.827556e-03
9.841161e-03
9.854775e-03
9.868398e-03
9.882032e-03
9.895674e-03
9.909326e-03
9.922987e-03
9.936658e-03
9.950338e-03
9.964028e-03
9.977727e-03
9.991435e-03
1.000515e-02
1.001888e-02
1.003262e-02
1.004636e-02
1.006012e-02
1.007388e-02
1.008766e-02
1.010144e-02
1.011523e-02
1.012904e-02
1.014285e-02
1.015667e-02
1.017050e-02
1.018434e-02
1.019819e-02
1.021205e-02
1.022592e-02
1.023979e-02
1.025368e-02
1.026758e-02
1.028148e-02
1.029540e-02
1.030932e-02
1.032326e-02
1.033720e-02
1.035116e-02
1.036512e-02
1.037909e-02
1.039307e-02
1.040706e-02
1.042106e-02
1.043507e-02
1.044909e-02
1.046312e-02
1.047716e-02
1.049120e-02
1.050526e-02
1.051933e-02
1.053340e-02
1.054749e-02
1.056158e-02
1.057568e-02
1.058980e-02
1.060392e-02
1.061805e-02
1.063219e-02
1.064634e-02
1.066050e-02
1.067467e-02
1.068885e-02
1.070304e-02
1.071724e-02
1.073144e-02
1.074500e-02
1.075850e-02
1.077196e-02
1.078537e-02
1.079873e-02
1.081205e-02
1.082532e-02
1.083854e-02
1.085172e-02
1.086485e-02
1.087793e-02
1.089097e-02
1.090396e-02
1.091690e-02
1.092979e-02
1.094264e-02
1.095544e-02
1.096820e-02
1.098090e-02
1.099356e-02
1.100618e-02
1.101874e-02
1.103126e-02
1.104374e-02
1.105616e-02
1.106854e-02
1.108087e-02
1.109316e-02
1.110539e-02
1.111759e-02
1.112973e-02
1.114183e-02
1.115388e-02
1.116588e-02
1.117784e-02
1.118975e-02
1.120161e-02
1.121342e-02
1.122519e-02
1.123691e-02
1.124859e-02
1.126022e-02
1.127180e-02
1.128333e-02
1.129482e-02
1.130626e-02
1.131765e-02
1.132900e-02
1.134030e-02
1.135155e-02
1.136276e-02
1.137391e-02
1.138503e-02
1.139609e-02
1.140711e-02
1.141808e-02
1.142900e-02
1.143988e-02
1.145071e-02
1.146149e-02
1.147223e-02
1.148292e-02
1.149356e-02
1.150416e-02
1.151471e-02
1.152521e-02
1.153566e-02
1.154607e-02
1.155643e-02
1.156675e-02
1.157701e-02
1.158723e-02
1.159741e-02
1.160753e-02
1.161761e-02
1.162764e-02
1.163763e-02
1.164757e-02
1.165746e-02
1.166730e-02
1.167710e-02
1.168685e-02
1.169656e-02
1.170621e-02
1.171582e-02
1.172539e-02
1.173490e-02
1.174437e-02
1.175379e-02
1.176317e-02
1.177250e-02
1.178178e-02
1.179102e-02
1.180020e-02
1.180934e-02
1.181844e-02
1.182748e-02
1.183649e-02
1.184544e-02
1.185434e-02
1.186320e-02
1.187202e-02
1.188078e-02
1.188950e-02
1.189817e-02
1.190680e-02
1.191537e-02
1.192390e-02
1.193239e-02
1.194083e-02
1.194922e-02
1.195756e-02
1.196586e-02
1.197410e-02
1.198231e-02
1.199046e-02
1.199857e-02
1.200663e-02
1.201465e-02
1.202261e-02
1.203054e-02
1.203841e-02
1.204624e-02
1.205402e-02
1.206175e-02
1.206944e-02
1.207708e-02
1.208467e-02
1.209221e-02
1.209971e-02
1.210716e-02
1.211457e-02
1.212193e-02
1.212924e-02
1.213650e-02
1.214372e-02
1.215089e-02
1.215801e-02
1.216509e-02
1.217212e-02
1.217910e-02
1.218603e-02
1.219292e-02
1.219976e-02
1.220656e-02
1.221331e-02
1.222001e-02
1.222666e-02
1.223327e-02
1.223983e-02
1.224634e-02
1.225281e-02
1.225923e-02
1.226560e-02
1.227192e-02
1.227820e-02
1.228443e-02
1.229062e-02
1.229676e-02
1.230285e-02
1.230889e-02
1.231489e-02
1.232084e-02
1.232674e-02
1.233260e-02
1.233841e-02
1.234417e-02
1.234988e-02
1.235555e-02
1.236117e-02
1.236675e-02
1.237228e-02
1.237776e-02
1.238319e-02
1.238858e-02
1.239392e-02
1.239921e-02
1.240446e-02
1.240966e-02
1.241481e-02
1.241991e-02
1.242497e-02
1.242998e-02
1.243495e-02
1.243986e-02
1.244474e-02
1.244956e-02
1.245434e-02
1.245907e-02
1.246375e-02
1.246839e-02
1.247297e-02
1.247752e-02
1.248201e-02
1.248646e-02
1.249086e-02
1.249522e-02
1.249952e-02
1.250378e-02
1.250800e-02
1.251217e-02
1.251629e-02
1.252036e-02
1.252438e-02
1.252836e-02
1.253230e-02
1.253618e-02
1.254002e-02
1.254381e-02
1.254756e-02
1.255125e-02
1.255490e-02
1.255851e-02
1.256206e-02
1.256557e-02
1.256904e-02
1.257245e-02
1.257582e-02
1.257914e-02
1.258242e-02
1.258565e-02
1.258883e-02
1.259196e-02
1.259505e-02
1.259809e-02
1.260109e-02
1.260403e-02
1.260693e-02
1.260979e-02
1.261259e-02
1.261535e-02
1.261806e-02
1.262073e-02
1.262335e-02
1.262592e-02
1.262844e-02
1.263092e-02
1.263335e-02
1.263573e-02
1.263807e-02
1.264036e-02
1.264260e-02
1.264480e-02
1.264695e-02
1.264905e-02
1.265111e-02
1.265312e-02
1.265508e-02
1.265699e-02
1.265886e-02
1.266068e-02
1.266245e-02
1.266418e-02
1.266586e-02
1.266749e-02
1.266908e-02
1.267062e-02
1.267211e-02
1.267355e-02
1.267495e-02
1.267630e-02
1.267761e-02
1.267887e-02
1.268008e-02
1.268124e-02
1.268236e-02
1.268343e-02
1.268445e-02
1.268543e-02
1.268636e-02
1.268724e-02
1.268807e-02
1.268886e-02
1.268960e-02
1.269030e-02
1.269094e-02
1.269154e-02
1.269210e-02
1.269261e-02
1.269307e-02
1.269348e-02
1.269384e-02
1.269416e-02
1.269444e-02
1.269466e-02
1.269484e-02
1.269497e-02
1.269505e-02
1.269509e-02
1.269508e-02
1.269503e-02
1.269492e-02
1.269477e-02
1.269458e-02
1.269433e-02
1.269404e-02
1.269370e-02
1.269332e-02
1.269289e-02
1.269241e-02
1.269210e-02
1.269210e-02
1.269210e-02
1.269210e-02
1.269210e-02
1.269210e-02
1.269210e-02
1.269210e-02
1.269210e-02
1.269210e-02
1.269210e-02
1.269210e-02
1.269210e-02
1.269210e-02
1.269210e-02
1.269210e-02
1.269210e-02
1.269210e-02
1.269210e-02
1.269210e-02
1.269210e-02
1.269210e-02
1.269210e-02
1.269210e-02
1.269210e-02
1.269210e-02
1.269210e-02
1.269210e-02
1.269210e-02
1.269210e-02
1.269210e-02
1.269210e-02
1.269210e-02
1.269210e-02
1.269210e-02
1.269210e-02
1.269210e-02
1.269210e-02
1.269210e-02
1.269210e-02
1.269210e-02
1.269210e-02
1.269210e-02
1.269210e-02
1.269210e-02
1.269210e-02
1.269210e-02
1.269210e-02
1.269210e-02
1.269210e-02
1.269210e-02
1.269210e-02
1.269210e-02
1.269210e-02
1.269210e-02
1.269210e-02
1.269210e-02
1.269210e-02
1.269210e-02
1.269210e-02
1.269210e-02
1.269210e-02
1.269210e-02
1.269210e-02
1.269210e-02
1.269210e-02
1.269210e-02
1.269210e-02
1.269210e-02
1.269210e-02
1.269210e-02
1.269210e-02
1.269210e-02
1.269210e-02
1.269210e-02
1.269210e-02
1.269210e-02
1.269210e-02
1.269210e-02
1.269210e-02
1.269210e-02
1.269210e-02
1.269210e-02
1.269210e-02
1.269210e-02
1.269210e-02
1.269210e-02
1.269210e-02
1.269210e-02
1.269210e-02
1.269210e-02
1.269210e-02
1.269210e-02
1.269210e-02
1.269210e-02
1.269210e-02
1.269210e-02
1.269210e-02
1.269210e-02
1.269210e-02
1.269210e-02
1.269210e-02
1.269210e-02
1.269210e-02
1.269210e-02
1.269210e-02
1.269210e-02
1.269210e-02
1.269210e-02
1.269210e-02
1.269210e-02
1.269210e-02
1.269210e-02
1.269210e-02
1.269210e-02
1.269210e-02
1.269210e-02
1.269210e-02
1.269210e-02
1.269210e-02
1.269210e-02
1.269210e-02
1.269210e-02
1.269210e-02
1.269210e-02
1.269210e-02
1.269210e-02
1.269210e-02
1.269210e-02
1.269210e-02
1.269210e-02
1.269210e-02
1.269210e-02
1.269210e-02
1.269210e-02
1.269210e-02
1.269210e-02
1.269210e-02
1.269210e-02
1.269210e-02
1.269210e-02
1.269210e-02
1.269210e-02
1.269210e-02
1.269210e-02
1.269210e-02
1.269210e-02
1.269210e-02
1.269210e-02
1.269210e-02
1.269210e-02
1.269210e-02
1.269210e-02
1.269210e-02
1.269210e-02
1.269210e-02
1.269210e-02
1.269210e-02
1.269210e-02
1.269210e-02
1.269210e-02
1.269210e-02
1.269210e-02
1.269210e-02
1.269210e-02
1.269210e-02
1.269210e-02
1.269210e-02
1.269210e-02
1.269210e-02
1.269210e-02
1.269210e-02
1.269210e-02
1.269210e-02
1.269210e-02
1.269210e-02
1.269210e-02
1.269210e-02
1.269210e-02
1.269210e-02
1.269210e-02
1.269210e-02
1.269210e-02
1.269210e-02
1.269210e-02
1.269210e-02
1.269210e-02
1.269210e-02
1.269210e-02
1.269210e-02
1.269210e-02
1.269210e-02
1.269210e-02
1.269210e-02
1.269210e-02
1.269210e-02
1.269210e-02
1.269210e-02
1.269210e-02
1.269210e-02
1.269210e-02
