0.000000e+00
1.110371e-07
2.260257e-07
3.449658e-07
4.678573e-07
5.947004e-07
7.254950e-07
8.602411e-07
9.989386e-07
1.141588e-06
1.288188e-06
1.438740e-06
1.593244e-06
1.751699e-06
1.914106e-06
2.080464e-06
2.250773e-06
2.425034e-06
2.603247e-06
2.785411e-06
2.971526e-06
3.161593e-06
3.355612e-06
3.553582e-06
3.755503e-06
3.961376e-06
4.171201e-06
4.384977e-06
4.602705e-06
4.824384e-06
5.050014e-06
5.279596e-06
5.513130e-06
5.750615e-06
5.992051e-06
6.237439e-06
6.486779e-06
6.740070e-06
6.997312e-06
7.258506e-06
7.523652e-06
7.792749e-06
8.065797e-06
8.342797e-06
8.623749e-06
8.908652e-06
9.197506e-06
9.490312e-06
9.787070e-06
1.008778e-05
1.039244e-05
1.070105e-05
1.101361e-05
1.133013e-05
1.165060e-05
1.197501e-05
1.230338e-05
1.263570e-05
1.297198e-05
1.331220e-05
1.365638e-05
1.400450e-05
1.435658e-05
1.471261e-05
1.507259e-05
1.543653e-05
1.580441e-05
1.617625e-05
1.655203e-05
1.693177e-05
1.731546e-05
1.770311e-05
1.809470e-05
1.849024e-05
1.888974e-05
1.929319e-05
1.970059e-05
2.011194e-05
2.052724e-05
2.094649e-05
2.136970e-05
2.179686e-05
2.222797e-05
2.266302e-05
2.310204e-05
2.354500e-05
2.399191e-05
2.444278e-05
2.489760e-05
2.535637e-05
2.581909e-05
2.628576e-05
2.675638e-05
2.723096e-05
2.770948e-05
2.819196e-05
2.867839e-05
2.916877e-05
2.966310e-05
3.016139e-05
3.066362e-05
3.116981e-05
3.167995e-05
3.219404e-05
3.271208e-05
3.323407e-05
3.376002e-05
3.428991e-05
3.482376e-05
3.536156e-05
3.590331e-05
3.644901e-05
3.699866e-05
3.755227e-05
3.810982e-05
3.867133e-05
3.923679e-05
3.980620e-05
4.037957e-05
4.095688e-05
4.153814e-05
4.212336e-05
4.271253e-05
4.330565e-05
4.390272e-05
4.450374e-05
4.510872e-05
4.571764e-05
4.633052e-05
4.694735e-05
4.756813e-05
4.819286e-05
4.882154e-05
4.945418e-05
5.009077e-05
5.073130e-05
5.137579e-05
5.202423e-05
5.267663e-05
5.333297e-05
5.399327e-05
5.465751e-05
5.532571e-05
5.599786e-05
5.667396e-05
5.735401e-05
5.803802e-05
5.872597e-05
5.941788e-05
6.011374e-05
6.081355e-05
6.151731e-05
6.222503e-05
6.293669e-05
6.365231e-05
6.437187e-05
6.509539e-05
6.582286e-05
6.655429e-05
6.728966e-05
6.802899e-05
6.877226e-05
6.951949e-05
7.027067e-05
7.102580e-05
7.178488e-05
7.254792e-05
7.331490e-05
7.408584e-05
7.486073e-05
7.563957e-05
7.642236e-05
7.720910e-05
7.799980e-05
7.879445e-05
7.959304e-05
8.039559e-05
8.120209e-05
8.201255e-05
8.282695e-05
8.364530e-05
8.446761e-05
8.529387e-05
8.612408e-05
8.695824e-05
8.779635e-05
8.863842e-05
8.948443e-05
9.033440e-05
9.118832e-05
9.204619e-05
9.290801e-05
9.377378e-05
9.464351e-05
9.551718e-05
9.639481e-05
9.727639e-05
9.816192e-05
9.905140e-05
9.994484e-05
1.008422e-04
1.017436e-04
1.026488e-04
1.035581e-04
1.044713e-04
1.053884e-04
1.063095e-04
1.072346e-04
1.081636e-04
1.090965e-04
1.100334e-04
1.109743e-04
1.119191e-04
1.128678e-04
1.138205e-04
1.147772e-04
1.157378e-04
1.167023e-04
1.176709e-04
1.186433e-04
1.196197e-04
1.206001e-04
1.215844e-04
1.225727e-04
1.235649e-04
1.245611e-04
1.255612e-04
1.265653e-04
1.275733e-04
1.285853e-04
1.296012e-04
1.306211e-04
1.316449e-04
1.326727e-04
1.337045e-04
1.347401e-04
1.357798e-04
1.368234e-04
1.378709e-04
1.389224e-04
1.399779e-04
1.410373e-04
1.421006e-04
1.431679e-04
1.442392e-04
1.453144e-04
1.463935e-04
1.474766e-04
1.485637e-04
1.496547e-04
1.507496e-04
1.518486e-04
1.529514e-04
1.540582e-04
1.551690e-04
1.562837e-04
1.574024e-04
1.585250e-04
1.596516e-04
1.607821e-04
1.619166e-04
1.630550e-04
1.641974e-04
1.653437e-04
1.664940e-04
1.676482e-04
1.688064e-04
1.699685e-04
1.711346e-04
1.723047e-04
1.734787e-04
1.746566e-04
1.758385e-04
1.770243e-04
1.782141e-04
1.794079e-04
1.806056e-04
1.818072e-04
1.830128e-04
1.842224e-04
1.854359e-04
1.866533e-04
1.878748e-04
1.891001e-04
1.903294e-04
1.915627e-04
1.927999e-04
1.940411e-04
1.952862e-04
1.965352e-04
1.977883e-04
1.990452e-04
2.003062e-04
2.015710e-04
2.028399e-04
2.041126e-04
2.053894e-04
2.066700e-04
2.079547e-04
2.092433e-04
2.105358e-04
2.118323e-04
2.131327e-04
2.144371e-04
2.157455e-04
2.170577e-04
2.183740e-04
2.196942e-04
2.210183e-04
2.223464e-04
2.236785e-04
2.250145e-04
2.263544e-04
2.276983e-04
2.290462e-04
2.303980e-04
2.317538e-04
2.331135e-04
2.344771e-04
2.358447e-04
2.372163e-04
2.385918e-04
2.399713e-04
2.413547e-04
2.427421e-04
2.441334e-04
2.455287e-04
2.469279e-04
2.483311e-04
2.497382e-04
2.511493e-04
2.525643e-04
2.539833e-04
2.554062e-04
2.568331e-04
2.582640e-04
2.596988e-04
2.611375e-04
2.625802e-04
2.640268e-04
2.654774e-04
2.669320e-04
2.683905e-04
2.698529e-04
2.713193e-04
2.727897e-04
2.742640e-04
2.757422e-04
2.772244e-04
2.787106e-04
2.802007e-04
2.816948e-04
2.831928e-04
2.846947e-04
2.862007e-04
2.877105e-04
2.892243e-04
2.907421e-04
2.922638e-04
2.937895e-04
2.953191e-04
2.968527e-04
2.983902e-04
2.999317e-04
3.014771e-04
3.030265e-04
3.045799e-04
3.061372e-04
3.076984e-04
3.092636e-04
3.108327e-04
3.124058e-04
3.139828e-04
3.155638e-04
3.171488e-04
3.187377e-04
3.203305e-04
3.219273e-04
3.235281e-04
3.251328e-04
3.267414e-04
3.283541e-04
3.299706e-04
3.315911e-04
3.332156e-04
3.348440e-04
3.364764e-04
3.381127e-04
3.397529e-04
3.413972e-04
3.430453e-04
3.446974e-04
3.463535e-04
3.480135e-04
3.496775e-04
3.513454e-04
3.530173e-04
3.546932e-04
3.563729e-04
3.580567e-04
3.597444e-04
3.614360e-04
3.631316e-04
3.648311e-04
3.665346e-04
3.682420e-04
3.699534e-04
3.716688e-04
3.733881e-04
3.751113e-04
3.768385e-04
3.785697e-04
3.803048e-04
3.820438e-04
3.837868e-04
3.855338e-04
3.872847e-04
3.890396e-04
3.907984e-04
3.925611e-04
3.943279e-04
3.960985e-04
3.978731e-04
3.996517e-04
4.014342e-04
4.032207e-04
4.050111e-04
4.068055e-04
4.086038e-04
4.104061e-04
4.122123e-04
4.140225e-04
4.158367e-04
4.176547e-04
4.194768e-04
4.213028e-04
4.231327e-04
4.249666e-04
4.268044e-04
4.286462e-04
4.304920e-04
4.323417e-04
4.341953e-04
4.360529e-04
4.379145e-04
4.397800e-04
4.416494e-04
4.435228e-04
4.454002e-04
4.472815e-04
4.491667e-04
4.510560e-04
4.529491e-04
4.548462e-04
4.567473e-04
4.586523e-04
4.605613e-04
4.624742e-04
4.643911e-04
4.663119e-04
4.682367e-04
4.701654e-04
4.720981e-04
4.740347e-04
4.759753e-04
4.779198e-04
4.798683e-04
4.818207e-04
4.837771e-04
4.857375e-04
4.877018e-04
4.896700e-04
4.916422e-04
4.936183e-04
4.955984e-04
4.975825e-04
4.995705e-04
5.015624e-04
5.035583e-04
5.055582e-04
5.075620e-04
5.095697e-04
5.115814e-04
5.135971e-04
5.156167e-04
5.176403e-04
5.196678e-04
5.216993e-04
5.237347e-04
5.257740e-04
5.278174e-04
5.298646e-04
5.319159e-04
5.339710e-04
5.360302e-04
5.380932e-04
5.401603e-04
5.422312e-04
5.443062e-04
5.463851e-04
5.484679e-04
5.505547e-04
5.526454e-04
5.547401e-04
5.568387e-04
5.589413e-04
5.610479e-04
5.631584e-04
5.652728e-04
5.673912e-04
5.695136e-04
5.716399e-04
5.737701e-04
5.759043e-04
5.780425e-04
5.801846e-04
5.823306e-04
5.844807e-04
5.866346e-04
5.887925e-04
5.909544e-04
5.931202e-04
5.952900e-04
5.974637e-04
5.996414e-04
6.018230e-04
6.040086e-04
6.061981e-04
6.083916e-04
6.105890e-04
6.127904e-04
6.149957e-04
6.172050e-04
6.194182e-04
6.216354e-04
6.238565e-04
6.260816e-04
6.283107e-04
6.305437e-04
6.327806e-04
6.350215e-04
6.372663e-04
6.395151e-04
6.417679e-04
6.440246e-04
6.462852e-04
6.485498e-04
6.508184e-04
6.530909e-04
6.553674e-04
6.576478e-04
6.599321e-04
6.622204e-04
6.645127e-04
6.668089e-04
6.691091e-04
6.714132e-04
6.737213e-04
6.760333e-04
6.783493e-04
6.806692e-04
6.829931e-04
6.853209e-04
6.876527e-04
6.899884e-04
6.923281e-04
6.946717e-04
6.970193e-04
6.993708e-04
7.017263e-04
7.040858e-04
7.064492e-04
7.088165e-04
7.111878e-04
7.135630e-04
7.159422e-04
7.183254e-04
7.207125e-04
7.231035e-04
7.254985e-04
7.278975e-04
7.303004e-04
7.327073e-04
7.351181e-04
7.375328e-04
7.399515e-04
7.423742e-04
7.448008e-04
7.472314e-04
7.496659e-04
7.521044e-04
7.545468e-04
7.569932e-04
7.594435e-04
7.618978e-04
7.643560e-04
7.668182e-04
7.692843e-04
7.717544e-04
7.742284e-04
7.767064e-04
7.791883e-04
7.816742e-04
7.841641e-04
7.866578e-04
7.891556e-04
7.916573e-04
7.941629e-04
7.966725e-04
7.991861e-04
8.017036e-04
8.042250e-04
8.067504e-04
8.092798e-04
8.118131e-04
8.143503e-04
8.168915e-04
8.194367e-04
8.219858e-04
8.245389e-04
8.270959e-04
8.296569e-04
8.322218e-04
8.347906e-04
8.373635e-04
8.399402e-04
8.425210e-04
8.451056e-04
8.476943e-04
8.502868e-04
8.528834e-04
8.554838e-04
8.580883e-04
8.606967e-04
8.633090e-04
8.659253e-04
8.685455e-04
8.711697e-04
8.737979e-04
8.764299e-04
8.790660e-04
8.817060e-04
8.843499e-04
8.869978e-04
8.896497e-04
8.923055e-04
8.949652e-04
8.976289e-04
9.002966e-04
9.029682e-04
9.056438e-04
9.083233e-04
9.110067e-04
9.136942e-04
9.163855e-04
9.190808e-04
9.217801e-04
9.244833e-04
9.271905e-04
9.299016e-04
9.326167e-04
9.353357e-04
9.380587e-04
9.407856e-04
9.435165e-04
9.462513e-04
9.489901e-04
9.517329e-04
9.544795e-04
9.572302e-04
9.599848e-04
9.627433e-04
9.655058e-04
9.682722e-04
9.710426e-04
9.738170e-04
9.765953e-04
9.793775e-04
9.821637e-04
9.849539e-04
9.877480e-04
9.905460e-04
9.933480e-04
9.961540e-04
9.989639e-04
1.001778e-03
1.004596e-03
1.007417e-03
1.010243e-03
1.013073e-03
1.015906e-03
1.018744e-03
1.021585e-03
1.024431e-03
1.027280e-03
1.030134e-03
1.032991e-03
1.035852e-03
1.038718e-03
1.041587e-03
1.044460e-03
1.047337e-03
1.050218e-03
1.053103e-03
1.055992e-03
1.058885e-03
1.061782e-03
1.064682e-03
1.067587e-03
1.070496e-03
1.073409e-03
1.076325e-03
1.079246e-03
1.082170e-03
1.085099e-03
1.088031e-03
1.090967e-03
1.093908e-03
1.096852e-03
1.099800e-03
1.102752e-03
1.105708e-03
1.108669e-03
1.111633e-03
1.114601e-03
1.117572e-03
1.120548e-03
1.123528e-03
1.126512e-03
1.129500e-03
1.132491e-03
1.135487e-03
1.138487e-03
1.141490e-03
1.144498e-03
1.147509e-03
1.150524e-03
1.153544e-03
1.156567e-03
1.159594e-03
1.162625e-03
1.165661e-03
1.168700e-03
1.171743e-03
1.174790e-03
1.177841e-03
1.180896e-03
1.183954e-03
1.187017e-03
1.190084e-03
1.193155e-03
1.196229e-03
1.199308e-03
1.202391e-03
1.205477e-03
1.208568e-03
1.211662e-03
1.214760e-03
1.217863e-03
1.220969e-03
1.224079e-03
1.227193e-03
1.230311e-03
1.233434e-03
1.236560e-03
1.239690e-03
1.242823e-03
1.245961e-03
1.249103e-03
1.252249e-03
1.255399e-03
1.258552e-03
1.261710e-03
1.264872e-03
1.268037e-03
1.271207e-03
1.274380e-03
1.277558e-03
1.280739e-03
1.283924e-03
1.287113e-03
1.290307e-03
1.293504e-03
1.296705e-03
1.299910e-03
1.303119e-03
1.306332e-03
1.309549e-03
1.312770e-03
1.315995e-03
1.319223e-03
1.322456e-03
1.325693e-03
1.328933e-03
1.332178e-03
1.335426e-03
1.338679e-03
1.341935e-03
1.345196e-03
1.348460e-03
1.351728e-03
1.355001e-03
1.358277e-03
1.361557e-03
1.364841e-03
1.368129e-03
1.371421e-03
1.374717e-03
1.378017e-03
1.381321e-03
1.384629e-03
1.387940e-03
1.391256e-03
1.394576e-03
1.397899e-03
1.401227e-03
1.404558e-03
1.407894e-03
1.411233e-03
1.414577e-03
1.417924e-03
1.421275e-03
1.424630e-03
1.427989e-03
1.431353e-03
1.434720e-03
1.438091e-03
1.441466e-03
1.444845e-03
1.448227e-03
1.451614e-03
1.455005e-03
1.458400e-03
1.461799e-03
1.465201e-03
1.468608e-03
1.472018e-03
1.475433e-03
1.478851e-03
1.482274e-03
1.485700e-03
1.489130e-03
1.492564e-03
1.496003e-03
1.499445e-03
1.502891e-03
1.506341e-03
1.509795e-03
1.513253e-03
1.516715e-03
1.520181e-03
1.523651e-03
1.527124e-03
1.530602e-03
1.534084e-03
1.537569e-03
1.541059e-03
1.544552e-03
1.548050e-03
1.551551e-03
1.555057e-03
1.558566e-03
1.562079e-03
1.565596e-03
1.569118e-03
1.572643e-03
1.576172e-03
1.579705e-03
1.583242e-03
1.586783e-03
1.590328e-03
1.593877e-03
1.597429e-03
1.600986e-03
1.604547e-03
1.608111e-03
1.611680e-03
1.615253e-03
1.618829e-03
1.622409e-03
1.625994e-03
1.629582e-03
1.633175e-03
1.636771e-03
1.640371e-03
1.643975e-03
1.647583e-03
1.651195e-03
1.654811e-03
1.658431e-03
1.662055e-03
1.665683e-03
1.669315e-03
1.672951e-03
1.676590e-03
1.680234e-03
1.683882e-03
1.687533e-03
1.691189e-03
1.694848e-03
1.698512e-03
1.702179e-03
1.705851e-03
1.709526e-03
1.713205e-03
1.716888e-03
1.720575e-03
1.724266e-03
1.727962e-03
1.731661e-03
1.735363e-03
1.739070e-03
1.742781e-03
1.746496e-03
1.750215e-03
1.753937e-03
1.757664e-03
1.761395e-03
1.765129e-03
1.768868e-03
1.772610e-03
1.776357e-03
1.780107e-03
1.783861e-03
1.787620e-03
1.791382e-03
1.795148e-03
1.798918e-03
1.802692e-03
1.806470e-03
1.810252e-03
1.814038e-03
1.817828e-03
1.821622e-03
1.825420e-03
1.829221e-03
1.833027e-03
1.836837e-03
1.840650e-03
1.844468e-03
1.848289e-03
1.852115e-03
1.855944e-03
1.859778e-03
1.863615e-03
1.867456e-03
1.871301e-03
1.875150e-03
1.879004e-03
1.882861e-03
1.886722e-03
1.890587e-03
1.894455e-03
1.898328e-03
1.902205e-03
1.906086e-03
1.909971e-03
1.913859e-03
1.917752e-03
1.921649e-03
1.925549e-03
1.929454e-03
1.933362e-03
1.937274e-03
1.941191e-03
1.945111e-03
1.949035e-03
1.952963e-03
1.956895e-03
1.960832e-03
1.964772e-03
1.968716e-03
1.972664e-03
1.976615e-03
1.980571e-03
1.984531e-03
1.988495e-03
1.992463e-03
1.996434e-03
2.000410e-03
2.004389e-03
2.008373e-03
2.012360e-03
2.016352e-03
2.020347e-03
2.024346e-03
2.028350e-03
2.032357e-03
2.036368e-03
2.040383e-03
2.044402e-03
2.048425e-03
2.052452e-03
2.056483e-03
2.060518e-03
2.064557e-03
2.068600e-03
2.072646e-03
2.076697e-03
2.080752e-03
2.084810e-03
2.088873e-03
2.092939e-03
2.097010e-03
2.101084e-03
2.105162e-03
2.109245e-03
2.113331e-03
2.117421e-03
2.121515e-03
2.125613e-03
2.129715e-03
2.133821e-03
2.137931e-03
2.142045e-03
2.146163e-03
2.150285e-03
2.154411e-03
2.158540e-03
2.162674e-03
2.166812e-03
2.170953e-03
2.175099e-03
2.179248e-03
2.183402e-03
2.187559e-03
2.191720e-03
2.195886e-03
2.200055e-03
2.204228e-03
2.208405e-03
2.212586e-03
2.216771e-03
2.220960e-03
2.225153e-03
2.229350e-03
2.233551e-03
2.237756e-03
2.241964e-03
2.246177e-03
2.250394e-03
2.254614e-03
2.258839e-03
2.263067e-03
2.267300e-03
2.271536e-03
2.275777e-03
2.280021e-03
2.284269e-03
2.288521e-03
2.292778e-03
2.297038e-03
2.301302e-03
2.305570e-03
2.309842e-03
2.314118e-03
2.318397e-03
2.322681e-03
2.326969e-03
2.331261e-03
2.335556e-03
2.339856e-03
2.344160e-03
2.348467e-03
2.352779e-03
2.357094e-03
2.361413e-03
2.365737e-03
2.370064e-03
2.374395e-03
2.378731e-03
2.383070e-03
2.387413e-03
2.391760e-03
2.396111e-03
2.400466e-03
2.404825e-03
2.409187e-03
2.413554e-03
2.417925e-03
2.422300e-03
2.426678e-03
2.431061e-03
2.435448e-03
2.439838e-03
2.444233e-03
2.448631e-03
2.453033e-03
2.457440e-03
2.461850e-03
2.466264e-03
2.470682e-03
2.475104e-03
2.479530e-03
2.483960e-03
2.488394e-03
2.492832e-03
2.497274e-03
2.501720e-03
2.506170e-03
2.510624e-03
2.515081e-03
2.519543e-03
2.524009e-03
2.528478e-03
2.532952e-03
2.537429e-03
2.541910e-03
2.546396e-03
2.550885e-03
2.555378e-03
2.559875e-03
2.564377e-03
2.568882e-03
2.573391e-03
2.577904e-03
2.582421e-03
2.586942e-03
2.591467e-03
2.595995e-03
2.600528e-03
2.605065e-03
2.609605e-03
2.614150e-03
2.618699e-03
2.623251e-03
2.627808e-03
2.632368e-03
2.636932e-03
2.641501e-03
2.646073e-03
2.650649e-03
2.655229e-03
2.659814e-03
2.664402e-03
2.668994e-03
2.673590e-03
2.678190e-03
2.682794e-03
2.687401e-03
2.692013e-03
2.696629e-03
2.701249e-03
2.705872e-03
2.710500e-03
2.715131e-03
2.719767e-03
2.724406e-03
2.729050e-03
2.733697e-03
2.738348e-03
2.743004e-03
2.747663e-03
2.752326e-03
2.756993e-03
2.761664e-03
2.766339e-03
2.771018e-03
2.775701e-03
2.780388e-03
2.785079e-03
2.789774e-03
2.794472e-03
2.799175e-03
2.803882e-03
2.808592e-03
2.813307e-03
2.818025e-03
2.822748e-03
2.827474e-03
2.832204e-03
2.836939e-03
2.841677e-03
2.846419e-03
2.851165e-03
2.855915e-03
2.860669e-03
2.865427e-03
2.870189e-03
2.874955e-03
2.879725e-03
2.884499e-03
2.889277e-03
2.894058e-03
2.898844e-03
2.903634e-03
2.908427e-03
2.913225e-03
2.918026e-03
2.922832e-03
2.927641e-03
2.932454e-03
2.937272e-03
2.942093e-03
2.946918e-03
2.951747e-03
2.956580e-03
2.961417e-03
2.966258e-03
2.971103e-03
2.975952e-03
2.980805e-03
2.985662e-03
2.990522e-03
2.995387e-03
3.000256e-03
3.005128e-03
3.010005e-03
3.014885e-03
3.019770e-03
3.024658e-03
3.029550e-03
3.034447e-03
3.039347e-03
3.044251e-03
3.049159e-03
3.054072e-03
3.058988e-03
3.063908e-03
3.068832e-03
3.073759e-03
3.078691e-03
3.083627e-03
3.088567e-03
3.093511e-03
3.098458e-03
3.103410e-03
3.108365e-03
3.113325e-03
3.118288e-03
3.123256e-03
3.128227e-03
3.133203e-03
3.138182e-03
3.143165e-03
3.148152e-03
3.153143e-03
3.158139e-03
3.163138e-03
3.168141e-03
3.173148e-03
3.178158e-03
3.183173e-03
3.188192e-03
3.193215e-03
3.198242e-03
3.203272e-03
3.208307e-03
3.213345e-03
3.218388e-03
3.223434e-03
3.228485e-03
3.233539e-03
3.238597e-03
3.243660e-03
3.248726e-03
3.253796e-03
3.258870e-03
3.263948e-03
3.269030e-03
3.274116e-03
3.279206e-03
3.284300e-03
3.289398e-03
3.294500e-03
3.299605e-03
3.304715e-03
3.309829e-03
3.314946e-03
3.320068e-03
3.325193e-03
3.330323e-03
3.335456e-03
3.340593e-03
3.345735e-03
3.350880e-03
3.356029e-03
3.361182e-03
3.366339e-03
3.371500e-03
3.376665e-03
3.381834e-03
3.387007e-03
3.392184e-03
3.397365e-03
3.402550e-03
3.407738e-03
3.412931e-03
3.418128e-03
3.423328e-03
3.428533e-03
3.433741e-03
3.438954e-03
3.444170e-03
3.449390e-03
3.454615e-03
3.459843e-03
3.465075e-03
3.470311e-03
3.475551e-03
3.480795e-03
3.486043e-03
3.491295e-03
3.496551e-03
3.501811e-03
3.507075e-03
3.512343e-03
3.517614e-03
3.522890e-03
3.528169e-03
3.533453e-03
3.538740e-03
3.544032e-03
3.549327e-03
3.554627e-03
3.559930e-03
3.565237e-03
3.570548e-03
3.575864e-03
3.581183e-03
3.586506e-03
3.591833e-03
3.597164e-03
3.602499e-03
3.607838e-03
3.613180e-03
3.618527e-03
3.623878e-03
3.629233e-03
3.634591e-03
3.639954e-03
3.645320e-03
3.650691e-03
3.656065e-03
3.661444e-03
3.666826e-03
3.672212e-03
3.677602e-03
3.682997e-03
3.688395e-03
3.693797e-03
3.699203e-03
3.704613e-03
3.710027e-03
3.715445e-03
3.720867e-03
3.726292e-03
3.731722e-03
3.737156e-03
3.742594e-03
3.748035e-03
3.753481e-03
3.758930e-03
3.764384e-03
3.769841e-03
3.775302e-03
3.780768e-03
3.786237e-03
3.791710e-03
3.797187e-03
3.802669e-03
3.808154e-03
3.813643e-03
3.819136e-03
3.824633e-03
3.830133e-03
3.835638e-03
3.841147e-03
3.846660e-03
3.852176e-03
3.857697e-03
3.863222e-03
3.868750e-03
3.874283e-03
3.879819e-03
3.885360e-03
3.890904e-03
3.896452e-03
3.902004e-03
3.907561e-03
3.913121e-03
3.918685e-03
3.924253e-03
3.929825e-03
3.935401e-03
3.940981e-03
3.946565e-03
3.952152e-03
3.957744e-03
3.963340e-03
3.968940e-03
3.974543e-03
3.980151e-03
3.985762e-03
3.991378e-03
3.996997e-03
4.002621e-03
4.008248e-03
4.013879e-03
4.019514e-03
4.025154e-03
4.030797e-03
4.036444e-03
4.042095e-03
4.047750e-03
4.053409e-03
4.059072e-03
4.064739e-03
4.070409e-03
4.076084e-03
4.081763e-03
4.087445e-03
4.093132e-03
4.098823e-03
4.104517e-03
4.110216e-03
4.115918e-03
4.121624e-03
4.127335e-03
4.133049e-03
4.138767e-03
4.144489e-03
4.150215e-03
4.155945e-03
4.161679e-03
4.167417e-03
4.173159e-03
4.178905e-03
4.184655e-03
4.190409e-03
4.196167e-03
4.201928e-03
4.207694e-03
4.213463e-03
4.219237e-03
4.225014e-03
4.230796e-03
4.236581e-03
4.242371e-03
4.248164e-03
4.253961e-03
4.259762e-03
4.265568e-03
4.271377e-03
4.277190e-03
4.283007e-03
4.288828e-03
4.294653e-03
4.300481e-03
4.306314e-03
4.312151e-03
4.317992e-03
4.323836e-03
4.329685e-03
4.335537e-03
4.341394e-03
4.347254e-03
4.353119e-03
4.358987e-03
4.364860e-03
4.370736e-03
4.376616e-03
4.382500e-03
4.388388e-03
4.394280e-03
4.400176e-03
4.406076e-03
4.411980e-03
4.417888e-03
4.423800e-03
4.429716e-03
4.435636e-03
4.441559e-03
4.447487e-03
4.453419e-03
4.459354e-03
4.465294e-03
4.471237e-03
4.477184e-03
4.483136e-03
4.489091e-03
4.495050e-03
4.501014e-03
4.506981e-03
4.512952e-03
4.518927e-03
4.524906e-03
4.530889e-03
4.536876e-03
4.542867e-03
4.548861e-03
4.554860e-03
4.560863e-03
4.566870e-03
4.572880e-03
4.578895e-03
4.584913e-03
4.590936e-03
4.596962e-03
4.602993e-03
4.608362e-03
4.613712e-03
4.619042e-03
4.624353e-03
4.629644e-03
4.634915e-03
4.640166e-03
4.645398e-03
4.650610e-03
4.655802e-03
4.660974e-03
4.666127e-03
4.671260e-03
4.676374e-03
4.681467e-03
4.686541e-03
4.691596e-03
4.696630e-03
4.701645e-03
4.706640e-03
4.711616e-03
4.716572e-03
4.721508e-03
4.726424e-03
4.731321e-03
4.736198e-03
4.741055e-03
4.745893e-03
4.750710e-03
4.755509e-03
4.760287e-03
4.765046e-03
4.769785e-03
4.774504e-03
4.779204e-03
4.783884e-03
4.788544e-03
4.793184e-03
4.797805e-03
4.802406e-03
4.806988e-03
4.811549e-03
4.816091e-03
4.820613e-03
4.825116e-03
4.829599e-03
4.834062e-03
4.838506e-03
4.842929e-03
4.847333e-03
4.851718e-03
4.856082e-03
4.860427e-03
4.864752e-03
4.869058e-03
4.873344e-03
4.877610e-03
4.881856e-03
4.886083e-03
4.890290e-03
4.894477e-03
4.898645e-03
4.902793e-03
4.906921e-03
4.911029e-03
4.915118e-03
4.919187e-03
4.923236e-03
4.927266e-03
4.931276e-03
4.935266e-03
4.939237e-03
4.943188e-03
4.947119e-03
4.951030e-03
4.954922e-03
4.958794e-03
4.962646e-03
4.966479e-03
4.970292e-03
4.974085e-03
4.977858e-03
4.981612e-03
4.985346e-03
4.989061e-03
4.992755e-03
4.996430e-03
5.000085e-03
5.003721e-03
5.007337e-03
5.010933e-03
5.014509e-03
5.018066e-03
5.021603e-03
5.025121e-03
5.028618e-03
5.032096e-03
5.035554e-03
5.038993e-03
5.042412e-03
5.045811e-03
5.049190e-03
5.052550e-03
5.055890e-03
5.059210e-03
5.062510e-03
5.065791e-03
5.069052e-03
5.072294e-03
5.075516e-03
5.078718e-03
5.081900e-03
5.085063e-03
5.088206e-03
5.091329e-03
5.094432e-03
5.097516e-03
5.100580e-03
5.103625e-03
5.106649e-03
5.109654e-03
5.112640e-03
5.115605e-03
5.118551e-03
5.121477e-03
5.124384e-03
5.127270e-03
5.130137e-03
5.132985e-03
5.135812e-03
5.138620e-03
5.141409e-03
5.144177e-03
5.146926e-03
5.149655e-03
5.152365e-03
5.155054e-03
5.157724e-03
5.160375e-03
5.163005e-03
5.165616e-03
5.168207e-03
5.170779e-03
5.173330e-03
5.175863e-03
5.178375e-03
5.180868e-03
5.183341e-03
5.185794e-03
5.188227e-03
5.190641e-03
5.193035e-03
5.195410e-03
5.197764e-03
5.200099e-03
5.202415e-03
5.204710e-03
5.206986e-03
5.209242e-03
5.211479e-03
5.213696e-03
5.215893e-03
5.218070e-03
5.220228e-03
5.222366e-03
5.224484e-03
5.226583e-03
5.228662e-03
5.230721e-03
5.232760e-03
5.234780e-03
5.236780e-03
5.238760e-03
5.240721e-03
5.242662e-03
5.244583e-03
5.246484e-03
5.248366e-03
5.250228e-03
5.252071e-03
5.253893e-03
5.255696e-03
5.257480e-03
5.259243e-03
5.260987e-03
5.262711e-03
5.264416e-03
5.266101e-03
5.267766e-03
5.269411e-03
5.271037e-03
5.272643e-03
5.274229e-03
5.275795e-03
5.277342e-03
5.278869e-03
5.280377e-03
5.281864e-03
5.283332e-03
5.284781e-03
5.286209e-03
5.287618e-03
5.289007e-03
5.290377e-03
5.291727e-03
5.293057e-03
5.294367e-03
5.295658e-03
5.296929e-03
5.298180e-03
5.299411e-03
5.300623e-03
5.301815e-03
5.302988e-03
5.304140e-03
5.305273e-03
5.306387e-03
5.307480e-03
5.308554e-03
5.309608e-03
5.310643e-03
5.311658e-03
5.312653e-03
5.313628e-03
5.314584e-03
5.315520e-03
5.316436e-03
5.317333e-03
5.318210e-03
5.319067e-03
5.319904e-03
5.320722e-03
5.321520e-03
5.322298e-03
5.323057e-03
5.323796e-03
5.324515e-03
5.325214e-03
5.325894e-03
5.326554e-03
5.327195e-03
5.327815e-03
5.328416e-03
5.328998e-03
5.329559e-03
5.330101e-03
5.330623e-03
5.331126e-03
5.331608e-03
5.332072e-03
5.332515e-03
5.332939e-03
5.333342e-03
5.333727e-03
5.334091e-03
5.334436e-03
5.334761e-03
5.335067e-03
5.335352e-03
5.335618e-03
5.335865e-03
5.336091e-03
5.336298e-03
5.336485e-03
5.336653e-03
5.336800e-03
5.336928e-03
5.337037e-03
5.337125e-03
5.337194e-03
5.337244e-03
5.337273e-03
5.337283e-03
5.337273e-03
5.337244e-03
5.337194e-03
5.337125e-03
5.337037e-03
5.336928e-03
5.336800e-03
5.336652e-03
5.336485e-03
5.336298e-03
5.336091e-03
5.335864e-03
5.335618e-03
5.335352e-03
5.335066e-03
5.334760e-03
5.334435e-03
5.334090e-03
5.333726e-03
5.333342e-03
5.332938e-03
5.332514e-03
5.332071e-03
5.331607e-03
5.331125e-03
5.330622e-03
5.330100e-03
5.329780e-03
5.329780e-03
5.329780e-03
5.329780e-03
5.329780e-03
5.329780e-03
5.329780e-03
5.329780e-03
5.329780e-03
5.329780e-03
5.329780e-03
5.329780e-03
5.329780e-03
5.329780e-03
5.329780e-03
5.329780e-03
5.329780e-03
5.329780e-03
5.329780e-03
5.329780e-03
5.329780e-03
5.329780e-03
5.329780e-03
5.329780e-03
5.329780e-03
5.329780e-03
5.329780e-03
5.329780e-03
5.329780e-03
5.329780e-03
5.329780e-03
5.329780e-03
5.329780e-03
5.329780e-03
5.329780e-03
5.329780e-03
5.329780e-03
5.329780e-03
5.329780e-03
5.329780e-03
5.329780e-03
5.329780e-03
5.329780e-03
5.329780e-03
5.329780e-03
5.329780e-03
5.329780e-03
5.329780e-03
5.329780e-03
5.329780e-03
5.329780e-03
5.329780e-03
5.329780e-03
5.329780e-03
5.329780e-03
5.329780e-03
5.329780e-03
5.329780e-03
5.329780e-03
5.329780e-03
5.329780e-03
5.329780e-03
5.329780e-03
5.329780e-03
5.329780e-03
5.329780e-03
5.329780e-03
5.329780e-03
5.329780e-03
5.329780e-03
5.329780e-03
5.329780e-03
5.329780e-03
5.329780e-03
5.329780e-03
5.329780e-03
5.329780e-03
5.329780e-03
5.329780e-03
5.329780e-03
5.329780e-03
5.329780e-03
5.329780e-03
5.329780e-03
5.329780e-03
5.329780e-03
5.329780e-03
5.329780e-03
5.329780e-03
5.329780e-03
5.329780e-03
5.329780e-03
5.329780e-03
5.329780e-03
5.329780e-03
5.329780e-03
5.329780e-03
5.329780e-03
5.329780e-03
5.329780e-03
5.329780e-03
5.329780e-03
5.329780e-03
5.329780e-03
5.329780e-03
5.329780e-03
5.329780e-03
5.329780e-03
5.329780e-03
5.329780e-03
5.329780e-03
5.329780e-03
5.329780e-03
5.329780e-03
5.329780e-03
5.329780e-03
5.329780e-03
5.329780e-03
5.329780e-03
5.329780e-03
5.329780e-03
5.329780e-03
5.329780e-03
5.329780e-03
5.329780e-03
5.329780e-03
5.329780e-03
5.329780e-03
5.329780e-03
5.329780e-03
5.329780e-03
5.329780e-03
5.329780e-03
5.329780e-03
5.329780e-03
5.329780e-03
5.329780e-03
5.329780e-03
5.329780e-03
5.329780e-03
5.329780e-03
5.329780e-03
5.329780e-03
5.329780e-03
5.329780e-03
5.329780e-03
5.329780e-03
5.329780e-03
5.329780e-03
5.329780e-03
5.329780e-03
5.329780e-03
5.329780e-03
5.329780e-03
5.329780e-03
5.329780e-03
5.329780e-03
5.329780e-03
5.329780e-03
5.329780e-03
5.329780e-03
5.329780e-03
5.329780e-03
5.329780e-03
5.329780e-03
5.329780e-03
5.329780e-03
5.329780e-03
5.329780e-03
5.329780e-03
5.329780e-03
5.329780e-03
5.329780e-03
5.329780e-03
5.329780e-03
5.329780e-03
5.329780e-03
5.329780e-03
5.329780e-03
5.329780e-03
5.329780e-03
5.329780e-03
5.329780e-03
5.329780e-03
5.329780e-03
5.329780e-03
5.329780e-03
5.329780e-03
5.329780e-03
5.329780e-03
5.329780e-03
5.329780e-03
5.329780e-03
5.329780e-03
5.329780e-03
5.329780e-03
5.329780e-03
5.329780e-03
5.329780e-03
5.329780e-03
5.329780e-03
