0.000000e+00
1.110371e-07
2.264630e-07
3.462777e-07
4.704813e-07
5.990736e-07
7.320548e-07
8.694248e-07
1.011184e-06
1.157331e-06
1.307868e-06
1.462793e-06
1.622107e-06
1.785810e-06
1.953902e-06
2.126382e-06
2.303251e-06
2.484510e-06
2.670157e-06
2.860192e-06
3.054617e-06
3.253431e-06
3.456633e-06
3.664224e-06
3.876204e-06
4.092572e-06
4.313330e-06
4.538476e-06
4.768011e-06
5.001935e-06
5.240248e-06
5.482950e-06
5.730040e-06
5.981520e-06
6.237388e-06
6.497645e-06
6.762290e-06
7.031325e-06
7.304748e-06
7.582560e-06
7.864761e-06
8.151351e-06
8.442330e-06
8.737697e-06
9.037453e-06
9.341598e-06
9.650132e-06
9.963055e-06
1.028037e-05
1.060207e-05
1.092816e-05
1.125863e-05
1.159350e-05
1.193276e-05
1.227640e-05
1.262443e-05
1.297686e-05
1.333367e-05
1.369487e-05
1.406046e-05
1.443043e-05
1.480480e-05
1.518355e-05
1.556670e-05
1.595423e-05
1.634615e-05
1.674246e-05
1.714316e-05
1.754825e-05
1.795773e-05
1.837159e-05
1.878984e-05
1.921249e-05
1.963952e-05
2.007094e-05
2.050675e-05
2.094695e-05
2.139154e-05
2.184051e-05
2.229388e-05
2.275163e-05
2.321377e-05
2.368030e-05
2.415122e-05
2.462653e-05
2.510623e-05
2.559032e-05
2.607879e-05
2.657166e-05
2.706891e-05
2.757055e-05
2.807658e-05
2.858700e-05
2.910181e-05
2.962101e-05
3.014459e-05
3.067257e-05
3.120493e-05
3.174168e-05
3.228283e-05
3.282836e-05
3.337827e-05
3.393258e-05
3.449128e-05
3.505436e-05
3.562184e-05
3.619370e-05
3.676995e-05
3.735059e-05
3.793562e-05
3.852504e-05
3.911885e-05
3.971704e-05
4.031963e-05
4.092660e-05
4.153796e-05
4.215372e-05
4.277386e-05
4.339838e-05
4.402730e-05
4.466061e-05
4.529830e-05
4.594039e-05
4.658686e-05
4.723772e-05
4.789297e-05
4.855261e-05
4.921664e-05
4.988506e-05
5.055786e-05
5.123506e-05
5.191664e-05
5.260261e-05
5.329297e-05
5.398772e-05
5.468686e-05
5.539039e-05
5.609831e-05
5.681061e-05
5.752731e-05
5.824839e-05
5.897386e-05
5.970372e-05
6.043797e-05
6.117661e-05
6.191963e-05
6.266705e-05
6.341885e-05
6.417505e-05
6.493563e-05
6.570060e-05
6.646996e-05
6.724371e-05
6.802185e-05
6.880437e-05
6.959129e-05
7.038259e-05
7.117828e-05
7.197836e-05
7.278284e-05
7.359169e-05
7.440494e-05
7.522258e-05
7.604460e-05
7.687102e-05
7.770182e-05
7.853701e-05
7.937659e-05
8.022056e-05
8.106892e-05
8.192167e-05
8.277881e-05
8.364033e-05
8.450624e-05
8.537655e-05
8.625124e-05
8.713032e-05
8.801379e-05
8.890165e-05
8.979389e-05
9.069053e-05
9.159155e-05
9.249697e-05
9.340677e-05
9.432096e-05
9.523954e-05
9.616251e-05
9.708986e-05
9.802161e-05
9.895774e-05
9.989827e-05
1.008432e-04
1.017925e-04
1.027462e-04
1.037042e-04
1.046667e-04
1.056336e-04
1.066048e-04
1.075805e-04
1.085605e-04
1.095449e-04
1.105337e-04
1.115269e-04
1.125245e-04
1.135264e-04
1.145328e-04
1.155435e-04
1.165587e-04
1.175782e-04
1.186021e-04
1.196304e-04
1.206631e-04
1.217002e-04
1.227416e-04
1.237875e-04
1.248377e-04
1.258924e-04
1.269514e-04
1.280148e-04
1.290826e-04
1.301548e-04
1.312314e-04
1.323123e-04
1.333977e-04
1.344874e-04
1.355815e-04
1.366801e-04
1.377830e-04
1.388903e-04
1.400020e-04
1.411180e-04
1.422385e-04
1.433634e-04
1.444926e-04
1.456262e-04
1.467643e-04
1.479067e-04
1.490535e-04
1.502047e-04
1.513602e-04
1.525202e-04
1.536845e-04
1.548533e-04
1.560264e-04
1.572039e-04
1.583858e-04
1.595721e-04
1.607628e-04
1.619579e-04
1.631574e-04
1.643612e-04
1.655695e-04
1.667821e-04
1.679991e-04
1.692205e-04
1.704463e-04
1.716765e-04
1.729111e-04
1.741500e-04
1.753934e-04
1.766411e-04
1.778933e-04
1.791498e-04
1.804107e-04
1.816760e-04
1.829457e-04
1.842197e-04
1.854982e-04
1.867811e-04
1.880683e-04
1.893599e-04
1.906559e-04
1.919564e-04
1.932611e-04
1.945703e-04
1.958839e-04
1.972019e-04
1.985242e-04
1.998510e-04
2.011821e-04
2.025176e-04
2.038575e-04
2.052018e-04
2.065505e-04
2.079036e-04
2.092610e-04
2.106229e-04
2.119891e-04
2.133597e-04
2.147348e-04
2.161142e-04
2.174980e-04
2.188861e-04
2.202787e-04
2.216757e-04
2.230770e-04
2.244828e-04
2.258929e-04
2.273074e-04
2.287263e-04
2.301496e-04
2.315773e-04
2.330094e-04
2.344458e-04
2.358867e-04
2.373319e-04
2.387815e-04
2.402355e-04
2.416939e-04
2.431567e-04
2.446239e-04
2.460955e-04
2.475714e-04
2.490518e-04
2.505365e-04
2.520257e-04
2.535192e-04
2.550171e-04
2.565194e-04
2.580261e-04
2.595371e-04
2.610526e-04
2.625724e-04
2.640967e-04
2.656253e-04
2.671583e-04
2.686957e-04
2.702375e-04
2.717837e-04
2.733342e-04
2.748892e-04
2.764486e-04
2.780123e-04
2.795804e-04
2.811529e-04
2.827298e-04
2.843111e-04
2.858968e-04
2.874869e-04
2.890813e-04
2.906802e-04
2.922834e-04
2.938910e-04
2.955030e-04
2.971194e-04
2.987402e-04
3.003654e-04
3.019950e-04
3.036289e-04
3.052673e-04
3.069100e-04
3.085571e-04
3.102087e-04
3.118646e-04
3.135248e-04
3.151895e-04
3.168586e-04
3.185320e-04
3.202099e-04
3.218921e-04
3.235787e-04
3.252698e-04
3.269652e-04
3.286649e-04
3.303691e-04
3.320777e-04
3.337906e-04
3.355080e-04
3.372297e-04
3.389558e-04
3.406864e-04
3.424213e-04
3.441605e-04
3.459042e-04
3.476523e-04
3.494047e-04
3.511616e-04
3.529228e-04
3.546884e-04
3.564585e-04
3.582329e-04
3.600116e-04
3.617948e-04
3.635824e-04
3.653743e-04
3.671707e-04
3.689714e-04
3.707765e-04
3.725860e-04
3.743999e-04
3.762182e-04
3.780409e-04
3.798680e-04
3.816994e-04
3.835353e-04
3.853755e-04
3.872201e-04
3.890691e-04
3.909225e-04
3.927803e-04
3.946425e-04
3.965090e-04
3.983800e-04
4.002553e-04
4.021351e-04
4.040192e-04
4.059077e-04
4.078006e-04
4.096979e-04
4.115996e-04
4.135056e-04
4.154161e-04
4.173309e-04
4.192501e-04
4.211738e-04
4.231018e-04
4.250342e-04
4.269710e-04
4.289121e-04
4.308577e-04
4.328076e-04
4.347620e-04
4.367207e-04
4.386838e-04
4.406513e-04
4.426232e-04
4.445995e-04
4.465802e-04
4.485653e-04
4.505547e-04
4.525485e-04
4.545468e-04
4.565494e-04
4.585564e-04
4.605678e-04
4.625836e-04
4.646037e-04
4.666283e-04
4.686573e-04
4.706906e-04
4.727283e-04
4.747704e-04
4.768169e-04
4.788678e-04
4.809231e-04
4.829828e-04
4.850469e-04
4.871153e-04
4.891881e-04
4.912654e-04
4.933470e-04
4.954330e-04
4.975234e-04
4.996182e-04
5.017173e-04
5.038209e-04
5.059289e-04
5.080412e-04
5.101579e-04
5.122790e-04
5.144045e-04
5.165344e-04
5.186687e-04
5.208074e-04
5.229504e-04
5.250979e-04
5.272497e-04
5.294060e-04
5.315666e-04
5.337316e-04
5.359010e-04
5.380747e-04
5.402529e-04
5.424355e-04
5.446224e-04
5.468138e-04
5.490095e-04
5.512096e-04
5.534141e-04
5.556230e-04
5.578363e-04
5.600539e-04
5.622760e-04
5.645025e-04
5.667333e-04
5.689685e-04
5.712081e-04
5.734521e-04
5.757005e-04
5.779533e-04
5.802105e-04
5.824720e-04
5.847380e-04
5.870083e-04
5.892830e-04
5.915621e-04
5.938456e-04
5.961335e-04
5.984258e-04
6.007225e-04
6.030235e-04
6.053290e-04
6.076388e-04
6.099530e-04
6.122717e-04
6.145947e-04
6.169221e-04
6.192538e-04
6.215900e-04
6.239306e-04
6.262755e-04
6.286248e-04
6.309786e-04
6.333367e-04
6.356992e-04
6.380661e-04
6.404373e-04
6.428130e-04
6.451931e-04
6.475775e-04
6.499663e-04
6.523596e-04
6.547572e-04
6.571592e-04
6.595656e-04
6.619763e-04
6.643915e-04
6.668111e-04
6.692350e-04
6.716633e-04
6.740961e-04
6.765332e-04
6.789747e-04
6.814206e-04
6.838708e-04
6.863255e-04
6.887846e-04
6.912480e-04
6.937158e-04
6.961880e-04
6.986647e-04
7.011457e-04
7.036310e-04
7.061208e-04
7.086150e-04
7.111135e-04
7.136165e-04
7.161238e-04
7.186355e-04
7.211516e-04
7.236721e-04
7.261970e-04
7.287263e-04
7.312600e-04
7.337980e-04
7.363405e-04
7.388873e-04
7.414385e-04
7.439941e-04
7.465541e-04
7.491185e-04
7.516873e-04
7.542604e-04
7.568380e-04
7.594199e-04
7.620063e-04
7.645970e-04
7.671921e-04
7.697916e-04
7.723955e-04
7.750038e-04
7.776164e-04
7.802335e-04
7.828549e-04
7.854807e-04
7.881110e-04
7.907456e-04
7.933846e-04
7.960279e-04
7.986757e-04
8.013279e-04
8.039844e-04
8.066454e-04
8.093107e-04
8.119804e-04
8.146545e-04
8.173330e-04
8.200159e-04
8.227032e-04
8.253948e-04
8.280909e-04
8.307913e-04
8.334962e-04
8.362054e-04
8.389190e-04
8.416370e-04
8.443594e-04
8.470861e-04
8.498173e-04
8.525528e-04
8.552928e-04
8.580371e-04
8.607858e-04
8.635389e-04
8.662964e-04
8.690583e-04
8.718246e-04
8.745952e-04
8.773703e-04
8.801497e-04
8.829336e-04
8.857218e-04
8.885144e-04
8.913114e-04
8.941128e-04
8.969185e-04
8.997287e-04
9.025432e-04
9.053622e-04
9.081855e-04
9.110132e-04
9.138453e-04
9.166818e-04
9.195227e-04
9.223680e-04
9.252176e-04
9.280717e-04
9.309301e-04
9.337929e-04
9.366601e-04
9.395317e-04
9.424077e-04
9.452881e-04
9.481729e-04
9.510620e-04
9.539556e-04
9.568535e-04
9.597559e-04
9.626626e-04
9.655737e-04
9.684892e-04
9.714090e-04
9.743333e-04
9.772620e-04
9.801950e-04
9.831325e-04
9.860743e-04
9.890205e-04
9.919711e-04
9.949261e-04
9.978855e-04
1.000849e-03
1.003817e-03
1.006790e-03
1.009767e-03
1.012748e-03
1.015734e-03
1.018724e-03
1.021719e-03
1.024717e-03
1.027721e-03
1.030728e-03
1.033740e-03
1.036757e-03
1.039778e-03
1.042803e-03
1.045832e-03
1.048866e-03
1.051905e-03
1.054948e-03
1.057995e-03
1.061046e-03
1.064102e-03
1.067163e-03
1.070227e-03
1.073296e-03
1.076370e-03
1.079448e-03
1.082530e-03
1.085617e-03
1.088708e-03
1.091803e-03
1.094903e-03
1.098007e-03
1.101116e-03
1.104229e-03
1.107346e-03
1.110468e-03
1.113594e-03
1.116725e-03
1.119859e-03
1.122999e-03
1.126143e-03
1.129291e-03
1.132443e-03
1.135600e-03
1.138761e-03
1.141927e-03
1.145097e-03
1.148271e-03
1.151450e-03
1.154633e-03
1.157821e-03
1.161013e-03
1.164209e-03
1.167410e-03
1.170615e-03
1.173825e-03
1.177039e-03
1.180257e-03
1.183480e-03
1.186707e-03
1.189938e-03
1.193174e-03
1.196415e-03
1.199659e-03
1.202908e-03
1.206162e-03
1.209419e-03
1.212682e-03
1.215948e-03
1.219219e-03
1.222495e-03
1.225774e-03
1.229059e-03
1.232347e-03
1.235640e-03
1.238937e-03
1.242239e-03
1.245545e-03
1.248856e-03
1.252170e-03
1.255490e-03
1.258813e-03
1.262141e-03
1.265474e-03
1.268811e-03
1.272152e-03
1.275497e-03
1.278847e-03
1.282202e-03
1.285561e-03
1.288924e-03
1.292291e-03
1.295663e-03
1.299040e-03
1.302420e-03
1.305805e-03
1.309195e-03
1.312589e-03
1.315987e-03
1.319390e-03
1.322797e-03
1.326208e-03
1.329624e-03
1.333044e-03
1.336469e-03
1.339898e-03
1.343331e-03
1.346769e-03
1.350211e-03
1.353658e-03
1.357108e-03
1.360564e-03
1.364023e-03
1.367488e-03
1.370956e-03
1.374429e-03
1.377906e-03
1.381388e-03
1.384874e-03
1.388364e-03
1.391859e-03
1.395358e-03
1.398862e-03
1.402370e-03
1.405882e-03
1.409399e-03
1.412920e-03
1.416446e-03
1.419976e-03
1.423510e-03
1.427049e-03
1.430592e-03
1.434139e-03
1.437691e-03
1.441247e-03
1.444808e-03
1.448373e-03
1.451942e-03
1.455516e-03
1.459094e-03
1.462677e-03
1.466264e-03
1.469855e-03
1.473451e-03
1.477051e-03
1.480656e-03
1.484265e-03
1.487878e-03
1.491496e-03
1.495118e-03
1.498744e-03
1.502375e-03
1.506010e-03
1.509650e-03
1.513294e-03
1.516943e-03
1.520595e-03
1.524253e-03
1.527914e-03
1.531580e-03
1.535251e-03
1.538925e-03
1.542604e-03
1.546288e-03
1.549976e-03
1.553668e-03
1.557365e-03
1.561066e-03
1.564771e-03
1.568481e-03
1.572196e-03
1.575914e-03
1.579637e-03
1.583365e-03
1.587097e-03
1.590833e-03
1.594573e-03
1.598318e-03
1.602068e-03
1.605821e-03
1.609580e-03
1.613342e-03
1.617109e-03
1.620880e-03
1.624656e-03
1.628436e-03
1.632221e-03
1.636009e-03
1.639803e-03
1.643600e-03
1.647402e-03
1.651209e-03
1.655020e-03
1.658835e-03
1.662654e-03
1.666478e-03
1.670307e-03
1.674140e-03
1.677977e-03
1.681818e-03
1.685664e-03
1.689514e-03
1.693369e-03
1.697228e-03
1.701092e-03
1.704960e-03
1.708832e-03
1.712708e-03
1.716589e-03
1.720475e-03
1.724365e-03
1.728259e-03
1.732157e-03
1.736060e-03
1.739968e-03
1.743880e-03
1.747796e-03
1.751716e-03
1.755641e-03
1.759570e-03
1.763504e-03
1.767442e-03
1.771385e-03
1.775332e-03
1.779283e-03
1.783238e-03
1.787199e-03
1.791163e-03
1.795132e-03
1.799105e-03
1.803083e-03
1.807065e-03
1.811051e-03
1.815042e-03
1.819037e-03
1.823036e-03
1.827040e-03
1.831049e-03
1.835061e-03
1.839078e-03
1.843100e-03
1.847126e-03
1.851156e-03
1.855191e-03
1.859230e-03
1.863273e-03
1.867321e-03
1.871373e-03
1.875430e-03
1.879491e-03
1.883556e-03
1.887626e-03
1.891700e-03
1.895778e-03
1.899861e-03
1.903949e-03
1.908040e-03
1.912136e-03
1.916237e-03
1.920342e-03
1.924451e-03
1.928565e-03
1.932683e-03
1.936805e-03
1.940932e-03
1.945063e-03
1.949199e-03
1.953339e-03
1.957483e-03
1.961632e-03
1.965785e-03
1.969942e-03
1.974104e-03
1.978271e-03
1.982441e-03
1.986616e-03
1.990796e-03
1.994980e-03
1.999168e-03
2.003361e-03
2.007558e-03
2.011759e-03
2.015965e-03
2.020175e-03
2.024390e-03
2.028609e-03
2.032832e-03
2.037060e-03
2.041292e-03
2.045528e-03
2.049769e-03
2.054014e-03
2.058264e-03
2.062518e-03
2.066777e-03
2.071040e-03
2.075307e-03
2.079578e-03
2.083855e-03
2.088135e-03
2.092420e-03
2.096709e-03
2.101002e-03
2.105300e-03
2.109603e-03
2.113910e-03
2.118221e-03
2.122536e-03
2.126856e-03
2.131180e-03
2.135509e-03
2.139842e-03
2.144180e-03
2.148522e-03
2.152868e-03
2.157218e-03
2.161573e-03
2.165933e-03
2.170297e-03
2.174665e-03
2.179037e-03
2.183414e-03
2.187796e-03
2.192181e-03
2.196572e-03
2.200966e-03
2.205365e-03
2.209768e-03
2.214176e-03
2.218588e-03
2.223005e-03
2.227425e-03
2.231851e-03
2.236280e-03
2.240714e-03
2.245153e-03
2.249596e-03
2.254043e-03
2.258494e-03
2.262950e-03
2.267411e-03
2.271875e-03
2.276345e-03
2.280818e-03
2.285296e-03
2.289778e-03
2.294265e-03
2.298756e-03
2.303251e-03
2.307751e-03
2.312256e-03
2.316764e-03
2.321277e-03
2.325795e-03
2.330316e-03
2.334843e-03
2.339373e-03
2.343908e-03
2.348448e-03
2.352991e-03
2.357539e-03
2.362092e-03
2.366649e-03
2.371210e-03
2.375776e-03
2.380346e-03
2.384920e-03
2.389499e-03
2.394082e-03
2.398670e-03
2.403262e-03
2.407859e-03
2.412459e-03
2.417065e-03
2.421674e-03
2.426288e-03
2.430906e-03
2.435529e-03
2.440156e-03
2.444788e-03
2.449424e-03
2.454064e-03
2.458709e-03
2.463358e-03
2.468011e-03
2.472669e-03
2.477331e-03
2.481998e-03
2.486669e-03
2.491344e-03
2.496024e-03
2.500708e-03
2.505397e-03
2.510090e-03
2.514787e-03
2.519489e-03
2.524195e-03
2.528906e-03
2.533621e-03
2.538340e-03
2.543064e-03
2.547792e-03
2.552524e-03
2.557261e-03
2.562002e-03
2.566748e-03
2.571498e-03
2.576252e-03
2.581011e-03
2.585774e-03
2.590542e-03
2.595314e-03
2.600090e-03
2.604871e-03
2.609656e-03
2.614445e-03
2.619239e-03
2.624038e-03
2.628840e-03
2.633647e-03
2.638459e-03
2.643275e-03
2.648095e-03
2.652920e-03
2.657749e-03
2.662582e-03
2.667420e-03
2.672262e-03
2.677109e-03
2.681960e-03
2.686815e-03
2.691675e-03
2.696539e-03
2.701407e-03
2.706280e-03
2.711157e-03
2.716039e-03
2.720925e-03
2.725816e-03
2.730710e-03
2.735610e-03
2.740513e-03
2.745421e-03
2.750334e-03
2.755251e-03
2.760172e-03
2.765097e-03
2.770027e-03
2.774962e-03
2.779900e-03
2.784843e-03
2.789791e-03
2.794743e-03
2.799699e-03
2.804660e-03
2.809625e-03
2.814594e-03
2.819568e-03
2.824546e-03
2.829529e-03
2.834516e-03
2.839508e-03
2.844503e-03
2.849503e-03
2.854508e-03
2.859517e-03
2.864530e-03
2.869548e-03
2.874570e-03
2.879597e-03
2.884628e-03
2.889663e-03
2.894703e-03
2.899747e-03
2.904795e-03
2.909848e-03
2.914905e-03
2.919967e-03
2.925033e-03
2.930103e-03
2.935178e-03
2.940257e-03
2.945341e-03
2.950429e-03
2.955521e-03
2.960618e-03
2.965719e-03
2.970824e-03
2.975934e-03
2.981049e-03
2.986167e-03
2.991290e-03
2.996418e-03
3.001550e-03
3.006686e-03
3.011827e-03
3.016972e-03
3.022121e-03
3.027275e-03
3.032433e-03
3.037595e-03
3.042762e-03
3.047934e-03
3.053110e-03
3.058290e-03
3.063474e-03
3.068663e-03
3.073856e-03
3.079054e-03
3.084256e-03
3.089463e-03
3.094673e-03
3.099889e-03
3.105108e-03
3.110332e-03
3.115561e-03
3.120793e-03
3.126031e-03
3.131272e-03
3.136518e-03
3.141768e-03
3.147023e-03
3.152282e-03
3.157546e-03
3.162814e-03
3.168086e-03
3.173363e-03
3.178644e-03
3.183929e-03
3.189219e-03
3.194513e-03
3.199812e-03
3.205115e-03
3.210422e-03
3.215734e-03
3.221050e-03
3.226371e-03
3.231696e-03
3.237025e-03
3.242359e-03
3.247697e-03
3.253039e-03
3.258386e-03
3.263738e-03
3.269093e-03
3.274453e-03
3.279818e-03
3.285187e-03
3.290560e-03
3.295938e-03
3.301320e-03
3.306706e-03
3.312097e-03
3.317492e-03
3.322891e-03
3.328295e-03
3.333704e-03
3.339116e-03
3.344534e-03
3.349955e-03
3.355381e-03
3.360811e-03
3.366246e-03
3.371685e-03
3.377128e-03
3.382576e-03
3.388029e-03
3.393485e-03
3.398946e-03
3.404412e-03
3.409881e-03
3.415356e-03
3.420834e-03
3.426317e-03
3.431804e-03
3.437296e-03
3.442792e-03
3.448293e-03
3.453798e-03
3.459307e-03
3.464821e-03
3.470339e-03
3.475861e-03
3.481388e-03
3.486919e-03
3.492455e-03
3.497995e-03
3.503539e-03
3.509088e-03
3.514641e-03
3.520199e-03
3.525761e-03
3.531327e-03
3.536898e-03
3.542473e-03
3.548052e-03
3.553636e-03
3.559224e-03
3.564817e-03
3.570414e-03
3.576016e-03
3.581621e-03
3.587232e-03
3.592846e-03
3.598465e-03
3.604089e-03
3.609716e-03
3.615349e-03
3.620985e-03
3.626626e-03
3.632272e-03
3.637921e-03
3.643575e-03
3.649234e-03
3.654897e-03
3.660564e-03
3.666236e-03
3.671912e-03
3.677592e-03
3.683277e-03
3.688966e-03
3.694660e-03
3.700358e-03
3.706060e-03
3.711767e-03
3.717478e-03
3.723194e-03
3.728914e-03
3.734638e-03
3.740367e-03
3.746100e-03
3.751837e-03
3.757579e-03
3.763326e-03
3.769076e-03
3.774831e-03
3.780591e-03
3.786355e-03
3.792123e-03
3.797895e-03
3.803672e-03
3.809454e-03
3.815240e-03
3.821030e-03
3.826824e-03
3.832623e-03
3.838427e-03
3.844234e-03
3.850046e-03
3.855863e-03
3.861684e-03
3.867509e-03
3.873339e-03
3.879173e-03
3.885011e-03
3.890854e-03
3.896701e-03
3.902553e-03
3.908409e-03
3.914269e-03
3.920134e-03
3.926003e-03
3.931877e-03
3.937755e-03
3.943637e-03
3.949524e-03
3.955415e-03
3.961310e-03
3.967210e-03
3.973115e-03
3.979023e-03
3.984936e-03
3.990854e-03
3.996776e-03
4.002702e-03
4.008632e-03
4.014567e-03
4.020507e-03
4.026451e-03
4.032399e-03
4.038351e-03
4.044308e-03
4.050270e-03
4.056235e-03
4.062205e-03
4.068180e-03
4.074159e-03
4.080142e-03
4.086130e-03
4.092122e-03
4.098118e-03
4.104119e-03
4.110124e-03
4.116134e-03
4.122148e-03
4.128166e-03
4.134189e-03
4.140216e-03
4.146248e-03
4.152284e-03
4.158324e-03
4.164369e-03
4.170418e-03
4.176471e-03
4.182529e-03
4.188591e-03
4.194658e-03
4.200729e-03
4.206805e-03
4.212884e-03
4.218969e-03
4.225057e-03
4.231150e-03
4.237248e-03
4.243349e-03
4.249456e-03
4.255566e-03
4.261681e-03
4.267800e-03
4.273924e-03
4.280052e-03
4.286185e-03
4.292322e-03
4.298463e-03
4.304609e-03
4.310759e-03
4.316913e-03
4.323072e-03
4.329235e-03
4.335403e-03
4.341575e-03
4.347751e-03
4.353932e-03
4.360117e-03
4.366307e-03
4.372500e-03
4.378699e-03
4.384902e-03
4.391109e-03
4.397320e-03
4.403536e-03
4.409756e-03
4.415981e-03
4.422210e-03
4.428443e-03
4.434681e-03
4.440923e-03
4.447170e-03
4.453421e-03
4.459676e-03
4.465936e-03
4.472200e-03
4.478469e-03
4.484742e-03
4.491019e-03
4.497301e-03
4.503587e-03
4.509877e-03
4.516172e-03
4.522472e-03
4.528775e-03
4.535083e-03
4.541396e-03
4.547713e-03
4.554034e-03
4.560359e-03
4.566689e-03
4.573024e-03
4.579363e-03
4.585706e-03
4.592053e-03
4.598405e-03
4.604762e-03
4.611122e-03
4.617487e-03
4.623857e-03
4.630231e-03
4.636609e-03
4.642992e-03
4.649379e-03
4.655770e-03
4.662166e-03
4.668566e-03
4.674971e-03
4.681380e-03
4.687793e-03
4.694211e-03
4.700633e-03
4.707060e-03
4.713491e-03
4.719926e-03
4.726366e-03
4.732810e-03
4.739258e-03
4.745711e-03
4.752168e-03
4.758630e-03
4.765096e-03
4.771566e-03
4.778041e-03
4.784520e-03
4.791004e-03
4.797492e-03
4.803984e-03
4.810481e-03
4.816982e-03
4.823488e-03
4.829998e-03
4.836512e-03
4.843031e-03
4.849554e-03
4.856081e-03
4.862613e-03
4.869150e-03
4.875690e-03
4.882235e-03
4.888785e-03
4.895339e-03
4.901897e-03
4.908459e-03
4.915026e-03
4.921598e-03
4.928173e-03
4.934754e-03
4.941338e-03
4.947927e-03
4.954520e-03
4.961118e-03
4.967720e-03
4.974327e-03
4.980938e-03
4.987553e-03
4.994173e-03
5.000797e-03
5.007425e-03
5.014058e-03
5.020695e-03
5.027337e-03
5.033983e-03
5.040633e-03
5.047288e-03
5.053947e-03
5.060610e-03
5.067278e-03
5.073951e-03
5.080627e-03
5.087309e-03
5.093994e-03
5.100019e-03
5.106022e-03
5.112004e-03
5.117963e-03
5.123901e-03
5.129816e-03
5.135710e-03
5.141582e-03
5.147432e-03
5.153260e-03
5.159067e-03
5.164851e-03
5.170614e-03
5.176354e-03
5.182073e-03
5.187770e-03
5.193445e-03
5.199098e-03
5.204729e-03
5.210338e-03
5.215926e-03
5.221491e-03
5.227035e-03
5.232557e-03
5.238056e-03
5.243534e-03
5.248991e-03
5.254425e-03
5.259837e-03
5.265228e-03
5.270596e-03
5.275943e-03
5.281268e-03
5.286570e-03
5.291851e-03
5.297111e-03
5.302348e-03
5.307563e-03
5.312757e-03
5.317928e-03
5.323078e-03
5.328206e-03
5.333312e-03
5.338396e-03
5.343458e-03
5.348498e-03
5.353516e-03
5.358513e-03
5.363488e-03
5.368440e-03
5.373371e-03
5.378280e-03
5.383167e-03
5.388032e-03
5.392876e-03
5.397697e-03
5.402497e-03
5.407274e-03
5.412030e-03
5.416764e-03
5.421476e-03
5.426166e-03
5.430834e-03
5.435480e-03
5.440105e-03
5.444707e-03
5.449288e-03
5.453847e-03
5.458384e-03
5.462899e-03
5.467392e-03
5.471863e-03
5.476313e-03
5.480740e-03
5.485146e-03
5.489529e-03
5.493891e-03
5.498231e-03
5.502549e-03
5.506845e-03
5.511119e-03
5.515372e-03
5.519602e-03
5.523811e-03
5.527998e-03
5.532163e-03
5.536305e-03
5.540427e-03
5.544526e-03
5.548603e-03
5.552658e-03
5.556692e-03
5.560704e-03
5.564693e-03
5.568661e-03
5.572607e-03
5.576531e-03
5.580433e-03
5.584314e-03
5.588172e-03
5.592009e-03
5.595823e-03
5.599616e-03
5.603387e-03
5.607136e-03
5.610863e-03
5.614568e-03
5.618252e-03
5.621913e-03
5.625553e-03
5.629171e-03
5.632766e-03
5.636340e-03
5.639892e-03
5.643422e-03
5.646931e-03
5.650417e-03
5.653882e-03
5.657324e-03
5.660745e-03
5.664144e-03
5.667521e-03
5.670876e-03
5.674209e-03
5.677520e-03
5.680810e-03
5.684077e-03
5.687323e-03
5.690547e-03
5.693748e-03
5.696928e-03
5.700087e-03
5.703223e-03
5.706337e-03
5.709429e-03
5.712500e-03
5.715549e-03
5.718575e-03
5.721580e-03
5.724563e-03
5.727525e-03
5.730464e-03
5.733381e-03
5.736277e-03
5.739150e-03
5.742002e-03
5.744832e-03
5.747640e-03
5.750426e-03
5.753190e-03
5.755932e-03
5.758652e-03
5.761351e-03
5.764027e-03
5.766682e-03
5.769315e-03
5.771926e-03
5.774515e-03
5.777082e-03
5.779628e-03
5.782151e-03
5.784652e-03
5.787132e-03
5.789590e-03
5.792026e-03
5.794440e-03
5.796832e-03
5.799202e-03
5.801550e-03
5.803877e-03
5.806181e-03
5.808464e-03
5.810725e-03
5.812964e-03
5.815181e-03
5.817376e-03
5.819549e-03
5.821700e-03
5.823830e-03
5.825937e-03
5.828023e-03
5.830087e-03
5.832129e-03
5.834149e-03
5.836147e-03
5.838123e-03
5.840078e-03
5.842010e-03
5.843921e-03
5.845809e-03
5.847676e-03
5.849521e-03
5.851344e-03
5.853145e-03
5.854925e-03
5.856682e-03
5.858418e-03
5.860131e-03
5.861823e-03
5.863493e-03
5.865141e-03
5.866767e-03
5.868371e-03
5.869953e-03
5.871514e-03
5.873052e-03
5.874569e-03
5.876064e-03
5.877537e-03
5.878988e-03
5.880417e-03
5.881824e-03
5.883209e-03
5.884573e-03
5.885914e-03
5.887234e-03
5.888532e-03
5.889808e-03
5.891062e-03
5.892294e-03
5.893504e-03
5.894693e-03
5.895859e-03
5.897004e-03
5.898126e-03
5.899227e-03
5.900306e-03
5.901363e-03
5.902398e-03
5.903412e-03
5.904403e-03
5.905373e-03
5.906320e-03
5.907246e-03
5.908150e-03
5.909032e-03
5.909892e-03
5.910730e-03
5.911546e-03
5.912341e-03
5.913113e-03
5.913864e-03
5.914593e-03
5.915300e-03
5.915985e-03
5.916648e-03
5.917289e-03
5.917908e-03
5.918506e-03
5.919082e-03
5.919635e-03
5.920167e-03
5.920677e-03
5.921165e-03
5.921631e-03
5.922075e-03
5.922498e-03
5.922898e-03
5.923277e-03
5.923634e-03
5.923968e-03
5.924281e-03
5.924572e-03
5.924842e-03
5.925089e-03
5.925314e-03
5.925518e-03
5.925699e-03
5.925859e-03
5.925997e-03
5.926113e-03
5.926207e-03
5.926279e-03
5.926330e-03
5.926358e-03
5.926364e-03
5.926349e-03
5.926312e-03
5.926253e-03
5.926172e-03
5.926069e-03
5.925944e-03
5.925797e-03
5.925629e-03
5.925438e-03
5.925226e-03
5.924992e-03
5.924736e-03
5.924458e-03
5.924158e-03
5.923836e-03
5.923493e-03
5.923127e-03
5.922740e-03
5.922330e-03
5.921899e-03
5.921446e-03
5.920971e-03
5.920474e-03
5.919956e-03
5.919637e-03
5.919637e-03
5.919637e-03
5.919637e-03
5.919637e-03
5.919637e-03
5.919637e-03
5.919637e-03
5.919637e-03
5.919637e-03
5.919637e-03
5.919637e-03
5.919637e-03
5.919637e-03
5.919637e-03
5.919637e-03
5.919637e-03
5.919637e-03
5.919637e-03
5.919637e-03
5.919637e-03
5.919637e-03
5.919637e-03
5.919637e-03
5.919637e-03
5.919637e-03
5.919637e-03
5.919637e-03
5.919637e-03
5.919637e-03
5.919637e-03
5.919637e-03
5.919637e-03
5.919637e-03
5.919637e-03
5.919637e-03
5.919637e-03
5.919637e-03
5.919637e-03
5.919637e-03
5.919637e-03
5.919637e-03
5.919637e-03
5.919637e-03
5.919637e-03
5.919637e-03
5.919637e-03
5.919637e-03
5.919637e-03
5.919637e-03
5.919637e-03
5.919637e-03
5.919637e-03
5.919637e-03
5.919637e-03
5.919637e-03
5.919637e-03
5.919637e-03
5.919637e-03
5.919637e-03
5.919637e-03
5.919637e-03
5.919637e-03
5.919637e-03
5.919637e-03
5.919637e-03
5.919637e-03
5.919637e-03
5.919637e-03
5.919637e-03
5.919637e-03
5.919637e-03
5.919637e-03
5.919637e-03
5.919637e-03
5.919637e-03
5.919637e-03
5.919637e-03
5.919637e-03
5.919637e-03
5.919637e-03
5.919637e-03
5.919637e-03
5.919637e-03
5.919637e-03
5.919637e-03
5.919637e-03
5.919637e-03
5.919637e-03
5.919637e-03
5.919637e-03
5.919637e-03
5.919637e-03
5.919637e-03
5.919637e-03
5.919637e-03
5.919637e-03
5.919637e-03
5.919637e-03
5.919637e-03
5.919637e-03
5.919637e-03
5.919637e-03
5.919637e-03
5.919637e-03
5.919637e-03
5.919637e-03
5.919637e-03
5.919637e-03
5.919637e-03
5.919637e-03
5.919637e-03
5.919637e-03
5.919637e-03
5.919637e-03
5.919637e-03
5.919637e-03
5.919637e-03
5.919637e-03
5.919637e-03
5.919637e-03
5.919637e-03
5.919637e-03
5.919637e-03
5.919637e-03
5.919637e-03
5.919637e-03
5.919637e-03
5.919637e-03
5.919637e-03
5.919637e-03
5.919637e-03
5.919637e-03
5.919637e-03
5.919637e-03
5.919637e-03
5.919637e-03
5.919637e-03
5.919637e-03
5.919637e-03
5.919637e-03
5.919637e-03
5.919637e-03
5.919637e-03
5.919637e-03
5.919637e-03
5.919637e-03
5.919637e-03
5.919637e-03
5.919637e-03
5.919637e-03
5.919637e-03
5.919637e-03
5.919637e-03
5.919637e-03
5.919637e-03
5.919637e-03
5.919637e-03
5.919637e-03
5.919637e-03
5.919637e-03
5.919637e-03
5.919637e-03
5.919637e-03
5.919637e-03
5.919637e-03
5.919637e-03
5.919637e-03
5.919637e-03
5.919637e-03
5.919637e-03
5.919637e-03
5.919637e-03
5.919637e-03
5.919637e-03
5.919637e-03
5.919637e-03
5.919637e-03
5.919637e-03
5.919637e-03
5.919637e-03
5.919637e-03
5.919637e-03
5.919637e-03
5.919637e-03
5.919637e-03
5.919637e-03
5.919637e-03
5.919637e-03
5.919637e-03
5.919637e-03
5.919637e-03
5.919637e-03
5.919637e-03
5.919637e-03
5.919637e-03
5.919637e-03
5.919637e-03
5.919637e-03
5.919637e-03
5.919637e-03
