0.000000e+00
1.110371e-07
2.273366e-07
3.488985e-07
4.757229e-07
6.078096e-07
7.451588e-07
8.877704e-07
1.035644e-06
1.188781e-06
1.347180e-06
1.510841e-06
1.679765e-06
1.853951e-06
2.033400e-06
2.218111e-06
2.408084e-06
2.603320e-06
2.803818e-06
3.009579e-06
3.220602e-06
3.436887e-06
3.658435e-06
3.885246e-06
4.117318e-06
4.354654e-06
4.597251e-06
4.845111e-06
5.098234e-06
5.356618e-06
5.620266e-06
5.889176e-06
6.163348e-06
6.442782e-06
6.727479e-06
7.017439e-06
7.312660e-06
7.613145e-06
7.918891e-06
8.229900e-06
8.546172e-06
8.867706e-06
9.194502e-06
9.526561e-06
9.863882e-06
1.020647e-05
1.055431e-05
1.090742e-05
1.126579e-05
1.162942e-05
1.199832e-05
1.237248e-05
1.275190e-05
1.313658e-05
1.352653e-05
1.392174e-05
1.432221e-05
1.472794e-05
1.513893e-05
1.555519e-05
1.597671e-05
1.640349e-05
1.683554e-05
1.727284e-05
1.771541e-05
1.816325e-05
1.861634e-05
1.907470e-05
1.953832e-05
2.000720e-05
2.048134e-05
2.096075e-05
2.144542e-05
2.193535e-05
2.243054e-05
2.293100e-05
2.343672e-05
2.394770e-05
2.446394e-05
2.498545e-05
2.551222e-05
2.604425e-05
2.658154e-05
2.712410e-05
2.767192e-05
2.822500e-05
2.878334e-05
2.934694e-05
2.991581e-05
3.048994e-05
3.106933e-05
3.165399e-05
3.224391e-05
3.283909e-05
3.343953e-05
3.404523e-05
3.465620e-05
3.527243e-05
3.589392e-05
3.652068e-05
3.715269e-05
3.778997e-05
3.843251e-05
3.908032e-05
3.973338e-05
4.039171e-05
4.105530e-05
4.172416e-05
4.239827e-05
4.307765e-05
4.376229e-05
4.445220e-05
4.514736e-05
4.584779e-05
4.655348e-05
4.726444e-05
4.798065e-05
4.870213e-05
4.942887e-05
5.016087e-05
5.089814e-05
5.164067e-05
5.238846e-05
5.314151e-05
5.389982e-05
5.466340e-05
5.543224e-05
5.620634e-05
5.698571e-05
5.777033e-05
5.856022e-05
5.935537e-05
6.015579e-05
6.096147e-05
6.177240e-05
6.258861e-05
6.341007e-05
6.423680e-05
6.506879e-05
6.590604e-05
6.674855e-05
6.759633e-05
6.844936e-05
6.930767e-05
7.017123e-05
7.104005e-05
7.191414e-05
7.279349e-05
7.367811e-05
7.456798e-05
7.546312e-05
7.636352e-05
7.726918e-05
7.818011e-05
7.909629e-05
8.001774e-05
8.094446e-05
8.187643e-05
8.281367e-05
8.375617e-05
8.470393e-05
8.565696e-05
8.661524e-05
8.757879e-05
8.854760e-05
8.952168e-05
9.050101e-05
9.148561e-05
9.247547e-05
9.347060e-05
9.447098e-05
9.547663e-05
9.648754e-05
9.750372e-05
9.852515e-05
9.955185e-05
1.005838e-04
1.016210e-04
1.026635e-04
1.037113e-04
1.047643e-04
1.058226e-04
1.068861e-04
1.079549e-04
1.090289e-04
1.101083e-04
1.111929e-04
1.122827e-04
1.133778e-04
1.144782e-04
1.155838e-04
1.166947e-04
1.178109e-04
1.189323e-04
1.200590e-04
1.211909e-04
1.223281e-04
1.234706e-04
1.246183e-04
1.257713e-04
1.269296e-04
1.280931e-04
1.292619e-04
1.304359e-04
1.316153e-04
1.327998e-04
1.339897e-04
1.351848e-04
1.363851e-04
1.375907e-04
1.388016e-04
1.400178e-04
1.412392e-04
1.424658e-04
1.436978e-04
1.449350e-04
1.461774e-04
1.474251e-04
1.486781e-04
1.499364e-04
1.511999e-04
1.524687e-04
1.537427e-04
1.550220e-04
1.563065e-04
1.575964e-04
1.588914e-04
1.601918e-04
1.614974e-04
1.628083e-04
1.641244e-04
1.654458e-04
1.667724e-04
1.681044e-04
1.694415e-04
1.707840e-04
1.721317e-04
1.734847e-04
1.748429e-04
1.762064e-04
1.775751e-04
1.789492e-04
1.803284e-04
1.817130e-04
1.831028e-04
1.844979e-04
1.858982e-04
1.873038e-04
1.887146e-04
1.901308e-04
1.915521e-04
1.929788e-04
1.944107e-04
1.958478e-04
1.972903e-04
1.987380e-04
2.001909e-04
2.016491e-04
2.031126e-04
2.045814e-04
2.060554e-04
2.075346e-04
2.090192e-04
2.105089e-04
2.120040e-04
2.135043e-04
2.150099e-04
2.165207e-04
2.180368e-04
2.195582e-04
2.210848e-04
2.226167e-04
2.241539e-04
2.256963e-04
2.272440e-04
2.287969e-04
2.303551e-04
2.319186e-04
2.334873e-04
2.350613e-04
2.366406e-04
2.382251e-04
2.398148e-04
2.414099e-04
2.430102e-04
2.446158e-04
2.462266e-04
2.478427e-04
2.494640e-04
2.510906e-04
2.527225e-04
2.543597e-04
2.560021e-04
2.576497e-04
2.593026e-04
2.609608e-04
2.626243e-04
2.642930e-04
2.659670e-04
2.676462e-04
2.693307e-04
2.710205e-04
2.727155e-04
2.744158e-04
2.761213e-04
2.778322e-04
2.795482e-04
2.812696e-04
2.829962e-04
2.847280e-04
2.864652e-04
2.882075e-04
2.899552e-04
2.917081e-04
2.934663e-04
2.952297e-04
2.969984e-04
2.987724e-04
3.005516e-04
3.023361e-04
3.041258e-04
3.059209e-04
3.077211e-04
3.095267e-04
3.113375e-04
3.131535e-04
3.149749e-04
3.168014e-04
3.186333e-04
3.204704e-04
3.223128e-04
3.241604e-04
3.260133e-04
3.278715e-04
3.297349e-04
3.316036e-04
3.334775e-04
3.353567e-04
3.372412e-04
3.391309e-04
3.410259e-04
3.429262e-04
3.448317e-04
3.467425e-04
3.486586e-04
3.505799e-04
3.525064e-04
3.544383e-04
3.563754e-04
3.583177e-04
3.602654e-04
3.622182e-04
3.641764e-04
3.661398e-04
3.681085e-04
3.700824e-04
3.720616e-04
3.740461e-04
3.760358e-04
3.780308e-04
3.800310e-04
3.820365e-04
3.840473e-04
3.860633e-04
3.880846e-04
3.901112e-04
3.921430e-04
3.941801e-04
3.962224e-04
3.982700e-04
4.003229e-04
4.023810e-04
4.044444e-04
4.065131e-04
4.085870e-04
4.106662e-04
4.127506e-04
4.148403e-04
4.169353e-04
4.190355e-04
4.211410e-04
4.232518e-04
4.253678e-04
4.274891e-04
4.296156e-04
4.317475e-04
4.338845e-04
4.360269e-04
4.381744e-04
4.403273e-04
4.424854e-04
4.446488e-04
4.468174e-04
4.489914e-04
4.511705e-04
4.533550e-04
4.555446e-04
4.577396e-04
4.599398e-04
4.621453e-04
4.643560e-04
4.665720e-04
4.687933e-04
4.710198e-04
4.732516e-04
4.754887e-04
4.777310e-04
4.799786e-04
4.822314e-04
4.844895e-04
4.867529e-04
4.890215e-04
4.912954e-04
4.935746e-04
4.958590e-04
4.981487e-04
5.004436e-04
5.027438e-04
5.050493e-04
5.073600e-04
5.096760e-04
5.119973e-04
5.143238e-04
5.166556e-04
5.189926e-04
5.213349e-04
5.236825e-04
5.260353e-04
5.283934e-04
5.307567e-04
5.331254e-04
5.354992e-04
5.378784e-04
5.402628e-04
5.426524e-04
5.450474e-04
5.474476e-04
5.498530e-04
5.522637e-04
5.546797e-04
5.571010e-04
5.595275e-04
5.619592e-04
5.643962e-04
5.668385e-04
5.692861e-04
5.717389e-04
5.741970e-04
5.766603e-04
5.791289e-04
5.816028e-04
5.840819e-04
5.865663e-04
5.890560e-04
5.915509e-04
5.940510e-04
5.965565e-04
5.990672e-04
6.015831e-04
6.041044e-04
6.066309e-04
6.091626e-04
6.116996e-04
6.142419e-04
6.167894e-04
6.193422e-04
6.219003e-04
6.244636e-04
6.270322e-04
6.296061e-04
6.321852e-04
6.347696e-04
6.373592e-04
6.399541e-04
6.425543e-04
6.451597e-04
6.477704e-04
6.503863e-04
6.530075e-04
6.556340e-04
6.582657e-04
6.609027e-04
6.635450e-04
6.661925e-04
6.688453e-04
6.715034e-04
6.741667e-04
6.768352e-04
6.795091e-04
6.821882e-04
6.848725e-04
6.875622e-04
6.902570e-04
6.929572e-04
6.956626e-04
6.983733e-04
7.010892e-04
7.038104e-04
7.065369e-04
7.092686e-04
7.120056e-04
7.147478e-04
7.174953e-04
7.202481e-04
7.230061e-04
7.257694e-04
7.285380e-04
7.313118e-04
7.340909e-04
7.368753e-04
7.396649e-04
7.424597e-04
7.452599e-04
7.480653e-04
7.508759e-04
7.536919e-04
7.565130e-04
7.593395e-04
7.621712e-04
7.650082e-04
7.678504e-04
7.706979e-04
7.735507e-04
7.764087e-04
7.792720e-04
7.821405e-04
7.850143e-04
7.878934e-04
7.907777e-04
7.936673e-04
7.965622e-04
7.994623e-04
8.023677e-04
8.052783e-04
8.081942e-04
8.111154e-04
8.140418e-04
8.169735e-04
8.199105e-04
8.228527e-04
8.258002e-04
8.287529e-04
8.317109e-04
8.346742e-04
8.376427e-04
8.406165e-04
8.435956e-04
8.465799e-04
8.495695e-04
8.525643e-04
8.555644e-04
8.585698e-04
8.615804e-04
8.645963e-04
8.676175e-04
8.706439e-04
8.736756e-04
8.767125e-04
8.797547e-04
8.828022e-04
8.858549e-04
8.889129e-04
8.919762e-04
8.950447e-04
8.981185e-04
9.011975e-04
9.042818e-04
9.073714e-04
9.104662e-04
9.135663e-04
9.166717e-04
9.197823e-04
9.228982e-04
9.260193e-04
9.291457e-04
9.322774e-04
9.354143e-04
9.385565e-04
9.417040e-04
9.448567e-04
9.480146e-04
9.511779e-04
9.543464e-04
9.575202e-04
9.606992e-04
9.638835e-04
9.670730e-04
9.702678e-04
9.734679e-04
9.766733e-04
9.798839e-04
9.830997e-04
9.863209e-04
9.895473e-04
9.927789e-04
9.960158e-04
9.992580e-04
1.002505e-03
1.005758e-03
1.009016e-03
1.012279e-03
1.015548e-03
1.018822e-03
1.022101e-03
1.025385e-03
1.028674e-03
1.031969e-03
1.035269e-03
1.038575e-03
1.041885e-03
1.045201e-03
1.048522e-03
1.051849e-03
1.055180e-03
1.058517e-03
1.061859e-03
1.065207e-03
1.068559e-03
1.071917e-03
1.075281e-03
1.078649e-03
1.082023e-03
1.085402e-03
1.088786e-03
1.092176e-03
1.095570e-03
1.098970e-03
1.102376e-03
1.105786e-03
1.109202e-03
1.112623e-03
1.116050e-03
1.119481e-03
1.122918e-03
1.126360e-03
1.129808e-03
1.133260e-03
1.136718e-03
1.140181e-03
1.143650e-03
1.147124e-03
1.150603e-03
1.154087e-03
1.157576e-03
1.161071e-03
1.164571e-03
1.168076e-03
1.171587e-03
1.175103e-03
1.178624e-03
1.182150e-03
1.185682e-03
1.189219e-03
1.192761e-03
1.196308e-03
1.199861e-03
1.203419e-03
1.206982e-03
1.210551e-03
1.214124e-03
1.217703e-03
1.221287e-03
1.224877e-03
1.228472e-03
1.232072e-03
1.235677e-03
1.239288e-03
1.242903e-03
1.246524e-03
1.250151e-03
1.253782e-03
1.257419e-03
1.261061e-03
1.264709e-03
1.268361e-03
1.272019e-03
1.275682e-03
1.279351e-03
1.283025e-03
1.286704e-03
1.290388e-03
1.294077e-03
1.297772e-03
1.301472e-03
1.305177e-03
1.308888e-03
1.312604e-03
1.316325e-03
1.320051e-03
1.323783e-03
1.327519e-03
1.331262e-03
1.335009e-03
1.338762e-03
1.342519e-03
1.346283e-03
1.350051e-03
1.353825e-03
1.357604e-03
1.361388e-03
1.365177e-03
1.368972e-03
1.372772e-03
1.376577e-03
1.380388e-03
1.384204e-03
1.388025e-03
1.391851e-03
1.395682e-03
1.399519e-03
1.403361e-03
1.407209e-03
1.411061e-03
1.414919e-03
1.418782e-03
1.422651e-03
1.426524e-03
1.430403e-03
1.434288e-03
1.438177e-03
1.442072e-03
1.445972e-03
1.449877e-03
1.453788e-03
1.457703e-03
1.461624e-03
1.465551e-03
1.469482e-03
1.473419e-03
1.477361e-03
1.481308e-03
1.485261e-03
1.489219e-03
1.493182e-03
1.497150e-03
1.501124e-03
1.505103e-03
1.509087e-03
1.513077e-03
1.517071e-03
1.521071e-03
1.525076e-03
1.529087e-03
1.533103e-03
1.537124e-03
1.541150e-03
1.545182e-03
1.549218e-03
1.553260e-03
1.557308e-03
1.561360e-03
1.565418e-03
1.569481e-03
1.573550e-03
1.577623e-03
1.581702e-03
1.585786e-03
1.589876e-03
1.593971e-03
1.598070e-03
1.602176e-03
1.606286e-03
1.610402e-03
1.614523e-03
1.618649e-03
1.622781e-03
1.626917e-03
1.631060e-03
1.635207e-03
1.639359e-03
1.643517e-03
1.647680e-03
1.651849e-03
1.656022e-03
1.660201e-03
1.664385e-03
1.668575e-03
1.672769e-03
1.676969e-03
1.681175e-03
1.685385e-03
1.689601e-03
1.693822e-03
1.698048e-03
1.702280e-03
1.706516e-03
1.710758e-03
1.715006e-03
1.719258e-03
1.723516e-03
1.727779e-03
1.732048e-03
1.736321e-03
1.740600e-03
1.744884e-03
1.749174e-03
1.753468e-03
1.757768e-03
1.762073e-03
1.766384e-03
1.770699e-03
1.775020e-03
1.779347e-03
1.783678e-03
1.788015e-03
1.792357e-03
1.796704e-03
1.801057e-03
1.805415e-03
1.809778e-03
1.814146e-03
1.818520e-03
1.822898e-03
1.827283e-03
1.831672e-03
1.836067e-03
1.840467e-03
1.844872e-03
1.849282e-03
1.853698e-03
1.858119e-03
1.862545e-03
1.866977e-03
1.871413e-03
1.875855e-03
1.880303e-03
1.884755e-03
1.889213e-03
1.893676e-03
1.898144e-03
1.902618e-03
1.907097e-03
1.911581e-03
1.916070e-03
1.920565e-03
1.925065e-03
1.929570e-03
1.934080e-03
1.938596e-03
1.943117e-03
1.947643e-03
1.952175e-03
1.956711e-03
1.961253e-03
1.965801e-03
1.970353e-03
1.974911e-03
1.979474e-03
1.984042e-03
1.988616e-03
1.993195e-03
1.997779e-03
2.002368e-03
2.006963e-03
2.011563e-03
2.016168e-03
2.020778e-03
2.025394e-03
2.030015e-03
2.034641e-03
2.039272e-03
2.043909e-03
2.048551e-03
2.053198e-03
2.057851e-03
2.062509e-03
2.067172e-03
2.071840e-03
2.076513e-03
2.081192e-03
2.085876e-03
2.090566e-03
2.095260e-03
2.099960e-03
2.104665e-03
2.109376e-03
2.114091e-03
2.118812e-03
2.123538e-03
2.128270e-03
2.133007e-03
2.137749e-03
2.142496e-03
2.147248e-03
2.152006e-03
2.156769e-03
2.161537e-03
2.166311e-03
2.171090e-03
2.175874e-03
2.180663e-03
2.185458e-03
2.190258e-03
2.195063e-03
2.199873e-03
2.204689e-03
2.209510e-03
2.214336e-03
2.219167e-03
2.224004e-03
2.228846e-03
2.233693e-03
2.238546e-03
2.243403e-03
2.248266e-03
2.253135e-03
2.258008e-03
2.262887e-03
2.267771e-03
2.272660e-03
2.277555e-03
2.282455e-03
2.287360e-03
2.292270e-03
2.297186e-03
2.302107e-03
2.307033e-03
2.311964e-03
2.316901e-03
2.321843e-03
2.326790e-03
2.331743e-03
2.336700e-03
2.341663e-03
2.346631e-03
2.351605e-03
2.356584e-03
2.361568e-03
2.366557e-03
2.371552e-03
2.376551e-03
2.381557e-03
2.386567e-03
2.391583e-03
2.396603e-03
2.401630e-03
2.406661e-03
2.411698e-03
2.416740e-03
2.421787e-03
2.426839e-03
2.431897e-03
2.436960e-03
2.442028e-03
2.447102e-03
2.452180e-03
2.457264e-03
2.462354e-03
2.467448e-03
2.472548e-03
2.477653e-03
2.482763e-03
2.487879e-03
2.493000e-03
2.498126e-03
2.503257e-03
2.508394e-03
2.513536e-03
2.518683e-03
2.523836e-03
2.528993e-03
2.534156e-03
2.539324e-03
2.544498e-03
2.549677e-03
2.554861e-03
2.560050e-03
2.565245e-03
2.570444e-03
2.575649e-03
2.580860e-03
2.586075e-03
2.591296e-03
2.596522e-03
2.601754e-03
2.606990e-03
2.612232e-03
2.617479e-03
2.622732e-03
2.627989e-03
2.633252e-03
2.638521e-03
2.643794e-03
2.649073e-03
2.654357e-03
2.659646e-03
2.664941e-03
2.670240e-03
2.675545e-03
2.680856e-03
2.686171e-03
2.691492e-03
2.696818e-03
2.702150e-03
2.707486e-03
2.712828e-03
2.718175e-03
2.723528e-03
2.728885e-03
2.734248e-03
2.739616e-03
2.744990e-03
2.750369e-03
2.755753e-03
2.761142e-03
2.766536e-03
2.771936e-03
2.777341e-03
2.782751e-03
2.788167e-03
2.793588e-03
2.799014e-03
2.804445e-03
2.809882e-03
2.815324e-03
2.820771e-03
2.826223e-03
2.831681e-03
2.837144e-03
2.842612e-03
2.848085e-03
2.853564e-03
2.859048e-03
2.864537e-03
2.870032e-03
2.875532e-03
2.881037e-03
2.886547e-03
2.892062e-03
2.897583e-03
2.903109e-03
2.908641e-03
2.914177e-03
2.919719e-03
2.925266e-03
2.930819e-03
2.936376e-03
2.941939e-03
2.947507e-03
2.953081e-03
2.958659e-03
2.964243e-03
2.969833e-03
2.975427e-03
2.981027e-03
2.986632e-03
2.992242e-03
2.997858e-03
3.003478e-03
3.009105e-03
3.014736e-03
3.020372e-03
3.026014e-03
3.031661e-03
3.037314e-03
3.042971e-03
3.048634e-03
3.054302e-03
3.059976e-03
3.065654e-03
3.071338e-03
3.077028e-03
3.082722e-03
3.088422e-03
3.094127e-03
3.099837e-03
3.105553e-03
3.111273e-03
3.116999e-03
3.122731e-03
3.128467e-03
3.134209e-03
3.139956e-03
3.145709e-03
3.151466e-03
3.157229e-03
3.162997e-03
3.168771e-03
3.174549e-03
3.180333e-03
3.186122e-03
3.191917e-03
3.197717e-03
3.203522e-03
3.209332e-03
3.215147e-03
3.220968e-03
3.226794e-03
3.232625e-03
3.238462e-03
3.244304e-03
3.250151e-03
3.256003e-03
3.261861e-03
3.267724e-03
3.273592e-03
3.279465e-03
3.285344e-03
3.291228e-03
3.297117e-03
3.303011e-03
3.308911e-03
3.314816e-03
3.320726e-03
3.326642e-03
3.332562e-03
3.338488e-03
3.344420e-03
3.350356e-03
3.356298e-03
3.362245e-03
3.368197e-03
3.374155e-03
3.380118e-03
3.386086e-03
3.392059e-03
3.398038e-03
3.404022e-03
3.410011e-03
3.416005e-03
3.422005e-03
3.428010e-03
3.434020e-03
3.440036e-03
3.446056e-03
3.452082e-03
3.458114e-03
3.464150e-03
3.470192e-03
3.476239e-03
3.482291e-03
3.488349e-03
3.494412e-03
3.500480e-03
3.506553e-03
3.512632e-03
3.518716e-03
3.524805e-03
3.530899e-03
3.536999e-03
3.543104e-03
3.549214e-03
3.555330e-03
3.561450e-03
3.567576e-03
3.573708e-03
3.579844e-03
3.585986e-03
3.592133e-03
3.598285e-03
3.604443e-03
3.610606e-03
3.616774e-03
3.622947e-03
3.629126e-03
3.635309e-03
3.641499e-03
3.647693e-03
3.653893e-03
3.660098e-03
3.666308e-03
3.672523e-03
3.678744e-03
3.684970e-03
3.691201e-03
3.697438e-03
3.703679e-03
3.709926e-03
3.716179e-03
3.722436e-03
3.728699e-03
3.734967e-03
3.741240e-03
3.747519e-03
3.753803e-03
3.760092e-03
3.766386e-03
3.772686e-03
3.778991e-03
3.785301e-03
3.791617e-03
3.797937e-03
3.804263e-03
3.810594e-03
3.816931e-03
3.823273e-03
3.829620e-03
3.835972e-03
3.842329e-03
3.848692e-03
3.855060e-03
3.861434e-03
3.867812e-03
3.874196e-03
3.880585e-03
3.886980e-03
3.893379e-03
3.899784e-03
3.906194e-03
3.912610e-03
3.919030e-03
3.925456e-03
3.931887e-03
3.938324e-03
3.944766e-03
3.951213e-03
3.957665e-03
3.964122e-03
3.970585e-03
3.977053e-03
3.983527e-03
3.990005e-03
3.996489e-03
4.002978e-03
4.009472e-03
4.015972e-03
4.022477e-03
4.028987e-03
4.035502e-03
4.042023e-03
4.048549e-03
4.055080e-03
4.061617e-03
4.068158e-03
4.074705e-03
4.081258e-03
4.087815e-03
4.094378e-03
4.100946e-03
4.107519e-03
4.114098e-03
4.120682e-03
4.127271e-03
4.133865e-03
4.140465e-03
4.147069e-03
4.153680e-03
4.160295e-03
4.166916e-03
4.173541e-03
4.180173e-03
4.186809e-03
4.193451e-03
4.200098e-03
4.206750e-03
4.213407e-03
4.220070e-03
4.226738e-03
4.233412e-03
4.240090e-03
4.246774e-03
4.253463e-03
4.260157e-03
4.266857e-03
4.273562e-03
4.280272e-03
4.286987e-03
4.293708e-03
4.300434e-03
4.307165e-03
4.313901e-03
4.320643e-03
4.327390e-03
4.334142e-03
4.340900e-03
4.347662e-03
4.354430e-03
4.361204e-03
4.367982e-03
4.374766e-03
4.381555e-03
4.388349e-03
4.395149e-03
4.401954e-03
4.408764e-03
4.415579e-03
4.422400e-03
4.429226e-03
4.436057e-03
4.442893e-03
4.449735e-03
4.456582e-03
4.463434e-03
4.470292e-03
4.477154e-03
4.484022e-03
4.490895e-03
4.497774e-03
4.504658e-03
4.511547e-03
4.518441e-03
4.525341e-03
4.532245e-03
4.539156e-03
4.546071e-03
4.552992e-03
4.559917e-03
4.566849e-03
4.573785e-03
4.580727e-03
4.587674e-03
4.594626e-03
4.601583e-03
4.608546e-03
4.615514e-03
4.622487e-03
4.629466e-03
4.636449e-03
4.643438e-03
4.650433e-03
4.657432e-03
4.664437e-03
4.671447e-03
4.678462e-03
4.685483e-03
4.692509e-03
4.699540e-03
4.706576e-03
4.713618e-03
4.720665e-03
4.727717e-03
4.734774e-03
4.741837e-03
4.748905e-03
4.755978e-03
4.763057e-03
4.770141e-03
4.777230e-03
4.784324e-03
4.791423e-03
4.798528e-03
4.805638e-03
4.812754e-03
4.819874e-03
4.827000e-03
4.834131e-03
4.841267e-03
4.848409e-03
4.855556e-03
4.862708e-03
4.869866e-03
4.877028e-03
4.884196e-03
4.891369e-03
4.898548e-03
4.905732e-03
4.912921e-03
4.920115e-03
4.927314e-03
4.934519e-03
4.941729e-03
4.948945e-03
4.956165e-03
4.963391e-03
4.970622e-03
4.977858e-03
4.985100e-03
4.992347e-03
4.999599e-03
5.006856e-03
5.014119e-03
5.021387e-03
5.028660e-03
5.035939e-03
5.043222e-03
5.050511e-03
5.057806e-03
5.065105e-03
5.072410e-03
5.079720e-03
5.087035e-03
5.094356e-03
5.101682e-03
5.109013e-03
5.116349e-03
5.123691e-03
5.131037e-03
5.138390e-03
5.145747e-03
5.153110e-03
5.160478e-03
5.167851e-03
5.175229e-03
5.182613e-03
5.190002e-03
5.197396e-03
5.204796e-03
5.212200e-03
5.219610e-03
5.227026e-03
5.234446e-03
5.241872e-03
5.249303e-03
5.256739e-03
5.264181e-03
5.271628e-03
5.279080e-03
5.286537e-03
5.294000e-03
5.301468e-03
5.308941e-03
5.316419e-03
5.323903e-03
5.331392e-03
5.338886e-03
5.346386e-03
5.353890e-03
5.361400e-03
5.368916e-03
5.376436e-03
5.383962e-03
5.391493e-03
5.399029e-03
5.406571e-03
5.414118e-03
5.421670e-03
5.429227e-03
5.436790e-03
5.444358e-03
5.451931e-03
5.459509e-03
5.467093e-03
5.474682e-03
5.482276e-03
5.489876e-03
5.497480e-03
5.505090e-03
5.512706e-03
5.520326e-03
5.527952e-03
5.535583e-03
5.543219e-03
5.550861e-03
5.558508e-03
5.566160e-03
5.573817e-03
5.581480e-03
5.589148e-03
5.596821e-03
5.604499e-03
5.612183e-03
5.619872e-03
5.627566e-03
5.635265e-03
5.642970e-03
5.650680e-03
5.658395e-03
5.666116e-03
5.673841e-03
5.681572e-03
5.689309e-03
5.697050e-03
5.704797e-03
5.712549e-03
5.720307e-03
5.728069e-03
5.735837e-03
5.743610e-03
5.751388e-03
5.759172e-03
5.766961e-03
5.774755e-03
5.782555e-03
5.790359e-03
5.798169e-03
5.805985e-03
5.813805e-03
5.821631e-03
5.829462e-03
5.837298e-03
5.845140e-03
5.852986e-03
5.860838e-03
5.868696e-03
5.876558e-03
5.884426e-03
5.892299e-03
5.900178e-03
5.908061e-03
5.915950e-03
5.923844e-03
5.931744e-03
5.939648e-03
5.947558e-03
5.955474e-03
5.963394e-03
5.971320e-03
5.979251e-03
5.987187e-03
5.995129e-03
6.003075e-03
6.011027e-03
6.018985e-03
6.026947e-03
6.034915e-03
6.042888e-03
6.050867e-03
6.058850e-03
6.066839e-03
6.074833e-03
6.082168e-03
6.089476e-03
6.096758e-03
6.104014e-03
6.111244e-03
6.118448e-03
6.125625e-03
6.132776e-03
6.139900e-03
6.146999e-03
6.154071e-03
6.161117e-03
6.168137e-03
6.175130e-03
6.182098e-03
6.189039e-03
6.195953e-03
6.202842e-03
6.209704e-03
6.216540e-03
6.223350e-03
6.230134e-03
6.236891e-03
6.243622e-03
6.250327e-03
6.257006e-03
6.263658e-03
6.270284e-03
6.276884e-03
6.283458e-03
6.290005e-03
6.296526e-03
6.303021e-03
6.309490e-03
6.315932e-03
6.322348e-03
6.328738e-03
6.335102e-03
6.341439e-03
6.347751e-03
6.354036e-03
6.360294e-03
6.366527e-03
6.372733e-03
6.378913e-03
6.385067e-03
6.391194e-03
6.397296e-03
6.403371e-03
6.409420e-03
6.415442e-03
6.421438e-03
6.427408e-03
6.433352e-03
6.439270e-03
6.445161e-03
6.451026e-03
6.456865e-03
6.462678e-03
6.468464e-03
6.474224e-03
6.479958e-03
6.485666e-03
6.491347e-03
6.497002e-03
6.502631e-03
6.508234e-03
6.513810e-03
6.519361e-03
6.524885e-03
6.530382e-03
6.535854e-03
6.541299e-03
6.546718e-03
6.552111e-03
6.557477e-03
6.562817e-03
6.568131e-03
6.573419e-03
6.578681e-03
6.583916e-03
6.589125e-03
6.594308e-03
6.599464e-03
6.604595e-03
6.609699e-03
6.614777e-03
6.619828e-03
6.624854e-03
6.629853e-03
6.634826e-03
6.639772e-03
6.644693e-03
6.649587e-03
6.654455e-03
6.659296e-03
6.664112e-03
6.668901e-03
6.673664e-03
6.678400e-03
6.683111e-03
6.687795e-03
6.692453e-03
6.697085e-03
6.701690e-03
6.706269e-03
6.710822e-03
6.715349e-03
6.719850e-03
6.724324e-03
6.728772e-03
6.733194e-03
6.737589e-03
6.741959e-03
6.746302e-03
6.750618e-03
6.754909e-03
6.759173e-03
6.763411e-03
6.767623e-03
6.771809e-03
6.775968e-03
6.780101e-03
6.784208e-03
6.788289e-03
6.792343e-03
6.796371e-03
6.800373e-03
6.804349e-03
6.808298e-03
6.812221e-03
6.816118e-03
6.819989e-03
6.823834e-03
6.827652e-03
6.831444e-03
6.835209e-03
6.838949e-03
6.842662e-03
6.846349e-03
6.850010e-03
6.853644e-03
6.857253e-03
6.860835e-03
6.864391e-03
6.867920e-03
6.871423e-03
6.874900e-03
6.878351e-03
6.881776e-03
6.885174e-03
6.888546e-03
6.891892e-03
6.895212e-03
6.898505e-03
6.901772e-03
6.905013e-03
6.908228e-03
6.911416e-03
6.914578e-03
6.917714e-03
6.920824e-03
6.923907e-03
6.926964e-03
6.929995e-03
6.933000e-03
6.935979e-03
6.938931e-03
6.941857e-03
6.944756e-03
6.947630e-03
6.950477e-03
6.953298e-03
6.956093e-03
6.958862e-03
6.961604e-03
6.964320e-03
6.967010e-03
6.969673e-03
6.972310e-03
6.974922e-03
6.977506e-03
6.980065e-03
6.982597e-03
6.985103e-03
6.987583e-03
6.990037e-03
6.992464e-03
6.994865e-03
6.997240e-03
6.999589e-03
7.001911e-03
7.004207e-03
7.006477e-03
7.008721e-03
7.010939e-03
7.013130e-03
7.015295e-03
7.017433e-03
7.019546e-03
7.021632e-03
7.023692e-03
7.025726e-03
7.027733e-03
7.029715e-03
7.031670e-03
7.033598e-03
7.035501e-03
7.037377e-03
7.039227e-03
7.041051e-03
7.042849e-03
7.044620e-03
7.046365e-03
7.048084e-03
7.049776e-03
7.051443e-03
7.053083e-03
7.054697e-03
7.056284e-03
7.057846e-03
7.059381e-03
7.060890e-03
7.062372e-03
7.063829e-03
7.065259e-03
7.066663e-03
7.068041e-03
7.069392e-03
7.070717e-03
7.072016e-03
7.073289e-03
7.074535e-03
7.075756e-03
7.076950e-03
7.078117e-03
7.079259e-03
7.080374e-03
7.081463e-03
7.082526e-03
7.083562e-03
7.084573e-03
7.085557e-03
7.086515e-03
7.087446e-03
7.088352e-03
7.089231e-03
7.090083e-03
7.090910e-03
7.091710e-03
7.092485e-03
7.093232e-03
7.093954e-03
7.094649e-03
7.095319e-03
7.095961e-03
7.096578e-03
7.097169e-03
7.097733e-03
7.098271e-03
7.098782e-03
7.099268e-03
7.099727e-03
7.100160e-03
7.100567e-03
7.100947e-03
7.101301e-03
7.101629e-03
7.101931e-03
7.102207e-03
7.102456e-03
7.102679e-03
7.102876e-03
7.103046e-03
7.103191e-03
7.103309e-03
7.103401e-03
7.103466e-03
7.103505e-03
7.103519e-03
7.103505e-03
7.103466e-03
7.103400e-03
7.103309e-03
7.103190e-03
7.103046e-03
7.102875e-03
7.102679e-03
7.102456e-03
7.102206e-03
7.101931e-03
7.101629e-03
7.101301e-03
7.100946e-03
7.100566e-03
7.100159e-03
7.099726e-03
7.099267e-03
7.098781e-03
7.098270e-03
7.097954e-03
7.097954e-03
7.097954e-03
7.097954e-03
7.097954e-03
7.097954e-03
7.097954e-03
7.097954e-03
7.097954e-03
7.097954e-03
7.097954e-03
7.097954e-03
7.097954e-03
7.097954e-03
7.097954e-03
7.097954e-03
7.097954e-03
7.097954e-03
7.097954e-03
7.097954e-03
7.097954e-03
7.097954e-03
7.097954e-03
7.097954e-03
7.097954e-03
7.097954e-03
7.097954e-03
7.097954e-03
7.097954e-03
7.097954e-03
7.097954e-03
7.097954e-03
7.097954e-03
7.097954e-03
7.097954e-03
7.097954e-03
7.097954e-03
7.097954e-03
7.097954e-03
7.097954e-03
7.097954e-03
7.097954e-03
7.097954e-03
7.097954e-03
7.097954e-03
7.097954e-03
7.097954e-03
7.097954e-03
7.097954e-03
7.097954e-03
7.097954e-03
7.097954e-03
7.097954e-03
7.097954e-03
7.097954e-03
7.097954e-03
7.097954e-03
7.097954e-03
7.097954e-03
7.097954e-03
7.097954e-03
7.097954e-03
7.097954e-03
7.097954e-03
7.097954e-03
7.097954e-03
7.097954e-03
7.097954e-03
7.097954e-03
7.097954e-03
7.097954e-03
7.097954e-03
7.097954e-03
7.097954e-03
7.097954e-03
7.097954e-03
7.097954e-03
7.097954e-03
7.097954e-03
7.097954e-03
7.097954e-03
7.097954e-03
7.097954e-03
7.097954e-03
7.097954e-03
7.097954e-03
7.097954e-03
7.097954e-03
7.097954e-03
7.097954e-03
7.097954e-03
7.097954e-03
7.097954e-03
7.097954e-03
7.097954e-03
7.097954e-03
7.097954e-03
7.097954e-03
7.097954e-03
7.097954e-03
7.097954e-03
7.097954e-03
7.097954e-03
7.097954e-03
7.097954e-03
7.097954e-03
7.097954e-03
7.097954e-03
7.097954e-03
7.097954e-03
7.097954e-03
7.097954e-03
7.097954e-03
7.097954e-03
7.097954e-03
7.097954e-03
7.097954e-03
7.097954e-03
7.097954e-03
7.097954e-03
7.097954e-03
7.097954e-03
7.097954e-03
7.097954e-03
7.097954e-03
7.097954e-03
7.097954e-03
7.097954e-03
7.097954e-03
7.097954e-03
7.097954e-03
7.097954e-03
7.097954e-03
7.097954e-03
7.097954e-03
7.097954e-03
7.097954e-03
7.097954e-03
7.097954e-03
7.097954e-03
7.097954e-03
7.097954e-03
7.097954e-03
7.097954e-03
7.097954e-03
7.097954e-03
7.097954e-03
7.097954e-03
7.097954e-03
7.097954e-03
7.097954e-03
7.097954e-03
7.097954e-03
7.097954e-03
7.097954e-03
7.097954e-03
7.097954e-03
7.097954e-03
7.097954e-03
7.097954e-03
7.097954e-03
7.097954e-03
7.097954e-03
7.097954e-03
7.097954e-03
7.097954e-03
7.097954e-03
7.097954e-03
7.097954e-03
7.097954e-03
7.097954e-03
7.097954e-03
7.097954e-03
7.097954e-03
7.097954e-03
7.097954e-03
7.097954e-03
7.097954e-03
7.097954e-03
7.097954e-03
7.097954e-03
7.097954e-03
7.097954e-03
7.097954e-03
7.097954e-03
7.097954e-03
7.097954e-03
7.097954e-03
7.097954e-03
7.097954e-03
7.097954e-03
7.097954e-03
7.097954e-03
7.097954e-03
7.097954e-03
7.097954e-03
7.097954e-03
7.097954e-03
7.097954e-03
7.097954e-03
7.097954e-03
