0.000000e+00
1.110371e-07
2.272872e-07
3.487503e-07
4.754264e-07
6.073155e-07
7.444176e-07
8.867328e-07
1.034261e-06
1.187002e-06
1.344956e-06
1.508123e-06
1.676504e-06
1.850097e-06
2.028903e-06
2.212922e-06
2.402154e-06
2.596600e-06
2.796258e-06
3.001129e-06
3.211213e-06
3.426511e-06
3.647021e-06
3.872744e-06
4.103680e-06
4.339830e-06
4.581192e-06
4.827767e-06
5.079556e-06
5.336557e-06
5.598771e-06
5.866199e-06
6.138839e-06
6.416692e-06
6.699759e-06
6.988038e-06
7.281531e-06
7.580236e-06
7.884154e-06
8.193286e-06
8.507630e-06
8.827188e-06
9.151958e-06
9.481942e-06
9.817138e-06
1.015755e-05
1.050317e-05
1.085401e-05
1.121005e-05
1.157132e-05
1.193779e-05
1.230948e-05
1.268638e-05
1.306849e-05
1.345582e-05
1.384836e-05
1.424611e-05
1.464908e-05
1.505725e-05
1.547065e-05
1.588925e-05
1.631307e-05
1.674210e-05
1.717634e-05
1.761580e-05
1.806047e-05
1.851035e-05
1.896545e-05
1.942576e-05
1.989128e-05
2.036201e-05
2.083796e-05
2.131912e-05
2.180549e-05
2.229708e-05
2.279388e-05
2.329589e-05
2.380312e-05
2.431556e-05
2.483321e-05
2.535607e-05
2.588415e-05
2.641744e-05
2.695595e-05
2.749966e-05
2.804859e-05
2.860274e-05
2.916209e-05
2.972666e-05
3.029644e-05
3.087144e-05
3.145165e-05
3.203707e-05
3.262770e-05
3.322355e-05
3.382461e-05
3.443088e-05
3.504237e-05
3.565907e-05
3.628098e-05
3.690810e-05
3.754044e-05
3.817799e-05
3.882075e-05
3.946873e-05
4.012192e-05
4.078032e-05
4.144394e-05
4.211277e-05
4.278681e-05
4.346607e-05
4.415054e-05
4.484022e-05
4.553511e-05
4.623522e-05
4.694054e-05
4.765107e-05
4.836682e-05
4.908778e-05
4.981395e-05
5.054533e-05
5.128193e-05
5.202374e-05
5.277077e-05
5.352300e-05
5.428045e-05
5.504312e-05
5.581099e-05
5.658408e-05
5.736238e-05
5.814590e-05
5.893463e-05
5.972857e-05
6.052772e-05
6.133209e-05
6.214167e-05
6.295646e-05
6.377647e-05
6.460169e-05
6.543212e-05
6.626777e-05
6.710863e-05
6.795470e-05
6.880598e-05
6.966248e-05
7.052419e-05
7.139111e-05
7.226325e-05
7.314060e-05
7.402316e-05
7.491094e-05
7.580392e-05
7.670213e-05
7.760554e-05
7.851417e-05
7.942801e-05
8.034706e-05
8.127133e-05
8.220081e-05
8.313550e-05
8.407541e-05
8.502052e-05
8.597086e-05
8.692640e-05
8.788716e-05
8.885313e-05
8.982431e-05
9.080071e-05
9.178232e-05
9.276914e-05
9.376118e-05
9.475842e-05
9.576089e-05
9.676856e-05
9.778145e-05
9.879955e-05
9.982286e-05
1.008514e-04
1.018851e-04
1.029241e-04
1.039682e-04
1.050176e-04
1.060722e-04
1.071320e-04
1.081970e-04
1.092673e-04
1.103427e-04
1.114234e-04
1.125092e-04
1.136003e-04
1.146966e-04
1.157981e-04
1.169048e-04
1.180168e-04
1.191339e-04
1.202563e-04
1.213839e-04
1.225167e-04
1.236547e-04
1.247979e-04
1.259463e-04
1.270999e-04
1.282588e-04
1.294228e-04
1.305921e-04
1.317666e-04
1.329463e-04
1.341312e-04
1.353214e-04
1.365167e-04
1.377173e-04
1.389230e-04
1.401340e-04
1.413502e-04
1.425716e-04
1.437982e-04
1.450301e-04
1.462671e-04
1.475094e-04
1.487569e-04
1.500095e-04
1.512674e-04
1.525306e-04
1.537989e-04
1.550724e-04
1.563512e-04
1.576351e-04
1.589243e-04
1.602187e-04
1.615183e-04
1.628231e-04
1.641331e-04
1.654484e-04
1.667688e-04
1.680945e-04
1.694254e-04
1.707615e-04
1.721028e-04
1.734493e-04
1.748010e-04
1.761580e-04
1.775202e-04
1.788875e-04
1.802601e-04
1.816379e-04
1.830209e-04
1.844091e-04
1.858026e-04
1.872012e-04
1.886051e-04
1.900142e-04
1.914285e-04
1.928480e-04
1.942727e-04
1.957026e-04
1.971377e-04
1.985781e-04
2.000237e-04
2.014744e-04
2.029304e-04
2.043916e-04
2.058581e-04
2.073297e-04
2.088065e-04
2.102886e-04
2.117759e-04
2.132684e-04
2.147661e-04
2.162690e-04
2.177771e-04
2.192904e-04
2.208090e-04
2.223327e-04
2.238617e-04
2.253959e-04
2.269353e-04
2.284799e-04
2.300297e-04
2.315848e-04
2.331450e-04
2.347105e-04
2.362812e-04
2.378571e-04
2.394382e-04
2.410245e-04
2.426160e-04
2.442128e-04
2.458147e-04
2.474219e-04
2.490343e-04
2.506519e-04
2.522747e-04
2.539027e-04
2.555360e-04
2.571744e-04
2.588181e-04
2.604669e-04
2.621210e-04
2.637803e-04
2.654448e-04
2.671146e-04
2.687895e-04
2.704697e-04
2.721550e-04
2.738456e-04
2.755414e-04
2.772424e-04
2.789486e-04
2.806601e-04
2.823767e-04
2.840986e-04
2.858256e-04
2.875579e-04
2.892954e-04
2.910381e-04
2.927860e-04
2.945392e-04
2.962975e-04
2.980611e-04
2.998298e-04
3.016038e-04
3.033830e-04
3.051674e-04
3.069571e-04
3.087519e-04
3.105520e-04
3.123572e-04
3.141677e-04
3.159834e-04
3.178043e-04
3.196304e-04
3.214617e-04
3.232983e-04
3.251400e-04
3.269870e-04
3.288392e-04
3.306966e-04
3.325592e-04
3.344270e-04
3.363001e-04
3.381783e-04
3.400618e-04
3.419504e-04
3.438443e-04
3.457434e-04
3.476477e-04
3.495573e-04
3.514720e-04
3.533919e-04
3.553171e-04
3.572475e-04
3.591831e-04
3.611239e-04
3.630699e-04
3.650211e-04
3.669776e-04
3.689392e-04
3.709061e-04
3.728782e-04
3.748555e-04
3.768380e-04
3.788257e-04
3.808186e-04
3.828168e-04
3.848201e-04
3.868287e-04
3.888425e-04
3.908615e-04
3.928857e-04
3.949151e-04
3.969498e-04
3.989896e-04
4.010347e-04
4.030850e-04
4.051404e-04
4.072011e-04
4.092671e-04
4.113382e-04
4.134145e-04
4.154961e-04
4.175829e-04
4.196748e-04
4.217720e-04
4.238744e-04
4.259821e-04
4.280949e-04
4.302129e-04
4.323362e-04
4.344647e-04
4.365983e-04
4.387372e-04
4.408814e-04
4.430307e-04
4.451852e-04
4.473450e-04
4.495099e-04
4.516801e-04
4.538555e-04
4.560361e-04
4.582219e-04
4.604129e-04
4.626092e-04
4.648106e-04
4.670173e-04
4.692292e-04
4.714463e-04
4.736686e-04
4.758961e-04
4.781288e-04
4.803668e-04
4.826099e-04
4.848583e-04
4.871119e-04
4.893707e-04
4.916347e-04
4.939039e-04
4.961783e-04
4.984580e-04
5.007429e-04
5.030329e-04
5.053282e-04
5.076287e-04
5.099344e-04
5.122454e-04
5.145615e-04
5.168829e-04
5.192094e-04
5.215412e-04
5.238782e-04
5.262204e-04
5.285678e-04
5.309204e-04
5.332783e-04
5.356413e-04
5.380096e-04
5.403831e-04
5.427618e-04
5.451457e-04
5.475348e-04
5.499292e-04
5.523287e-04
5.547335e-04
5.571434e-04
5.595586e-04
5.619790e-04
5.644046e-04
5.668355e-04
5.692715e-04
5.717128e-04
5.741592e-04
5.766109e-04
5.790678e-04
5.815299e-04
5.839972e-04
5.864697e-04
5.889475e-04
5.914304e-04
5.939186e-04
5.964120e-04
5.989106e-04
6.014144e-04
6.039234e-04
6.064376e-04
6.089571e-04
6.114818e-04
6.140116e-04
6.165467e-04
6.190870e-04
6.216325e-04
6.241833e-04
6.267392e-04
6.293003e-04
6.318667e-04
6.344383e-04
6.370151e-04
6.395971e-04
6.421843e-04
6.447767e-04
6.473744e-04
6.499772e-04
6.525853e-04
6.551986e-04
6.578171e-04
6.604408e-04
6.630697e-04
6.657038e-04
6.683432e-04
6.709877e-04
6.736375e-04
6.762925e-04
6.789527e-04
6.816181e-04
6.842887e-04
6.869646e-04
6.896456e-04
6.923319e-04
6.950233e-04
6.977200e-04
7.004219e-04
7.031291e-04
7.058414e-04
7.085589e-04
7.112817e-04
7.140096e-04
7.167428e-04
7.194812e-04
7.222248e-04
7.249736e-04
7.277277e-04
7.304869e-04
7.332514e-04
7.360211e-04
7.387959e-04
7.415760e-04
7.443613e-04
7.471519e-04
7.499476e-04
7.527486e-04
7.555547e-04
7.583661e-04
7.611827e-04
7.640045e-04
7.668315e-04
7.696637e-04
7.725012e-04
7.753438e-04
7.781917e-04
7.810448e-04
7.839031e-04
7.867666e-04
7.896353e-04
7.925092e-04
7.953884e-04
7.982727e-04
8.011623e-04
8.040571e-04
8.069571e-04
8.098623e-04
8.127727e-04
8.156883e-04
8.186092e-04
8.215353e-04
8.244665e-04
8.274030e-04
8.303447e-04
8.332916e-04
8.362438e-04
8.392011e-04
8.421636e-04
8.451314e-04
8.481044e-04
8.510826e-04
8.540660e-04
8.570546e-04
8.600484e-04
8.630475e-04
8.660517e-04
8.690612e-04
8.720759e-04
8.750958e-04
8.781209e-04
8.811512e-04
8.841868e-04
8.872275e-04
8.902735e-04
8.933246e-04
8.963810e-04
8.994426e-04
9.025094e-04
9.055815e-04
9.086587e-04
9.117412e-04
9.148288e-04
9.179217e-04
9.210198e-04
9.241231e-04
9.272316e-04
9.303453e-04
9.334643e-04
9.365884e-04
9.397178e-04
9.428524e-04
9.459922e-04
9.491372e-04
9.522874e-04
9.554429e-04
9.586035e-04
9.617694e-04
9.649404e-04
9.681167e-04
9.712982e-04
9.744849e-04
9.776769e-04
9.808740e-04
9.840763e-04
9.872839e-04
9.904967e-04
9.937147e-04
9.969379e-04
1.000166e-03
1.003400e-03
1.006639e-03
1.009883e-03
1.013132e-03
1.016387e-03
1.019646e-03
1.022911e-03
1.026181e-03
1.029457e-03
1.032737e-03
1.036023e-03
1.039314e-03
1.042610e-03
1.045911e-03
1.049218e-03
1.052530e-03
1.055847e-03
1.059169e-03
1.062497e-03
1.065829e-03
1.069167e-03
1.072510e-03
1.075859e-03
1.079212e-03
1.082571e-03
1.085935e-03
1.089304e-03
1.092678e-03
1.096058e-03
1.099443e-03
1.102833e-03
1.106228e-03
1.109629e-03
1.113034e-03
1.116445e-03
1.119861e-03
1.123282e-03
1.126709e-03
1.130141e-03
1.133578e-03
1.137020e-03
1.140467e-03
1.143920e-03
1.147377e-03
1.150840e-03
1.154309e-03
1.157782e-03
1.161261e-03
1.164745e-03
1.168234e-03
1.171728e-03
1.175227e-03
1.178732e-03
1.182242e-03
1.185757e-03
1.189278e-03
1.192803e-03
1.196334e-03
1.199870e-03
1.203411e-03
1.206957e-03
1.210509e-03
1.214066e-03
1.217628e-03
1.221195e-03
1.224768e-03
1.228345e-03
1.231928e-03
1.235516e-03
1.239110e-03
1.242708e-03
1.246312e-03
1.249921e-03
1.253535e-03
1.257155e-03
1.260779e-03
1.264409e-03
1.268044e-03
1.271684e-03
1.275330e-03
1.278980e-03
1.282636e-03
1.286297e-03
1.289964e-03
1.293635e-03
1.297312e-03
1.300994e-03
1.304681e-03
1.308373e-03
1.312071e-03
1.315774e-03
1.319482e-03
1.323195e-03
1.326914e-03
1.330637e-03
1.334366e-03
1.338100e-03
1.341839e-03
1.345584e-03
1.349334e-03
1.353089e-03
1.356849e-03
1.360614e-03
1.364385e-03
1.368160e-03
1.371941e-03
1.375728e-03
1.379519e-03
1.383316e-03
1.387118e-03
1.390925e-03
1.394737e-03
1.398554e-03
1.402377e-03
1.406205e-03
1.410038e-03
1.413876e-03
1.417720e-03
1.421569e-03
1.425423e-03
1.429282e-03
1.433146e-03
1.437016e-03
1.440891e-03
1.444771e-03
1.448656e-03
1.452547e-03
1.456442e-03
1.460343e-03
1.464249e-03
1.468161e-03
1.472077e-03
1.475999e-03
1.479926e-03
1.483858e-03
1.487795e-03
1.491738e-03
1.495686e-03
1.499639e-03
1.503597e-03
1.507560e-03
1.511529e-03
1.515503e-03
1.519482e-03
1.523466e-03
1.527456e-03
1.531451e-03
1.535451e-03
1.539456e-03
1.543466e-03
1.547482e-03
1.551502e-03
1.555528e-03
1.559560e-03
1.563596e-03
1.567638e-03
1.571685e-03
1.575737e-03
1.579794e-03
1.583856e-03
1.587924e-03
1.591997e-03
1.596075e-03
1.600159e-03
1.604247e-03
1.608341e-03
1.612440e-03
1.616544e-03
1.620654e-03
1.624768e-03
1.628888e-03
1.633013e-03
1.637143e-03
1.641279e-03
1.645419e-03
1.649565e-03
1.653717e-03
1.657873e-03
1.662034e-03
1.666201e-03
1.670373e-03
1.674550e-03
1.678733e-03
1.682920e-03
1.687113e-03
1.691311e-03
1.695514e-03
1.699723e-03
1.703937e-03
1.708155e-03
1.712380e-03
1.716609e-03
1.720843e-03
1.725083e-03
1.729328e-03
1.733578e-03
1.737834e-03
1.742094e-03
1.746360e-03
1.750631e-03
1.754907e-03
1.759189e-03
1.763475e-03
1.767767e-03
1.772064e-03
1.776367e-03
1.780674e-03
1.784987e-03
1.789305e-03
1.793628e-03
1.797956e-03
1.802290e-03
1.806629e-03
1.810973e-03
1.815322e-03
1.819676e-03
1.824036e-03
1.828401e-03
1.832771e-03
1.837146e-03
1.841527e-03
1.845912e-03
1.850303e-03
1.854699e-03
1.859101e-03
1.863507e-03
1.867919e-03
1.872336e-03
1.876758e-03
1.881186e-03
1.885618e-03
1.890056e-03
1.894499e-03
1.898947e-03
1.903401e-03
1.907860e-03
1.912323e-03
1.916793e-03
1.921267e-03
1.925746e-03
1.930231e-03
1.934721e-03
1.939216e-03
1.943717e-03
1.948222e-03
1.952733e-03
1.957249e-03
1.961770e-03
1.966297e-03
1.970829e-03
1.975365e-03
1.979908e-03
1.984455e-03
1.989007e-03
1.993565e-03
1.998128e-03
2.002696e-03
2.007270e-03
2.011848e-03
2.016432e-03
2.021021e-03
2.025615e-03
2.030215e-03
2.034819e-03
2.039429e-03
2.044044e-03
2.048664e-03
2.053290e-03
2.057921e-03
2.062557e-03
2.067198e-03
2.071844e-03
2.076496e-03
2.081152e-03
2.085814e-03
2.090482e-03
2.095154e-03
2.099832e-03
2.104515e-03
2.109203e-03
2.113896e-03
2.118594e-03
2.123298e-03
2.128007e-03
2.132721e-03
2.137440e-03
2.142165e-03
2.146895e-03
2.151630e-03
2.156370e-03
2.161115e-03
2.165866e-03
2.170622e-03
2.175383e-03
2.180149e-03
2.184921e-03
2.189697e-03
2.194479e-03
2.199266e-03
2.204059e-03
2.208856e-03
2.213659e-03
2.218467e-03
2.223280e-03
2.228098e-03
2.232922e-03
2.237751e-03
2.242585e-03
2.247424e-03
2.252268e-03
2.257118e-03
2.261973e-03
2.266833e-03
2.271698e-03
2.276569e-03
2.281445e-03
2.286326e-03
2.291212e-03
2.296103e-03
2.301000e-03
2.305901e-03
2.310808e-03
2.315721e-03
2.320638e-03
2.325561e-03
2.330489e-03
2.335422e-03
2.340360e-03
2.345303e-03
2.350252e-03
2.355206e-03
2.360165e-03
2.365130e-03
2.370099e-03
2.375074e-03
2.380054e-03
2.385039e-03
2.390029e-03
2.395025e-03
2.400026e-03
2.405032e-03
2.410043e-03
2.415060e-03
2.420081e-03
2.425108e-03
2.430140e-03
2.435178e-03
2.440220e-03
2.445268e-03
2.450321e-03
2.455379e-03
2.460443e-03
2.465511e-03
2.470585e-03
2.475664e-03
2.480748e-03
2.485838e-03
2.490932e-03
2.496032e-03
2.501137e-03
2.506248e-03
2.511363e-03
2.516484e-03
2.521610e-03
2.526741e-03
2.531878e-03
2.537019e-03
2.542166e-03
2.547318e-03
2.552475e-03
2.557638e-03
2.562805e-03
2.567978e-03
2.573156e-03
2.578340e-03
2.583528e-03
2.588722e-03
2.593921e-03
2.599125e-03
2.604334e-03
2.609549e-03
2.614769e-03
2.619994e-03
2.625224e-03
2.630459e-03
2.635700e-03
2.640946e-03
2.646197e-03
2.651453e-03
2.656715e-03
2.661981e-03
2.667253e-03
2.672530e-03
2.677813e-03
2.683100e-03
2.688393e-03
2.693691e-03
2.698994e-03
2.704303e-03
2.709616e-03
2.714935e-03
2.720259e-03
2.725588e-03
2.730923e-03
2.736262e-03
2.741607e-03
2.746957e-03
2.752313e-03
2.757673e-03
2.763039e-03
2.768410e-03
2.773786e-03
2.779168e-03
2.784554e-03
2.789946e-03
2.795343e-03
2.800745e-03
2.806153e-03
2.811565e-03
2.816983e-03
2.822406e-03
2.827835e-03
2.833268e-03
2.838707e-03
2.844151e-03
2.849600e-03
2.855054e-03
2.860514e-03
2.865979e-03
2.871449e-03
2.876924e-03
2.882404e-03
2.887890e-03
2.893381e-03
2.898877e-03
2.904378e-03
2.909885e-03
2.915397e-03
2.920913e-03
2.926436e-03
2.931963e-03
2.937496e-03
2.943033e-03
2.948576e-03
2.954124e-03
2.959678e-03
2.965237e-03
2.970800e-03
2.976369e-03
2.981944e-03
2.987523e-03
2.993108e-03
2.998698e-03
3.004293e-03
3.009893e-03
3.015499e-03
3.021110e-03
3.026726e-03
3.032347e-03
3.037973e-03
3.043605e-03
3.049242e-03
3.054884e-03
3.060531e-03
3.066183e-03
3.071841e-03
3.077504e-03
3.083172e-03
3.088845e-03
3.094524e-03
3.100208e-03
3.105897e-03
3.111591e-03
3.117290e-03
3.122995e-03
3.128704e-03
3.134420e-03
3.140140e-03
3.145865e-03
3.151596e-03
3.157332e-03
3.163073e-03
3.168819e-03
3.174571e-03
3.180327e-03
3.186089e-03
3.191856e-03
3.197629e-03
3.203406e-03
3.209189e-03
3.214977e-03
3.220770e-03
3.226569e-03
3.232372e-03
3.238181e-03
3.243995e-03
3.249815e-03
3.255639e-03
3.261469e-03
3.267304e-03
3.273144e-03
3.278989e-03
3.284840e-03
3.290696e-03
3.296557e-03
3.302423e-03
3.308294e-03
3.314171e-03
3.320053e-03
3.325940e-03
3.331832e-03
3.337729e-03
3.343632e-03
3.349540e-03
3.355453e-03
3.361372e-03
3.367295e-03
3.373224e-03
3.379158e-03
3.385097e-03
3.391041e-03
3.396991e-03
3.402946e-03
3.408906e-03
3.414871e-03
3.420842e-03
3.426817e-03
3.432798e-03
3.438784e-03
3.444775e-03
3.450772e-03
3.456774e-03
3.462781e-03
3.468793e-03
3.474810e-03
3.480833e-03
3.486861e-03
3.492894e-03
3.498932e-03
3.504975e-03
3.511024e-03
3.517078e-03
3.523137e-03
3.529201e-03
3.535271e-03
3.541345e-03
3.547425e-03
3.553510e-03
3.559601e-03
3.565696e-03
3.571797e-03
3.577903e-03
3.584014e-03
3.590131e-03
3.596252e-03
3.602379e-03
3.608511e-03
3.614649e-03
3.620791e-03
3.626939e-03
3.633092e-03
3.639250e-03
3.645413e-03
3.651582e-03
3.657756e-03
3.663935e-03
3.670119e-03
3.676308e-03
3.682503e-03
3.688703e-03
3.694908e-03
3.701118e-03
3.707333e-03
3.713554e-03
3.719780e-03
3.726011e-03
3.732247e-03
3.738489e-03
3.744736e-03
3.750988e-03
3.757245e-03
3.763507e-03
3.769775e-03
3.776048e-03
3.782326e-03
3.788609e-03
3.794897e-03
3.801191e-03
3.807490e-03
3.813794e-03
3.820103e-03
3.826418e-03
3.832737e-03
3.839062e-03
3.845393e-03
3.851728e-03
3.858069e-03
3.864414e-03
3.870765e-03
3.877122e-03
3.883483e-03
3.889850e-03
3.896222e-03
3.902599e-03
3.908981e-03
3.915368e-03
3.921761e-03
3.928159e-03
3.934562e-03
3.940970e-03
3.947384e-03
3.953803e-03
3.960227e-03
3.966656e-03
3.973090e-03
3.979530e-03
3.985975e-03
3.992425e-03
3.998880e-03
4.005341e-03
4.011806e-03
4.018277e-03
4.024753e-03
4.031235e-03
4.037721e-03
4.044213e-03
4.050710e-03
4.057212e-03
4.063720e-03
4.070232e-03
4.076750e-03
4.083273e-03
4.089801e-03
4.096335e-03
4.102874e-03
4.109417e-03
4.115967e-03
4.122521e-03
4.129080e-03
4.135645e-03
4.142215e-03
4.148790e-03
4.155371e-03
4.161956e-03
4.168547e-03
4.175143e-03
4.181744e-03
4.188351e-03
4.194962e-03
4.201579e-03
4.208201e-03
4.214829e-03
4.221461e-03
4.228099e-03
4.234742e-03
4.241390e-03
4.248043e-03
4.254702e-03
4.261366e-03
4.268035e-03
4.274709e-03
4.281388e-03
4.288073e-03
4.294763e-03
4.301458e-03
4.308158e-03
4.314864e-03
4.321574e-03
4.328290e-03
4.335011e-03
4.341738e-03
4.348469e-03
4.355206e-03
4.361948e-03
4.368695e-03
4.375448e-03
4.382205e-03
4.388968e-03
4.395736e-03
4.402509e-03
4.409288e-03
4.416072e-03
4.422861e-03
4.429655e-03
4.436454e-03
4.443258e-03
4.450068e-03
4.456883e-03
4.463703e-03
4.470529e-03
4.477359e-03
4.484195e-03
4.491036e-03
4.497882e-03
4.504734e-03
4.511591e-03
4.518452e-03
4.525320e-03
4.532192e-03
4.539069e-03
4.545952e-03
4.552840e-03
4.559733e-03
4.566632e-03
4.573535e-03
4.580444e-03
4.587358e-03
4.594277e-03
4.601202e-03
4.608131e-03
4.615066e-03
4.622006e-03
4.628952e-03
4.635902e-03
4.642858e-03
4.649819e-03
4.656785e-03
4.663756e-03
4.670733e-03
4.677715e-03
4.684702e-03
4.691694e-03
4.698691e-03
4.705694e-03
4.712702e-03
4.719715e-03
4.726733e-03
4.733757e-03
4.740785e-03
4.747819e-03
4.754858e-03
4.761903e-03
4.768952e-03
4.776007e-03
4.783067e-03
4.790132e-03
4.797202e-03
4.804278e-03
4.811359e-03
4.818445e-03
4.825536e-03
4.832633e-03
4.839734e-03
4.846841e-03
4.853953e-03
4.861071e-03
4.868193e-03
4.875321e-03
4.882454e-03
4.889592e-03
4.896736e-03
4.903884e-03
4.911038e-03
4.918197e-03
4.925361e-03
4.932531e-03
4.939705e-03
4.946885e-03
4.954070e-03
4.961261e-03
4.968456e-03
4.975657e-03
4.982863e-03
4.990074e-03
4.997290e-03
5.004512e-03
5.011739e-03
5.018971e-03
5.026208e-03
5.033450e-03
5.040698e-03
5.047951e-03
5.055209e-03
5.062472e-03
5.069741e-03
5.077014e-03
5.084293e-03
5.091577e-03
5.098867e-03
5.106161e-03
5.113461e-03
5.120766e-03
5.128076e-03
5.135392e-03
5.142712e-03
5.150038e-03
5.157369e-03
5.164706e-03
5.172047e-03
5.179394e-03
5.186746e-03
5.194103e-03
5.201465e-03
5.208833e-03
5.216205e-03
5.223583e-03
5.230967e-03
5.238355e-03
5.245749e-03
5.253147e-03
5.260551e-03
5.267961e-03
5.275375e-03
5.282795e-03
5.290220e-03
5.297650e-03
5.305085e-03
5.312526e-03
5.319971e-03
5.327422e-03
5.334878e-03
5.342340e-03
5.349806e-03
5.357278e-03
5.364755e-03
5.372237e-03
5.379725e-03
5.387218e-03
5.394715e-03
5.402219e-03
5.409727e-03
5.417240e-03
5.424759e-03
5.432283e-03
5.439812e-03
5.447347e-03
5.454886e-03
5.462431e-03
5.469981e-03
5.477536e-03
5.485097e-03
5.492662e-03
5.500233e-03
5.507809e-03
5.515390e-03
5.522977e-03
5.530569e-03
5.538165e-03
5.545768e-03
5.553375e-03
5.560988e-03
5.568605e-03
5.576228e-03
5.583856e-03
5.591490e-03
5.599128e-03
5.606772e-03
5.614421e-03
5.622076e-03
5.629735e-03
5.637400e-03
5.645070e-03
5.652745e-03
5.660425e-03
5.668111e-03
5.675801e-03
5.683497e-03
5.691199e-03
5.698905e-03
5.706617e-03
5.714333e-03
5.722055e-03
5.729783e-03
5.737515e-03
5.745253e-03
5.752996e-03
5.760744e-03
5.768497e-03
5.776256e-03
5.784019e-03
5.791788e-03
5.799562e-03
5.807342e-03
5.815126e-03
5.822916e-03
5.830711e-03
5.838511e-03
5.846317e-03
5.854128e-03
5.861943e-03
5.869764e-03
5.877591e-03
5.885422e-03
5.893259e-03
5.901101e-03
5.908948e-03
5.916800e-03
5.924658e-03
5.932521e-03
5.940389e-03
5.948262e-03
5.956140e-03
5.964024e-03
5.971913e-03
5.979807e-03
5.987706e-03
5.995611e-03
6.003520e-03
6.011435e-03
6.019355e-03
6.026616e-03
6.033851e-03
6.041059e-03
6.048242e-03
6.055398e-03
6.062529e-03
6.069634e-03
6.076712e-03
6.083765e-03
6.090791e-03
6.097792e-03
6.104767e-03
6.111715e-03
6.118638e-03
6.125535e-03
6.132405e-03
6.139250e-03
6.146069e-03
6.152861e-03
6.159628e-03
6.166369e-03
6.173083e-03
6.179772e-03
6.186435e-03
6.193071e-03
6.199682e-03
6.206267e-03
6.212826e-03
6.219358e-03
6.225865e-03
6.232346e-03
6.238800e-03
6.245229e-03
6.251632e-03
6.258009e-03
6.264359e-03
6.270684e-03
6.276983e-03
6.283256e-03
6.289502e-03
6.295723e-03
6.301918e-03
6.308087e-03
6.314229e-03
6.320346e-03
6.326437e-03
6.332502e-03
6.338540e-03
6.344553e-03
6.350540e-03
6.356501e-03
6.362436e-03
6.368344e-03
6.374227e-03
6.380084e-03
6.385915e-03
6.391720e-03
6.397499e-03
6.403251e-03
6.408978e-03
6.414679e-03
6.420354e-03
6.426003e-03
6.431626e-03
6.437223e-03
6.442793e-03
6.448338e-03
6.453857e-03
6.459350e-03
6.464817e-03
6.470258e-03
6.475673e-03
6.481062e-03
6.486424e-03
6.491761e-03
6.497072e-03
6.502357e-03
6.507616e-03
6.512849e-03
6.518056e-03
6.523237e-03
6.528392e-03
6.533521e-03
6.538624e-03
6.543701e-03
6.548752e-03
6.553777e-03
6.558776e-03
6.563748e-03
6.568695e-03
6.573616e-03
6.578511e-03
6.583380e-03
6.588223e-03
6.593040e-03
6.597831e-03
6.602596e-03
6.607335e-03
6.612048e-03
6.616735e-03
6.621396e-03
6.626031e-03
6.630640e-03
6.635223e-03
6.639780e-03
6.644311e-03
6.648817e-03
6.653296e-03
6.657749e-03
6.662176e-03
6.666577e-03
6.670952e-03
6.675301e-03
6.679624e-03
6.683921e-03
6.688192e-03
6.692437e-03
6.696656e-03
6.700849e-03
6.705016e-03
6.709158e-03
6.713273e-03
6.717362e-03
6.721425e-03
6.725462e-03
6.729473e-03
6.733458e-03
6.737417e-03
6.741350e-03
6.745258e-03
6.749139e-03
6.752994e-03
6.756823e-03
6.760626e-03
6.764403e-03
6.768155e-03
6.771880e-03
6.775579e-03
6.779252e-03
6.782899e-03
6.786520e-03
6.790116e-03
6.793685e-03
6.797228e-03
6.800745e-03
6.804236e-03
6.807702e-03
6.811141e-03
6.814554e-03
6.817941e-03
6.821302e-03
6.824638e-03
6.827947e-03
6.831230e-03
6.834487e-03
6.837719e-03
6.840924e-03
6.844103e-03
6.847256e-03
6.850384e-03
6.853485e-03
6.856560e-03
6.859609e-03
6.862633e-03
6.865630e-03
6.868601e-03
6.871547e-03
6.874466e-03
6.877359e-03
6.880227e-03
6.883068e-03
6.885883e-03
6.888672e-03
6.891436e-03
6.894173e-03
6.896884e-03
6.899570e-03
6.902229e-03
6.904862e-03
6.907470e-03
6.910051e-03
6.912607e-03
6.915136e-03
6.917639e-03
6.920117e-03
6.922568e-03
6.924993e-03
6.927393e-03
6.929766e-03
6.932114e-03
6.934435e-03
6.936730e-03
6.939000e-03
6.941243e-03
6.943461e-03
6.945652e-03
6.947817e-03
6.949957e-03
6.952070e-03
6.954158e-03
6.956219e-03
6.958255e-03
6.960264e-03
6.962247e-03
6.964205e-03
6.966136e-03
6.968042e-03
6.969921e-03
6.971775e-03
6.973602e-03
6.975404e-03
6.977179e-03
6.978929e-03
6.980652e-03
6.982350e-03
6.984021e-03
6.985667e-03
6.987286e-03
6.988880e-03
6.990447e-03
6.991989e-03
6.993504e-03
6.994994e-03
6.996457e-03
6.997895e-03
6.999306e-03
7.000692e-03
7.002051e-03
7.003385e-03
7.004693e-03
7.005974e-03
7.007230e-03
7.008459e-03
7.009663e-03
7.010840e-03
7.011992e-03
7.013118e-03
7.014217e-03
7.015291e-03
7.016338e-03
7.017360e-03
7.018356e-03
7.019325e-03
7.020269e-03
7.021186e-03
7.022078e-03
7.022944e-03
7.023783e-03
7.024597e-03
7.025385e-03
7.026146e-03
7.026882e-03
7.027592e-03
7.028275e-03
7.028933e-03
7.029565e-03
7.030170e-03
7.030750e-03
7.031304e-03
7.031831e-03
7.032333e-03
7.032809e-03
7.033258e-03
7.033682e-03
7.034080e-03
7.034452e-03
7.034797e-03
7.035117e-03
7.035411e-03
7.035678e-03
7.035920e-03
7.036136e-03
7.036326e-03
7.036489e-03
7.036627e-03
7.036739e-03
7.036825e-03
7.036884e-03
7.036918e-03
7.036926e-03
7.036908e-03
7.036864e-03
7.036793e-03
7.036697e-03
7.036575e-03
7.036427e-03
7.036252e-03
7.036052e-03
7.035826e-03
7.035574e-03
7.035296e-03
7.034992e-03
7.034661e-03
7.034305e-03
7.033923e-03
7.033515e-03
7.033081e-03
7.032621e-03
7.032134e-03
7.031622e-03
7.031306e-03
7.031306e-03
7.031306e-03
7.031306e-03
7.031306e-03
7.031306e-03
7.031306e-03
7.031306e-03
7.031306e-03
7.031306e-03
7.031306e-03
7.031306e-03
7.031306e-03
7.031306e-03
7.031306e-03
7.031306e-03
7.031306e-03
7.031306e-03
7.031306e-03
7.031306e-03
7.031306e-03
7.031306e-03
7.031306e-03
7.031306e-03
7.031306e-03
7.031306e-03
7.031306e-03
7.031306e-03
7.031306e-03
7.031306e-03
7.031306e-03
7.031306e-03
7.031306e-03
7.031306e-03
7.031306e-03
7.031306e-03
7.031306e-03
7.031306e-03
7.031306e-03
7.031306e-03
7.031306e-03
7.031306e-03
7.031306e-03
7.031306e-03
7.031306e-03
7.031306e-03
7.031306e-03
7.031306e-03
7.031306e-03
7.031306e-03
7.031306e-03
7.031306e-03
7.031306e-03
7.031306e-03
7.031306e-03
7.031306e-03
7.031306e-03
7.031306e-03
7.031306e-03
7.031306e-03
7.031306e-03
7.031306e-03
7.031306e-03
7.031306e-03
7.031306e-03
7.031306e-03
7.031306e-03
7.031306e-03
7.031306e-03
7.031306e-03
7.031306e-03
7.031306e-03
7.031306e-03
7.031306e-03
7.031306e-03
7.031306e-03
7.031306e-03
7.031306e-03
7.031306e-03
7.031306e-03
7.031306e-03
7.031306e-03
7.031306e-03
7.031306e-03
7.031306e-03
7.031306e-03
7.031306e-03
7.031306e-03
7.031306e-03
7.031306e-03
7.031306e-03
7.031306e-03
7.031306e-03
7.031306e-03
7.031306e-03
7.031306e-03
7.031306e-03
7.031306e-03
7.031306e-03
7.031306e-03
7.031306e-03
7.031306e-03
7.031306e-03
7.031306e-03
7.031306e-03
7.031306e-03
7.031306e-03
7.031306e-03
7.031306e-03
7.031306e-03
7.031306e-03
7.031306e-03
7.031306e-03
7.031306e-03
7.031306e-03
7.031306e-03
7.031306e-03
7.031306e-03
7.031306e-03
7.031306e-03
7.031306e-03
7.031306e-03
7.031306e-03
7.031306e-03
7.031306e-03
7.031306e-03
7.031306e-03
7.031306e-03
7.031306e-03
7.031306e-03
7.031306e-03
7.031306e-03
7.031306e-03
7.031306e-03
7.031306e-03
7.031306e-03
7.031306e-03
7.031306e-03
7.031306e-03
7.031306e-03
7.031306e-03
7.031306e-03
7.031306e-03
7.031306e-03
7.031306e-03
7.031306e-03
7.031306e-03
7.031306e-03
7.031306e-03
7.031306e-03
7.031306e-03
7.031306e-03
7.031306e-03
7.031306e-03
7.031306e-03
7.031306e-03
7.031306e-03
7.031306e-03
7.031306e-03
7.031306e-03
7.031306e-03
7.031306e-03
7.031306e-03
7.031306e-03
7.031306e-03
7.031306e-03
7.031306e-03
7.031306e-03
7.031306e-03
7.031306e-03
7.031306e-03
7.031306e-03
7.031306e-03
7.031306e-03
7.031306e-03
7.031306e-03
7.031306e-03
7.031306e-03
7.031306e-03
7.031306e-03
7.031306e-03
7.031306e-03
7.031306e-03
7.031306e-03
7.031306e-03
7.031306e-03
7.031306e-03
7.031306e-03
7.031306e-03
7.031306e-03
7.031306e-03
7.031306e-03
7.031306e-03
7.031306e-03
7.031306e-03
7.031306e-03
7.031306e-03
7.031306e-03
7.031306e-03
7.031306e-03
7.031306e-03
