0.000000e+00
1.110371e-07
2.270758e-07
3.481163e-07
4.741584e-07
6.052021e-07
7.412476e-07
8.822947e-07
1.028343e-06
1.179394e-06
1.335446e-06
1.496500e-06
1.662555e-06
1.833612e-06
2.009671e-06
2.190732e-06
2.376794e-06
2.567858e-06
2.763923e-06
2.964990e-06
3.171059e-06
3.382130e-06
3.598202e-06
3.819276e-06
4.045351e-06
4.276428e-06
4.512507e-06
4.753588e-06
4.999670e-06
5.250754e-06
5.506839e-06
5.767926e-06
6.034015e-06
6.305106e-06
6.581198e-06
6.862292e-06
7.148388e-06
7.439485e-06
7.735584e-06
8.036684e-06
8.342786e-06
8.653890e-06
8.969996e-06
9.291103e-06
9.617212e-06
9.948323e-06
1.028444e-05
1.062555e-05
1.097166e-05
1.132278e-05
1.167890e-05
1.204002e-05
1.240614e-05
1.277727e-05
1.315339e-05
1.353452e-05
1.392065e-05
1.431178e-05
1.470791e-05
1.510905e-05
1.551518e-05
1.592632e-05
1.634246e-05
1.676360e-05
1.718974e-05
1.762089e-05
1.805703e-05
1.849818e-05
1.894433e-05
1.939548e-05
1.985163e-05
2.031278e-05
2.077894e-05
2.125010e-05
2.172626e-05
2.220742e-05
2.269358e-05
2.318474e-05
2.368091e-05
2.418208e-05
2.468825e-05
2.519942e-05
2.571559e-05
2.623676e-05
2.676294e-05
2.729412e-05
2.783030e-05
2.837148e-05
2.891766e-05
2.946884e-05
3.002503e-05
3.058622e-05
3.115240e-05
3.172360e-05
3.229979e-05
3.288098e-05
3.346718e-05
3.405838e-05
3.465457e-05
3.525578e-05
3.586198e-05
3.647318e-05
3.708939e-05
3.771060e-05
3.833680e-05
3.896802e-05
3.960423e-05
4.024544e-05
4.089166e-05
4.154288e-05
4.219909e-05
4.286032e-05
4.352654e-05
4.419776e-05
4.487399e-05
4.555522e-05
4.624144e-05
4.693268e-05
4.762891e-05
4.833014e-05
4.903638e-05
4.974762e-05
5.046385e-05
5.118510e-05
5.191134e-05
5.264258e-05
5.337883e-05
5.412008e-05
5.486633e-05
5.561758e-05
5.637383e-05
5.713508e-05
5.790134e-05
5.867260e-05
5.944886e-05
6.023012e-05
6.101638e-05
6.180764e-05
6.260391e-05
6.340518e-05
6.421145e-05
6.502272e-05
6.583899e-05
6.666026e-05
6.748654e-05
6.831782e-05
6.915410e-05
6.999538e-05
7.084166e-05
7.169295e-05
7.254923e-05
7.341052e-05
7.427681e-05
7.514810e-05
7.602439e-05
7.690569e-05
7.779198e-05
7.868328e-05
7.957958e-05
8.048088e-05
8.138718e-05
8.229849e-05
8.321479e-05
8.413610e-05
8.506241e-05
8.599372e-05
8.693003e-05
8.787135e-05
8.881767e-05
8.976898e-05
9.072530e-05
9.168662e-05
9.265295e-05
9.362427e-05
9.460060e-05
9.558192e-05
9.656825e-05
9.755958e-05
9.855592e-05
9.955725e-05
1.005636e-04
1.015749e-04
1.025913e-04
1.036126e-04
1.046389e-04
1.056703e-04
1.067066e-04
1.077480e-04
1.087943e-04
1.098457e-04
1.109020e-04
1.119634e-04
1.130298e-04
1.141011e-04
1.151775e-04
1.162588e-04
1.173452e-04
1.184366e-04
1.195329e-04
1.206343e-04
1.217407e-04
1.228520e-04
1.239684e-04
1.250898e-04
1.262162e-04
1.273475e-04
1.284839e-04
1.296253e-04
1.307717e-04
1.319231e-04
1.330794e-04
1.342408e-04
1.354072e-04
1.365786e-04
1.377550e-04
1.389364e-04
1.401228e-04
1.413142e-04
1.425106e-04
1.437120e-04
1.449184e-04
1.461298e-04
1.473462e-04
1.485676e-04
1.497940e-04
1.510254e-04
1.522619e-04
1.535033e-04
1.547497e-04
1.560011e-04
1.572575e-04
1.585189e-04
1.597854e-04
1.610568e-04
1.623332e-04
1.636146e-04
1.649011e-04
1.661925e-04
1.674889e-04
1.687904e-04
1.700968e-04
1.714083e-04
1.727247e-04
1.740461e-04
1.753726e-04
1.767040e-04
1.780405e-04
1.793819e-04
1.807284e-04
1.820798e-04
1.834363e-04
1.847977e-04
1.861642e-04
1.875356e-04
1.889121e-04
1.902936e-04
1.916800e-04
1.930715e-04
1.944680e-04
1.958694e-04
1.972759e-04
1.986874e-04
2.001038e-04
2.015253e-04
2.029518e-04
2.043833e-04
2.058197e-04
2.072612e-04
2.087077e-04
2.101592e-04
2.116157e-04
2.130772e-04
2.145437e-04
2.160151e-04
2.174916e-04
2.189731e-04
2.204596e-04
2.219511e-04
2.234476e-04
2.249491e-04
2.264556e-04
2.279671e-04
2.294836e-04
2.310052e-04
2.325317e-04
2.340632e-04
2.355997e-04
2.371412e-04
2.386877e-04
2.402392e-04
2.417958e-04
2.433573e-04
2.449238e-04
2.464953e-04
2.480719e-04
2.496534e-04
2.512399e-04
2.528314e-04
2.544280e-04
2.560295e-04
2.576361e-04
2.592476e-04
2.608641e-04
2.624857e-04
2.641122e-04
2.657438e-04
2.673803e-04
2.690219e-04
2.706684e-04
2.723200e-04
2.739765e-04
2.756381e-04
2.773046e-04
2.789762e-04
2.806527e-04
2.823343e-04
2.840209e-04
2.857124e-04
2.874090e-04
2.891106e-04
2.908171e-04
2.925287e-04
2.942453e-04
2.959669e-04
2.976934e-04
2.994250e-04
3.011616e-04
3.029032e-04
3.046498e-04
3.064013e-04
3.081579e-04
3.099195e-04
3.116861e-04
3.134577e-04
3.152343e-04
3.170159e-04
3.188025e-04
3.205941e-04
3.223907e-04
3.241923e-04
3.259989e-04
3.278105e-04
3.296271e-04
3.314487e-04
3.332753e-04
3.351069e-04
3.369435e-04
3.387852e-04
3.406318e-04
3.424834e-04
3.443400e-04
3.462016e-04
3.480683e-04
3.499399e-04
3.518165e-04
3.536981e-04
3.555848e-04
3.574764e-04
3.593730e-04
3.612747e-04
3.631813e-04
3.650929e-04
3.670096e-04
3.689312e-04
3.708579e-04
3.727895e-04
3.747262e-04
3.766678e-04
3.786145e-04
3.805661e-04
3.825228e-04
3.844844e-04
3.864511e-04
3.884227e-04
3.903994e-04
3.923811e-04
3.943677e-04
3.963594e-04
3.983561e-04
4.003577e-04
4.023644e-04
4.043761e-04
4.063927e-04
4.084144e-04
4.104411e-04
4.124728e-04
4.145094e-04
4.165511e-04
4.185978e-04
4.206495e-04
4.227062e-04
4.247679e-04
4.268346e-04
4.289063e-04
4.309829e-04
4.330646e-04
4.351513e-04
4.372430e-04
4.393397e-04
4.414414e-04
4.435481e-04
4.456599e-04
4.477766e-04
4.498983e-04
4.520250e-04
4.541567e-04
4.562934e-04
4.584351e-04
4.605818e-04
4.627336e-04
4.648903e-04
4.670520e-04
4.692187e-04
4.713904e-04
4.735672e-04
4.757489e-04
4.779356e-04
4.801274e-04
4.823241e-04
4.845258e-04
4.867326e-04
4.889443e-04
4.911610e-04
4.933828e-04
4.956095e-04
4.978413e-04
5.000780e-04
5.023198e-04
5.045665e-04
5.068183e-04
5.090750e-04
5.113368e-04
5.136035e-04
5.158753e-04
5.181521e-04
5.204338e-04
5.227206e-04
5.250124e-04
5.273091e-04
5.296109e-04
5.319177e-04
5.342294e-04
5.365462e-04
5.388680e-04
5.411948e-04
5.435265e-04
5.458633e-04
5.482051e-04
5.505519e-04
5.529037e-04
5.552605e-04
5.576222e-04
5.599890e-04
5.623608e-04
5.647376e-04
5.671194e-04
5.695062e-04
5.718980e-04
5.742948e-04
5.766966e-04
5.791034e-04
5.815152e-04
5.839320e-04
5.863538e-04
5.887807e-04
5.912125e-04
5.936493e-04
5.960911e-04
5.985379e-04
6.009897e-04
6.034466e-04
6.059084e-04
6.083752e-04
6.108470e-04
6.133239e-04
6.158057e-04
6.182925e-04
6.207843e-04
6.232812e-04
6.257830e-04
6.282898e-04
6.308017e-04
6.333185e-04
6.358404e-04
6.383672e-04
6.408991e-04
6.434359e-04
6.459778e-04
6.485246e-04
6.510765e-04
6.536333e-04
6.561952e-04
6.587620e-04
6.613339e-04
6.639107e-04
6.664926e-04
6.690795e-04
6.716713e-04
6.742682e-04
6.768701e-04
6.794769e-04
6.820888e-04
6.847057e-04
6.873276e-04
6.899544e-04
6.925863e-04
6.952232e-04
6.978651e-04
7.005120e-04
7.031639e-04
7.058207e-04
7.084826e-04
7.111495e-04
7.138214e-04
7.164983e-04
7.191802e-04
7.218671e-04
7.245590e-04
7.272559e-04
7.299578e-04
7.326647e-04
7.353766e-04
7.380935e-04
7.408154e-04
7.435423e-04
7.462743e-04
7.490112e-04
7.517531e-04
7.545000e-04
7.572519e-04
7.600088e-04
7.627708e-04
7.655377e-04
7.683096e-04
7.710865e-04
7.738685e-04
7.766554e-04
7.794473e-04
7.822443e-04
7.850462e-04
7.878531e-04
7.906651e-04
7.934820e-04
7.963040e-04
7.991309e-04
8.019629e-04
8.047998e-04
8.076418e-04
8.104887e-04
8.133407e-04
8.161976e-04
8.190596e-04
8.219265e-04
8.247985e-04
8.276754e-04
8.305574e-04
8.334444e-04
8.363363e-04
8.392333e-04
8.421353e-04
8.450422e-04
8.479542e-04
8.508712e-04
8.537932e-04
8.567201e-04
8.596521e-04
8.625891e-04
8.655311e-04
8.684781e-04
8.714301e-04
8.743870e-04
8.773490e-04
8.803160e-04
8.832880e-04
8.862650e-04
8.892470e-04
8.922340e-04
8.952260e-04
8.982230e-04
9.012250e-04
9.042320e-04
9.072440e-04
9.102610e-04
9.132830e-04
9.163100e-04
9.193421e-04
9.223791e-04
9.254211e-04
9.284681e-04
9.315201e-04
9.345771e-04
9.376392e-04
9.407062e-04
9.437782e-04
9.468552e-04
9.499373e-04
9.530243e-04
9.561163e-04
9.592134e-04
9.623154e-04
9.654225e-04
9.685345e-04
9.716515e-04
9.747736e-04
9.779006e-04
9.810327e-04
9.841697e-04
9.873118e-04
9.904588e-04
9.936109e-04
9.967679e-04
9.999300e-04
1.003097e-03
1.006269e-03
1.009446e-03
1.012628e-03
1.015815e-03
1.019007e-03
1.022204e-03
1.025406e-03
1.028614e-03
1.031826e-03
1.035043e-03
1.038265e-03
1.041492e-03
1.044724e-03
1.047961e-03
1.051203e-03
1.054450e-03
1.057702e-03
1.060959e-03
1.064221e-03
1.067489e-03
1.070761e-03
1.074038e-03
1.077320e-03
1.080607e-03
1.083899e-03
1.087196e-03
1.090498e-03
1.093805e-03
1.097117e-03
1.100435e-03
1.103757e-03
1.107084e-03
1.110416e-03
1.113753e-03
1.117095e-03
1.120442e-03
1.123794e-03
1.127151e-03
1.130514e-03
1.133881e-03
1.137253e-03
1.140630e-03
1.144012e-03
1.147399e-03
1.150791e-03
1.154188e-03
1.157591e-03
1.160998e-03
1.164410e-03
1.167827e-03
1.171249e-03
1.174676e-03
1.178108e-03
1.181546e-03
1.184988e-03
1.188435e-03
1.191887e-03
1.195344e-03
1.198806e-03
1.202274e-03
1.205746e-03
1.209223e-03
1.212705e-03
1.216192e-03
1.219684e-03
1.223182e-03
1.226684e-03
1.230191e-03
1.233703e-03
1.237220e-03
1.240742e-03
1.244270e-03
1.247802e-03
1.251339e-03
1.254881e-03
1.258428e-03
1.261981e-03
1.265538e-03
1.269100e-03
1.272667e-03
1.276239e-03
1.279816e-03
1.283399e-03
1.286986e-03
1.290578e-03
1.294175e-03
1.297777e-03
1.301385e-03
1.304997e-03
1.308614e-03
1.312236e-03
1.315863e-03
1.319496e-03
1.323133e-03
1.326775e-03
1.330422e-03
1.334075e-03
1.337732e-03
1.341394e-03
1.345061e-03
1.348733e-03
1.352411e-03
1.356093e-03
1.359780e-03
1.363472e-03
1.367170e-03
1.370872e-03
1.374579e-03
1.378291e-03
1.382009e-03
1.385731e-03
1.389458e-03
1.393190e-03
1.396928e-03
1.400670e-03
1.404417e-03
1.408169e-03
1.411927e-03
1.415689e-03
1.419456e-03
1.423228e-03
1.427006e-03
1.430788e-03
1.434575e-03
1.438367e-03
1.442165e-03
1.445967e-03
1.449774e-03
1.453586e-03
1.457404e-03
1.461226e-03
1.465053e-03
1.468886e-03
1.472723e-03
1.476565e-03
1.480412e-03
1.484265e-03
1.488122e-03
1.491984e-03
1.495852e-03
1.499724e-03
1.503601e-03
1.507483e-03
1.511371e-03
1.515263e-03
1.519160e-03
1.523063e-03
1.526970e-03
1.530882e-03
1.534800e-03
1.538722e-03
1.542649e-03
1.546582e-03
1.550519e-03
1.554461e-03
1.558409e-03
1.562361e-03
1.566318e-03
1.570280e-03
1.574248e-03
1.578220e-03
1.582197e-03
1.586180e-03
1.590167e-03
1.594159e-03
1.598157e-03
1.602159e-03
1.606166e-03
1.610179e-03
1.614196e-03
1.618218e-03
1.622246e-03
1.626278e-03
1.630316e-03
1.634358e-03
1.638405e-03
1.642458e-03
1.646515e-03
1.650577e-03
1.654645e-03
1.658717e-03
1.662794e-03
1.666877e-03
1.670964e-03
1.675056e-03
1.679154e-03
1.683256e-03
1.687364e-03
1.691476e-03
1.695593e-03
1.699716e-03
1.703843e-03
1.707975e-03
1.712113e-03
1.716255e-03
1.720403e-03
1.724555e-03
1.728712e-03
1.732875e-03
1.737042e-03
1.741215e-03
1.745392e-03
1.749574e-03
1.753762e-03
1.757954e-03
1.762152e-03
1.766354e-03
1.770561e-03
1.774774e-03
1.778991e-03
1.783214e-03
1.787441e-03
1.791673e-03
1.795911e-03
1.800153e-03
1.804401e-03
1.808653e-03
1.812911e-03
1.817173e-03
1.821440e-03
1.825713e-03
1.829990e-03
1.834273e-03
1.838560e-03
1.842853e-03
1.847150e-03
1.851452e-03
1.855760e-03
1.860072e-03
1.864390e-03
1.868712e-03
1.873040e-03
1.877372e-03
1.881709e-03
1.886052e-03
1.890399e-03
1.894752e-03
1.899109e-03
1.903472e-03
1.907839e-03
1.912212e-03
1.916589e-03
1.920972e-03
1.925359e-03
1.929752e-03
1.934149e-03
1.938551e-03
1.942959e-03
1.947371e-03
1.951789e-03
1.956211e-03
1.960639e-03
1.965071e-03
1.969509e-03
1.973951e-03
1.978399e-03
1.982851e-03
1.987309e-03
1.991771e-03
1.996239e-03
2.000711e-03
2.005189e-03
2.009671e-03
2.014159e-03
2.018651e-03
2.023149e-03
2.027651e-03
2.032159e-03
2.036671e-03
2.041189e-03
2.045711e-03
2.050239e-03
2.054771e-03
2.059309e-03
2.063851e-03
2.068399e-03
2.072951e-03
2.077509e-03
2.082071e-03
2.086639e-03
2.091211e-03
2.095789e-03
2.100372e-03
2.104959e-03
2.109552e-03
2.114149e-03
2.118752e-03
2.123359e-03
2.127972e-03
2.132589e-03
2.137212e-03
2.141839e-03
2.146472e-03
2.151109e-03
2.155752e-03
2.160400e-03
2.165052e-03
2.169710e-03
2.174372e-03
2.179040e-03
2.183712e-03
2.188390e-03
2.193072e-03
2.197760e-03
2.202453e-03
2.207150e-03
2.211853e-03
2.216560e-03
2.221273e-03
2.225990e-03
2.230713e-03
2.235441e-03
2.240173e-03
2.244911e-03
2.249653e-03
2.254401e-03
2.259154e-03
2.263911e-03
2.268674e-03
2.273441e-03
2.278214e-03
2.282992e-03
2.287774e-03
2.292562e-03
2.297354e-03
2.302152e-03
2.306955e-03
2.311762e-03
2.316575e-03
2.321392e-03
2.326215e-03
2.331043e-03
2.335875e-03
2.340713e-03
2.345555e-03
2.350403e-03
2.355256e-03
2.360113e-03
2.364976e-03
2.369844e-03
2.374716e-03
2.379594e-03
2.384476e-03
2.389364e-03
2.394257e-03
2.399154e-03
2.404057e-03
2.408965e-03
2.413877e-03
2.418795e-03
2.423718e-03
2.428645e-03
2.433578e-03
2.438515e-03
2.443458e-03
2.448406e-03
2.453358e-03
2.458316e-03
2.463279e-03
2.468246e-03
2.473219e-03
2.478197e-03
2.483179e-03
2.488167e-03
2.493160e-03
2.498157e-03
2.503160e-03
2.508168e-03
2.513180e-03
2.518198e-03
2.523221e-03
2.528248e-03
2.533281e-03
2.538319e-03
2.543361e-03
2.548409e-03
2.553462e-03
2.558520e-03
2.563582e-03
2.568650e-03
2.573723e-03
2.578800e-03
2.583883e-03
2.588971e-03
2.594063e-03
2.599161e-03
2.604264e-03
2.609372e-03
2.614484e-03
2.619602e-03
2.624725e-03
2.629852e-03
2.634985e-03
2.640123e-03
2.645266e-03
2.650413e-03
2.655566e-03
2.660724e-03
2.665886e-03
2.671054e-03
2.676227e-03
2.681405e-03
2.686587e-03
2.691775e-03
2.696968e-03
2.702166e-03
2.707368e-03
2.712576e-03
2.717789e-03
2.723006e-03
2.728229e-03
2.733457e-03
2.738690e-03
2.743927e-03
2.749170e-03
2.754418e-03
2.759671e-03
2.764928e-03
2.770191e-03
2.775459e-03
2.780732e-03
2.786010e-03
2.791292e-03
2.796580e-03
2.801873e-03
2.807171e-03
2.812473e-03
2.817781e-03
2.823094e-03
2.828412e-03
2.833734e-03
2.839062e-03
2.844395e-03
2.849733e-03
2.855076e-03
2.860423e-03
2.865776e-03
2.871134e-03
2.876497e-03
2.881865e-03
2.887237e-03
2.892615e-03
2.897998e-03
2.903386e-03
2.908779e-03
2.914176e-03
2.919579e-03
2.924987e-03
2.930400e-03
2.935818e-03
2.941240e-03
2.946668e-03
2.952101e-03
2.957539e-03
2.962982e-03
2.968429e-03
2.973882e-03
2.979340e-03
2.984803e-03
2.990271e-03
2.995744e-03
3.001221e-03
3.006704e-03
3.012192e-03
3.017685e-03
3.023183e-03
3.028686e-03
3.034193e-03
3.039706e-03
3.045224e-03
3.050747e-03
3.056275e-03
3.061808e-03
3.067345e-03
3.072888e-03
3.078436e-03
3.083989e-03
3.089547e-03
3.095110e-03
3.100678e-03
3.106250e-03
3.111828e-03
3.117411e-03
3.122999e-03
3.128592e-03
3.134190e-03
3.139793e-03
3.145401e-03
3.151013e-03
3.156631e-03
3.162254e-03
3.167882e-03
3.173515e-03
3.179153e-03
3.184796e-03
3.190444e-03
3.196096e-03
3.201754e-03
3.207417e-03
3.213085e-03
3.218758e-03
3.224436e-03
3.230119e-03
3.235807e-03
3.241500e-03
3.247198e-03
3.252900e-03
3.258608e-03
3.264321e-03
3.270039e-03
3.275762e-03
3.281490e-03
3.287223e-03
3.292961e-03
3.298704e-03
3.304452e-03
3.310205e-03
3.315963e-03
3.321725e-03
3.327493e-03
3.333266e-03
3.339044e-03
3.344827e-03
3.350615e-03
3.356408e-03
3.362206e-03
3.368009e-03
3.373817e-03
3.379630e-03
3.385448e-03
3.391271e-03
3.397099e-03
3.402932e-03
3.408770e-03
3.414612e-03
3.420460e-03
3.426313e-03
3.432171e-03
3.438034e-03
3.443902e-03
3.449775e-03
3.455653e-03
3.461536e-03
3.467424e-03
3.473317e-03
3.479215e-03
3.485118e-03
3.491026e-03
3.496939e-03
3.502857e-03
3.508780e-03
3.514708e-03
3.520641e-03
3.526579e-03
3.532522e-03
3.538470e-03
3.544423e-03
3.550381e-03
3.556344e-03
3.562312e-03
3.568285e-03
3.574263e-03
3.580246e-03
3.586234e-03
3.592227e-03
3.598225e-03
3.604228e-03
3.610236e-03
3.616249e-03
3.622267e-03
3.628290e-03
3.634318e-03
3.640351e-03
3.646389e-03
3.652432e-03
3.658480e-03
3.664533e-03
3.670591e-03
3.676654e-03
3.682722e-03
3.688795e-03
3.694873e-03
3.700956e-03
3.707044e-03
3.713137e-03
3.719235e-03
3.725338e-03
3.731446e-03
3.737559e-03
3.743677e-03
3.749800e-03
3.755928e-03
3.762062e-03
3.768200e-03
3.774343e-03
3.780491e-03
3.786644e-03
3.792802e-03
3.798965e-03
3.805133e-03
3.811306e-03
3.817484e-03
3.823667e-03
3.829855e-03
3.836048e-03
3.842246e-03
3.848449e-03
3.854657e-03
3.860871e-03
3.867089e-03
3.873312e-03
3.879540e-03
3.885773e-03
3.892011e-03
3.898254e-03
3.904502e-03
3.910755e-03
3.917013e-03
3.923276e-03
3.929544e-03
3.935818e-03
3.942096e-03
3.948379e-03
3.954667e-03
3.960960e-03
3.967258e-03
3.973561e-03
3.979869e-03
3.986182e-03
3.992500e-03
3.998824e-03
4.005152e-03
4.011485e-03
4.017823e-03
4.024166e-03
4.030514e-03
4.036867e-03
4.043225e-03
4.049589e-03
4.055957e-03
4.062330e-03
4.068708e-03
4.075091e-03
4.081479e-03
4.087872e-03
4.094270e-03
4.100674e-03
4.107082e-03
4.113495e-03
4.119913e-03
4.126336e-03
4.132764e-03
4.139197e-03
4.145636e-03
4.152079e-03
4.158527e-03
4.164980e-03
4.171438e-03
4.177901e-03
4.184370e-03
4.190843e-03
4.197321e-03
4.203804e-03
4.210292e-03
4.216785e-03
4.223284e-03
4.229787e-03
4.236295e-03
4.242808e-03
4.249326e-03
4.255849e-03
4.262378e-03
4.268911e-03
4.275449e-03
4.281992e-03
4.288540e-03
4.295094e-03
4.301652e-03
4.308215e-03
4.314783e-03
4.321356e-03
4.327935e-03
4.334518e-03
4.341106e-03
4.347699e-03
4.354297e-03
4.360901e-03
4.367509e-03
4.374122e-03
4.380740e-03
4.387363e-03
4.393992e-03
4.400625e-03
4.407263e-03
4.413906e-03
4.420554e-03
4.427208e-03
4.433866e-03
4.440529e-03
4.447197e-03
4.453871e-03
4.460549e-03
4.467232e-03
4.473920e-03
4.480614e-03
4.487312e-03
4.494015e-03
4.500723e-03
4.507436e-03
4.514155e-03
4.520878e-03
4.527606e-03
4.534339e-03
4.541078e-03
4.547821e-03
4.554569e-03
4.561322e-03
4.568081e-03
4.574844e-03
4.581612e-03
4.588386e-03
4.595164e-03
4.601947e-03
4.608735e-03
4.615529e-03
4.622327e-03
4.629130e-03
4.635938e-03
4.642752e-03
4.649570e-03
4.656393e-03
4.663222e-03
4.670055e-03
4.676893e-03
4.683736e-03
4.690585e-03
4.697438e-03
4.704296e-03
4.711160e-03
4.718028e-03
4.724901e-03
4.731779e-03
4.738663e-03
4.745551e-03
4.752444e-03
4.759343e-03
4.766246e-03
4.773154e-03
4.780068e-03
4.786986e-03
4.793909e-03
4.800837e-03
4.807771e-03
4.814709e-03
4.821652e-03
4.828601e-03
4.835554e-03
4.842512e-03
4.849476e-03
4.856444e-03
4.863417e-03
4.870396e-03
4.877379e-03
4.884367e-03
4.891361e-03
4.898359e-03
4.905362e-03
4.912371e-03
4.919384e-03
4.926402e-03
4.933426e-03
4.940454e-03
4.947487e-03
4.954526e-03
4.961569e-03
4.968618e-03
4.975671e-03
4.982729e-03
4.989793e-03
4.996861e-03
5.003934e-03
5.011013e-03
5.018096e-03
5.025184e-03
5.032278e-03
5.039376e-03
5.046480e-03
5.053588e-03
5.060701e-03
5.067820e-03
5.074943e-03
5.082071e-03
5.089205e-03
5.096343e-03
5.103487e-03
5.110635e-03
5.117788e-03
5.124947e-03
5.132110e-03
5.139279e-03
5.146452e-03
5.153630e-03
5.160814e-03
5.168002e-03
5.175196e-03
5.182394e-03
5.189597e-03
5.196806e-03
5.204019e-03
5.211238e-03
5.218461e-03
5.225689e-03
5.232923e-03
5.240161e-03
5.247405e-03
5.254653e-03
5.261906e-03
5.269165e-03
5.276428e-03
5.283697e-03
5.290970e-03
5.298249e-03
5.305532e-03
5.312820e-03
5.320114e-03
5.327412e-03
5.334716e-03
5.342024e-03
5.349338e-03
5.356656e-03
5.363980e-03
5.371308e-03
5.378641e-03
5.385980e-03
5.393323e-03
5.400672e-03
5.408025e-03
5.415384e-03
5.422747e-03
5.430116e-03
5.437489e-03
5.444868e-03
5.452251e-03
5.459640e-03
5.467033e-03
5.474431e-03
5.481835e-03
5.489243e-03
5.496657e-03
5.504075e-03
5.511499e-03
5.518927e-03
5.526361e-03
5.533799e-03
5.541243e-03
5.548691e-03
5.556145e-03
5.563603e-03
5.571067e-03
5.578535e-03
5.586009e-03
5.593487e-03
5.600971e-03
5.608459e-03
5.615953e-03
5.623451e-03
5.630955e-03
5.638463e-03
5.645977e-03
5.653495e-03
5.661019e-03
5.668547e-03
5.676081e-03
5.683619e-03
5.691163e-03
5.698711e-03
5.706265e-03
5.713823e-03
5.721387e-03
5.728955e-03
5.736529e-03
5.744108e-03
5.751691e-03
5.759280e-03
5.766873e-03
5.774472e-03
5.782075e-03
5.789019e-03
5.795938e-03
5.802832e-03
5.809701e-03
5.816545e-03
5.823364e-03
5.830158e-03
5.836927e-03
5.843671e-03
5.850391e-03
5.857085e-03
5.863755e-03
5.870399e-03
5.877019e-03
5.883613e-03
5.890183e-03
5.896728e-03
5.903247e-03
5.909742e-03
5.916212e-03
5.922657e-03
5.929077e-03
5.935472e-03
5.941842e-03
5.948188e-03
5.954508e-03
5.960803e-03
5.967073e-03
5.973319e-03
5.979539e-03
5.985735e-03
5.991905e-03
5.998051e-03
6.004172e-03
6.010268e-03
6.016338e-03
6.022384e-03
6.028405e-03
6.034401e-03
6.040372e-03
6.046318e-03
6.052240e-03
6.058136e-03
6.064007e-03
6.069853e-03
6.075675e-03
6.081471e-03
6.087243e-03
6.092989e-03
6.098711e-03
6.104408e-03
6.110080e-03
6.115726e-03
6.121348e-03
6.126945e-03
6.132517e-03
6.138064e-03
6.143586e-03
6.149084e-03
6.154556e-03
6.160003e-03
6.165425e-03
6.170823e-03
6.176195e-03
6.181543e-03
6.186865e-03
6.192163e-03
6.197436e-03
6.202683e-03
6.207906e-03
6.213104e-03
6.218277e-03
6.223425e-03
6.228548e-03
6.233646e-03
6.238719e-03
6.243767e-03
6.248791e-03
6.253789e-03
6.258762e-03
6.263711e-03
6.268634e-03
6.273533e-03
6.278407e-03
6.283255e-03
6.288079e-03
6.292878e-03
6.297652e-03
6.302400e-03
6.307124e-03
6.311823e-03
6.316498e-03
6.321147e-03
6.325771e-03
6.330370e-03
6.334944e-03
6.339494e-03
6.344018e-03
6.348518e-03
6.352992e-03
6.357442e-03
6.361867e-03
6.366266e-03
6.370641e-03
6.374991e-03
6.379316e-03
6.383616e-03
6.387891e-03
6.392141e-03
6.396366e-03
6.400566e-03
6.404741e-03
6.408892e-03
6.413017e-03
6.417117e-03
6.421193e-03
6.425244e-03
6.429269e-03
6.433270e-03
6.437245e-03
6.441196e-03
6.445122e-03
6.449023e-03
6.452899e-03
6.456750e-03
6.460576e-03
6.464377e-03
6.468153e-03
6.471904e-03
6.475631e-03
6.479332e-03
6.483009e-03
6.486660e-03
6.490287e-03
6.493888e-03
6.497465e-03
6.501016e-03
6.504543e-03
6.508045e-03
6.511522e-03
6.514974e-03
6.518401e-03
6.521803e-03
6.525180e-03
6.528532e-03
6.531859e-03
6.535162e-03
6.538439e-03
6.541691e-03
6.544919e-03
6.548121e-03
6.551299e-03
6.554451e-03
6.557579e-03
6.560682e-03
6.563760e-03
6.566813e-03
6.569841e-03
6.572843e-03
6.575822e-03
6.578775e-03
6.581703e-03
6.584606e-03
6.587484e-03
6.590338e-03
6.593166e-03
6.595969e-03
6.598748e-03
6.601501e-03
6.604230e-03
6.606934e-03
6.609612e-03
6.612266e-03
6.614895e-03
6.617499e-03
6.620078e-03
6.622632e-03
6.625161e-03
6.627665e-03
6.630144e-03
6.632599e-03
6.635028e-03
6.637432e-03
6.639812e-03
6.642166e-03
6.644496e-03
6.646800e-03
6.649080e-03
6.651335e-03
6.653565e-03
6.655769e-03
6.657949e-03
6.660104e-03
6.662234e-03
6.664339e-03
6.666419e-03
6.668475e-03
6.670505e-03
6.672510e-03
6.674491e-03
6.676446e-03
6.678376e-03
6.680282e-03
6.682163e-03
6.684018e-03
6.685849e-03
6.687655e-03
6.689436e-03
6.691191e-03
6.692922e-03
6.694628e-03
6.696309e-03
6.697966e-03
6.699597e-03
6.701203e-03
6.702784e-03
6.704341e-03
6.705872e-03
6.707378e-03
6.708860e-03
6.710317e-03
6.711748e-03
6.713155e-03
6.714537e-03
6.715893e-03
6.717225e-03
6.718532e-03
6.719814e-03
6.721071e-03
6.722303e-03
6.723511e-03
6.724693e-03
6.725850e-03
6.726982e-03
6.728090e-03
6.729172e-03
6.730230e-03
6.731262e-03
6.732270e-03
6.733253e-03
6.734210e-03
6.735143e-03
6.736051e-03
6.736934e-03
6.737792e-03
6.738625e-03
6.739433e-03
6.740216e-03
6.740974e-03
6.741708e-03
6.742416e-03
6.743099e-03
6.743758e-03
6.744391e-03
6.745000e-03
6.745583e-03
6.746142e-03
6.746676e-03
6.747185e-03
6.747668e-03
6.748127e-03
6.748561e-03
6.748970e-03
6.749354e-03
6.749714e-03
6.750048e-03
6.750357e-03
6.750641e-03
6.750901e-03
6.751135e-03
6.751345e-03
6.751529e-03
6.751689e-03
6.751823e-03
6.751933e-03
6.752018e-03
6.752078e-03
6.752113e-03
6.752123e-03
6.752108e-03
6.752068e-03
6.752003e-03
6.751913e-03
6.751798e-03
6.751658e-03
6.751494e-03
6.751304e-03
6.751090e-03
6.750850e-03
6.750586e-03
6.750297e-03
6.749982e-03
6.749643e-03
6.749279e-03
6.748890e-03
6.748476e-03
6.748037e-03
6.747573e-03
6.747084e-03
6.746570e-03
6.746253e-03
6.746253e-03
6.746253e-03
6.746253e-03
6.746253e-03
6.746253e-03
6.746253e-03
6.746253e-03
6.746253e-03
6.746253e-03
6.746253e-03
6.746253e-03
6.746253e-03
6.746253e-03
6.746253e-03
6.746253e-03
6.746253e-03
6.746253e-03
6.746253e-03
6.746253e-03
6.746253e-03
6.746253e-03
6.746253e-03
6.746253e-03
6.746253e-03
6.746253e-03
6.746253e-03
6.746253e-03
6.746253e-03
6.746253e-03
6.746253e-03
6.746253e-03
6.746253e-03
6.746253e-03
6.746253e-03
6.746253e-03
6.746253e-03
6.746253e-03
6.746253e-03
6.746253e-03
6.746253e-03
6.746253e-03
6.746253e-03
6.746253e-03
6.746253e-03
6.746253e-03
6.746253e-03
6.746253e-03
6.746253e-03
6.746253e-03
6.746253e-03
6.746253e-03
6.746253e-03
6.746253e-03
6.746253e-03
6.746253e-03
6.746253e-03
6.746253e-03
6.746253e-03
6.746253e-03
6.746253e-03
6.746253e-03
6.746253e-03
6.746253e-03
6.746253e-03
6.746253e-03
6.746253e-03
6.746253e-03
6.746253e-03
6.746253e-03
6.746253e-03
6.746253e-03
6.746253e-03
6.746253e-03
6.746253e-03
6.746253e-03
6.746253e-03
6.746253e-03
6.746253e-03
6.746253e-03
6.746253e-03
6.746253e-03
6.746253e-03
6.746253e-03
6.746253e-03
6.746253e-03
6.746253e-03
6.746253e-03
6.746253e-03
6.746253e-03
6.746253e-03
6.746253e-03
6.746253e-03
6.746253e-03
6.746253e-03
6.746253e-03
6.746253e-03
6.746253e-03
6.746253e-03
6.746253e-03
6.746253e-03
6.746253e-03
6.746253e-03
6.746253e-03
6.746253e-03
6.746253e-03
6.746253e-03
6.746253e-03
6.746253e-03
6.746253e-03
6.746253e-03
6.746253e-03
6.746253e-03
6.746253e-03
6.746253e-03
6.746253e-03
6.746253e-03
6.746253e-03
6.746253e-03
6.746253e-03
6.746253e-03
6.746253e-03
6.746253e-03
6.746253e-03
6.746253e-03
6.746253e-03
6.746253e-03
6.746253e-03
6.746253e-03
6.746253e-03
6.746253e-03
6.746253e-03
6.746253e-03
6.746253e-03
6.746253e-03
6.746253e-03
6.746253e-03
6.746253e-03
6.746253e-03
6.746253e-03
6.746253e-03
6.746253e-03
6.746253e-03
6.746253e-03
6.746253e-03
6.746253e-03
6.746253e-03
6.746253e-03
6.746253e-03
6.746253e-03
6.746253e-03
6.746253e-03
6.746253e-03
6.746253e-03
6.746253e-03
6.746253e-03
6.746253e-03
6.746253e-03
6.746253e-03
6.746253e-03
6.746253e-03
6.746253e-03
6.746253e-03
6.746253e-03
6.746253e-03
6.746253e-03
6.746253e-03
6.746253e-03
6.746253e-03
6.746253e-03
6.746253e-03
6.746253e-03
6.746253e-03
6.746253e-03
6.746253e-03
6.746253e-03
6.746253e-03
6.746253e-03
6.746253e-03
6.746253e-03
6.746253e-03
6.746253e-03
6.746253e-03
6.746253e-03
6.746253e-03
6.746253e-03
6.746253e-03
6.746253e-03
6.746253e-03
6.746253e-03
6.746253e-03
6.746253e-03
6.746253e-03
6.746253e-03
6.746253e-03
6.746253e-03
6.746253e-03
6.746253e-03
6.746253e-03
6.746253e-03
6.746253e-03
