0.000000e+00
1.110371e-07
2.272628e-07
3.486772e-07
4.752802e-07
6.070719e-07
7.440523e-07
8.862212e-07
1.033579e-06
1.186125e-06
1.343860e-06
1.506784e-06
1.674896e-06
1.848197e-06
2.026686e-06
2.210364e-06
2.399231e-06
2.593287e-06
2.792531e-06
2.996964e-06
3.206585e-06
3.421395e-06
3.641394e-06
3.866581e-06
4.096957e-06
4.332522e-06
4.573275e-06
4.819217e-06
5.070348e-06
5.326667e-06
5.588175e-06
5.854871e-06
6.126757e-06
6.403830e-06
6.686093e-06
6.973544e-06
7.266184e-06
7.564012e-06
7.867029e-06
8.175235e-06
8.488630e-06
8.807213e-06
9.130984e-06
9.459945e-06
9.794094e-06
1.013343e-05
1.047796e-05
1.082767e-05
1.118258e-05
1.154267e-05
1.190795e-05
1.227842e-05
1.265408e-05
1.303492e-05
1.342096e-05
1.381218e-05
1.420860e-05
1.461020e-05
1.501699e-05
1.542897e-05
1.584613e-05
1.626849e-05
1.669603e-05
1.712877e-05
1.756669e-05
1.800980e-05
1.845810e-05
1.891159e-05
1.937026e-05
1.983413e-05
2.030318e-05
2.077743e-05
2.125686e-05
2.174148e-05
2.223129e-05
2.272628e-05
2.322647e-05
2.373184e-05
2.424241e-05
2.475816e-05
2.527910e-05
2.580523e-05
2.633654e-05
2.687305e-05
2.741475e-05
2.796163e-05
2.851370e-05
2.907096e-05
2.963341e-05
3.020105e-05
3.077388e-05
3.135189e-05
3.193510e-05
3.252349e-05
3.311707e-05
3.371584e-05
3.431980e-05
3.492895e-05
3.554328e-05
3.616281e-05
3.678752e-05
3.741742e-05
3.805251e-05
3.869279e-05
3.933826e-05
3.998892e-05
4.064476e-05
4.130580e-05
4.197202e-05
4.264343e-05
4.332003e-05
4.400182e-05
4.468880e-05
4.538096e-05
4.607832e-05
4.678086e-05
4.748859e-05
4.820151e-05
4.891962e-05
4.964292e-05
5.037140e-05
5.110508e-05
5.184394e-05
5.258799e-05
5.333724e-05
5.409166e-05
5.485128e-05
5.561609e-05
5.638609e-05
5.716127e-05
5.794164e-05
5.872720e-05
5.951795e-05
6.031389e-05
6.111502e-05
6.192134e-05
6.273284e-05
6.354953e-05
6.437142e-05
6.519849e-05
6.603075e-05
6.686819e-05
6.771083e-05
6.855866e-05
6.941167e-05
7.026987e-05
7.113326e-05
7.200184e-05
7.287561e-05
7.375457e-05
7.463871e-05
7.552805e-05
7.642257e-05
7.732228e-05
7.822718e-05
7.913727e-05
8.005255e-05
8.097302e-05
8.189867e-05
8.282952e-05
8.376555e-05
8.470677e-05
8.565318e-05
8.660478e-05
8.756156e-05
8.852354e-05
8.949070e-05
9.046306e-05
9.144060e-05
9.242333e-05
9.341125e-05
9.440435e-05
9.540265e-05
9.640613e-05
9.741481e-05
9.842867e-05
9.944772e-05
1.004720e-04
1.015014e-04
1.025360e-04
1.035758e-04
1.046208e-04
1.056710e-04
1.067264e-04
1.077869e-04
1.088527e-04
1.099236e-04
1.109997e-04
1.120810e-04
1.131675e-04
1.142592e-04
1.153561e-04
1.164582e-04
1.175654e-04
1.186779e-04
1.197955e-04
1.209183e-04
1.220464e-04
1.231796e-04
1.243180e-04
1.254615e-04
1.266103e-04
1.277643e-04
1.289234e-04
1.300877e-04
1.312573e-04
1.324320e-04
1.336119e-04
1.347969e-04
1.359872e-04
1.371827e-04
1.383833e-04
1.395892e-04
1.408002e-04
1.420164e-04
1.432378e-04
1.444644e-04
1.456962e-04
1.469332e-04
1.481754e-04
1.494227e-04
1.506753e-04
1.519330e-04
1.531959e-04
1.544640e-04
1.557373e-04
1.570158e-04
1.582995e-04
1.595883e-04
1.608824e-04
1.621816e-04
1.634860e-04
1.647956e-04
1.661104e-04
1.674304e-04
1.687556e-04
1.700860e-04
1.714215e-04
1.727623e-04
1.741082e-04
1.754594e-04
1.768157e-04
1.781772e-04
1.795439e-04
1.809157e-04
1.822928e-04
1.836751e-04
1.850625e-04
1.864551e-04
1.878530e-04
1.892560e-04
1.906642e-04
1.920776e-04
1.934961e-04
1.949199e-04
1.963489e-04
1.977830e-04
1.992223e-04
2.006668e-04
2.021166e-04
2.035715e-04
2.050315e-04
2.064968e-04
2.079673e-04
2.094429e-04
2.109238e-04
2.124098e-04
2.139010e-04
2.153974e-04
2.168990e-04
2.184058e-04
2.199178e-04
2.214349e-04
2.229573e-04
2.244848e-04
2.260175e-04
2.275555e-04
2.290986e-04
2.306469e-04
2.322003e-04
2.337590e-04
2.353229e-04
2.368919e-04
2.384662e-04
2.400456e-04
2.416302e-04
2.432200e-04
2.448150e-04
2.464152e-04
2.480205e-04
2.496311e-04
2.512468e-04
2.528678e-04
2.544939e-04
2.561252e-04
2.577617e-04
2.594034e-04
2.610503e-04
2.627023e-04
2.643596e-04
2.660220e-04
2.676897e-04
2.693625e-04
2.710405e-04
2.727237e-04
2.744121e-04
2.761056e-04
2.778044e-04
2.795084e-04
2.812175e-04
2.829318e-04
2.846514e-04
2.863761e-04
2.881060e-04
2.898410e-04
2.915813e-04
2.933268e-04
2.950774e-04
2.968333e-04
2.985943e-04
3.003605e-04
3.021319e-04
3.039085e-04
3.056903e-04
3.074773e-04
3.092694e-04
3.110668e-04
3.128693e-04
3.146770e-04
3.164899e-04
3.183080e-04
3.201313e-04
3.219598e-04
3.237935e-04
3.256323e-04
3.274764e-04
3.293256e-04
3.311800e-04
3.330397e-04
3.349045e-04
3.367744e-04
3.386496e-04
3.405300e-04
3.424155e-04
3.443063e-04
3.462022e-04
3.481033e-04
3.500097e-04
3.519211e-04
3.538378e-04
3.557597e-04
3.576868e-04
3.596190e-04
3.615565e-04
3.634991e-04
3.654469e-04
3.673999e-04
3.693581e-04
3.713215e-04
3.732901e-04
3.752638e-04
3.772428e-04
3.792269e-04
3.812163e-04
3.832108e-04
3.852105e-04
3.872154e-04
3.892255e-04
3.912407e-04
3.932612e-04
3.952868e-04
3.973177e-04
3.993537e-04
4.013949e-04
4.034413e-04
4.054929e-04
4.075497e-04
4.096117e-04
4.116788e-04
4.137512e-04
4.158287e-04
4.179114e-04
4.199993e-04
4.220924e-04
4.241907e-04
4.262942e-04
4.284029e-04
4.305167e-04
4.326358e-04
4.347600e-04
4.368894e-04
4.390240e-04
4.411638e-04
4.433088e-04
4.454590e-04
4.476144e-04
4.497749e-04
4.519407e-04
4.541116e-04
4.562877e-04
4.584690e-04
4.606555e-04
4.628472e-04
4.650441e-04
4.672461e-04
4.694534e-04
4.716658e-04
4.738835e-04
4.761063e-04
4.783343e-04
4.805675e-04
4.828059e-04
4.850494e-04
4.872982e-04
4.895521e-04
4.918113e-04
4.940756e-04
4.963451e-04
4.986198e-04
5.008997e-04
5.031848e-04
5.054751e-04
5.077705e-04
5.100712e-04
5.123770e-04
5.146880e-04
5.170042e-04
5.193256e-04
5.216522e-04
5.239840e-04
5.263210e-04
5.286631e-04
5.310105e-04
5.333630e-04
5.357207e-04
5.380836e-04
5.404517e-04
5.428250e-04
5.452035e-04
5.475872e-04
5.499760e-04
5.523701e-04
5.547693e-04
5.571737e-04
5.595833e-04
5.619981e-04
5.644181e-04
5.668433e-04
5.692737e-04
5.717092e-04
5.741499e-04
5.765959e-04
5.790470e-04
5.815033e-04
5.839648e-04
5.864315e-04
5.889033e-04
5.913804e-04
5.938627e-04
5.963501e-04
5.988427e-04
6.013405e-04
6.038435e-04
6.063517e-04
6.088651e-04
6.113837e-04
6.139074e-04
6.164364e-04
6.189705e-04
6.215099e-04
6.240544e-04
6.266041e-04
6.291590e-04
6.317190e-04
6.342843e-04
6.368548e-04
6.394304e-04
6.420112e-04
6.445973e-04
6.471885e-04
6.497849e-04
6.523865e-04
6.549932e-04
6.576052e-04
6.602224e-04
6.628447e-04
6.654722e-04
6.681050e-04
6.707429e-04
6.733860e-04
6.760343e-04
6.786877e-04
6.813464e-04
6.840102e-04
6.866793e-04
6.893535e-04
6.920329e-04
6.947175e-04
6.974073e-04
7.001023e-04
7.028025e-04
7.055079e-04
7.082184e-04
7.109341e-04
7.136551e-04
7.163812e-04
7.191125e-04
7.218490e-04
7.245907e-04
7.273375e-04
7.300896e-04
7.328468e-04
7.356093e-04
7.383769e-04
7.411497e-04
7.439277e-04
7.467109e-04
7.494993e-04
7.522929e-04
7.550916e-04
7.578956e-04
7.607047e-04
7.635190e-04
7.663385e-04
7.691632e-04
7.719931e-04
7.748282e-04
7.776685e-04
7.805139e-04
7.833646e-04
7.862204e-04
7.890814e-04
7.919476e-04
7.948190e-04
7.976956e-04
8.005774e-04
8.034644e-04
8.063565e-04
8.092539e-04
8.121564e-04
8.150641e-04
8.179770e-04
8.208951e-04
8.238184e-04
8.267469e-04
8.296805e-04
8.326194e-04
8.355634e-04
8.385126e-04
8.414671e-04
8.444267e-04
8.473915e-04
8.503614e-04
8.533366e-04
8.563170e-04
8.593025e-04
8.622933e-04
8.652892e-04
8.682903e-04
8.712966e-04
8.743081e-04
8.773248e-04
8.803466e-04
8.833737e-04
8.864059e-04
8.894434e-04
8.924860e-04
8.955338e-04
8.985868e-04
9.016450e-04
9.047084e-04
9.077770e-04
9.108507e-04
9.139297e-04
9.170138e-04
9.201031e-04
9.231976e-04
9.262973e-04
9.294022e-04
9.325123e-04
9.356275e-04
9.387480e-04
9.418736e-04
9.450045e-04
9.481405e-04
9.512817e-04
9.544281e-04
9.575797e-04
9.607365e-04
9.638984e-04
9.670656e-04
9.702379e-04
9.734154e-04
9.765982e-04
9.797861e-04
9.829792e-04
9.861774e-04
9.893809e-04
9.925896e-04
9.958034e-04
9.990225e-04
1.002247e-03
1.005476e-03
1.008711e-03
1.011950e-03
1.015195e-03
1.018446e-03
1.021701e-03
1.024962e-03
1.028227e-03
1.031498e-03
1.034774e-03
1.038056e-03
1.041342e-03
1.044634e-03
1.047931e-03
1.051233e-03
1.054540e-03
1.057852e-03
1.061170e-03
1.064493e-03
1.067821e-03
1.071154e-03
1.074492e-03
1.077836e-03
1.081185e-03
1.084539e-03
1.087898e-03
1.091262e-03
1.094632e-03
1.098006e-03
1.101386e-03
1.104771e-03
1.108162e-03
1.111557e-03
1.114958e-03
1.118363e-03
1.121774e-03
1.125191e-03
1.128612e-03
1.132039e-03
1.135470e-03
1.138907e-03
1.142350e-03
1.145797e-03
1.149249e-03
1.152707e-03
1.156170e-03
1.159638e-03
1.163111e-03
1.166590e-03
1.170074e-03
1.173562e-03
1.177056e-03
1.180556e-03
1.184060e-03
1.187570e-03
1.191084e-03
1.194604e-03
1.198130e-03
1.201660e-03
1.205195e-03
1.208736e-03
1.212282e-03
1.215833e-03
1.219390e-03
1.222951e-03
1.226518e-03
1.230090e-03
1.233667e-03
1.237249e-03
1.240836e-03
1.244429e-03
1.248027e-03
1.251630e-03
1.255238e-03
1.258851e-03
1.262470e-03
1.266094e-03
1.269723e-03
1.273357e-03
1.276996e-03
1.280641e-03
1.284290e-03
1.287945e-03
1.291605e-03
1.295270e-03
1.298941e-03
1.302617e-03
1.306297e-03
1.309983e-03
1.313675e-03
1.317371e-03
1.321073e-03
1.324779e-03
1.328491e-03
1.332208e-03
1.335931e-03
1.339658e-03
1.343391e-03
1.347129e-03
1.350872e-03
1.354620e-03
1.358374e-03
1.362132e-03
1.365896e-03
1.369665e-03
1.373440e-03
1.377219e-03
1.381004e-03
1.384793e-03
1.388588e-03
1.392388e-03
1.396194e-03
1.400004e-03
1.403820e-03
1.407641e-03
1.411467e-03
1.415298e-03
1.419135e-03
1.422977e-03
1.426823e-03
1.430675e-03
1.434533e-03
1.438395e-03
1.442263e-03
1.446136e-03
1.450014e-03
1.453897e-03
1.457785e-03
1.461679e-03
1.465577e-03
1.469481e-03
1.473391e-03
1.477305e-03
1.481224e-03
1.485149e-03
1.489079e-03
1.493014e-03
1.496954e-03
1.500900e-03
1.504850e-03
1.508806e-03
1.512767e-03
1.516733e-03
1.520705e-03
1.524681e-03
1.528663e-03
1.532650e-03
1.536642e-03
1.540640e-03
1.544642e-03
1.548650e-03
1.552663e-03
1.556681e-03
1.560704e-03
1.564733e-03
1.568766e-03
1.572805e-03
1.576849e-03
1.580898e-03
1.584953e-03
1.589012e-03
1.593077e-03
1.597147e-03
1.601222e-03
1.605303e-03
1.609388e-03
1.613479e-03
1.617575e-03
1.621676e-03
1.625782e-03
1.629894e-03
1.634010e-03
1.638132e-03
1.642259e-03
1.646392e-03
1.650529e-03
1.654672e-03
1.658819e-03
1.662972e-03
1.667131e-03
1.671294e-03
1.675462e-03
1.679636e-03
1.683815e-03
1.687999e-03
1.692189e-03
1.696383e-03
1.700583e-03
1.704788e-03
1.708998e-03
1.713213e-03
1.717433e-03
1.721659e-03
1.725890e-03
1.730126e-03
1.734367e-03
1.738614e-03
1.742865e-03
1.747122e-03
1.751384e-03
1.755651e-03
1.759923e-03
1.764201e-03
1.768484e-03
1.772771e-03
1.777065e-03
1.781363e-03
1.785666e-03
1.789975e-03
1.794289e-03
1.798608e-03
1.802932e-03
1.807261e-03
1.811596e-03
1.815936e-03
1.820281e-03
1.824631e-03
1.828986e-03
1.833347e-03
1.837713e-03
1.842083e-03
1.846460e-03
1.850841e-03
1.855227e-03
1.859619e-03
1.864016e-03
1.868418e-03
1.872825e-03
1.877238e-03
1.881655e-03
1.886078e-03
1.890506e-03
1.894939e-03
1.899378e-03
1.903821e-03
1.908270e-03
1.912724e-03
1.917183e-03
1.921647e-03
1.926117e-03
1.930591e-03
1.935071e-03
1.939556e-03
1.944047e-03
1.948542e-03
1.953043e-03
1.957549e-03
1.962060e-03
1.966576e-03
1.971097e-03
1.975624e-03
1.980155e-03
1.984692e-03
1.989235e-03
1.993782e-03
1.998334e-03
2.002892e-03
2.007455e-03
2.012023e-03
2.016596e-03
2.021175e-03
2.025759e-03
2.030347e-03
2.034941e-03
2.039541e-03
2.044145e-03
2.048755e-03
2.053369e-03
2.057989e-03
2.062615e-03
2.067245e-03
2.071880e-03
2.076521e-03
2.081167e-03
2.085818e-03
2.090474e-03
2.095136e-03
2.099803e-03
2.104474e-03
2.109152e-03
2.113834e-03
2.118521e-03
2.123214e-03
2.127912e-03
2.132615e-03
2.137323e-03
2.142036e-03
2.146755e-03
2.151478e-03
2.156207e-03
2.160942e-03
2.165681e-03
2.170425e-03
2.175175e-03
2.179930e-03
2.184690e-03
2.189455e-03
2.194226e-03
2.199001e-03
2.203782e-03
2.208568e-03
2.213359e-03
2.218156e-03
2.222957e-03
2.227764e-03
2.232576e-03
2.237393e-03
2.242215e-03
2.247043e-03
2.251876e-03
2.256714e-03
2.261557e-03
2.266405e-03
2.271258e-03
2.276117e-03
2.280981e-03
2.285850e-03
2.290724e-03
2.295604e-03
2.300488e-03
2.305378e-03
2.310273e-03
2.315173e-03
2.320078e-03
2.324989e-03
2.329905e-03
2.334826e-03
2.339752e-03
2.344683e-03
2.349619e-03
2.354561e-03
2.359508e-03
2.364460e-03
2.369417e-03
2.374380e-03
2.379347e-03
2.384320e-03
2.389298e-03
2.394281e-03
2.399270e-03
2.404263e-03
2.409262e-03
2.414266e-03
2.419275e-03
2.424289e-03
2.429309e-03
2.434333e-03
2.439363e-03
2.444398e-03
2.449439e-03
2.454484e-03
2.459535e-03
2.464591e-03
2.469652e-03
2.474718e-03
2.479789e-03
2.484866e-03
2.489948e-03
2.495034e-03
2.500127e-03
2.505224e-03
2.510326e-03
2.515434e-03
2.520547e-03
2.525665e-03
2.530788e-03
2.535917e-03
2.541051e-03
2.546189e-03
2.551333e-03
2.556483e-03
2.561637e-03
2.566797e-03
2.571961e-03
2.577131e-03
2.582306e-03
2.587487e-03
2.592672e-03
2.597863e-03
2.603059e-03
2.608260e-03
2.613466e-03
2.618678e-03
2.623895e-03
2.629116e-03
2.634343e-03
2.639576e-03
2.644813e-03
2.650056e-03
2.655304e-03
2.660557e-03
2.665815e-03
2.671078e-03
2.676347e-03
2.681620e-03
2.686899e-03
2.692183e-03
2.697473e-03
2.702767e-03
2.708067e-03
2.713372e-03
2.718682e-03
2.723997e-03
2.729318e-03
2.734643e-03
2.739974e-03
2.745310e-03
2.750651e-03
2.755998e-03
2.761349e-03
2.766706e-03
2.772068e-03
2.777435e-03
2.782807e-03
2.788185e-03
2.793568e-03
2.798955e-03
2.804349e-03
2.809747e-03
2.815150e-03
2.820559e-03
2.825973e-03
2.831392e-03
2.836816e-03
2.842245e-03
2.847680e-03
2.853120e-03
2.858565e-03
2.864015e-03
2.869470e-03
2.874931e-03
2.880396e-03
2.885867e-03
2.891343e-03
2.896825e-03
2.902311e-03
2.907803e-03
2.913300e-03
2.918802e-03
2.924309e-03
2.929821e-03
2.935339e-03
2.940862e-03
2.946390e-03
2.951923e-03
2.957461e-03
2.963005e-03
2.968554e-03
2.974108e-03
2.979667e-03
2.985231e-03
2.990801e-03
2.996375e-03
3.001955e-03
3.007540e-03
3.013130e-03
3.018726e-03
3.024326e-03
3.029932e-03
3.035543e-03
3.041159e-03
3.046781e-03
3.052407e-03
3.058039e-03
3.063676e-03
3.069318e-03
3.074966e-03
3.080618e-03
3.086276e-03
3.091939e-03
3.097607e-03
3.103280e-03
3.108959e-03
3.114642e-03
3.120331e-03
3.126025e-03
3.131724e-03
3.137429e-03
3.143138e-03
3.148853e-03
3.154573e-03
3.160298e-03
3.166028e-03
3.171764e-03
3.177505e-03
3.183251e-03
3.189002e-03
3.194758e-03
3.200519e-03
3.206286e-03
3.212058e-03
3.217835e-03
3.223617e-03
3.229405e-03
3.235197e-03
3.240995e-03
3.246798e-03
3.252606e-03
3.258420e-03
3.264238e-03
3.270062e-03
3.275891e-03
3.281725e-03
3.287564e-03
3.293409e-03
3.299258e-03
3.305113e-03
3.310973e-03
3.316839e-03
3.322709e-03
3.328585e-03
3.334465e-03
3.340351e-03
3.346243e-03
3.352139e-03
3.358041e-03
3.363947e-03
3.369859e-03
3.375776e-03
3.381699e-03
3.387626e-03
3.393559e-03
3.399497e-03
3.405440e-03
3.411388e-03
3.417342e-03
3.423300e-03
3.429264e-03
3.435233e-03
3.441207e-03
3.447187e-03
3.453171e-03
3.459161e-03
3.465156e-03
3.471156e-03
3.477162e-03
3.483172e-03
3.489188e-03
3.495209e-03
3.501235e-03
3.507266e-03
3.513303e-03
3.519344e-03
3.525391e-03
3.531443e-03
3.537500e-03
3.543563e-03
3.549630e-03
3.555703e-03
3.561781e-03
3.567864e-03
3.573953e-03
3.580046e-03
3.586145e-03
3.592249e-03
3.598358e-03
3.604472e-03
3.610592e-03
3.616717e-03
3.622846e-03
3.628982e-03
3.635122e-03
3.641267e-03
3.647418e-03
3.653574e-03
3.659735e-03
3.665901e-03
3.672072e-03
3.678249e-03
3.684431e-03
3.690617e-03
3.696810e-03
3.703007e-03
3.709209e-03
3.715417e-03
3.721630e-03
3.727848e-03
3.734071e-03
3.740300e-03
3.746533e-03
3.752772e-03
3.759016e-03
3.765266e-03
3.771520e-03
3.777780e-03
3.784044e-03
3.790314e-03
3.796589e-03
3.802870e-03
3.809155e-03
3.815446e-03
3.821742e-03
3.828043e-03
3.834349e-03
3.840661e-03
3.846977e-03
3.853299e-03
3.859626e-03
3.865959e-03
3.872296e-03
3.878639e-03
3.884986e-03
3.891339e-03
3.897697e-03
3.904061e-03
3.910429e-03
3.916803e-03
3.923182e-03
3.929566e-03
3.935955e-03
3.942350e-03
3.948750e-03
3.955155e-03
3.961565e-03
3.967980e-03
3.974400e-03
3.980826e-03
3.987257e-03
3.993693e-03
4.000134e-03
4.006580e-03
4.013032e-03
4.019489e-03
4.025951e-03
4.032418e-03
4.038890e-03
4.045367e-03
4.051850e-03
4.058338e-03
4.064831e-03
4.071329e-03
4.077833e-03
4.084341e-03
4.090855e-03
4.097374e-03
4.103899e-03
4.110428e-03
4.116963e-03
4.123502e-03
4.130047e-03
4.136597e-03
4.143153e-03
4.149713e-03
4.156279e-03
4.162850e-03
4.169426e-03
4.176007e-03
4.182594e-03
4.189185e-03
4.195782e-03
4.202384e-03
4.208992e-03
4.215604e-03
4.222222e-03
4.228844e-03
4.235472e-03
4.242105e-03
4.248744e-03
4.255387e-03
4.262036e-03
4.268690e-03
4.275349e-03
4.282013e-03
4.288683e-03
4.295358e-03
4.302037e-03
4.308723e-03
4.315413e-03
4.322108e-03
4.328809e-03
4.335515e-03
4.342226e-03
4.348942e-03
4.355663e-03
4.362390e-03
4.369122e-03
4.375858e-03
4.382601e-03
4.389348e-03
4.396100e-03
4.402858e-03
4.409621e-03
4.416389e-03
4.423162e-03
4.429941e-03
4.436724e-03
4.443513e-03
4.450307e-03
4.457106e-03
4.463911e-03
4.470720e-03
4.477535e-03
4.484355e-03
4.491180e-03
4.498011e-03
4.504846e-03
4.511687e-03
4.518533e-03
4.525384e-03
4.532240e-03
4.539102e-03
4.545968e-03
4.552840e-03
4.559717e-03
4.566599e-03
4.573487e-03
4.580379e-03
4.587277e-03
4.594180e-03
4.601088e-03
4.608002e-03
4.614920e-03
4.621844e-03
4.628773e-03
4.635707e-03
4.642646e-03
4.649591e-03
4.656540e-03
4.663495e-03
4.670455e-03
4.677421e-03
4.684391e-03
4.691367e-03
4.698348e-03
4.705334e-03
4.712325e-03
4.719321e-03
4.726323e-03
4.733329e-03
4.740341e-03
4.747358e-03
4.754381e-03
4.761408e-03
4.768441e-03
4.775479e-03
4.782522e-03
4.789570e-03
4.796624e-03
4.803682e-03
4.810746e-03
4.817815e-03
4.824889e-03
4.831969e-03
4.839053e-03
4.846143e-03
4.853238e-03
4.860338e-03
4.867444e-03
4.874554e-03
4.881670e-03
4.888791e-03
4.895917e-03
4.903048e-03
4.910184e-03
4.917326e-03
4.924473e-03
4.931625e-03
4.938782e-03
4.945945e-03
4.953112e-03
4.960285e-03
4.967463e-03
4.974646e-03
4.981835e-03
4.989028e-03
4.996227e-03
5.003431e-03
5.010640e-03
5.017854e-03
5.025074e-03
5.032298e-03
5.039528e-03
5.046763e-03
5.054003e-03
5.061249e-03
5.068500e-03
5.075755e-03
5.083016e-03
5.090282e-03
5.097554e-03
5.104830e-03
5.112112e-03
5.119399e-03
5.126691e-03
5.133989e-03
5.141291e-03
5.148599e-03
5.155912e-03
5.163230e-03
5.170553e-03
5.177881e-03
5.185215e-03
5.192554e-03
5.199898e-03
5.207247e-03
5.214601e-03
5.221961e-03
5.229326e-03
5.236696e-03
5.244071e-03
5.251451e-03
5.258837e-03
5.266227e-03
5.273623e-03
5.281024e-03
5.288431e-03
5.295842e-03
5.303259e-03
5.310681e-03
5.318108e-03
5.325540e-03
5.332977e-03
5.340420e-03
5.347868e-03
5.355321e-03
5.362779e-03
5.370242e-03
5.377711e-03
5.385185e-03
5.392663e-03
5.400148e-03
5.407637e-03
5.415131e-03
5.422631e-03
5.430136e-03
5.437646e-03
5.445161e-03
5.452682e-03
5.460207e-03
5.467738e-03
5.475274e-03
5.482815e-03
5.490362e-03
5.497913e-03
5.505470e-03
5.513032e-03
5.520599e-03
5.528171e-03
5.535749e-03
5.543331e-03
5.550919e-03
5.558512e-03
5.566111e-03
5.573714e-03
5.581323e-03
5.588937e-03
5.596556e-03
5.604180e-03
5.611809e-03
5.619444e-03
5.627084e-03
5.634728e-03
5.642379e-03
5.650034e-03
5.657694e-03
5.665360e-03
5.673031e-03
5.680707e-03
5.688388e-03
5.696075e-03
5.703767e-03
5.711463e-03
5.719165e-03
5.726873e-03
5.734585e-03
5.742303e-03
5.750025e-03
5.757753e-03
5.765487e-03
5.773225e-03
5.780968e-03
5.788717e-03
5.796471e-03
5.804230e-03
5.811994e-03
5.819764e-03
5.827539e-03
5.835319e-03
5.843104e-03
5.850894e-03
5.858689e-03
5.866490e-03
5.874296e-03
5.882107e-03
5.889923e-03
5.897744e-03
5.905571e-03
5.913402e-03
5.921239e-03
5.929082e-03
5.936929e-03
5.944781e-03
5.952639e-03
5.960502e-03
5.968370e-03
5.976243e-03
5.984122e-03
5.992005e-03
5.999229e-03
6.006428e-03
6.013600e-03
6.020746e-03
6.027867e-03
6.034962e-03
6.042030e-03
6.049073e-03
6.056091e-03
6.063082e-03
6.070047e-03
6.076987e-03
6.083900e-03
6.090788e-03
6.097650e-03
6.104486e-03
6.111296e-03
6.118080e-03
6.124838e-03
6.131571e-03
6.138277e-03
6.144958e-03
6.151613e-03
6.158242e-03
6.164845e-03
6.171422e-03
6.177973e-03
6.184499e-03
6.190999e-03
6.197472e-03
6.203920e-03
6.210342e-03
6.216738e-03
6.223108e-03
6.229453e-03
6.235771e-03
6.242064e-03
6.248331e-03
6.254571e-03
6.260786e-03
6.266975e-03
6.273139e-03
6.279276e-03
6.285388e-03
6.291473e-03
6.297533e-03
6.303567e-03
6.309575e-03
6.315557e-03
6.321513e-03
6.327443e-03
6.333348e-03
6.339227e-03
6.345079e-03
6.350906e-03
6.356707e-03
6.362482e-03
6.368231e-03
6.373955e-03
6.379652e-03
6.385324e-03
6.390970e-03
6.396590e-03
6.402184e-03
6.407752e-03
6.413294e-03
6.418810e-03
6.424301e-03
6.429765e-03
6.435204e-03
6.440617e-03
6.446004e-03
6.451365e-03
6.456700e-03
6.462010e-03
6.467293e-03
6.472551e-03
6.477783e-03
6.482989e-03
6.488169e-03
6.493323e-03
6.498451e-03
6.503553e-03
6.508630e-03
6.513680e-03
6.518705e-03
6.523704e-03
6.528677e-03
6.533624e-03
6.538546e-03
6.543441e-03
6.548310e-03
6.553154e-03
6.557972e-03
6.562764e-03
6.567530e-03
6.572270e-03
6.576984e-03
6.581673e-03
6.586335e-03
6.590972e-03
6.595582e-03
6.600167e-03
6.604726e-03
6.609260e-03
6.613767e-03
6.618248e-03
6.622704e-03
6.627133e-03
6.631537e-03
6.635915e-03
6.640267e-03
6.644593e-03
6.648894e-03
6.653168e-03
6.657416e-03
6.661639e-03
6.665836e-03
6.670007e-03
6.674152e-03
6.678271e-03
6.682364e-03
6.686432e-03
6.690473e-03
6.694489e-03
6.698479e-03
6.702443e-03
6.706381e-03
6.710293e-03
6.714179e-03
6.718040e-03
6.721874e-03
6.725683e-03
6.729466e-03
6.733222e-03
6.736954e-03
6.740659e-03
6.744338e-03
6.747991e-03
6.751619e-03
6.755221e-03
6.758796e-03
6.762346e-03
6.765870e-03
6.769369e-03
6.772841e-03
6.776287e-03
6.779708e-03
6.783103e-03
6.786471e-03
6.789814e-03
6.793131e-03
6.796423e-03
6.799688e-03
6.802927e-03
6.806141e-03
6.809328e-03
6.812490e-03
6.815626e-03
6.818736e-03
6.821820e-03
6.824879e-03
6.827911e-03
6.830918e-03
6.833899e-03
6.836853e-03
6.839782e-03
6.842685e-03
6.845563e-03
6.848414e-03
6.851239e-03
6.854039e-03
6.856813e-03
6.859560e-03
6.862282e-03
6.864978e-03
6.867649e-03
6.870293e-03
6.872911e-03
6.875504e-03
6.878071e-03
6.880611e-03
6.883126e-03
6.885616e-03
6.888079e-03
6.890516e-03
6.892928e-03
6.895313e-03
6.897673e-03
6.900007e-03
6.902315e-03
6.904597e-03
6.906853e-03
6.909083e-03
6.911288e-03
6.913466e-03
6.915619e-03
6.917746e-03
6.919847e-03
6.921922e-03
6.923971e-03
6.925994e-03
6.927992e-03
6.929963e-03
6.931909e-03
6.933829e-03
6.935723e-03
6.937591e-03
6.939433e-03
6.941250e-03
6.943040e-03
6.944805e-03
6.946543e-03
6.948256e-03
6.949943e-03
6.951604e-03
6.953240e-03
6.954849e-03
6.956432e-03
6.957990e-03
6.959522e-03
6.961028e-03
6.962508e-03
6.963962e-03
6.965390e-03
6.966792e-03
6.968169e-03
6.969519e-03
6.970844e-03
6.972143e-03
6.973416e-03
6.974663e-03
6.975884e-03
6.977080e-03
6.978249e-03
6.979393e-03
6.980511e-03
6.981602e-03
6.982668e-03
6.983709e-03
6.984723e-03
6.985711e-03
6.986674e-03
6.987610e-03
6.988521e-03
6.989406e-03
6.990265e-03
6.991098e-03
6.991905e-03
6.992687e-03
6.993442e-03
6.994172e-03
6.994876e-03
6.995553e-03
6.996205e-03
6.996832e-03
6.997432e-03
6.998006e-03
6.998555e-03
6.999077e-03
6.999574e-03
7.000045e-03
7.000490e-03
7.000909e-03
7.001302e-03
7.001670e-03
7.002011e-03
7.002327e-03
7.002617e-03
7.002881e-03
7.003119e-03
7.003331e-03
7.003517e-03
7.003677e-03
7.003812e-03
7.003921e-03
7.004003e-03
7.004060e-03
7.004091e-03
7.004096e-03
7.004076e-03
7.004029e-03
7.003957e-03
7.003858e-03
7.003734e-03
7.003584e-03
7.003408e-03
7.003206e-03
7.002978e-03
7.002725e-03
7.002445e-03
7.002140e-03
7.001809e-03
7.001452e-03
7.001069e-03
7.000660e-03
7.000225e-03
6.999765e-03
6.999278e-03
6.998766e-03
6.998450e-03
6.998450e-03
6.998450e-03
6.998450e-03
6.998450e-03
6.998450e-03
6.998450e-03
6.998450e-03
6.998450e-03
6.998450e-03
6.998450e-03
6.998450e-03
6.998450e-03
6.998450e-03
6.998450e-03
6.998450e-03
6.998450e-03
6.998450e-03
6.998450e-03
6.998450e-03
6.998450e-03
6.998450e-03
6.998450e-03
6.998450e-03
6.998450e-03
6.998450e-03
6.998450e-03
6.998450e-03
6.998450e-03
6.998450e-03
6.998450e-03
6.998450e-03
6.998450e-03
6.998450e-03
6.998450e-03
6.998450e-03
6.998450e-03
6.998450e-03
6.998450e-03
6.998450e-03
6.998450e-03
6.998450e-03
6.998450e-03
6.998450e-03
6.998450e-03
6.998450e-03
6.998450e-03
6.998450e-03
6.998450e-03
6.998450e-03
6.998450e-03
6.998450e-03
6.998450e-03
6.998450e-03
6.998450e-03
6.998450e-03
6.998450e-03
6.998450e-03
6.998450e-03
6.998450e-03
6.998450e-03
6.998450e-03
6.998450e-03
6.998450e-03
6.998450e-03
6.998450e-03
6.998450e-03
6.998450e-03
6.998450e-03
6.998450e-03
6.998450e-03
6.998450e-03
6.998450e-03
6.998450e-03
6.998450e-03
6.998450e-03
6.998450e-03
6.998450e-03
6.998450e-03
6.998450e-03
6.998450e-03
6.998450e-03
6.998450e-03
6.998450e-03
6.998450e-03
6.998450e-03
6.998450e-03
6.998450e-03
6.998450e-03
6.998450e-03
6.998450e-03
6.998450e-03
6.998450e-03
6.998450e-03
6.998450e-03
6.998450e-03
6.998450e-03
6.998450e-03
6.998450e-03
6.998450e-03
6.998450e-03
6.998450e-03
6.998450e-03
6.998450e-03
6.998450e-03
6.998450e-03
6.998450e-03
6.998450e-03
6.998450e-03
6.998450e-03
6.998450e-03
6.998450e-03
6.998450e-03
6.998450e-03
6.998450e-03
6.998450e-03
6.998450e-03
6.998450e-03
6.998450e-03
6.998450e-03
6.998450e-03
6.998450e-03
6.998450e-03
6.998450e-03
6.998450e-03
6.998450e-03
6.998450e-03
6.998450e-03
6.998450e-03
6.998450e-03
6.998450e-03
6.998450e-03
6.998450e-03
6.998450e-03
6.998450e-03
6.998450e-03
6.998450e-03
6.998450e-03
6.998450e-03
6.998450e-03
6.998450e-03
6.998450e-03
6.998450e-03
6.998450e-03
6.998450e-03
6.998450e-03
6.998450e-03
6.998450e-03
6.998450e-03
6.998450e-03
6.998450e-03
6.998450e-03
6.998450e-03
6.998450e-03
6.998450e-03
6.998450e-03
6.998450e-03
6.998450e-03
6.998450e-03
6.998450e-03
6.998450e-03
6.998450e-03
6.998450e-03
6.998450e-03
6.998450e-03
6.998450e-03
6.998450e-03
6.998450e-03
6.998450e-03
6.998450e-03
6.998450e-03
6.998450e-03
6.998450e-03
6.998450e-03
6.998450e-03
6.998450e-03
6.998450e-03
6.998450e-03
6.998450e-03
6.998450e-03
6.998450e-03
6.998450e-03
6.998450e-03
6.998450e-03
6.998450e-03
6.998450e-03
6.998450e-03
6.998450e-03
6.998450e-03
6.998450e-03
6.998450e-03
6.998450e-03
6.998450e-03
6.998450e-03
6.998450e-03
6.998450e-03
6.998450e-03
6.998450e-03
6.998450e-03
6.998450e-03
6.998450e-03
