0.000000e+00
1.110371e-07
2.273617e-07
3.489737e-07
4.758732e-07
6.080602e-07
7.455347e-07
8.882967e-07
1.036346e-06
1.189683e-06
1.348307e-06
1.512219e-06
1.681419e-06
1.855906e-06
2.035680e-06
2.220742e-06
2.411091e-06
2.606728e-06
2.807652e-06
3.013864e-06
3.225363e-06
3.442150e-06
3.664224e-06
3.891586e-06
4.124235e-06
4.362171e-06
4.605395e-06
4.853907e-06
5.107706e-06
5.366793e-06
5.631167e-06
5.900828e-06
6.175777e-06
6.456013e-06
6.741537e-06
7.032349e-06
7.328448e-06
7.629834e-06
7.936508e-06
8.248469e-06
8.565718e-06
8.888254e-06
9.216078e-06
9.549189e-06
9.887588e-06
1.023127e-05
1.058025e-05
1.093451e-05
1.129406e-05
1.165889e-05
1.202902e-05
1.240443e-05
1.278513e-05
1.317111e-05
1.356239e-05
1.395895e-05
1.436080e-05
1.476793e-05
1.518036e-05
1.559807e-05
1.602107e-05
1.644935e-05
1.688292e-05
1.732179e-05
1.776593e-05
1.821537e-05
1.867009e-05
1.913010e-05
1.959540e-05
2.006599e-05
2.054186e-05
2.102302e-05
2.150947e-05
2.200121e-05
2.249823e-05
2.300054e-05
2.350814e-05
2.402102e-05
2.453920e-05
2.506266e-05
2.559140e-05
2.612544e-05
2.666476e-05
2.720937e-05
2.775927e-05
2.831446e-05
2.887493e-05
2.944069e-05
3.001174e-05
3.058807e-05
3.116970e-05
3.175661e-05
3.234880e-05
3.294629e-05
3.354906e-05
3.415712e-05
3.477047e-05
3.538911e-05
3.601303e-05
3.664224e-05
3.727674e-05
3.791652e-05
3.856159e-05
3.921195e-05
3.986760e-05
4.052854e-05
4.119476e-05
4.186627e-05
4.254307e-05
4.322515e-05
4.391252e-05
4.460518e-05
4.530313e-05
4.600637e-05
4.671489e-05
4.742870e-05
4.814780e-05
4.887218e-05
4.960185e-05
5.033681e-05
5.107706e-05
5.182259e-05
5.257342e-05
5.332953e-05
5.409092e-05
5.485761e-05
5.562958e-05
5.640684e-05
5.718939e-05
5.797722e-05
5.877034e-05
5.956875e-05
6.037245e-05
6.118143e-05
6.199571e-05
6.281527e-05
6.364011e-05
6.447025e-05
6.530567e-05
6.614638e-05
6.699238e-05
6.784366e-05
6.870023e-05
6.956209e-05
7.042924e-05
7.130167e-05
7.217939e-05
7.306240e-05
7.395070e-05
7.484428e-05
7.574316e-05
7.664731e-05
7.755676e-05
7.847150e-05
7.939152e-05
8.031683e-05
8.124742e-05
8.218331e-05
8.312448e-05
8.407094e-05
8.502268e-05
8.597972e-05
8.694204e-05
8.790965e-05
8.888254e-05
8.986073e-05
9.084420e-05
9.183296e-05
9.282700e-05
9.382634e-05
9.483096e-05
9.584087e-05
9.685606e-05
9.787655e-05
9.890232e-05
9.993338e-05
1.009697e-04
1.020114e-04
1.030583e-04
1.041105e-04
1.051680e-04
1.062308e-04
1.072988e-04
1.083722e-04
1.094508e-04
1.105348e-04
1.116240e-04
1.127185e-04
1.138183e-04
1.149234e-04
1.160338e-04
1.171494e-04
1.182704e-04
1.193966e-04
1.205281e-04
1.216649e-04
1.228070e-04
1.239544e-04
1.251071e-04
1.262650e-04
1.274283e-04
1.285968e-04
1.297706e-04
1.309497e-04
1.321341e-04
1.333238e-04
1.345188e-04
1.357190e-04
1.369246e-04
1.381354e-04
1.393515e-04
1.405730e-04
1.417996e-04
1.430316e-04
1.442689e-04
1.455115e-04
1.467593e-04
1.480124e-04
1.492709e-04
1.505346e-04
1.518036e-04
1.530778e-04
1.543574e-04
1.556423e-04
1.569324e-04
1.582278e-04
1.595286e-04
1.608346e-04
1.621459e-04
1.634625e-04
1.647843e-04
1.661115e-04
1.674439e-04
1.687817e-04
1.701247e-04
1.714730e-04
1.728266e-04
1.741855e-04
1.755496e-04
1.769191e-04
1.782938e-04
1.796739e-04
1.810592e-04
1.824498e-04
1.838457e-04
1.852469e-04
1.866533e-04
1.880651e-04
1.894821e-04
1.909045e-04
1.923321e-04
1.937650e-04
1.952032e-04
1.966467e-04
1.980954e-04
1.995495e-04
2.010089e-04
2.024735e-04
2.039434e-04
2.054186e-04
2.068991e-04
2.083849e-04
2.098760e-04
2.113723e-04
2.128740e-04
2.143809e-04
2.158931e-04
2.174106e-04
2.189334e-04
2.204615e-04
2.219949e-04
2.235335e-04
2.250775e-04
2.266267e-04
2.281812e-04
2.297410e-04
2.313061e-04
2.328765e-04
2.344522e-04
2.360331e-04
2.376194e-04
2.392109e-04
2.408077e-04
2.424098e-04
2.440172e-04
2.456299e-04
2.472479e-04
2.488711e-04
2.504997e-04
2.521335e-04
2.537726e-04
2.554170e-04
2.570667e-04
2.587217e-04
2.603820e-04
2.620475e-04
2.637184e-04
2.653945e-04
2.670759e-04
2.687626e-04
2.704546e-04
2.721519e-04
2.738545e-04
2.755623e-04
2.772755e-04
2.789939e-04
2.807176e-04
2.824466e-04
2.841809e-04
2.859205e-04
2.876654e-04
2.894155e-04
2.911710e-04
2.929317e-04
2.946977e-04
2.964690e-04
2.982456e-04
3.000275e-04
3.018147e-04
3.036071e-04
3.054049e-04
3.072079e-04
3.090162e-04
3.108298e-04
3.126487e-04
3.144729e-04
3.163024e-04
3.181371e-04
3.199772e-04
3.218225e-04
3.236731e-04
3.255290e-04
3.273902e-04
3.292567e-04
3.311285e-04
3.330055e-04
3.348879e-04
3.367755e-04
3.386684e-04
3.405666e-04
3.424701e-04
3.443789e-04
3.462929e-04
3.482123e-04
3.501369e-04
3.520669e-04
3.540021e-04
3.559426e-04
3.578884e-04
3.598395e-04
3.617958e-04
3.637575e-04
3.657244e-04
3.676967e-04
3.696742e-04
3.716570e-04
3.736451e-04
3.756385e-04
3.776371e-04
3.796411e-04
3.816503e-04
3.836649e-04
3.856847e-04
3.877098e-04
3.897402e-04
3.917759e-04
3.938168e-04
3.958631e-04
3.979146e-04
3.999714e-04
4.020336e-04
4.041010e-04
4.061737e-04
4.082516e-04
4.103349e-04
4.124235e-04
4.145173e-04
4.166164e-04
4.187209e-04
4.208306e-04
4.229455e-04
4.250658e-04
4.271914e-04
4.293223e-04
4.314584e-04
4.335998e-04
4.357465e-04
4.378985e-04
4.400558e-04
4.422184e-04
4.443863e-04
4.465594e-04
4.487379e-04
4.509216e-04
4.531106e-04
4.553049e-04
4.575045e-04
4.597094e-04
4.619196e-04
4.641350e-04
4.663558e-04
4.685818e-04
4.708131e-04
4.730497e-04
4.752916e-04
4.775388e-04
4.797913e-04
4.820490e-04
4.843120e-04
4.865804e-04
4.888540e-04
4.911329e-04
4.934171e-04
4.957066e-04
4.980013e-04
5.003014e-04
5.026067e-04
5.049174e-04
5.072333e-04
5.095545e-04
5.118810e-04
5.142127e-04
5.165498e-04
5.188922e-04
5.212398e-04
5.235927e-04
5.259510e-04
5.283145e-04
5.306832e-04
5.330573e-04
5.354367e-04
5.378213e-04
5.402113e-04
5.426065e-04
5.450070e-04
5.474128e-04
5.498239e-04
5.522403e-04
5.546620e-04
5.570889e-04
5.595212e-04
5.619587e-04
5.644015e-04
5.668496e-04
5.693030e-04
5.717617e-04
5.742256e-04
5.766949e-04
5.791694e-04
5.816493e-04
5.841344e-04
5.866248e-04
5.891205e-04
5.916215e-04
5.941277e-04
5.966393e-04
5.991561e-04
6.016782e-04
6.042057e-04
6.067384e-04
6.092764e-04
6.118196e-04
6.143682e-04
6.169221e-04
6.194812e-04
6.220456e-04
6.246153e-04
6.271903e-04
6.297706e-04
6.323562e-04
6.349471e-04
6.375432e-04
6.401447e-04
6.427514e-04
6.453634e-04
6.479807e-04
6.506033e-04
6.532312e-04
6.558643e-04
6.585028e-04
6.611465e-04
6.637956e-04
6.664499e-04
6.691095e-04
6.717744e-04
6.744446e-04
6.771200e-04
6.798008e-04
6.824868e-04
6.851781e-04
6.878748e-04
6.905767e-04
6.932838e-04
6.959963e-04
6.987141e-04
7.014371e-04
7.041655e-04
7.068991e-04
7.096380e-04
7.123822e-04
7.151317e-04
7.178865e-04
7.206466e-04
7.234119e-04
7.261825e-04
7.289585e-04
7.317397e-04
7.345262e-04
7.373180e-04
7.401151e-04
7.429174e-04
7.457251e-04
7.485380e-04
7.513562e-04
7.541798e-04
7.570086e-04
7.598426e-04
7.626820e-04
7.655267e-04
7.683766e-04
7.712319e-04
7.740924e-04
7.769582e-04
7.798293e-04
7.827057e-04
7.855874e-04
7.884744e-04
7.913666e-04
7.942641e-04
7.971670e-04
8.000751e-04
8.029885e-04
8.059072e-04
8.088311e-04
8.117604e-04
8.146950e-04
8.176348e-04
8.205799e-04
8.235303e-04
8.264860e-04
8.294470e-04
8.324133e-04
8.353849e-04
8.383617e-04
8.413439e-04
8.443313e-04
8.473240e-04
8.503220e-04
8.533253e-04
8.563339e-04
8.593477e-04
8.623669e-04
8.653913e-04
8.684211e-04
8.714561e-04
8.744964e-04
8.775420e-04
8.805928e-04
8.836490e-04
8.867104e-04
8.897772e-04
8.928492e-04
8.959265e-04
8.990091e-04
9.020970e-04
9.051902e-04
9.082887e-04
9.113924e-04
9.145014e-04
9.176158e-04
9.207354e-04
9.238603e-04
9.269905e-04
9.301259e-04
9.332667e-04
9.364128e-04
9.395641e-04
9.427207e-04
9.458826e-04
9.490498e-04
9.522223e-04
9.554001e-04
9.585832e-04
9.617715e-04
9.649652e-04
9.681641e-04
9.713683e-04
9.745778e-04
9.777926e-04
9.810127e-04
9.842380e-04
9.874687e-04
9.907046e-04
9.939458e-04
9.971923e-04
1.000444e-03
1.003701e-03
1.006964e-03
1.010231e-03
1.013504e-03
1.016782e-03
1.020066e-03
1.023355e-03
1.026649e-03
1.029948e-03
1.033253e-03
1.036563e-03
1.039878e-03
1.043199e-03
1.046525e-03
1.049856e-03
1.053192e-03
1.056534e-03
1.059881e-03
1.063233e-03
1.066591e-03
1.069953e-03
1.073321e-03
1.076695e-03
1.080074e-03
1.083458e-03
1.086847e-03
1.090241e-03
1.093641e-03
1.097046e-03
1.100457e-03
1.103873e-03
1.107294e-03
1.110720e-03
1.114151e-03
1.117588e-03
1.121030e-03
1.124478e-03
1.127931e-03
1.131389e-03
1.134852e-03
1.138320e-03
1.141794e-03
1.145274e-03
1.148758e-03
1.152248e-03
1.155743e-03
1.159243e-03
1.162749e-03
1.166260e-03
1.169776e-03
1.173297e-03
1.176824e-03
1.180356e-03
1.183893e-03
1.187436e-03
1.190984e-03
1.194537e-03
1.198095e-03
1.201659e-03
1.205228e-03
1.208803e-03
1.212382e-03
1.215967e-03
1.219557e-03
1.223153e-03
1.226754e-03
1.230360e-03
1.233971e-03
1.237588e-03
1.241210e-03
1.244837e-03
1.248469e-03
1.252107e-03
1.255750e-03
1.259398e-03
1.263052e-03
1.266711e-03
1.270375e-03
1.274045e-03
1.277720e-03
1.281400e-03
1.285085e-03
1.288776e-03
1.292472e-03
1.296173e-03
1.299879e-03
1.303591e-03
1.307308e-03
1.311031e-03
1.314758e-03
1.318491e-03
1.322230e-03
1.325973e-03
1.329722e-03
1.333476e-03
1.337235e-03
1.341000e-03
1.344770e-03
1.348545e-03
1.352326e-03
1.356112e-03
1.359903e-03
1.363699e-03
1.367501e-03
1.371308e-03
1.375120e-03
1.378938e-03
1.382761e-03
1.386589e-03
1.390422e-03
1.394261e-03
1.398105e-03
1.401954e-03
1.405809e-03
1.409669e-03
1.413534e-03
1.417404e-03
1.421280e-03
1.425161e-03
1.429047e-03
1.432939e-03
1.436836e-03
1.440738e-03
1.444645e-03
1.448558e-03
1.452476e-03
1.456399e-03
1.460328e-03
1.464262e-03
1.468201e-03
1.472146e-03
1.476095e-03
1.480050e-03
1.484011e-03
1.487976e-03
1.491947e-03
1.495923e-03
1.499905e-03
1.503892e-03
1.507884e-03
1.511881e-03
1.515884e-03
1.519892e-03
1.523905e-03
1.527923e-03
1.531947e-03
1.535976e-03
1.540010e-03
1.544050e-03
1.548095e-03
1.552145e-03
1.556201e-03
1.560261e-03
1.564327e-03
1.568399e-03
1.572475e-03
1.576557e-03
1.580645e-03
1.584737e-03
1.588835e-03
1.592938e-03
1.597046e-03
1.601160e-03
1.605279e-03
1.609403e-03
1.613533e-03
1.617668e-03
1.621808e-03
1.625953e-03
1.630104e-03
1.634260e-03
1.638421e-03
1.642587e-03
1.646759e-03
1.650936e-03
1.655119e-03
1.659306e-03
1.663499e-03
1.667698e-03
1.671901e-03
1.676110e-03
1.680324e-03
1.684544e-03
1.688768e-03
1.692998e-03
1.697234e-03
1.701474e-03
1.705720e-03
1.709971e-03
1.714228e-03
1.718489e-03
1.722756e-03
1.727029e-03
1.731306e-03
1.735589e-03
1.739877e-03
1.744171e-03
1.748469e-03
1.752773e-03
1.757083e-03
1.761397e-03
1.765717e-03
1.770042e-03
1.774373e-03
1.778708e-03
1.783049e-03
1.787396e-03
1.791747e-03
1.796104e-03
1.800466e-03
1.804834e-03
1.809207e-03
1.813585e-03
1.817968e-03
1.822357e-03
1.826750e-03
1.831150e-03
1.835554e-03
1.839964e-03
1.844379e-03
1.848799e-03
1.853225e-03
1.857656e-03
1.862092e-03
1.866533e-03
1.870980e-03
1.875432e-03
1.879890e-03
1.884352e-03
1.888820e-03
1.893293e-03
1.897772e-03
1.902256e-03
1.906745e-03
1.911239e-03
1.915739e-03
1.920244e-03
1.924754e-03
1.929269e-03
1.933790e-03
1.938316e-03
1.942848e-03
1.947384e-03
1.951926e-03
1.956473e-03
1.961026e-03
1.965584e-03
1.970147e-03
1.974715e-03
1.979289e-03
1.983868e-03
1.988452e-03
1.993042e-03
1.997636e-03
2.002237e-03
2.006842e-03
2.011453e-03
2.016069e-03
2.020690e-03
2.025316e-03
2.029948e-03
2.034585e-03
2.039228e-03
2.043876e-03
2.048528e-03
2.053187e-03
2.057850e-03
2.062519e-03
2.067193e-03
2.071873e-03
2.076557e-03
2.081247e-03
2.085943e-03
2.090643e-03
2.095349e-03
2.100060e-03
2.104777e-03
2.109498e-03
2.114225e-03
2.118958e-03
2.123695e-03
2.128438e-03
2.133186e-03
2.137940e-03
2.142699e-03
2.147463e-03
2.152232e-03
2.157006e-03
2.161786e-03
2.166571e-03
2.171362e-03
2.176158e-03
2.180959e-03
2.185765e-03
2.190577e-03
2.195394e-03
2.200216e-03
2.205043e-03
2.209876e-03
2.214714e-03
2.219557e-03
2.224406e-03
2.229260e-03
2.234119e-03
2.238984e-03
2.243853e-03
2.248728e-03
2.253609e-03
2.258494e-03
2.263385e-03
2.268281e-03
2.273183e-03
2.278090e-03
2.283002e-03
2.287919e-03
2.292842e-03
2.297770e-03
2.302703e-03
2.307641e-03
2.312585e-03
2.317534e-03
2.322489e-03
2.327448e-03
2.332413e-03
2.337384e-03
2.342359e-03
2.347340e-03
2.352326e-03
2.357317e-03
2.362314e-03
2.367316e-03
2.372323e-03
2.377336e-03
2.382354e-03
2.387377e-03
2.392405e-03
2.397439e-03
2.402478e-03
2.407522e-03
2.412572e-03
2.417626e-03
2.422686e-03
2.427752e-03
2.432823e-03
2.437899e-03
2.442980e-03
2.448066e-03
2.453158e-03
2.458255e-03
2.463358e-03
2.468465e-03
2.473578e-03
2.478697e-03
2.483820e-03
2.488949e-03
2.494083e-03
2.499223e-03
2.504367e-03
2.509517e-03
2.514673e-03
2.519833e-03
2.524999e-03
2.530170e-03
2.535347e-03
2.540529e-03
2.545716e-03
2.550908e-03
2.556105e-03
2.561308e-03
2.566517e-03
2.571730e-03
2.576949e-03
2.582173e-03
2.587402e-03
2.592637e-03
2.597877e-03
2.603122e-03
2.608372e-03
2.613628e-03
2.618889e-03
2.624155e-03
2.629427e-03
2.634704e-03
2.639986e-03
2.645274e-03
2.650566e-03
2.655864e-03
2.661168e-03
2.666476e-03
2.671790e-03
2.677109e-03
2.682434e-03
2.687764e-03
2.693099e-03
2.698439e-03
2.703785e-03
2.709136e-03
2.714492e-03
2.719853e-03
2.725220e-03
2.730592e-03
2.735970e-03
2.741352e-03
2.746740e-03
2.752133e-03
2.757532e-03
2.762936e-03
2.768345e-03
2.773759e-03
2.779179e-03
2.784604e-03
2.790034e-03
2.795470e-03
2.800911e-03
2.806357e-03
2.811808e-03
2.817265e-03
2.822727e-03
2.828194e-03
2.833666e-03
2.839144e-03
2.844627e-03
2.850116e-03
2.855609e-03
2.861108e-03
2.866613e-03
2.872122e-03
2.877637e-03
2.883157e-03
2.888683e-03
2.894213e-03
2.899749e-03
2.905291e-03
2.910837e-03
2.916389e-03
2.921946e-03
2.927509e-03
2.933076e-03
2.938649e-03
2.944228e-03
2.949811e-03
2.955400e-03
2.960994e-03
2.966594e-03
2.972198e-03
2.977808e-03
2.983424e-03
2.989044e-03
2.994670e-03
3.000301e-03
3.005938e-03
3.011580e-03
3.017227e-03
3.022879e-03
3.028537e-03
3.034199e-03
3.039868e-03
3.045541e-03
3.051220e-03
3.056904e-03
3.062593e-03
3.068288e-03
3.073988e-03
3.079693e-03
3.085403e-03
3.091119e-03
3.096840e-03
3.102567e-03
3.108298e-03
3.114035e-03
3.119777e-03
3.125525e-03
3.131278e-03
3.137036e-03
3.142799e-03
3.148568e-03
3.154342e-03
3.160121e-03
3.165905e-03
3.171695e-03
3.177490e-03
3.183291e-03
3.189096e-03
3.194907e-03
3.200723e-03
3.206545e-03
3.212372e-03
3.218204e-03
3.224041e-03
3.229884e-03
3.235732e-03
3.241585e-03
3.247444e-03
3.253307e-03
3.259176e-03
3.265051e-03
3.270930e-03
3.276815e-03
3.282706e-03
3.288601e-03
3.294502e-03
3.300408e-03
3.306320e-03
3.312236e-03
3.318158e-03
3.324086e-03
3.330018e-03
3.335956e-03
3.341899e-03
3.347847e-03
3.353801e-03
3.359760e-03
3.365724e-03
3.371694e-03
3.377669e-03
3.383649e-03
3.389634e-03
3.395625e-03
3.401621e-03
3.407622e-03
3.413629e-03
3.419641e-03
3.425658e-03
3.431680e-03
3.437708e-03
3.443741e-03
3.449780e-03
3.455823e-03
3.461872e-03
3.467926e-03
3.473986e-03
3.480050e-03
3.486120e-03
3.492196e-03
3.498276e-03
3.504362e-03
3.510453e-03
3.516550e-03
3.522652e-03
3.528759e-03
3.534871e-03
3.540989e-03
3.547111e-03
3.553240e-03
3.559373e-03
3.565512e-03
3.571656e-03
3.577805e-03
3.583960e-03
3.590120e-03
3.596285e-03
3.602456e-03
3.608631e-03
3.614812e-03
3.620999e-03
3.627190e-03
3.633387e-03
3.639589e-03
3.645797e-03
3.652010e-03
3.658228e-03
3.664451e-03
3.670680e-03
3.676914e-03
3.683153e-03
3.689398e-03
3.695647e-03
3.701902e-03
3.708163e-03
3.714428e-03
3.720699e-03
3.726976e-03
3.733257e-03
3.739544e-03
3.745836e-03
3.752133e-03
3.758436e-03
3.764744e-03
3.771057e-03
3.777376e-03
3.783700e-03
3.790029e-03
3.796363e-03
3.802703e-03
3.809048e-03
3.815398e-03
3.821754e-03
3.828115e-03
3.834481e-03
3.840852e-03
3.847229e-03
3.853611e-03
3.859998e-03
3.866391e-03
3.872789e-03
3.879192e-03
3.885600e-03
3.892014e-03
3.898433e-03
3.904857e-03
3.911287e-03
3.917722e-03
3.924162e-03
3.930607e-03
3.937058e-03
3.943514e-03
3.949975e-03
3.956442e-03
3.962914e-03
3.969391e-03
3.975873e-03
3.982361e-03
3.988854e-03
3.995352e-03
4.001856e-03
4.008365e-03
4.014879e-03
4.021398e-03
4.027923e-03
4.034453e-03
4.040989e-03
4.047529e-03
4.054075e-03
4.060626e-03
4.067183e-03
4.073744e-03
4.080312e-03
4.086884e-03
4.093462e-03
4.100044e-03
4.106633e-03
4.113226e-03
4.119825e-03
4.126429e-03
4.133038e-03
4.139653e-03
4.146273e-03
4.152898e-03
4.159529e-03
4.166164e-03
4.172805e-03
4.179452e-03
4.186103e-03
4.192760e-03
4.199423e-03
4.206090e-03
4.212763e-03
4.219441e-03
4.226124e-03
4.232813e-03
4.239507e-03
4.246206e-03
4.252911e-03
4.259621e-03
4.266336e-03
4.273056e-03
4.279782e-03
4.286513e-03
4.293249e-03
4.299990e-03
4.306737e-03
4.313489e-03
4.320247e-03
4.327010e-03
4.333777e-03
4.340551e-03
4.347329e-03
4.354113e-03
4.360902e-03
4.367697e-03
4.374496e-03
4.381301e-03
4.388112e-03
4.394927e-03
4.401748e-03
4.408574e-03
4.415406e-03
4.422242e-03
4.429084e-03
4.435932e-03
4.442784e-03
4.449642e-03
4.456505e-03
4.463374e-03
4.470247e-03
4.477126e-03
4.484011e-03
4.490900e-03
4.497795e-03
4.504695e-03
4.511601e-03
4.518511e-03
4.525427e-03
4.532349e-03
4.539275e-03
4.546207e-03
4.553144e-03
4.560087e-03
4.567035e-03
4.573988e-03
4.580946e-03
4.587910e-03
4.594879e-03
4.601853e-03
4.608832e-03
4.615817e-03
4.622807e-03
4.629802e-03
4.636803e-03
4.643809e-03
4.650820e-03
4.657837e-03
4.664858e-03
4.671885e-03
4.678918e-03
4.685955e-03
4.692998e-03
4.700047e-03
4.707100e-03
4.714159e-03
4.721223e-03
4.728292e-03
4.735367e-03
4.742447e-03
4.749532e-03
4.756623e-03
4.763718e-03
4.770819e-03
4.777926e-03
4.785037e-03
4.792154e-03
4.799277e-03
4.806404e-03
4.813537e-03
4.820675e-03
4.827818e-03
4.834967e-03
4.842121e-03
4.849280e-03
4.856445e-03
4.863615e-03
4.870790e-03
4.877970e-03
4.885156e-03
4.892347e-03
4.899543e-03
4.906745e-03
4.913952e-03
4.921164e-03
4.928381e-03
4.935604e-03
4.942832e-03
4.950065e-03
4.957304e-03
4.964547e-03
4.971797e-03
4.979051e-03
4.986311e-03
4.993576e-03
5.000846e-03
5.008122e-03
5.015402e-03
5.022689e-03
5.029980e-03
5.037277e-03
5.044579e-03
5.051886e-03
5.059199e-03
5.066517e-03
5.073840e-03
5.081168e-03
5.088502e-03
5.095841e-03
5.103185e-03
5.110535e-03
5.117890e-03
5.125250e-03
5.132615e-03
5.139986e-03
5.147362e-03
5.154743e-03
5.162130e-03
5.169522e-03
5.176919e-03
5.184322e-03
5.191729e-03
5.199142e-03
5.206561e-03
5.213984e-03
5.221413e-03
5.228847e-03
5.236287e-03
5.243732e-03
5.251182e-03
5.258637e-03
5.266098e-03
5.273564e-03
5.281035e-03
5.288511e-03
5.295993e-03
5.303480e-03
5.310973e-03
5.318470e-03
5.325973e-03
5.333481e-03
5.340995e-03
5.348514e-03
5.356038e-03
5.363567e-03
5.371102e-03
5.378642e-03
5.386187e-03
5.393738e-03
5.401293e-03
5.408854e-03
5.416421e-03
5.423992e-03
5.431569e-03
5.439152e-03
5.446739e-03
5.454332e-03
5.461930e-03
5.469534e-03
5.477142e-03
5.484756e-03
5.492375e-03
5.500000e-03
5.507630e-03
5.515265e-03
5.522905e-03
5.530551e-03
5.538202e-03
5.545858e-03
5.553520e-03
5.561187e-03
5.568859e-03
5.576536e-03
5.584219e-03
5.591907e-03
5.599600e-03
5.607299e-03
5.615003e-03
5.622712e-03
5.630426e-03
5.638146e-03
5.645871e-03
5.653601e-03
5.661337e-03
5.669078e-03
5.676824e-03
5.684575e-03
5.692332e-03
5.700094e-03
5.707861e-03
5.715634e-03
5.723412e-03
5.731195e-03
5.738984e-03
5.746777e-03
5.754576e-03
5.762381e-03
5.770190e-03
5.778005e-03
5.785825e-03
5.793651e-03
5.801482e-03
5.809318e-03
5.817159e-03
5.825006e-03
5.832857e-03
5.840715e-03
5.848577e-03
5.856445e-03
5.864318e-03
5.872196e-03
5.880080e-03
5.887969e-03
5.895863e-03
5.903763e-03
5.911667e-03
5.919577e-03
5.927493e-03
5.935413e-03
5.943339e-03
5.951271e-03
5.959207e-03
5.967149e-03
5.975096e-03
5.983048e-03
5.991006e-03
5.998969e-03
6.006937e-03
6.014911e-03
6.022890e-03
6.030874e-03
6.038863e-03
6.046858e-03
6.054858e-03
6.062863e-03
6.070873e-03
6.078889e-03
6.086910e-03
6.094937e-03
6.102968e-03
6.110341e-03
6.117686e-03
6.125006e-03
6.132299e-03
6.139566e-03
6.146806e-03
6.154020e-03
6.161208e-03
6.168369e-03
6.175504e-03
6.182613e-03
6.189695e-03
6.196751e-03
6.203780e-03
6.210783e-03
6.217760e-03
6.224710e-03
6.231634e-03
6.238532e-03
6.245403e-03
6.252248e-03
6.259066e-03
6.265859e-03
6.272624e-03
6.279364e-03
6.286077e-03
6.292764e-03
6.299424e-03
6.306058e-03
6.312665e-03
6.319247e-03
6.325801e-03
6.332330e-03
6.338832e-03
6.345308e-03
6.351757e-03
6.358180e-03
6.364577e-03
6.370947e-03
6.377291e-03
6.383608e-03
6.389900e-03
6.396164e-03
6.402403e-03
6.408615e-03
6.414801e-03
6.420960e-03
6.427093e-03
6.433200e-03
6.439280e-03
6.445334e-03
6.451361e-03
6.457362e-03
6.463337e-03
6.469285e-03
6.475207e-03
6.481103e-03
6.486972e-03
6.492815e-03
6.498632e-03
6.504422e-03
6.510186e-03
6.515923e-03
6.521635e-03
6.527319e-03
6.532978e-03
6.538610e-03
6.544215e-03
6.549794e-03
6.555347e-03
6.560874e-03
6.566374e-03
6.571848e-03
6.577295e-03
6.582716e-03
6.588111e-03
6.593479e-03
6.598821e-03
6.604137e-03
6.609426e-03
6.614689e-03
6.619925e-03
6.625136e-03
6.630319e-03
6.635477e-03
6.640608e-03
6.645712e-03
6.650791e-03
6.655843e-03
6.660868e-03
6.665867e-03
6.670840e-03
6.675787e-03
6.680707e-03
6.685600e-03
6.690468e-03
6.695309e-03
6.700123e-03
6.704912e-03
6.709673e-03
6.714409e-03
6.719118e-03
6.723801e-03
6.728457e-03
6.733087e-03
6.737691e-03
6.742268e-03
6.746819e-03
6.751344e-03
6.755842e-03
6.760314e-03
6.764759e-03
6.769178e-03
6.773571e-03
6.777937e-03
6.782277e-03
6.786591e-03
6.790878e-03
6.795139e-03
6.799374e-03
6.803582e-03
6.807764e-03
6.811919e-03
6.816048e-03
6.820151e-03
6.824227e-03
6.828277e-03
6.832301e-03
6.836298e-03
6.840269e-03
6.844213e-03
6.848132e-03
6.852023e-03
6.855889e-03
6.859728e-03
6.863540e-03
6.867327e-03
6.871087e-03
6.874820e-03
6.878527e-03
6.882208e-03
6.885863e-03
6.889491e-03
6.893092e-03
6.896668e-03
6.900217e-03
6.903739e-03
6.907236e-03
6.910706e-03
6.914149e-03
6.917566e-03
6.920957e-03
6.924321e-03
6.927660e-03
6.930971e-03
6.934257e-03
6.937515e-03
6.940748e-03
6.943954e-03
6.947134e-03
6.950288e-03
6.953415e-03
6.956515e-03
6.959590e-03
6.962638e-03
6.965660e-03
6.968655e-03
6.971624e-03
6.974566e-03
6.977482e-03
6.980372e-03
6.983236e-03
6.986073e-03
6.988883e-03
6.991668e-03
6.994426e-03
6.997157e-03
6.999863e-03
7.002541e-03
7.005194e-03
7.007820e-03
7.010420e-03
7.012993e-03
7.015540e-03
7.018061e-03
7.020555e-03
7.023023e-03
7.025465e-03
7.027880e-03
7.030269e-03
7.032631e-03
7.034967e-03
7.037277e-03
7.039561e-03
7.041818e-03
7.044048e-03
7.046252e-03
7.048430e-03
7.050582e-03
7.052707e-03
7.054806e-03
7.056878e-03
7.058924e-03
7.060944e-03
7.062937e-03
7.064904e-03
7.066845e-03
7.068759e-03
7.070647e-03
7.072508e-03
7.074344e-03
7.076152e-03
7.077935e-03
7.079691e-03
7.081420e-03
7.083124e-03
7.084801e-03
7.086451e-03
7.088075e-03
7.089673e-03
7.091245e-03
7.092790e-03
7.094308e-03
7.095801e-03
7.097267e-03
7.098706e-03
7.100120e-03
7.101507e-03
7.102867e-03
7.104201e-03
7.105509e-03
7.106790e-03
7.108045e-03
7.109274e-03
7.110476e-03
7.111652e-03
7.112802e-03
7.113925e-03
7.115022e-03
7.116092e-03
7.117137e-03
7.118154e-03
7.119146e-03
7.120111e-03
7.121049e-03
7.121962e-03
7.122848e-03
7.123707e-03
7.124540e-03
7.125347e-03
7.126128e-03
7.126882e-03
7.127609e-03
7.128311e-03
7.128986e-03
7.129634e-03
7.130256e-03
7.130852e-03
7.131422e-03
7.131965e-03
7.132482e-03
7.132972e-03
7.133436e-03
7.133874e-03
7.134285e-03
7.134670e-03
7.135029e-03
7.135361e-03
7.135667e-03
7.135946e-03
7.136199e-03
7.136426e-03
7.136626e-03
7.136800e-03
7.136948e-03
7.137069e-03
7.137164e-03
7.137233e-03
7.137275e-03
7.137291e-03
7.137280e-03
7.137243e-03
7.137180e-03
7.137090e-03
7.136974e-03
7.136832e-03
7.136663e-03
7.136468e-03
7.136246e-03
7.135998e-03
7.135724e-03
7.135423e-03
7.135096e-03
7.134743e-03
7.134363e-03
7.133957e-03
7.133525e-03
7.133066e-03
7.132581e-03
7.132069e-03
7.131753e-03
7.131753e-03
7.131753e-03
7.131753e-03
7.131753e-03
7.131753e-03
7.131753e-03
7.131753e-03
7.131753e-03
7.131753e-03
7.131753e-03
7.131753e-03
7.131753e-03
7.131753e-03
7.131753e-03
7.131753e-03
7.131753e-03
7.131753e-03
7.131753e-03
7.131753e-03
7.131753e-03
7.131753e-03
7.131753e-03
7.131753e-03
7.131753e-03
7.131753e-03
7.131753e-03
7.131753e-03
7.131753e-03
7.131753e-03
7.131753e-03
7.131753e-03
7.131753e-03
7.131753e-03
7.131753e-03
7.131753e-03
7.131753e-03
7.131753e-03
7.131753e-03
7.131753e-03
7.131753e-03
7.131753e-03
7.131753e-03
7.131753e-03
7.131753e-03
7.131753e-03
7.131753e-03
7.131753e-03
7.131753e-03
7.131753e-03
7.131753e-03
7.131753e-03
7.131753e-03
7.131753e-03
7.131753e-03
7.131753e-03
7.131753e-03
7.131753e-03
7.131753e-03
7.131753e-03
7.131753e-03
7.131753e-03
7.131753e-03
7.131753e-03
7.131753e-03
7.131753e-03
7.131753e-03
7.131753e-03
7.131753e-03
7.131753e-03
7.131753e-03
7.131753e-03
7.131753e-03
7.131753e-03
7.131753e-03
7.131753e-03
7.131753e-03
7.131753e-03
7.131753e-03
7.131753e-03
7.131753e-03
7.131753e-03
7.131753e-03
7.131753e-03
7.131753e-03
7.131753e-03
7.131753e-03
7.131753e-03
7.131753e-03
7.131753e-03
7.131753e-03
7.131753e-03
7.131753e-03
7.131753e-03
7.131753e-03
7.131753e-03
7.131753e-03
7.131753e-03
7.131753e-03
7.131753e-03
7.131753e-03
7.131753e-03
7.131753e-03
7.131753e-03
7.131753e-03
7.131753e-03
7.131753e-03
7.131753e-03
7.131753e-03
7.131753e-03
7.131753e-03
7.131753e-03
7.131753e-03
7.131753e-03
7.131753e-03
7.131753e-03
7.131753e-03
7.131753e-03
7.131753e-03
7.131753e-03
7.131753e-03
7.131753e-03
7.131753e-03
7.131753e-03
7.131753e-03
7.131753e-03
7.131753e-03
7.131753e-03
7.131753e-03
7.131753e-03
7.131753e-03
7.131753e-03
7.131753e-03
7.131753e-03
7.131753e-03
7.131753e-03
7.131753e-03
7.131753e-03
7.131753e-03
7.131753e-03
7.131753e-03
7.131753e-03
7.131753e-03
7.131753e-03
7.131753e-03
7.131753e-03
7.131753e-03
7.131753e-03
7.131753e-03
7.131753e-03
7.131753e-03
7.131753e-03
7.131753e-03
7.131753e-03
7.131753e-03
7.131753e-03
7.131753e-03
7.131753e-03
7.131753e-03
7.131753e-03
7.131753e-03
7.131753e-03
7.131753e-03
7.131753e-03
7.131753e-03
7.131753e-03
7.131753e-03
7.131753e-03
7.131753e-03
7.131753e-03
7.131753e-03
7.131753e-03
7.131753e-03
7.131753e-03
7.131753e-03
7.131753e-03
7.131753e-03
7.131753e-03
7.131753e-03
7.131753e-03
7.131753e-03
7.131753e-03
7.131753e-03
7.131753e-03
7.131753e-03
7.131753e-03
7.131753e-03
7.131753e-03
7.131753e-03
7.131753e-03
7.131753e-03
7.131753e-03
7.131753e-03
7.131753e-03
7.131753e-03
7.131753e-03
7.131753e-03
7.131753e-03
7.131753e-03
7.131753e-03
7.131753e-03
