0.000000e+00
1.110371e-07
2.270534e-07
3.480490e-07
4.740238e-07
6.049778e-07
7.409111e-07
8.818237e-07
1.027715e-06
1.178586e-06
1.334437e-06
1.495266e-06
1.661075e-06
1.831863e-06
2.007630e-06
2.188377e-06
2.374102e-06
2.564807e-06
2.760492e-06
2.961155e-06
3.166798e-06
3.377420e-06
3.593021e-06
3.813601e-06
4.039161e-06
4.269700e-06
4.505218e-06
4.745715e-06
4.991192e-06
5.241648e-06
5.497083e-06
5.757497e-06
6.022891e-06
6.293263e-06
6.568615e-06
6.848947e-06
7.134257e-06
7.424547e-06
7.719816e-06
8.020064e-06
8.325292e-06
8.635499e-06
8.950685e-06
9.270850e-06
9.595994e-06
9.926118e-06
1.026122e-05
1.060130e-05
1.094636e-05
1.129641e-05
1.165143e-05
1.201142e-05
1.237640e-05
1.274636e-05
1.312130e-05
1.350121e-05
1.388611e-05
1.427598e-05
1.467084e-05
1.507067e-05
1.547548e-05
1.588527e-05
1.630005e-05
1.671980e-05
1.714452e-05
1.757423e-05
1.800892e-05
1.844859e-05
1.889323e-05
1.934286e-05
1.979746e-05
2.025705e-05
2.072161e-05
2.119115e-05
2.166568e-05
2.214518e-05
2.262966e-05
2.311912e-05
2.361356e-05
2.411297e-05
2.461737e-05
2.512675e-05
2.564110e-05
2.616044e-05
2.668475e-05
2.721404e-05
2.774832e-05
2.828757e-05
2.883180e-05
2.938101e-05
2.993520e-05
3.049437e-05
3.105852e-05
3.162764e-05
3.220175e-05
3.278084e-05
3.336490e-05
3.395395e-05
3.454797e-05
3.514697e-05
3.575095e-05
3.635992e-05
3.697386e-05
3.759278e-05
3.821667e-05
3.884555e-05
3.947941e-05
4.011825e-05
4.076206e-05
4.141086e-05
4.206463e-05
4.272339e-05
4.338712e-05
4.405583e-05
4.472952e-05
4.540819e-05
4.609184e-05
4.678047e-05
4.747408e-05
4.817267e-05
4.887623e-05
4.958478e-05
5.029831e-05
5.101681e-05
5.174029e-05
5.246876e-05
5.320220e-05
5.394062e-05
5.468402e-05
5.543240e-05
5.618576e-05
5.694410e-05
5.770742e-05
5.847571e-05
5.924899e-05
6.002725e-05
6.081048e-05
6.159870e-05
6.239189e-05
6.319006e-05
6.399321e-05
6.480134e-05
6.561445e-05
6.643254e-05
6.725561e-05
6.808366e-05
6.891669e-05
6.975469e-05
7.059768e-05
7.144564e-05
7.229859e-05
7.315651e-05
7.401941e-05
7.488729e-05
7.576016e-05
7.663800e-05
7.752082e-05
7.840861e-05
7.930139e-05
8.019915e-05
8.110189e-05
8.200960e-05
8.292230e-05
8.383997e-05
8.476262e-05
8.569026e-05
8.662287e-05
8.756046e-05
8.850303e-05
8.945058e-05
9.040311e-05
9.136062e-05
9.232310e-05
9.329057e-05
9.426302e-05
9.524044e-05
9.622285e-05
9.721023e-05
9.820259e-05
9.919994e-05
1.002023e-04
1.012096e-04
1.022218e-04
1.032391e-04
1.042613e-04
1.052886e-04
1.063207e-04
1.073579e-04
1.084001e-04
1.094472e-04
1.104993e-04
1.115564e-04
1.126185e-04
1.136855e-04
1.147576e-04
1.158346e-04
1.169166e-04
1.180035e-04
1.190955e-04
1.201924e-04
1.212943e-04
1.224012e-04
1.235131e-04
1.246299e-04
1.257517e-04
1.268785e-04
1.280103e-04
1.291471e-04
1.302888e-04
1.314355e-04
1.325872e-04
1.337439e-04
1.349056e-04
1.360722e-04
1.372438e-04
1.384204e-04
1.396020e-04
1.407886e-04
1.419801e-04
1.431766e-04
1.443781e-04
1.455846e-04
1.467960e-04
1.480124e-04
1.492338e-04
1.504602e-04
1.516916e-04
1.529279e-04
1.541693e-04
1.554156e-04
1.566669e-04
1.579231e-04
1.591844e-04
1.604506e-04
1.617218e-04
1.629980e-04
1.642791e-04
1.655653e-04
1.668564e-04
1.681525e-04
1.694535e-04
1.707596e-04
1.720706e-04
1.733867e-04
1.747076e-04
1.760336e-04
1.773646e-04
1.787005e-04
1.800414e-04
1.813873e-04
1.827382e-04
1.840940e-04
1.854548e-04
1.868206e-04
1.881914e-04
1.895672e-04
1.909479e-04
1.923337e-04
1.937244e-04
1.951200e-04
1.965207e-04
1.979263e-04
1.993370e-04
2.007526e-04
2.021731e-04
2.035987e-04
2.050292e-04
2.064647e-04
2.079052e-04
2.093507e-04
2.108012e-04
2.122566e-04
2.137170e-04
2.151824e-04
2.166528e-04
2.181281e-04
2.196085e-04
2.210938e-04
2.225840e-04
2.240793e-04
2.255796e-04
2.270848e-04
2.285950e-04
2.301102e-04
2.316303e-04
2.331555e-04
2.346856e-04
2.362207e-04
2.377608e-04
2.393058e-04
2.408559e-04
2.424109e-04
2.439709e-04
2.455359e-04
2.471058e-04
2.486807e-04
2.502607e-04
2.518456e-04
2.534354e-04
2.550303e-04
2.566301e-04
2.582349e-04
2.598447e-04
2.614595e-04
2.630792e-04
2.647039e-04
2.663337e-04
2.679683e-04
2.696080e-04
2.712526e-04
2.729023e-04
2.745569e-04
2.762165e-04
2.778810e-04
2.795506e-04
2.812251e-04
2.829046e-04
2.845890e-04
2.862785e-04
2.879729e-04
2.896724e-04
2.913768e-04
2.930861e-04
2.948005e-04
2.965198e-04
2.982441e-04
2.999734e-04
3.017077e-04
3.034469e-04
3.051912e-04
3.069404e-04
3.086946e-04
3.104537e-04
3.122179e-04
3.139870e-04
3.157611e-04
3.175402e-04
3.193242e-04
3.211133e-04
3.229073e-04
3.247063e-04
3.265103e-04
3.283192e-04
3.301332e-04
3.319521e-04
3.337760e-04
3.356049e-04
3.374387e-04
3.392776e-04
3.411214e-04
3.429702e-04
3.448239e-04
3.466827e-04
3.485464e-04
3.504151e-04
3.522888e-04
3.541675e-04
3.560511e-04
3.579397e-04
3.598334e-04
3.617319e-04
3.636355e-04
3.655440e-04
3.674576e-04
3.693761e-04
3.712996e-04
3.732280e-04
3.751615e-04
3.770999e-04
3.790433e-04
3.809916e-04
3.829450e-04
3.849033e-04
3.868667e-04
3.888349e-04
3.908082e-04
3.927865e-04
3.947697e-04
3.967579e-04
3.987511e-04
4.007493e-04
4.027524e-04
4.047606e-04
4.067737e-04
4.087917e-04
4.108148e-04
4.128429e-04
4.148759e-04
4.169139e-04
4.189569e-04
4.210048e-04
4.230578e-04
4.251157e-04
4.271786e-04
4.292465e-04
4.313193e-04
4.333972e-04
4.354800e-04
4.375678e-04
4.396606e-04
4.417583e-04
4.438610e-04
4.459688e-04
4.480814e-04
4.501991e-04
4.523218e-04
4.544494e-04
4.565820e-04
4.587196e-04
4.608622e-04
4.630097e-04
4.651622e-04
4.673197e-04
4.694822e-04
4.716497e-04
4.738221e-04
4.759996e-04
4.781820e-04
4.803693e-04
4.825617e-04
4.847590e-04
4.869614e-04
4.891687e-04
4.913809e-04
4.935982e-04
4.958204e-04
4.980476e-04
5.002798e-04
5.025170e-04
5.047592e-04
5.070063e-04
5.092584e-04
5.115155e-04
5.137776e-04
5.160446e-04
5.183166e-04
5.205936e-04
5.228756e-04
5.251626e-04
5.274545e-04
5.297515e-04
5.320534e-04
5.343603e-04
5.366721e-04
5.389890e-04
5.413108e-04
5.436376e-04
5.459694e-04
5.483061e-04
5.506478e-04
5.529946e-04
5.553463e-04
5.577029e-04
5.600646e-04
5.624312e-04
5.648028e-04
5.671794e-04
5.695610e-04
5.719476e-04
5.743391e-04
5.767356e-04
5.791371e-04
5.815435e-04
5.839550e-04
5.863714e-04
5.887928e-04
5.912192e-04
5.936506e-04
5.960869e-04
5.985282e-04
6.009745e-04
6.034258e-04
6.058821e-04
6.083433e-04
6.108095e-04
6.132807e-04
6.157569e-04
6.182381e-04
6.207242e-04
6.232153e-04
6.257114e-04
6.282125e-04
6.307185e-04
6.332296e-04
6.357456e-04
6.382666e-04
6.407925e-04
6.433235e-04
6.458594e-04
6.484003e-04
6.509462e-04
6.534971e-04
6.560529e-04
6.586137e-04
6.611795e-04
6.637503e-04
6.663261e-04
6.689068e-04
6.714925e-04
6.740832e-04
6.766789e-04
6.792796e-04
6.818852e-04
6.844958e-04
6.871114e-04
6.897320e-04
6.923576e-04
6.949881e-04
6.976236e-04
7.002641e-04
7.029096e-04
7.055600e-04
7.082154e-04
7.108759e-04
7.135412e-04
7.162116e-04
7.188870e-04
7.215673e-04
7.242526e-04
7.269429e-04
7.296381e-04
7.323384e-04
7.350436e-04
7.377538e-04
7.404690e-04
7.431891e-04
7.459143e-04
7.486444e-04
7.513795e-04
7.541196e-04
7.568646e-04
7.596147e-04
7.623697e-04
7.651297e-04
7.678946e-04
7.706646e-04
7.734395e-04
7.762194e-04
7.790043e-04
7.817942e-04
7.845890e-04
7.873889e-04
7.901937e-04
7.930035e-04
7.958182e-04
7.986380e-04
8.014627e-04
8.042924e-04
8.071271e-04
8.099667e-04
8.128114e-04
8.156610e-04
8.185156e-04
8.213752e-04
8.242397e-04
8.271093e-04
8.299838e-04
8.328633e-04
8.357478e-04
8.386372e-04
8.415317e-04
8.444311e-04
8.473355e-04
8.502448e-04
8.531592e-04
8.560785e-04
8.590028e-04
8.619321e-04
8.648664e-04
8.678056e-04
8.707498e-04
8.736990e-04
8.766532e-04
8.796124e-04
8.825765e-04
8.855457e-04
8.885198e-04
8.914988e-04
8.944829e-04
8.974719e-04
9.004660e-04
9.034650e-04
9.064689e-04
9.094779e-04
9.124918e-04
9.155107e-04
9.185346e-04
9.215635e-04
9.245974e-04
9.276362e-04
9.306800e-04
9.337288e-04
9.367826e-04
9.398413e-04
9.429050e-04
9.459737e-04
9.490474e-04
9.521261e-04
9.552097e-04
9.582984e-04
9.613920e-04
9.644905e-04
9.675941e-04
9.707026e-04
9.738162e-04
9.769347e-04
9.800581e-04
9.831866e-04
9.863200e-04
9.894584e-04
9.926018e-04
9.957502e-04
9.989036e-04
1.002062e-03
1.005225e-03
1.008394e-03
1.011567e-03
1.014745e-03
1.017928e-03
1.021116e-03
1.024310e-03
1.027508e-03
1.030711e-03
1.033919e-03
1.037132e-03
1.040350e-03
1.043573e-03
1.046801e-03
1.050034e-03
1.053272e-03
1.056515e-03
1.059763e-03
1.063016e-03
1.066274e-03
1.069537e-03
1.072805e-03
1.076078e-03
1.079356e-03
1.082638e-03
1.085926e-03
1.089219e-03
1.092517e-03
1.095820e-03
1.099127e-03
1.102440e-03
1.105758e-03
1.109080e-03
1.112408e-03
1.115740e-03
1.119078e-03
1.122421e-03
1.125768e-03
1.129121e-03
1.132478e-03
1.135841e-03
1.139208e-03
1.142581e-03
1.145958e-03
1.149340e-03
1.152728e-03
1.156120e-03
1.159517e-03
1.162920e-03
1.166327e-03
1.169739e-03
1.173157e-03
1.176579e-03
1.180006e-03
1.183438e-03
1.186875e-03
1.190318e-03
1.193765e-03
1.197217e-03
1.200674e-03
1.204136e-03
1.207603e-03
1.211075e-03
1.214552e-03
1.218034e-03
1.221521e-03
1.225013e-03
1.228510e-03
1.232012e-03
1.235519e-03
1.239030e-03
1.242547e-03
1.246069e-03
1.249596e-03
1.253128e-03
1.256664e-03
1.260206e-03
1.263753e-03
1.267305e-03
1.270861e-03
1.274423e-03
1.277990e-03
1.281561e-03
1.285138e-03
1.288719e-03
1.292306e-03
1.295897e-03
1.299494e-03
1.303095e-03
1.306702e-03
1.310313e-03
1.313930e-03
1.317551e-03
1.321178e-03
1.324809e-03
1.328445e-03
1.332087e-03
1.335733e-03
1.339384e-03
1.343040e-03
1.346702e-03
1.350368e-03
1.354039e-03
1.357715e-03
1.361396e-03
1.365082e-03
1.368774e-03
1.372470e-03
1.376171e-03
1.379877e-03
1.383588e-03
1.387304e-03
1.391025e-03
1.394751e-03
1.398482e-03
1.402218e-03
1.405959e-03
1.409704e-03
1.413455e-03
1.417211e-03
1.420972e-03
1.424738e-03
1.428509e-03
1.432284e-03
1.436065e-03
1.439851e-03
1.443641e-03
1.447437e-03
1.451238e-03
1.455043e-03
1.458854e-03
1.462670e-03
1.466490e-03
1.470316e-03
1.474146e-03
1.477982e-03
1.481822e-03
1.485668e-03
1.489518e-03
1.493374e-03
1.497234e-03
1.501099e-03
1.504970e-03
1.508845e-03
1.512725e-03
1.516611e-03
1.520501e-03
1.524396e-03
1.528297e-03
1.532202e-03
1.536112e-03
1.540027e-03
1.543947e-03
1.547872e-03
1.551803e-03
1.555738e-03
1.559678e-03
1.563623e-03
1.567573e-03
1.571528e-03
1.575488e-03
1.579453e-03
1.583423e-03
1.587398e-03
1.591378e-03
1.595362e-03
1.599352e-03
1.603347e-03
1.607347e-03
1.611352e-03
1.615362e-03
1.619376e-03
1.623396e-03
1.627421e-03
1.631450e-03
1.635485e-03
1.639525e-03
1.643569e-03
1.647619e-03
1.651674e-03
1.655733e-03
1.659798e-03
1.663867e-03
1.667942e-03
1.672021e-03
1.676106e-03
1.680195e-03
1.684290e-03
1.688389e-03
1.692493e-03
1.696603e-03
1.700717e-03
1.704837e-03
1.708961e-03
1.713090e-03
1.717224e-03
1.721364e-03
1.725508e-03
1.729657e-03
1.733811e-03
1.737970e-03
1.742135e-03
1.746304e-03
1.750478e-03
1.754657e-03
1.758841e-03
1.763030e-03
1.767224e-03
1.771423e-03
1.775627e-03
1.779836e-03
1.784050e-03
1.788269e-03
1.792493e-03
1.796721e-03
1.800955e-03
1.805194e-03
1.809438e-03
1.813687e-03
1.817941e-03
1.822199e-03
1.826463e-03
1.830732e-03
1.835005e-03
1.839284e-03
1.843568e-03
1.847856e-03
1.852150e-03
1.856448e-03
1.860752e-03
1.865061e-03
1.869374e-03
1.873693e-03
1.878016e-03
1.882345e-03
1.886678e-03
1.891016e-03
1.895360e-03
1.899708e-03
1.904061e-03
1.908420e-03
1.912783e-03
1.917151e-03
1.921525e-03
1.925903e-03
1.930286e-03
1.934674e-03
1.939068e-03
1.943466e-03
1.947869e-03
1.952277e-03
1.956690e-03
1.961108e-03
1.965531e-03
1.969959e-03
1.974392e-03
1.978830e-03
1.983273e-03
1.987721e-03
1.992174e-03
1.996632e-03
2.001095e-03
2.005563e-03
2.010036e-03
2.014513e-03
2.018996e-03
2.023484e-03
2.027977e-03
2.032475e-03
2.036977e-03
2.041485e-03
2.045998e-03
2.050515e-03
2.055038e-03
2.059566e-03
2.064098e-03
2.068636e-03
2.073178e-03
2.077726e-03
2.082278e-03
2.086836e-03
2.091398e-03
2.095966e-03
2.100538e-03
2.105116e-03
2.109698e-03
2.114286e-03
2.118878e-03
2.123475e-03
2.128078e-03
2.132685e-03
2.137297e-03
2.141914e-03
2.146537e-03
2.151164e-03
2.155796e-03
2.160433e-03
2.165075e-03
2.169722e-03
2.174375e-03
2.179032e-03
2.183694e-03
2.188361e-03
2.193033e-03
2.197710e-03
2.202392e-03
2.207079e-03
2.211771e-03
2.216468e-03
2.221169e-03
2.225876e-03
2.230588e-03
2.235305e-03
2.240027e-03
2.244754e-03
2.249485e-03
2.254222e-03
2.258964e-03
2.263711e-03
2.268462e-03
2.273219e-03
2.277981e-03
2.282747e-03
2.287519e-03
2.292295e-03
2.297077e-03
2.301864e-03
2.306655e-03
2.311452e-03
2.316253e-03
2.321060e-03
2.325871e-03
2.330687e-03
2.335509e-03
2.340335e-03
2.345167e-03
2.350003e-03
2.354844e-03
2.359690e-03
2.364542e-03
2.369398e-03
2.374259e-03
2.379125e-03
2.383997e-03
2.388873e-03
2.393754e-03
2.398640e-03
2.403531e-03
2.408427e-03
2.413328e-03
2.418234e-03
2.423145e-03
2.428061e-03
2.432982e-03
2.437908e-03
2.442839e-03
2.447775e-03
2.452716e-03
2.457662e-03
2.462613e-03
2.467569e-03
2.472530e-03
2.477495e-03
2.482466e-03
2.487442e-03
2.492423e-03
2.497408e-03
2.502399e-03
2.507395e-03
2.512395e-03
2.517401e-03
2.522412e-03
2.527427e-03
2.532448e-03
2.537473e-03
2.542504e-03
2.547539e-03
2.552580e-03
2.557625e-03
2.562676e-03
2.567731e-03
2.572792e-03
2.577857e-03
2.582927e-03
2.588003e-03
2.593083e-03
2.598168e-03
2.603259e-03
2.608354e-03
2.613454e-03
2.618559e-03
2.623669e-03
2.628785e-03
2.633905e-03
2.639030e-03
2.644160e-03
2.649295e-03
2.654435e-03
2.659580e-03
2.664730e-03
2.669885e-03
2.675045e-03
2.680210e-03
2.685380e-03
2.690555e-03
2.695735e-03
2.700920e-03
2.706110e-03
2.711305e-03
2.716504e-03
2.721709e-03
2.726919e-03
2.732134e-03
2.737353e-03
2.742578e-03
2.747808e-03
2.753043e-03
2.758282e-03
2.763527e-03
2.768776e-03
2.774031e-03
2.779291e-03
2.784555e-03
2.789825e-03
2.795099e-03
2.800379e-03
2.805663e-03
2.810953e-03
2.816247e-03
2.821546e-03
2.826851e-03
2.832160e-03
2.837475e-03
2.842794e-03
2.848118e-03
2.853447e-03
2.858782e-03
2.864121e-03
2.869465e-03
2.874814e-03
2.880169e-03
2.885528e-03
2.890892e-03
2.896261e-03
2.901635e-03
2.907014e-03
2.912398e-03
2.917787e-03
2.923181e-03
2.928580e-03
2.933984e-03
2.939393e-03
2.944807e-03
2.950226e-03
2.955650e-03
2.961079e-03
2.966513e-03
2.971951e-03
2.977395e-03
2.982844e-03
2.988298e-03
2.993757e-03
2.999220e-03
3.004689e-03
3.010163e-03
3.015641e-03
3.021125e-03
3.026614e-03
3.032107e-03
3.037606e-03
3.043109e-03
3.048618e-03
3.054131e-03
3.059650e-03
3.065173e-03
3.070702e-03
3.076235e-03
3.081774e-03
3.087317e-03
3.092865e-03
3.098419e-03
3.103977e-03
3.109540e-03
3.115109e-03
3.120682e-03
3.126260e-03
3.131843e-03
3.137432e-03
3.143025e-03
3.148623e-03
3.154226e-03
3.159834e-03
3.165447e-03
3.171065e-03
3.176688e-03
3.182316e-03
3.187949e-03
3.193587e-03
3.199230e-03
3.204878e-03
3.210531e-03
3.216189e-03
3.221852e-03
3.227520e-03
3.233193e-03
3.238871e-03
3.244553e-03
3.250241e-03
3.255934e-03
3.261632e-03
3.267334e-03
3.273042e-03
3.278755e-03
3.284473e-03
3.290195e-03
3.295923e-03
3.301655e-03
3.307393e-03
3.313136e-03
3.318883e-03
3.324636e-03
3.330393e-03
3.336156e-03
3.341923e-03
3.347695e-03
3.353473e-03
3.359255e-03
3.365043e-03
3.370835e-03
3.376632e-03
3.382435e-03
3.388242e-03
3.394054e-03
3.399871e-03
3.405694e-03
3.411521e-03
3.417353e-03
3.423190e-03
3.429032e-03
3.434879e-03
3.440732e-03
3.446589e-03
3.452451e-03
3.458318e-03
3.464190e-03
3.470067e-03
3.475949e-03
3.481836e-03
3.487728e-03
3.493625e-03
3.499526e-03
3.505433e-03
3.511345e-03
3.517262e-03
3.523184e-03
3.529111e-03
3.535042e-03
3.540979e-03
3.546921e-03
3.552868e-03
3.558819e-03
3.564776e-03
3.570738e-03
3.576704e-03
3.582676e-03
3.588652e-03
3.594634e-03
3.600621e-03
3.606612e-03
3.612609e-03
3.618610e-03
3.624616e-03
3.630628e-03
3.636644e-03
3.642666e-03
3.648692e-03
3.654723e-03
3.660760e-03
3.666801e-03
3.672847e-03
3.678899e-03
3.684955e-03
3.691016e-03
3.697082e-03
3.703154e-03
3.709230e-03
3.715311e-03
3.721397e-03
3.727488e-03
3.733584e-03
3.739685e-03
3.745791e-03
3.751902e-03
3.758018e-03
3.764139e-03
3.770265e-03
3.776396e-03
3.782532e-03
3.788673e-03
3.794819e-03
3.800970e-03
3.807126e-03
3.813286e-03
3.819452e-03
3.825623e-03
3.831799e-03
3.837979e-03
3.844165e-03
3.850356e-03
3.856552e-03
3.862752e-03
3.868958e-03
3.875168e-03
3.881384e-03
3.887605e-03
3.893830e-03
3.900061e-03
3.906296e-03
3.912537e-03
3.918782e-03
3.925033e-03
3.931288e-03
3.937548e-03
3.943814e-03
3.950084e-03
3.956359e-03
3.962640e-03
3.968925e-03
3.975215e-03
3.981511e-03
3.987811e-03
3.994116e-03
4.000426e-03
4.006741e-03
4.013062e-03
4.019387e-03
4.025717e-03
4.032052e-03
4.038392e-03
4.044737e-03
4.051087e-03
4.057442e-03
4.063802e-03
4.070167e-03
4.076537e-03
4.082912e-03
4.089292e-03
4.095677e-03
4.102066e-03
4.108461e-03
4.114861e-03
4.121266e-03
4.127676e-03
4.134090e-03
4.140510e-03
4.146935e-03
4.153365e-03
4.159799e-03
4.166239e-03
4.172684e-03
4.179133e-03
4.185588e-03
4.192047e-03
4.198512e-03
4.204981e-03
4.211456e-03
4.217935e-03
4.224420e-03
4.230909e-03
4.237404e-03
4.243903e-03
4.250408e-03
4.256917e-03
4.263431e-03
4.269951e-03
4.276475e-03
4.283004e-03
4.289538e-03
4.296078e-03
4.302622e-03
4.309171e-03
4.315725e-03
4.322284e-03
4.328849e-03
4.335418e-03
4.341992e-03
4.348571e-03
4.355155e-03
4.361744e-03
4.368338e-03
4.374937e-03
4.381541e-03
4.388150e-03
4.394764e-03
4.401383e-03
4.408007e-03
4.414635e-03
4.421269e-03
4.427908e-03
4.434552e-03
4.441201e-03
4.447854e-03
4.454513e-03
4.461177e-03
4.467846e-03
4.474519e-03
4.481198e-03
4.487882e-03
4.494570e-03
4.501264e-03
4.507962e-03
4.514666e-03
4.521374e-03
4.528088e-03
4.534806e-03
4.541530e-03
4.548258e-03
4.554992e-03
4.561730e-03
4.568474e-03
4.575222e-03
4.581975e-03
4.588734e-03
4.595497e-03
4.602265e-03
4.609038e-03
4.615817e-03
4.622600e-03
4.629388e-03
4.636181e-03
4.642979e-03
4.649783e-03
4.656591e-03
4.663404e-03
4.670222e-03
4.677045e-03
4.683873e-03
4.690706e-03
4.697544e-03
4.704387e-03
4.711235e-03
4.718088e-03
4.724946e-03
4.731809e-03
4.738676e-03
4.745549e-03
4.752427e-03
4.759310e-03
4.766198e-03
4.773090e-03
4.779988e-03
4.786891e-03
4.793799e-03
4.800711e-03
4.807629e-03
4.814552e-03
4.821479e-03
4.828412e-03
4.835349e-03
4.842292e-03
4.849240e-03
4.856192e-03
4.863150e-03
4.870112e-03
4.877079e-03
4.884052e-03
4.891029e-03
4.898012e-03
4.904999e-03
4.911991e-03
4.918989e-03
4.925991e-03
4.932998e-03
4.940011e-03
4.947028e-03
4.954050e-03
4.961077e-03
4.968109e-03
4.975147e-03
4.982189e-03
4.989236e-03
4.996288e-03
5.003345e-03
5.010407e-03
5.017474e-03
5.024546e-03
5.031623e-03
5.038705e-03
5.045792e-03
5.052884e-03
5.059981e-03
5.067083e-03
5.074190e-03
5.081302e-03
5.088418e-03
5.095540e-03
5.102667e-03
5.109799e-03
5.116935e-03
5.124077e-03
5.131224e-03
5.138376e-03
5.145532e-03
5.152694e-03
5.159861e-03
5.167032e-03
5.174209e-03
5.181390e-03
5.188577e-03
5.195768e-03
5.202965e-03
5.210166e-03
5.217373e-03
5.224584e-03
5.231801e-03
5.239022e-03
5.246248e-03
5.253480e-03
5.260716e-03
5.267957e-03
5.275204e-03
5.282455e-03
5.289711e-03
5.296972e-03
5.304239e-03
5.311510e-03
5.318786e-03
5.326067e-03
5.333353e-03
5.340644e-03
5.347940e-03
5.355241e-03
5.362548e-03
5.369859e-03
5.377175e-03
5.384496e-03
5.391821e-03
5.399152e-03
5.406488e-03
5.413829e-03
5.421175e-03
5.428526e-03
5.435882e-03
5.443243e-03
5.450608e-03
5.457979e-03
5.465355e-03
5.472736e-03
5.480121e-03
5.487512e-03
5.494908e-03
5.502308e-03
5.509714e-03
5.517125e-03
5.524540e-03
5.531961e-03
5.539386e-03
5.546817e-03
5.554252e-03
5.561693e-03
5.569138e-03
5.576589e-03
5.584044e-03
5.591505e-03
5.598970e-03
5.606440e-03
5.613916e-03
5.621396e-03
5.628881e-03
5.636371e-03
5.643867e-03
5.651367e-03
5.658872e-03
5.666382e-03
5.673898e-03
5.681418e-03
5.688943e-03
5.696473e-03
5.704008e-03
5.711548e-03
5.719093e-03
5.726643e-03
5.734198e-03
5.741758e-03
5.749323e-03
5.756893e-03
5.763803e-03
5.770689e-03
5.777549e-03
5.784385e-03
5.791196e-03
5.797982e-03
5.804743e-03
5.811479e-03
5.818191e-03
5.824877e-03
5.831539e-03
5.838176e-03
5.844789e-03
5.851376e-03
5.857938e-03
5.864476e-03
5.870989e-03
5.877477e-03
5.883940e-03
5.890379e-03
5.896792e-03
5.903181e-03
5.909545e-03
5.915884e-03
5.922198e-03
5.928488e-03
5.934752e-03
5.940992e-03
5.947207e-03
5.953397e-03
5.959562e-03
5.965703e-03
5.971818e-03
5.977909e-03
5.983975e-03
5.990016e-03
5.996033e-03
6.002024e-03
6.007991e-03
6.013933e-03
6.019849e-03
6.025742e-03
6.031609e-03
6.037451e-03
6.043269e-03
6.049062e-03
6.054830e-03
6.060573e-03
6.066291e-03
6.071985e-03
6.077654e-03
6.083297e-03
6.088916e-03
6.094511e-03
6.100080e-03
6.105624e-03
6.111144e-03
6.116639e-03
6.122109e-03
6.127554e-03
6.132975e-03
6.138370e-03
6.143741e-03
6.149087e-03
6.154408e-03
6.159704e-03
6.164975e-03
6.170222e-03
6.175444e-03
6.180641e-03
6.185813e-03
6.190960e-03
6.196082e-03
6.201180e-03
6.206253e-03
6.211301e-03
6.216324e-03
6.221322e-03
6.226295e-03
6.231244e-03
6.236168e-03
6.241067e-03
6.245941e-03
6.250790e-03
6.255614e-03
6.260414e-03
6.265189e-03
6.269939e-03
6.274664e-03
6.279364e-03
6.284040e-03
6.288690e-03
6.293316e-03
6.297917e-03
6.302493e-03
6.307045e-03
6.311571e-03
6.316073e-03
6.320550e-03
6.325002e-03
6.329429e-03
6.333831e-03
6.338209e-03
6.342561e-03
6.346889e-03
6.351192e-03
6.355470e-03
6.359724e-03
6.363952e-03
6.368156e-03
6.372335e-03
6.376489e-03
6.380618e-03
6.384722e-03
6.388802e-03
6.392857e-03
6.396887e-03
6.400892e-03
6.404872e-03
6.408827e-03
6.412758e-03
6.416664e-03
6.420545e-03
6.424401e-03
6.428232e-03
6.432038e-03
6.435820e-03
6.439577e-03
6.443309e-03
6.447016e-03
6.450698e-03
6.454355e-03
6.457988e-03
6.461596e-03
6.465179e-03
6.468737e-03
6.472270e-03
6.475779e-03
6.479262e-03
6.482721e-03
6.486155e-03
6.489564e-03
6.492948e-03
6.496308e-03
6.499643e-03
6.502952e-03
6.506237e-03
6.509497e-03
6.512733e-03
6.515943e-03
6.519129e-03
6.522290e-03
6.525426e-03
6.528537e-03
6.531623e-03
6.534685e-03
6.537722e-03
6.540733e-03
6.543720e-03
6.546683e-03
6.549620e-03
6.552533e-03
6.555420e-03
6.558283e-03
6.561121e-03
6.563934e-03
6.566723e-03
6.569486e-03
6.572225e-03
6.574939e-03
6.577628e-03
6.580292e-03
6.582932e-03
6.585546e-03
6.588136e-03
6.590701e-03
6.593241e-03
6.595756e-03
6.598247e-03
6.600712e-03
6.603153e-03
6.605569e-03
6.607960e-03
6.610326e-03
6.612668e-03
6.614984e-03
6.617276e-03
6.619543e-03
6.621785e-03
6.624003e-03
6.626195e-03
6.628363e-03
6.630505e-03
6.632623e-03
6.634717e-03
6.636785e-03
6.638828e-03
6.640847e-03
6.642841e-03
6.644810e-03
6.646754e-03
6.648673e-03
6.650568e-03
6.652438e-03
6.654282e-03
6.656102e-03
6.657898e-03
6.659668e-03
6.661414e-03
6.663134e-03
6.664830e-03
6.666501e-03
6.668147e-03
6.669769e-03
6.671365e-03
6.672937e-03
6.674484e-03
6.676006e-03
6.677503e-03
6.678975e-03
6.680423e-03
6.681846e-03
6.683244e-03
6.684617e-03
6.685965e-03
6.687288e-03
6.688587e-03
6.689861e-03
6.691110e-03
6.692334e-03
6.693533e-03
6.694707e-03
6.695857e-03
6.696982e-03
6.698082e-03
6.699157e-03
6.700207e-03
6.701233e-03
6.702233e-03
6.703209e-03
6.704160e-03
6.705086e-03
6.705987e-03
6.706864e-03
6.707716e-03
6.708542e-03
6.709344e-03
6.710122e-03
6.710874e-03
6.711601e-03
6.712304e-03
6.712982e-03
6.713635e-03
6.714263e-03
6.714866e-03
6.715445e-03
6.715999e-03
6.716527e-03
6.717031e-03
6.717511e-03
6.717965e-03
6.718395e-03
6.718799e-03
6.719179e-03
6.719534e-03
6.719864e-03
6.720170e-03
6.720450e-03
6.720706e-03
6.720937e-03
6.721143e-03
6.721324e-03
6.721481e-03
6.721612e-03
6.721719e-03
6.721801e-03
6.721858e-03
6.721890e-03
6.721898e-03
6.721880e-03
6.721838e-03
6.721771e-03
6.721679e-03
6.721562e-03
6.721421e-03
6.721254e-03
6.721063e-03
6.720847e-03
6.720606e-03
6.720340e-03
6.720050e-03
6.719735e-03
6.719394e-03
6.719029e-03
6.718639e-03
6.718225e-03
6.717785e-03
6.717321e-03
6.716832e-03
6.716318e-03
6.716001e-03
6.716001e-03
6.716001e-03
6.716001e-03
6.716001e-03
6.716001e-03
6.716001e-03
6.716001e-03
6.716001e-03
6.716001e-03
6.716001e-03
6.716001e-03
6.716001e-03
6.716001e-03
6.716001e-03
6.716001e-03
6.716001e-03
6.716001e-03
6.716001e-03
6.716001e-03
6.716001e-03
6.716001e-03
6.716001e-03
6.716001e-03
6.716001e-03
6.716001e-03
6.716001e-03
6.716001e-03
6.716001e-03
6.716001e-03
6.716001e-03
6.716001e-03
6.716001e-03
6.716001e-03
6.716001e-03
6.716001e-03
6.716001e-03
6.716001e-03
6.716001e-03
6.716001e-03
6.716001e-03
6.716001e-03
6.716001e-03
6.716001e-03
6.716001e-03
6.716001e-03
6.716001e-03
6.716001e-03
6.716001e-03
6.716001e-03
6.716001e-03
6.716001e-03
6.716001e-03
6.716001e-03
6.716001e-03
6.716001e-03
6.716001e-03
6.716001e-03
6.716001e-03
6.716001e-03
6.716001e-03
6.716001e-03
6.716001e-03
6.716001e-03
6.716001e-03
6.716001e-03
6.716001e-03
6.716001e-03
6.716001e-03
6.716001e-03
6.716001e-03
6.716001e-03
6.716001e-03
6.716001e-03
6.716001e-03
6.716001e-03
6.716001e-03
6.716001e-03
6.716001e-03
6.716001e-03
6.716001e-03
6.716001e-03
6.716001e-03
6.716001e-03
6.716001e-03
6.716001e-03
6.716001e-03
6.716001e-03
6.716001e-03
6.716001e-03
6.716001e-03
6.716001e-03
6.716001e-03
6.716001e-03
6.716001e-03
6.716001e-03
6.716001e-03
6.716001e-03
6.716001e-03
6.716001e-03
6.716001e-03
6.716001e-03
6.716001e-03
6.716001e-03
6.716001e-03
6.716001e-03
6.716001e-03
6.716001e-03
6.716001e-03
6.716001e-03
6.716001e-03
6.716001e-03
6.716001e-03
6.716001e-03
6.716001e-03
6.716001e-03
6.716001e-03
6.716001e-03
6.716001e-03
6.716001e-03
6.716001e-03
6.716001e-03
6.716001e-03
6.716001e-03
6.716001e-03
6.716001e-03
6.716001e-03
6.716001e-03
6.716001e-03
6.716001e-03
6.716001e-03
6.716001e-03
6.716001e-03
6.716001e-03
6.716001e-03
6.716001e-03
6.716001e-03
6.716001e-03
6.716001e-03
6.716001e-03
6.716001e-03
6.716001e-03
6.716001e-03
6.716001e-03
6.716001e-03
6.716001e-03
6.716001e-03
6.716001e-03
6.716001e-03
6.716001e-03
6.716001e-03
6.716001e-03
6.716001e-03
6.716001e-03
6.716001e-03
6.716001e-03
6.716001e-03
6.716001e-03
6.716001e-03
6.716001e-03
6.716001e-03
6.716001e-03
6.716001e-03
6.716001e-03
6.716001e-03
6.716001e-03
6.716001e-03
6.716001e-03
6.716001e-03
6.716001e-03
6.716001e-03
6.716001e-03
6.716001e-03
6.716001e-03
6.716001e-03
6.716001e-03
6.716001e-03
6.716001e-03
6.716001e-03
6.716001e-03
6.716001e-03
6.716001e-03
6.716001e-03
6.716001e-03
6.716001e-03
6.716001e-03
6.716001e-03
6.716001e-03
6.716001e-03
6.716001e-03
6.716001e-03
6.716001e-03
6.716001e-03
6.716001e-03
6.716001e-03
6.716001e-03
6.716001e-03
6.716001e-03
6.716001e-03
6.716001e-03
6.716001e-03
