0.000000e+00
1.110371e-07
2.319882e-07
3.628533e-07
5.036325e-07
6.543257e-07
8.149329e-07
9.854541e-07
1.165889e-06
1.356239e-06
1.556502e-06
1.766679e-06
1.986771e-06
2.216776e-06
2.456696e-06
2.706529e-06
2.966276e-06
3.235938e-06
3.515513e-06
3.805003e-06
4.104407e-06
4.413724e-06
4.732956e-06
5.062101e-06
5.401161e-06
5.750135e-06
6.109023e-06
6.477824e-06
6.856540e-06
7.245170e-06
7.643714e-06
8.052172e-06
8.470543e-06
8.898829e-06
9.337029e-06
9.785143e-06
1.024317e-05
1.071111e-05
1.118897e-05
1.167674e-05
1.217442e-05
1.268202e-05
1.319953e-05
1.372696e-05
1.426430e-05
1.481155e-05
1.536872e-05
1.593580e-05
1.651280e-05
1.709971e-05
1.769654e-05
1.830327e-05
1.891993e-05
1.954649e-05
2.018297e-05
2.082937e-05
2.148568e-05
2.215190e-05
2.282804e-05
2.351409e-05
2.421005e-05
2.491593e-05
2.563172e-05
2.635743e-05
2.709305e-05
2.783858e-05
2.859403e-05
2.935940e-05
3.013467e-05
3.091986e-05
3.171497e-05
3.251999e-05
3.333492e-05
3.415977e-05
3.499453e-05
3.583920e-05
3.669379e-05
3.755829e-05
3.843271e-05
3.931704e-05
4.021129e-05
4.111545e-05
4.202952e-05
4.295351e-05
4.388741e-05
4.483122e-05
4.578495e-05
4.674860e-05
4.772215e-05
4.870562e-05
4.969901e-05
5.070231e-05
5.171552e-05
5.273865e-05
5.377169e-05
5.481465e-05
5.586752e-05
5.693030e-05
5.800300e-05
5.908561e-05
6.017814e-05
6.128057e-05
6.239293e-05
6.351520e-05
6.464738e-05
6.578947e-05
6.694148e-05
6.810341e-05
6.927525e-05
7.045700e-05
7.164866e-05
7.285024e-05
7.406174e-05
7.528314e-05
7.651447e-05
7.775570e-05
7.900685e-05
8.026792e-05
8.153889e-05
8.281979e-05
8.411059e-05
8.541131e-05
8.672195e-05
8.804250e-05
8.937296e-05
9.071333e-05
9.206362e-05
9.342383e-05
9.479395e-05
9.617398e-05
9.756393e-05
9.896379e-05
1.003736e-04
1.017932e-04
1.032229e-04
1.046624e-04
1.061118e-04
1.075711e-04
1.090404e-04
1.105196e-04
1.120087e-04
1.135077e-04
1.150166e-04
1.165354e-04
1.180641e-04
1.196028e-04
1.211514e-04
1.227099e-04
1.242783e-04
1.258566e-04
1.274448e-04
1.290429e-04
1.306510e-04
1.322690e-04
1.338968e-04
1.355346e-04
1.371824e-04
1.388400e-04
1.405075e-04
1.421850e-04
1.438723e-04
1.455696e-04
1.472768e-04
1.489939e-04
1.507209e-04
1.524579e-04
1.542047e-04
1.559615e-04
1.577282e-04
1.595048e-04
1.612913e-04
1.630877e-04
1.648940e-04
1.667103e-04
1.685365e-04
1.703725e-04
1.722185e-04
1.740744e-04
1.759402e-04
1.778160e-04
1.797016e-04
1.815972e-04
1.835027e-04
1.854181e-04
1.873434e-04
1.892786e-04
1.912237e-04
1.931788e-04
1.951437e-04
1.971186e-04
1.991034e-04
2.010981e-04
2.031027e-04
2.051172e-04
2.071417e-04
2.091760e-04
2.112203e-04
2.132745e-04
2.153386e-04
2.174126e-04
2.194965e-04
2.215904e-04
2.236941e-04
2.258078e-04
2.279314e-04
2.300649e-04
2.322083e-04
2.343616e-04
2.365249e-04
2.386980e-04
2.408811e-04
2.430741e-04
2.452770e-04
2.474898e-04
2.497125e-04
2.519451e-04
2.541877e-04
2.564402e-04
2.587025e-04
2.609748e-04
2.632570e-04
2.655492e-04
2.678512e-04
2.701631e-04
2.724850e-04
2.748168e-04
2.771585e-04
2.795101e-04
2.818716e-04
2.842430e-04
2.866244e-04
2.890157e-04
2.914168e-04
2.938279e-04
2.962489e-04
2.986798e-04
3.011207e-04
3.035714e-04
3.060321e-04
3.085027e-04
3.109832e-04
3.134736e-04
3.159739e-04
3.184841e-04
3.210043e-04
3.235343e-04
3.260743e-04
3.286242e-04
3.311840e-04
3.337537e-04
3.363333e-04
3.389229e-04
3.415223e-04
3.441317e-04
3.467510e-04
3.493802e-04
3.520193e-04
3.546683e-04
3.573273e-04
3.599961e-04
3.626749e-04
3.653636e-04
3.680622e-04
3.707707e-04
3.734891e-04
3.762174e-04
3.789557e-04
3.817039e-04
3.844619e-04
3.872299e-04
3.900079e-04
3.927957e-04
3.955934e-04
3.984011e-04
4.012186e-04
4.040461e-04
4.068835e-04
4.097308e-04
4.125880e-04
4.154552e-04
4.183322e-04
4.212192e-04
4.241161e-04
4.270229e-04
4.299396e-04
4.328662e-04
4.358027e-04
4.387492e-04
4.417055e-04
4.446718e-04
4.476480e-04
4.506341e-04
4.536301e-04
4.566361e-04
4.596519e-04
4.626777e-04
4.657133e-04
4.687589e-04
4.718144e-04
4.748798e-04
4.779552e-04
4.810404e-04
4.841356e-04
4.872406e-04
4.903556e-04
4.934805e-04
4.966154e-04
4.997601e-04
5.029147e-04
5.060793e-04
5.092538e-04
5.124381e-04
5.156324e-04
5.188366e-04
5.220508e-04
5.252748e-04
5.285088e-04
5.317526e-04
5.350064e-04
5.382701e-04
5.415437e-04
5.448273e-04
5.481207e-04
5.514241e-04
5.547373e-04
5.580605e-04
5.613936e-04
5.647366e-04
5.680895e-04
5.714524e-04
5.748251e-04
5.782078e-04
5.816004e-04
5.850029e-04
5.884153e-04
5.918376e-04
5.952698e-04
5.987120e-04
6.021640e-04
6.056260e-04
6.090979e-04
6.125797e-04
6.160714e-04
6.195731e-04
6.230846e-04
6.266061e-04
6.301374e-04
6.336787e-04
6.372299e-04
6.407911e-04
6.443621e-04
6.479430e-04
6.515339e-04
6.551347e-04
6.587454e-04
6.623660e-04
6.659965e-04
6.696369e-04
6.732873e-04
6.769475e-04
6.806177e-04
6.842978e-04
6.879878e-04
6.916877e-04
6.953975e-04
6.991173e-04
7.028469e-04
7.065865e-04
7.103360e-04
7.140954e-04
7.178647e-04
7.216439e-04
7.254330e-04
7.292321e-04
7.330411e-04
7.368600e-04
7.406887e-04
7.445275e-04
7.483761e-04
7.522346e-04
7.561031e-04
7.599814e-04
7.638697e-04
7.677679e-04
7.716760e-04
7.755940e-04
7.795220e-04
7.834598e-04
7.874076e-04
7.913653e-04
7.953329e-04
7.993104e-04
8.032978e-04
8.072951e-04
8.113024e-04
8.153195e-04
8.193466e-04
8.233836e-04
8.274305e-04
8.314873e-04
8.355541e-04
8.396307e-04
8.437173e-04
8.478138e-04
8.519201e-04
8.560365e-04
8.601627e-04
8.642988e-04
8.684448e-04
8.726008e-04
8.767667e-04
8.809425e-04
8.851282e-04
8.893238e-04
8.935293e-04
8.977448e-04
9.019701e-04
9.062054e-04
9.104506e-04
9.147057e-04
9.189707e-04
9.232456e-04
9.275305e-04
9.318252e-04
9.361299e-04
9.404445e-04
9.447690e-04
9.491034e-04
9.534477e-04
9.578019e-04
9.621661e-04
9.665402e-04
9.709241e-04
9.753180e-04
9.797219e-04
9.841356e-04
9.885592e-04
9.929928e-04
9.974362e-04
1.001890e-03
1.006353e-03
1.010826e-03
1.015309e-03
1.019802e-03
1.024305e-03
1.028818e-03
1.033341e-03
1.037874e-03
1.042416e-03
1.046969e-03
1.051531e-03
1.056103e-03
1.060686e-03
1.065278e-03
1.069880e-03
1.074492e-03
1.079114e-03
1.083746e-03
1.088388e-03
1.093039e-03
1.097701e-03
1.102372e-03
1.107054e-03
1.111745e-03
1.116446e-03
1.121157e-03
1.125878e-03
1.130609e-03
1.135350e-03
1.140101e-03
1.144862e-03
1.149632e-03
1.154413e-03
1.159203e-03
1.164004e-03
1.168814e-03
1.173634e-03
1.178464e-03
1.183304e-03
1.188154e-03
1.193014e-03
1.197884e-03
1.202764e-03
1.207653e-03
1.212553e-03
1.217462e-03
1.222382e-03
1.227311e-03
1.232250e-03
1.237199e-03
1.242158e-03
1.247127e-03
1.252106e-03
1.257094e-03
1.262093e-03
1.267102e-03
1.272120e-03
1.277149e-03
1.282187e-03
1.287235e-03
1.292293e-03
1.297361e-03
1.302439e-03
1.307527e-03
1.312625e-03
1.317733e-03
1.322850e-03
1.327978e-03
1.333115e-03
1.338263e-03
1.343420e-03
1.348587e-03
1.353764e-03
1.358951e-03
1.364148e-03
1.369355e-03
1.374572e-03
1.379798e-03
1.385035e-03
1.390281e-03
1.395538e-03
1.400804e-03
1.406080e-03
1.411367e-03
1.416663e-03
1.421969e-03
1.427285e-03
1.432610e-03
1.437946e-03
1.443292e-03
1.448647e-03
1.454013e-03
1.459388e-03
1.464773e-03
1.470169e-03
1.475574e-03
1.480989e-03
1.486414e-03
1.491849e-03
1.497293e-03
1.502748e-03
1.508213e-03
1.513687e-03
1.519172e-03
1.524666e-03
1.530170e-03
1.535685e-03
1.541209e-03
1.546743e-03
1.552287e-03
1.557840e-03
1.563404e-03
1.568978e-03
1.574561e-03
1.580155e-03
1.585758e-03
1.591372e-03
1.596995e-03
1.602628e-03
1.608271e-03
1.613924e-03
1.619587e-03
1.625260e-03
1.630942e-03
1.636635e-03
1.642338e-03
1.648050e-03
1.653772e-03
1.659505e-03
1.665247e-03
1.670999e-03
1.676761e-03
1.682533e-03
1.688315e-03
1.694107e-03
1.699908e-03
1.705720e-03
1.711542e-03
1.717373e-03
1.723214e-03
1.729066e-03
1.734927e-03
1.740798e-03
1.746679e-03
1.752570e-03
1.758471e-03
1.764381e-03
1.770302e-03
1.776233e-03
1.782173e-03
1.788123e-03
1.794084e-03
1.800054e-03
1.806034e-03
1.812024e-03
1.818024e-03
1.824034e-03
1.830054e-03
1.836083e-03
1.842123e-03
1.848173e-03
1.854232e-03
1.860301e-03
1.866381e-03
1.872470e-03
1.878569e-03
1.884678e-03
1.890797e-03
1.896926e-03
1.903065e-03
1.909213e-03
1.915372e-03
1.921540e-03
1.927719e-03
1.933907e-03
1.940105e-03
1.946314e-03
1.952532e-03
1.958760e-03
1.964998e-03
1.971245e-03
1.977503e-03
1.983771e-03
1.990048e-03
1.996336e-03
2.002633e-03
2.008940e-03
2.015258e-03
2.021585e-03
2.027922e-03
2.034269e-03
2.040626e-03
2.046992e-03
2.053369e-03
2.059756e-03
2.066152e-03
2.072559e-03
2.078975e-03
2.085401e-03
2.091838e-03
2.098284e-03
2.104740e-03
2.111206e-03
2.117681e-03
2.124167e-03
2.130663e-03
2.137168e-03
2.143684e-03
2.150209e-03
2.156745e-03
2.163290e-03
2.169845e-03
2.176410e-03
2.182985e-03
2.189570e-03
2.196165e-03
2.202770e-03
2.209384e-03
2.216009e-03
2.222643e-03
2.229288e-03
2.235942e-03
2.242606e-03
2.249280e-03
2.255964e-03
2.262658e-03
2.269362e-03
2.276076e-03
2.282800e-03
2.289533e-03
2.296277e-03
2.303030e-03
2.309793e-03
2.316567e-03
2.323350e-03
2.330143e-03
2.336946e-03
2.343759e-03
2.350582e-03
2.357415e-03
2.364257e-03
2.371110e-03
2.377972e-03
2.384845e-03
2.391727e-03
2.398619e-03
2.405521e-03
2.412433e-03
2.419355e-03
2.426287e-03
2.433229e-03
2.440181e-03
2.447142e-03
2.454114e-03
2.461095e-03
2.468087e-03
2.475088e-03
2.482099e-03
2.489120e-03
2.496151e-03
2.503192e-03
2.510243e-03
2.517304e-03
2.524375e-03
2.531455e-03
2.538546e-03
2.545646e-03
2.552756e-03
2.559877e-03
2.567007e-03
2.574147e-03
2.581297e-03
2.588457e-03
2.595627e-03
2.602806e-03
2.609996e-03
2.617196e-03
2.624405e-03
2.631625e-03
2.638854e-03
2.646093e-03
2.653342e-03
2.660601e-03
2.667870e-03
2.675149e-03
2.682438e-03
2.689737e-03
2.697045e-03
2.704364e-03
2.711692e-03
2.719031e-03
2.726379e-03
2.733737e-03
2.741105e-03
2.748483e-03
2.755871e-03
2.763269e-03
2.770677e-03
2.778094e-03
2.785522e-03
2.792959e-03
2.800407e-03
2.807864e-03
2.815331e-03
2.822809e-03
2.830296e-03
2.837793e-03
2.845300e-03
2.852816e-03
2.860343e-03
2.867880e-03
2.875426e-03
2.882983e-03
2.890549e-03
2.898125e-03
2.905712e-03
2.913308e-03
2.920914e-03
2.928530e-03
2.936156e-03
2.943791e-03
2.951437e-03
2.959093e-03
2.966758e-03
2.974434e-03
2.982119e-03
2.989814e-03
2.997520e-03
3.005235e-03
3.012960e-03
3.020695e-03
3.028439e-03
3.036194e-03
3.043959e-03
3.051733e-03
3.059518e-03
3.067312e-03
3.075117e-03
3.082931e-03
3.090755e-03
3.098589e-03
3.106433e-03
3.114287e-03
3.122151e-03
3.130024e-03
3.137908e-03
3.145802e-03
3.153705e-03
3.161618e-03
3.169542e-03
3.177475e-03
3.185418e-03
3.193371e-03
3.201334e-03
3.209307e-03
3.217290e-03
3.225282e-03
3.233285e-03
3.241297e-03
3.249320e-03
3.257352e-03
3.265394e-03
3.273447e-03
3.281509e-03
3.289581e-03
3.297663e-03
3.305754e-03
3.313856e-03
3.321968e-03
3.330089e-03
3.338221e-03
3.346362e-03
3.354514e-03
3.362675e-03
3.370846e-03
3.379027e-03
3.387218e-03
3.395419e-03
3.403630e-03
3.411850e-03
3.420081e-03
3.428322e-03
3.436572e-03
3.444832e-03
3.453103e-03
3.461383e-03
3.469673e-03
3.477973e-03
3.486283e-03
3.494603e-03
3.502933e-03
3.511272e-03
3.519622e-03
3.527981e-03
3.536351e-03
3.544730e-03
3.553119e-03
3.561519e-03
3.569928e-03
3.578347e-03
3.586775e-03
3.595214e-03
3.603663e-03
3.612122e-03
3.620590e-03
3.629069e-03
3.637557e-03
3.646055e-03
3.654564e-03
3.663082e-03
3.671610e-03
3.680148e-03
3.688696e-03
3.697253e-03
3.705821e-03
3.714399e-03
3.722986e-03
3.731584e-03
3.740191e-03
3.748808e-03
3.757436e-03
3.766073e-03
3.774720e-03
3.783377e-03
3.792043e-03
3.800720e-03
3.809407e-03
3.818103e-03
3.826810e-03
3.835526e-03
3.844253e-03
3.852989e-03
3.861735e-03
3.870491e-03
3.879257e-03
3.888033e-03
3.896819e-03
3.905615e-03
3.914420e-03
3.923236e-03
3.932061e-03
3.940897e-03
3.949742e-03
3.958597e-03
3.967462e-03
3.976337e-03
3.985222e-03
3.994117e-03
4.003022e-03
4.011936e-03
4.020861e-03
4.029796e-03
4.038740e-03
4.047694e-03
4.056659e-03
4.065633e-03
4.074617e-03
4.083611e-03
4.092615e-03
4.101629e-03
4.110652e-03
4.119686e-03
4.128730e-03
4.137783e-03
4.146847e-03
4.155920e-03
4.165003e-03
4.174096e-03
4.183199e-03
4.192312e-03
4.201435e-03
4.210568e-03
4.219711e-03
4.228863e-03
4.238026e-03
4.247198e-03
4.256381e-03
4.265573e-03
4.274775e-03
4.283987e-03
4.293209e-03
4.302441e-03
4.311683e-03
4.320935e-03
4.330197e-03
4.339468e-03
4.348750e-03
4.358041e-03
4.367342e-03
4.376654e-03
4.385975e-03
4.395306e-03
4.404647e-03
4.413998e-03
4.423359e-03
4.432729e-03
4.442110e-03
4.451501e-03
4.460901e-03
4.470311e-03
4.479732e-03
4.489162e-03
4.498602e-03
4.508052e-03
4.517512e-03
4.526982e-03
4.536462e-03
4.545952e-03
4.555451e-03
4.564961e-03
4.574480e-03
4.584009e-03
4.593549e-03
4.603098e-03
4.612657e-03
4.622226e-03
4.631805e-03
4.641394e-03
4.650993e-03
4.660601e-03
4.670220e-03
4.679848e-03
4.689487e-03
4.699135e-03
4.708793e-03
4.718462e-03
4.728140e-03
4.737828e-03
4.747525e-03
4.757233e-03
4.766951e-03
4.776679e-03
4.786416e-03
4.796164e-03
4.805921e-03
4.815688e-03
4.825466e-03
4.835253e-03
4.845050e-03
4.854857e-03
4.864674e-03
4.874500e-03
4.884337e-03
4.894184e-03
4.904040e-03
4.913907e-03
4.923783e-03
4.933669e-03
4.943565e-03
4.953471e-03
4.963388e-03
4.973313e-03
4.983249e-03
4.993195e-03
5.003151e-03
5.013116e-03
5.023092e-03
5.033077e-03
5.043072e-03
5.053078e-03
5.063093e-03
5.073118e-03
5.083153e-03
5.093198e-03
5.103253e-03
5.113317e-03
5.123392e-03
5.133476e-03
5.143571e-03
5.153675e-03
5.163790e-03
5.173914e-03
5.184048e-03
5.194192e-03
5.204346e-03
5.214510e-03
5.224684e-03
5.234867e-03
5.245061e-03
5.255264e-03
5.265478e-03
5.275701e-03
5.285934e-03
5.296178e-03
5.306431e-03
5.316694e-03
5.326967e-03
5.337249e-03
5.347542e-03
5.357845e-03
5.368157e-03
5.378480e-03
5.388812e-03
5.399155e-03
5.409507e-03
5.419869e-03
5.430241e-03
5.440623e-03
5.451015e-03
5.461417e-03
5.471828e-03
5.482250e-03
5.492681e-03
5.503123e-03
5.513574e-03
5.524036e-03
5.534507e-03
5.544988e-03
5.555479e-03
5.565980e-03
5.576491e-03
5.587011e-03
5.597542e-03
5.608083e-03
5.618633e-03
5.629194e-03
5.639764e-03
5.650344e-03
5.660934e-03
5.671534e-03
5.682144e-03
5.692764e-03
5.703394e-03
5.714034e-03
5.724684e-03
5.735343e-03
5.746013e-03
5.756692e-03
5.767381e-03
5.778080e-03
5.788790e-03
5.799509e-03
5.810238e-03
5.820976e-03
5.831725e-03
5.842484e-03
5.853253e-03
5.864031e-03
5.874820e-03
5.885618e-03
5.896426e-03
5.907244e-03
5.918072e-03
5.928910e-03
5.939758e-03
5.950616e-03
5.961484e-03
5.972362e-03
5.983249e-03
5.994147e-03
6.005054e-03
6.015971e-03
6.026899e-03
6.037836e-03
6.048783e-03
6.059740e-03
6.070707e-03
6.081684e-03
6.092670e-03
6.103667e-03
6.114674e-03
6.125690e-03
6.136716e-03
6.147753e-03
6.158799e-03
6.169855e-03
6.180921e-03
6.191997e-03
6.203083e-03
6.214179e-03
6.225284e-03
6.236400e-03
6.247525e-03
6.258661e-03
6.269806e-03
6.280962e-03
6.292127e-03
6.303302e-03
6.314487e-03
6.325682e-03
6.336887e-03
6.348101e-03
6.359326e-03
6.370560e-03
6.381805e-03
6.393059e-03
6.404324e-03
6.415598e-03
6.426882e-03
6.438176e-03
6.449480e-03
6.460794e-03
6.472118e-03
6.483452e-03
6.494795e-03
6.506149e-03
6.517512e-03
6.528886e-03
6.540269e-03
6.551662e-03
6.563065e-03
6.574478e-03
6.585901e-03
6.597334e-03
6.608777e-03
6.620229e-03
6.631692e-03
6.643164e-03
6.654647e-03
6.666139e-03
6.677641e-03
6.689154e-03
6.700676e-03
6.712208e-03
6.723750e-03
6.735301e-03
6.746863e-03
6.758435e-03
6.770016e-03
6.781608e-03
6.793209e-03
6.804821e-03
6.816442e-03
6.828073e-03
6.839714e-03
6.851365e-03
6.863026e-03
6.874697e-03
6.886377e-03
6.898068e-03
6.909768e-03
6.921479e-03
6.933199e-03
6.944930e-03
6.956670e-03
6.968420e-03
6.980180e-03
6.991950e-03
7.003730e-03
7.015519e-03
7.027319e-03
7.039129e-03
7.050948e-03
7.062778e-03
7.074617e-03
7.086466e-03
7.098325e-03
7.110194e-03
7.122073e-03
7.133962e-03
7.145861e-03
7.157770e-03
7.169688e-03
7.181617e-03
7.193555e-03
7.205504e-03
7.217462e-03
7.229430e-03
7.241409e-03
7.253397e-03
7.265394e-03
7.277402e-03
7.289420e-03
7.301448e-03
7.313485e-03
7.325533e-03
7.337590e-03
7.349658e-03
7.361735e-03
7.373822e-03
7.385919e-03
7.398026e-03
7.410143e-03
7.422270e-03
7.434407e-03
7.446553e-03
7.458710e-03
7.470877e-03
7.483053e-03
7.495239e-03
7.507436e-03
7.519642e-03
7.531858e-03
7.544084e-03
7.556320e-03
7.568565e-03
7.580821e-03
7.593087e-03
7.605362e-03
7.617648e-03
7.629943e-03
7.642248e-03
7.654564e-03
7.666889e-03
7.679224e-03
7.691569e-03
7.703924e-03
7.716288e-03
7.728663e-03
7.741048e-03
7.753442e-03
7.765847e-03
7.778261e-03
7.790685e-03
7.803119e-03
7.815563e-03
7.828017e-03
7.840481e-03
7.852955e-03
7.865439e-03
7.877933e-03
7.890436e-03
7.902950e-03
7.915473e-03
7.928006e-03
7.940550e-03
7.953103e-03
7.965666e-03
7.978239e-03
7.990822e-03
8.003414e-03
8.016017e-03
8.028630e-03
8.041252e-03
8.053885e-03
8.066527e-03
8.079179e-03
8.091842e-03
8.104514e-03
8.117196e-03
8.129888e-03
8.142589e-03
8.155301e-03
8.168023e-03
8.180754e-03
8.193496e-03
8.206247e-03
8.219009e-03
8.231780e-03
8.244561e-03
8.257352e-03
8.270153e-03
8.282964e-03
8.295785e-03
8.308616e-03
8.321456e-03
8.334307e-03
8.347167e-03
8.360038e-03
8.372918e-03
8.385808e-03
8.398708e-03
8.411618e-03
8.424538e-03
8.437468e-03
8.450408e-03
8.463358e-03
8.476317e-03
8.489287e-03
8.502266e-03
8.515256e-03
8.528255e-03
8.541264e-03
8.554283e-03
8.567312e-03
8.580351e-03
8.593400e-03
8.606459e-03
8.619527e-03
8.632606e-03
8.645695e-03
8.658793e-03
8.671901e-03
8.685020e-03
8.698148e-03
8.711286e-03
8.724434e-03
8.737592e-03
8.750759e-03
8.763937e-03
8.777125e-03
8.790322e-03
8.803530e-03
8.816747e-03
8.829974e-03
8.843212e-03
8.856459e-03
8.869716e-03
8.882983e-03
8.896260e-03
8.909546e-03
8.922843e-03
8.936150e-03
8.949466e-03
8.962793e-03
8.976129e-03
8.989475e-03
9.002831e-03
9.016198e-03
9.029574e-03
9.042959e-03
9.056355e-03
9.069761e-03
9.083177e-03
9.096602e-03
9.110038e-03
9.123483e-03
9.136938e-03
9.150404e-03
9.163879e-03
9.177364e-03
9.190859e-03
9.204364e-03
9.217879e-03
9.231403e-03
9.244938e-03
9.258482e-03
9.272037e-03
9.285601e-03
9.299176e-03
9.312760e-03
9.326354e-03
9.339958e-03
9.353572e-03
9.367196e-03
9.380829e-03
9.394473e-03
9.408127e-03
9.421790e-03
9.435464e-03
9.449147e-03
9.462840e-03
9.476543e-03
9.490256e-03
9.503979e-03
9.517712e-03
9.531455e-03
9.545208e-03
9.558971e-03
9.572743e-03
9.586526e-03
9.600318e-03
9.614120e-03
9.627933e-03
9.641755e-03
9.655587e-03
9.669429e-03
9.683281e-03
9.697142e-03
9.711014e-03
9.724896e-03
9.738787e-03
9.752689e-03
9.766600e-03
9.780521e-03
9.794453e-03
9.808394e-03
9.822345e-03
9.836306e-03
9.850276e-03
9.864257e-03
9.878248e-03
9.892248e-03
9.906259e-03
9.920279e-03
9.934310e-03
9.948350e-03
9.962400e-03
9.976460e-03
9.990530e-03
1.000461e-02
1.001870e-02
1.003280e-02
1.004691e-02
1.006103e-02
1.007516e-02
1.008930e-02
1.010345e-02
1.011761e-02
1.013178e-02
1.014595e-02
1.016014e-02
1.017434e-02
1.018855e-02
1.020277e-02
1.021700e-02
1.023124e-02
1.024549e-02
1.025974e-02
1.027401e-02
1.028829e-02
1.030258e-02
1.031688e-02
1.033118e-02
1.034550e-02
1.035983e-02
1.037417e-02
1.038851e-02
1.040287e-02
1.041724e-02
1.043162e-02
1.044600e-02
1.046040e-02
1.047481e-02
1.048923e-02
1.050365e-02
1.051809e-02
1.053254e-02
1.054699e-02
1.056146e-02
1.057594e-02
1.059042e-02
1.060492e-02
1.061942e-02
1.063394e-02
1.064847e-02
1.066300e-02
1.067755e-02
1.069210e-02
1.070667e-02
1.072125e-02
1.073583e-02
1.075043e-02
1.076503e-02
1.077965e-02
1.079427e-02
1.080891e-02
1.082355e-02
1.083821e-02
1.085287e-02
1.086755e-02
1.088223e-02
1.089693e-02
1.091163e-02
1.092634e-02
1.094107e-02
1.095580e-02
1.097055e-02
1.098530e-02
1.100007e-02
1.101484e-02
1.102962e-02
1.104442e-02
1.105922e-02
1.107403e-02
1.108886e-02
1.110369e-02
1.111853e-02
1.113339e-02
1.114825e-02
1.116312e-02
1.117801e-02
1.119290e-02
1.120780e-02
1.122271e-02
1.123764e-02
1.125257e-02
1.126751e-02
1.128246e-02
1.129743e-02
1.131173e-02
1.132599e-02
1.134020e-02
1.135436e-02
1.136847e-02
1.138253e-02
1.139654e-02
1.141050e-02
1.142441e-02
1.143828e-02
1.145209e-02
1.146585e-02
1.147957e-02
1.149323e-02
1.150685e-02
1.152041e-02
1.153393e-02
1.154740e-02
1.156081e-02
1.157418e-02
1.158750e-02
1.160077e-02
1.161399e-02
1.162716e-02
1.164028e-02
1.165335e-02
1.166637e-02
1.167935e-02
1.169227e-02
1.170514e-02
1.171797e-02
1.173074e-02
1.174347e-02
1.175614e-02
1.176877e-02
1.178135e-02
1.179388e-02
1.180635e-02
1.181878e-02
1.183116e-02
1.184349e-02
1.185577e-02
1.186800e-02
1.188018e-02
1.189232e-02
1.190440e-02
1.191643e-02
1.192842e-02
1.194035e-02
1.195224e-02
1.196407e-02
1.197586e-02
1.198759e-02
1.199928e-02
1.201092e-02
1.202251e-02
1.203405e-02
1.204554e-02
1.205698e-02
1.206837e-02
1.207971e-02
1.209100e-02
1.210224e-02
1.211343e-02
1.212458e-02
1.213567e-02
1.214672e-02
1.215771e-02
1.216866e-02
1.217955e-02
1.219040e-02
1.220120e-02
1.221194e-02
1.222264e-02
1.223329e-02
1.224389e-02
1.225444e-02
1.226494e-02
1.227539e-02
1.228579e-02
1.229615e-02
1.230645e-02
1.231670e-02
1.232691e-02
1.233706e-02
1.234717e-02
1.235722e-02
1.236723e-02
1.237719e-02
1.238709e-02
1.239695e-02
1.240676e-02
1.241652e-02
1.242623e-02
1.243589e-02
1.244550e-02
1.245506e-02
1.246457e-02
1.247404e-02
1.248345e-02
1.249281e-02
1.250213e-02
1.251139e-02
1.252061e-02
1.252977e-02
1.253889e-02
1.254796e-02
1.255697e-02
1.256594e-02
1.257486e-02
1.258373e-02
1.259255e-02
1.260132e-02
1.261004e-02
1.261871e-02
1.262733e-02
1.263591e-02
1.264443e-02
1.265290e-02
1.266133e-02
1.266970e-02
1.267803e-02
1.268630e-02
1.269453e-02
1.270271e-02
1.271083e-02
1.271891e-02
1.272694e-02
1.273492e-02
1.274285e-02
1.275073e-02
1.275856e-02
1.276634e-02
1.277407e-02
1.278176e-02
1.278939e-02
1.279697e-02
1.280451e-02
1.281199e-02
1.281943e-02
1.282682e-02
1.283415e-02
1.284144e-02
1.284868e-02
1.285587e-02
1.286300e-02
1.287009e-02
1.287713e-02
1.288412e-02
1.289106e-02
1.289796e-02
1.290480e-02
1.291159e-02
1.291833e-02
1.292503e-02
1.293167e-02
1.293827e-02
1.294481e-02
1.295131e-02
1.295776e-02
1.296415e-02
1.297050e-02
1.297680e-02
1.298305e-02
1.298925e-02
1.299540e-02
1.300150e-02
1.300755e-02
1.301355e-02
1.301950e-02
1.302541e-02
1.303126e-02
1.303707e-02
1.304282e-02
1.304852e-02
1.305418e-02
1.305979e-02
1.306534e-02
1.307085e-02
1.307631e-02
1.308172e-02
1.308708e-02
1.309239e-02
1.309765e-02
1.310286e-02
1.310802e-02
1.311313e-02
1.311819e-02
1.312321e-02
1.312817e-02
1.313308e-02
1.313795e-02
1.314276e-02
1.314753e-02
1.315225e-02
1.315691e-02
1.316153e-02
1.316610e-02
1.317062e-02
1.317509e-02
1.317951e-02
1.318388e-02
1.318820e-02
1.319247e-02
1.319669e-02
1.320086e-02
1.320499e-02
1.320906e-02
1.321308e-02
1.321706e-02
1.322098e-02
1.322486e-02
1.322869e-02
1.323246e-02
1.323619e-02
1.323987e-02
1.324350e-02
1.324708e-02
1.325061e-02
1.325409e-02
1.325752e-02
1.326090e-02
1.326423e-02
1.326751e-02
1.327075e-02
1.327393e-02
1.327707e-02
1.328015e-02
1.328319e-02
1.328617e-02
1.328911e-02
1.329200e-02
1.329483e-02
1.329762e-02
1.330036e-02
1.330305e-02
1.330569e-02
1.330828e-02
1.331082e-02
1.331331e-02
1.331576e-02
1.331815e-02
1.332049e-02
1.332279e-02
1.332503e-02
1.332723e-02
1.332937e-02
1.333147e-02
1.333351e-02
1.333551e-02
1.333746e-02
1.333936e-02
1.334121e-02
1.334301e-02
1.334476e-02
1.334646e-02
1.334811e-02
1.334971e-02
1.335126e-02
1.335276e-02
1.335422e-02
1.335562e-02
1.335698e-02
1.335828e-02
1.335954e-02
1.336074e-02
1.336190e-02
1.336301e-02
1.336407e-02
1.336507e-02
1.336603e-02
1.336694e-02
1.336780e-02
1.336861e-02
1.336937e-02
1.337009e-02
1.337075e-02
1.337136e-02
1.337193e-02
1.337244e-02
1.337290e-02
1.337332e-02
1.337369e-02
1.337400e-02
1.337427e-02
1.337449e-02
1.337465e-02
1.337477e-02
1.337484e-02
1.337486e-02
1.337483e-02
1.337475e-02
1.337462e-02
1.337445e-02
1.337422e-02
1.337394e-02
1.337362e-02
1.337324e-02
1.337281e-02
1.337234e-02
1.337204e-02
1.337204e-02
1.337204e-02
1.337204e-02
1.337204e-02
1.337204e-02
1.337204e-02
1.337204e-02
1.337204e-02
1.337204e-02
1.337204e-02
1.337204e-02
1.337204e-02
1.337204e-02
1.337204e-02
1.337204e-02
1.337204e-02
1.337204e-02
1.337204e-02
1.337204e-02
1.337204e-02
1.337204e-02
1.337204e-02
1.337204e-02
1.337204e-02
1.337204e-02
1.337204e-02
1.337204e-02
1.337204e-02
1.337204e-02
1.337204e-02
1.337204e-02
1.337204e-02
1.337204e-02
1.337204e-02
1.337204e-02
1.337204e-02
1.337204e-02
1.337204e-02
1.337204e-02
1.337204e-02
1.337204e-02
1.337204e-02
1.337204e-02
1.337204e-02
1.337204e-02
1.337204e-02
1.337204e-02
1.337204e-02
1.337204e-02
1.337204e-02
1.337204e-02
1.337204e-02
1.337204e-02
1.337204e-02
1.337204e-02
1.337204e-02
1.337204e-02
1.337204e-02
1.337204e-02
1.337204e-02
1.337204e-02
1.337204e-02
1.337204e-02
1.337204e-02
1.337204e-02
1.337204e-02
1.337204e-02
1.337204e-02
1.337204e-02
1.337204e-02
1.337204e-02
1.337204e-02
1.337204e-02
1.337204e-02
1.337204e-02
1.337204e-02
1.337204e-02
1.337204e-02
1.337204e-02
1.337204e-02
1.337204e-02
1.337204e-02
1.337204e-02
1.337204e-02
1.337204e-02
1.337204e-02
1.337204e-02
1.337204e-02
1.337204e-02
1.337204e-02
1.337204e-02
1.337204e-02
1.337204e-02
1.337204e-02
1.337204e-02
1.337204e-02
1.337204e-02
1.337204e-02
1.337204e-02
1.337204e-02
1.337204e-02
1.337204e-02
1.337204e-02
1.337204e-02
1.337204e-02
1.337204e-02
1.337204e-02
1.337204e-02
1.337204e-02
1.337204e-02
1.337204e-02
1.337204e-02
1.337204e-02
1.337204e-02
1.337204e-02
1.337204e-02
1.337204e-02
1.337204e-02
1.337204e-02
1.337204e-02
1.337204e-02
1.337204e-02
1.337204e-02
1.337204e-02
1.337204e-02
1.337204e-02
1.337204e-02
1.337204e-02
1.337204e-02
1.337204e-02
1.337204e-02
1.337204e-02
1.337204e-02
1.337204e-02
1.337204e-02
1.337204e-02
1.337204e-02
1.337204e-02
1.337204e-02
1.337204e-02
1.337204e-02
1.337204e-02
1.337204e-02
1.337204e-02
1.337204e-02
1.337204e-02
1.337204e-02
1.337204e-02
1.337204e-02
1.337204e-02
1.337204e-02
1.337204e-02
1.337204e-02
1.337204e-02
1.337204e-02
1.337204e-02
1.337204e-02
1.337204e-02
1.337204e-02
1.337204e-02
1.337204e-02
1.337204e-02
1.337204e-02
1.337204e-02
1.337204e-02
1.337204e-02
1.337204e-02
1.337204e-02
1.337204e-02
1.337204e-02
1.337204e-02
1.337204e-02
1.337204e-02
1.337204e-02
1.337204e-02
1.337204e-02
1.337204e-02
1.337204e-02
1.337204e-02
1.337204e-02
1.337204e-02
1.337204e-02
1.337204e-02
1.337204e-02
1.337204e-02
1.337204e-02
1.337204e-02
1.337204e-02
1.337204e-02
1.337204e-02
1.337204e-02
1.337204e-02
1.337204e-02
1.337204e-02
1.337204e-02
1.337204e-02
1.337204e-02
1.337204e-02
1.337204e-02
1.337204e-02
