0.000000e+00
1.110371e-07
2.267593e-07
3.471666e-07
4.722590e-07
6.020365e-07
7.364992e-07
8.756469e-07
1.019480e-06
1.167998e-06
1.321201e-06
1.479089e-06
1.641662e-06
1.808921e-06
1.980864e-06
2.157493e-06
2.338806e-06
2.524805e-06
2.715489e-06
2.910858e-06
3.110912e-06
3.315652e-06
3.525076e-06
3.739186e-06
3.957980e-06
4.181460e-06
4.409625e-06
4.642475e-06
4.880010e-06
5.122230e-06
5.369135e-06
5.620725e-06
5.877001e-06
6.137961e-06
6.403607e-06
6.673938e-06
6.948954e-06
7.228655e-06
7.513041e-06
7.802112e-06
8.095869e-06
8.394310e-06
8.697437e-06
9.005248e-06
9.317745e-06
9.634927e-06
9.956794e-06
1.028335e-05
1.061458e-05
1.095051e-05
1.129111e-05
1.163641e-05
1.198638e-05
1.234105e-05
1.270039e-05
1.306443e-05
1.343314e-05
1.380655e-05
1.418464e-05
1.456741e-05
1.495487e-05
1.534701e-05
1.574384e-05
1.614535e-05
1.655155e-05
1.696244e-05
1.737801e-05
1.779826e-05
1.822320e-05
1.865282e-05
1.908713e-05
1.952613e-05
1.996981e-05
2.041817e-05
2.087122e-05
2.132896e-05
2.179138e-05
2.225848e-05
2.273028e-05
2.320675e-05
2.368791e-05
2.417376e-05
2.466429e-05
2.515950e-05
2.565941e-05
2.616399e-05
2.667326e-05
2.718722e-05
2.770586e-05
2.822919e-05
2.875720e-05
2.928990e-05
2.982728e-05
3.036935e-05
3.091610e-05
3.146754e-05
3.202366e-05
3.258447e-05
3.314996e-05
3.372014e-05
3.429500e-05
3.487455e-05
3.545878e-05
3.604770e-05
3.664130e-05
3.723959e-05
3.784256e-05
3.845022e-05
3.906257e-05
3.967959e-05
4.030131e-05
4.092771e-05
4.155879e-05
4.219456e-05
4.283502e-05
4.348016e-05
4.412998e-05
4.478449e-05
4.544368e-05
4.610756e-05
4.677613e-05
4.744938e-05
4.812732e-05
4.880994e-05
4.949724e-05
5.018923e-05
5.088591e-05
5.158727e-05
5.229331e-05
5.300405e-05
5.371946e-05
5.443956e-05
5.516435e-05
5.589382e-05
5.662798e-05
5.736682e-05
5.811035e-05
5.885856e-05
5.961145e-05
6.036904e-05
6.113130e-05
6.189826e-05
6.266989e-05
6.344622e-05
6.422722e-05
6.501292e-05
6.580329e-05
6.659836e-05
6.739811e-05
6.820254e-05
6.901166e-05
6.982546e-05
7.064395e-05
7.146712e-05
7.229498e-05
7.312753e-05
7.396475e-05
7.480667e-05
7.565327e-05
7.650455e-05
7.736052e-05
7.822118e-05
7.908652e-05
7.995654e-05
8.083125e-05
8.171065e-05
8.259473e-05
8.348349e-05
8.437694e-05
8.527508e-05
8.617790e-05
8.708540e-05
8.799759e-05
8.891447e-05
8.983603e-05
9.076228e-05
9.169321e-05
9.262882e-05
9.356913e-05
9.451411e-05
9.546378e-05
9.641814e-05
9.737718e-05
9.834091e-05
9.930932e-05
1.002824e-04
1.012602e-04
1.022427e-04
1.032298e-04
1.042217e-04
1.052182e-04
1.062194e-04
1.072253e-04
1.082359e-04
1.092511e-04
1.102711e-04
1.112957e-04
1.123250e-04
1.133590e-04
1.143977e-04
1.154411e-04
1.164891e-04
1.175419e-04
1.185993e-04
1.196614e-04
1.207282e-04
1.217997e-04
1.228759e-04
1.239567e-04
1.250423e-04
1.261325e-04
1.272274e-04
1.283270e-04
1.294313e-04
1.305403e-04
1.316539e-04
1.327722e-04
1.338953e-04
1.350230e-04
1.361554e-04
1.372924e-04
1.384342e-04
1.395806e-04
1.407318e-04
1.418876e-04
1.430481e-04
1.442133e-04
1.453832e-04
1.465577e-04
1.477370e-04
1.489209e-04
1.501095e-04
1.513028e-04
1.525008e-04
1.537034e-04
1.549108e-04
1.561228e-04
1.573396e-04
1.585610e-04
1.597871e-04
1.610178e-04
1.622533e-04
1.634934e-04
1.647383e-04
1.659878e-04
1.672420e-04
1.685009e-04
1.697645e-04
1.710327e-04
1.723057e-04
1.735833e-04
1.748656e-04
1.761526e-04
1.774443e-04
1.787407e-04
1.800417e-04
1.813475e-04
1.826579e-04
1.839730e-04
1.852928e-04
1.866173e-04
1.879464e-04
1.892803e-04
1.906188e-04
1.919620e-04
1.933099e-04
1.946625e-04
1.960198e-04
1.973818e-04
1.987484e-04
2.001198e-04
2.014958e-04
2.028765e-04
2.042619e-04
2.056519e-04
2.070467e-04
2.084461e-04
2.098503e-04
2.112591e-04
2.126726e-04
2.140907e-04
2.155136e-04
2.169412e-04
2.183734e-04
2.198103e-04
2.212519e-04
2.226982e-04
2.241492e-04
2.256049e-04
2.270652e-04
2.285303e-04
2.300000e-04
2.314744e-04
2.329535e-04
2.344372e-04
2.359257e-04
2.374188e-04
2.389167e-04
2.404192e-04
2.419264e-04
2.434383e-04
2.449548e-04
2.464761e-04
2.480020e-04
2.495327e-04
2.510680e-04
2.526080e-04
2.541526e-04
2.557020e-04
2.572561e-04
2.588148e-04
2.603782e-04
2.619463e-04
2.635191e-04
2.650966e-04
2.666788e-04
2.682656e-04
2.698571e-04
2.714533e-04
2.730543e-04
2.746598e-04
2.762701e-04
2.778851e-04
2.795047e-04
2.811290e-04
2.827580e-04
2.843917e-04
2.860301e-04
2.876732e-04
2.893209e-04
2.909734e-04
2.926305e-04
2.942923e-04
2.959588e-04
2.976300e-04
2.993059e-04
3.009864e-04
3.026716e-04
3.043616e-04
3.060562e-04
3.077554e-04
3.094594e-04
3.111681e-04
3.128814e-04
3.145995e-04
3.163222e-04
3.180496e-04
3.197817e-04
3.215184e-04
3.232599e-04
3.250060e-04
3.267568e-04
3.285124e-04
3.302726e-04
3.320374e-04
3.338070e-04
3.355812e-04
3.373602e-04
3.391438e-04
3.409321e-04
3.427251e-04
3.445228e-04
3.463251e-04
3.481322e-04
3.499439e-04
3.517603e-04
3.535814e-04
3.554072e-04
3.572377e-04
3.590729e-04
3.609127e-04
3.627572e-04
3.646064e-04
3.664603e-04
3.683189e-04
3.701822e-04
3.720501e-04
3.739228e-04
3.758001e-04
3.776821e-04
3.795688e-04
3.814602e-04
3.833562e-04
3.852570e-04
3.871624e-04
3.890725e-04
3.909873e-04
3.929068e-04
3.948310e-04
3.967599e-04
3.986934e-04
4.006316e-04
4.025746e-04
4.045222e-04
4.064744e-04
4.084314e-04
4.103931e-04
4.123594e-04
4.143304e-04
4.163061e-04
4.182865e-04
4.202716e-04
4.222614e-04
4.242558e-04
4.262550e-04
4.282588e-04
4.302673e-04
4.322805e-04
4.342984e-04
4.363209e-04
4.383482e-04
4.403801e-04
4.424167e-04
4.444580e-04
4.465040e-04
4.485547e-04
4.506100e-04
4.526701e-04
4.547348e-04
4.568042e-04
4.588783e-04
4.609571e-04
4.630406e-04
4.651287e-04
4.672216e-04
4.693191e-04
4.714213e-04
4.735282e-04
4.756398e-04
4.777560e-04
4.798770e-04
4.820026e-04
4.841329e-04
4.862679e-04
4.884076e-04
4.905520e-04
4.927011e-04
4.948548e-04
4.970132e-04
4.991764e-04
5.013442e-04
5.035166e-04
5.056938e-04
5.078757e-04
5.100622e-04
5.122534e-04
5.144493e-04
5.166499e-04
5.188552e-04
5.210652e-04
5.232798e-04
5.254992e-04
5.277232e-04
5.299519e-04
5.321853e-04
5.344234e-04
5.366661e-04
5.389136e-04
5.411657e-04
5.434225e-04
5.456840e-04
5.479502e-04
5.502211e-04
5.524966e-04
5.547769e-04
5.570618e-04
5.593514e-04
5.616457e-04
5.639447e-04
5.662484e-04
5.685567e-04
5.708698e-04
5.731875e-04
5.755099e-04
5.778370e-04
5.801688e-04
5.825052e-04
5.848464e-04
5.871922e-04
5.895427e-04
5.918979e-04
5.942578e-04
5.966224e-04
5.989917e-04
6.013656e-04
6.037442e-04
6.061276e-04
6.085156e-04
6.109082e-04
6.133056e-04
6.157077e-04
6.181144e-04
6.205258e-04
6.229419e-04
6.253627e-04
6.277882e-04
6.302184e-04
6.326532e-04
6.350928e-04
6.375370e-04
6.399859e-04
6.424395e-04
6.448978e-04
6.473607e-04
6.498284e-04
6.523007e-04
6.547777e-04
6.572594e-04
6.597458e-04
6.622369e-04
6.647327e-04
6.672331e-04
6.697382e-04
6.722480e-04
6.747625e-04
6.772817e-04
6.798056e-04
6.823341e-04
6.848674e-04
6.874053e-04
6.899479e-04
6.924952e-04
6.950472e-04
6.976038e-04
7.001652e-04
7.027312e-04
7.053020e-04
7.078774e-04
7.104574e-04
7.130422e-04
7.156317e-04
7.182258e-04
7.208247e-04
7.234282e-04
7.260364e-04
7.286493e-04
7.312668e-04
7.338891e-04
7.365160e-04
7.391476e-04
7.417840e-04
7.444250e-04
7.470706e-04
7.497210e-04
7.523761e-04
7.550358e-04
7.577002e-04
7.603693e-04
7.630431e-04
7.657216e-04
7.684047e-04
7.710926e-04
7.737851e-04
7.764823e-04
7.791842e-04
7.818908e-04
7.846021e-04
7.873181e-04
7.900387e-04
7.927640e-04
7.954940e-04
7.982287e-04
8.009681e-04
8.037122e-04
8.064610e-04
8.092144e-04
8.119725e-04
8.147353e-04
8.175028e-04
8.202750e-04
8.230519e-04
8.258334e-04
8.286196e-04
8.314106e-04
8.342062e-04
8.370065e-04
8.398114e-04
8.426211e-04
8.454354e-04
8.482545e-04
8.510782e-04
8.539066e-04
8.567397e-04
8.595774e-04
8.624199e-04
8.652670e-04
8.681189e-04
8.709754e-04
8.738366e-04
8.767025e-04
8.795730e-04
8.824483e-04
8.853282e-04
8.882128e-04
8.911021e-04
8.939961e-04
8.968948e-04
8.997982e-04
9.027062e-04
9.056189e-04
9.085364e-04
9.114585e-04
9.143853e-04
9.173167e-04
9.202529e-04
9.231937e-04
9.261393e-04
9.290895e-04
9.320444e-04
9.350039e-04
9.379682e-04
9.409372e-04
9.439108e-04
9.468891e-04
9.498721e-04
9.528598e-04
9.558522e-04
9.588493e-04
9.618510e-04
9.648575e-04
9.678686e-04
9.708844e-04
9.739049e-04
9.769301e-04
9.799599e-04
9.829945e-04
9.860337e-04
9.890776e-04
9.921262e-04
9.951795e-04
9.982375e-04
1.001300e-03
1.004367e-03
1.007439e-03
1.010516e-03
1.013598e-03
1.016684e-03
1.019774e-03
1.022870e-03
1.025970e-03
1.029075e-03
1.032184e-03
1.035299e-03
1.038417e-03
1.041541e-03
1.044669e-03
1.047802e-03
1.050940e-03
1.054082e-03
1.057229e-03
1.060381e-03
1.063537e-03
1.066698e-03
1.069864e-03
1.073034e-03
1.076209e-03
1.079389e-03
1.082574e-03
1.085763e-03
1.088957e-03
1.092155e-03
1.095358e-03
1.098566e-03
1.101779e-03
1.104996e-03
1.108218e-03
1.111445e-03
1.114676e-03
1.117912e-03
1.121153e-03
1.124398e-03
1.127648e-03
1.130903e-03
1.134162e-03
1.137426e-03
1.140695e-03
1.143969e-03
1.147247e-03
1.150530e-03
1.153817e-03
1.157110e-03
1.160406e-03
1.163708e-03
1.167014e-03
1.170325e-03
1.173641e-03
1.176961e-03
1.180286e-03
1.183616e-03
1.186950e-03
1.190289e-03
1.193633e-03
1.196982e-03
1.200335e-03
1.203693e-03
1.207055e-03
1.210422e-03
1.213794e-03
1.217171e-03
1.220552e-03
1.223938e-03
1.227329e-03
1.230724e-03
1.234124e-03
1.237528e-03
1.240938e-03
1.244352e-03
1.247771e-03
1.251194e-03
1.254622e-03
1.258055e-03
1.261492e-03
1.264934e-03
1.268381e-03
1.271833e-03
1.275289e-03
1.278750e-03
1.282216e-03
1.285686e-03
1.289161e-03
1.292640e-03
1.296125e-03
1.299614e-03
1.303107e-03
1.306606e-03
1.310109e-03
1.313617e-03
1.317129e-03
1.320646e-03
1.324168e-03
1.327694e-03
1.331226e-03
1.334761e-03
1.338302e-03
1.341847e-03
1.345397e-03
1.348952e-03
1.352511e-03
1.356075e-03
1.359644e-03
1.363217e-03
1.366795e-03
1.370378e-03
1.373965e-03
1.377557e-03
1.381154e-03
1.384755e-03
1.388361e-03
1.391972e-03
1.395588e-03
1.399208e-03
1.402833e-03
1.406462e-03
1.410097e-03
1.413735e-03
1.417379e-03
1.421027e-03
1.424680e-03
1.428338e-03
1.432000e-03
1.435667e-03
1.439339e-03
1.443015e-03
1.446697e-03
1.450382e-03
1.454073e-03
1.457768e-03
1.461468e-03
1.465172e-03
1.468882e-03
1.472595e-03
1.476314e-03
1.480037e-03
1.483765e-03
1.487498e-03
1.491235e-03
1.494977e-03
1.498724e-03
1.502475e-03
1.506231e-03
1.509992e-03
1.513757e-03
1.517527e-03
1.521302e-03
1.525082e-03
1.528866e-03
1.532655e-03
1.536448e-03
1.540246e-03
1.544049e-03
1.547857e-03
1.551669e-03
1.555486e-03
1.559308e-03
1.563134e-03
1.566965e-03
1.570801e-03
1.574641e-03
1.578486e-03
1.582336e-03
1.586191e-03
1.590050e-03
1.593913e-03
1.597782e-03
1.601655e-03
1.605533e-03
1.609416e-03
1.613303e-03
1.617195e-03
1.621091e-03
1.624993e-03
1.628899e-03
1.632809e-03
1.636725e-03
1.640645e-03
1.644569e-03
1.648499e-03
1.652433e-03
1.656372e-03
1.660315e-03
1.664263e-03
1.668216e-03
1.672174e-03
1.676136e-03
1.680103e-03
1.684074e-03
1.688050e-03
1.692031e-03
1.696017e-03
1.700007e-03
1.704002e-03
1.708002e-03
1.712006e-03
1.716015e-03
1.720029e-03
1.724048e-03
1.728071e-03
1.732098e-03
1.736131e-03
1.740168e-03
1.744210e-03
1.748256e-03
1.752308e-03
1.756364e-03
1.760424e-03
1.764489e-03
1.768559e-03
1.772634e-03
1.776713e-03
1.780797e-03
1.784886e-03
1.788979e-03
1.793077e-03
1.797180e-03
1.801288e-03
1.805400e-03
1.809517e-03
1.813638e-03
1.817764e-03
1.821895e-03
1.826031e-03
1.830171e-03
1.834316e-03
1.838465e-03
1.842620e-03
1.846779e-03
1.850942e-03
1.855111e-03
1.859284e-03
1.863461e-03
1.867644e-03
1.871831e-03
1.876023e-03
1.880219e-03
1.884420e-03
1.888626e-03
1.892837e-03
1.897052e-03
1.901272e-03
1.905496e-03
1.909725e-03
1.913959e-03
1.918198e-03
1.922441e-03
1.926689e-03
1.930942e-03
1.935199e-03
1.939461e-03
1.943728e-03
1.948000e-03
1.952276e-03
1.956556e-03
1.960842e-03
1.965132e-03
1.969427e-03
1.973726e-03
1.978031e-03
1.982339e-03
1.986653e-03
1.990971e-03
1.995294e-03
1.999622e-03
2.003954e-03
2.008291e-03
2.012633e-03
2.016979e-03
2.021330e-03
2.025686e-03
2.030047e-03
2.034412e-03
2.038781e-03
2.043156e-03
2.047535e-03
2.051919e-03
2.056308e-03
2.060701e-03
2.065099e-03
2.069501e-03
2.073909e-03
2.078321e-03
2.082737e-03
2.087158e-03
2.091585e-03
2.096015e-03
2.100451e-03
2.104891e-03
2.109335e-03
2.113785e-03
2.118239e-03
2.122698e-03
2.127161e-03
2.131630e-03
2.136102e-03
2.140580e-03
2.145062e-03
2.149549e-03
2.154041e-03
2.158537e-03
2.163038e-03
2.167544e-03
2.172054e-03
2.176569e-03
2.181089e-03
2.185613e-03
2.190142e-03
2.194676e-03
2.199215e-03
2.203758e-03
2.208306e-03
2.212858e-03
2.217415e-03
2.221977e-03
2.226544e-03
2.231115e-03
2.235691e-03
2.240272e-03
2.244857e-03
2.249447e-03
2.254042e-03
2.258641e-03
2.263245e-03
2.267854e-03
2.272467e-03
2.277085e-03
2.281708e-03
2.286336e-03
2.290968e-03
2.295605e-03
2.300246e-03
2.304892e-03
2.309543e-03
2.314199e-03
2.318859e-03
2.323524e-03
2.328194e-03
2.332868e-03
2.337547e-03
2.342231e-03
2.346919e-03
2.351612e-03
2.356310e-03
2.361012e-03
2.365720e-03
2.370431e-03
2.375148e-03
2.379869e-03
2.384595e-03
2.389326e-03
2.394061e-03
2.398801e-03
2.403545e-03
2.408295e-03
2.413049e-03
2.417807e-03
2.422571e-03
2.427339e-03
2.432111e-03
2.436889e-03
2.441671e-03
2.446458e-03
2.451249e-03
2.456045e-03
2.460846e-03
2.465652e-03
2.470462e-03
2.475277e-03
2.480096e-03
2.484921e-03
2.489749e-03
2.494583e-03
2.499421e-03
2.504264e-03
2.509112e-03
2.513964e-03
2.518821e-03
2.523683e-03
2.528550e-03
2.533421e-03
2.538297e-03
2.543177e-03
2.548062e-03
2.552952e-03
2.557847e-03
2.562746e-03
2.567650e-03
2.572558e-03
2.577472e-03
2.582390e-03
2.587312e-03
2.592239e-03
2.597172e-03
2.602108e-03
2.607050e-03
2.611996e-03
2.616946e-03
2.621902e-03
2.626862e-03
2.631827e-03
2.636796e-03
2.641770e-03
2.646749e-03
2.651733e-03
2.656721e-03
2.661714e-03
2.666712e-03
2.671714e-03
2.676721e-03
2.681733e-03
2.686749e-03
2.691770e-03
2.696796e-03
2.701826e-03
2.706861e-03
2.711901e-03
2.716945e-03
2.721995e-03
2.727048e-03
2.732107e-03
2.737170e-03
2.742238e-03
2.747311e-03
2.752388e-03
2.757470e-03
2.762556e-03
2.767648e-03
2.772744e-03
2.777844e-03
2.782950e-03
2.788060e-03
2.793174e-03
2.798294e-03
2.803418e-03
2.808547e-03
2.813680e-03
2.818818e-03
2.823961e-03
2.829109e-03
2.834261e-03
2.839418e-03
2.844579e-03
2.849746e-03
2.854917e-03
2.860092e-03
2.865273e-03
2.870458e-03
2.875647e-03
2.880842e-03
2.886041e-03
2.891245e-03
2.896453e-03
2.901666e-03
2.906884e-03
2.912106e-03
2.917334e-03
2.922565e-03
2.927802e-03
2.933043e-03
2.938289e-03
2.943540e-03
2.948795e-03
2.954055e-03
2.959320e-03
2.964589e-03
2.969863e-03
2.975142e-03
2.980425e-03
2.985713e-03
2.991006e-03
2.996303e-03
3.001606e-03
3.006912e-03
3.012224e-03
3.017540e-03
3.022861e-03
3.028187e-03
3.033517e-03
3.038852e-03
3.044191e-03
3.049536e-03
3.054885e-03
3.060238e-03
3.065597e-03
3.070960e-03
3.076327e-03
3.081700e-03
3.087077e-03
3.092459e-03
3.097845e-03
3.103236e-03
3.108632e-03
3.114033e-03
3.119438e-03
3.124848e-03
3.130262e-03
3.135682e-03
3.141106e-03
3.146534e-03
3.151968e-03
3.157406e-03
3.162848e-03
3.168296e-03
3.173748e-03
3.179204e-03
3.184666e-03
3.190132e-03
3.195603e-03
3.201078e-03
3.206558e-03
3.212043e-03
3.217533e-03
3.223027e-03
3.228526e-03
3.234030e-03
3.239538e-03
3.245051e-03
3.250569e-03
3.256091e-03
3.261618e-03
3.267150e-03
3.272686e-03
3.278227e-03
3.283773e-03
3.289323e-03
3.294878e-03
3.300438e-03
3.306003e-03
3.311572e-03
3.317146e-03
3.322724e-03
3.328308e-03
3.333896e-03
3.339488e-03
3.345085e-03
3.350687e-03
3.356294e-03
3.361905e-03
3.367522e-03
3.373142e-03
3.378768e-03
3.384398e-03
3.390033e-03
3.395672e-03
3.401316e-03
3.406965e-03
3.412618e-03
3.418277e-03
3.423940e-03
3.429607e-03
3.435279e-03
3.440956e-03
3.446638e-03
3.452324e-03
3.458015e-03
3.463711e-03
3.469411e-03
3.475116e-03
3.480826e-03
3.486541e-03
3.492260e-03
3.497984e-03
3.503712e-03
3.509445e-03
3.515183e-03
3.520926e-03
3.526673e-03
3.532425e-03
3.538181e-03
3.543943e-03
3.549709e-03
3.555479e-03
3.561255e-03
3.567035e-03
3.572819e-03
3.578609e-03
3.584403e-03
3.590201e-03
3.596005e-03
3.601813e-03
3.607626e-03
3.613443e-03
3.619266e-03
3.625092e-03
3.630924e-03
3.636760e-03
3.642601e-03
3.648447e-03
3.654297e-03
3.660152e-03
3.666012e-03
3.671876e-03
3.677745e-03
3.683619e-03
3.689497e-03
3.695380e-03
3.701268e-03
3.707161e-03
3.713058e-03
3.718960e-03
3.724866e-03
3.730777e-03
3.736693e-03
3.742614e-03
3.748539e-03
3.754469e-03
3.760404e-03
3.766343e-03
3.772287e-03
3.778236e-03
3.784189e-03
3.790147e-03
3.796110e-03
3.802077e-03
3.808049e-03
3.814026e-03
3.820007e-03
3.825994e-03
3.831984e-03
3.837980e-03
3.843980e-03
3.849985e-03
3.855995e-03
3.862009e-03
3.868028e-03
3.874052e-03
3.880080e-03
3.886113e-03
3.892151e-03
3.898193e-03
3.904240e-03
3.910292e-03
3.916348e-03
3.922409e-03
3.928475e-03
3.934546e-03
3.940621e-03
3.946701e-03
3.952785e-03
3.958875e-03
3.964969e-03
3.971067e-03
3.977170e-03
3.983278e-03
3.989391e-03
3.995508e-03
4.001630e-03
4.007757e-03
4.013889e-03
4.020025e-03
4.026165e-03
4.032311e-03
4.038461e-03
4.044616e-03
4.050775e-03
4.056940e-03
4.063108e-03
4.069282e-03
4.075460e-03
4.081643e-03
4.087831e-03
4.094023e-03
4.100220e-03
4.106422e-03
4.112628e-03
4.118839e-03
4.125055e-03
4.131275e-03
4.137500e-03
4.143730e-03
4.149965e-03
4.156204e-03
4.162448e-03
4.168696e-03
4.174949e-03
4.181207e-03
4.187470e-03
4.193737e-03
4.200009e-03
4.206286e-03
4.212567e-03
4.218853e-03
4.225144e-03
4.231439e-03
4.237739e-03
4.244044e-03
4.250353e-03
4.256668e-03
4.262986e-03
4.269310e-03
4.275638e-03
4.281971e-03
4.288308e-03
4.294651e-03
4.300998e-03
4.307349e-03
4.313706e-03
4.320067e-03
4.326432e-03
4.332803e-03
4.339178e-03
4.345557e-03
4.351942e-03
4.358331e-03
4.364725e-03
4.371123e-03
4.377526e-03
4.383934e-03
4.390346e-03
4.396764e-03
4.403185e-03
4.409612e-03
4.416043e-03
4.422479e-03
4.428920e-03
4.435365e-03
4.441815e-03
4.448270e-03
4.454729e-03
4.461193e-03
4.467662e-03
4.474135e-03
4.480613e-03
4.487096e-03
4.493584e-03
4.500076e-03
4.506573e-03
4.513074e-03
4.519580e-03
4.526091e-03
4.532607e-03
4.539127e-03
4.545652e-03
4.552182e-03
4.558716e-03
4.565255e-03
4.571799e-03
4.578347e-03
4.584900e-03
4.591458e-03
4.598020e-03
4.604588e-03
4.611159e-03
4.617736e-03
4.624317e-03
4.630903e-03
4.637493e-03
4.644089e-03
4.650689e-03
4.657293e-03
4.663902e-03
4.670516e-03
4.677135e-03
4.683758e-03
4.690386e-03
4.697019e-03
4.703657e-03
4.710299e-03
4.716945e-03
4.723597e-03
4.730253e-03
4.736914e-03
4.743579e-03
4.750249e-03
4.756924e-03
4.763604e-03
4.770288e-03
4.776977e-03
4.783671e-03
4.790369e-03
4.797072e-03
4.803780e-03
4.810492e-03
4.817209e-03
4.823931e-03
4.830657e-03
4.837388e-03
4.844124e-03
4.850865e-03
4.857610e-03
4.864360e-03
4.871114e-03
4.877873e-03
4.884637e-03
4.891406e-03
4.898179e-03
4.904957e-03
4.911740e-03
4.918527e-03
4.925319e-03
4.932116e-03
4.938917e-03
4.945723e-03
4.952534e-03
4.959349e-03
4.966169e-03
4.972994e-03
4.979824e-03
4.986658e-03
4.993497e-03
5.000340e-03
5.007188e-03
5.014041e-03
5.020899e-03
5.027761e-03
5.034628e-03
5.041500e-03
5.048376e-03
5.055257e-03
5.062143e-03
5.069033e-03
5.075928e-03
5.082828e-03
5.089732e-03
5.096642e-03
5.103555e-03
5.110474e-03
5.117397e-03
5.124325e-03
5.131258e-03
5.138195e-03
5.145137e-03
5.152083e-03
5.159035e-03
5.165991e-03
5.172951e-03
5.179917e-03
5.186887e-03
5.193861e-03
5.200841e-03
5.207825e-03
5.214814e-03
5.221807e-03
5.228805e-03
5.235808e-03
5.242816e-03
5.249828e-03
5.256845e-03
5.263866e-03
5.270893e-03
5.277923e-03
5.284959e-03
5.291999e-03
5.299044e-03
5.306094e-03
5.313148e-03
5.320208e-03
5.327271e-03
5.334340e-03
5.341413e-03
5.348491e-03
5.355573e-03
5.362660e-03
5.369752e-03
5.376849e-03
5.383950e-03
5.391056e-03
5.398166e-03
5.405282e-03
5.412402e-03
5.419526e-03
5.426656e-03
5.433125e-03
5.439571e-03
5.445993e-03
5.452392e-03
5.458768e-03
5.465121e-03
5.471450e-03
5.477756e-03
5.484038e-03
5.490297e-03
5.496533e-03
5.502745e-03
5.508934e-03
5.515099e-03
5.521241e-03
5.527360e-03
5.533456e-03
5.539528e-03
5.545577e-03
5.551602e-03
5.557604e-03
5.563583e-03
5.569538e-03
5.575470e-03
5.581378e-03
5.587263e-03
5.593125e-03
5.598964e-03
5.604779e-03
5.610571e-03
5.616339e-03
5.622084e-03
5.627806e-03
5.633504e-03
5.639179e-03
5.644830e-03
5.650459e-03
5.656063e-03
5.661645e-03
5.667203e-03
5.672738e-03
5.678249e-03
5.683737e-03
5.689202e-03
5.694643e-03
5.700061e-03
5.705455e-03
5.710827e-03
5.716174e-03
5.721499e-03
5.726800e-03
5.732078e-03
5.737332e-03
5.742563e-03
5.747771e-03
5.752955e-03
5.758116e-03
5.763254e-03
5.768368e-03
5.773459e-03
5.778526e-03
5.783570e-03
5.788591e-03
5.793588e-03
5.798562e-03
5.803513e-03
5.808440e-03
5.813344e-03
5.818225e-03
5.823082e-03
5.827916e-03
5.832726e-03
5.837513e-03
5.842277e-03
5.847018e-03
5.851735e-03
5.856428e-03
5.861099e-03
5.865746e-03
5.870369e-03
5.874969e-03
5.879546e-03
5.884100e-03
5.888630e-03
5.893136e-03
5.897620e-03
5.902080e-03
5.906517e-03
5.910930e-03
5.915320e-03
5.919686e-03
5.924030e-03
5.928349e-03
5.932646e-03
5.936919e-03
5.941169e-03
5.945395e-03
5.949598e-03
5.953778e-03
5.957934e-03
5.962067e-03
5.966177e-03
5.970263e-03
5.974326e-03
5.978365e-03
5.982381e-03
5.986374e-03
5.990344e-03
5.994290e-03
5.998212e-03
6.002112e-03
6.005987e-03
6.009840e-03
6.013669e-03
6.017475e-03
6.021258e-03
6.025017e-03
6.028753e-03
6.032465e-03
6.036154e-03
6.039820e-03
6.043462e-03
6.047081e-03
6.050676e-03
6.054249e-03
6.057798e-03
6.061323e-03
6.064825e-03
6.068304e-03
6.071759e-03
6.075191e-03
6.078600e-03
6.081985e-03
6.085347e-03
6.088686e-03
6.092001e-03
6.095293e-03
6.098562e-03
6.101807e-03
6.105028e-03
6.108227e-03
6.111402e-03
6.114554e-03
6.117682e-03
6.120787e-03
6.123868e-03
6.126927e-03
6.129962e-03
6.132973e-03
6.135961e-03
6.138926e-03
6.141867e-03
6.144785e-03
6.147680e-03
6.150551e-03
6.153399e-03
6.156224e-03
6.159025e-03
6.161803e-03
6.164558e-03
6.167289e-03
6.169996e-03
6.172681e-03
6.175342e-03
6.177980e-03
6.180594e-03
6.183185e-03
6.185753e-03
6.188297e-03
6.190818e-03
6.193315e-03
6.195789e-03
6.198240e-03
6.200668e-03
6.203072e-03
6.205452e-03
6.207810e-03
6.210144e-03
6.212454e-03
6.214741e-03
6.217005e-03
6.219246e-03
6.221463e-03
6.223657e-03
6.225827e-03
6.227974e-03
6.230098e-03
6.232198e-03
6.234275e-03
6.236329e-03
6.238359e-03
6.240366e-03
6.242349e-03
6.244310e-03
6.246246e-03
6.248160e-03
6.250050e-03
6.251917e-03
6.253760e-03
6.255580e-03
6.257377e-03
6.259150e-03
6.260900e-03
6.262626e-03
6.264329e-03
6.266009e-03
6.267666e-03
6.269299e-03
6.270908e-03
6.272495e-03
6.274058e-03
6.275597e-03
6.277114e-03
6.278606e-03
6.280076e-03
6.281522e-03
6.282945e-03
6.284344e-03
6.285720e-03
6.287073e-03
6.288402e-03
6.289708e-03
6.290991e-03
6.292250e-03
6.293486e-03
6.294699e-03
6.295888e-03
6.297054e-03
6.298196e-03
6.299315e-03
6.300411e-03
6.301483e-03
6.302532e-03
6.303558e-03
6.304560e-03
6.305539e-03
6.306495e-03
6.307427e-03
6.308336e-03
6.309221e-03
6.310083e-03
6.310922e-03
6.311737e-03
6.312529e-03
6.313298e-03
6.314043e-03
6.314765e-03
6.315464e-03
6.316139e-03
6.316790e-03
6.317419e-03
6.318024e-03
6.318606e-03
6.319164e-03
6.319699e-03
6.320211e-03
6.320699e-03
6.321164e-03
6.321605e-03
6.322024e-03
6.322418e-03
6.322790e-03
6.323138e-03
6.323463e-03
6.323764e-03
6.324042e-03
6.324297e-03
6.324528e-03
6.324736e-03
6.324920e-03
6.325082e-03
6.325219e-03
6.325334e-03
6.325425e-03
6.325493e-03
6.325537e-03
6.325558e-03
6.325556e-03
6.325530e-03
6.325481e-03
6.325408e-03
6.325313e-03
6.325193e-03
6.325051e-03
6.324885e-03
6.324696e-03
6.324483e-03
6.324247e-03
6.323988e-03
6.323705e-03
6.323399e-03
6.323069e-03
6.322717e-03
6.322341e-03
6.321941e-03
6.321518e-03
6.321072e-03
6.320602e-03
6.320109e-03
6.319593e-03
6.319275e-03
6.319275e-03
6.319275e-03
6.319275e-03
6.319275e-03
6.319275e-03
6.319275e-03
6.319275e-03
6.319275e-03
6.319275e-03
6.319275e-03
6.319275e-03
6.319275e-03
6.319275e-03
6.319275e-03
6.319275e-03
6.319275e-03
6.319275e-03
6.319275e-03
6.319275e-03
6.319275e-03
6.319275e-03
6.319275e-03
6.319275e-03
6.319275e-03
6.319275e-03
6.319275e-03
6.319275e-03
6.319275e-03
6.319275e-03
6.319275e-03
6.319275e-03
6.319275e-03
6.319275e-03
6.319275e-03
6.319275e-03
6.319275e-03
6.319275e-03
6.319275e-03
6.319275e-03
6.319275e-03
6.319275e-03
6.319275e-03
6.319275e-03
6.319275e-03
6.319275e-03
6.319275e-03
6.319275e-03
6.319275e-03
6.319275e-03
6.319275e-03
6.319275e-03
6.319275e-03
6.319275e-03
6.319275e-03
6.319275e-03
6.319275e-03
6.319275e-03
6.319275e-03
6.319275e-03
6.319275e-03
6.319275e-03
6.319275e-03
6.319275e-03
6.319275e-03
6.319275e-03
6.319275e-03
6.319275e-03
6.319275e-03
6.319275e-03
6.319275e-03
6.319275e-03
6.319275e-03
6.319275e-03
6.319275e-03
6.319275e-03
6.319275e-03
6.319275e-03
6.319275e-03
6.319275e-03
6.319275e-03
6.319275e-03
6.319275e-03
6.319275e-03
6.319275e-03
6.319275e-03
6.319275e-03
6.319275e-03
6.319275e-03
6.319275e-03
6.319275e-03
6.319275e-03
6.319275e-03
6.319275e-03
6.319275e-03
6.319275e-03
6.319275e-03
6.319275e-03
6.319275e-03
6.319275e-03
6.319275e-03
6.319275e-03
6.319275e-03
6.319275e-03
6.319275e-03
6.319275e-03
6.319275e-03
6.319275e-03
6.319275e-03
6.319275e-03
6.319275e-03
6.319275e-03
6.319275e-03
6.319275e-03
6.319275e-03
6.319275e-03
6.319275e-03
6.319275e-03
6.319275e-03
6.319275e-03
6.319275e-03
6.319275e-03
6.319275e-03
6.319275e-03
6.319275e-03
6.319275e-03
6.319275e-03
6.319275e-03
6.319275e-03
6.319275e-03
6.319275e-03
6.319275e-03
6.319275e-03
6.319275e-03
6.319275e-03
6.319275e-03
6.319275e-03
6.319275e-03
6.319275e-03
6.319275e-03
6.319275e-03
6.319275e-03
6.319275e-03
6.319275e-03
6.319275e-03
6.319275e-03
6.319275e-03
6.319275e-03
6.319275e-03
6.319275e-03
6.319275e-03
6.319275e-03
6.319275e-03
6.319275e-03
6.319275e-03
6.319275e-03
6.319275e-03
6.319275e-03
6.319275e-03
6.319275e-03
6.319275e-03
6.319275e-03
6.319275e-03
6.319275e-03
6.319275e-03
6.319275e-03
6.319275e-03
6.319275e-03
6.319275e-03
6.319275e-03
6.319275e-03
6.319275e-03
6.319275e-03
6.319275e-03
6.319275e-03
6.319275e-03
6.319275e-03
6.319275e-03
6.319275e-03
6.319275e-03
6.319275e-03
6.319275e-03
6.319275e-03
6.319275e-03
6.319275e-03
6.319275e-03
6.319275e-03
6.319275e-03
6.319275e-03
6.319275e-03
6.319275e-03
6.319275e-03
6.319275e-03
6.319275e-03
6.319275e-03
6.319275e-03
6.319275e-03
6.319275e-03
6.319275e-03
6.319275e-03
6.319275e-03
