0.000000e+00
1.110371e-07
2.266625e-07
3.468762e-07
4.716782e-07
6.010685e-07
7.350472e-07
8.736141e-07
1.016769e-06
1.164513e-06
1.316845e-06
1.473765e-06
1.635273e-06
1.801370e-06
1.972055e-06
2.147329e-06
2.327191e-06
2.511641e-06
2.700679e-06
2.894306e-06
3.092521e-06
3.295324e-06
3.502715e-06
3.714695e-06
3.931263e-06
4.152420e-06
4.378165e-06
4.608498e-06
4.843419e-06
5.082929e-06
5.327027e-06
5.575714e-06
5.828988e-06
6.086851e-06
6.349302e-06
6.616342e-06
6.887970e-06
7.164186e-06
7.444991e-06
7.730384e-06
8.020365e-06
8.314934e-06
8.614092e-06
8.917838e-06
9.226172e-06
9.539095e-06
9.856606e-06
1.017871e-05
1.050539e-05
1.083667e-05
1.117253e-05
1.151299e-05
1.185803e-05
1.220766e-05
1.256187e-05
1.292068e-05
1.328407e-05
1.365206e-05
1.402463e-05
1.440179e-05
1.478353e-05
1.516987e-05
1.556079e-05
1.595630e-05
1.635641e-05
1.676109e-05
1.717037e-05
1.758424e-05
1.800269e-05
1.842573e-05
1.885336e-05
1.928558e-05
1.972239e-05
2.016378e-05
2.060977e-05
2.106034e-05
2.151550e-05
2.197525e-05
2.243959e-05
2.290851e-05
2.338202e-05
2.386013e-05
2.434282e-05
2.483009e-05
2.532196e-05
2.581842e-05
2.631946e-05
2.682509e-05
2.733531e-05
2.785012e-05
2.836952e-05
2.889350e-05
2.942207e-05
2.995524e-05
3.049299e-05
3.103532e-05
3.158225e-05
3.213377e-05
3.268987e-05
3.325056e-05
3.381584e-05
3.438571e-05
3.496016e-05
3.553921e-05
3.612284e-05
3.671106e-05
3.730387e-05
3.790127e-05
3.850326e-05
3.910983e-05
3.972099e-05
4.033675e-05
4.095708e-05
4.158201e-05
4.221153e-05
4.284563e-05
4.348433e-05
4.412761e-05
4.477548e-05
4.542793e-05
4.608498e-05
4.674661e-05
4.741284e-05
4.808365e-05
4.875905e-05
4.943903e-05
5.012361e-05
5.081277e-05
5.150653e-05
5.220487e-05
5.290780e-05
5.361531e-05
5.432742e-05
5.504411e-05
5.576539e-05
5.649126e-05
5.722172e-05
5.795677e-05
5.869641e-05
5.944063e-05
6.018944e-05
6.094284e-05
6.170083e-05
6.246341e-05
6.323057e-05
6.400233e-05
6.477867e-05
6.555960e-05
6.634512e-05
6.713522e-05
6.792992e-05
6.872920e-05
6.953308e-05
7.034154e-05
7.115458e-05
7.197222e-05
7.279445e-05
7.362126e-05
7.445266e-05
7.528865e-05
7.612923e-05
7.697440e-05
7.782415e-05
7.867849e-05
7.953743e-05
8.040094e-05
8.126905e-05
8.214175e-05
8.301903e-05
8.390091e-05
8.478737e-05
8.567842e-05
8.657406e-05
8.747428e-05
8.837910e-05
8.928850e-05
9.020249e-05
9.112107e-05
9.204424e-05
9.297199e-05
9.390434e-05
9.484127e-05
9.578279e-05
9.672890e-05
9.767960e-05
9.863489e-05
9.959476e-05
1.005592e-04
1.015283e-04
1.025019e-04
1.034801e-04
1.044630e-04
1.054504e-04
1.064424e-04
1.074389e-04
1.084401e-04
1.094459e-04
1.104562e-04
1.114711e-04
1.124907e-04
1.135148e-04
1.145435e-04
1.155768e-04
1.166146e-04
1.176571e-04
1.187042e-04
1.197558e-04
1.208120e-04
1.218728e-04
1.229382e-04
1.240082e-04
1.250828e-04
1.261620e-04
1.272457e-04
1.283341e-04
1.294270e-04
1.305246e-04
1.316267e-04
1.327334e-04
1.338447e-04
1.349605e-04
1.360810e-04
1.372060e-04
1.383357e-04
1.394699e-04
1.406087e-04
1.417521e-04
1.429001e-04
1.440527e-04
1.452099e-04
1.463717e-04
1.475380e-04
1.487089e-04
1.498845e-04
1.510646e-04
1.522493e-04
1.534386e-04
1.546324e-04
1.558309e-04
1.570340e-04
1.582416e-04
1.594538e-04
1.606707e-04
1.618921e-04
1.631181e-04
1.643487e-04
1.655838e-04
1.668236e-04
1.680679e-04
1.693169e-04
1.705704e-04
1.718285e-04
1.730912e-04
1.743585e-04
1.756304e-04
1.769069e-04
1.781879e-04
1.794736e-04
1.807638e-04
1.820586e-04
1.833580e-04
1.846620e-04
1.859706e-04
1.872838e-04
1.886015e-04
1.899239e-04
1.912508e-04
1.925824e-04
1.939185e-04
1.952592e-04
1.966045e-04
1.979543e-04
1.993088e-04
2.006679e-04
2.020315e-04
2.033998e-04
2.047726e-04
2.061500e-04
2.075320e-04
2.089186e-04
2.103097e-04
2.117055e-04
2.131059e-04
2.145108e-04
2.159203e-04
2.173344e-04
2.187532e-04
2.201764e-04
2.216043e-04
2.230368e-04
2.244739e-04
2.259155e-04
2.273617e-04
2.288126e-04
2.302680e-04
2.317280e-04
2.331926e-04
2.346617e-04
2.361355e-04
2.376139e-04
2.390968e-04
2.405843e-04
2.420764e-04
2.435732e-04
2.450744e-04
2.465803e-04
2.480908e-04
2.496059e-04
2.511255e-04
2.526497e-04
2.541786e-04
2.557120e-04
2.572500e-04
2.587926e-04
2.603398e-04
2.618915e-04
2.634479e-04
2.650088e-04
2.665743e-04
2.681445e-04
2.697192e-04
2.712985e-04
2.728824e-04
2.744708e-04
2.760639e-04
2.776615e-04
2.792638e-04
2.808706e-04
2.824820e-04
2.840980e-04
2.857186e-04
2.873438e-04
2.889736e-04
2.906079e-04
2.922469e-04
2.938904e-04
2.955385e-04
2.971912e-04
2.988485e-04
3.005104e-04
3.021769e-04
3.038479e-04
3.055236e-04
3.072038e-04
3.088887e-04
3.105781e-04
3.122721e-04
3.139707e-04
3.156738e-04
3.173816e-04
3.190940e-04
3.208109e-04
3.225325e-04
3.242586e-04
3.259893e-04
3.277246e-04
3.294645e-04
3.312089e-04
3.329580e-04
3.347117e-04
3.364699e-04
3.382327e-04
3.400001e-04
3.417722e-04
3.435487e-04
3.453299e-04
3.471157e-04
3.489061e-04
3.507010e-04
3.525005e-04
3.543047e-04
3.561134e-04
3.579267e-04
3.597446e-04
3.615670e-04
3.633941e-04
3.652258e-04
3.670620e-04
3.689028e-04
3.707482e-04
3.725982e-04
3.744528e-04
3.763120e-04
3.781758e-04
3.800442e-04
3.819171e-04
3.837946e-04
3.856768e-04
3.875635e-04
3.894548e-04
3.913507e-04
3.932511e-04
3.951562e-04
3.970659e-04
3.989801e-04
4.008989e-04
4.028224e-04
4.047504e-04
4.066830e-04
4.086201e-04
4.105619e-04
4.125083e-04
4.144592e-04
4.164148e-04
4.183749e-04
4.203396e-04
4.223089e-04
4.242828e-04
4.262613e-04
4.282443e-04
4.302320e-04
4.322242e-04
4.342211e-04
4.362225e-04
4.382285e-04
4.402391e-04
4.422543e-04
4.442741e-04
4.462984e-04
4.483274e-04
4.503609e-04
4.523990e-04
4.544418e-04
4.564891e-04
4.585410e-04
4.605974e-04
4.626585e-04
4.647242e-04
4.667944e-04
4.688692e-04
4.709487e-04
4.730327e-04
4.751213e-04
4.772145e-04
4.793122e-04
4.814146e-04
4.835215e-04
4.856331e-04
4.877492e-04
4.898699e-04
4.919952e-04
4.941251e-04
4.962596e-04
4.983987e-04
5.005423e-04
5.026906e-04
5.048434e-04
5.070008e-04
5.091629e-04
5.113295e-04
5.135006e-04
5.156764e-04
5.178568e-04
5.200417e-04
5.222313e-04
5.244254e-04
5.266241e-04
5.288274e-04
5.310353e-04
5.332478e-04
5.354649e-04
5.376865e-04
5.399128e-04
5.421436e-04
5.443790e-04
5.466191e-04
5.488637e-04
5.511128e-04
5.533666e-04
5.556250e-04
5.578879e-04
5.601555e-04
5.624276e-04
5.647043e-04
5.669856e-04
5.692715e-04
5.715620e-04
5.738571e-04
5.761568e-04
5.784610e-04
5.807698e-04
5.830833e-04
5.854013e-04
5.877239e-04
5.900511e-04
5.923829e-04
5.947192e-04
5.970602e-04
5.994057e-04
6.017559e-04
6.041106e-04
6.064699e-04
6.088338e-04
6.112023e-04
6.135753e-04
6.159530e-04
6.183353e-04
6.207221e-04
6.231135e-04
6.255095e-04
6.279101e-04
6.303153e-04
6.327251e-04
6.351395e-04
6.375584e-04
6.399820e-04
6.424101e-04
6.448428e-04
6.472801e-04
6.497220e-04
6.521685e-04
6.546196e-04
6.570753e-04
6.595355e-04
6.620004e-04
6.644698e-04
6.669438e-04
6.694224e-04
6.719056e-04
6.743934e-04
6.768857e-04
6.793827e-04
6.818843e-04
6.843904e-04
6.869011e-04
6.894164e-04
6.919363e-04
6.944608e-04
6.969899e-04
6.995235e-04
7.020618e-04
7.046046e-04
7.071521e-04
7.097041e-04
7.122607e-04
7.148219e-04
7.173877e-04
7.199580e-04
7.225330e-04
7.251126e-04
7.276967e-04
7.302854e-04
7.328787e-04
7.354766e-04
7.380791e-04
7.406862e-04
7.432979e-04
7.459141e-04
7.485350e-04
7.511604e-04
7.537904e-04
7.564250e-04
7.590642e-04
7.617080e-04
7.643564e-04
7.670093e-04
7.696669e-04
7.723290e-04
7.749957e-04
7.776670e-04
7.803429e-04
7.830234e-04
7.857085e-04
7.883982e-04
7.910924e-04
7.937913e-04
7.964947e-04
7.992027e-04
8.019153e-04
8.046325e-04
8.073543e-04
8.100807e-04
8.128117e-04
8.155472e-04
8.182873e-04
8.210321e-04
8.237814e-04
8.265353e-04
8.292938e-04
8.320569e-04
8.348245e-04
8.375968e-04
8.403736e-04
8.431551e-04
8.459411e-04
8.487317e-04
8.515269e-04
8.543267e-04
8.571311e-04
8.599400e-04
8.627536e-04
8.655717e-04
8.683944e-04
8.712218e-04
8.740537e-04
8.768902e-04
8.797312e-04
8.825769e-04
8.854272e-04
8.882820e-04
8.911414e-04
8.940055e-04
8.968741e-04
8.997473e-04
9.026251e-04
9.055074e-04
9.083944e-04
9.112860e-04
9.141821e-04
9.170828e-04
9.199881e-04
9.228980e-04
9.258125e-04
9.287316e-04
9.316553e-04
9.345836e-04
9.375164e-04
9.404538e-04
9.433959e-04
9.463425e-04
9.492937e-04
9.522495e-04
9.552098e-04
9.581748e-04
9.611444e-04
9.641185e-04
9.670972e-04
9.700806e-04
9.730685e-04
9.760610e-04
9.790580e-04
9.820597e-04
9.850660e-04
9.880768e-04
9.910923e-04
9.941123e-04
9.971369e-04
1.000166e-03
1.003200e-03
1.006238e-03
1.009281e-03
1.012329e-03
1.015381e-03
1.018438e-03
1.021499e-03
1.024565e-03
1.027635e-03
1.030710e-03
1.033790e-03
1.036874e-03
1.039963e-03
1.043057e-03
1.046155e-03
1.049257e-03
1.052365e-03
1.055476e-03
1.058593e-03
1.061714e-03
1.064839e-03
1.067969e-03
1.071104e-03
1.074243e-03
1.077387e-03
1.080536e-03
1.083689e-03
1.086847e-03
1.090009e-03
1.093176e-03
1.096347e-03
1.099523e-03
1.102704e-03
1.105889e-03
1.109079e-03
1.112273e-03
1.115472e-03
1.118676e-03
1.121884e-03
1.125097e-03
1.128314e-03
1.131536e-03
1.134762e-03
1.137993e-03
1.141229e-03
1.144469e-03
1.147714e-03
1.150964e-03
1.154218e-03
1.157476e-03
1.160739e-03
1.164007e-03
1.167280e-03
1.170557e-03
1.173838e-03
1.177124e-03
1.180415e-03
1.183710e-03
1.187010e-03
1.190315e-03
1.193624e-03
1.196938e-03
1.200256e-03
1.203579e-03
1.206906e-03
1.210238e-03
1.213575e-03
1.216916e-03
1.220262e-03
1.223612e-03
1.226967e-03
1.230327e-03
1.233691e-03
1.237060e-03
1.240433e-03
1.243811e-03
1.247193e-03
1.250580e-03
1.253972e-03
1.257368e-03
1.260769e-03
1.264175e-03
1.267585e-03
1.270999e-03
1.274419e-03
1.277842e-03
1.281271e-03
1.284704e-03
1.288141e-03
1.291583e-03
1.295030e-03
1.298481e-03
1.301937e-03
1.305398e-03
1.308863e-03
1.312333e-03
1.315807e-03
1.319286e-03
1.322769e-03
1.326257e-03
1.329750e-03
1.333247e-03
1.336749e-03
1.340255e-03
1.343766e-03
1.347282e-03
1.350802e-03
1.354327e-03
1.357856e-03
1.361390e-03
1.364928e-03
1.368472e-03
1.372019e-03
1.375571e-03
1.379128e-03
1.382690e-03
1.386256e-03
1.389826e-03
1.393402e-03
1.396981e-03
1.400566e-03
1.404155e-03
1.407748e-03
1.411347e-03
1.414949e-03
1.418557e-03
1.422169e-03
1.425785e-03
1.429406e-03
1.433032e-03
1.436662e-03
1.440297e-03
1.443936e-03
1.447580e-03
1.451229e-03
1.454882e-03
1.458540e-03
1.462202e-03
1.465869e-03
1.469541e-03
1.473217e-03
1.476898e-03
1.480583e-03
1.484273e-03
1.487968e-03
1.491667e-03
1.495370e-03
1.499079e-03
1.502792e-03
1.506509e-03
1.510231e-03
1.513958e-03
1.517689e-03
1.521425e-03
1.525165e-03
1.528910e-03
1.532660e-03
1.536414e-03
1.540172e-03
1.543936e-03
1.547704e-03
1.551476e-03
1.555253e-03
1.559035e-03
1.562821e-03
1.566612e-03
1.570408e-03
1.574208e-03
1.578012e-03
1.581821e-03
1.585635e-03
1.589454e-03
1.593277e-03
1.597104e-03
1.600936e-03
1.604773e-03
1.608614e-03
1.612460e-03
1.616311e-03
1.620166e-03
1.624026e-03
1.627890e-03
1.631759e-03
1.635632e-03
1.639510e-03
1.643393e-03
1.647280e-03
1.651172e-03
1.655068e-03
1.658969e-03
1.662875e-03
1.666785e-03
1.670700e-03
1.674619e-03
1.678543e-03
1.682472e-03
1.686405e-03
1.690342e-03
1.694285e-03
1.698231e-03
1.702183e-03
1.706139e-03
1.710100e-03
1.714065e-03
1.718035e-03
1.722009e-03
1.725988e-03
1.729972e-03
1.733960e-03
1.737952e-03
1.741950e-03
1.745952e-03
1.749958e-03
1.753969e-03
1.757985e-03
1.762005e-03
1.766030e-03
1.770060e-03
1.774094e-03
1.778132e-03
1.782176e-03
1.786223e-03
1.790276e-03
1.794333e-03
1.798394e-03
1.802460e-03
1.806531e-03
1.810607e-03
1.814686e-03
1.818771e-03
1.822860e-03
1.826954e-03
1.831052e-03
1.835155e-03
1.839262e-03
1.843374e-03
1.847491e-03
1.851612e-03
1.855738e-03
1.859868e-03
1.864003e-03
1.868143e-03
1.872287e-03
1.876436e-03
1.880589e-03
1.884747e-03
1.888910e-03
1.893077e-03
1.897248e-03
1.901425e-03
1.905606e-03
1.909791e-03
1.913981e-03
1.918176e-03
1.922375e-03
1.926579e-03
1.930787e-03
1.935000e-03
1.939218e-03
1.943440e-03
1.947667e-03
1.951898e-03
1.956134e-03
1.960374e-03
1.964620e-03
1.968869e-03
1.973124e-03
1.977382e-03
1.981646e-03
1.985914e-03
1.990187e-03
1.994464e-03
1.998746e-03
2.003032e-03
2.007323e-03
2.011619e-03
2.015919e-03
2.020223e-03
2.024533e-03
2.028847e-03
2.033165e-03
2.037488e-03
2.041816e-03
2.046148e-03
2.050485e-03
2.054827e-03
2.059173e-03
2.063523e-03
2.067879e-03
2.072238e-03
2.076603e-03
2.080972e-03
2.085345e-03
2.089723e-03
2.094106e-03
2.098494e-03
2.102885e-03
2.107282e-03
2.111683e-03
2.116089e-03
2.120499e-03
2.124914e-03
2.129333e-03
2.133757e-03
2.138186e-03
2.142619e-03
2.147057e-03
2.151500e-03
2.155947e-03
2.160398e-03
2.164854e-03
2.169315e-03
2.173780e-03
2.178250e-03
2.182725e-03
2.187204e-03
2.191688e-03
2.196176e-03
2.200669e-03
2.205166e-03
2.209668e-03
2.214175e-03
2.218686e-03
2.223202e-03
2.227722e-03
2.232247e-03
2.236777e-03
2.241311e-03
2.245850e-03
2.250393e-03
2.254941e-03
2.259494e-03
2.264051e-03
2.268612e-03
2.273179e-03
2.277750e-03
2.282325e-03
2.286905e-03
2.291490e-03
2.296079e-03
2.300673e-03
2.305271e-03
2.309874e-03
2.314482e-03
2.319094e-03
2.323711e-03
2.328332e-03
2.332958e-03
2.337589e-03
2.342224e-03
2.346863e-03
2.351508e-03
2.356157e-03
2.360810e-03
2.365468e-03
2.370131e-03
2.374798e-03
2.379470e-03
2.384146e-03
2.388827e-03
2.393513e-03
2.398203e-03
2.402898e-03
2.407597e-03
2.412301e-03
2.417009e-03
2.421723e-03
2.426440e-03
2.431163e-03
2.435889e-03
2.440621e-03
2.445357e-03
2.450098e-03
2.454843e-03
2.459593e-03
2.464347e-03
2.469106e-03
2.473870e-03
2.478638e-03
2.483411e-03
2.488188e-03
2.492970e-03
2.497756e-03
2.502547e-03
2.507343e-03
2.512143e-03
2.516948e-03
2.521758e-03
2.526572e-03
2.531390e-03
2.536214e-03
2.541042e-03
2.545874e-03
2.550711e-03
2.555552e-03
2.560399e-03
2.565249e-03
2.570105e-03
2.574965e-03
2.579829e-03
2.584698e-03
2.589572e-03
2.594450e-03
2.599333e-03
2.604221e-03
2.609113e-03
2.614009e-03
2.618911e-03
2.623816e-03
2.628727e-03
2.633642e-03
2.638561e-03
2.643486e-03
2.648414e-03
2.653348e-03
2.658286e-03
2.663228e-03
2.668175e-03
2.673127e-03
2.678083e-03
2.683044e-03
2.688010e-03
2.692980e-03
2.697954e-03
2.702934e-03
2.707917e-03
2.712906e-03
2.717899e-03
2.722896e-03
2.727899e-03
2.732905e-03
2.737917e-03
2.742933e-03
2.747953e-03
2.752978e-03
2.758008e-03
2.763042e-03
2.768081e-03
2.773125e-03
2.778173e-03
2.783225e-03
2.788283e-03
2.793344e-03
2.798411e-03
2.803482e-03
2.808557e-03
2.813638e-03
2.818722e-03
2.823812e-03
2.828906e-03
2.834004e-03
2.839107e-03
2.844215e-03
2.849327e-03
2.854444e-03
2.859566e-03
2.864692e-03
2.869822e-03
2.874958e-03
2.880097e-03
2.885242e-03
2.890391e-03
2.895544e-03
2.900703e-03
2.905865e-03
2.911033e-03
2.916205e-03
2.921381e-03
2.926562e-03
2.931748e-03
2.936938e-03
2.942133e-03
2.947333e-03
2.952537e-03
2.957745e-03
2.962959e-03
2.968176e-03
2.973399e-03
2.978626e-03
2.983857e-03
2.989094e-03
2.994334e-03
2.999580e-03
3.004830e-03
3.010084e-03
3.015343e-03
3.020607e-03
3.025875e-03
3.031148e-03
3.036426e-03
3.041708e-03
3.046994e-03
3.052286e-03
3.057581e-03
3.062882e-03
3.068187e-03
3.073496e-03
3.078811e-03
3.084129e-03
3.089453e-03
3.094781e-03
3.100113e-03
3.105450e-03
3.110792e-03
3.116138e-03
3.121489e-03
3.126845e-03
3.132205e-03
3.137569e-03
3.142939e-03
3.148313e-03
3.153691e-03
3.159074e-03
3.164462e-03
3.169854e-03
3.175250e-03
3.180652e-03
3.186058e-03
3.191468e-03
3.196883e-03
3.202303e-03
3.207727e-03
3.213156e-03
3.218590e-03
3.224028e-03
3.229471e-03
3.234918e-03
3.240370e-03
3.245826e-03
3.251287e-03
3.256753e-03
3.262223e-03
3.267698e-03
3.273177e-03
3.278661e-03
3.284149e-03
3.289643e-03
3.295140e-03
3.300643e-03
3.306149e-03
3.311661e-03
3.317177e-03
3.322698e-03
3.328223e-03
3.333753e-03
3.339287e-03
3.344826e-03
3.350370e-03
3.355918e-03
3.361471e-03
3.367028e-03
3.372590e-03
3.378157e-03
3.383728e-03
3.389303e-03
3.394884e-03
3.400469e-03
3.406058e-03
3.411652e-03
3.417251e-03
3.422854e-03
3.428462e-03
3.434074e-03
3.439691e-03
3.445313e-03
3.450939e-03
3.456570e-03
3.462205e-03
3.467845e-03
3.473490e-03
3.479139e-03
3.484793e-03
3.490451e-03
3.496114e-03
3.501781e-03
3.507453e-03
3.513130e-03
3.518811e-03
3.524497e-03
3.530187e-03
3.535882e-03
3.541582e-03
3.547286e-03
3.552995e-03
3.558708e-03
3.564426e-03
3.570149e-03
3.575876e-03
3.581608e-03
3.587344e-03
3.593085e-03
3.598830e-03
3.604580e-03
3.610335e-03
3.616094e-03
3.621858e-03
3.627627e-03
3.633400e-03
3.639177e-03
3.644959e-03
3.650746e-03
3.656538e-03
3.662333e-03
3.668134e-03
3.673939e-03
3.679749e-03
3.685563e-03
3.691382e-03
3.697206e-03
3.703034e-03
3.708866e-03
3.714704e-03
3.720545e-03
3.726392e-03
3.732243e-03
3.738098e-03
3.743959e-03
3.749823e-03
3.755693e-03
3.761567e-03
3.767445e-03
3.773328e-03
3.779216e-03
3.785108e-03
3.791005e-03
3.796907e-03
3.802813e-03
3.808723e-03
3.814639e-03
3.820559e-03
3.826483e-03
3.832412e-03
3.838346e-03
3.844284e-03
3.850227e-03
3.856174e-03
3.862126e-03
3.868082e-03
3.874044e-03
3.880009e-03
3.885980e-03
3.891954e-03
3.897934e-03
3.903918e-03
3.909907e-03
3.915900e-03
3.921898e-03
3.927900e-03
3.933907e-03
3.939919e-03
3.945935e-03
3.951956e-03
3.957981e-03
3.964011e-03
3.970046e-03
3.976085e-03
3.982129e-03
3.988177e-03
3.994230e-03
4.000287e-03
4.006349e-03
4.012416e-03
4.018487e-03
4.024563e-03
4.030643e-03
4.036728e-03
4.042818e-03
4.048912e-03
4.055011e-03
4.061114e-03
4.067222e-03
4.073335e-03
4.079452e-03
4.085574e-03
4.091700e-03
4.097831e-03
4.103967e-03
4.110107e-03
4.116251e-03
4.122400e-03
4.128554e-03
4.134713e-03
4.140876e-03
4.147043e-03
4.153216e-03
4.159392e-03
4.165574e-03
4.171760e-03
4.177950e-03
4.184145e-03
4.190345e-03
4.196549e-03
4.202758e-03
4.208972e-03
4.215190e-03
4.221413e-03
4.227640e-03
4.233872e-03
4.240108e-03
4.246349e-03
4.252595e-03
4.258845e-03
4.265100e-03
4.271359e-03
4.277623e-03
4.283892e-03
4.290165e-03
4.296442e-03
4.302725e-03
4.309012e-03
4.315303e-03
4.321599e-03
4.327900e-03
4.334205e-03
4.340515e-03
4.346829e-03
4.353148e-03
4.359472e-03
4.365800e-03
4.372133e-03
4.378470e-03
4.384812e-03
4.391159e-03
4.397510e-03
4.403866e-03
4.410226e-03
4.416591e-03
4.422960e-03
4.429335e-03
4.435713e-03
4.442096e-03
4.448484e-03
4.454877e-03
4.461274e-03
4.467675e-03
4.474082e-03
4.480492e-03
4.486908e-03
4.493328e-03
4.499752e-03
4.506181e-03
4.512615e-03
4.519053e-03
4.525496e-03
4.531944e-03
4.538396e-03
4.544853e-03
4.551314e-03
4.557780e-03
4.564250e-03
4.570725e-03
4.577205e-03
4.583689e-03
4.590178e-03
4.596671e-03
4.603169e-03
4.609672e-03
4.616179e-03
4.622690e-03
4.629207e-03
4.635728e-03
4.642253e-03
4.648783e-03
4.655318e-03
4.661857e-03
4.668401e-03
4.674949e-03
4.681503e-03
4.688060e-03
4.694622e-03
4.701189e-03
4.707760e-03
4.714336e-03
4.720917e-03
4.727502e-03
4.734092e-03
4.740686e-03
4.747285e-03
4.753889e-03
4.760497e-03
4.767109e-03
4.773727e-03
4.780348e-03
4.786975e-03
4.793606e-03
4.800242e-03
4.806882e-03
4.813527e-03
4.820176e-03
4.826830e-03
4.833488e-03
4.840152e-03
4.846819e-03
4.853492e-03
4.860169e-03
4.866850e-03
4.873536e-03
4.880227e-03
4.886922e-03
4.893622e-03
4.900326e-03
4.907035e-03
4.913749e-03
4.920467e-03
4.927190e-03
4.933917e-03
4.940649e-03
4.947386e-03
4.954127e-03
4.960873e-03
4.967623e-03
4.974378e-03
4.981137e-03
4.987902e-03
4.994670e-03
5.001443e-03
5.008221e-03
5.015004e-03
5.021791e-03
5.028582e-03
5.035379e-03
5.042179e-03
5.048985e-03
5.055795e-03
5.062609e-03
5.069428e-03
5.076252e-03
5.083081e-03
5.089913e-03
5.096751e-03
5.103593e-03
5.110440e-03
5.117291e-03
5.124147e-03
5.131007e-03
5.137872e-03
5.144742e-03
5.151616e-03
5.158495e-03
5.165378e-03
5.172266e-03
5.179159e-03
5.186056e-03
5.192958e-03
5.199864e-03
5.206775e-03
5.213690e-03
5.220611e-03
5.227535e-03
5.234464e-03
5.241398e-03
5.248337e-03
5.255280e-03
5.262227e-03
5.269180e-03
5.276136e-03
5.283098e-03
5.290064e-03
5.297034e-03
5.304009e-03
5.310989e-03
5.317974e-03
5.324298e-03
5.330599e-03
5.336877e-03
5.343133e-03
5.349366e-03
5.355575e-03
5.361762e-03
5.367926e-03
5.374067e-03
5.380186e-03
5.386281e-03
5.392353e-03
5.398403e-03
5.404430e-03
5.410434e-03
5.416414e-03
5.422373e-03
5.428308e-03
5.434220e-03
5.440110e-03
5.445976e-03
5.451820e-03
5.457641e-03
5.463438e-03
5.469213e-03
5.474966e-03
5.480695e-03
5.486401e-03
5.492085e-03
5.497745e-03
5.503383e-03
5.508998e-03
5.514590e-03
5.520159e-03
5.525705e-03
5.531229e-03
5.536729e-03
5.542207e-03
5.547661e-03
5.553093e-03
5.558502e-03
5.563888e-03
5.569251e-03
5.574592e-03
5.579909e-03
5.585204e-03
5.590475e-03
5.595724e-03
5.600950e-03
5.606153e-03
5.611333e-03
5.616490e-03
5.621625e-03
5.626736e-03
5.631825e-03
5.636891e-03
5.641934e-03
5.646954e-03
5.651951e-03
5.656925e-03
5.661876e-03
5.666805e-03
5.671710e-03
5.676593e-03
5.681453e-03
5.686290e-03
5.691104e-03
5.695895e-03
5.700663e-03
5.705409e-03
5.710131e-03
5.714831e-03
5.719507e-03
5.724161e-03
5.728792e-03
5.733400e-03
5.737986e-03
5.742548e-03
5.747088e-03
5.751604e-03
5.756098e-03
5.760569e-03
5.765017e-03
5.769442e-03
5.773844e-03
5.778223e-03
5.782580e-03
5.786913e-03
5.791224e-03
5.795512e-03
5.799777e-03
5.804019e-03
5.808238e-03
5.812434e-03
5.816608e-03
5.820758e-03
5.824886e-03
5.828990e-03
5.833072e-03
5.837131e-03
5.841167e-03
5.845181e-03
5.849171e-03
5.853138e-03
5.857083e-03
5.861005e-03
5.864904e-03
5.868779e-03
5.872633e-03
5.876463e-03
5.880270e-03
5.884054e-03
5.887816e-03
5.891555e-03
5.895270e-03
5.898963e-03
5.902633e-03
5.906280e-03
5.909905e-03
5.913506e-03
5.917085e-03
5.920640e-03
5.924173e-03
5.927683e-03
5.931170e-03
5.934634e-03
5.938075e-03
5.941493e-03
5.944889e-03
5.948261e-03
5.951611e-03
5.954938e-03
5.958242e-03
5.961523e-03
5.964781e-03
5.968016e-03
5.971229e-03
5.974418e-03
5.977585e-03
5.980729e-03
5.983850e-03
5.986948e-03
5.990023e-03
5.993075e-03
5.996104e-03
5.999111e-03
6.002094e-03
6.005055e-03
6.007993e-03
6.010908e-03
6.013800e-03
6.016669e-03
6.019516e-03
6.022339e-03
6.025140e-03
6.027917e-03
6.030672e-03
6.033404e-03
6.036113e-03
6.038799e-03
6.041462e-03
6.044103e-03
6.046720e-03
6.049315e-03
6.051887e-03
6.054436e-03
6.056962e-03
6.059465e-03
6.061945e-03
6.064402e-03
6.066837e-03
6.069248e-03
6.071637e-03
6.074003e-03
6.076346e-03
6.078666e-03
6.080963e-03
6.083237e-03
6.085489e-03
6.087717e-03
6.089923e-03
6.092106e-03
6.094266e-03
6.096403e-03
6.098517e-03
6.100608e-03
6.102676e-03
6.104722e-03
6.106745e-03
6.108744e-03
6.110721e-03
6.112675e-03
6.114606e-03
6.116514e-03
6.118400e-03
6.120262e-03
6.122102e-03
6.123919e-03
6.125712e-03
6.127483e-03
6.129231e-03
6.130957e-03
6.132659e-03
6.134338e-03
6.135995e-03
6.137628e-03
6.139239e-03
6.140827e-03
6.142392e-03
6.143934e-03
6.145453e-03
6.146950e-03
6.148423e-03
6.149874e-03
6.151302e-03
6.152706e-03
6.154088e-03
6.155447e-03
6.156784e-03
6.158097e-03
6.159387e-03
6.160655e-03
6.161900e-03
6.163121e-03
6.164320e-03
6.165496e-03
6.166650e-03
6.167780e-03
6.168887e-03
6.169972e-03
6.171033e-03
6.172072e-03
6.173088e-03
6.174081e-03
6.175051e-03
6.175998e-03
6.176923e-03
6.177824e-03
6.178703e-03
6.179558e-03
6.180391e-03
6.181201e-03
6.181988e-03
6.182753e-03
6.183494e-03
6.184212e-03
6.184908e-03
6.185580e-03
6.186230e-03
6.186857e-03
6.187461e-03
6.188042e-03
6.188601e-03
6.189136e-03
6.189648e-03
6.190138e-03
6.190605e-03
6.191049e-03
6.191470e-03
6.191868e-03
6.192243e-03
6.192595e-03
6.192925e-03
6.193231e-03
6.193515e-03
6.193776e-03
6.194014e-03
6.194229e-03
6.194421e-03
6.194590e-03
6.194737e-03
6.194860e-03
6.194961e-03
6.195039e-03
6.195094e-03
6.195126e-03
6.195135e-03
6.195121e-03
6.195084e-03
6.195025e-03
6.194942e-03
6.194837e-03
6.194709e-03
6.194558e-03
6.194384e-03
6.194187e-03
6.193968e-03
6.193725e-03
6.193460e-03
6.193171e-03
6.192860e-03
6.192526e-03
6.192169e-03
6.191789e-03
6.191386e-03
6.190961e-03
6.190512e-03
6.190041e-03
6.189547e-03
6.189030e-03
6.188712e-03
6.188712e-03
6.188712e-03
6.188712e-03
6.188712e-03
6.188712e-03
6.188712e-03
6.188712e-03
6.188712e-03
6.188712e-03
6.188712e-03
6.188712e-03
6.188712e-03
6.188712e-03
6.188712e-03
6.188712e-03
6.188712e-03
6.188712e-03
6.188712e-03
6.188712e-03
6.188712e-03
6.188712e-03
6.188712e-03
6.188712e-03
6.188712e-03
6.188712e-03
6.188712e-03
6.188712e-03
6.188712e-03
6.188712e-03
6.188712e-03
6.188712e-03
6.188712e-03
6.188712e-03
6.188712e-03
6.188712e-03
6.188712e-03
6.188712e-03
6.188712e-03
6.188712e-03
6.188712e-03
6.188712e-03
6.188712e-03
6.188712e-03
6.188712e-03
6.188712e-03
6.188712e-03
6.188712e-03
6.188712e-03
6.188712e-03
6.188712e-03
6.188712e-03
6.188712e-03
6.188712e-03
6.188712e-03
6.188712e-03
6.188712e-03
6.188712e-03
6.188712e-03
6.188712e-03
6.188712e-03
6.188712e-03
6.188712e-03
6.188712e-03
6.188712e-03
6.188712e-03
6.188712e-03
6.188712e-03
6.188712e-03
6.188712e-03
6.188712e-03
6.188712e-03
6.188712e-03
6.188712e-03
6.188712e-03
6.188712e-03
6.188712e-03
6.188712e-03
6.188712e-03
6.188712e-03
6.188712e-03
6.188712e-03
6.188712e-03
6.188712e-03
6.188712e-03
6.188712e-03
6.188712e-03
6.188712e-03
6.188712e-03
6.188712e-03
6.188712e-03
6.188712e-03
6.188712e-03
6.188712e-03
6.188712e-03
6.188712e-03
6.188712e-03
6.188712e-03
6.188712e-03
6.188712e-03
6.188712e-03
6.188712e-03
6.188712e-03
6.188712e-03
6.188712e-03
6.188712e-03
6.188712e-03
6.188712e-03
6.188712e-03
6.188712e-03
6.188712e-03
6.188712e-03
6.188712e-03
6.188712e-03
6.188712e-03
6.188712e-03
6.188712e-03
6.188712e-03
6.188712e-03
6.188712e-03
6.188712e-03
6.188712e-03
6.188712e-03
6.188712e-03
6.188712e-03
6.188712e-03
6.188712e-03
6.188712e-03
6.188712e-03
6.188712e-03
6.188712e-03
6.188712e-03
6.188712e-03
6.188712e-03
6.188712e-03
6.188712e-03
6.188712e-03
6.188712e-03
6.188712e-03
6.188712e-03
6.188712e-03
6.188712e-03
6.188712e-03
6.188712e-03
6.188712e-03
6.188712e-03
6.188712e-03
6.188712e-03
6.188712e-03
6.188712e-03
6.188712e-03
6.188712e-03
6.188712e-03
6.188712e-03
6.188712e-03
6.188712e-03
6.188712e-03
6.188712e-03
6.188712e-03
6.188712e-03
6.188712e-03
6.188712e-03
6.188712e-03
6.188712e-03
6.188712e-03
6.188712e-03
6.188712e-03
6.188712e-03
6.188712e-03
6.188712e-03
6.188712e-03
6.188712e-03
6.188712e-03
6.188712e-03
6.188712e-03
6.188712e-03
6.188712e-03
6.188712e-03
6.188712e-03
6.188712e-03
6.188712e-03
6.188712e-03
6.188712e-03
6.188712e-03
6.188712e-03
6.188712e-03
6.188712e-03
6.188712e-03
6.188712e-03
6.188712e-03
6.188712e-03
6.188712e-03
6.188712e-03
6.188712e-03
6.188712e-03
6.188712e-03
6.188712e-03
6.188712e-03
6.188712e-03
6.188712e-03
6.188712e-03
