0.000000e+00
1.110371e-07
2.262961e-07
3.457771e-07
4.694800e-07
5.974049e-07
7.295517e-07
8.659204e-07
1.006511e-06
1.151324e-06
1.300358e-06
1.453615e-06
1.611093e-06
1.772794e-06
1.938716e-06
2.108860e-06
2.283226e-06
2.461815e-06
2.644625e-06
2.831657e-06
3.022911e-06
3.218387e-06
3.418085e-06
3.622004e-06
3.830146e-06
4.042510e-06
4.259096e-06
4.479903e-06
4.704933e-06
4.934184e-06
5.167658e-06
5.405353e-06
5.647270e-06
5.893409e-06
6.143771e-06
6.398354e-06
6.657159e-06
6.920186e-06
7.187435e-06
7.458906e-06
7.734599e-06
8.014513e-06
8.298650e-06
8.587009e-06
8.879589e-06
9.176392e-06
9.477416e-06
9.782663e-06
1.009213e-05
1.040582e-05
1.072373e-05
1.104587e-05
1.137222e-05
1.170280e-05
1.203760e-05
1.237662e-05
1.271987e-05
1.306733e-05
1.341902e-05
1.377493e-05
1.413506e-05
1.449942e-05
1.486799e-05
1.524079e-05
1.561781e-05
1.599905e-05
1.638451e-05
1.677420e-05
1.716811e-05
1.756624e-05
1.796859e-05
1.837516e-05
1.878596e-05
1.920097e-05
1.962021e-05
2.004367e-05
2.047135e-05
2.090326e-05
2.133939e-05
2.177973e-05
2.222431e-05
2.267310e-05
2.312611e-05
2.358335e-05
2.404481e-05
2.451049e-05
2.498039e-05
2.545451e-05
2.593286e-05
2.641543e-05
2.690222e-05
2.739323e-05
2.788846e-05
2.838792e-05
2.889160e-05
2.939950e-05
2.991162e-05
3.042796e-05
3.094853e-05
3.147331e-05
3.200232e-05
3.253556e-05
3.307301e-05
3.361468e-05
3.416058e-05
3.471070e-05
3.526504e-05
3.582360e-05
3.638639e-05
3.695340e-05
3.752462e-05
3.810008e-05
3.867975e-05
3.926364e-05
3.985176e-05
4.044410e-05
4.104066e-05
4.164144e-05
4.224644e-05
4.285567e-05
4.346912e-05
4.408679e-05
4.470868e-05
4.533480e-05
4.596513e-05
4.659969e-05
4.723847e-05
4.788147e-05
4.852870e-05
4.918014e-05
4.983581e-05
5.049570e-05
5.115981e-05
5.182814e-05
5.250070e-05
5.317748e-05
5.385848e-05
5.454370e-05
5.523314e-05
5.592681e-05
5.662469e-05
5.732680e-05
5.803313e-05
5.874369e-05
5.945846e-05
6.017746e-05
6.090068e-05
6.162812e-05
6.235978e-05
6.309566e-05
6.383577e-05
6.458010e-05
6.532865e-05
6.608142e-05
6.683842e-05
6.759963e-05
6.836507e-05
6.913473e-05
6.990861e-05
7.068672e-05
7.146904e-05
7.225559e-05
7.304636e-05
7.384135e-05
7.464056e-05
7.544400e-05
7.625166e-05
7.706354e-05
7.787964e-05
7.869996e-05
7.952451e-05
8.035328e-05
8.118626e-05
8.202348e-05
8.286491e-05
8.371056e-05
8.456044e-05
8.541454e-05
8.627286e-05
8.713540e-05
8.800217e-05
8.887316e-05
8.974836e-05
9.062779e-05
9.151145e-05
9.239932e-05
9.329142e-05
9.418774e-05
9.508828e-05
9.599304e-05
9.690202e-05
9.781523e-05
9.873266e-05
9.965431e-05
1.005802e-04
1.015103e-04
1.024446e-04
1.033831e-04
1.043259e-04
1.052729e-04
1.062241e-04
1.071795e-04
1.081391e-04
1.091030e-04
1.100711e-04
1.110434e-04
1.120200e-04
1.130007e-04
1.139857e-04
1.149749e-04
1.159683e-04
1.169660e-04
1.179678e-04
1.189739e-04
1.199842e-04
1.209988e-04
1.220175e-04
1.230405e-04
1.240677e-04
1.250991e-04
1.261348e-04
1.271746e-04
1.282187e-04
1.292670e-04
1.303195e-04
1.313763e-04
1.324373e-04
1.335025e-04
1.345719e-04
1.356455e-04
1.367234e-04
1.378055e-04
1.388918e-04
1.399823e-04
1.410771e-04
1.421760e-04
1.432792e-04
1.443866e-04
1.454983e-04
1.466141e-04
1.477342e-04
1.488585e-04
1.499870e-04
1.511198e-04
1.522568e-04
1.533979e-04
1.545434e-04
1.556930e-04
1.568469e-04
1.580049e-04
1.591672e-04
1.603338e-04
1.615045e-04
1.626795e-04
1.638587e-04
1.650421e-04
1.662297e-04
1.674215e-04
1.686176e-04
1.698179e-04
1.710224e-04
1.722312e-04
1.734442e-04
1.746613e-04
1.758827e-04
1.771084e-04
1.783382e-04
1.795723e-04
1.808106e-04
1.820531e-04
1.832999e-04
1.845508e-04
1.858060e-04
1.870654e-04
1.883290e-04
1.895969e-04
1.908690e-04
1.921452e-04
1.934258e-04
1.947105e-04
1.959995e-04
1.972926e-04
1.985900e-04
1.998917e-04
2.011975e-04
2.025076e-04
2.038219e-04
2.051404e-04
2.064631e-04
2.077901e-04
2.091213e-04
2.104567e-04
2.117963e-04
2.131401e-04
2.144882e-04
2.158405e-04
2.171970e-04
2.185577e-04
2.199227e-04
2.212918e-04
2.226652e-04
2.240429e-04
2.254247e-04
2.268108e-04
2.282011e-04
2.295956e-04
2.309943e-04
2.323972e-04
2.338044e-04
2.352158e-04
2.366314e-04
2.380513e-04
2.394753e-04
2.409036e-04
2.423361e-04
2.437728e-04
2.452138e-04
2.466590e-04
2.481084e-04
2.495620e-04
2.510198e-04
2.524819e-04
2.539481e-04
2.554187e-04
2.568934e-04
2.583723e-04
2.598555e-04
2.613429e-04
2.628345e-04
2.643303e-04
2.658304e-04
2.673347e-04
2.688432e-04
2.703559e-04
2.718728e-04
2.733940e-04
2.749194e-04
2.764490e-04
2.779828e-04
2.795209e-04
2.810632e-04
2.826097e-04
2.841604e-04
2.857153e-04
2.872745e-04
2.888379e-04
2.904055e-04
2.919773e-04
2.935533e-04
2.951336e-04
2.967181e-04
2.983068e-04
2.998998e-04
3.014969e-04
3.030983e-04
3.047039e-04
3.063137e-04
3.079278e-04
3.095461e-04
3.111686e-04
3.127953e-04
3.144262e-04
3.160614e-04
3.177007e-04
3.193443e-04
3.209922e-04
3.226442e-04
3.243005e-04
3.259610e-04
3.276257e-04
3.292946e-04
3.309678e-04
3.326452e-04
3.343268e-04
3.360126e-04
3.377026e-04
3.393969e-04
3.410954e-04
3.427981e-04
3.445050e-04
3.462162e-04
3.479315e-04
3.496511e-04
3.513750e-04
3.531030e-04
3.548353e-04
3.565717e-04
3.583125e-04
3.600574e-04
3.618065e-04
3.635599e-04
3.653175e-04
3.670793e-04
3.688454e-04
3.706156e-04
3.723901e-04
3.741688e-04
3.759517e-04
3.777389e-04
3.795302e-04
3.813258e-04
3.831257e-04
3.849297e-04
3.867379e-04
3.885504e-04
3.903671e-04
3.921881e-04
3.940132e-04
3.958426e-04
3.976762e-04
3.995140e-04
4.013560e-04
4.032023e-04
4.050527e-04
4.069074e-04
4.087664e-04
4.106295e-04
4.124969e-04
4.143685e-04
4.162443e-04
4.181243e-04
4.200085e-04
4.218970e-04
4.237897e-04
4.256866e-04
4.275878e-04
4.294931e-04
4.314027e-04
4.333165e-04
4.352346e-04
4.371568e-04
4.390833e-04
4.410140e-04
4.429489e-04
4.448880e-04
4.468314e-04
4.487790e-04
4.507308e-04
4.526868e-04
4.546470e-04
4.566115e-04
4.585802e-04
4.605531e-04
4.625303e-04
4.645116e-04
4.664972e-04
4.684870e-04
4.704810e-04
4.724793e-04
4.744817e-04
4.764884e-04
4.784993e-04
4.805145e-04
4.825338e-04
4.845574e-04
4.865852e-04
4.886172e-04
4.906535e-04
4.926939e-04
4.947386e-04
4.967875e-04
4.988407e-04
5.008980e-04
5.029596e-04
5.050254e-04
5.070954e-04
5.091696e-04
5.112481e-04
5.133308e-04
5.154177e-04
5.175088e-04
5.196042e-04
5.217037e-04
5.238075e-04
5.259155e-04
5.280278e-04
5.301442e-04
5.322649e-04
5.343898e-04
5.365190e-04
5.386523e-04
5.407899e-04
5.429317e-04
5.450777e-04
5.472279e-04
5.493824e-04
5.515411e-04
5.537040e-04
5.558711e-04
5.580424e-04
5.602180e-04
5.623978e-04
5.645818e-04
5.667700e-04
5.689625e-04
5.711592e-04
5.733600e-04
5.755652e-04
5.777745e-04
5.799881e-04
5.822059e-04
5.844279e-04
5.866541e-04
5.888846e-04
5.911192e-04
5.933581e-04
5.956012e-04
5.978486e-04
6.001001e-04
6.023559e-04
6.046159e-04
6.068802e-04
6.091486e-04
6.114213e-04
6.136982e-04
6.159793e-04
6.182646e-04
6.205542e-04
6.228480e-04
6.251460e-04
6.274482e-04
6.297546e-04
6.320653e-04
6.343802e-04
6.366993e-04
6.390227e-04
6.413502e-04
6.436820e-04
6.460180e-04
6.483582e-04
6.507027e-04
6.530513e-04
6.554042e-04
6.577613e-04
6.601227e-04
6.624882e-04
6.648580e-04
6.672320e-04
6.696102e-04
6.719926e-04
6.743793e-04
6.767702e-04
6.791653e-04
6.815646e-04
6.839682e-04
6.863760e-04
6.887880e-04
6.912042e-04
6.936246e-04
6.960493e-04
6.984782e-04
7.009113e-04
7.033486e-04
7.057901e-04
7.082359e-04
7.106859e-04
7.131401e-04
7.155986e-04
7.180612e-04
7.205281e-04
7.229992e-04
7.254745e-04
7.279541e-04
7.304378e-04
7.329258e-04
7.354180e-04
7.379145e-04
7.404151e-04
7.429200e-04
7.454291e-04
7.479424e-04
7.504600e-04
7.529817e-04
7.555077e-04
7.580379e-04
7.605724e-04
7.631110e-04
7.656539e-04
7.682010e-04
7.707523e-04
7.733079e-04
7.758676e-04
7.784316e-04
7.809998e-04
7.835723e-04
7.861489e-04
7.887298e-04
7.913149e-04
7.939042e-04
7.964977e-04
7.990955e-04
8.016975e-04
8.043037e-04
8.069141e-04
8.095288e-04
8.121476e-04
8.147707e-04
8.173980e-04
8.200296e-04
8.226653e-04
8.253053e-04
8.279495e-04
8.305979e-04
8.332506e-04
8.359075e-04
8.385685e-04
8.412339e-04
8.439034e-04
8.465771e-04
8.492551e-04
8.519373e-04
8.546237e-04
8.573144e-04
8.600093e-04
8.627083e-04
8.654117e-04
8.681192e-04
8.708309e-04
8.735469e-04
8.762671e-04
8.789915e-04
8.817202e-04
8.844530e-04
8.871901e-04
8.899314e-04
8.926770e-04
8.954267e-04
8.981807e-04
9.009389e-04
9.037013e-04
9.064679e-04
9.092388e-04
9.120139e-04
9.147932e-04
9.175767e-04
9.203645e-04
9.231564e-04
9.259526e-04
9.287530e-04
9.315577e-04
9.343665e-04
9.371796e-04
9.399969e-04
9.428184e-04
9.456442e-04
9.484741e-04
9.513083e-04
9.541467e-04
9.569894e-04
9.598362e-04
9.626873e-04
9.655426e-04
9.684021e-04
9.712659e-04
9.741338e-04
9.770060e-04
9.798824e-04
9.827631e-04
9.856479e-04
9.885370e-04
9.914303e-04
9.943278e-04
9.972296e-04
1.000136e-03
1.003046e-03
1.005960e-03
1.008879e-03
1.011802e-03
1.014729e-03
1.017660e-03
1.020595e-03
1.023535e-03
1.026479e-03
1.029427e-03
1.032380e-03
1.035336e-03
1.038297e-03
1.041262e-03
1.044232e-03
1.047205e-03
1.050183e-03
1.053165e-03
1.056151e-03
1.059141e-03
1.062136e-03
1.065135e-03
1.068138e-03
1.071145e-03
1.074157e-03
1.077172e-03
1.080192e-03
1.083217e-03
1.086245e-03
1.089278e-03
1.092314e-03
1.095356e-03
1.098401e-03
1.101450e-03
1.104504e-03
1.107562e-03
1.110624e-03
1.113691e-03
1.116761e-03
1.119836e-03
1.122915e-03
1.125998e-03
1.129086e-03
1.132178e-03
1.135274e-03
1.138374e-03
1.141478e-03
1.144587e-03
1.147700e-03
1.150817e-03
1.153938e-03
1.157063e-03
1.160193e-03
1.163327e-03
1.166465e-03
1.169608e-03
1.172754e-03
1.175905e-03
1.179060e-03
1.182219e-03
1.185383e-03
1.188551e-03
1.191723e-03
1.194899e-03
1.198079e-03
1.201264e-03
1.204453e-03
1.207646e-03
1.210843e-03
1.214044e-03
1.217250e-03
1.220460e-03
1.223674e-03
1.226893e-03
1.230115e-03
1.233342e-03
1.236573e-03
1.239808e-03
1.243048e-03
1.246292e-03
1.249540e-03
1.252792e-03
1.256048e-03
1.259309e-03
1.262574e-03
1.265843e-03
1.269116e-03
1.272393e-03
1.275675e-03
1.278961e-03
1.282251e-03
1.285546e-03
1.288844e-03
1.292147e-03
1.295454e-03
1.298765e-03
1.302081e-03
1.305401e-03
1.308724e-03
1.312053e-03
1.315385e-03
1.318722e-03
1.322062e-03
1.325407e-03
1.328757e-03
1.332110e-03
1.335468e-03
1.338830e-03
1.342196e-03
1.345566e-03
1.348941e-03
1.352320e-03
1.355703e-03
1.359090e-03
1.362482e-03
1.365877e-03
1.369277e-03
1.372681e-03
1.376090e-03
1.379502e-03
1.382919e-03
1.386340e-03
1.389766e-03
1.393195e-03
1.396629e-03
1.400067e-03
1.403509e-03
1.406955e-03
1.410406e-03
1.413861e-03
1.417320e-03
1.420783e-03
1.424250e-03
1.427722e-03
1.431198e-03
1.434678e-03
1.438162e-03
1.441651e-03
1.445144e-03
1.448641e-03
1.452142e-03
1.455648e-03
1.459157e-03
1.462671e-03
1.466189e-03
1.469712e-03
1.473238e-03
1.476769e-03
1.480304e-03
1.483843e-03
1.487387e-03
1.490935e-03
1.494487e-03
1.498043e-03
1.501603e-03
1.505168e-03
1.508736e-03
1.512309e-03
1.515887e-03
1.519468e-03
1.523054e-03
1.526644e-03
1.530238e-03
1.533836e-03
1.537439e-03
1.541046e-03
1.544657e-03
1.548272e-03
1.551891e-03
1.555515e-03
1.559143e-03
1.562775e-03
1.566412e-03
1.570052e-03
1.573697e-03
1.577346e-03
1.580999e-03
1.584657e-03
1.588318e-03
1.591984e-03
1.595654e-03
1.599329e-03
1.603007e-03
1.606690e-03
1.610377e-03
1.614068e-03
1.617764e-03
1.621464e-03
1.625168e-03
1.628876e-03
1.632588e-03
1.636305e-03
1.640025e-03
1.643750e-03
1.647480e-03
1.651213e-03
1.654951e-03
1.658693e-03
1.662439e-03
1.666189e-03
1.669944e-03
1.673703e-03
1.677466e-03
1.681233e-03
1.685004e-03
1.688780e-03
1.692560e-03
1.696344e-03
1.700132e-03
1.703925e-03
1.707722e-03
1.711523e-03
1.715328e-03
1.719137e-03
1.722951e-03
1.726769e-03
1.730591e-03
1.734417e-03
1.738248e-03
1.742083e-03
1.745922e-03
1.749765e-03
1.753613e-03
1.757464e-03
1.761320e-03
1.765180e-03
1.769045e-03
1.772913e-03
1.776786e-03
1.780663e-03
1.784544e-03
1.788430e-03
1.792319e-03
1.796213e-03
1.800111e-03
1.804014e-03
1.807920e-03
1.811831e-03
1.815746e-03
1.819665e-03
1.823589e-03
1.827516e-03
1.831448e-03
1.835384e-03
1.839325e-03
1.843269e-03
1.847218e-03
1.851171e-03
1.855128e-03
1.859090e-03
1.863055e-03
1.867025e-03
1.870999e-03
1.874978e-03
1.878960e-03
1.882947e-03
1.886938e-03
1.890933e-03
1.894933e-03
1.898936e-03
1.902944e-03
1.906956e-03
1.910973e-03
1.914993e-03
1.919018e-03
1.923047e-03
1.927080e-03
1.931118e-03
1.935159e-03
1.939205e-03
1.943255e-03
1.947310e-03
1.951368e-03
1.955431e-03
1.959498e-03
1.963569e-03
1.967645e-03
1.971724e-03
1.975808e-03
1.979896e-03
1.983989e-03
1.988085e-03
1.992186e-03
1.996291e-03
2.000400e-03
2.004514e-03
2.008631e-03
2.012753e-03
2.016879e-03
2.021010e-03
2.025144e-03
2.029283e-03
2.033426e-03
2.037573e-03
2.041725e-03
2.045880e-03
2.050040e-03
2.054204e-03
2.058373e-03
2.062545e-03
2.066722e-03
2.070903e-03
2.075088e-03
2.079278e-03
2.083471e-03
2.087669e-03
2.091871e-03
2.096077e-03
2.100288e-03
2.104503e-03
2.108722e-03
2.112945e-03
2.117172e-03
2.121404e-03
2.125640e-03
2.129880e-03
2.134124e-03
2.138373e-03
2.142626e-03
2.146883e-03
2.151144e-03
2.155409e-03
2.159679e-03
2.163953e-03
2.168231e-03
2.172513e-03
2.176800e-03
2.181091e-03
2.185385e-03
2.189685e-03
2.193988e-03
2.198296e-03
2.202608e-03
2.206924e-03
2.211244e-03
2.215569e-03
2.219897e-03
2.224230e-03
2.228568e-03
2.232909e-03
2.237255e-03
2.241604e-03
2.245959e-03
2.250317e-03
2.254679e-03
2.259046e-03
2.263417e-03
2.267792e-03
2.272172e-03
2.276555e-03
2.280943e-03
2.285335e-03
2.289732e-03
2.294132e-03
2.298537e-03
2.302946e-03
2.307359e-03
2.311777e-03
2.316198e-03
2.320624e-03
2.325054e-03
2.329488e-03
2.333927e-03
2.338370e-03
2.342817e-03
2.347268e-03
2.351723e-03
2.356183e-03
2.360647e-03
2.365115e-03
2.369587e-03
2.374064e-03
2.378544e-03
2.383029e-03
2.387519e-03
2.392012e-03
2.396510e-03
2.401011e-03
2.405518e-03
2.410028e-03
2.414542e-03
2.419061e-03
2.423584e-03
2.428111e-03
2.432643e-03
2.437178e-03
2.441718e-03
2.446262e-03
2.450811e-03
2.455363e-03
2.459920e-03
2.464481e-03
2.469046e-03
2.473615e-03
2.478189e-03
2.482767e-03
2.487349e-03
2.491935e-03
2.496526e-03
2.501121e-03
2.505719e-03
2.510323e-03
2.514930e-03
2.519542e-03
2.524158e-03
2.528778e-03
2.533402e-03
2.538030e-03
2.542663e-03
2.547300e-03
2.551941e-03
2.556587e-03
2.561236e-03
2.565890e-03
2.570548e-03
2.575211e-03
2.579877e-03
2.584548e-03
2.589223e-03
2.593902e-03
2.598585e-03
2.603273e-03
2.607965e-03
2.612661e-03
2.617361e-03
2.622066e-03
2.626774e-03
2.631487e-03
2.636205e-03
2.640926e-03
2.645652e-03
2.650381e-03
2.655115e-03
2.659854e-03
2.664596e-03
2.669343e-03
2.674094e-03
2.678849e-03
2.683608e-03
2.688372e-03
2.693140e-03
2.697912e-03
2.702688e-03
2.707469e-03
2.712254e-03
2.717042e-03
2.721836e-03
2.726633e-03
2.731435e-03
2.736240e-03
2.741051e-03
2.745865e-03
2.750683e-03
2.755506e-03
2.760333e-03
2.765164e-03
2.770000e-03
2.774839e-03
2.779683e-03
2.784531e-03
2.789383e-03
2.794240e-03
2.799101e-03
2.803966e-03
2.808835e-03
2.813708e-03
2.818586e-03
2.823467e-03
2.828354e-03
2.833244e-03
2.838138e-03
2.843037e-03
2.847940e-03
2.852847e-03
2.857759e-03
2.862674e-03
2.867594e-03
2.872518e-03
2.877446e-03
2.882379e-03
2.887316e-03
2.892256e-03
2.897202e-03
2.902151e-03
2.907105e-03
2.912062e-03
2.917024e-03
2.921991e-03
2.926961e-03
2.931936e-03
2.936915e-03
2.941898e-03
2.946885e-03
2.951877e-03
2.956873e-03
2.961873e-03
2.966877e-03
2.971886e-03
2.976898e-03
2.981915e-03
2.986936e-03
2.991962e-03
2.996991e-03
3.002025e-03
3.007063e-03
3.012106e-03
3.017152e-03
3.022203e-03
3.027258e-03
3.032317e-03
3.037380e-03
3.042448e-03
3.047520e-03
3.052596e-03
3.057676e-03
3.062760e-03
3.067849e-03
3.072942e-03
3.078039e-03
3.083141e-03
3.088246e-03
3.093356e-03
3.098470e-03
3.103588e-03
3.108711e-03
3.113838e-03
3.118968e-03
3.124104e-03
3.129243e-03
3.134387e-03
3.139534e-03
3.144686e-03
3.149843e-03
3.155003e-03
3.160168e-03
3.165337e-03
3.170510e-03
3.175687e-03
3.180869e-03
3.186055e-03
3.191245e-03
3.196439e-03
3.201637e-03
3.206840e-03
3.212047e-03
3.217258e-03
3.222474e-03
3.227693e-03
3.232917e-03
3.238145e-03
3.243377e-03
3.248614e-03
3.253854e-03
3.259099e-03
3.264348e-03
3.269602e-03
3.274859e-03
3.280121e-03
3.285387e-03
3.290658e-03
3.295932e-03
3.301211e-03
3.306494e-03
3.311781e-03
3.317072e-03
3.322368e-03
3.327667e-03
3.332972e-03
3.338280e-03
3.343592e-03
3.348909e-03
3.354230e-03
3.359555e-03
3.364884e-03
3.370218e-03
3.375556e-03
3.380898e-03
3.386244e-03
3.391594e-03
3.396949e-03
3.402308e-03
3.407671e-03
3.413039e-03
3.418410e-03
3.423786e-03
3.429166e-03
3.434550e-03
3.439939e-03
3.445331e-03
3.450728e-03
3.456129e-03
3.461535e-03
3.466944e-03
3.472358e-03
3.477776e-03
3.483198e-03
3.488625e-03
3.494056e-03
3.499490e-03
3.504930e-03
3.510373e-03
3.515820e-03
3.521272e-03
3.526728e-03
3.532189e-03
3.537653e-03
3.543122e-03
3.548595e-03
3.554072e-03
3.559553e-03
3.565039e-03
3.570528e-03
3.576022e-03
3.581521e-03
3.587023e-03
3.592530e-03
3.598041e-03
3.603556e-03
3.609075e-03
3.614599e-03
3.620127e-03
3.625659e-03
3.631195e-03
3.636735e-03
3.642280e-03
3.647829e-03
3.653382e-03
3.658939e-03
3.664501e-03
3.670067e-03
3.675637e-03
3.681211e-03
3.686789e-03
3.692372e-03
3.697959e-03
3.703550e-03
3.709145e-03
3.714745e-03
3.720349e-03
3.725957e-03
3.731569e-03
3.737185e-03
3.742806e-03
3.748431e-03
3.754060e-03
3.759693e-03
3.765331e-03
3.770973e-03
3.776619e-03
3.782269e-03
3.787923e-03
3.793582e-03
3.799245e-03
3.804912e-03
3.810583e-03
3.816259e-03
3.821939e-03
3.827623e-03
3.833311e-03
3.839003e-03
3.844700e-03
3.850401e-03
3.856106e-03
3.861815e-03
3.867529e-03
3.873247e-03
3.878969e-03
3.884695e-03
3.890425e-03
3.896160e-03
3.901899e-03
3.907642e-03
3.913389e-03
3.919141e-03
3.924897e-03
3.930657e-03
3.936421e-03
3.942189e-03
3.947962e-03
3.953739e-03
3.959520e-03
3.965305e-03
3.971095e-03
3.976889e-03
3.982687e-03
3.988489e-03
3.994295e-03
4.000106e-03
4.005921e-03
4.011740e-03
4.017563e-03
4.023391e-03
4.029223e-03
4.035059e-03
4.040899e-03
4.046743e-03
4.052592e-03
4.058445e-03
4.064302e-03
4.070163e-03
4.076029e-03
4.081899e-03
4.087772e-03
4.093651e-03
4.099533e-03
4.105420e-03
4.111311e-03
4.117206e-03
4.123105e-03
4.129009e-03
4.134916e-03
4.140828e-03
4.146745e-03
4.152665e-03
4.158590e-03
4.164519e-03
4.170452e-03
4.176389e-03
4.182330e-03
4.188276e-03
4.194226e-03
4.200180e-03
4.206139e-03
4.212102e-03
4.218068e-03
4.224039e-03
4.230015e-03
4.235994e-03
4.241978e-03
4.247966e-03
4.253958e-03
4.259955e-03
4.265955e-03
4.271960e-03
4.277969e-03
4.283983e-03
4.290000e-03
4.296022e-03
4.302048e-03
4.308078e-03
4.314113e-03
4.320151e-03
4.326194e-03
4.332241e-03
4.338292e-03
4.344348e-03
4.350408e-03
4.356472e-03
4.362540e-03
4.368612e-03
4.374689e-03
4.380770e-03
4.386855e-03
4.392944e-03
4.399038e-03
4.405135e-03
4.411237e-03
4.417344e-03
4.423454e-03
4.429569e-03
4.435688e-03
4.441811e-03
4.447938e-03
4.454069e-03
4.460205e-03
4.466345e-03
4.472489e-03
4.478638e-03
4.484790e-03
4.490947e-03
4.497108e-03
4.503274e-03
4.509443e-03
4.515617e-03
4.521795e-03
4.527977e-03
4.534164e-03
4.540354e-03
4.546549e-03
4.552748e-03
4.558951e-03
4.565159e-03
4.571371e-03
4.577587e-03
4.583807e-03
4.590031e-03
4.596260e-03
4.602493e-03
4.608730e-03
4.614971e-03
4.621217e-03
4.627466e-03
4.633720e-03
4.639979e-03
4.646241e-03
4.652508e-03
4.658778e-03
4.665053e-03
4.671333e-03
4.677616e-03
4.683904e-03
4.690196e-03
4.696492e-03
4.702793e-03
4.709097e-03
4.715406e-03
4.721719e-03
4.728036e-03
4.734358e-03
4.740684e-03
4.747014e-03
4.753348e-03
4.759686e-03
4.766029e-03
4.772376e-03
4.778727e-03
4.785082e-03
4.791442e-03
4.797805e-03
4.804173e-03
4.810545e-03
4.816922e-03
4.823302e-03
4.829687e-03
4.836076e-03
4.842470e-03
4.848867e-03
4.855269e-03
4.861675e-03
4.868085e-03
4.874499e-03
4.880918e-03
4.887341e-03
4.893768e-03
4.900199e-03
4.906635e-03
4.912410e-03
4.918164e-03
4.923896e-03
4.929608e-03
4.935299e-03
4.940969e-03
4.946617e-03
4.952245e-03
4.957852e-03
4.963437e-03
4.969002e-03
4.974545e-03
4.980067e-03
4.985569e-03
4.991049e-03
4.996508e-03
5.001946e-03
5.007363e-03
5.012759e-03
5.018134e-03
5.023488e-03
5.028821e-03
5.034133e-03
5.039423e-03
5.044693e-03
5.049942e-03
5.055169e-03
5.060376e-03
5.065561e-03
5.070726e-03
5.075869e-03
5.080992e-03
5.086093e-03
5.091173e-03
5.096232e-03
5.101270e-03
5.106287e-03
5.111283e-03
5.116258e-03
5.121212e-03
5.126145e-03
5.131057e-03
5.135948e-03
5.140817e-03
5.145666e-03
5.150493e-03
5.155300e-03
5.160085e-03
5.164850e-03
5.169593e-03
5.174315e-03
5.179017e-03
5.183697e-03
5.188356e-03
5.192994e-03
5.197611e-03
5.202207e-03
5.206782e-03
5.211336e-03
5.215869e-03
5.220380e-03
5.224871e-03
5.229341e-03
5.233789e-03
5.238217e-03
5.242624e-03
5.247009e-03
5.251373e-03
5.255717e-03
5.260039e-03
5.264340e-03
5.268620e-03
5.272879e-03
5.277118e-03
5.281335e-03
5.285531e-03
5.289705e-03
5.293859e-03
5.297992e-03
5.302104e-03
5.306195e-03
5.310264e-03
5.314313e-03
5.318340e-03
5.322347e-03
5.326332e-03
5.330297e-03
5.334240e-03
5.338162e-03
5.342063e-03
5.345944e-03
5.349803e-03
5.353641e-03
5.357458e-03
5.361254e-03
5.365029e-03
5.368782e-03
5.372515e-03
5.376227e-03
5.379918e-03
5.383587e-03
5.387236e-03
5.390863e-03
5.394470e-03
5.398055e-03
5.401619e-03
5.405163e-03
5.408685e-03
5.412186e-03
5.415666e-03
5.419125e-03
5.422563e-03
5.425980e-03
5.429376e-03
5.432751e-03
5.436105e-03
5.439438e-03
5.442750e-03
5.446040e-03
5.449310e-03
5.452558e-03
5.455786e-03
5.458992e-03
5.462178e-03
5.465342e-03
5.468485e-03
5.471607e-03
5.474709e-03
5.477789e-03
5.480848e-03
5.483886e-03
5.486903e-03
5.489899e-03
5.492874e-03
5.495827e-03
5.498760e-03
5.501672e-03
5.504562e-03
5.507432e-03
5.510281e-03
5.513108e-03
5.515914e-03
5.518700e-03
5.521464e-03
5.524207e-03
5.526930e-03
5.529631e-03
5.532311e-03
5.534970e-03
5.537608e-03
5.540225e-03
5.542821e-03
5.545396e-03
5.547949e-03
5.550482e-03
5.552994e-03
5.555484e-03
5.557954e-03
5.560402e-03
5.562830e-03
5.565236e-03
5.567622e-03
5.569986e-03
5.572329e-03
5.574651e-03
5.576953e-03
5.579233e-03
5.581492e-03
5.583730e-03
5.585947e-03
5.588142e-03
5.590317e-03
5.592471e-03
5.594604e-03
5.596715e-03
5.598806e-03
5.600876e-03
5.602924e-03
5.604951e-03
5.606958e-03
5.608943e-03
5.610907e-03
5.612851e-03
5.614773e-03
5.616674e-03
5.618554e-03
5.620413e-03
5.622251e-03
5.624068e-03
5.625864e-03
5.627639e-03
5.629392e-03
5.631125e-03
5.632837e-03
5.634527e-03
5.636197e-03
5.637845e-03
5.639473e-03
5.641079e-03
5.642664e-03
5.644229e-03
5.645772e-03
5.647294e-03
5.648795e-03
5.650275e-03
5.651734e-03
5.653172e-03
5.654589e-03
5.655985e-03
5.657359e-03
5.658713e-03
5.660046e-03
5.661358e-03
5.662648e-03
5.663918e-03
5.665166e-03
5.666393e-03
5.667600e-03
5.668785e-03
5.669949e-03
5.671093e-03
5.672215e-03
5.673316e-03
5.674396e-03
5.675455e-03
5.676493e-03
5.677510e-03
5.678505e-03
5.679480e-03
5.680434e-03
5.681366e-03
5.682278e-03
5.683169e-03
5.684038e-03
5.684887e-03
5.685714e-03
5.686520e-03
5.687306e-03
5.688070e-03
5.688813e-03
5.689535e-03
5.690236e-03
5.690916e-03
5.691575e-03
5.692213e-03
5.692830e-03
5.693426e-03
5.694000e-03
5.694554e-03
5.695087e-03
5.695598e-03
5.696089e-03
5.696558e-03
5.697007e-03
5.697434e-03
5.697840e-03
5.698226e-03
5.698590e-03
5.698933e-03
5.699255e-03
5.699556e-03
5.699836e-03
5.700095e-03
5.700333e-03
5.700550e-03
5.700746e-03
5.700920e-03
5.701074e-03
5.701207e-03
5.701318e-03
5.701409e-03
5.701478e-03
5.701526e-03
5.701554e-03
5.701560e-03
5.701545e-03
5.701510e-03
5.701453e-03
5.701375e-03
5.701276e-03
5.701156e-03
5.701015e-03
5.700853e-03
5.700669e-03
5.700465e-03
5.700240e-03
5.699993e-03
5.699726e-03
5.699438e-03
5.699128e-03
5.698797e-03
5.698446e-03
5.698073e-03
5.697679e-03
5.697265e-03
5.696829e-03
5.696372e-03
5.695894e-03
5.695395e-03
5.694875e-03
5.694556e-03
5.694556e-03
5.694556e-03
5.694556e-03
5.694556e-03
5.694556e-03
5.694556e-03
5.694556e-03
5.694556e-03
5.694556e-03
5.694556e-03
5.694556e-03
5.694556e-03
5.694556e-03
5.694556e-03
5.694556e-03
5.694556e-03
5.694556e-03
5.694556e-03
5.694556e-03
5.694556e-03
5.694556e-03
5.694556e-03
5.694556e-03
5.694556e-03
5.694556e-03
5.694556e-03
5.694556e-03
5.694556e-03
5.694556e-03
5.694556e-03
5.694556e-03
5.694556e-03
5.694556e-03
5.694556e-03
5.694556e-03
5.694556e-03
5.694556e-03
5.694556e-03
5.694556e-03
5.694556e-03
5.694556e-03
5.694556e-03
5.694556e-03
5.694556e-03
5.694556e-03
5.694556e-03
5.694556e-03
5.694556e-03
5.694556e-03
5.694556e-03
5.694556e-03
5.694556e-03
5.694556e-03
5.694556e-03
5.694556e-03
5.694556e-03
5.694556e-03
5.694556e-03
5.694556e-03
5.694556e-03
5.694556e-03
5.694556e-03
5.694556e-03
5.694556e-03
5.694556e-03
5.694556e-03
5.694556e-03
5.694556e-03
5.694556e-03
5.694556e-03
5.694556e-03
5.694556e-03
5.694556e-03
5.694556e-03
5.694556e-03
5.694556e-03
5.694556e-03
5.694556e-03
5.694556e-03
5.694556e-03
5.694556e-03
5.694556e-03
5.694556e-03
5.694556e-03
5.694556e-03
5.694556e-03
5.694556e-03
5.694556e-03
5.694556e-03
5.694556e-03
5.694556e-03
5.694556e-03
5.694556e-03
5.694556e-03
5.694556e-03
5.694556e-03
5.694556e-03
5.694556e-03
5.694556e-03
5.694556e-03
5.694556e-03
5.694556e-03
5.694556e-03
5.694556e-03
5.694556e-03
5.694556e-03
5.694556e-03
5.694556e-03
5.694556e-03
5.694556e-03
5.694556e-03
5.694556e-03
5.694556e-03
5.694556e-03
5.694556e-03
5.694556e-03
5.694556e-03
5.694556e-03
5.694556e-03
5.694556e-03
5.694556e-03
5.694556e-03
5.694556e-03
5.694556e-03
5.694556e-03
5.694556e-03
5.694556e-03
5.694556e-03
5.694556e-03
5.694556e-03
5.694556e-03
5.694556e-03
5.694556e-03
5.694556e-03
5.694556e-03
5.694556e-03
5.694556e-03
5.694556e-03
5.694556e-03
5.694556e-03
5.694556e-03
5.694556e-03
5.694556e-03
5.694556e-03
5.694556e-03
5.694556e-03
5.694556e-03
5.694556e-03
5.694556e-03
5.694556e-03
5.694556e-03
5.694556e-03
5.694556e-03
5.694556e-03
5.694556e-03
5.694556e-03
5.694556e-03
5.694556e-03
5.694556e-03
5.694556e-03
5.694556e-03
5.694556e-03
5.694556e-03
5.694556e-03
5.694556e-03
5.694556e-03
5.694556e-03
5.694556e-03
5.694556e-03
5.694556e-03
5.694556e-03
5.694556e-03
5.694556e-03
5.694556e-03
5.694556e-03
5.694556e-03
5.694556e-03
5.694556e-03
5.694556e-03
5.694556e-03
5.694556e-03
5.694556e-03
5.694556e-03
5.694556e-03
5.694556e-03
5.694556e-03
5.694556e-03
5.694556e-03
5.694556e-03
5.694556e-03
5.694556e-03
5.694556e-03
5.694556e-03
5.694556e-03
5.694556e-03
5.694556e-03
5.694556e-03
5.694556e-03
5.694556e-03
5.694556e-03
