0.000000e+00
1.110371e-07
2.267992e-07
3.472862e-07
4.724982e-07
6.024353e-07
7.370973e-07
8.764842e-07
1.020596e-06
1.169433e-06
1.322995e-06
1.481282e-06
1.644294e-06
1.812031e-06
1.984493e-06
2.161679e-06
2.343591e-06
2.530228e-06
2.721590e-06
2.917677e-06
3.118488e-06
3.324025e-06
3.534287e-06
3.749274e-06
3.968985e-06
4.193422e-06
4.422584e-06
4.656470e-06
4.895082e-06
5.138418e-06
5.386480e-06
5.639266e-06
5.896778e-06
6.159015e-06
6.425976e-06
6.697663e-06
6.974074e-06
7.255210e-06
7.541072e-06
7.831658e-06
8.126970e-06
8.427006e-06
8.731767e-06
9.041254e-06
9.355465e-06
9.674401e-06
9.998063e-06
1.032645e-05
1.065956e-05
1.099740e-05
1.133996e-05
1.168724e-05
1.203926e-05
1.239599e-05
1.275745e-05
1.312364e-05
1.349455e-05
1.387019e-05
1.425055e-05
1.463563e-05
1.502544e-05
1.541998e-05
1.581924e-05
1.622323e-05
1.663194e-05
1.704537e-05
1.746353e-05
1.788642e-05
1.831403e-05
1.874637e-05
1.918343e-05
1.962521e-05
2.007173e-05
2.052296e-05
2.097892e-05
2.143961e-05
2.190502e-05
2.237515e-05
2.285001e-05
2.332960e-05
2.381391e-05
2.430295e-05
2.479671e-05
2.529519e-05
2.579840e-05
2.630634e-05
2.681900e-05
2.733639e-05
2.785850e-05
2.838533e-05
2.891689e-05
2.945318e-05
2.999419e-05
3.053992e-05
3.109038e-05
3.164557e-05
3.220548e-05
3.277012e-05
3.333948e-05
3.391356e-05
3.449237e-05
3.507591e-05
3.566417e-05
3.625715e-05
3.685486e-05
3.745730e-05
3.806446e-05
3.867634e-05
3.929295e-05
3.991429e-05
4.054035e-05
4.117113e-05
4.180664e-05
4.244688e-05
4.309184e-05
4.374152e-05
4.439593e-05
4.505507e-05
4.571893e-05
4.638751e-05
4.706082e-05
4.773886e-05
4.842162e-05
4.910910e-05
4.980131e-05
5.049825e-05
5.119991e-05
5.190629e-05
5.261740e-05
5.333324e-05
5.405380e-05
5.477908e-05
5.550909e-05
5.624383e-05
5.698329e-05
5.772747e-05
5.847638e-05
5.923002e-05
5.998838e-05
6.075146e-05
6.151927e-05
6.229181e-05
6.306907e-05
6.385105e-05
6.463776e-05
6.542919e-05
6.622535e-05
6.702624e-05
6.783185e-05
6.864218e-05
6.945724e-05
7.027703e-05
7.110154e-05
7.193077e-05
7.276473e-05
7.360341e-05
7.444682e-05
7.529496e-05
7.614782e-05
7.700540e-05
7.786771e-05
7.873474e-05
7.960650e-05
8.048299e-05
8.136420e-05
8.225013e-05
8.314079e-05
8.403617e-05
8.493628e-05
8.584112e-05
8.675068e-05
8.766496e-05
8.858397e-05
8.950770e-05
9.043616e-05
9.136935e-05
9.230726e-05
9.324989e-05
9.419725e-05
9.514933e-05
9.610614e-05
9.706768e-05
9.803393e-05
9.900492e-05
9.998063e-05
1.009611e-04
1.019462e-04
1.029361e-04
1.039307e-04
1.049300e-04
1.059341e-04
1.069429e-04
1.079564e-04
1.089746e-04
1.099976e-04
1.110253e-04
1.120577e-04
1.130948e-04
1.141367e-04
1.151833e-04
1.162346e-04
1.172906e-04
1.183514e-04
1.194168e-04
1.204871e-04
1.215620e-04
1.226416e-04
1.237260e-04
1.248151e-04
1.259090e-04
1.270075e-04
1.281108e-04
1.292188e-04
1.303316e-04
1.314490e-04
1.325712e-04
1.336981e-04
1.348297e-04
1.359661e-04
1.371072e-04
1.382530e-04
1.394035e-04
1.405588e-04
1.417188e-04
1.428835e-04
1.440529e-04
1.452271e-04
1.464059e-04
1.475896e-04
1.487779e-04
1.499709e-04
1.511687e-04
1.523712e-04
1.535785e-04
1.547904e-04
1.560071e-04
1.572285e-04
1.584546e-04
1.596855e-04
1.609211e-04
1.621614e-04
1.634064e-04
1.646562e-04
1.659107e-04
1.671699e-04
1.684338e-04
1.697025e-04
1.709759e-04
1.722540e-04
1.735368e-04
1.748243e-04
1.761166e-04
1.774136e-04
1.787154e-04
1.800218e-04
1.813330e-04
1.826489e-04
1.839696e-04
1.852949e-04
1.866250e-04
1.879598e-04
1.892993e-04
1.906436e-04
1.919926e-04
1.933463e-04
1.947047e-04
1.960679e-04
1.974358e-04
1.988084e-04
2.001857e-04
2.015677e-04
2.029545e-04
2.043460e-04
2.057423e-04
2.071432e-04
2.085489e-04
2.099593e-04
2.113745e-04
2.127943e-04
2.142189e-04
2.156482e-04
2.170822e-04
2.185210e-04
2.199645e-04
2.214127e-04
2.228656e-04
2.243233e-04
2.257856e-04
2.272528e-04
2.287246e-04
2.302011e-04
2.316824e-04
2.331684e-04
2.346592e-04
2.361546e-04
2.376548e-04
2.391597e-04
2.406693e-04
2.421837e-04
2.437028e-04
2.452266e-04
2.467551e-04
2.482884e-04
2.498264e-04
2.513691e-04
2.529165e-04
2.544687e-04
2.560255e-04
2.575871e-04
2.591535e-04
2.607245e-04
2.623003e-04
2.638808e-04
2.654660e-04
2.670560e-04
2.686507e-04
2.702501e-04
2.718542e-04
2.734631e-04
2.750767e-04
2.766950e-04
2.783180e-04
2.799458e-04
2.815782e-04
2.832154e-04
2.848574e-04
2.865040e-04
2.881554e-04
2.898115e-04
2.914724e-04
2.931379e-04
2.948082e-04
2.964832e-04
2.981629e-04
2.998474e-04
3.015366e-04
3.032305e-04
3.049291e-04
3.066325e-04
3.083405e-04
3.100533e-04
3.117709e-04
3.134931e-04
3.152201e-04
3.169518e-04
3.186883e-04
3.204294e-04
3.221753e-04
3.239259e-04
3.256812e-04
3.274413e-04
3.292061e-04
3.309756e-04
3.327498e-04
3.345288e-04
3.363124e-04
3.381008e-04
3.398940e-04
3.416918e-04
3.434944e-04
3.453017e-04
3.471137e-04
3.489305e-04
3.507520e-04
3.525782e-04
3.544091e-04
3.562448e-04
3.580852e-04
3.599303e-04
3.617801e-04
3.636346e-04
3.654939e-04
3.673579e-04
3.692267e-04
3.711001e-04
3.729783e-04
3.748612e-04
3.767488e-04
3.786412e-04
3.805383e-04
3.824401e-04
3.843466e-04
3.862579e-04
3.881738e-04
3.900945e-04
3.920200e-04
3.939501e-04
3.958850e-04
3.978246e-04
3.997689e-04
4.017180e-04
4.036718e-04
4.056303e-04
4.075935e-04
4.095615e-04
4.115342e-04
4.135116e-04
4.154937e-04
4.174805e-04
4.194721e-04
4.214684e-04
4.234695e-04
4.254752e-04
4.274857e-04
4.295009e-04
4.315208e-04
4.335455e-04
4.355749e-04
4.376090e-04
4.396478e-04
4.416914e-04
4.437396e-04
4.457926e-04
4.478504e-04
4.499128e-04
4.519800e-04
4.540519e-04
4.561285e-04
4.582099e-04
4.602960e-04
4.623868e-04
4.644823e-04
4.665826e-04
4.686875e-04
4.707972e-04
4.729117e-04
4.750308e-04
4.771547e-04
4.792833e-04
4.814166e-04
4.835547e-04
4.856975e-04
4.878450e-04
4.899972e-04
4.921542e-04
4.943158e-04
4.964823e-04
4.986534e-04
5.008292e-04
5.030098e-04
5.051951e-04
5.073851e-04
5.095799e-04
5.117794e-04
5.139836e-04
5.161925e-04
5.184062e-04
5.206245e-04
5.228477e-04
5.250755e-04
5.273080e-04
5.295453e-04
5.317873e-04
5.340340e-04
5.362855e-04
5.385417e-04
5.408026e-04
5.430682e-04
5.453386e-04
5.476136e-04
5.498935e-04
5.521780e-04
5.544672e-04
5.567612e-04
5.590599e-04
5.613633e-04
5.636715e-04
5.659844e-04
5.683020e-04
5.706243e-04
5.729514e-04
5.752831e-04
5.776196e-04
5.799609e-04
5.823068e-04
5.846575e-04
5.870129e-04
5.893730e-04
5.917379e-04
5.941075e-04
5.964818e-04
5.988608e-04
6.012446e-04
6.036330e-04
6.060262e-04
6.084242e-04
6.108268e-04
6.132342e-04
6.156463e-04
6.180631e-04
6.204847e-04
6.229110e-04
6.253420e-04
6.277777e-04
6.302182e-04
6.326633e-04
6.351132e-04
6.375679e-04
6.400272e-04
6.424913e-04
6.449601e-04
6.474336e-04
6.499119e-04
6.523949e-04
6.548826e-04
6.573750e-04
6.598721e-04
6.623740e-04
6.648806e-04
6.673920e-04
6.699080e-04
6.724288e-04
6.749543e-04
6.774845e-04
6.800195e-04
6.825591e-04
6.851035e-04
6.876527e-04
6.902065e-04
6.927651e-04
6.953284e-04
6.978964e-04
7.004692e-04
7.030467e-04
7.056289e-04
7.082158e-04
7.108075e-04
7.134038e-04
7.160049e-04
7.186108e-04
7.212213e-04
7.238366e-04
7.264566e-04
7.290813e-04
7.317108e-04
7.343450e-04
7.369839e-04
7.396275e-04
7.422758e-04
7.449289e-04
7.475867e-04
7.502492e-04
7.529165e-04
7.555885e-04
7.582652e-04
7.609466e-04
7.636328e-04
7.663236e-04
7.690192e-04
7.717196e-04
7.744246e-04
7.771344e-04
7.798489e-04
7.825681e-04
7.852921e-04
7.880208e-04
7.907542e-04
7.934923e-04
7.962351e-04
7.989827e-04
8.017350e-04
8.044920e-04
8.072538e-04
8.100203e-04
8.127915e-04
8.155674e-04
8.183481e-04
8.211334e-04
8.239235e-04
8.267184e-04
8.295179e-04
8.323222e-04
8.351312e-04
8.379449e-04
8.407634e-04
8.435865e-04
8.464144e-04
8.492471e-04
8.520844e-04
8.549265e-04
8.577733e-04
8.606248e-04
8.634811e-04
8.663421e-04
8.692078e-04
8.720782e-04
8.749533e-04
8.778332e-04
8.807178e-04
8.836071e-04
8.865012e-04
8.894000e-04
8.923035e-04
8.952117e-04
8.981247e-04
9.010423e-04
9.039647e-04
9.068919e-04
9.098237e-04
9.127603e-04
9.157016e-04
9.186476e-04
9.215984e-04
9.245538e-04
9.275140e-04
9.304790e-04
9.334486e-04
9.364230e-04
9.394021e-04
9.423859e-04
9.453745e-04
9.483678e-04
9.513658e-04
9.543685e-04
9.573759e-04
9.603881e-04
9.634050e-04
9.664266e-04
9.694530e-04
9.724841e-04
9.755199e-04
9.785604e-04
9.816056e-04
9.846556e-04
9.877103e-04
9.907697e-04
9.938339e-04
9.969028e-04
9.999764e-04
1.003055e-03
1.006138e-03
1.009226e-03
1.012318e-03
1.015415e-03
1.018517e-03
1.021624e-03
1.024735e-03
1.027851e-03
1.030972e-03
1.034098e-03
1.037228e-03
1.040363e-03
1.043503e-03
1.046647e-03
1.049797e-03
1.052951e-03
1.056109e-03
1.059273e-03
1.062441e-03
1.065613e-03
1.068791e-03
1.071973e-03
1.075160e-03
1.078352e-03
1.081548e-03
1.084750e-03
1.087956e-03
1.091166e-03
1.094382e-03
1.097602e-03
1.100826e-03
1.104056e-03
1.107290e-03
1.110529e-03
1.113773e-03
1.117021e-03
1.120274e-03
1.123532e-03
1.126795e-03
1.130062e-03
1.133334e-03
1.136611e-03
1.139893e-03
1.143179e-03
1.146470e-03
1.149765e-03
1.153066e-03
1.156371e-03
1.159681e-03
1.162995e-03
1.166315e-03
1.169639e-03
1.172967e-03
1.176301e-03
1.179639e-03
1.182982e-03
1.186330e-03
1.189682e-03
1.193039e-03
1.196401e-03
1.199768e-03
1.203139e-03
1.206515e-03
1.209896e-03
1.213281e-03
1.216671e-03
1.220066e-03
1.223466e-03
1.226870e-03
1.230279e-03
1.233693e-03
1.237111e-03
1.240535e-03
1.243963e-03
1.247395e-03
1.250833e-03
1.254275e-03
1.257722e-03
1.261173e-03
1.264630e-03
1.268091e-03
1.271557e-03
1.275027e-03
1.278502e-03
1.281982e-03
1.285467e-03
1.288956e-03
1.292450e-03
1.295949e-03
1.299453e-03
1.302961e-03
1.306474e-03
1.309992e-03
1.313514e-03
1.317042e-03
1.320574e-03
1.324110e-03
1.327652e-03
1.331198e-03
1.334748e-03
1.338304e-03
1.341864e-03
1.345429e-03
1.348999e-03
1.352573e-03
1.356153e-03
1.359737e-03
1.363325e-03
1.366919e-03
1.370517e-03
1.374119e-03
1.377727e-03
1.381339e-03
1.384956e-03
1.388578e-03
1.392204e-03
1.395835e-03
1.399471e-03
1.403112e-03
1.406757e-03
1.410407e-03
1.414062e-03
1.417722e-03
1.421386e-03
1.425055e-03
1.428728e-03
1.432407e-03
1.436090e-03
1.439778e-03
1.443470e-03
1.447168e-03
1.450870e-03
1.454576e-03
1.458288e-03
1.462004e-03
1.465725e-03
1.469451e-03
1.473181e-03
1.476916e-03
1.480656e-03
1.484400e-03
1.488150e-03
1.491904e-03
1.495662e-03
1.499426e-03
1.503194e-03
1.506967e-03
1.510745e-03
1.514527e-03
1.518314e-03
1.522106e-03
1.525902e-03
1.529704e-03
1.533510e-03
1.537320e-03
1.541136e-03
1.544956e-03
1.548781e-03
1.552610e-03
1.556445e-03
1.560284e-03
1.564127e-03
1.567976e-03
1.571829e-03
1.575687e-03
1.579550e-03
1.583417e-03
1.587289e-03
1.591166e-03
1.595048e-03
1.598934e-03
1.602825e-03
1.606721e-03
1.610621e-03
1.614526e-03
1.618436e-03
1.622351e-03
1.626270e-03
1.630195e-03
1.634123e-03
1.638057e-03
1.641995e-03
1.645938e-03
1.649886e-03
1.653838e-03
1.657796e-03
1.661757e-03
1.665724e-03
1.669695e-03
1.673671e-03
1.677652e-03
1.681638e-03
1.685628e-03
1.689623e-03
1.693623e-03
1.697627e-03
1.701636e-03
1.705650e-03
1.709669e-03
1.713692e-03
1.717720e-03
1.721753e-03
1.725790e-03
1.729833e-03
1.733880e-03
1.737931e-03
1.741988e-03
1.746049e-03
1.750115e-03
1.754185e-03
1.758260e-03
1.762340e-03
1.766425e-03
1.770515e-03
1.774609e-03
1.778708e-03
1.782811e-03
1.786920e-03
1.791033e-03
1.795151e-03
1.799273e-03
1.803401e-03
1.807533e-03
1.811669e-03
1.815811e-03
1.819957e-03
1.824108e-03
1.828263e-03
1.832424e-03
1.836589e-03
1.840759e-03
1.844933e-03
1.849112e-03
1.853296e-03
1.857485e-03
1.861679e-03
1.865877e-03
1.870080e-03
1.874287e-03
1.878499e-03
1.882716e-03
1.886938e-03
1.891165e-03
1.895396e-03
1.899632e-03
1.903873e-03
1.908118e-03
1.912368e-03
1.916623e-03
1.920883e-03
1.925147e-03
1.929416e-03
1.933690e-03
1.937968e-03
1.942251e-03
1.946539e-03
1.950832e-03
1.955129e-03
1.959431e-03
1.963738e-03
1.968050e-03
1.972366e-03
1.976687e-03
1.981013e-03
1.985343e-03
1.989678e-03
1.994018e-03
1.998363e-03
2.002712e-03
2.007066e-03
2.011425e-03
2.015789e-03
2.020157e-03
2.024530e-03
2.028907e-03
2.033290e-03
2.037677e-03
2.042069e-03
2.046465e-03
2.050867e-03
2.055273e-03
2.059684e-03
2.064099e-03
2.068519e-03
2.072944e-03
2.077374e-03
2.081808e-03
2.086247e-03
2.090691e-03
2.095140e-03
2.099593e-03
2.104051e-03
2.108514e-03
2.112981e-03
2.117454e-03
2.121931e-03
2.126412e-03
2.130899e-03
2.135390e-03
2.139885e-03
2.144386e-03
2.148891e-03
2.153401e-03
2.157916e-03
2.162435e-03
2.166960e-03
2.171489e-03
2.176022e-03
2.180560e-03
2.185104e-03
2.189651e-03
2.194204e-03
2.198761e-03
2.203323e-03
2.207890e-03
2.212461e-03
2.217037e-03
2.221618e-03
2.226204e-03
2.230794e-03
2.235389e-03
2.239989e-03
2.244593e-03
2.249203e-03
2.253817e-03
2.258435e-03
2.263059e-03
2.267687e-03
2.272320e-03
2.276957e-03
2.281600e-03
2.286247e-03
2.290898e-03
2.295555e-03
2.300216e-03
2.304882e-03
2.309552e-03
2.314228e-03
2.318908e-03
2.323593e-03
2.328282e-03
2.332977e-03
2.337676e-03
2.342379e-03
2.347088e-03
2.351801e-03
2.356519e-03
2.361241e-03
2.365969e-03
2.370701e-03
2.375438e-03
2.380179e-03
2.384925e-03
2.389676e-03
2.394432e-03
2.399193e-03
2.403958e-03
2.408728e-03
2.413502e-03
2.418281e-03
2.423065e-03
2.427854e-03
2.432648e-03
2.437446e-03
2.442249e-03
2.447057e-03
2.451869e-03
2.456686e-03
2.461508e-03
2.466335e-03
2.471166e-03
2.476002e-03
2.480843e-03
2.485688e-03
2.490538e-03
2.495393e-03
2.500253e-03
2.505117e-03
2.509986e-03
2.514860e-03
2.519739e-03
2.524622e-03
2.529510e-03
2.534403e-03
2.539300e-03
2.544202e-03
2.549109e-03
2.554021e-03
2.558937e-03
2.563858e-03
2.568784e-03
2.573714e-03
2.578650e-03
2.583590e-03
2.588534e-03
2.593484e-03
2.598438e-03
2.603397e-03
2.608360e-03
2.613329e-03
2.618302e-03
2.623280e-03
2.628262e-03
2.633249e-03
2.638241e-03
2.643238e-03
2.648239e-03
2.653245e-03
2.658256e-03
2.663272e-03
2.668292e-03
2.673317e-03
2.678347e-03
2.683381e-03
2.688420e-03
2.693464e-03
2.698513e-03
2.703566e-03
2.708625e-03
2.713687e-03
2.718755e-03
2.723827e-03
2.728904e-03
2.733986e-03
2.739072e-03
2.744163e-03
2.749259e-03
2.754360e-03
2.759465e-03
2.764575e-03
2.769690e-03
2.774810e-03
2.779934e-03
2.785063e-03
2.790197e-03
2.795335e-03
2.800478e-03
2.805626e-03
2.810779e-03
2.815936e-03
2.821098e-03
2.826265e-03
2.831436e-03
2.836612e-03
2.841793e-03
2.846979e-03
2.852169e-03
2.857365e-03
2.862564e-03
2.867769e-03
2.872978e-03
2.878192e-03
2.883411e-03
2.888635e-03
2.893863e-03
2.899096e-03
2.904333e-03
2.909576e-03
2.914823e-03
2.920075e-03
2.925331e-03
2.930592e-03
2.935858e-03
2.941129e-03
2.946405e-03
2.951685e-03
2.956970e-03
2.962259e-03
2.967554e-03
2.972853e-03
2.978156e-03
2.983465e-03
2.988778e-03
2.994096e-03
2.999419e-03
3.004746e-03
3.010078e-03
3.015415e-03
3.020757e-03
3.026103e-03
3.031454e-03
3.036810e-03
3.042170e-03
3.047536e-03
3.052906e-03
3.058280e-03
3.063660e-03
3.069044e-03
3.074433e-03
3.079826e-03
3.085225e-03
3.090628e-03
3.096035e-03
3.101448e-03
3.106865e-03
3.112287e-03
3.117713e-03
3.123145e-03
3.128581e-03
3.134022e-03
3.139467e-03
3.144918e-03
3.150373e-03
3.155832e-03
3.161297e-03
3.166766e-03
3.172240e-03
3.177718e-03
3.183202e-03
3.188690e-03
3.194183e-03
3.199680e-03
3.205182e-03
3.210689e-03
3.216201e-03
3.221717e-03
3.227239e-03
3.232764e-03
3.238295e-03
3.243830e-03
3.249370e-03
3.254915e-03
3.260465e-03
3.266019e-03
3.271578e-03
3.277141e-03
3.282710e-03
3.288283e-03
3.293861e-03
3.299443e-03
3.305031e-03
3.310623e-03
3.316219e-03
3.321821e-03
3.327427e-03
3.333038e-03
3.338654e-03
3.344274e-03
3.349899e-03
3.355529e-03
3.361163e-03
3.366803e-03
3.372447e-03
3.378095e-03
3.383749e-03
3.389407e-03
3.395070e-03
3.400738e-03
3.406410e-03
3.412087e-03
3.417769e-03
3.423455e-03
3.429147e-03
3.434842e-03
3.440543e-03
3.446249e-03
3.451959e-03
3.457674e-03
3.463393e-03
3.469118e-03
3.474847e-03
3.480580e-03
3.486319e-03
3.492062e-03
3.497810e-03
3.503563e-03
3.509320e-03
3.515082e-03
3.520849e-03
3.526621e-03
3.532397e-03
3.538178e-03
3.543964e-03
3.549754e-03
3.555549e-03
3.561349e-03
3.567154e-03
3.572963e-03
3.578777e-03
3.584596e-03
3.590420e-03
3.596248e-03
3.602081e-03
3.607919e-03
3.613761e-03
3.619608e-03
3.625460e-03
3.631317e-03
3.637178e-03
3.643044e-03
3.648915e-03
3.654790e-03
3.660671e-03
3.666556e-03
3.672445e-03
3.678340e-03
3.684239e-03
3.690143e-03
3.696051e-03
3.701965e-03
3.707883e-03
3.713805e-03
3.719733e-03
3.725665e-03
3.731602e-03
3.737544e-03
3.743490e-03
3.749441e-03
3.755397e-03
3.761358e-03
3.767323e-03
3.773293e-03
3.779268e-03
3.785247e-03
3.791231e-03
3.797220e-03
3.803214e-03
3.809212e-03
3.815215e-03
3.821223e-03
3.827236e-03
3.833253e-03
3.839275e-03
3.845302e-03
3.851333e-03
3.857369e-03
3.863410e-03
3.869456e-03
3.875506e-03
3.881561e-03
3.887621e-03
3.893686e-03
3.899755e-03
3.905829e-03
3.911907e-03
3.917991e-03
3.924079e-03
3.930172e-03
3.936269e-03
3.942372e-03
3.948479e-03
3.954591e-03
3.960707e-03
3.966828e-03
3.972954e-03
3.979085e-03
3.985220e-03
3.991360e-03
3.997505e-03
4.003655e-03
4.009809e-03
4.015968e-03
4.022132e-03
4.028300e-03
4.034473e-03
4.040651e-03
4.046834e-03
4.053021e-03
4.059213e-03
4.065410e-03
4.071612e-03
4.077818e-03
4.084029e-03
4.090245e-03
4.096465e-03
4.102690e-03
4.108920e-03
4.115155e-03
4.121394e-03
4.127638e-03
4.133887e-03
4.140141e-03
4.146399e-03
4.152662e-03
4.158930e-03
4.165202e-03
4.171479e-03
4.177761e-03
4.184048e-03
4.190339e-03
4.196635e-03
4.202936e-03
4.209241e-03
4.215551e-03
4.221866e-03
4.228186e-03
4.234510e-03
4.240839e-03
4.247173e-03
4.253512e-03
4.259855e-03
4.266203e-03
4.272556e-03
4.278913e-03
4.285276e-03
4.291642e-03
4.298014e-03
4.304390e-03
4.310772e-03
4.317157e-03
4.323548e-03
4.329943e-03
4.336343e-03
4.342748e-03
4.349157e-03
4.355571e-03
4.361990e-03
4.368414e-03
4.374842e-03
4.381275e-03
4.387713e-03
4.394156e-03
4.400603e-03
4.407055e-03
4.413512e-03
4.419973e-03
4.426439e-03
4.432910e-03
4.439386e-03
4.445866e-03
4.452351e-03
4.458841e-03
4.465335e-03
4.471834e-03
4.478338e-03
4.484847e-03
4.491360e-03
4.497878e-03
4.504401e-03
4.510929e-03
4.517461e-03
4.523998e-03
4.530540e-03
4.537086e-03
4.543638e-03
4.550193e-03
4.556754e-03
4.563319e-03
4.569890e-03
4.576464e-03
4.583044e-03
4.589628e-03
4.596217e-03
4.602811e-03
4.609409e-03
4.616012e-03
4.622620e-03
4.629233e-03
4.635850e-03
4.642472e-03
4.649099e-03
4.655731e-03
4.662367e-03
4.669008e-03
4.675654e-03
4.682304e-03
4.688959e-03
4.695619e-03
4.702284e-03
4.708953e-03
4.715627e-03
4.722306e-03
4.728989e-03
4.735677e-03
4.742370e-03
4.749068e-03
4.755770e-03
4.762477e-03
4.769189e-03
4.775906e-03
4.782627e-03
4.789353e-03
4.796084e-03
4.802819e-03
4.809560e-03
4.816304e-03
4.823054e-03
4.829808e-03
4.836568e-03
4.843331e-03
4.850100e-03
4.856873e-03
4.863651e-03
4.870434e-03
4.877221e-03
4.884013e-03
4.890810e-03
4.897612e-03
4.904418e-03
4.911229e-03
4.918045e-03
4.924866e-03
4.931691e-03
4.938521e-03
4.945356e-03
4.952195e-03
4.959039e-03
4.965888e-03
4.972742e-03
4.979600e-03
4.986463e-03
4.993331e-03
5.000203e-03
5.007080e-03
5.013962e-03
5.020849e-03
5.027740e-03
5.034636e-03
5.041537e-03
5.048443e-03
5.055353e-03
5.062268e-03
5.069188e-03
5.076112e-03
5.083042e-03
5.089975e-03
5.096914e-03
5.103857e-03
5.110806e-03
5.117758e-03
5.124716e-03
5.131678e-03
5.138645e-03
5.145617e-03
5.152593e-03
5.159574e-03
5.166560e-03
5.173551e-03
5.180546e-03
5.187546e-03
5.194551e-03
5.201561e-03
5.208575e-03
5.215594e-03
5.222618e-03
5.229646e-03
5.236679e-03
5.243717e-03
5.250760e-03
5.257807e-03
5.264859e-03
5.271916e-03
5.278977e-03
5.286043e-03
5.293114e-03
5.300190e-03
5.307270e-03
5.314355e-03
5.321445e-03
5.328540e-03
5.335639e-03
5.342743e-03
5.349852e-03
5.356965e-03
5.364084e-03
5.371206e-03
5.378334e-03
5.385466e-03
5.392604e-03
5.399745e-03
5.406892e-03
5.414043e-03
5.421199e-03
5.428360e-03
5.435525e-03
5.442695e-03
5.449870e-03
5.457050e-03
5.464234e-03
5.471423e-03
5.477952e-03
5.484458e-03
5.490940e-03
5.497398e-03
5.503833e-03
5.510244e-03
5.516632e-03
5.522996e-03
5.529336e-03
5.535653e-03
5.541947e-03
5.548217e-03
5.554463e-03
5.560686e-03
5.566885e-03
5.573060e-03
5.579213e-03
5.585341e-03
5.591446e-03
5.597527e-03
5.603585e-03
5.609619e-03
5.615630e-03
5.621617e-03
5.627581e-03
5.633521e-03
5.639437e-03
5.645330e-03
5.651199e-03
5.657045e-03
5.662867e-03
5.668666e-03
5.674441e-03
5.680192e-03
5.685920e-03
5.691625e-03
5.697305e-03
5.702963e-03
5.708596e-03
5.714206e-03
5.719793e-03
5.725356e-03
5.730895e-03
5.736411e-03
5.741904e-03
5.747372e-03
5.752817e-03
5.758239e-03
5.763637e-03
5.769012e-03
5.774363e-03
5.779690e-03
5.784994e-03
5.790274e-03
5.795531e-03
5.800764e-03
5.805973e-03
5.811159e-03
5.816322e-03
5.821461e-03
5.826576e-03
5.831668e-03
5.836736e-03
5.841781e-03
5.846802e-03
5.851799e-03
5.856773e-03
5.861723e-03
5.866650e-03
5.871553e-03
5.876433e-03
5.881289e-03
5.886122e-03
5.890931e-03
5.895716e-03
5.900478e-03
5.905217e-03
5.909931e-03
5.914622e-03
5.919290e-03
5.923934e-03
5.928555e-03
5.933152e-03
5.937725e-03
5.942275e-03
5.946801e-03
5.951304e-03
5.955783e-03
5.960238e-03
5.964670e-03
5.969079e-03
5.973464e-03
5.977825e-03
5.982163e-03
5.986477e-03
5.990768e-03
5.995035e-03
5.999278e-03
6.003498e-03
6.007695e-03
6.011868e-03
6.016017e-03
6.020142e-03
6.024245e-03
6.028323e-03
6.032378e-03
6.036410e-03
6.040418e-03
6.044402e-03
6.048363e-03
6.052300e-03
6.056214e-03
6.060104e-03
6.063970e-03
6.067813e-03
6.071632e-03
6.075428e-03
6.079201e-03
6.082949e-03
6.086674e-03
6.090376e-03
6.094054e-03
6.097708e-03
6.101339e-03
6.104947e-03
6.108530e-03
6.112091e-03
6.115627e-03
6.119140e-03
6.122630e-03
6.126096e-03
6.129538e-03
6.132957e-03
6.136352e-03
6.139724e-03
6.143072e-03
6.146397e-03
6.149698e-03
6.152975e-03
6.156229e-03
6.159460e-03
6.162666e-03
6.165850e-03
6.169009e-03
6.172145e-03
6.175258e-03
6.178347e-03
6.181412e-03
6.184454e-03
6.187472e-03
6.190467e-03
6.193438e-03
6.196386e-03
6.199310e-03
6.202210e-03
6.205087e-03
6.207941e-03
6.210770e-03
6.213577e-03
6.216359e-03
6.219118e-03
6.221854e-03
6.224566e-03
6.227254e-03
6.229919e-03
6.232560e-03
6.235178e-03
6.237772e-03
6.240343e-03
6.242890e-03
6.245413e-03
6.247913e-03
6.250390e-03
6.252843e-03
6.255272e-03
6.257677e-03
6.260060e-03
6.262418e-03
6.264753e-03
6.267065e-03
6.269352e-03
6.271617e-03
6.273857e-03
6.276075e-03
6.278268e-03
6.280438e-03
6.282585e-03
6.284708e-03
6.286807e-03
6.288883e-03
6.290935e-03
6.292964e-03
6.294969e-03
6.296950e-03
6.298908e-03
6.300843e-03
6.302754e-03
6.304641e-03
6.306505e-03
6.308345e-03
6.310161e-03
6.311955e-03
6.313724e-03
6.315470e-03
6.317192e-03
6.318891e-03
6.320566e-03
6.322218e-03
6.323846e-03
6.325451e-03
6.327032e-03
6.328589e-03
6.330123e-03
6.331633e-03
6.333120e-03
6.334583e-03
6.336023e-03
6.337439e-03
6.338831e-03
6.340200e-03
6.341546e-03
6.342868e-03
6.344166e-03
6.345440e-03
6.346692e-03
6.347919e-03
6.349123e-03
6.350304e-03
6.351460e-03
6.352594e-03
6.353704e-03
6.354790e-03
6.355852e-03
6.356891e-03
6.357907e-03
6.358899e-03
6.359867e-03
6.360812e-03
6.361733e-03
6.362631e-03
6.363505e-03
6.364356e-03
6.365183e-03
6.365986e-03
6.366766e-03
6.367522e-03
6.368255e-03
6.368964e-03
6.369650e-03
6.370312e-03
6.370950e-03
6.371565e-03
6.372157e-03
6.372725e-03
6.373269e-03
6.373790e-03
6.374287e-03
6.374760e-03
6.375210e-03
6.375637e-03
6.376040e-03
6.376419e-03
6.376775e-03
6.377107e-03
6.377416e-03
6.377701e-03
6.377962e-03
6.378200e-03
6.378415e-03
6.378605e-03
6.378773e-03
6.378916e-03
6.379036e-03
6.379133e-03
6.379206e-03
6.379255e-03
6.379281e-03
6.379284e-03
6.379262e-03
6.379218e-03
6.379149e-03
6.379057e-03
6.378942e-03
6.378803e-03
6.378640e-03
6.378454e-03
6.378244e-03
6.378011e-03
6.377754e-03
6.377474e-03
6.377170e-03
6.376842e-03
6.376491e-03
6.376117e-03
6.375718e-03
6.375297e-03
6.374851e-03
6.374382e-03
6.373890e-03
6.373374e-03
6.373056e-03
6.373056e-03
6.373056e-03
6.373056e-03
6.373056e-03
6.373056e-03
6.373056e-03
6.373056e-03
6.373056e-03
6.373056e-03
6.373056e-03
6.373056e-03
6.373056e-03
6.373056e-03
6.373056e-03
6.373056e-03
6.373056e-03
6.373056e-03
6.373056e-03
6.373056e-03
6.373056e-03
6.373056e-03
6.373056e-03
6.373056e-03
6.373056e-03
6.373056e-03
6.373056e-03
6.373056e-03
6.373056e-03
6.373056e-03
6.373056e-03
6.373056e-03
6.373056e-03
6.373056e-03
6.373056e-03
6.373056e-03
6.373056e-03
6.373056e-03
6.373056e-03
6.373056e-03
6.373056e-03
6.373056e-03
6.373056e-03
6.373056e-03
6.373056e-03
6.373056e-03
6.373056e-03
6.373056e-03
6.373056e-03
6.373056e-03
6.373056e-03
6.373056e-03
6.373056e-03
6.373056e-03
6.373056e-03
6.373056e-03
6.373056e-03
6.373056e-03
6.373056e-03
6.373056e-03
6.373056e-03
6.373056e-03
6.373056e-03
6.373056e-03
6.373056e-03
6.373056e-03
6.373056e-03
6.373056e-03
6.373056e-03
6.373056e-03
6.373056e-03
6.373056e-03
6.373056e-03
6.373056e-03
6.373056e-03
6.373056e-03
6.373056e-03
6.373056e-03
6.373056e-03
6.373056e-03
6.373056e-03
6.373056e-03
6.373056e-03
6.373056e-03
6.373056e-03
6.373056e-03
6.373056e-03
6.373056e-03
6.373056e-03
6.373056e-03
6.373056e-03
6.373056e-03
6.373056e-03
6.373056e-03
6.373056e-03
6.373056e-03
6.373056e-03
6.373056e-03
6.373056e-03
6.373056e-03
6.373056e-03
6.373056e-03
6.373056e-03
6.373056e-03
6.373056e-03
6.373056e-03
6.373056e-03
6.373056e-03
6.373056e-03
6.373056e-03
6.373056e-03
6.373056e-03
6.373056e-03
6.373056e-03
6.373056e-03
6.373056e-03
6.373056e-03
6.373056e-03
6.373056e-03
6.373056e-03
6.373056e-03
6.373056e-03
6.373056e-03
6.373056e-03
6.373056e-03
6.373056e-03
6.373056e-03
6.373056e-03
6.373056e-03
6.373056e-03
6.373056e-03
6.373056e-03
6.373056e-03
6.373056e-03
6.373056e-03
6.373056e-03
6.373056e-03
6.373056e-03
6.373056e-03
6.373056e-03
6.373056e-03
6.373056e-03
6.373056e-03
6.373056e-03
6.373056e-03
6.373056e-03
6.373056e-03
6.373056e-03
6.373056e-03
6.373056e-03
6.373056e-03
6.373056e-03
6.373056e-03
6.373056e-03
6.373056e-03
6.373056e-03
6.373056e-03
6.373056e-03
6.373056e-03
6.373056e-03
6.373056e-03
6.373056e-03
6.373056e-03
6.373056e-03
6.373056e-03
6.373056e-03
6.373056e-03
6.373056e-03
6.373056e-03
6.373056e-03
6.373056e-03
6.373056e-03
6.373056e-03
6.373056e-03
6.373056e-03
6.373056e-03
6.373056e-03
6.373056e-03
6.373056e-03
6.373056e-03
6.373056e-03
6.373056e-03
6.373056e-03
6.373056e-03
6.373056e-03
6.373056e-03
6.373056e-03
6.373056e-03
6.373056e-03
6.373056e-03
6.373056e-03
6.373056e-03
6.373056e-03
6.373056e-03
6.373056e-03
6.373056e-03
6.373056e-03
6.373056e-03
6.373056e-03
6.373056e-03
6.373056e-03
