0.000000e+00
1.110371e-07
2.268810e-07
3.475317e-07
4.729891e-07
6.032534e-07
7.383245e-07
8.782024e-07
1.022887e-06
1.172379e-06
1.326677e-06
1.485782e-06
1.649694e-06
1.818413e-06
1.991938e-06
2.170270e-06
2.353409e-06
2.541355e-06
2.734108e-06
2.931667e-06
3.134034e-06
3.341207e-06
3.553187e-06
3.769973e-06
3.991567e-06
4.217967e-06
4.449174e-06
4.685188e-06
4.926009e-06
5.171636e-06
5.422071e-06
5.677312e-06
5.937360e-06
6.202214e-06
6.471876e-06
6.746344e-06
7.025619e-06
7.309701e-06
7.598590e-06
7.892285e-06
8.190788e-06
8.494097e-06
8.802213e-06
9.115135e-06
9.432865e-06
9.755401e-06
1.008274e-05
1.041489e-05
1.075185e-05
1.109361e-05
1.144018e-05
1.179156e-05
1.214775e-05
1.250874e-05
1.287453e-05
1.324514e-05
1.362055e-05
1.400077e-05
1.438579e-05
1.477562e-05
1.517026e-05
1.556971e-05
1.597396e-05
1.638302e-05
1.679688e-05
1.721556e-05
1.763903e-05
1.806732e-05
1.850041e-05
1.893831e-05
1.938102e-05
1.982853e-05
2.028085e-05
2.073798e-05
2.119991e-05
2.166665e-05
2.213820e-05
2.261455e-05
2.309571e-05
2.358168e-05
2.407246e-05
2.456804e-05
2.506842e-05
2.557362e-05
2.608362e-05
2.659843e-05
2.711804e-05
2.764247e-05
2.817170e-05
2.870573e-05
2.924457e-05
2.978822e-05
3.033668e-05
3.088994e-05
3.144801e-05
3.201089e-05
3.257857e-05
3.315106e-05
3.372836e-05
3.431046e-05
3.489737e-05
3.548909e-05
3.608561e-05
3.668694e-05
3.729308e-05
3.790402e-05
3.851977e-05
3.914033e-05
3.976570e-05
4.039587e-05
4.103085e-05
4.167063e-05
4.231522e-05
4.296462e-05
4.361883e-05
4.427784e-05
4.494166e-05
4.561029e-05
4.628372e-05
4.696196e-05
4.764500e-05
4.833286e-05
4.902552e-05
4.972298e-05
5.042526e-05
5.113234e-05
5.184423e-05
5.256092e-05
5.328242e-05
5.400873e-05
5.473984e-05
5.547576e-05
5.621649e-05
5.696203e-05
5.771237e-05
5.846752e-05
5.922747e-05
5.999223e-05
6.076180e-05
6.153618e-05
6.231536e-05
6.309935e-05
6.388814e-05
6.468175e-05
6.548016e-05
6.628337e-05
6.709140e-05
6.790423e-05
6.872186e-05
6.954431e-05
7.037156e-05
7.120361e-05
7.204048e-05
7.288215e-05
7.372863e-05
7.457991e-05
7.543600e-05
7.629690e-05
7.716260e-05
7.803312e-05
7.890843e-05
7.978856e-05
8.067349e-05
8.156323e-05
8.245777e-05
8.335713e-05
8.426129e-05
8.517025e-05
8.608402e-05
8.700260e-05
8.792599e-05
8.885418e-05
8.978718e-05
9.072499e-05
9.166760e-05
9.261502e-05
9.356725e-05
9.452429e-05
9.548613e-05
9.645277e-05
9.742423e-05
9.840049e-05
9.938156e-05
1.003674e-04
1.013581e-04
1.023536e-04
1.033539e-04
1.043590e-04
1.053689e-04
1.063836e-04
1.074031e-04
1.084275e-04
1.094566e-04
1.104906e-04
1.115293e-04
1.125729e-04
1.136212e-04
1.146744e-04
1.157324e-04
1.167952e-04
1.178627e-04
1.189351e-04
1.200123e-04
1.210944e-04
1.221812e-04
1.232728e-04
1.243692e-04
1.254705e-04
1.265765e-04
1.276874e-04
1.288030e-04
1.299235e-04
1.310488e-04
1.321788e-04
1.333137e-04
1.344534e-04
1.355979e-04
1.367472e-04
1.379013e-04
1.390603e-04
1.402240e-04
1.413925e-04
1.425659e-04
1.437440e-04
1.449270e-04
1.461147e-04
1.473073e-04
1.485047e-04
1.497068e-04
1.509138e-04
1.521256e-04
1.533422e-04
1.545636e-04
1.557898e-04
1.570209e-04
1.582567e-04
1.594973e-04
1.607428e-04
1.619930e-04
1.632481e-04
1.645079e-04
1.657726e-04
1.670421e-04
1.683164e-04
1.695955e-04
1.708793e-04
1.721680e-04
1.734616e-04
1.747599e-04
1.760630e-04
1.773709e-04
1.786837e-04
1.800012e-04
1.813236e-04
1.826507e-04
1.839827e-04
1.853195e-04
1.866610e-04
1.880074e-04
1.893586e-04
1.907146e-04
1.920754e-04
1.934410e-04
1.948114e-04
1.961867e-04
1.975667e-04
1.989515e-04
2.003412e-04
2.017356e-04
2.031349e-04
2.045390e-04
2.059478e-04
2.073615e-04
2.087800e-04
2.102033e-04
2.116314e-04
2.130643e-04
2.145020e-04
2.159445e-04
2.173919e-04
2.188440e-04
2.203009e-04
2.217627e-04
2.232292e-04
2.247006e-04
2.261768e-04
2.276578e-04
2.291435e-04
2.306341e-04
2.321295e-04
2.336297e-04
2.351347e-04
2.366445e-04
2.381592e-04
2.396786e-04
2.412028e-04
2.427319e-04
2.442657e-04
2.458044e-04
2.473478e-04
2.488961e-04
2.504492e-04
2.520071e-04
2.535698e-04
2.551373e-04
2.567096e-04
2.582867e-04
2.598686e-04
2.614553e-04
2.630469e-04
2.646432e-04
2.662443e-04
2.678503e-04
2.694611e-04
2.710766e-04
2.726970e-04
2.743222e-04
2.759522e-04
2.775869e-04
2.792265e-04
2.808710e-04
2.825202e-04
2.841742e-04
2.858330e-04
2.874966e-04
2.891651e-04
2.908383e-04
2.925164e-04
2.941992e-04
2.958869e-04
2.975794e-04
2.992767e-04
3.009788e-04
3.026857e-04
3.043974e-04
3.061139e-04
3.078352e-04
3.095613e-04
3.112922e-04
3.130280e-04
3.147685e-04
3.165139e-04
3.182640e-04
3.200190e-04
3.217787e-04
3.235433e-04
3.253127e-04
3.270869e-04
3.288659e-04
3.306497e-04
3.324383e-04
3.342317e-04
3.360299e-04
3.378330e-04
3.396408e-04
3.414535e-04
3.432709e-04
3.450932e-04
3.469202e-04
3.487521e-04
3.505888e-04
3.524303e-04
3.542766e-04
3.561277e-04
3.579836e-04
3.598443e-04
3.617098e-04
3.635801e-04
3.654553e-04
3.673352e-04
3.692199e-04
3.711095e-04
3.730039e-04
3.749030e-04
3.768070e-04
3.787158e-04
3.806294e-04
3.825478e-04
3.844710e-04
3.863990e-04
3.883318e-04
3.902694e-04
3.922118e-04
3.941591e-04
3.961111e-04
3.980680e-04
4.000296e-04
4.019961e-04
4.039673e-04
4.059434e-04
4.079243e-04
4.099100e-04
4.119005e-04
4.138958e-04
4.158959e-04
4.179008e-04
4.199105e-04
4.219251e-04
4.239444e-04
4.259685e-04
4.279975e-04
4.300313e-04
4.320698e-04
4.341132e-04
4.361614e-04
4.382144e-04
4.402721e-04
4.423347e-04
4.444021e-04
4.464744e-04
4.485514e-04
4.506332e-04
4.527198e-04
4.548113e-04
4.569075e-04
4.590086e-04
4.611144e-04
4.632251e-04
4.653406e-04
4.674608e-04
4.695859e-04
4.717158e-04
4.738505e-04
4.759900e-04
4.781343e-04
4.802835e-04
4.824374e-04
4.845961e-04
4.867597e-04
4.889280e-04
4.911012e-04
4.932791e-04
4.954619e-04
4.976495e-04
4.998419e-04
5.020390e-04
5.042410e-04
5.064478e-04
5.086595e-04
5.108759e-04
5.130971e-04
5.153231e-04
5.175540e-04
5.197896e-04
5.220300e-04
5.242753e-04
5.265254e-04
5.287802e-04
5.310399e-04
5.333044e-04
5.355737e-04
5.378478e-04
5.401267e-04
5.424104e-04
5.446989e-04
5.469922e-04
5.492904e-04
5.515933e-04
5.539011e-04
5.562136e-04
5.585310e-04
5.608531e-04
5.631801e-04
5.655119e-04
5.678485e-04
5.701899e-04
5.725361e-04
5.748871e-04
5.772429e-04
5.796035e-04
5.819689e-04
5.843392e-04
5.867142e-04
5.890940e-04
5.914787e-04
5.938682e-04
5.962624e-04
5.986615e-04
6.010654e-04
6.034741e-04
6.058876e-04
6.083059e-04
6.107290e-04
6.131569e-04
6.155896e-04
6.180271e-04
6.204695e-04
6.229166e-04
6.253686e-04
6.278253e-04
6.302869e-04
6.327532e-04
6.352244e-04
6.377004e-04
6.401812e-04
6.426668e-04
6.451572e-04
6.476524e-04
6.501524e-04
6.526572e-04
6.551669e-04
6.576813e-04
6.602006e-04
6.627246e-04
6.652535e-04
6.677871e-04
6.703256e-04
6.728689e-04
6.754170e-04
6.779699e-04
6.805276e-04
6.830901e-04
6.856574e-04
6.882295e-04
6.908064e-04
6.933882e-04
6.959747e-04
6.985660e-04
7.011622e-04
7.037631e-04
7.063689e-04
7.089795e-04
7.115949e-04
7.142151e-04
7.168400e-04
7.194698e-04
7.221045e-04
7.247439e-04
7.273881e-04
7.300371e-04
7.326910e-04
7.353496e-04
7.380130e-04
7.406813e-04
7.433544e-04
7.460322e-04
7.487149e-04
7.514024e-04
7.540947e-04
7.567918e-04
7.594937e-04
7.622004e-04
7.649119e-04
7.676282e-04
7.703493e-04
7.730753e-04
7.758060e-04
7.785416e-04
7.812819e-04
7.840271e-04
7.867771e-04
7.895318e-04
7.922914e-04
7.950558e-04
7.978250e-04
8.005990e-04
8.033778e-04
8.061615e-04
8.089499e-04
8.117431e-04
8.145411e-04
8.173440e-04
8.201516e-04
8.229641e-04
8.257814e-04
8.286034e-04
8.314303e-04
8.342620e-04
8.370985e-04
8.399398e-04
8.427859e-04
8.456368e-04
8.484925e-04
8.513531e-04
8.542184e-04
8.570885e-04
8.599635e-04
8.628432e-04
8.657278e-04
8.686172e-04
8.715113e-04
8.744103e-04
8.773141e-04
8.802227e-04
8.831361e-04
8.860543e-04
8.889773e-04
8.919052e-04
8.948378e-04
8.977752e-04
9.007175e-04
9.036645e-04
9.066164e-04
9.095730e-04
9.125345e-04
9.155008e-04
9.184719e-04
9.214478e-04
9.244284e-04
9.274140e-04
9.304043e-04
9.333994e-04
9.363993e-04
9.394040e-04
9.424136e-04
9.454279e-04
9.484471e-04
9.514710e-04
9.544998e-04
9.575334e-04
9.605717e-04
9.636149e-04
9.666629e-04
9.697157e-04
9.727733e-04
9.758357e-04
9.789030e-04
9.819750e-04
9.850518e-04
9.881335e-04
9.912199e-04
9.943112e-04
9.974072e-04
1.000508e-03
1.003614e-03
1.006724e-03
1.009840e-03
1.012960e-03
1.016085e-03
1.019214e-03
1.022349e-03
1.025488e-03
1.028632e-03
1.031781e-03
1.034935e-03
1.038093e-03
1.041257e-03
1.044425e-03
1.047598e-03
1.050776e-03
1.053958e-03
1.057146e-03
1.060338e-03
1.063535e-03
1.066737e-03
1.069943e-03
1.073155e-03
1.076371e-03
1.079592e-03
1.082818e-03
1.086048e-03
1.089284e-03
1.092524e-03
1.095769e-03
1.099019e-03
1.102274e-03
1.105533e-03
1.108798e-03
1.112067e-03
1.115341e-03
1.118619e-03
1.121903e-03
1.125191e-03
1.128484e-03
1.131782e-03
1.135085e-03
1.138393e-03
1.141705e-03
1.145022e-03
1.148344e-03
1.151671e-03
1.155002e-03
1.158339e-03
1.161680e-03
1.165026e-03
1.168377e-03
1.171733e-03
1.175093e-03
1.178458e-03
1.181828e-03
1.185203e-03
1.188583e-03
1.191967e-03
1.195357e-03
1.198751e-03
1.202150e-03
1.205553e-03
1.208962e-03
1.212375e-03
1.215793e-03
1.219216e-03
1.222644e-03
1.226076e-03
1.229514e-03
1.232956e-03
1.236403e-03
1.239855e-03
1.243311e-03
1.246772e-03
1.250239e-03
1.253710e-03
1.257185e-03
1.260666e-03
1.264151e-03
1.267642e-03
1.271137e-03
1.274637e-03
1.278141e-03
1.281651e-03
1.285165e-03
1.288684e-03
1.292208e-03
1.295736e-03
1.299270e-03
1.302808e-03
1.306351e-03
1.309899e-03
1.313452e-03
1.317009e-03
1.320572e-03
1.324139e-03
1.327711e-03
1.331288e-03
1.334869e-03
1.338455e-03
1.342047e-03
1.345643e-03
1.349243e-03
1.352849e-03
1.356459e-03
1.360075e-03
1.363695e-03
1.367319e-03
1.370949e-03
1.374583e-03
1.378223e-03
1.381867e-03
1.385515e-03
1.389169e-03
1.392828e-03
1.396491e-03
1.400159e-03
1.403832e-03
1.407509e-03
1.411192e-03
1.414879e-03
1.418571e-03
1.422268e-03
1.425970e-03
1.429677e-03
1.433388e-03
1.437104e-03
1.440825e-03
1.444551e-03
1.448281e-03
1.452017e-03
1.455757e-03
1.459502e-03
1.463252e-03
1.467006e-03
1.470766e-03
1.474530e-03
1.478299e-03
1.482073e-03
1.485851e-03
1.489635e-03
1.493423e-03
1.497216e-03
1.501014e-03
1.504816e-03
1.508624e-03
1.512436e-03
1.516253e-03
1.520075e-03
1.523902e-03
1.527733e-03
1.531570e-03
1.535411e-03
1.539257e-03
1.543107e-03
1.546963e-03
1.550823e-03
1.554688e-03
1.558558e-03
1.562433e-03
1.566313e-03
1.570197e-03
1.574086e-03
1.577980e-03
1.581879e-03
1.585783e-03
1.589691e-03
1.593604e-03
1.597522e-03
1.601445e-03
1.605373e-03
1.609305e-03
1.613242e-03
1.617185e-03
1.621131e-03
1.625083e-03
1.629040e-03
1.633001e-03
1.636967e-03
1.640938e-03
1.644913e-03
1.648894e-03
1.652879e-03
1.656869e-03
1.660864e-03
1.664864e-03
1.668869e-03
1.672878e-03
1.676892e-03
1.680911e-03
1.684935e-03
1.688963e-03
1.692997e-03
1.697035e-03
1.701078e-03
1.705126e-03
1.709178e-03
1.713236e-03
1.717298e-03
1.721365e-03
1.725437e-03
1.729514e-03
1.733595e-03
1.737681e-03
1.741772e-03
1.745868e-03
1.749969e-03
1.754074e-03
1.758185e-03
1.762300e-03
1.766420e-03
1.770545e-03
1.774674e-03
1.778808e-03
1.782947e-03
1.787091e-03
1.791240e-03
1.795394e-03
1.799552e-03
1.803715e-03
1.807883e-03
1.812056e-03
1.816234e-03
1.820416e-03
1.824603e-03
1.828795e-03
1.832992e-03
1.837194e-03
1.841400e-03
1.845611e-03
1.849827e-03
1.854048e-03
1.858274e-03
1.862504e-03
1.866740e-03
1.870980e-03
1.875225e-03
1.879474e-03
1.883729e-03
1.887988e-03
1.892252e-03
1.896521e-03
1.900795e-03
1.905073e-03
1.909357e-03
1.913645e-03
1.917938e-03
1.922236e-03
1.926538e-03
1.930846e-03
1.935158e-03
1.939475e-03
1.943796e-03
1.948123e-03
1.952454e-03
1.956791e-03
1.961132e-03
1.965478e-03
1.969828e-03
1.974184e-03
1.978544e-03
1.982909e-03
1.987279e-03
1.991653e-03
1.996033e-03
2.000417e-03
2.004806e-03
2.009200e-03
2.013599e-03
2.018002e-03
2.022411e-03
2.026824e-03
2.031242e-03
2.035665e-03
2.040092e-03
2.044524e-03
2.048962e-03
2.053404e-03
2.057850e-03
2.062302e-03
2.066758e-03
2.071219e-03
2.075685e-03
2.080156e-03
2.084632e-03
2.089112e-03
2.093598e-03
2.098088e-03
2.102582e-03
2.107082e-03
2.111587e-03
2.116096e-03
2.120610e-03
2.125129e-03
2.129652e-03
2.134181e-03
2.138714e-03
2.143252e-03
2.147795e-03
2.152343e-03
2.156895e-03
2.161453e-03
2.166015e-03
2.170582e-03
2.175154e-03
2.179730e-03
2.184311e-03
2.188898e-03
2.193489e-03
2.198084e-03
2.202685e-03
2.207290e-03
2.211901e-03
2.216516e-03
2.221135e-03
2.225760e-03
2.230389e-03
2.235024e-03
2.239663e-03
2.244307e-03
2.248955e-03
2.253609e-03
2.258267e-03
2.262930e-03
2.267598e-03
2.272271e-03
2.276948e-03
2.281630e-03
2.286318e-03
2.291009e-03
2.295706e-03
2.300408e-03
2.305114e-03
2.309825e-03
2.314541e-03
2.319262e-03
2.323987e-03
2.328718e-03
2.333453e-03
2.338193e-03
2.342938e-03
2.347687e-03
2.352442e-03
2.357201e-03
2.361965e-03
2.366734e-03
2.371507e-03
2.376286e-03
2.381069e-03
2.385857e-03
2.390650e-03
2.395448e-03
2.400250e-03
2.405058e-03
2.409870e-03
2.414687e-03
2.419508e-03
2.424335e-03
2.429166e-03
2.434002e-03
2.438843e-03
2.443689e-03
2.448539e-03
2.453395e-03
2.458255e-03
2.463120e-03
2.467990e-03
2.472864e-03
2.477744e-03
2.482628e-03
2.487517e-03
2.492411e-03
2.497309e-03
2.502213e-03
2.507121e-03
2.512034e-03
2.516952e-03
2.521874e-03
2.526802e-03
2.531734e-03
2.536671e-03
2.541613e-03
2.546560e-03
2.551511e-03
2.556467e-03
2.561429e-03
2.566394e-03
2.571365e-03
2.576341e-03
2.581321e-03
2.586306e-03
2.591296e-03
2.596291e-03
2.601290e-03
2.606295e-03
2.611304e-03
2.616318e-03
2.621337e-03
2.626360e-03
2.631389e-03
2.636422e-03
2.641460e-03
2.646503e-03
2.651550e-03
2.656603e-03
2.661660e-03
2.666722e-03
2.671789e-03
2.676860e-03
2.681937e-03
2.687018e-03
2.692104e-03
2.697195e-03
2.702291e-03
2.707391e-03
2.712497e-03
2.717607e-03
2.722722e-03
2.727841e-03
2.732966e-03
2.738095e-03
2.743229e-03
2.748368e-03
2.753512e-03
2.758661e-03
2.763814e-03
2.768972e-03
2.774135e-03
2.779303e-03
2.784476e-03
2.789653e-03
2.794835e-03
2.800022e-03
2.805214e-03
2.810411e-03
2.815612e-03
2.820818e-03
2.826029e-03
2.831245e-03
2.836466e-03
2.841691e-03
2.846922e-03
2.852157e-03
2.857397e-03
2.862641e-03
2.867891e-03
2.873145e-03
2.878404e-03
2.883668e-03
2.888937e-03
2.894210e-03
2.899489e-03
2.904772e-03
2.910060e-03
2.915353e-03
2.920650e-03
2.925953e-03
2.931260e-03
2.936572e-03
2.941889e-03
2.947210e-03
2.952537e-03
2.957868e-03
2.963204e-03
2.968545e-03
2.973890e-03
2.979241e-03
2.984596e-03
2.989956e-03
2.995321e-03
3.000691e-03
3.006065e-03
3.011445e-03
3.016829e-03
3.022218e-03
3.027611e-03
3.033010e-03
3.038413e-03
3.043821e-03
3.049234e-03
3.054652e-03
3.060074e-03
3.065502e-03
3.070934e-03
3.076371e-03
3.081813e-03
3.087259e-03
3.092711e-03
3.098167e-03
3.103628e-03
3.109094e-03
3.114564e-03
3.120040e-03
3.125520e-03
3.131005e-03
3.136495e-03
3.141990e-03
3.147489e-03
3.152993e-03
3.158502e-03
3.164016e-03
3.169535e-03
3.175058e-03
3.180587e-03
3.186120e-03
3.191658e-03
3.197200e-03
3.202748e-03
3.208300e-03
3.213857e-03
3.219419e-03
3.224986e-03
3.230558e-03
3.236134e-03
3.241715e-03
3.247301e-03
3.252892e-03
3.258488e-03
3.264088e-03
3.269693e-03
3.275303e-03
3.280918e-03
3.286538e-03
3.292162e-03
3.297791e-03
3.303425e-03
3.309064e-03
3.314708e-03
3.320356e-03
3.326010e-03
3.331668e-03
3.337331e-03
3.342998e-03
3.348671e-03
3.354348e-03
3.360030e-03
3.365717e-03
3.371409e-03
3.377105e-03
3.382807e-03
3.388513e-03
3.394224e-03
3.399940e-03
3.405660e-03
3.411386e-03
3.417116e-03
3.422851e-03
3.428591e-03
3.434335e-03
3.440085e-03
3.445839e-03
3.451598e-03
3.457362e-03
3.463130e-03
3.468904e-03
3.474682e-03
3.480465e-03
3.486253e-03
3.492046e-03
3.497843e-03
3.503645e-03
3.509453e-03
3.515264e-03
3.521081e-03
3.526903e-03
3.532729e-03
3.538560e-03
3.544396e-03
3.550237e-03
3.556082e-03
3.561933e-03
3.567788e-03
3.573648e-03
3.579513e-03
3.585382e-03
3.591257e-03
3.597136e-03
3.603020e-03
3.608909e-03
3.614802e-03
3.620701e-03
3.626604e-03
3.632512e-03
3.638425e-03
3.644342e-03
3.650265e-03
3.656192e-03
3.662124e-03
3.668061e-03
3.674003e-03
3.679949e-03
3.685901e-03
3.691857e-03
3.697818e-03
3.703783e-03
3.709754e-03
3.715729e-03
3.721709e-03
3.727694e-03
3.733684e-03
3.739679e-03
3.745678e-03
3.751682e-03
3.757691e-03
3.763705e-03
3.769724e-03
3.775747e-03
3.781775e-03
3.787808e-03
3.793846e-03
3.799889e-03
3.805936e-03
3.811988e-03
3.818045e-03
3.824107e-03
3.830174e-03
3.836245e-03
3.842322e-03
3.848403e-03
3.854489e-03
3.860579e-03
3.866675e-03
3.872775e-03
3.878880e-03
3.884990e-03
3.891105e-03
3.897224e-03
3.903349e-03
3.909478e-03
3.915612e-03
3.921751e-03
3.927894e-03
3.934043e-03
3.940196e-03
3.946354e-03
3.952517e-03
3.958684e-03
3.964857e-03
3.971034e-03
3.977216e-03
3.983403e-03
3.989594e-03
3.995791e-03
4.001992e-03
4.008198e-03
4.014409e-03
4.020625e-03
4.026845e-03
4.033070e-03
4.039300e-03
4.045535e-03
4.051775e-03
4.058020e-03
4.064269e-03
4.070523e-03
4.076782e-03
4.083046e-03
4.089314e-03
4.095588e-03
4.101866e-03
4.108149e-03
4.114436e-03
4.120729e-03
4.127026e-03
4.133329e-03
4.139636e-03
4.145947e-03
4.152264e-03
4.158585e-03
4.164912e-03
4.171243e-03
4.177579e-03
4.183919e-03
4.190265e-03
4.196615e-03
4.202970e-03
4.209330e-03
4.215695e-03
4.222064e-03
4.228438e-03
4.234817e-03
4.241201e-03
4.247590e-03
4.253984e-03
4.260382e-03
4.266785e-03
4.273193e-03
4.279606e-03
4.286023e-03
4.292446e-03
4.298873e-03
4.305305e-03
4.311742e-03
4.318183e-03
4.324630e-03
4.331081e-03
4.337537e-03
4.343998e-03
4.350463e-03
4.356934e-03
4.363409e-03
4.369889e-03
4.376374e-03
4.382864e-03
4.389358e-03
4.395857e-03
4.402361e-03
4.408870e-03
4.415384e-03
4.421902e-03
4.428426e-03
4.434954e-03
4.441487e-03
4.448025e-03
4.454567e-03
4.461114e-03
4.467667e-03
4.474224e-03
4.480785e-03
4.487352e-03
4.493923e-03
4.500499e-03
4.507080e-03
4.513666e-03
4.520257e-03
4.526852e-03
4.533452e-03
4.540057e-03
4.546667e-03
4.553282e-03
4.559901e-03
4.566526e-03
4.573155e-03
4.579789e-03
4.586427e-03
4.593071e-03
4.599719e-03
4.606372e-03
4.613030e-03
4.619693e-03
4.626360e-03
4.633033e-03
4.639710e-03
4.646392e-03
4.653078e-03
4.659770e-03
4.666466e-03
4.673167e-03
4.679873e-03
4.686584e-03
4.693300e-03
4.700020e-03
4.706745e-03
4.713475e-03
4.720210e-03
4.726950e-03
4.733694e-03
4.740443e-03
4.747197e-03
4.753956e-03
4.760720e-03
4.767488e-03
4.774262e-03
4.781040e-03
4.787823e-03
4.794610e-03
4.801403e-03
4.808200e-03
4.815002e-03
4.821809e-03
4.828621e-03
4.835437e-03
4.842259e-03
4.849085e-03
4.855916e-03
4.862751e-03
4.869592e-03
4.876437e-03
4.883288e-03
4.890143e-03
4.897002e-03
4.903867e-03
4.910736e-03
4.917610e-03
4.924489e-03
4.931373e-03
4.938262e-03
4.945155e-03
4.952054e-03
4.958957e-03
4.965865e-03
4.972777e-03
4.979695e-03
4.986617e-03
4.993544e-03
5.000476e-03
5.007413e-03
5.014354e-03
5.021300e-03
5.028251e-03
5.035207e-03
5.042168e-03
5.049134e-03
5.056104e-03
5.063079e-03
5.070059e-03
5.077044e-03
5.084033e-03
5.091028e-03
5.098027e-03
5.105031e-03
5.112040e-03
5.119053e-03
5.126072e-03
5.133095e-03
5.140123e-03
5.147156e-03
5.154194e-03
5.161236e-03
5.168283e-03
5.175335e-03
5.182392e-03
5.189454e-03
5.196520e-03
5.203592e-03
5.210668e-03
5.217749e-03
5.224834e-03
5.231925e-03
5.239020e-03
5.246120e-03
5.253225e-03
5.260335e-03
5.267449e-03
5.274569e-03
5.281693e-03
5.288822e-03
5.295956e-03
5.303094e-03
5.310238e-03
5.317386e-03
5.324539e-03
5.331697e-03
5.338859e-03
5.346027e-03
5.353199e-03
5.360376e-03
5.367558e-03
5.374744e-03
5.381936e-03
5.389132e-03
5.396333e-03
5.403539e-03
5.410750e-03
5.417965e-03
5.425186e-03
5.432411e-03
5.439641e-03
5.446875e-03
5.454115e-03
5.461359e-03
5.468608e-03
5.475862e-03
5.483121e-03
5.490384e-03
5.497653e-03
5.504926e-03
5.512204e-03
5.519487e-03
5.526774e-03
5.534067e-03
5.541364e-03
5.548666e-03
5.555973e-03
5.563284e-03
5.569936e-03
5.576564e-03
5.583168e-03
5.589747e-03
5.596303e-03
5.602835e-03
5.609343e-03
5.615827e-03
5.622287e-03
5.628723e-03
5.635135e-03
5.641523e-03
5.647887e-03
5.654227e-03
5.660543e-03
5.666835e-03
5.673103e-03
5.679347e-03
5.685568e-03
5.691764e-03
5.697936e-03
5.704084e-03
5.710209e-03
5.716309e-03
5.722385e-03
5.728438e-03
5.734466e-03
5.740471e-03
5.746451e-03
5.752408e-03
5.758340e-03
5.764249e-03
5.770134e-03
5.775994e-03
5.781831e-03
5.787644e-03
5.793433e-03
5.799197e-03
5.804938e-03
5.810655e-03
5.816348e-03
5.822017e-03
5.827662e-03
5.833283e-03
5.838880e-03
5.844453e-03
5.850002e-03
5.855527e-03
5.861028e-03
5.866505e-03
5.871958e-03
5.877388e-03
5.882793e-03
5.888174e-03
5.893531e-03
5.898865e-03
5.904174e-03
5.909459e-03
5.914721e-03
5.919958e-03
5.925172e-03
5.930361e-03
5.935527e-03
5.940668e-03
5.945786e-03
5.950880e-03
5.955949e-03
5.960995e-03
5.966017e-03
5.971014e-03
5.975988e-03
5.980938e-03
5.985864e-03
5.990766e-03
5.995644e-03
6.000498e-03
6.005327e-03
6.010133e-03
6.014915e-03
6.019674e-03
6.024408e-03
6.029118e-03
6.033804e-03
6.038466e-03
6.043104e-03
6.047718e-03
6.052309e-03
6.056875e-03
6.061417e-03
6.065936e-03
6.070430e-03
6.074900e-03
6.079347e-03
6.083769e-03
6.088168e-03
6.092542e-03
6.096893e-03
6.101219e-03
6.105522e-03
6.109801e-03
6.114055e-03
6.118286e-03
6.122493e-03
6.126676e-03
6.130834e-03
6.134969e-03
6.139080e-03
6.143167e-03
6.147230e-03
6.151269e-03
6.155284e-03
6.159275e-03
6.163242e-03
6.167185e-03
6.171104e-03
6.174999e-03
6.178870e-03
6.182717e-03
6.186541e-03
6.190340e-03
6.194115e-03
6.197866e-03
6.201594e-03
6.205297e-03
6.208976e-03
6.212632e-03
6.216263e-03
6.219871e-03
6.223454e-03
6.227014e-03
6.230549e-03
6.234061e-03
6.237549e-03
6.241012e-03
6.244452e-03
6.247868e-03
6.251259e-03
6.254627e-03
6.257971e-03
6.261291e-03
6.264587e-03
6.267859e-03
6.271107e-03
6.274330e-03
6.277530e-03
6.280706e-03
6.283859e-03
6.286987e-03
6.290091e-03
6.293171e-03
6.296227e-03
6.299259e-03
6.302267e-03
6.305252e-03
6.308212e-03
6.311148e-03
6.314061e-03
6.316949e-03
6.319813e-03
6.322654e-03
6.325470e-03
6.328263e-03
6.331031e-03
6.333776e-03
6.336496e-03
6.339193e-03
6.341866e-03
6.344514e-03
6.347139e-03
6.349740e-03
6.352317e-03
6.354869e-03
6.357398e-03
6.359903e-03
6.362384e-03
6.364841e-03
6.367274e-03
6.369683e-03
6.372068e-03
6.374429e-03
6.376766e-03
6.379079e-03
6.381368e-03
6.383633e-03
6.385874e-03
6.388092e-03
6.390285e-03
6.392454e-03
6.394599e-03
6.396721e-03
6.398818e-03
6.400892e-03
6.402941e-03
6.404966e-03
6.406968e-03
6.408945e-03
6.410899e-03
6.412828e-03
6.414734e-03
6.416616e-03
6.418473e-03
6.420307e-03
6.422117e-03
6.423903e-03
6.425664e-03
6.427402e-03
6.429116e-03
6.430806e-03
6.432472e-03
6.434114e-03
6.435732e-03
6.437326e-03
6.438896e-03
6.440442e-03
6.441964e-03
6.443462e-03
6.444936e-03
6.446386e-03
6.447812e-03
6.449215e-03
6.450593e-03
6.451947e-03
6.453277e-03
6.454584e-03
6.455866e-03
6.457125e-03
6.458359e-03
6.459569e-03
6.460756e-03
6.461918e-03
6.463057e-03
6.464172e-03
6.465262e-03
6.466329e-03
6.467372e-03
6.468390e-03
6.469385e-03
6.470356e-03
6.471303e-03
6.472225e-03
6.473124e-03
6.473999e-03
6.474850e-03
6.475677e-03
6.476480e-03
6.477259e-03
6.478014e-03
6.478745e-03
6.479452e-03
6.480135e-03
6.480794e-03
6.481430e-03
6.482041e-03
6.482628e-03
6.483191e-03
6.483731e-03
6.484246e-03
6.484737e-03
6.485205e-03
6.485648e-03
6.486068e-03
6.486463e-03
6.486835e-03
6.487182e-03
6.487506e-03
6.487805e-03
6.488081e-03
6.488333e-03
6.488560e-03
6.488764e-03
6.488944e-03
6.489100e-03
6.489231e-03
6.489339e-03
6.489423e-03
6.489483e-03
6.489519e-03
6.489531e-03
6.489519e-03
6.489483e-03
6.489423e-03
6.489339e-03
6.489231e-03
6.489099e-03
6.488943e-03
6.488764e-03
6.488560e-03
6.488332e-03
6.488080e-03
6.487805e-03
6.487505e-03
6.487181e-03
6.486834e-03
6.486462e-03
6.486067e-03
6.485647e-03
6.485204e-03
6.484736e-03
6.484245e-03
6.483729e-03
6.483412e-03
6.483412e-03
6.483412e-03
6.483412e-03
6.483412e-03
6.483412e-03
6.483412e-03
6.483412e-03
6.483412e-03
6.483412e-03
6.483412e-03
6.483412e-03
6.483412e-03
6.483412e-03
6.483412e-03
6.483412e-03
6.483412e-03
6.483412e-03
6.483412e-03
6.483412e-03
6.483412e-03
6.483412e-03
6.483412e-03
6.483412e-03
6.483412e-03
6.483412e-03
6.483412e-03
6.483412e-03
6.483412e-03
6.483412e-03
6.483412e-03
6.483412e-03
6.483412e-03
6.483412e-03
6.483412e-03
6.483412e-03
6.483412e-03
6.483412e-03
6.483412e-03
6.483412e-03
6.483412e-03
6.483412e-03
6.483412e-03
6.483412e-03
6.483412e-03
6.483412e-03
6.483412e-03
6.483412e-03
6.483412e-03
6.483412e-03
6.483412e-03
6.483412e-03
6.483412e-03
6.483412e-03
6.483412e-03
6.483412e-03
6.483412e-03
6.483412e-03
6.483412e-03
6.483412e-03
6.483412e-03
6.483412e-03
6.483412e-03
6.483412e-03
6.483412e-03
6.483412e-03
6.483412e-03
6.483412e-03
6.483412e-03
6.483412e-03
6.483412e-03
6.483412e-03
6.483412e-03
6.483412e-03
6.483412e-03
6.483412e-03
6.483412e-03
6.483412e-03
6.483412e-03
6.483412e-03
6.483412e-03
6.483412e-03
6.483412e-03
6.483412e-03
6.483412e-03
6.483412e-03
6.483412e-03
6.483412e-03
6.483412e-03
6.483412e-03
6.483412e-03
6.483412e-03
6.483412e-03
6.483412e-03
6.483412e-03
6.483412e-03
6.483412e-03
6.483412e-03
6.483412e-03
6.483412e-03
6.483412e-03
6.483412e-03
6.483412e-03
6.483412e-03
6.483412e-03
6.483412e-03
6.483412e-03
6.483412e-03
6.483412e-03
6.483412e-03
6.483412e-03
6.483412e-03
6.483412e-03
6.483412e-03
6.483412e-03
6.483412e-03
6.483412e-03
6.483412e-03
6.483412e-03
6.483412e-03
6.483412e-03
6.483412e-03
6.483412e-03
6.483412e-03
6.483412e-03
6.483412e-03
6.483412e-03
6.483412e-03
6.483412e-03
6.483412e-03
6.483412e-03
6.483412e-03
6.483412e-03
6.483412e-03
6.483412e-03
6.483412e-03
6.483412e-03
6.483412e-03
6.483412e-03
6.483412e-03
6.483412e-03
6.483412e-03
6.483412e-03
6.483412e-03
6.483412e-03
6.483412e-03
6.483412e-03
6.483412e-03
6.483412e-03
6.483412e-03
6.483412e-03
6.483412e-03
6.483412e-03
6.483412e-03
6.483412e-03
6.483412e-03
6.483412e-03
6.483412e-03
6.483412e-03
6.483412e-03
6.483412e-03
6.483412e-03
6.483412e-03
6.483412e-03
6.483412e-03
6.483412e-03
6.483412e-03
6.483412e-03
6.483412e-03
6.483412e-03
6.483412e-03
6.483412e-03
6.483412e-03
6.483412e-03
6.483412e-03
6.483412e-03
6.483412e-03
6.483412e-03
6.483412e-03
6.483412e-03
6.483412e-03
6.483412e-03
6.483412e-03
6.483412e-03
6.483412e-03
6.483412e-03
6.483412e-03
6.483412e-03
6.483412e-03
6.483412e-03
6.483412e-03
6.483412e-03
6.483412e-03
6.483412e-03
6.483412e-03
6.483412e-03
6.483412e-03
6.483412e-03
6.483412e-03
6.483412e-03
6.483412e-03
