0.000000e+00
1.110371e-07
2.268193e-07
3.473468e-07
4.726194e-07
6.026372e-07
7.374001e-07
8.769083e-07
1.021162e-06
1.170160e-06
1.323904e-06
1.482393e-06
1.645627e-06
1.813606e-06
1.986330e-06
2.163800e-06
2.346014e-06
2.532974e-06
2.724679e-06
2.921130e-06
3.122325e-06
3.328265e-06
3.538951e-06
3.754382e-06
3.974558e-06
4.199480e-06
4.429146e-06
4.663558e-06
4.902714e-06
5.146616e-06
5.395264e-06
5.648656e-06
5.906793e-06
6.169676e-06
6.437304e-06
6.709677e-06
6.986795e-06
7.268659e-06
7.555267e-06
7.846621e-06
8.142720e-06
8.443564e-06
8.749153e-06
9.059487e-06
9.374567e-06
9.694392e-06
1.001896e-05
1.034828e-05
1.068234e-05
1.102114e-05
1.136469e-05
1.171299e-05
1.206603e-05
1.242382e-05
1.278635e-05
1.315362e-05
1.352565e-05
1.390241e-05
1.428392e-05
1.467018e-05
1.506118e-05
1.545693e-05
1.585742e-05
1.626266e-05
1.667265e-05
1.708737e-05
1.750685e-05
1.793107e-05
1.836003e-05
1.879374e-05
1.923219e-05
1.967539e-05
2.012334e-05
2.057603e-05
2.103346e-05
2.149564e-05
2.196257e-05
2.243424e-05
2.291065e-05
2.339181e-05
2.387772e-05
2.436837e-05
2.486377e-05
2.536391e-05
2.586879e-05
2.637843e-05
2.689280e-05
2.741192e-05
2.793579e-05
2.846440e-05
2.899776e-05
2.953586e-05
3.007871e-05
3.062631e-05
3.117864e-05
3.173573e-05
3.229756e-05
3.286413e-05
3.343545e-05
3.401151e-05
3.459232e-05
3.517788e-05
3.576818e-05
3.636322e-05
3.696301e-05
3.756755e-05
3.817683e-05
3.879085e-05
3.940962e-05
4.003314e-05
4.066140e-05
4.129441e-05
4.193216e-05
4.257466e-05
4.322190e-05
4.387388e-05
4.453062e-05
4.519209e-05
4.585832e-05
4.652928e-05
4.720500e-05
4.788546e-05
4.857066e-05
4.926061e-05
4.995530e-05
5.065474e-05
5.135892e-05
5.206785e-05
5.278153e-05
5.349995e-05
5.422311e-05
5.495102e-05
5.568368e-05
5.642108e-05
5.716322e-05
5.791011e-05
5.866175e-05
5.941813e-05
6.017925e-05
6.094512e-05
6.171574e-05
6.249110e-05
6.327121e-05
6.405606e-05
6.484566e-05
6.564000e-05
6.643909e-05
6.724292e-05
6.805150e-05
6.886482e-05
6.968289e-05
7.050570e-05
7.133326e-05
7.216556e-05
7.300261e-05
7.384441e-05
7.469095e-05
7.554223e-05
7.639826e-05
7.725904e-05
7.812456e-05
7.899482e-05
7.986983e-05
8.074959e-05
8.163409e-05
8.252333e-05
8.341732e-05
8.431606e-05
8.521954e-05
8.612777e-05
8.704074e-05
8.795846e-05
8.888092e-05
8.980812e-05
9.074008e-05
9.167677e-05
9.261822e-05
9.356440e-05
9.451534e-05
9.547102e-05
9.643144e-05
9.739661e-05
9.836652e-05
9.934118e-05
1.003206e-04
1.013047e-04
1.022936e-04
1.032873e-04
1.042857e-04
1.052888e-04
1.062967e-04
1.073093e-04
1.083266e-04
1.093488e-04
1.103756e-04
1.114072e-04
1.124436e-04
1.134846e-04
1.145305e-04
1.155811e-04
1.166364e-04
1.176965e-04
1.187613e-04
1.198308e-04
1.209052e-04
1.219842e-04
1.230680e-04
1.241565e-04
1.252498e-04
1.263479e-04
1.274506e-04
1.285582e-04
1.296704e-04
1.307875e-04
1.319092e-04
1.330357e-04
1.341670e-04
1.353030e-04
1.364437e-04
1.375892e-04
1.387394e-04
1.398944e-04
1.410541e-04
1.422186e-04
1.433878e-04
1.445617e-04
1.457404e-04
1.469239e-04
1.481121e-04
1.493050e-04
1.505027e-04
1.517051e-04
1.529123e-04
1.541242e-04
1.553409e-04
1.565623e-04
1.577884e-04
1.590193e-04
1.602550e-04
1.614954e-04
1.627405e-04
1.639904e-04
1.652450e-04
1.665044e-04
1.677685e-04
1.690374e-04
1.703110e-04
1.715893e-04
1.728724e-04
1.741602e-04
1.754528e-04
1.767502e-04
1.780522e-04
1.793591e-04
1.806706e-04
1.819869e-04
1.833080e-04
1.846338e-04
1.859643e-04
1.872996e-04
1.886397e-04
1.899845e-04
1.913340e-04
1.926883e-04
1.940473e-04
1.954110e-04
1.967795e-04
1.981528e-04
1.995308e-04
2.009135e-04
2.023010e-04
2.036933e-04
2.050902e-04
2.064920e-04
2.078984e-04
2.093097e-04
2.107256e-04
2.121463e-04
2.135718e-04
2.150020e-04
2.164369e-04
2.178766e-04
2.193210e-04
2.207702e-04
2.222241e-04
2.236828e-04
2.251462e-04
2.266144e-04
2.280873e-04
2.295649e-04
2.310473e-04
2.325344e-04
2.340263e-04
2.355229e-04
2.370243e-04
2.385304e-04
2.400413e-04
2.415569e-04
2.430773e-04
2.446024e-04
2.461322e-04
2.476668e-04
2.492061e-04
2.507502e-04
2.522990e-04
2.538526e-04
2.554109e-04
2.569740e-04
2.585418e-04
2.601143e-04
2.616916e-04
2.632737e-04
2.648605e-04
2.664520e-04
2.680483e-04
2.696493e-04
2.712551e-04
2.728656e-04
2.744808e-04
2.761008e-04
2.777256e-04
2.793551e-04
2.809893e-04
2.826283e-04
2.842720e-04
2.859205e-04
2.875737e-04
2.892317e-04
2.908944e-04
2.925618e-04
2.942340e-04
2.959110e-04
2.975927e-04
2.992791e-04
3.009703e-04
3.026662e-04
3.043669e-04
3.060723e-04
3.077825e-04
3.094974e-04
3.112170e-04
3.129414e-04
3.146706e-04
3.164044e-04
3.181431e-04
3.198865e-04
3.216346e-04
3.233874e-04
3.251451e-04
3.269074e-04
3.286745e-04
3.304464e-04
3.322230e-04
3.340043e-04
3.357904e-04
3.375812e-04
3.393768e-04
3.411771e-04
3.429822e-04
3.447920e-04
3.466065e-04
3.484258e-04
3.502499e-04
3.520787e-04
3.539122e-04
3.557505e-04
3.575935e-04
3.594413e-04
3.612938e-04
3.631511e-04
3.650131e-04
3.668798e-04
3.687513e-04
3.706276e-04
3.725085e-04
3.743943e-04
3.762848e-04
3.781800e-04
3.800799e-04
3.819847e-04
3.838941e-04
3.858083e-04
3.877273e-04
3.896510e-04
3.915794e-04
3.935126e-04
3.954505e-04
3.973932e-04
3.993406e-04
4.012928e-04
4.032497e-04
4.052113e-04
4.071777e-04
4.091489e-04
4.111248e-04
4.131054e-04
4.150908e-04
4.170809e-04
4.190758e-04
4.210754e-04
4.230798e-04
4.250889e-04
4.271027e-04
4.291213e-04
4.311447e-04
4.331728e-04
4.352056e-04
4.372432e-04
4.392855e-04
4.413326e-04
4.433844e-04
4.454409e-04
4.475022e-04
4.495683e-04
4.516391e-04
4.537146e-04
4.557949e-04
4.578799e-04
4.599697e-04
4.620642e-04
4.641635e-04
4.662675e-04
4.683763e-04
4.704898e-04
4.726080e-04
4.747310e-04
4.768587e-04
4.789912e-04
4.811284e-04
4.832704e-04
4.854171e-04
4.875686e-04
4.897248e-04
4.918858e-04
4.940514e-04
4.962219e-04
4.983971e-04
5.005770e-04
5.027617e-04
5.049511e-04
5.071453e-04
5.093442e-04
5.115479e-04
5.137563e-04
5.159694e-04
5.181873e-04
5.204099e-04
5.226373e-04
5.248695e-04
5.271063e-04
5.293480e-04
5.315943e-04
5.338454e-04
5.361013e-04
5.383619e-04
5.406272e-04
5.428973e-04
5.451722e-04
5.474517e-04
5.497361e-04
5.520251e-04
5.543190e-04
5.566175e-04
5.589208e-04
5.612289e-04
5.635417e-04
5.658592e-04
5.681815e-04
5.705085e-04
5.728403e-04
5.751769e-04
5.775181e-04
5.798641e-04
5.822149e-04
5.845704e-04
5.869307e-04
5.892956e-04
5.916654e-04
5.940399e-04
5.964191e-04
5.988031e-04
6.011918e-04
6.035853e-04
6.059835e-04
6.083864e-04
6.107941e-04
6.132066e-04
6.156238e-04
6.180457e-04
6.204724e-04
6.229038e-04
6.253400e-04
6.277809e-04
6.302266e-04
6.326770e-04
6.351321e-04
6.375920e-04
6.400567e-04
6.425261e-04
6.450002e-04
6.474791e-04
6.499627e-04
6.524511e-04
6.549442e-04
6.574420e-04
6.599447e-04
6.624520e-04
6.649641e-04
6.674809e-04
6.700025e-04
6.725289e-04
6.750599e-04
6.775958e-04
6.801363e-04
6.826816e-04
6.852317e-04
6.877865e-04
6.903460e-04
6.929103e-04
6.954794e-04
6.980531e-04
7.006317e-04
7.032150e-04
7.058030e-04
7.083957e-04
7.109932e-04
7.135955e-04
7.162025e-04
7.188142e-04
7.214307e-04
7.240520e-04
7.266779e-04
7.293087e-04
7.319441e-04
7.345844e-04
7.372293e-04
7.398790e-04
7.425335e-04
7.451927e-04
7.478566e-04
7.505253e-04
7.531987e-04
7.558769e-04
7.585598e-04
7.612475e-04
7.639399e-04
7.666371e-04
7.693390e-04
7.720456e-04
7.747570e-04
7.774731e-04
7.801940e-04
7.829196e-04
7.856500e-04
7.883851e-04
7.911250e-04
7.938696e-04
7.966190e-04
7.993731e-04
8.021319e-04
8.048955e-04
8.076638e-04
8.104369e-04
8.132147e-04
8.159973e-04
8.187846e-04
8.215767e-04
8.243735e-04
8.271750e-04
8.299813e-04
8.327924e-04
8.356082e-04
8.384287e-04
8.412540e-04
8.440840e-04
8.469188e-04
8.497583e-04
8.526025e-04
8.554515e-04
8.583053e-04
8.611638e-04
8.640270e-04
8.668950e-04
8.697677e-04
8.726452e-04
8.755274e-04
8.784144e-04
8.813061e-04
8.842026e-04
8.871038e-04
8.900097e-04
8.929204e-04
8.958358e-04
8.987560e-04
9.016809e-04
9.046106e-04
9.075450e-04
9.104842e-04
9.134281e-04
9.163767e-04
9.193301e-04
9.222883e-04
9.252512e-04
9.282188e-04
9.311912e-04
9.341683e-04
9.371502e-04
9.401368e-04
9.431281e-04
9.461242e-04
9.491251e-04
9.521307e-04
9.551410e-04
9.581561e-04
9.611759e-04
9.642005e-04
9.672298e-04
9.702639e-04
9.733027e-04
9.763463e-04
9.793946e-04
9.824476e-04
9.855054e-04
9.885679e-04
9.916352e-04
9.947072e-04
9.977840e-04
1.000866e-03
1.003952e-03
1.007043e-03
1.010139e-03
1.013239e-03
1.016344e-03
1.019454e-03
1.022569e-03
1.025688e-03
1.028813e-03
1.031942e-03
1.035075e-03
1.038214e-03
1.041357e-03
1.044505e-03
1.047658e-03
1.050815e-03
1.053977e-03
1.057144e-03
1.060316e-03
1.063492e-03
1.066673e-03
1.069859e-03
1.073050e-03
1.076245e-03
1.079446e-03
1.082651e-03
1.085860e-03
1.089075e-03
1.092294e-03
1.095518e-03
1.098746e-03
1.101979e-03
1.105218e-03
1.108460e-03
1.111708e-03
1.114960e-03
1.118217e-03
1.121479e-03
1.124746e-03
1.128017e-03
1.131293e-03
1.134574e-03
1.137860e-03
1.141150e-03
1.144445e-03
1.147745e-03
1.151049e-03
1.154359e-03
1.157673e-03
1.160991e-03
1.164315e-03
1.167643e-03
1.170976e-03
1.174314e-03
1.177656e-03
1.181004e-03
1.184356e-03
1.187712e-03
1.191074e-03
1.194440e-03
1.197811e-03
1.201187e-03
1.204567e-03
1.207953e-03
1.211342e-03
1.214737e-03
1.218137e-03
1.221541e-03
1.224950e-03
1.228363e-03
1.231782e-03
1.235205e-03
1.238633e-03
1.242066e-03
1.245503e-03
1.248945e-03
1.252392e-03
1.255844e-03
1.259300e-03
1.262761e-03
1.266227e-03
1.269698e-03
1.273173e-03
1.276653e-03
1.280138e-03
1.283628e-03
1.287122e-03
1.290621e-03
1.294125e-03
1.297633e-03
1.301147e-03
1.304665e-03
1.308188e-03
1.311715e-03
1.315248e-03
1.318785e-03
1.322326e-03
1.325873e-03
1.329424e-03
1.332980e-03
1.336541e-03
1.340107e-03
1.343677e-03
1.347252e-03
1.350832e-03
1.354416e-03
1.358005e-03
1.361599e-03
1.365198e-03
1.368802e-03
1.372410e-03
1.376023e-03
1.379641e-03
1.383263e-03
1.386890e-03
1.390522e-03
1.394159e-03
1.397800e-03
1.401447e-03
1.405097e-03
1.408753e-03
1.412414e-03
1.416079e-03
1.419749e-03
1.423423e-03
1.427103e-03
1.430787e-03
1.434476e-03
1.438169e-03
1.441868e-03
1.445571e-03
1.449279e-03
1.452991e-03
1.456709e-03
1.460431e-03
1.464158e-03
1.467889e-03
1.471626e-03
1.475367e-03
1.479113e-03
1.482863e-03
1.486619e-03
1.490379e-03
1.494144e-03
1.497913e-03
1.501687e-03
1.505466e-03
1.509250e-03
1.513039e-03
1.516832e-03
1.520630e-03
1.524433e-03
1.528240e-03
1.532053e-03
1.535870e-03
1.539691e-03
1.543518e-03
1.547349e-03
1.551185e-03
1.555026e-03
1.558871e-03
1.562722e-03
1.566577e-03
1.570436e-03
1.574301e-03
1.578170e-03
1.582044e-03
1.585923e-03
1.589806e-03
1.593694e-03
1.597587e-03
1.601485e-03
1.605387e-03
1.609295e-03
1.613207e-03
1.617123e-03
1.621045e-03
1.624971e-03
1.628902e-03
1.632837e-03
1.636778e-03
1.640723e-03
1.644673e-03
1.648627e-03
1.652587e-03
1.656551e-03
1.660520e-03
1.664493e-03
1.668472e-03
1.672455e-03
1.676443e-03
1.680435e-03
1.684433e-03
1.688435e-03
1.692442e-03
1.696453e-03
1.700469e-03
1.704490e-03
1.708516e-03
1.712547e-03
1.716582e-03
1.720622e-03
1.724667e-03
1.728716e-03
1.732771e-03
1.736830e-03
1.740894e-03
1.744962e-03
1.749035e-03
1.753113e-03
1.757196e-03
1.761284e-03
1.765376e-03
1.769473e-03
1.773575e-03
1.777681e-03
1.781792e-03
1.785908e-03
1.790029e-03
1.794154e-03
1.798285e-03
1.802419e-03
1.806559e-03
1.810704e-03
1.814853e-03
1.819007e-03
1.823165e-03
1.827329e-03
1.831497e-03
1.835670e-03
1.839848e-03
1.844030e-03
1.848217e-03
1.852409e-03
1.856606e-03
1.860807e-03
1.865013e-03
1.869224e-03
1.873440e-03
1.877660e-03
1.881885e-03
1.886115e-03
1.890349e-03
1.894589e-03
1.898833e-03
1.903082e-03
1.907335e-03
1.911594e-03
1.915857e-03
1.920124e-03
1.924397e-03
1.928674e-03
1.932956e-03
1.937243e-03
1.941535e-03
1.945831e-03
1.950132e-03
1.954438e-03
1.958748e-03
1.963064e-03
1.967384e-03
1.971708e-03
1.976038e-03
1.980372e-03
1.984711e-03
1.989055e-03
1.993403e-03
1.997756e-03
2.002114e-03
2.006477e-03
2.010845e-03
2.015217e-03
2.019594e-03
2.023975e-03
2.028362e-03
2.032753e-03
2.037149e-03
2.041550e-03
2.045955e-03
2.050365e-03
2.054780e-03
2.059200e-03
2.063624e-03
2.068053e-03
2.072487e-03
2.076926e-03
2.081369e-03
2.085817e-03
2.090270e-03
2.094728e-03
2.099190e-03
2.103657e-03
2.108129e-03
2.112606e-03
2.117087e-03
2.121573e-03
2.126064e-03
2.130560e-03
2.135060e-03
2.139565e-03
2.144075e-03
2.148589e-03
2.153109e-03
2.157633e-03
2.162162e-03
2.166695e-03
2.171233e-03
2.175776e-03
2.180324e-03
2.184877e-03
2.189434e-03
2.193996e-03
2.198563e-03
2.203134e-03
2.207711e-03
2.212292e-03
2.216877e-03
2.221468e-03
2.226063e-03
2.230663e-03
2.235268e-03
2.239877e-03
2.244491e-03
2.249110e-03
2.253734e-03
2.258362e-03
2.262996e-03
2.267634e-03
2.272276e-03
2.276924e-03
2.281576e-03
2.286233e-03
2.290894e-03
2.295561e-03
2.300232e-03
2.304908e-03
2.309588e-03
2.314274e-03
2.318964e-03
2.323659e-03
2.328358e-03
2.333063e-03
2.337772e-03
2.342486e-03
2.347204e-03
2.351928e-03
2.356656e-03
2.361389e-03
2.366126e-03
2.370869e-03
2.375616e-03
2.380368e-03
2.385124e-03
2.389885e-03
2.394651e-03
2.399422e-03
2.404198e-03
2.408978e-03
2.413763e-03
2.418553e-03
2.423347e-03
2.428147e-03
2.432951e-03
2.437759e-03
2.442573e-03
2.447391e-03
2.452214e-03
2.457042e-03
2.461874e-03
2.466712e-03
2.471554e-03
2.476400e-03
2.481252e-03
2.486108e-03
2.490969e-03
2.495835e-03
2.500705e-03
2.505580e-03
2.510460e-03
2.515345e-03
2.520234e-03
2.525129e-03
2.530027e-03
2.534931e-03
2.539840e-03
2.544753e-03
2.549671e-03
2.554593e-03
2.559521e-03
2.564453e-03
2.569390e-03
2.574331e-03
2.579278e-03
2.584229e-03
2.589185e-03
2.594145e-03
2.599111e-03
2.604081e-03
2.609056e-03
2.614035e-03
2.619019e-03
2.624008e-03
2.629002e-03
2.634001e-03
2.639004e-03
2.644012e-03
2.649025e-03
2.654043e-03
2.659065e-03
2.664092e-03
2.669124e-03
2.674160e-03
2.679202e-03
2.684248e-03
2.689298e-03
2.694354e-03
2.699414e-03
2.704479e-03
2.709549e-03
2.714623e-03
2.719703e-03
2.724787e-03
2.729875e-03
2.734969e-03
2.740067e-03
2.745170e-03
2.750278e-03
2.755390e-03
2.760507e-03
2.765629e-03
2.770756e-03
2.775887e-03
2.781023e-03
2.786164e-03
2.791310e-03
2.796460e-03
2.801616e-03
2.806776e-03
2.811940e-03
2.817110e-03
2.822284e-03
2.827463e-03
2.832646e-03
2.837835e-03
2.843028e-03
2.848226e-03
2.853428e-03
2.858636e-03
2.863848e-03
2.869064e-03
2.874286e-03
2.879512e-03
2.884744e-03
2.889979e-03
2.895220e-03
2.900465e-03
2.905715e-03
2.910970e-03
2.916230e-03
2.921494e-03
2.926763e-03
2.932037e-03
2.937315e-03
2.942599e-03
2.947887e-03
2.953179e-03
2.958477e-03
2.963779e-03
2.969086e-03
2.974398e-03
2.979714e-03
2.985036e-03
2.990362e-03
2.995692e-03
3.001028e-03
3.006368e-03
3.011713e-03
3.017063e-03
3.022417e-03
3.027776e-03
3.033140e-03
3.038509e-03
3.043882e-03
3.049261e-03
3.054644e-03
3.060031e-03
3.065424e-03
3.070821e-03
3.076223e-03
3.081629e-03
3.087041e-03
3.092457e-03
3.097878e-03
3.103303e-03
3.108734e-03
3.114169e-03
3.119609e-03
3.125053e-03
3.130503e-03
3.135957e-03
3.141416e-03
3.146879e-03
3.152348e-03
3.157821e-03
3.163299e-03
3.168781e-03
3.174268e-03
3.179761e-03
3.185257e-03
3.190759e-03
3.196265e-03
3.201776e-03
3.207292e-03
3.212813e-03
3.218338e-03
3.223868e-03
3.229403e-03
3.234942e-03
3.240486e-03
3.246035e-03
3.251589e-03
3.257148e-03
3.262711e-03
3.268279e-03
3.273852e-03
3.279429e-03
3.285011e-03
3.290598e-03
3.296190e-03
3.301786e-03
3.307388e-03
3.312994e-03
3.318604e-03
3.324220e-03
3.329840e-03
3.335465e-03
3.341095e-03
3.346729e-03
3.352368e-03
3.358012e-03
3.363661e-03
3.369314e-03
3.374972e-03
3.380635e-03
3.386303e-03
3.391975e-03
3.397652e-03
3.403334e-03
3.409021e-03
3.414712e-03
3.420408e-03
3.426109e-03
3.431815e-03
3.437525e-03
3.443240e-03
3.448960e-03
3.454685e-03
3.460414e-03
3.466148e-03
3.471887e-03
3.477630e-03
3.483379e-03
3.489132e-03
3.494889e-03
3.500652e-03
3.506419e-03
3.512191e-03
3.517968e-03
3.523750e-03
3.529536e-03
3.535327e-03
3.541123e-03
3.546923e-03
3.552728e-03
3.558538e-03
3.564353e-03
3.570173e-03
3.575997e-03
3.581826e-03
3.587660e-03
3.593498e-03
3.599341e-03
3.605189e-03
3.611042e-03
3.616899e-03
3.622761e-03
3.628628e-03
3.634500e-03
3.640377e-03
3.646258e-03
3.652144e-03
3.658034e-03
3.663930e-03
3.669830e-03
3.675735e-03
3.681644e-03
3.687559e-03
3.693478e-03
3.699402e-03
3.705330e-03
3.711264e-03
3.717202e-03
3.723145e-03
3.729092e-03
3.735045e-03
3.741002e-03
3.746964e-03
3.752930e-03
3.758901e-03
3.764878e-03
3.770858e-03
3.776844e-03
3.782834e-03
3.788829e-03
3.794829e-03
3.800834e-03
3.806843e-03
3.812857e-03
3.818876e-03
3.824899e-03
3.830928e-03
3.836961e-03
3.842998e-03
3.849041e-03
3.855088e-03
3.861140e-03
3.867197e-03
3.873258e-03
3.879325e-03
3.885395e-03
3.891471e-03
3.897552e-03
3.903637e-03
3.909727e-03
3.915822e-03
3.921921e-03
3.928025e-03
3.934134e-03
3.940248e-03
3.946366e-03
3.952489e-03
3.958617e-03
3.964750e-03
3.970887e-03
3.977030e-03
3.983176e-03
3.989328e-03
3.995484e-03
4.001646e-03
4.007812e-03
4.013982e-03
4.020158e-03
4.026338e-03
4.032522e-03
4.038712e-03
4.044906e-03
4.051106e-03
4.057309e-03
4.063518e-03
4.069731e-03
4.075949e-03
4.082172e-03
4.088400e-03
4.094632e-03
4.100869e-03
4.107111e-03
4.113357e-03
4.119609e-03
4.125865e-03
4.132126e-03
4.138391e-03
4.144661e-03
4.150936e-03
4.157216e-03
4.163501e-03
4.169790e-03
4.176084e-03
4.182383e-03
4.188686e-03
4.194994e-03
4.201307e-03
4.207625e-03
4.213948e-03
4.220275e-03
4.226607e-03
4.232943e-03
4.239285e-03
4.245631e-03
4.251982e-03
4.258338e-03
4.264698e-03
4.271063e-03
4.277433e-03
4.283808e-03
4.290187e-03
4.296572e-03
4.302960e-03
4.309354e-03
4.315752e-03
4.322156e-03
4.328563e-03
4.334976e-03
4.341393e-03
4.347816e-03
4.354242e-03
4.360674e-03
4.367110e-03
4.373552e-03
4.379997e-03
4.386448e-03
4.392903e-03
4.399363e-03
4.405828e-03
4.412298e-03
4.418772e-03
4.425251e-03
4.431735e-03
4.438224e-03
4.444717e-03
4.451215e-03
4.457718e-03
4.464225e-03
4.470737e-03
4.477254e-03
4.483776e-03
4.490303e-03
4.496834e-03
4.503370e-03
4.509911e-03
4.516456e-03
4.523007e-03
4.529561e-03
4.536121e-03
4.542686e-03
4.549255e-03
4.555829e-03
4.562408e-03
4.568991e-03
4.575579e-03
4.582172e-03
4.588770e-03
4.595372e-03
4.601979e-03
4.608591e-03
4.615208e-03
4.621830e-03
4.628456e-03
4.635087e-03
4.641722e-03
4.648363e-03
4.655008e-03
4.661658e-03
4.668312e-03
4.674972e-03
4.681636e-03
4.688305e-03
4.694978e-03
4.701657e-03
4.708340e-03
4.715028e-03
4.721720e-03
4.728418e-03
4.735120e-03
4.741826e-03
4.748538e-03
4.755254e-03
4.761975e-03
4.768701e-03
4.775432e-03
4.782167e-03
4.788907e-03
4.795652e-03
4.802401e-03
4.809156e-03
4.815915e-03
4.822679e-03
4.829447e-03
4.836220e-03
4.842998e-03
4.849781e-03
4.856569e-03
4.863361e-03
4.870158e-03
4.876960e-03
4.883766e-03
4.890577e-03
4.897393e-03
4.904214e-03
4.911039e-03
4.917870e-03
4.924705e-03
4.931544e-03
4.938389e-03
4.945238e-03
4.952092e-03
4.958950e-03
4.965814e-03
4.972682e-03
4.979555e-03
4.986433e-03
4.993315e-03
5.000202e-03
5.007094e-03
5.013991e-03
5.020892e-03
5.027798e-03
5.034709e-03
5.041625e-03
5.048545e-03
5.055470e-03
5.062400e-03
5.069335e-03
5.076274e-03
5.083218e-03
5.090167e-03
5.097120e-03
5.104079e-03
5.111042e-03
5.118010e-03
5.124982e-03
5.131960e-03
5.138942e-03
5.145928e-03
5.152920e-03
5.159916e-03
5.166917e-03
5.173923e-03
5.180934e-03
5.187949e-03
5.194969e-03
5.201994e-03
5.209023e-03
5.216057e-03
5.223096e-03
5.230140e-03
5.237189e-03
5.244242e-03
5.251300e-03
5.258362e-03
5.265430e-03
5.272502e-03
5.279579e-03
5.286661e-03
5.293747e-03
5.300838e-03
5.307934e-03
5.315035e-03
5.322140e-03
5.329251e-03
5.336365e-03
5.343485e-03
5.350610e-03
5.357739e-03
5.364873e-03
5.372011e-03
5.379155e-03
5.386303e-03
5.393456e-03
5.400613e-03
5.407776e-03
5.414943e-03
5.422115e-03
5.429291e-03
5.436473e-03
5.443659e-03
5.450849e-03
5.458045e-03
5.465245e-03
5.472450e-03
5.479660e-03
5.486875e-03
5.494094e-03
5.500653e-03
5.507189e-03
5.513701e-03
5.520189e-03
5.526654e-03
5.533095e-03
5.539512e-03
5.545906e-03
5.552276e-03
5.558622e-03
5.564945e-03
5.571244e-03
5.577519e-03
5.583771e-03
5.589999e-03
5.596204e-03
5.602384e-03
5.608541e-03
5.614675e-03
5.620784e-03
5.626870e-03
5.632933e-03
5.638972e-03
5.644987e-03
5.650978e-03
5.656946e-03
5.662890e-03
5.668810e-03
5.674707e-03
5.680580e-03
5.686429e-03
5.692255e-03
5.698057e-03
5.703836e-03
5.709591e-03
5.715322e-03
5.721029e-03
5.726713e-03
5.732373e-03
5.738009e-03
5.743622e-03
5.749211e-03
5.754777e-03
5.760319e-03
5.765837e-03
5.771331e-03
5.776802e-03
5.782249e-03
5.787673e-03
5.793073e-03
5.798449e-03
5.803801e-03
5.809130e-03
5.814435e-03
5.819717e-03
5.824975e-03
5.830209e-03
5.835419e-03
5.840606e-03
5.845769e-03
5.850909e-03
5.856025e-03
5.861117e-03
5.866186e-03
5.871230e-03
5.876252e-03
5.881249e-03
5.886223e-03
5.891173e-03
5.896100e-03
5.901003e-03
5.905882e-03
5.910738e-03
5.915570e-03
5.920378e-03
5.925162e-03
5.929923e-03
5.934661e-03
5.939374e-03
5.944064e-03
5.948730e-03
5.953373e-03
5.957992e-03
5.962587e-03
5.967159e-03
5.971707e-03
5.976231e-03
5.980732e-03
5.985209e-03
5.989662e-03
5.994092e-03
5.998498e-03
6.002880e-03
6.007239e-03
6.011574e-03
6.015885e-03
6.020173e-03
6.024437e-03
6.028677e-03
6.032894e-03
6.037087e-03
6.041256e-03
6.045402e-03
6.049524e-03
6.053622e-03
6.057697e-03
6.061748e-03
6.065776e-03
6.069779e-03
6.073759e-03
6.077716e-03
6.081648e-03
6.085558e-03
6.089443e-03
6.093305e-03
6.097143e-03
6.100957e-03
6.104748e-03
6.108515e-03
6.112258e-03
6.115978e-03
6.119674e-03
6.123347e-03
6.126996e-03
6.130621e-03
6.134222e-03
6.137800e-03
6.141354e-03
6.144885e-03
6.148391e-03
6.151874e-03
6.155334e-03
6.158770e-03
6.162182e-03
6.165570e-03
6.168935e-03
6.172276e-03
6.175594e-03
6.178888e-03
6.182158e-03
6.185404e-03
6.188627e-03
6.191826e-03
6.195002e-03
6.198154e-03
6.201282e-03
6.204387e-03
6.207467e-03
6.210525e-03
6.213558e-03
6.216568e-03
6.219554e-03
6.222517e-03
6.225456e-03
6.228371e-03
6.231263e-03
6.234131e-03
6.236975e-03
6.239795e-03
6.242592e-03
6.245366e-03
6.248115e-03
6.250841e-03
6.253543e-03
6.256222e-03
6.258877e-03
6.261508e-03
6.264116e-03
6.266700e-03
6.269260e-03
6.271797e-03
6.274310e-03
6.276799e-03
6.279265e-03
6.281707e-03
6.284125e-03
6.286519e-03
6.288890e-03
6.291238e-03
6.293561e-03
6.295861e-03
6.298138e-03
6.300390e-03
6.302619e-03
6.304825e-03
6.307007e-03
6.309165e-03
6.311299e-03
6.313410e-03
6.315497e-03
6.317560e-03
6.319600e-03
6.321616e-03
6.323608e-03
6.325577e-03
6.327522e-03
6.329443e-03
6.331341e-03
6.333215e-03
6.335066e-03
6.336892e-03
6.338695e-03
6.340475e-03
6.342231e-03
6.343963e-03
6.345671e-03
6.347356e-03
6.349017e-03
6.350654e-03
6.352268e-03
6.353858e-03
6.355425e-03
6.356968e-03
6.358487e-03
6.359982e-03
6.361454e-03
6.362902e-03
6.364327e-03
6.365727e-03
6.367104e-03
6.368458e-03
6.369788e-03
6.371094e-03
6.372376e-03
6.373635e-03
6.374870e-03
6.376082e-03
6.377270e-03
6.378434e-03
6.379575e-03
6.380691e-03
6.381785e-03
6.382854e-03
6.383900e-03
6.384922e-03
6.385921e-03
6.386896e-03
6.387847e-03
6.388774e-03
6.389678e-03
6.390559e-03
6.391415e-03
6.392248e-03
6.393057e-03
6.393843e-03
6.394605e-03
6.395343e-03
6.396058e-03
6.396749e-03
6.397416e-03
6.398059e-03
6.398679e-03
6.399276e-03
6.399848e-03
6.400397e-03
6.400922e-03
6.401424e-03
6.401902e-03
6.402356e-03
6.402787e-03
6.403194e-03
6.403577e-03
6.403937e-03
6.404273e-03
6.404585e-03
6.404874e-03
6.405139e-03
6.405380e-03
6.405598e-03
6.405792e-03
6.405962e-03
6.406109e-03
6.406232e-03
6.406331e-03
6.406407e-03
6.406459e-03
6.406487e-03
6.406492e-03
6.406473e-03
6.406431e-03
6.406364e-03
6.406274e-03
6.406161e-03
6.406023e-03
6.405863e-03
6.405678e-03
6.405470e-03
6.405238e-03
6.404982e-03
6.404703e-03
6.404400e-03
6.404073e-03
6.403723e-03
6.403349e-03
6.402952e-03
6.402531e-03
6.402086e-03
6.401617e-03
6.401125e-03
6.400609e-03
6.400292e-03
6.400292e-03
6.400292e-03
6.400292e-03
6.400292e-03
6.400292e-03
6.400292e-03
6.400292e-03
6.400292e-03
6.400292e-03
6.400292e-03
6.400292e-03
6.400292e-03
6.400292e-03
6.400292e-03
6.400292e-03
6.400292e-03
6.400292e-03
6.400292e-03
6.400292e-03
6.400292e-03
6.400292e-03
6.400292e-03
6.400292e-03
6.400292e-03
6.400292e-03
6.400292e-03
6.400292e-03
6.400292e-03
6.400292e-03
6.400292e-03
6.400292e-03
6.400292e-03
6.400292e-03
6.400292e-03
6.400292e-03
6.400292e-03
6.400292e-03
6.400292e-03
6.400292e-03
6.400292e-03
6.400292e-03
6.400292e-03
6.400292e-03
6.400292e-03
6.400292e-03
6.400292e-03
6.400292e-03
6.400292e-03
6.400292e-03
6.400292e-03
6.400292e-03
6.400292e-03
6.400292e-03
6.400292e-03
6.400292e-03
6.400292e-03
6.400292e-03
6.400292e-03
6.400292e-03
6.400292e-03
6.400292e-03
6.400292e-03
6.400292e-03
6.400292e-03
6.400292e-03
6.400292e-03
6.400292e-03
6.400292e-03
6.400292e-03
6.400292e-03
6.400292e-03
6.400292e-03
6.400292e-03
6.400292e-03
6.400292e-03
6.400292e-03
6.400292e-03
6.400292e-03
6.400292e-03
6.400292e-03
6.400292e-03
6.400292e-03
6.400292e-03
6.400292e-03
6.400292e-03
6.400292e-03
6.400292e-03
6.400292e-03
6.400292e-03
6.400292e-03
6.400292e-03
6.400292e-03
6.400292e-03
6.400292e-03
6.400292e-03
6.400292e-03
6.400292e-03
6.400292e-03
6.400292e-03
6.400292e-03
6.400292e-03
6.400292e-03
6.400292e-03
6.400292e-03
6.400292e-03
6.400292e-03
6.400292e-03
6.400292e-03
6.400292e-03
6.400292e-03
6.400292e-03
6.400292e-03
6.400292e-03
6.400292e-03
6.400292e-03
6.400292e-03
6.400292e-03
6.400292e-03
6.400292e-03
6.400292e-03
6.400292e-03
6.400292e-03
6.400292e-03
6.400292e-03
6.400292e-03
6.400292e-03
6.400292e-03
6.400292e-03
6.400292e-03
6.400292e-03
6.400292e-03
6.400292e-03
6.400292e-03
6.400292e-03
6.400292e-03
6.400292e-03
6.400292e-03
6.400292e-03
6.400292e-03
6.400292e-03
6.400292e-03
6.400292e-03
6.400292e-03
6.400292e-03
6.400292e-03
6.400292e-03
6.400292e-03
6.400292e-03
6.400292e-03
6.400292e-03
6.400292e-03
6.400292e-03
6.400292e-03
6.400292e-03
6.400292e-03
6.400292e-03
6.400292e-03
6.400292e-03
6.400292e-03
6.400292e-03
6.400292e-03
6.400292e-03
6.400292e-03
6.400292e-03
6.400292e-03
6.400292e-03
6.400292e-03
6.400292e-03
6.400292e-03
6.400292e-03
6.400292e-03
6.400292e-03
6.400292e-03
6.400292e-03
6.400292e-03
6.400292e-03
6.400292e-03
6.400292e-03
6.400292e-03
6.400292e-03
6.400292e-03
6.400292e-03
6.400292e-03
6.400292e-03
6.400292e-03
6.400292e-03
6.400292e-03
6.400292e-03
6.400292e-03
6.400292e-03
6.400292e-03
6.400292e-03
6.400292e-03
6.400292e-03
6.400292e-03
6.400292e-03
6.400292e-03
6.400292e-03
6.400292e-03
6.400292e-03
