0.000000e+00
1.110371e-07
2.259163e-07
3.446376e-07
4.672010e-07
5.936066e-07
7.238542e-07
8.579440e-07
9.958759e-07
1.137650e-06
1.283266e-06
1.432724e-06
1.586025e-06
1.743167e-06
1.904152e-06
2.068978e-06
2.237647e-06
2.410158e-06
2.586511e-06
2.766706e-06
2.950743e-06
3.138623e-06
3.330344e-06
3.525908e-06
3.725313e-06
3.928561e-06
4.135651e-06
4.346583e-06
4.561357e-06
4.779974e-06
5.002432e-06
5.228733e-06
5.458875e-06
5.692860e-06
5.930687e-06
6.172356e-06
6.417867e-06
6.667220e-06
6.920415e-06
7.177453e-06
7.438332e-06
7.703054e-06
7.971618e-06
8.244023e-06
8.520271e-06
8.800361e-06
9.084294e-06
9.372068e-06
9.663684e-06
9.959143e-06
1.025844e-05
1.056159e-05
1.086857e-05
1.117940e-05
1.149407e-05
1.181258e-05
1.213493e-05
1.246113e-05
1.279116e-05
1.312504e-05
1.346277e-05
1.380433e-05
1.414974e-05
1.449898e-05
1.485207e-05
1.520901e-05
1.556978e-05
1.593440e-05
1.630286e-05
1.667516e-05
1.705130e-05
1.743129e-05
1.781511e-05
1.820278e-05
1.859429e-05
1.898965e-05
1.938884e-05
1.979188e-05
2.019876e-05
2.060948e-05
2.102405e-05
2.144245e-05
2.186470e-05
2.229079e-05
2.272072e-05
2.315450e-05
2.359212e-05
2.403357e-05
2.447887e-05
2.492802e-05
2.538100e-05
2.583783e-05
2.629850e-05
2.676301e-05
2.723137e-05
2.770356e-05
2.817960e-05
2.865948e-05
2.914320e-05
2.963077e-05
3.012217e-05
3.061742e-05
3.111651e-05
3.161944e-05
3.212622e-05
3.263683e-05
3.315129e-05
3.366960e-05
3.419174e-05
3.471772e-05
3.524755e-05
3.578122e-05
3.631873e-05
3.686009e-05
3.740528e-05
3.795432e-05
3.850720e-05
3.906392e-05
3.962449e-05
4.018889e-05
4.075714e-05
4.132923e-05
4.190517e-05
4.248494e-05
4.306856e-05
4.365602e-05
4.424732e-05
4.484246e-05
4.544145e-05
4.604427e-05
4.665094e-05
4.726146e-05
4.787581e-05
4.849401e-05
4.911604e-05
4.974193e-05
5.037165e-05
5.100521e-05
5.164262e-05
5.228387e-05
5.292896e-05
5.357789e-05
5.423067e-05
5.488728e-05
5.554774e-05
5.621204e-05
5.688019e-05
5.755217e-05
5.822800e-05
5.890767e-05
5.959118e-05
6.027854e-05
6.096973e-05
6.166477e-05
6.236365e-05
6.306638e-05
6.377294e-05
6.448335e-05
6.519760e-05
6.591569e-05
6.663762e-05
6.736340e-05
6.809301e-05
6.882647e-05
6.956377e-05
7.030492e-05
7.104990e-05
7.179873e-05
7.255140e-05
7.330791e-05
7.406827e-05
7.483246e-05
7.560050e-05
7.637238e-05
7.714811e-05
7.792767e-05
7.871108e-05
7.949833e-05
8.028942e-05
8.108435e-05
8.188313e-05
8.268575e-05
8.349220e-05
8.430251e-05
8.511665e-05
8.593464e-05
8.675646e-05
8.758213e-05
8.841165e-05
8.924500e-05
9.008220e-05
9.092324e-05
9.176812e-05
9.261684e-05
9.346941e-05
9.432581e-05
9.518606e-05
9.605015e-05
9.691809e-05
9.778986e-05
9.866548e-05
9.954494e-05
1.004282e-04
1.013154e-04
1.022064e-04
1.031012e-04
1.039999e-04
1.049024e-04
1.058087e-04
1.067189e-04
1.076330e-04
1.085509e-04
1.094726e-04
1.103981e-04
1.113276e-04
1.122608e-04
1.131979e-04
1.141388e-04
1.150836e-04
1.160322e-04
1.169847e-04
1.179410e-04
1.189011e-04
1.198651e-04
1.208329e-04
1.218046e-04
1.227801e-04
1.237595e-04
1.247427e-04
1.257297e-04
1.267206e-04
1.277153e-04
1.287139e-04
1.297163e-04
1.307225e-04
1.317326e-04
1.327466e-04
1.337643e-04
1.347860e-04
1.358114e-04
1.368407e-04
1.378739e-04
1.389109e-04
1.399517e-04
1.409964e-04
1.420449e-04
1.430972e-04
1.441534e-04
1.452135e-04
1.462773e-04
1.473451e-04
1.484166e-04
1.494920e-04
1.505713e-04
1.516544e-04
1.527413e-04
1.538321e-04
1.549267e-04
1.560252e-04
1.571275e-04
1.582336e-04
1.593436e-04
1.604574e-04
1.615751e-04
1.626966e-04
1.638220e-04
1.649512e-04
1.660842e-04
1.672211e-04
1.683618e-04
1.695064e-04
1.706548e-04
1.718070e-04
1.729631e-04
1.741231e-04
1.752868e-04
1.764545e-04
1.776259e-04
1.788012e-04
1.799804e-04
1.811633e-04
1.823502e-04
1.835408e-04
1.847354e-04
1.859337e-04
1.871359e-04
1.883420e-04
1.895518e-04
1.907656e-04
1.919831e-04
1.932045e-04
1.944298e-04
1.956589e-04
1.968918e-04
1.981286e-04
1.993692e-04
2.006137e-04
2.018620e-04
2.031141e-04
2.043701e-04
2.056299e-04
2.068936e-04
2.081611e-04
2.094325e-04
2.107077e-04
2.119867e-04
2.132696e-04
2.145563e-04
2.158469e-04
2.171413e-04
2.184395e-04
2.197416e-04
2.210476e-04
2.223573e-04
2.236710e-04
2.249884e-04
2.263097e-04
2.276349e-04
2.289639e-04
2.302967e-04
2.316334e-04
2.329739e-04
2.343182e-04
2.356664e-04
2.370185e-04
2.383743e-04
2.397341e-04
2.410976e-04
2.424650e-04
2.438363e-04
2.452114e-04
2.465903e-04
2.479731e-04
2.493597e-04
2.507502e-04
2.521445e-04
2.535426e-04
2.549446e-04
2.563504e-04
2.577601e-04
2.591736e-04
2.605910e-04
2.620122e-04
2.634372e-04
2.648661e-04
2.662988e-04
2.677354e-04
2.691758e-04
2.706200e-04
2.720681e-04
2.735201e-04
2.749759e-04
2.764355e-04
2.778989e-04
2.793662e-04
2.808374e-04
2.823124e-04
2.837912e-04
2.852739e-04
2.867604e-04
2.882507e-04
2.897449e-04
2.912430e-04
2.927449e-04
2.942506e-04
2.957602e-04
2.972736e-04
2.987908e-04
3.003119e-04
3.018368e-04
3.033656e-04
3.048982e-04
3.064347e-04
3.079750e-04
3.095191e-04
3.110671e-04
3.126190e-04
3.141746e-04
3.157341e-04
3.172975e-04
3.188647e-04
3.204357e-04
3.220106e-04
3.235893e-04
3.251719e-04
3.267583e-04
3.283486e-04
3.299427e-04
3.315406e-04
3.331424e-04
3.347480e-04
3.363575e-04
3.379708e-04
3.395879e-04
3.412089e-04
3.428337e-04
3.444624e-04
3.460949e-04
3.477313e-04
3.493715e-04
3.510155e-04
3.526634e-04
3.543151e-04
3.559707e-04
3.576301e-04
3.592933e-04
3.609604e-04
3.626314e-04
3.643061e-04
3.659848e-04
3.676672e-04
3.693535e-04
3.710437e-04
3.727377e-04
3.744355e-04
3.761372e-04
3.778427e-04
3.795520e-04
3.812652e-04
3.829823e-04
3.847032e-04
3.864279e-04
3.881565e-04
3.898889e-04
3.916251e-04
3.933652e-04
3.951091e-04
3.968569e-04
3.986085e-04
4.003640e-04
4.021233e-04
4.038865e-04
4.056534e-04
4.074243e-04
4.091989e-04
4.109775e-04
4.127598e-04
4.145460e-04
4.163361e-04
4.181299e-04
4.199277e-04
4.217292e-04
4.235346e-04
4.253439e-04
4.271570e-04
4.289739e-04
4.307947e-04
4.326193e-04
4.344478e-04
4.362801e-04
4.381162e-04
4.399562e-04
4.418000e-04
4.436477e-04
4.454992e-04
4.473546e-04
4.492138e-04
4.510768e-04
4.529437e-04
4.548144e-04
4.566890e-04
4.585674e-04
4.604497e-04
4.623358e-04
4.642257e-04
4.661195e-04
4.680171e-04
4.699186e-04
4.718239e-04
4.737330e-04
4.756460e-04
4.775628e-04
4.794835e-04
4.814080e-04
4.833364e-04
4.852686e-04
4.872046e-04
4.891445e-04
4.910882e-04
4.930358e-04
4.949872e-04
4.969424e-04
4.989015e-04
5.008645e-04
5.028313e-04
5.048019e-04
5.067763e-04
5.087546e-04
5.107368e-04
5.127228e-04
5.147126e-04
5.167063e-04
5.187038e-04
5.207052e-04
5.227103e-04
5.247194e-04
5.267323e-04
5.287490e-04
5.307696e-04
5.327940e-04
5.348222e-04
5.368543e-04
5.388903e-04
5.409300e-04
5.429737e-04
5.450211e-04
5.470724e-04
5.491276e-04
5.511866e-04
5.532494e-04
5.553161e-04
5.573866e-04
5.594609e-04
5.615391e-04
5.636212e-04
5.657071e-04
5.677968e-04
5.698904e-04
5.719878e-04
5.740890e-04
5.761941e-04
5.783030e-04
5.804158e-04
5.825324e-04
5.846529e-04
5.867772e-04
5.889054e-04
5.910373e-04
5.931732e-04
5.953129e-04
5.974564e-04
5.996037e-04
6.017549e-04
6.039100e-04
6.060688e-04
6.082316e-04
6.103981e-04
6.125686e-04
6.147428e-04
6.169209e-04
6.191028e-04
6.212886e-04
6.234782e-04
6.256717e-04
6.278690e-04
6.300701e-04
6.322751e-04
6.344840e-04
6.366966e-04
6.389132e-04
6.411335e-04
6.433577e-04
6.455858e-04
6.478176e-04
6.500534e-04
6.522929e-04
6.545363e-04
6.567836e-04
6.590347e-04
6.612896e-04
6.635484e-04
6.658110e-04
6.680775e-04
6.703478e-04
6.726219e-04
6.748999e-04
6.771818e-04
6.794674e-04
6.817570e-04
6.840503e-04
6.863475e-04
6.886486e-04
6.909534e-04
6.932622e-04
6.955747e-04
6.978911e-04
7.002114e-04
7.025355e-04
7.048634e-04
7.071952e-04
7.095308e-04
7.118703e-04
7.142136e-04
7.165607e-04
7.189117e-04
7.212666e-04
7.236252e-04
7.259877e-04
7.283541e-04
7.307243e-04
7.330983e-04
7.354762e-04
7.378580e-04
7.402435e-04
7.426329e-04
7.450262e-04
7.474233e-04
7.498242e-04
7.522290e-04
7.546376e-04
7.570501e-04
7.594664e-04
7.618865e-04
7.643105e-04
7.667384e-04
7.691700e-04
7.716056e-04
7.740449e-04
7.764881e-04
7.789352e-04
7.813860e-04
7.838408e-04
7.862993e-04
7.887617e-04
7.912280e-04
7.936981e-04
7.961720e-04
7.986498e-04
8.011314e-04
8.036169e-04
8.061062e-04
8.085993e-04
8.110963e-04
8.135972e-04
8.161018e-04
8.186104e-04
8.211227e-04
8.236389e-04
8.261590e-04
8.286828e-04
8.312106e-04
8.337421e-04
8.362775e-04
8.388168e-04
8.413599e-04
8.439068e-04
8.464576e-04
8.490122e-04
8.515707e-04
8.541330e-04
8.566991e-04
8.592691e-04
8.618430e-04
8.644206e-04
8.670022e-04
8.695875e-04
8.721767e-04
8.747698e-04
8.773666e-04
8.799674e-04
8.825719e-04
8.851804e-04
8.877926e-04
8.904087e-04
8.930286e-04
8.956524e-04
8.982800e-04
9.009115e-04
9.035468e-04
9.061860e-04
9.088289e-04
9.114758e-04
9.141265e-04
9.167810e-04
9.194393e-04
9.221015e-04
9.247676e-04
9.274375e-04
9.301112e-04
9.327888e-04
9.354702e-04
9.381554e-04
9.408445e-04
9.435374e-04
9.462342e-04
9.489349e-04
9.516393e-04
9.543476e-04
9.570598e-04
9.597758e-04
9.624956e-04
9.652193e-04
9.679468e-04
9.706781e-04
9.734133e-04
9.761524e-04
9.788953e-04
9.816420e-04
9.843926e-04
9.871470e-04
9.899052e-04
9.926673e-04
9.954333e-04
9.982030e-04
1.000977e-03
1.003754e-03
1.006535e-03
1.009321e-03
1.012110e-03
1.014902e-03
1.017699e-03
1.020500e-03
1.023304e-03
1.026112e-03
1.028924e-03
1.031740e-03
1.034560e-03
1.037383e-03
1.040211e-03
1.043042e-03
1.045877e-03
1.048716e-03
1.051559e-03
1.054405e-03
1.057256e-03
1.060110e-03
1.062968e-03
1.065830e-03
1.068696e-03
1.071566e-03
1.074439e-03
1.077317e-03
1.080198e-03
1.083083e-03
1.085972e-03
1.088865e-03
1.091761e-03
1.094662e-03
1.097566e-03
1.100474e-03
1.103386e-03
1.106302e-03
1.109221e-03
1.112145e-03
1.115072e-03
1.118003e-03
1.120938e-03
1.123877e-03
1.126820e-03
1.129766e-03
1.132717e-03
1.135671e-03
1.138629e-03
1.141591e-03
1.144556e-03
1.147526e-03
1.150499e-03
1.153477e-03
1.156458e-03
1.159443e-03
1.162432e-03
1.165424e-03
1.168421e-03
1.171421e-03
1.174425e-03
1.177433e-03
1.180445e-03
1.183461e-03
1.186480e-03
1.189503e-03
1.192531e-03
1.195562e-03
1.198597e-03
1.201635e-03
1.204678e-03
1.207724e-03
1.210775e-03
1.213829e-03
1.216887e-03
1.219948e-03
1.223014e-03
1.226083e-03
1.229157e-03
1.232234e-03
1.235315e-03
1.238400e-03
1.241488e-03
1.244581e-03
1.247677e-03
1.250777e-03
1.253881e-03
1.256989e-03
1.260101e-03
1.263217e-03
1.266336e-03
1.269459e-03
1.272586e-03
1.275717e-03
1.278852e-03
1.281991e-03
1.285133e-03
1.288280e-03
1.291430e-03
1.294584e-03
1.297742e-03
1.300903e-03
1.304069e-03
1.307238e-03
1.310411e-03
1.313588e-03
1.316769e-03
1.319954e-03
1.323143e-03
1.326335e-03
1.329531e-03
1.332731e-03
1.335935e-03
1.339143e-03
1.342355e-03
1.345570e-03
1.348789e-03
1.352013e-03
1.355240e-03
1.358470e-03
1.361705e-03
1.364944e-03
1.368186e-03
1.371432e-03
1.374682e-03
1.377936e-03
1.381194e-03
1.384455e-03
1.387721e-03
1.390990e-03
1.394263e-03
1.397540e-03
1.400821e-03
1.404105e-03
1.407394e-03
1.410686e-03
1.413982e-03
1.417282e-03
1.420586e-03
1.423894e-03
1.427205e-03
1.430521e-03
1.433840e-03
1.437163e-03
1.440490e-03
1.443821e-03
1.447155e-03
1.450494e-03
1.453836e-03
1.457182e-03
1.460532e-03
1.463886e-03
1.467243e-03
1.470605e-03
1.473970e-03
1.477339e-03
1.480712e-03
1.484089e-03
1.487470e-03
1.490854e-03
1.494243e-03
1.497635e-03
1.501031e-03
1.504431e-03
1.507834e-03
1.511242e-03
1.514653e-03
1.518069e-03
1.521488e-03
1.524911e-03
1.528338e-03
1.531768e-03
1.535203e-03
1.538641e-03
1.542083e-03
1.545529e-03
1.548979e-03
1.552433e-03
1.555890e-03
1.559351e-03
1.562817e-03
1.566286e-03
1.569759e-03
1.573235e-03
1.576716e-03
1.580200e-03
1.583689e-03
1.587181e-03
1.590677e-03
1.594176e-03
1.597680e-03
1.601187e-03
1.604699e-03
1.608214e-03
1.611733e-03
1.615256e-03
1.618782e-03
1.622313e-03
1.625847e-03
1.629385e-03
1.632928e-03
1.636473e-03
1.640023e-03
1.643577e-03
1.647134e-03
1.650695e-03
1.654260e-03
1.657829e-03
1.661402e-03
1.664979e-03
1.668559e-03
1.672144e-03
1.675732e-03
1.679324e-03
1.682920e-03
1.686519e-03
1.690123e-03
1.693730e-03
1.697341e-03
1.700956e-03
1.704575e-03
1.708198e-03
1.711825e-03
1.715455e-03
1.719089e-03
1.722727e-03
1.726369e-03
1.730015e-03
1.733665e-03
1.737318e-03
1.740975e-03
1.744637e-03
1.748302e-03
1.751970e-03
1.755643e-03
1.759320e-03
1.763000e-03
1.766684e-03
1.770372e-03
1.774064e-03
1.777760e-03
1.781459e-03
1.785163e-03
1.788870e-03
1.792581e-03
1.796296e-03
1.800015e-03
1.803738e-03
1.807464e-03
1.811194e-03
1.814928e-03
1.818666e-03
1.822408e-03
1.826154e-03
1.829903e-03
1.833657e-03
1.837414e-03
1.841175e-03
1.844940e-03
1.848709e-03
1.852481e-03
1.856258e-03
1.860038e-03
1.863822e-03
1.867610e-03
1.871402e-03
1.875197e-03
1.878997e-03
1.882800e-03
1.886607e-03
1.890418e-03
1.894233e-03
1.898052e-03
1.901874e-03
1.905701e-03
1.909531e-03
1.913365e-03
1.917203e-03
1.921045e-03
1.924890e-03
1.928740e-03
1.932593e-03
1.936450e-03
1.940311e-03
1.944176e-03
1.948044e-03
1.951917e-03
1.955793e-03
1.959673e-03
1.963557e-03
1.967445e-03
1.971337e-03
1.975232e-03
1.979132e-03
1.983035e-03
1.986942e-03
1.990853e-03
1.994767e-03
1.998686e-03
2.002608e-03
2.006535e-03
2.010465e-03
2.014399e-03
2.018336e-03
2.022278e-03
2.026224e-03
2.030173e-03
2.034126e-03
2.038083e-03
2.042044e-03
2.046009e-03
2.049977e-03
2.053949e-03
2.057926e-03
2.061906e-03
2.065890e-03
2.069877e-03
2.073869e-03
2.077864e-03
2.081864e-03
2.085867e-03
2.089874e-03
2.093884e-03
2.097899e-03
2.101917e-03
2.105940e-03
2.109966e-03
2.113996e-03
2.118030e-03
2.122067e-03
2.126109e-03
2.130154e-03
2.134203e-03
2.138257e-03
2.142313e-03
2.146374e-03
2.150439e-03
2.154507e-03
2.158579e-03
2.162655e-03
2.166735e-03
2.170819e-03
2.174907e-03
2.178998e-03
2.183094e-03
2.187193e-03
2.191296e-03
2.195403e-03
2.199513e-03
2.203628e-03
2.207746e-03
2.211868e-03
2.215994e-03
2.220124e-03
2.224258e-03
2.228396e-03
2.232537e-03
2.236682e-03
2.240831e-03
2.244984e-03
2.249141e-03
2.253302e-03
2.257466e-03
2.261634e-03
2.265807e-03
2.269983e-03
2.274162e-03
2.278346e-03
2.282534e-03
2.286725e-03
2.290920e-03
2.295119e-03
2.299322e-03
2.303529e-03
2.307739e-03
2.311954e-03
2.316172e-03
2.320394e-03
2.324620e-03
2.328850e-03
2.333084e-03
2.337321e-03
2.341562e-03
2.345808e-03
2.350057e-03
2.354309e-03
2.358566e-03
2.362827e-03
2.367091e-03
2.371359e-03
2.375631e-03
2.379907e-03
2.384187e-03
2.388470e-03
2.392758e-03
2.397049e-03
2.401344e-03
2.405643e-03
2.409946e-03
2.414252e-03
2.418563e-03
2.422877e-03
2.427195e-03
2.431517e-03
2.435843e-03
2.440173e-03
2.444506e-03
2.448844e-03
2.453185e-03
2.457530e-03
2.461879e-03
2.466232e-03
2.470588e-03
2.474949e-03
2.479313e-03
2.483681e-03
2.488053e-03
2.492429e-03
2.496808e-03
2.501192e-03
2.505579e-03
2.509970e-03
2.514365e-03
2.518764e-03
2.523167e-03
2.527573e-03
2.531984e-03
2.536398e-03
2.540816e-03
2.545238e-03
2.549664e-03
2.554093e-03
2.558527e-03
2.562964e-03
2.567405e-03
2.571850e-03
2.576299e-03
2.580751e-03
2.585208e-03
2.589668e-03
2.594132e-03
2.598600e-03
2.603072e-03
2.607548e-03
2.612027e-03
2.616511e-03
2.620998e-03
2.625489e-03
2.629984e-03
2.634482e-03
2.638985e-03
2.643491e-03
2.648002e-03
2.652516e-03
2.657034e-03
2.661556e-03
2.666081e-03
2.670611e-03
2.675144e-03
2.679681e-03
2.684222e-03
2.688767e-03
2.693316e-03
2.697868e-03
2.702424e-03
2.706985e-03
2.711549e-03
2.716117e-03
2.720688e-03
2.725264e-03
2.729843e-03
2.734427e-03
2.739014e-03
2.743605e-03
2.748199e-03
2.752798e-03
2.757400e-03
2.762007e-03
2.766617e-03
2.771231e-03
2.775849e-03
2.780470e-03
2.785096e-03
2.789725e-03
2.794359e-03
2.798996e-03
2.803636e-03
2.808281e-03
2.812930e-03
2.817582e-03
2.822238e-03
2.826899e-03
2.831563e-03
2.836230e-03
2.840902e-03
2.845577e-03
2.850257e-03
2.854940e-03
2.859627e-03
2.864318e-03
2.869012e-03
2.873711e-03
2.878413e-03
2.883119e-03
2.887829e-03
2.892543e-03
2.897261e-03
2.901983e-03
2.906708e-03
2.911437e-03
2.916170e-03
2.920907e-03
2.925648e-03
2.930393e-03
2.935141e-03
2.939894e-03
2.944650e-03
2.949410e-03
2.954174e-03
2.958941e-03
2.963713e-03
2.968488e-03
2.973267e-03
2.978050e-03
2.982837e-03
2.987628e-03
2.992423e-03
2.997221e-03
3.002023e-03
3.006829e-03
3.011639e-03
3.016453e-03
3.021271e-03
3.026092e-03
3.030917e-03
3.035747e-03
3.040580e-03
3.045416e-03
3.050257e-03
3.055102e-03
3.059950e-03
3.064802e-03
3.069658e-03
3.074518e-03
3.079382e-03
3.084249e-03
3.089121e-03
3.093996e-03
3.098875e-03
3.103758e-03
3.108645e-03
3.113536e-03
3.118430e-03
3.123328e-03
3.128231e-03
3.133137e-03
3.138046e-03
3.142960e-03
3.147878e-03
3.152799e-03
3.157724e-03
3.162653e-03
3.167586e-03
3.172523e-03
3.177463e-03
3.182408e-03
3.187356e-03
3.192308e-03
3.197264e-03
3.202224e-03
3.207188e-03
3.212155e-03
3.217126e-03
3.222101e-03
3.227080e-03
3.232063e-03
3.237050e-03
3.242040e-03
3.247035e-03
3.252033e-03
3.257035e-03
3.262041e-03
3.267051e-03
3.272064e-03
3.277082e-03
3.282103e-03
3.287128e-03
3.292157e-03
3.297190e-03
3.302226e-03
3.307267e-03
3.312311e-03
3.317359e-03
3.322411e-03
3.327467e-03
3.332527e-03
3.337590e-03
3.342658e-03
3.347729e-03
3.352804e-03
3.357883e-03
3.362966e-03
3.368052e-03
3.373143e-03
3.378237e-03
3.383335e-03
3.388437e-03
3.393543e-03
3.398652e-03
3.403766e-03
3.408883e-03
3.414004e-03
3.419129e-03
3.424258e-03
3.429391e-03
3.434527e-03
3.439668e-03
3.444812e-03
3.449960e-03
3.455112e-03
3.460268e-03
3.465427e-03
3.470591e-03
3.475758e-03
3.480929e-03
3.486104e-03
3.491283e-03
3.496465e-03
3.501652e-03
3.506842e-03
3.512036e-03
3.517234e-03
3.522436e-03
3.527642e-03
3.532851e-03
3.538065e-03
3.543282e-03
3.548503e-03
3.553728e-03
3.558956e-03
3.564189e-03
3.569425e-03
3.574666e-03
3.579910e-03
3.585158e-03
3.590410e-03
3.595665e-03
3.600925e-03
3.606188e-03
3.611455e-03
3.616726e-03
3.622001e-03
3.627280e-03
3.632562e-03
3.637849e-03
3.643139e-03
3.648433e-03
3.653731e-03
3.659032e-03
3.664338e-03
3.669647e-03
3.674961e-03
3.680278e-03
3.685599e-03
3.690923e-03
3.696252e-03
3.701585e-03
3.706921e-03
3.712261e-03
3.717605e-03
3.722953e-03
3.728305e-03
3.733660e-03
3.739019e-03
3.744383e-03
3.749750e-03
3.755121e-03
3.760495e-03
3.765874e-03
3.771256e-03
3.776643e-03
3.782033e-03
3.787427e-03
3.792824e-03
3.798226e-03
3.803631e-03
3.809041e-03
3.814454e-03
3.819871e-03
3.825292e-03
3.830716e-03
3.836145e-03
3.841577e-03
3.847014e-03
3.852454e-03
3.857898e-03
3.863345e-03
3.868797e-03
3.874252e-03
3.879711e-03
3.885175e-03
3.890642e-03
3.896112e-03
3.901587e-03
3.907065e-03
3.912548e-03
3.918034e-03
3.923524e-03
3.929018e-03
3.934515e-03
3.940017e-03
3.945522e-03
3.951031e-03
3.956545e-03
3.962061e-03
3.967582e-03
3.973107e-03
3.978635e-03
3.984167e-03
3.989704e-03
3.995243e-03
4.000787e-03
4.006335e-03
4.011886e-03
4.017442e-03
4.023001e-03
4.028564e-03
4.034131e-03
4.039701e-03
4.045276e-03
4.050854e-03
4.056436e-03
4.062022e-03
4.067612e-03
4.073206e-03
4.078804e-03
4.084405e-03
4.090010e-03
4.095619e-03
4.101232e-03
4.106849e-03
4.112470e-03
4.118094e-03
4.123723e-03
4.129355e-03
4.134991e-03
4.140631e-03
4.146274e-03
4.151922e-03
4.157573e-03
4.163228e-03
4.168887e-03
4.174550e-03
4.180217e-03
4.185888e-03
4.191562e-03
4.197240e-03
4.202922e-03
4.208608e-03
4.214298e-03
4.219992e-03
4.225689e-03
4.231391e-03
4.237096e-03
4.242805e-03
4.248518e-03
4.254234e-03
4.259955e-03
4.265679e-03
4.271407e-03
4.277139e-03
4.282875e-03
4.288615e-03
4.294359e-03
4.300106e-03
4.305857e-03
4.311612e-03
4.317371e-03
4.323134e-03
4.328901e-03
4.334671e-03
4.340445e-03
4.346224e-03
4.352006e-03
4.357791e-03
4.363581e-03
4.369375e-03
4.375172e-03
4.380973e-03
4.386778e-03
4.392587e-03
4.398400e-03
4.404216e-03
4.410037e-03
4.415861e-03
4.421689e-03
4.427521e-03
4.433357e-03
4.439197e-03
4.445040e-03
4.450887e-03
4.456739e-03
4.462594e-03
4.468452e-03
4.474315e-03
4.480182e-03
4.485387e-03
4.490574e-03
4.495741e-03
4.500889e-03
4.506018e-03
4.511128e-03
4.516219e-03
4.521290e-03
4.526342e-03
4.531376e-03
4.536390e-03
4.541385e-03
4.546360e-03
4.551317e-03
4.556254e-03
4.561172e-03
4.566071e-03
4.570951e-03
4.575812e-03
4.580654e-03
4.585476e-03
4.590279e-03
4.595063e-03
4.599828e-03
4.604574e-03
4.609301e-03
4.614008e-03
4.618697e-03
4.623366e-03
4.628016e-03
4.632647e-03
4.637258e-03
4.641851e-03
4.646424e-03
4.650978e-03
4.655513e-03
4.660029e-03
4.664526e-03
4.669004e-03
4.673462e-03
4.677901e-03
4.682321e-03
4.686722e-03
4.691104e-03
4.695467e-03
4.699810e-03
4.704134e-03
4.708439e-03
4.712725e-03
4.716992e-03
4.721240e-03
4.725468e-03
4.729678e-03
4.733868e-03
4.738039e-03
4.742191e-03
4.746323e-03
4.750437e-03
4.754531e-03
4.758606e-03
4.762662e-03
4.766699e-03
4.770717e-03
4.774716e-03
4.778695e-03
4.782655e-03
4.786596e-03
4.790518e-03
4.794421e-03
4.798305e-03
4.802169e-03
4.806014e-03
4.809841e-03
4.813648e-03
4.817435e-03
4.821204e-03
4.824954e-03
4.828684e-03
4.832395e-03
4.836087e-03
4.839760e-03
4.843414e-03
4.847048e-03
4.850664e-03
4.854260e-03
4.857837e-03
4.861395e-03
4.864933e-03
4.868453e-03
4.871953e-03
4.875435e-03
4.878897e-03
4.882340e-03
4.885764e-03
4.889168e-03
4.892554e-03
4.895920e-03
4.899267e-03
4.902595e-03
4.905904e-03
4.909194e-03
4.912464e-03
4.915715e-03
4.918948e-03
4.922161e-03
4.925355e-03
4.928529e-03
4.931685e-03
4.934821e-03
4.937938e-03
4.941036e-03
4.944115e-03
4.947175e-03
4.950216e-03
4.953237e-03
4.956239e-03
4.959223e-03
4.962187e-03
4.965131e-03
4.968057e-03
4.970963e-03
4.973851e-03
4.976719e-03
4.979568e-03
4.982398e-03
4.985208e-03
4.988000e-03
4.990772e-03
4.993525e-03
4.996260e-03
4.998974e-03
5.001670e-03
5.004347e-03
5.007004e-03
5.009642e-03
5.012261e-03
5.014861e-03
5.017442e-03
5.020004e-03
5.022546e-03
5.025069e-03
5.027574e-03
5.030059e-03
5.032524e-03
5.034971e-03
5.037399e-03
5.039807e-03
5.042196e-03
5.044566e-03
5.046917e-03
5.049249e-03
5.051561e-03
5.053854e-03
5.056129e-03
5.058384e-03
5.060620e-03
5.062836e-03
5.065034e-03
5.067212e-03
5.069372e-03
5.071512e-03
5.073633e-03
5.075734e-03
5.077817e-03
5.079881e-03
5.081925e-03
5.083950e-03
5.085956e-03
5.087943e-03
5.089910e-03
5.091859e-03
5.093788e-03
5.095698e-03
5.097589e-03
5.099461e-03
5.101314e-03
5.103148e-03
5.104962e-03
5.106757e-03
5.108533e-03
5.110290e-03
5.112028e-03
5.113746e-03
5.115446e-03
5.117126e-03
5.118787e-03
5.120429e-03
5.122052e-03
5.123656e-03
5.125240e-03
5.126805e-03
5.128352e-03
5.129879e-03
5.131386e-03
5.132875e-03
5.134345e-03
5.135795e-03
5.137226e-03
5.138638e-03
5.140031e-03
5.141405e-03
5.142759e-03
5.144095e-03
5.145411e-03
5.146708e-03
5.147986e-03
5.149245e-03
5.150484e-03
5.151705e-03
5.152906e-03
5.154088e-03
5.155251e-03
5.156395e-03
5.157520e-03
5.158625e-03
5.159711e-03
5.160779e-03
5.161827e-03
5.162855e-03
5.163865e-03
5.164856e-03
5.165827e-03
5.166779e-03
5.167712e-03
5.168626e-03
5.169521e-03
5.170396e-03
5.171253e-03
5.172090e-03
5.172908e-03
5.173707e-03
5.174487e-03
5.175247e-03
5.175989e-03
5.176711e-03
5.177414e-03
5.178098e-03
5.178763e-03
5.179409e-03
5.180035e-03
5.180643e-03
5.181231e-03
5.181800e-03
5.182350e-03
5.182880e-03
5.183392e-03
5.183884e-03
5.184358e-03
5.184812e-03
5.185246e-03
5.185662e-03
5.186059e-03
5.186436e-03
5.186794e-03
5.187134e-03
5.187454e-03
5.187754e-03
5.188036e-03
5.188298e-03
5.188542e-03
5.188766e-03
5.188971e-03
5.189157e-03
5.189323e-03
5.189471e-03
5.189599e-03
5.189708e-03
5.189798e-03
5.189869e-03
5.189921e-03
5.189954e-03
5.189967e-03
5.189961e-03
5.189936e-03
5.189892e-03
5.189829e-03
5.189747e-03
5.189645e-03
5.189524e-03
5.189384e-03
5.189225e-03
5.189047e-03
5.188850e-03
5.188633e-03
5.188398e-03
5.188143e-03
5.187869e-03
5.187576e-03
5.187263e-03
5.186932e-03
5.186581e-03
5.186211e-03
5.185822e-03
5.185414e-03
5.184987e-03
5.184540e-03
5.184075e-03
5.183590e-03
5.183086e-03
5.182563e-03
5.182243e-03
5.182243e-03
5.182243e-03
5.182243e-03
5.182243e-03
5.182243e-03
5.182243e-03
5.182243e-03
5.182243e-03
5.182243e-03
5.182243e-03
5.182243e-03
5.182243e-03
5.182243e-03
5.182243e-03
5.182243e-03
5.182243e-03
5.182243e-03
5.182243e-03
5.182243e-03
5.182243e-03
5.182243e-03
5.182243e-03
5.182243e-03
5.182243e-03
5.182243e-03
5.182243e-03
5.182243e-03
5.182243e-03
5.182243e-03
5.182243e-03
5.182243e-03
5.182243e-03
5.182243e-03
5.182243e-03
5.182243e-03
5.182243e-03
5.182243e-03
5.182243e-03
5.182243e-03
5.182243e-03
5.182243e-03
5.182243e-03
5.182243e-03
5.182243e-03
5.182243e-03
5.182243e-03
5.182243e-03
5.182243e-03
5.182243e-03
5.182243e-03
5.182243e-03
5.182243e-03
5.182243e-03
5.182243e-03
5.182243e-03
5.182243e-03
5.182243e-03
5.182243e-03
5.182243e-03
5.182243e-03
5.182243e-03
5.182243e-03
5.182243e-03
5.182243e-03
5.182243e-03
5.182243e-03
5.182243e-03
5.182243e-03
5.182243e-03
5.182243e-03
5.182243e-03
5.182243e-03
5.182243e-03
5.182243e-03
5.182243e-03
5.182243e-03
5.182243e-03
5.182243e-03
5.182243e-03
5.182243e-03
5.182243e-03
5.182243e-03
5.182243e-03
5.182243e-03
5.182243e-03
5.182243e-03
5.182243e-03
5.182243e-03
5.182243e-03
5.182243e-03
5.182243e-03
5.182243e-03
5.182243e-03
5.182243e-03
5.182243e-03
5.182243e-03
5.182243e-03
5.182243e-03
5.182243e-03
5.182243e-03
5.182243e-03
5.182243e-03
5.182243e-03
5.182243e-03
5.182243e-03
5.182243e-03
5.182243e-03
5.182243e-03
5.182243e-03
5.182243e-03
5.182243e-03
5.182243e-03
5.182243e-03
5.182243e-03
5.182243e-03
5.182243e-03
5.182243e-03
5.182243e-03
5.182243e-03
5.182243e-03
5.182243e-03
5.182243e-03
5.182243e-03
5.182243e-03
5.182243e-03
5.182243e-03
5.182243e-03
5.182243e-03
5.182243e-03
5.182243e-03
5.182243e-03
5.182243e-03
5.182243e-03
5.182243e-03
5.182243e-03
5.182243e-03
5.182243e-03
5.182243e-03
5.182243e-03
5.182243e-03
5.182243e-03
5.182243e-03
5.182243e-03
5.182243e-03
5.182243e-03
5.182243e-03
5.182243e-03
5.182243e-03
5.182243e-03
5.182243e-03
5.182243e-03
5.182243e-03
5.182243e-03
5.182243e-03
5.182243e-03
5.182243e-03
5.182243e-03
5.182243e-03
5.182243e-03
5.182243e-03
5.182243e-03
5.182243e-03
5.182243e-03
5.182243e-03
5.182243e-03
5.182243e-03
5.182243e-03
5.182243e-03
5.182243e-03
5.182243e-03
5.182243e-03
5.182243e-03
5.182243e-03
5.182243e-03
5.182243e-03
5.182243e-03
5.182243e-03
5.182243e-03
5.182243e-03
5.182243e-03
5.182243e-03
5.182243e-03
5.182243e-03
5.182243e-03
5.182243e-03
5.182243e-03
5.182243e-03
5.182243e-03
5.182243e-03
5.182243e-03
5.182243e-03
5.182243e-03
5.182243e-03
5.182243e-03
5.182243e-03
5.182243e-03
5.182243e-03
5.182243e-03
5.182243e-03
5.182243e-03
