0.000000e+00
1.110371e-07
2.260117e-07
3.449237e-07
4.677733e-07
5.945603e-07
7.252848e-07
8.599468e-07
9.985463e-07
1.141083e-06
1.287558e-06
1.437970e-06
1.592319e-06
1.750606e-06
1.912830e-06
2.078992e-06
2.249092e-06
2.423128e-06
2.601103e-06
2.783015e-06
2.968864e-06
3.158651e-06
3.352375e-06
3.550037e-06
3.751636e-06
3.957173e-06
4.166647e-06
4.380059e-06
4.597408e-06
4.818695e-06
5.043919e-06
5.273080e-06
5.506179e-06
5.743216e-06
5.984190e-06
6.229102e-06
6.477951e-06
6.730737e-06
6.987461e-06
7.248123e-06
7.512722e-06
7.781259e-06
8.053732e-06
8.330144e-06
8.610493e-06
8.894779e-06
9.183003e-06
9.475165e-06
9.771264e-06
1.007130e-05
1.037527e-05
1.068319e-05
1.099503e-05
1.131082e-05
1.163054e-05
1.195421e-05
1.228180e-05
1.261334e-05
1.294881e-05
1.328823e-05
1.363157e-05
1.397886e-05
1.433008e-05
1.468525e-05
1.504434e-05
1.540738e-05
1.577435e-05
1.614526e-05
1.652011e-05
1.689890e-05
1.728162e-05
1.766828e-05
1.805888e-05
1.845342e-05
1.885189e-05
1.925430e-05
1.966065e-05
2.007094e-05
2.048516e-05
2.090332e-05
2.132542e-05
2.175146e-05
2.218143e-05
2.261534e-05
2.305319e-05
2.349497e-05
2.394070e-05
2.439036e-05
2.484396e-05
2.530149e-05
2.576297e-05
2.622838e-05
2.669773e-05
2.717101e-05
2.764823e-05
2.812940e-05
2.861449e-05
2.910353e-05
2.959650e-05
3.009341e-05
3.059426e-05
3.109905e-05
3.160777e-05
3.212043e-05
3.263703e-05
3.315756e-05
3.368204e-05
3.421045e-05
3.474280e-05
3.527908e-05
3.581930e-05
3.636346e-05
3.691156e-05
3.746360e-05
3.801957e-05
3.857948e-05
3.914333e-05
3.971111e-05
4.028284e-05
4.085850e-05
4.143810e-05
4.202163e-05
4.260910e-05
4.320051e-05
4.379586e-05
4.439515e-05
4.499837e-05
4.560553e-05
4.621663e-05
4.683166e-05
4.745064e-05
4.807355e-05
4.870039e-05
4.933118e-05
4.996590e-05
5.060456e-05
5.124716e-05
5.189369e-05
5.254417e-05
5.319858e-05
5.385692e-05
5.451921e-05
5.518543e-05
5.585559e-05
5.652969e-05
5.720772e-05
5.788970e-05
5.857561e-05
5.926545e-05
5.995924e-05
6.065696e-05
6.135862e-05
6.206422e-05
6.277375e-05
6.348723e-05
6.420464e-05
6.492598e-05
6.565127e-05
6.638049e-05
6.711365e-05
6.785075e-05
6.859178e-05
6.933675e-05
7.008566e-05
7.083851e-05
7.159530e-05
7.235602e-05
7.312068e-05
7.388927e-05
7.466181e-05
7.543828e-05
7.621869e-05
7.700304e-05
7.779132e-05
7.858354e-05
7.937970e-05
8.017980e-05
8.098384e-05
8.179181e-05
8.260372e-05
8.341956e-05
8.423935e-05
8.506307e-05
8.589073e-05
8.672233e-05
8.755786e-05
8.839733e-05
8.924074e-05
9.008809e-05
9.093937e-05
9.179460e-05
9.265375e-05
9.351685e-05
9.438389e-05
9.525486e-05
9.612977e-05
9.700861e-05
9.789140e-05
9.877812e-05
9.966878e-05
1.005634e-04
1.014619e-04
1.023644e-04
1.032708e-04
1.041811e-04
1.050954e-04
1.060136e-04
1.069358e-04
1.078619e-04
1.087919e-04
1.097259e-04
1.106638e-04
1.116057e-04
1.125514e-04
1.135012e-04
1.144548e-04
1.154124e-04
1.163740e-04
1.173394e-04
1.183088e-04
1.192822e-04
1.202595e-04
1.212407e-04
1.222258e-04
1.232149e-04
1.242080e-04
1.252049e-04
1.262059e-04
1.272107e-04
1.282195e-04
1.292322e-04
1.302489e-04
1.312695e-04
1.322940e-04
1.333225e-04
1.343549e-04
1.353912e-04
1.364315e-04
1.374757e-04
1.385239e-04
1.395760e-04
1.406320e-04
1.416920e-04
1.427559e-04
1.438237e-04
1.448955e-04
1.459712e-04
1.470509e-04
1.481345e-04
1.492220e-04
1.503135e-04
1.514089e-04
1.525083e-04
1.536115e-04
1.547188e-04
1.558299e-04
1.569450e-04
1.580640e-04
1.591870e-04
1.603139e-04
1.614448e-04
1.625796e-04
1.637183e-04
1.648609e-04
1.660075e-04
1.671581e-04
1.683125e-04
1.694709e-04
1.706333e-04
1.717996e-04
1.729698e-04
1.741440e-04
1.753220e-04
1.765041e-04
1.776901e-04
1.788800e-04
1.800738e-04
1.812716e-04
1.824733e-04
1.836790e-04
1.848886e-04
1.861021e-04
1.873196e-04
1.885410e-04
1.897663e-04
1.909956e-04
1.922288e-04
1.934660e-04
1.947071e-04
1.959521e-04
1.972011e-04
1.984540e-04
1.997108e-04
2.009716e-04
2.022363e-04
2.035050e-04
2.047776e-04
2.060541e-04
2.073346e-04
2.086190e-04
2.099073e-04
2.111996e-04
2.124958e-04
2.137960e-04
2.151001e-04
2.164081e-04
2.177201e-04
2.190360e-04
2.203559e-04
2.216796e-04
2.230074e-04
2.243390e-04
2.256746e-04
2.270141e-04
2.283576e-04
2.297050e-04
2.310564e-04
2.324116e-04
2.337709e-04
2.351340e-04
2.365011e-04
2.378722e-04
2.392471e-04
2.406260e-04
2.420089e-04
2.433957e-04
2.447864e-04
2.461810e-04
2.475796e-04
2.489822e-04
2.503886e-04
2.517990e-04
2.532134e-04
2.546317e-04
2.560539e-04
2.574800e-04
2.589101e-04
2.603442e-04
2.617821e-04
2.632240e-04
2.646699e-04
2.661197e-04
2.675734e-04
2.690310e-04
2.704926e-04
2.719582e-04
2.734276e-04
2.749011e-04
2.763784e-04
2.778597e-04
2.793449e-04
2.808341e-04
2.823271e-04
2.838242e-04
2.853251e-04
2.868301e-04
2.883389e-04
2.898517e-04
2.913684e-04
2.928891e-04
2.944137e-04
2.959422e-04
2.974747e-04
2.990111e-04
3.005514e-04
3.020957e-04
3.036439e-04
3.051961e-04
3.067522e-04
3.083122e-04
3.098762e-04
3.114441e-04
3.130159e-04
3.145917e-04
3.161714e-04
3.177551e-04
3.193427e-04
3.209342e-04
3.225297e-04
3.241291e-04
3.257324e-04
3.273397e-04
3.289509e-04
3.305661e-04
3.321852e-04
3.338082e-04
3.354352e-04
3.370661e-04
3.387009e-04
3.403397e-04
3.419824e-04
3.436291e-04
3.452797e-04
3.469342e-04
3.485927e-04
3.502551e-04
3.519214e-04
3.535917e-04
3.552659e-04
3.569441e-04
3.586262e-04
3.603122e-04
3.620022e-04
3.636961e-04
3.653939e-04
3.670957e-04
3.688014e-04
3.705111e-04
3.722247e-04
3.739422e-04
3.756637e-04
3.773891e-04
3.791184e-04
3.808517e-04
3.825889e-04
3.843301e-04
3.860752e-04
3.878242e-04
3.895772e-04
3.913341e-04
3.930949e-04
3.948597e-04
3.966284e-04
3.984011e-04
4.001777e-04
4.019582e-04
4.037427e-04
4.055311e-04
4.073234e-04
4.091197e-04
4.109199e-04
4.127241e-04
4.145322e-04
4.163442e-04
4.181602e-04
4.199801e-04
4.218039e-04
4.236317e-04
4.254634e-04
4.272991e-04
4.291387e-04
4.309822e-04
4.328297e-04
4.346811e-04
4.365364e-04
4.383957e-04
4.402589e-04
4.421261e-04
4.439971e-04
4.458722e-04
4.477511e-04
4.496341e-04
4.515209e-04
4.534117e-04
4.553064e-04
4.572050e-04
4.591076e-04
4.610142e-04
4.629246e-04
4.648390e-04
4.667574e-04
4.686797e-04
4.706059e-04
4.725360e-04
4.744701e-04
4.764082e-04
4.783501e-04
4.802960e-04
4.822459e-04
4.841997e-04
4.861574e-04
4.881190e-04
4.900846e-04
4.920542e-04
4.940276e-04
4.960050e-04
4.979864e-04
4.999717e-04
5.019609e-04
5.039540e-04
5.059511e-04
5.079521e-04
5.099571e-04
5.119660e-04
5.139789e-04
5.159956e-04
5.180164e-04
5.200410e-04
5.220696e-04
5.241021e-04
5.261386e-04
5.281790e-04
5.302233e-04
5.322716e-04
5.343238e-04
5.363800e-04
5.384401e-04
5.405041e-04
5.425721e-04
5.446440e-04
5.467198e-04
5.487996e-04
5.508833e-04
5.529710e-04
5.550626e-04
5.571581e-04
5.592576e-04
5.613610e-04
5.634683e-04
5.655796e-04
5.676948e-04
5.698140e-04
5.719371e-04
5.740641e-04
5.761951e-04
5.783300e-04
5.804688e-04
5.826116e-04
5.847583e-04
5.869090e-04
5.890636e-04
5.912221e-04
5.933846e-04
5.955510e-04
5.977213e-04
5.998956e-04
6.020738e-04
6.042559e-04
6.064420e-04
6.086321e-04
6.108260e-04
6.130239e-04
6.152258e-04
6.174316e-04
6.196413e-04
6.218549e-04
6.240725e-04
6.262941e-04
6.285195e-04
6.307489e-04
6.329823e-04
6.352195e-04
6.374608e-04
6.397059e-04
6.419550e-04
6.442080e-04
6.464650e-04
6.487259e-04
6.509908e-04
6.532595e-04
6.555322e-04
6.578089e-04
6.600895e-04
6.623740e-04
6.646625e-04
6.669549e-04
6.692512e-04
6.715515e-04
6.738557e-04
6.761639e-04
6.784760e-04
6.807920e-04
6.831120e-04
6.854359e-04
6.877637e-04
6.900955e-04
6.924312e-04
6.947709e-04
6.971145e-04
6.994620e-04
7.018134e-04
7.041689e-04
7.065282e-04
7.088915e-04
7.112587e-04
7.136298e-04
7.160049e-04
7.183840e-04
7.207669e-04
7.231538e-04
7.255447e-04
7.279395e-04
7.303382e-04
7.327408e-04
7.351474e-04
7.375579e-04
7.399724e-04
7.423908e-04
7.448132e-04
7.472394e-04
7.496696e-04
7.521038e-04
7.545419e-04
7.569839e-04
7.594299e-04
7.618798e-04
7.643336e-04
7.667914e-04
7.692531e-04
7.717188e-04
7.741884e-04
7.766619e-04
7.791394e-04
7.816208e-04
7.841061e-04
7.865954e-04
7.890886e-04
7.915858e-04
7.940868e-04
7.965919e-04
7.991008e-04
8.016137e-04
8.041306e-04
8.066514e-04
8.091761e-04
8.117047e-04
8.142373e-04
8.167738e-04
8.193143e-04
8.218587e-04
8.244071e-04
8.269593e-04
8.295155e-04
8.320757e-04
8.346398e-04
8.372078e-04
8.397798e-04
8.423557e-04
8.449355e-04
8.475193e-04
8.501070e-04
8.526987e-04
8.552943e-04
8.578938e-04
8.604973e-04
8.631047e-04
8.657160e-04
8.683313e-04
8.709505e-04
8.735736e-04
8.762007e-04
8.788318e-04
8.814667e-04
8.841056e-04
8.867485e-04
8.893952e-04
8.920460e-04
8.947006e-04
8.973592e-04
9.000217e-04
9.026882e-04
9.053586e-04
9.080329e-04
9.107112e-04
9.133934e-04
9.160796e-04
9.187697e-04
9.214637e-04
9.241617e-04
9.268636e-04
9.295694e-04
9.322792e-04
9.349929e-04
9.377106e-04
9.404321e-04
9.431577e-04
9.458871e-04
9.486205e-04
9.513579e-04
9.540992e-04
9.568444e-04
9.595935e-04
9.623466e-04
9.651036e-04
9.678646e-04
9.706295e-04
9.733983e-04
9.761711e-04
9.789478e-04
9.817285e-04
9.845131e-04
9.873016e-04
9.900941e-04
9.928905e-04
9.956908e-04
9.984951e-04
1.001303e-03
1.004115e-03
1.006932e-03
1.009752e-03
1.012576e-03
1.015403e-03
1.018235e-03
1.021071e-03
1.023911e-03
1.026754e-03
1.029602e-03
1.032454e-03
1.035309e-03
1.038168e-03
1.041032e-03
1.043899e-03
1.046770e-03
1.049645e-03
1.052524e-03
1.055408e-03
1.058294e-03
1.061185e-03
1.064080e-03
1.066979e-03
1.069882e-03
1.072788e-03
1.075699e-03
1.078613e-03
1.081532e-03
1.084454e-03
1.087381e-03
1.090311e-03
1.093245e-03
1.096183e-03
1.099125e-03
1.102071e-03
1.105021e-03
1.107975e-03
1.110933e-03
1.113895e-03
1.116861e-03
1.119830e-03
1.122804e-03
1.125781e-03
1.128763e-03
1.131748e-03
1.134738e-03
1.137731e-03
1.140728e-03
1.143729e-03
1.146734e-03
1.149743e-03
1.152756e-03
1.155773e-03
1.158794e-03
1.161819e-03
1.164848e-03
1.167880e-03
1.170917e-03
1.173957e-03
1.177002e-03
1.180050e-03
1.183103e-03
1.186159e-03
1.189219e-03
1.192283e-03
1.195351e-03
1.198423e-03
1.201499e-03
1.204579e-03
1.207663e-03
1.210751e-03
1.213842e-03
1.216938e-03
1.220038e-03
1.223141e-03
1.226249e-03
1.229360e-03
1.232475e-03
1.235595e-03
1.238718e-03
1.241845e-03
1.244976e-03
1.248111e-03
1.251250e-03
1.254393e-03
1.257540e-03
1.260691e-03
1.263845e-03
1.267004e-03
1.270167e-03
1.273333e-03
1.276504e-03
1.279678e-03
1.282856e-03
1.286039e-03
1.289225e-03
1.292415e-03
1.295609e-03
1.298807e-03
1.302009e-03
1.305215e-03
1.308425e-03
1.311639e-03
1.314856e-03
1.318078e-03
1.321304e-03
1.324533e-03
1.327767e-03
1.331004e-03
1.334245e-03
1.337491e-03
1.340740e-03
1.343993e-03
1.347250e-03
1.350511e-03
1.353776e-03
1.357045e-03
1.360318e-03
1.363594e-03
1.366875e-03
1.370160e-03
1.373448e-03
1.376741e-03
1.380037e-03
1.383338e-03
1.386642e-03
1.389950e-03
1.393263e-03
1.396579e-03
1.399899e-03
1.403223e-03
1.406551e-03
1.409883e-03
1.413219e-03
1.416558e-03
1.419902e-03
1.423250e-03
1.426601e-03
1.429957e-03
1.433316e-03
1.436680e-03
1.440047e-03
1.443418e-03
1.446794e-03
1.450173e-03
1.453556e-03
1.456943e-03
1.460334e-03
1.463729e-03
1.467128e-03
1.470530e-03
1.473937e-03
1.477348e-03
1.480762e-03
1.484181e-03
1.487603e-03
1.491030e-03
1.494460e-03
1.497894e-03
1.501332e-03
1.504775e-03
1.508221e-03
1.511671e-03
1.515125e-03
1.518583e-03
1.522044e-03
1.525510e-03
1.528980e-03
1.532454e-03
1.535931e-03
1.539413e-03
1.542898e-03
1.546388e-03
1.549881e-03
1.553378e-03
1.556879e-03
1.560384e-03
1.563894e-03
1.567407e-03
1.570924e-03
1.574444e-03
1.577969e-03
1.581498e-03
1.585031e-03
1.588567e-03
1.592108e-03
1.595653e-03
1.599201e-03
1.602753e-03
1.606310e-03
1.609870e-03
1.613434e-03
1.617002e-03
1.620574e-03
1.624150e-03
1.627730e-03
1.631314e-03
1.634902e-03
1.638494e-03
1.642090e-03
1.645689e-03
1.649293e-03
1.652900e-03
1.656512e-03
1.660127e-03
1.663747e-03
1.667370e-03
1.670997e-03
1.674628e-03
1.678263e-03
1.681902e-03
1.685545e-03
1.689192e-03
1.692843e-03
1.696498e-03
1.700157e-03
1.703819e-03
1.707486e-03
1.711156e-03
1.714831e-03
1.718509e-03
1.722192e-03
1.725878e-03
1.729568e-03
1.733262e-03
1.736960e-03
1.740662e-03
1.744368e-03
1.748078e-03
1.751792e-03
1.755510e-03
1.759231e-03
1.762957e-03
1.766687e-03
1.770420e-03
1.774158e-03
1.777899e-03
1.781644e-03
1.785394e-03
1.789147e-03
1.792904e-03
1.796665e-03
1.800430e-03
1.804199e-03
1.807972e-03
1.811749e-03
1.815530e-03
1.819314e-03
1.823103e-03
1.826896e-03
1.830692e-03
1.834493e-03
1.838297e-03
1.842105e-03
1.845918e-03
1.849734e-03
1.853554e-03
1.857378e-03
1.861206e-03
1.865038e-03
1.868874e-03
1.872714e-03
1.876557e-03
1.880405e-03
1.884257e-03
1.888112e-03
1.891972e-03
1.895835e-03
1.899703e-03
1.903574e-03
1.907449e-03
1.911329e-03
1.915212e-03
1.919099e-03
1.922990e-03
1.926885e-03
1.930784e-03
1.934687e-03
1.938593e-03
1.942504e-03
1.946419e-03
1.950337e-03
1.954260e-03
1.958186e-03
1.962117e-03
1.966051e-03
1.969989e-03
1.973931e-03
1.977878e-03
1.981828e-03
1.985782e-03
1.989740e-03
1.993702e-03
1.997667e-03
2.001637e-03
2.005611e-03
2.009589e-03
2.013570e-03
2.017556e-03
2.021545e-03
2.025539e-03
2.029536e-03
2.033537e-03
2.037542e-03
2.041551e-03
2.045565e-03
2.049582e-03
2.053603e-03
2.057627e-03
2.061656e-03
2.065689e-03
2.069726e-03
2.073766e-03
2.077811e-03
2.081860e-03
2.085912e-03
2.089968e-03
2.094029e-03
2.098093e-03
2.102161e-03
2.106233e-03
2.110309e-03
2.114389e-03
2.118473e-03
2.122561e-03
2.126653e-03
2.130749e-03
2.134849e-03
2.138952e-03
2.143060e-03
2.147171e-03
2.151287e-03
2.155406e-03
2.159530e-03
2.163657e-03
2.167788e-03
2.171923e-03
2.176062e-03
2.180205e-03
2.184352e-03
2.188503e-03
2.192658e-03
2.196817e-03
2.200979e-03
2.205146e-03
2.209317e-03
2.213491e-03
2.217670e-03
2.221852e-03
2.226038e-03
2.230229e-03
2.234423e-03
2.238621e-03
2.242823e-03
2.247029e-03
2.251239e-03
2.255453e-03
2.259671e-03
2.263893e-03
2.268118e-03
2.272348e-03
2.276582e-03
2.280819e-03
2.285061e-03
2.289306e-03
2.293555e-03
2.297809e-03
2.302066e-03
2.306327e-03
2.310592e-03
2.314861e-03
2.319134e-03
2.323411e-03
2.327692e-03
2.331976e-03
2.336265e-03
2.340558e-03
2.344854e-03
2.349155e-03
2.353459e-03
2.357768e-03
2.362080e-03
2.366396e-03
2.370717e-03
2.375041e-03
2.379369e-03
2.383701e-03
2.388037e-03
2.392377e-03
2.396721e-03
2.401068e-03
2.405420e-03
2.409776e-03
2.414135e-03
2.418499e-03
2.422866e-03
2.427238e-03
2.431613e-03
2.435992e-03
2.440375e-03
2.444763e-03
2.449154e-03
2.453549e-03
2.457948e-03
2.462351e-03
2.466757e-03
2.471168e-03
2.475583e-03
2.480002e-03
2.484424e-03
2.488851e-03
2.493281e-03
2.497715e-03
2.502154e-03
2.506596e-03
2.511042e-03
2.515492e-03
2.519947e-03
2.524405e-03
2.528866e-03
2.533332e-03
2.537802e-03
2.542276e-03
2.546754e-03
2.551235e-03
2.555721e-03
2.560210e-03
2.564704e-03
2.569201e-03
2.573703e-03
2.578208e-03
2.582717e-03
2.587230e-03
2.591747e-03
2.596268e-03
2.600793e-03
2.605322e-03
2.609855e-03
2.614392e-03
2.618933e-03
2.623477e-03
2.628026e-03
2.632578e-03
2.637135e-03
2.641695e-03
2.646259e-03
2.650828e-03
2.655400e-03
2.659976e-03
2.664556e-03
2.669140e-03
2.673728e-03
2.678320e-03
2.682916e-03
2.687516e-03
2.692119e-03
2.696727e-03
2.701339e-03
2.705954e-03
2.710574e-03
2.715197e-03
2.719824e-03
2.724456e-03
2.729091e-03
2.733730e-03
2.738373e-03
2.743020e-03
2.747671e-03
2.752326e-03
2.756985e-03
2.761647e-03
2.766314e-03
2.770985e-03
2.775659e-03
2.780338e-03
2.785020e-03
2.789707e-03
2.794397e-03
2.799091e-03
2.803790e-03
2.808492e-03
2.813198e-03
2.817908e-03
2.822622e-03
2.827340e-03
2.832062e-03
2.836787e-03
2.841517e-03
2.846251e-03
2.850988e-03
2.855730e-03
2.860475e-03
2.865225e-03
2.869978e-03
2.874735e-03
2.879496e-03
2.884262e-03
2.889031e-03
2.893804e-03
2.898581e-03
2.903362e-03
2.908146e-03
2.912935e-03
2.917728e-03
2.922524e-03
2.927325e-03
2.932130e-03
2.936938e-03
2.941750e-03
2.946567e-03
2.951387e-03
2.956211e-03
2.961039e-03
2.965871e-03
2.970707e-03
2.975547e-03
2.980391e-03
2.985239e-03
2.990091e-03
2.994947e-03
2.999806e-03
3.004670e-03
3.009537e-03
3.014409e-03
3.019284e-03
3.024164e-03
3.029047e-03
3.033934e-03
3.038825e-03
3.043720e-03
3.048619e-03
3.053522e-03
3.058429e-03
3.063340e-03
3.068255e-03
3.073173e-03
3.078096e-03
3.083023e-03
3.087953e-03
3.092888e-03
3.097826e-03
3.102768e-03
3.107715e-03
3.112665e-03
3.117619e-03
3.122577e-03
3.127539e-03
3.132505e-03
3.137475e-03
3.142449e-03
3.147427e-03
3.152408e-03
3.157394e-03
3.162383e-03
3.167377e-03
3.172374e-03
3.177376e-03
3.182381e-03
3.187390e-03
3.192404e-03
3.197421e-03
3.202442e-03
3.207467e-03
3.212496e-03
3.217529e-03
3.222566e-03
3.227606e-03
3.232651e-03
3.237700e-03
3.242752e-03
3.247809e-03
3.252869e-03
3.257934e-03
3.263002e-03
3.268074e-03
3.273150e-03
3.278231e-03
3.283315e-03
3.288403e-03
3.293495e-03
3.298591e-03
3.303690e-03
3.308794e-03
3.313902e-03
3.319013e-03
3.324129e-03
3.329249e-03
3.334372e-03
3.339499e-03
3.344631e-03
3.349766e-03
3.354905e-03
3.360048e-03
3.365195e-03
3.370346e-03
3.375501e-03
3.380660e-03
3.385823e-03
3.390990e-03
3.396161e-03
3.401335e-03
3.406514e-03
3.411696e-03
3.416883e-03
3.422073e-03
3.427268e-03
3.432466e-03
3.437668e-03
3.442874e-03
3.448084e-03
3.453298e-03
3.458516e-03
3.463738e-03
3.468964e-03
3.474194e-03
3.479427e-03
3.484665e-03
3.489907e-03
3.495152e-03
3.500402e-03
3.505655e-03
3.510912e-03
3.516174e-03
3.521439e-03
3.526708e-03
3.531981e-03
3.537258e-03
3.542539e-03
3.547824e-03
3.553113e-03
3.558406e-03
3.563702e-03
3.569003e-03
3.574307e-03
3.579616e-03
3.584928e-03
3.590245e-03
3.595565e-03
3.600889e-03
3.606218e-03
3.611550e-03
3.616886e-03
3.622226e-03
3.627570e-03
3.632918e-03
3.638270e-03
3.643625e-03
3.648985e-03
3.654349e-03
3.659716e-03
3.665088e-03
3.670463e-03
3.675843e-03
3.681226e-03
3.686613e-03
3.692004e-03
3.697400e-03
3.702799e-03
3.708202e-03
3.713609e-03
3.719019e-03
3.724434e-03
3.729853e-03
3.735276e-03
3.740702e-03
3.746133e-03
3.751568e-03
3.757006e-03
3.762448e-03
3.767895e-03
3.773345e-03
3.778799e-03
3.784257e-03
3.789719e-03
3.795185e-03
3.800655e-03
3.806129e-03
3.811607e-03
3.817089e-03
3.822575e-03
3.828064e-03
3.833558e-03
3.839055e-03
3.844557e-03
3.850062e-03
3.855571e-03
3.861085e-03
3.866602e-03
3.872123e-03
3.877648e-03
3.883177e-03
3.888710e-03
3.894247e-03
3.899788e-03
3.905333e-03
3.910881e-03
3.916434e-03
3.921991e-03
3.927551e-03
3.933116e-03
3.938684e-03
3.944256e-03
3.949832e-03
3.955413e-03
3.960997e-03
3.966585e-03
3.972177e-03
3.977773e-03
3.983373e-03
3.988977e-03
3.994584e-03
4.000196e-03
4.005812e-03
4.011431e-03
4.017055e-03
4.022682e-03
4.028314e-03
4.033949e-03
4.039588e-03
4.045231e-03
4.050879e-03
4.056530e-03
4.062185e-03
4.067844e-03
4.073507e-03
4.079173e-03
4.084844e-03
4.090519e-03
4.096197e-03
4.101880e-03
4.107567e-03
4.113257e-03
4.118951e-03
4.124650e-03
4.130352e-03
4.136058e-03
4.141768e-03
4.147482e-03
4.153200e-03
4.158922e-03
4.164648e-03
4.170378e-03
4.176112e-03
4.181850e-03
4.187591e-03
4.193337e-03
4.199086e-03
4.204840e-03
4.210597e-03
4.216359e-03
4.222124e-03
4.227893e-03
4.233666e-03
4.239443e-03
4.245224e-03
4.251009e-03
4.256798e-03
4.262591e-03
4.268388e-03
4.274188e-03
4.279993e-03
4.285802e-03
4.291614e-03
4.297431e-03
4.303251e-03
4.309075e-03
4.314904e-03
4.320736e-03
4.326572e-03
4.332412e-03
4.338256e-03
4.344104e-03
4.349956e-03
4.355812e-03
4.361671e-03
4.367535e-03
4.373403e-03
4.379274e-03
4.385150e-03
4.391029e-03
4.396913e-03
4.402800e-03
4.408691e-03
4.414586e-03
4.420486e-03
4.426389e-03
4.432296e-03
4.438207e-03
4.444122e-03
4.450040e-03
4.455963e-03
4.461890e-03
4.467821e-03
4.473755e-03
4.479694e-03
4.485636e-03
4.491582e-03
4.497533e-03
4.503487e-03
4.509445e-03
4.515407e-03
4.521373e-03
4.527343e-03
4.533317e-03
4.539295e-03
4.545277e-03
4.551263e-03
4.557253e-03
4.563246e-03
4.569244e-03
4.575245e-03
4.581251e-03
4.587260e-03
4.592609e-03
4.597938e-03
4.603247e-03
4.608537e-03
4.613807e-03
4.619057e-03
4.624288e-03
4.629499e-03
4.634691e-03
4.639862e-03
4.645015e-03
4.650147e-03
4.655260e-03
4.660354e-03
4.665427e-03
4.670481e-03
4.675516e-03
4.680530e-03
4.685526e-03
4.690501e-03
4.695457e-03
4.700393e-03
4.705310e-03
4.710207e-03
4.715084e-03
4.719942e-03
4.724780e-03
4.729598e-03
4.734397e-03
4.739176e-03
4.743936e-03
4.748676e-03
4.753396e-03
4.758097e-03
4.762778e-03
4.767439e-03
4.772081e-03
4.776703e-03
4.781305e-03
4.785888e-03
4.790451e-03
4.794995e-03
4.799519e-03
4.804023e-03
4.808508e-03
4.812973e-03
4.817418e-03
4.821844e-03
4.826250e-03
4.830636e-03
4.835003e-03
4.839350e-03
4.843678e-03
4.847986e-03
4.852274e-03
4.856543e-03
4.860792e-03
4.865021e-03
4.869231e-03
4.873421e-03
4.877591e-03
4.881742e-03
4.885873e-03
4.889985e-03
4.894077e-03
4.898149e-03
4.902202e-03
4.906235e-03
4.910248e-03
4.914242e-03
4.918216e-03
4.922171e-03
4.926106e-03
4.930021e-03
4.933916e-03
4.937792e-03
4.941649e-03
4.945485e-03
4.949302e-03
4.953100e-03
4.956877e-03
4.960636e-03
4.964374e-03
4.968093e-03
4.971792e-03
4.975472e-03
4.979132e-03
4.982772e-03
4.986393e-03
4.989994e-03
4.993575e-03
4.997137e-03
5.000679e-03
5.004202e-03
5.007705e-03
5.011188e-03
5.014651e-03
5.018095e-03
5.021520e-03
5.024925e-03
5.028310e-03
5.031675e-03
5.035021e-03
5.038347e-03
5.041654e-03
5.044940e-03
5.048208e-03
5.051455e-03
5.054683e-03
5.057892e-03
5.061080e-03
5.064249e-03
5.067399e-03
5.070529e-03
5.073639e-03
5.076729e-03
5.079800e-03
5.082852e-03
5.085883e-03
5.088895e-03
5.091888e-03
5.094860e-03
5.097813e-03
5.100747e-03
5.103661e-03
5.106555e-03
5.109429e-03
5.112284e-03
5.115120e-03
5.117935e-03
5.120731e-03
5.123508e-03
5.126264e-03
5.129002e-03
5.131719e-03
5.134417e-03
5.137095e-03
5.139754e-03
5.142393e-03
5.145012e-03
5.147612e-03
5.150192e-03
5.152752e-03
5.155293e-03
5.157814e-03
5.160315e-03
5.162797e-03
5.165259e-03
5.167702e-03
5.170125e-03
5.172528e-03
5.174912e-03
5.177276e-03
5.179620e-03
5.181945e-03
5.184250e-03
5.186536e-03
5.188802e-03
5.191048e-03
5.193275e-03
5.195482e-03
5.197669e-03
5.199837e-03
5.201985e-03
5.204113e-03
5.206222e-03
5.208311e-03
5.210381e-03
5.212430e-03
5.214461e-03
5.216471e-03
5.218462e-03
5.220434e-03
5.222385e-03
5.224317e-03
5.226230e-03
5.228123e-03
5.229996e-03
5.231849e-03
5.233683e-03
5.235497e-03
5.237292e-03
5.239067e-03
5.240822e-03
5.242558e-03
5.244274e-03
5.245971e-03
5.247648e-03
5.249305e-03
5.250942e-03
5.252560e-03
5.254158e-03
5.255737e-03
5.257296e-03
5.258835e-03
5.260355e-03
5.261855e-03
5.263336e-03
5.264797e-03
5.266238e-03
5.267659e-03
5.269061e-03
5.270444e-03
5.271806e-03
5.273149e-03
5.274473e-03
5.275776e-03
5.277061e-03
5.278325e-03
5.279570e-03
5.280795e-03
5.282001e-03
5.283187e-03
5.284353e-03
5.285500e-03
5.286627e-03
5.287734e-03
5.288822e-03
5.289890e-03
5.290938e-03
5.291967e-03
5.292976e-03
5.293966e-03
5.294936e-03
5.295886e-03
5.296817e-03
5.297728e-03
5.298619e-03
5.299491e-03
5.300343e-03
5.301176e-03
5.301989e-03
5.302782e-03
5.303556e-03
5.304310e-03
5.305044e-03
5.305759e-03
5.306454e-03
5.307129e-03
5.307785e-03
5.308421e-03
5.309038e-03
5.309634e-03
5.310212e-03
5.310769e-03
5.311307e-03
5.311826e-03
5.312324e-03
5.312803e-03
5.313263e-03
5.313703e-03
5.314123e-03
5.314523e-03
5.314904e-03
5.315266e-03
5.315607e-03
5.315929e-03
5.316231e-03
5.316514e-03
5.316777e-03
5.317021e-03
5.317245e-03
5.317449e-03
5.317633e-03
5.317798e-03
5.317943e-03
5.318069e-03
5.318175e-03
5.318262e-03
5.318328e-03
5.318375e-03
5.318403e-03
5.318411e-03
5.318399e-03
5.318367e-03
5.318316e-03
5.318246e-03
5.318155e-03
5.318045e-03
5.317916e-03
5.317766e-03
5.317598e-03
5.317409e-03
5.317201e-03
5.316973e-03
5.316726e-03
5.316459e-03
5.316172e-03
5.315866e-03
5.315540e-03
5.315194e-03
5.314829e-03
5.314444e-03
5.314039e-03
5.313615e-03
5.313172e-03
5.312708e-03
5.312225e-03
5.311722e-03
5.311200e-03
5.310880e-03
5.310880e-03
5.310880e-03
5.310880e-03
5.310880e-03
5.310880e-03
5.310880e-03
5.310880e-03
5.310880e-03
5.310880e-03
5.310880e-03
5.310880e-03
5.310880e-03
5.310880e-03
5.310880e-03
5.310880e-03
5.310880e-03
5.310880e-03
5.310880e-03
5.310880e-03
5.310880e-03
5.310880e-03
5.310880e-03
5.310880e-03
5.310880e-03
5.310880e-03
5.310880e-03
5.310880e-03
5.310880e-03
5.310880e-03
5.310880e-03
5.310880e-03
5.310880e-03
5.310880e-03
5.310880e-03
5.310880e-03
5.310880e-03
5.310880e-03
5.310880e-03
5.310880e-03
5.310880e-03
5.310880e-03
5.310880e-03
5.310880e-03
5.310880e-03
5.310880e-03
5.310880e-03
5.310880e-03
5.310880e-03
5.310880e-03
5.310880e-03
5.310880e-03
5.310880e-03
5.310880e-03
5.310880e-03
5.310880e-03
5.310880e-03
5.310880e-03
5.310880e-03
5.310880e-03
5.310880e-03
5.310880e-03
5.310880e-03
5.310880e-03
5.310880e-03
5.310880e-03
5.310880e-03
5.310880e-03
5.310880e-03
5.310880e-03
5.310880e-03
5.310880e-03
5.310880e-03
5.310880e-03
5.310880e-03
5.310880e-03
5.310880e-03
5.310880e-03
5.310880e-03
5.310880e-03
5.310880e-03
5.310880e-03
5.310880e-03
5.310880e-03
5.310880e-03
5.310880e-03
5.310880e-03
5.310880e-03
5.310880e-03
5.310880e-03
5.310880e-03
5.310880e-03
5.310880e-03
5.310880e-03
5.310880e-03
5.310880e-03
5.310880e-03
5.310880e-03
5.310880e-03
5.310880e-03
5.310880e-03
5.310880e-03
5.310880e-03
5.310880e-03
5.310880e-03
5.310880e-03
5.310880e-03
5.310880e-03
5.310880e-03
5.310880e-03
5.310880e-03
5.310880e-03
5.310880e-03
5.310880e-03
5.310880e-03
5.310880e-03
5.310880e-03
5.310880e-03
5.310880e-03
5.310880e-03
5.310880e-03
5.310880e-03
5.310880e-03
5.310880e-03
5.310880e-03
5.310880e-03
5.310880e-03
5.310880e-03
5.310880e-03
5.310880e-03
5.310880e-03
5.310880e-03
5.310880e-03
5.310880e-03
5.310880e-03
5.310880e-03
5.310880e-03
5.310880e-03
5.310880e-03
5.310880e-03
5.310880e-03
5.310880e-03
5.310880e-03
5.310880e-03
5.310880e-03
5.310880e-03
5.310880e-03
5.310880e-03
5.310880e-03
5.310880e-03
5.310880e-03
5.310880e-03
5.310880e-03
5.310880e-03
5.310880e-03
5.310880e-03
5.310880e-03
5.310880e-03
5.310880e-03
5.310880e-03
5.310880e-03
5.310880e-03
5.310880e-03
5.310880e-03
5.310880e-03
5.310880e-03
5.310880e-03
5.310880e-03
5.310880e-03
5.310880e-03
5.310880e-03
5.310880e-03
5.310880e-03
5.310880e-03
5.310880e-03
5.310880e-03
5.310880e-03
5.310880e-03
5.310880e-03
5.310880e-03
5.310880e-03
5.310880e-03
5.310880e-03
5.310880e-03
5.310880e-03
5.310880e-03
5.310880e-03
5.310880e-03
5.310880e-03
5.310880e-03
5.310880e-03
5.310880e-03
5.310880e-03
5.310880e-03
5.310880e-03
5.310880e-03
5.310880e-03
5.310880e-03
5.310880e-03
5.310880e-03
5.310880e-03
