0.000000e+00
1.110371e-07
2.259702e-07
3.447994e-07
4.675246e-07
5.941458e-07
7.246631e-07
8.590764e-07
9.973858e-07
1.139591e-06
1.285693e-06
1.435690e-06
1.589584e-06
1.747373e-06
1.909059e-06
2.074640e-06
2.244118e-06
2.417492e-06
2.594761e-06
2.775927e-06
2.960989e-06
3.149947e-06
3.342801e-06
3.539551e-06
3.740197e-06
3.944739e-06
4.153177e-06
4.365511e-06
4.581741e-06
4.801867e-06
5.025889e-06
5.253807e-06
5.485622e-06
5.721332e-06
5.960938e-06
6.204441e-06
6.451839e-06
6.703134e-06
6.958324e-06
7.217411e-06
7.480393e-06
7.747272e-06
8.018046e-06
8.292717e-06
8.571284e-06
8.853747e-06
9.140105e-06
9.430360e-06
9.724511e-06
1.002256e-05
1.032450e-05
1.063034e-05
1.094008e-05
1.125371e-05
1.157123e-05
1.189266e-05
1.221798e-05
1.254719e-05
1.288030e-05
1.321731e-05
1.355821e-05
1.390301e-05
1.425171e-05
1.460430e-05
1.496079e-05
1.532117e-05
1.568545e-05
1.605363e-05
1.642570e-05
1.680166e-05
1.718153e-05
1.756529e-05
1.795294e-05
1.834450e-05
1.873994e-05
1.913929e-05
1.954253e-05
1.994966e-05
2.036070e-05
2.077562e-05
2.119445e-05
2.161717e-05
2.204378e-05
2.247430e-05
2.290870e-05
2.334701e-05
2.378921e-05
2.423531e-05
2.468530e-05
2.513919e-05
2.559697e-05
2.605865e-05
2.652423e-05
2.699370e-05
2.746707e-05
2.794433e-05
2.842549e-05
2.891055e-05
2.939950e-05
2.989235e-05
3.038910e-05
3.088974e-05
3.139428e-05
3.190271e-05
3.241504e-05
3.293126e-05
3.345138e-05
3.397540e-05
3.450331e-05
3.503512e-05
3.557083e-05
3.611043e-05
3.665393e-05
3.720132e-05
3.775261e-05
3.830779e-05
3.886688e-05
3.942985e-05
3.999673e-05
4.056750e-05
4.114216e-05
4.172072e-05
4.230318e-05
4.288954e-05
4.347979e-05
4.407393e-05
4.467197e-05
4.527391e-05
4.587974e-05
4.648947e-05
4.710310e-05
4.772062e-05
4.834204e-05
4.896736e-05
4.959657e-05
5.022967e-05
5.086667e-05
5.150757e-05
5.215237e-05
5.280106e-05
5.345364e-05
5.411013e-05
5.477050e-05
5.543478e-05
5.610295e-05
5.677502e-05
5.745098e-05
5.813084e-05
5.881459e-05
5.950224e-05
6.019379e-05
6.088923e-05
6.158857e-05
6.229181e-05
6.299894e-05
6.370996e-05
6.442489e-05
6.514371e-05
6.586642e-05
6.659303e-05
6.732354e-05
6.805794e-05
6.879624e-05
6.953844e-05
7.028453e-05
7.103452e-05
7.178840e-05
7.254618e-05
7.330785e-05
7.407342e-05
7.484289e-05
7.561626e-05
7.639352e-05
7.717467e-05
7.795972e-05
7.874867e-05
7.954151e-05
8.033825e-05
8.113889e-05
8.194342e-05
8.275185e-05
8.356417e-05
8.438039e-05
8.520051e-05
8.602452e-05
8.685243e-05
8.768423e-05
8.851993e-05
8.935953e-05
9.020302e-05
9.105041e-05
9.190170e-05
9.275688e-05
9.361595e-05
9.447892e-05
9.534579e-05
9.621656e-05
9.709122e-05
9.796977e-05
9.885223e-05
9.973858e-05
1.006288e-04
1.015230e-04
1.024210e-04
1.033229e-04
1.042288e-04
1.051385e-04
1.060521e-04
1.069696e-04
1.078910e-04
1.088163e-04
1.097455e-04
1.106787e-04
1.116156e-04
1.125565e-04
1.135013e-04
1.144500e-04
1.154026e-04
1.163591e-04
1.173194e-04
1.182837e-04
1.192519e-04
1.202239e-04
1.211999e-04
1.221798e-04
1.231635e-04
1.241512e-04
1.251427e-04
1.261381e-04
1.271375e-04
1.281407e-04
1.291478e-04
1.301588e-04
1.311738e-04
1.321926e-04
1.332153e-04
1.342419e-04
1.352724e-04
1.363068e-04
1.373451e-04
1.383873e-04
1.394334e-04
1.404833e-04
1.415372e-04
1.425950e-04
1.436567e-04
1.447222e-04
1.457917e-04
1.468651e-04
1.479423e-04
1.490235e-04
1.501085e-04
1.511974e-04
1.522903e-04
1.533870e-04
1.544877e-04
1.555922e-04
1.567006e-04
1.578129e-04
1.589291e-04
1.600492e-04
1.611733e-04
1.623012e-04
1.634330e-04
1.645687e-04
1.657082e-04
1.668517e-04
1.679991e-04
1.691504e-04
1.703056e-04
1.714646e-04
1.726276e-04
1.737945e-04
1.749652e-04
1.761399e-04
1.773184e-04
1.785009e-04
1.796872e-04
1.808775e-04
1.820716e-04
1.832696e-04
1.844716e-04
1.856774e-04
1.868871e-04
1.881007e-04
1.893182e-04
1.905396e-04
1.917649e-04
1.929941e-04
1.942272e-04
1.954642e-04
1.967051e-04
1.979499e-04
1.991986e-04
2.004512e-04
2.017076e-04
2.029680e-04
2.042323e-04
2.055004e-04
2.067725e-04
2.080484e-04
2.093283e-04
2.106120e-04
2.118997e-04
2.131912e-04
2.144866e-04
2.157860e-04
2.170892e-04
2.183963e-04
2.197073e-04
2.210222e-04
2.223411e-04
2.236638e-04
2.249904e-04
2.263209e-04
2.276552e-04
2.289935e-04
2.303357e-04
2.316818e-04
2.330318e-04
2.343857e-04
2.357434e-04
2.371051e-04
2.384706e-04
2.398401e-04
2.412135e-04
2.425907e-04
2.439719e-04
2.453569e-04
2.467458e-04
2.481387e-04
2.495354e-04
2.509360e-04
2.523405e-04
2.537490e-04
2.551613e-04
2.565775e-04
2.579976e-04
2.594216e-04
2.608495e-04
2.622813e-04
2.637170e-04
2.651566e-04
2.666000e-04
2.680474e-04
2.694987e-04
2.709539e-04
2.724129e-04
2.738759e-04
2.753428e-04
2.768135e-04
2.782882e-04
2.797667e-04
2.812491e-04
2.827355e-04
2.842257e-04
2.857199e-04
2.872179e-04
2.887198e-04
2.902256e-04
2.917353e-04
2.932489e-04
2.947665e-04
2.962879e-04
2.978132e-04
2.993423e-04
3.008754e-04
3.024124e-04
3.039533e-04
3.054981e-04
3.070468e-04
3.085993e-04
3.101558e-04
3.117162e-04
3.132804e-04
3.148486e-04
3.164206e-04
3.179966e-04
3.195764e-04
3.211602e-04
3.227478e-04
3.243393e-04
3.259348e-04
3.275341e-04
3.291373e-04
3.307444e-04
3.323554e-04
3.339703e-04
3.355891e-04
3.372118e-04
3.388384e-04
3.404689e-04
3.421033e-04
3.437416e-04
3.453838e-04
3.470299e-04
3.486798e-04
3.503337e-04
3.519915e-04
3.536531e-04
3.553187e-04
3.569881e-04
3.586615e-04
3.603387e-04
3.620199e-04
3.637049e-04
3.653938e-04
3.670867e-04
3.687834e-04
3.704840e-04
3.721885e-04
3.738969e-04
3.756092e-04
3.773254e-04
3.790455e-04
3.807695e-04
3.824974e-04
3.842292e-04
3.859649e-04
3.877045e-04
3.894480e-04
3.911953e-04
3.929466e-04
3.947018e-04
3.964608e-04
3.982238e-04
3.999906e-04
4.017614e-04
4.035360e-04
4.053146e-04
4.070970e-04
4.088834e-04
4.106736e-04
4.124677e-04
4.142657e-04
4.160677e-04
4.178735e-04
4.196832e-04
4.214968e-04
4.233143e-04
4.251357e-04
4.269610e-04
4.287902e-04
4.306232e-04
4.324602e-04
4.343011e-04
4.361459e-04
4.379946e-04
4.398471e-04
4.417036e-04
4.435639e-04
4.454282e-04
4.472963e-04
4.491684e-04
4.510443e-04
4.529242e-04
4.548079e-04
4.566955e-04
4.585871e-04
4.604825e-04
4.623818e-04
4.642850e-04
4.661921e-04
4.681031e-04
4.700180e-04
4.719368e-04
4.738595e-04
4.757861e-04
4.777166e-04
4.796510e-04
4.815893e-04
4.835314e-04
4.854775e-04
4.874275e-04
4.893813e-04
4.913391e-04
4.933008e-04
4.952663e-04
4.972358e-04
4.992091e-04
5.011863e-04
5.031675e-04
5.051525e-04
5.071414e-04
5.091343e-04
5.111310e-04
5.131316e-04
5.151361e-04
5.171445e-04
5.191568e-04
5.211730e-04
5.231931e-04
5.252171e-04
5.272450e-04
5.292768e-04
5.313125e-04
5.333520e-04
5.353955e-04
5.374429e-04
5.394941e-04
5.415493e-04
5.436084e-04
5.456713e-04
5.477382e-04
5.498089e-04
5.518835e-04
5.539621e-04
5.560445e-04
5.581308e-04
5.602211e-04
5.623152e-04
5.644132e-04
5.665151e-04
5.686209e-04
5.707306e-04
5.728442e-04
5.749617e-04
5.770831e-04
5.792084e-04
5.813376e-04
5.834707e-04
5.856076e-04
5.877485e-04
5.898933e-04
5.920420e-04
5.941945e-04
5.963510e-04
5.985113e-04
6.006756e-04
6.028437e-04
6.050158e-04
6.071917e-04
6.093715e-04
6.115553e-04
6.137429e-04
6.159344e-04
6.181298e-04
6.203291e-04
6.225323e-04
6.247395e-04
6.269505e-04
6.291654e-04
6.313841e-04
6.336068e-04
6.358334e-04
6.380639e-04
6.402983e-04
6.425366e-04
6.447787e-04
6.470248e-04
6.492748e-04
6.515286e-04
6.537864e-04
6.560480e-04
6.583136e-04
6.605830e-04
6.628563e-04
6.651336e-04
6.674147e-04
6.696997e-04
6.719887e-04
6.742815e-04
6.765782e-04
6.788788e-04
6.811833e-04
6.834917e-04
6.858040e-04
6.881202e-04
6.904403e-04
6.927643e-04
6.950922e-04
6.974239e-04
6.997596e-04
7.020992e-04
7.044427e-04
7.067900e-04
7.091413e-04
7.114964e-04
7.138555e-04
7.162184e-04
7.185853e-04
7.209560e-04
7.233306e-04
7.257092e-04
7.280916e-04
7.304779e-04
7.328681e-04
7.352623e-04
7.376603e-04
7.400622e-04
7.424680e-04
7.448777e-04
7.472913e-04
7.497088e-04
7.521302e-04
7.545554e-04
7.569846e-04
7.594177e-04
7.618547e-04
7.642955e-04
7.667403e-04
7.691890e-04
7.716415e-04
7.740980e-04
7.765583e-04
7.790226e-04
7.814907e-04
7.839627e-04
7.864387e-04
7.889185e-04
7.914022e-04
7.938898e-04
7.963814e-04
7.988768e-04
8.013761e-04
8.038793e-04
8.063864e-04
8.088974e-04
8.114123e-04
8.139311e-04
8.164537e-04
8.189803e-04
8.215108e-04
8.240452e-04
8.265834e-04
8.291256e-04
8.316717e-04
8.342216e-04
8.367755e-04
8.393332e-04
8.418949e-04
8.444604e-04
8.470299e-04
8.496032e-04
8.521804e-04
8.547615e-04
8.573466e-04
8.599355e-04
8.625283e-04
8.651250e-04
8.677256e-04
8.703301e-04
8.729385e-04
8.755508e-04
8.781670e-04
8.807871e-04
8.834111e-04
8.860389e-04
8.886707e-04
8.913064e-04
8.939459e-04
8.965894e-04
8.992368e-04
9.018880e-04
9.045432e-04
9.072022e-04
9.098652e-04
9.125320e-04
9.152027e-04
9.178774e-04
9.205559e-04
9.232383e-04
9.259246e-04
9.286148e-04
9.313090e-04
9.340070e-04
9.367089e-04
9.394147e-04
9.421244e-04
9.448379e-04
9.475554e-04
9.502768e-04
9.530021e-04
9.557313e-04
9.584643e-04
9.612013e-04
9.639422e-04
9.666869e-04
9.694356e-04
9.721881e-04
9.749446e-04
9.777049e-04
9.804692e-04
9.832373e-04
9.860093e-04
9.887853e-04
9.915651e-04
9.943488e-04
9.971364e-04
9.999279e-04
1.002723e-03
1.005523e-03
1.008326e-03
1.011133e-03
1.013944e-03
1.016759e-03
1.019578e-03
1.022400e-03
1.025227e-03
1.028057e-03
1.030892e-03
1.033730e-03
1.036572e-03
1.039418e-03
1.042268e-03
1.045122e-03
1.047980e-03
1.050841e-03
1.053707e-03
1.056576e-03
1.059450e-03
1.062327e-03
1.065208e-03
1.068093e-03
1.070982e-03
1.073875e-03
1.076771e-03
1.079672e-03
1.082577e-03
1.085485e-03
1.088397e-03
1.091313e-03
1.094233e-03
1.097157e-03
1.100085e-03
1.103017e-03
1.105953e-03
1.108892e-03
1.111836e-03
1.114783e-03
1.117734e-03
1.120690e-03
1.123649e-03
1.126611e-03
1.129578e-03
1.132549e-03
1.135524e-03
1.138502e-03
1.141485e-03
1.144471e-03
1.147461e-03
1.150455e-03
1.153453e-03
1.156455e-03
1.159461e-03
1.162471e-03
1.165484e-03
1.168502e-03
1.171523e-03
1.174548e-03
1.177578e-03
1.180611e-03
1.183648e-03
1.186688e-03
1.189733e-03
1.192782e-03
1.195834e-03
1.198891e-03
1.201951e-03
1.205015e-03
1.208083e-03
1.211156e-03
1.214231e-03
1.217311e-03
1.220395e-03
1.223483e-03
1.226574e-03
1.229669e-03
1.232769e-03
1.235872e-03
1.238979e-03
1.242090e-03
1.245205e-03
1.248324e-03
1.251446e-03
1.254573e-03
1.257703e-03
1.260838e-03
1.263976e-03
1.267118e-03
1.270264e-03
1.273414e-03
1.276568e-03
1.279726e-03
1.282887e-03
1.286053e-03
1.289222e-03
1.292396e-03
1.295573e-03
1.298754e-03
1.301939e-03
1.305128e-03
1.308321e-03
1.311517e-03
1.314718e-03
1.317923e-03
1.321131e-03
1.324343e-03
1.327559e-03
1.330779e-03
1.334003e-03
1.337231e-03
1.340463e-03
1.343699e-03
1.346938e-03
1.350182e-03
1.353429e-03
1.356680e-03
1.359935e-03
1.363195e-03
1.366457e-03
1.369724e-03
1.372995e-03
1.376270e-03
1.379548e-03
1.382831e-03
1.386117e-03
1.389407e-03
1.392701e-03
1.395999e-03
1.399301e-03
1.402607e-03
1.405917e-03
1.409230e-03
1.412548e-03
1.415869e-03
1.419194e-03
1.422523e-03
1.425856e-03
1.429193e-03
1.432534e-03
1.435879e-03
1.439228e-03
1.442580e-03
1.445937e-03
1.449297e-03
1.452661e-03
1.456029e-03
1.459401e-03
1.462777e-03
1.466157e-03
1.469541e-03
1.472928e-03
1.476320e-03
1.479715e-03
1.483115e-03
1.486518e-03
1.489925e-03
1.493336e-03
1.496751e-03
1.500169e-03
1.503592e-03
1.507019e-03
1.510449e-03
1.513884e-03
1.517322e-03
1.520764e-03
1.524210e-03
1.527660e-03
1.531114e-03
1.534571e-03
1.538033e-03
1.541499e-03
1.544968e-03
1.548441e-03
1.551919e-03
1.555400e-03
1.558885e-03
1.562374e-03
1.565866e-03
1.569363e-03
1.572864e-03
1.576368e-03
1.579877e-03
1.583389e-03
1.586905e-03
1.590425e-03
1.593949e-03
1.597477e-03
1.601009e-03
1.604544e-03
1.608084e-03
1.611627e-03
1.615175e-03
1.618726e-03
1.622281e-03
1.625840e-03
1.629403e-03
1.632970e-03
1.636541e-03
1.640115e-03
1.643694e-03
1.647276e-03
1.650862e-03
1.654453e-03
1.658047e-03
1.661645e-03
1.665247e-03
1.668852e-03
1.672462e-03
1.676076e-03
1.679693e-03
1.683314e-03
1.686940e-03
1.690569e-03
1.694202e-03
1.697839e-03
1.701480e-03
1.705124e-03
1.708773e-03
1.712426e-03
1.716082e-03
1.719742e-03
1.723407e-03
1.727075e-03
1.730747e-03
1.734423e-03
1.738102e-03
1.741786e-03
1.745474e-03
1.749165e-03
1.752861e-03
1.756560e-03
1.760263e-03
1.763970e-03
1.767681e-03
1.771396e-03
1.775115e-03
1.778838e-03
1.782564e-03
1.786295e-03
1.790029e-03
1.793767e-03
1.797509e-03
1.801255e-03
1.805005e-03
1.808759e-03
1.812517e-03
1.816278e-03
1.820044e-03
1.823813e-03
1.827587e-03
1.831364e-03
1.835145e-03
1.838930e-03
1.842719e-03
1.846512e-03
1.850308e-03
1.854109e-03
1.857913e-03
1.861722e-03
1.865534e-03
1.869350e-03
1.873170e-03
1.876994e-03
1.880822e-03
1.884654e-03
1.888490e-03
1.892329e-03
1.896173e-03
1.900020e-03
1.903871e-03
1.907726e-03
1.911585e-03
1.915448e-03
1.919315e-03
1.923186e-03
1.927060e-03
1.930939e-03
1.934821e-03
1.938708e-03
1.942598e-03
1.946492e-03
1.950390e-03
1.954292e-03
1.958197e-03
1.962107e-03
1.966021e-03
1.969938e-03
1.973860e-03
1.977785e-03
1.981714e-03
1.985647e-03
1.989584e-03
1.993525e-03
1.997470e-03
2.001418e-03
2.005371e-03
2.009327e-03
2.013287e-03
2.017252e-03
2.021220e-03
2.025192e-03
2.029168e-03
2.033147e-03
2.037131e-03
2.041119e-03
2.045110e-03
2.049106e-03
2.053105e-03
2.057108e-03
2.061115e-03
2.065126e-03
2.069141e-03
2.073160e-03
2.077182e-03
2.081209e-03
2.085239e-03
2.089274e-03
2.093312e-03
2.097354e-03
2.101400e-03
2.105450e-03
2.109504e-03
2.113562e-03
2.117623e-03
2.121689e-03
2.125758e-03
2.129832e-03
2.133909e-03
2.137990e-03
2.142075e-03
2.146164e-03
2.150257e-03
2.154353e-03
2.158454e-03
2.162558e-03
2.166667e-03
2.170779e-03
2.174895e-03
2.179015e-03
2.183139e-03
2.187267e-03
2.191399e-03
2.195534e-03
2.199674e-03
2.203817e-03
2.207965e-03
2.212116e-03
2.216271e-03
2.220430e-03
2.224593e-03
2.228760e-03
2.232930e-03
2.237105e-03
2.241284e-03
2.245466e-03
2.249652e-03
2.253842e-03
2.258037e-03
2.262235e-03
2.266436e-03
2.270642e-03
2.274852e-03
2.279065e-03
2.283283e-03
2.287504e-03
2.291729e-03
2.295959e-03
2.300192e-03
2.304429e-03
2.308669e-03
2.312914e-03
2.317163e-03
2.321415e-03
2.325672e-03
2.329932e-03
2.334196e-03
2.338464e-03
2.342736e-03
2.347012e-03
2.351292e-03
2.355576e-03
2.359863e-03
2.364155e-03
2.368450e-03
2.372750e-03
2.377053e-03
2.381360e-03
2.385671e-03
2.389986e-03
2.394304e-03
2.398627e-03
2.402954e-03
2.407284e-03
2.411618e-03
2.415957e-03
2.420299e-03
2.424645e-03
2.428995e-03
2.433349e-03
2.437706e-03
2.442068e-03
2.446433e-03
2.450803e-03
2.455176e-03
2.459553e-03
2.463934e-03
2.468319e-03
2.472708e-03
2.477101e-03
2.481498e-03
2.485898e-03
2.490303e-03
2.494711e-03
2.499123e-03
2.503540e-03
2.507960e-03
2.512384e-03
2.516811e-03
2.521243e-03
2.525679e-03
2.530118e-03
2.534562e-03
2.539009e-03
2.543460e-03
2.547915e-03
2.552374e-03
2.556837e-03
2.561304e-03
2.565775e-03
2.570249e-03
2.574728e-03
2.579210e-03
2.583697e-03
2.588187e-03
2.592681e-03
2.597179e-03
2.601681e-03
2.606187e-03
2.610696e-03
2.615210e-03
2.619727e-03
2.624249e-03
2.628774e-03
2.633303e-03
2.637836e-03
2.642373e-03
2.646914e-03
2.651458e-03
2.656007e-03
2.660560e-03
2.665116e-03
2.669676e-03
2.674241e-03
2.678809e-03
2.683381e-03
2.687957e-03
2.692536e-03
2.697120e-03
2.701708e-03
2.706299e-03
2.710894e-03
2.715494e-03
2.720097e-03
2.724704e-03
2.729315e-03
2.733930e-03
2.738549e-03
2.743171e-03
2.747798e-03
2.752428e-03
2.757063e-03
2.761701e-03
2.766343e-03
2.770989e-03
2.775639e-03
2.780293e-03
2.784950e-03
2.789612e-03
2.794277e-03
2.798947e-03
2.803620e-03
2.808297e-03
2.812978e-03
2.817663e-03
2.822352e-03
2.827045e-03
2.831742e-03
2.836442e-03
2.841147e-03
2.845855e-03
2.850567e-03
2.855284e-03
2.860004e-03
2.864728e-03
2.869455e-03
2.874187e-03
2.878923e-03
2.883662e-03
2.888406e-03
2.893153e-03
2.897904e-03
2.902659e-03
2.907418e-03
2.912181e-03
2.916948e-03
2.921719e-03
2.926493e-03
2.931272e-03
2.936054e-03
2.940841e-03
2.945631e-03
2.950425e-03
2.955223e-03
2.960025e-03
2.964830e-03
2.969640e-03
2.974454e-03
2.979271e-03
2.984092e-03
2.988918e-03
2.993747e-03
2.998580e-03
3.003417e-03
3.008258e-03
3.013102e-03
3.017951e-03
3.022804e-03
3.027660e-03
3.032520e-03
3.037384e-03
3.042253e-03
3.047125e-03
3.052000e-03
3.056880e-03
3.061764e-03
3.066651e-03
3.071543e-03
3.076438e-03
3.081338e-03
3.086241e-03
3.091148e-03
3.096059e-03
3.100974e-03
3.105892e-03
3.110815e-03
3.115742e-03
3.120672e-03
3.125606e-03
3.130545e-03
3.135487e-03
3.140433e-03
3.145383e-03
3.150336e-03
3.155294e-03
3.160256e-03
3.165221e-03
3.170191e-03
3.175164e-03
3.180141e-03
3.185122e-03
3.190107e-03
3.195096e-03
3.200089e-03
3.205085e-03
3.210086e-03
3.215091e-03
3.220099e-03
3.225111e-03
3.230127e-03
3.235147e-03
3.240171e-03
3.245199e-03
3.250231e-03
3.255266e-03
3.260306e-03
3.265349e-03
3.270397e-03
3.275448e-03
3.280503e-03
3.285562e-03
3.290625e-03
3.295692e-03
3.300762e-03
3.305837e-03
3.310916e-03
3.315998e-03
3.321084e-03
3.326174e-03
3.331268e-03
3.336366e-03
3.341468e-03
3.346574e-03
3.351684e-03
3.356797e-03
3.361915e-03
3.367036e-03
3.372161e-03
3.377290e-03
3.382423e-03
3.387560e-03
3.392701e-03
3.397846e-03
3.402994e-03
3.408147e-03
3.413303e-03
3.418464e-03
3.423628e-03
3.428796e-03
3.433968e-03
3.439144e-03
3.444324e-03
3.449507e-03
3.454695e-03
3.459886e-03
3.465082e-03
3.470281e-03
3.475484e-03
3.480691e-03
3.485902e-03
3.491117e-03
3.496336e-03
3.501558e-03
3.506785e-03
3.512015e-03
3.517250e-03
3.522488e-03
3.527730e-03
3.532976e-03
3.538226e-03
3.543480e-03
3.548737e-03
3.553999e-03
3.559265e-03
3.564534e-03
3.569807e-03
3.575084e-03
3.580366e-03
3.585651e-03
3.590939e-03
3.596232e-03
3.601529e-03
3.606829e-03
3.612134e-03
3.617442e-03
3.622754e-03
3.628071e-03
3.633391e-03
3.638715e-03
3.644042e-03
3.649374e-03
3.654710e-03
3.660049e-03
3.665393e-03
3.670740e-03
3.676091e-03
3.681446e-03
3.686805e-03
3.692168e-03
3.697535e-03
3.702906e-03
3.708280e-03
3.713659e-03
3.719041e-03
3.724427e-03
3.729818e-03
3.735212e-03
3.740610e-03
3.746011e-03
3.751417e-03
3.756827e-03
3.762240e-03
3.767658e-03
3.773079e-03
3.778504e-03
3.783934e-03
3.789367e-03
3.794803e-03
3.800244e-03
3.805689e-03
3.811138e-03
3.816590e-03
3.822047e-03
3.827507e-03
3.832971e-03
3.838439e-03
3.843911e-03
3.849387e-03
3.854867e-03
3.860350e-03
3.865838e-03
3.871329e-03
3.876825e-03
3.882324e-03
3.887827e-03
3.893334e-03
3.898845e-03
3.904360e-03
3.909879e-03
3.915401e-03
3.920928e-03
3.926458e-03
3.931993e-03
3.937531e-03
3.943073e-03
3.948619e-03
3.954169e-03
3.959723e-03
3.965280e-03
3.970842e-03
3.976408e-03
3.981977e-03
3.987550e-03
3.993127e-03
3.998708e-03
4.004293e-03
4.009882e-03
4.015475e-03
4.021072e-03
4.026672e-03
4.032277e-03
4.037885e-03
4.043497e-03
4.049113e-03
4.054733e-03
4.060357e-03
4.065985e-03
4.071617e-03
4.077253e-03
4.082892e-03
4.088536e-03
4.094183e-03
4.099834e-03
4.105489e-03
4.111148e-03
4.116811e-03
4.122478e-03
4.128148e-03
4.133823e-03
4.139502e-03
4.145184e-03
4.150870e-03
4.156560e-03
4.162254e-03
4.167952e-03
4.173654e-03
4.179360e-03
4.185070e-03
4.190783e-03
4.196501e-03
4.202222e-03
4.207947e-03
4.213676e-03
4.219409e-03
4.225146e-03
4.230887e-03
4.236632e-03
4.242380e-03
4.248133e-03
4.253889e-03
4.259650e-03
4.265414e-03
4.271182e-03
4.276954e-03
4.282730e-03
4.288509e-03
4.294293e-03
4.300081e-03
4.305872e-03
4.311667e-03
4.317467e-03
4.323270e-03
4.329077e-03
4.334888e-03
4.340703e-03
4.346521e-03
4.352344e-03
4.358171e-03
4.364001e-03
4.369835e-03
4.375674e-03
4.381516e-03
4.387362e-03
4.393212e-03
4.399065e-03
4.404923e-03
4.410785e-03
4.416650e-03
4.422519e-03
4.428393e-03
4.434270e-03
4.440151e-03
4.446036e-03
4.451925e-03
4.457818e-03
4.463714e-03
4.469615e-03
4.475519e-03
4.481428e-03
4.487340e-03
4.493256e-03
4.499176e-03
4.505100e-03
4.511028e-03
4.516959e-03
4.522895e-03
4.528835e-03
4.534778e-03
4.540725e-03
4.546012e-03
4.551279e-03
4.556526e-03
4.561755e-03
4.566963e-03
4.572153e-03
4.577322e-03
4.582473e-03
4.587604e-03
4.592716e-03
4.597808e-03
4.602880e-03
4.607934e-03
4.612968e-03
4.617982e-03
4.622977e-03
4.627953e-03
4.632909e-03
4.637846e-03
4.642763e-03
4.647661e-03
4.652539e-03
4.657398e-03
4.662238e-03
4.667058e-03
4.671859e-03
4.676640e-03
4.681402e-03
4.686144e-03
4.690867e-03
4.695571e-03
4.700255e-03
4.704920e-03
4.709565e-03
4.714191e-03
4.718798e-03
4.723385e-03
4.727952e-03
4.732500e-03
4.737029e-03
4.741538e-03
4.746028e-03
4.750499e-03
4.754950e-03
4.759381e-03
4.763794e-03
4.768186e-03
4.772560e-03
4.776914e-03
4.781248e-03
4.785563e-03
4.789859e-03
4.794135e-03
4.798392e-03
4.802629e-03
4.806847e-03
4.811045e-03
4.815224e-03
4.819384e-03
4.823524e-03
4.827645e-03
4.831746e-03
4.835828e-03
4.839890e-03
4.843934e-03
4.847957e-03
4.851961e-03
4.855946e-03
4.859911e-03
4.863857e-03
4.867784e-03
4.871691e-03
4.875578e-03
4.879447e-03
4.883295e-03
4.887125e-03
4.890934e-03
4.894725e-03
4.898496e-03
4.902248e-03
4.905980e-03
4.909693e-03
4.913386e-03
4.917060e-03
4.920714e-03
4.924349e-03
4.927965e-03
4.931561e-03
4.935138e-03
4.938695e-03
4.942233e-03
4.945751e-03
4.949250e-03
4.952730e-03
4.956190e-03
4.959631e-03
4.963052e-03
4.966454e-03
4.969837e-03
4.973200e-03
4.976543e-03
4.979868e-03
4.983172e-03
4.986458e-03
4.989724e-03
4.992970e-03
4.996197e-03
4.999405e-03
5.002593e-03
5.005762e-03
5.008911e-03
5.012041e-03
5.015151e-03
5.018242e-03
5.021314e-03
5.024366e-03
5.027399e-03
5.030412e-03
5.033406e-03
5.036381e-03
5.039336e-03
5.042271e-03
5.045187e-03
5.048084e-03
5.050961e-03
5.053819e-03
5.056658e-03
5.059477e-03
5.062276e-03
5.065057e-03
5.067817e-03
5.070559e-03
5.073281e-03
5.075983e-03
5.078666e-03
5.081330e-03
5.083974e-03
5.086599e-03
5.089204e-03
5.091790e-03
5.094356e-03
5.096903e-03
5.099431e-03
5.101939e-03
5.104428e-03
5.106897e-03
5.109347e-03
5.111778e-03
5.114189e-03
5.116580e-03
5.118953e-03
5.121305e-03
5.123639e-03
5.125953e-03
5.128247e-03
5.130522e-03
5.132778e-03
5.135014e-03
5.137231e-03
5.139428e-03
5.141606e-03
5.143764e-03
5.145903e-03
5.148023e-03
5.150123e-03
5.152204e-03
5.154265e-03
5.156307e-03
5.158330e-03
5.160333e-03
5.162316e-03
5.164281e-03
5.166225e-03
5.168151e-03
5.170057e-03
5.171943e-03
5.173810e-03
5.175658e-03
5.177486e-03
5.179295e-03
5.181084e-03
5.182854e-03
5.184604e-03
5.186336e-03
5.188047e-03
5.189739e-03
5.191412e-03
5.193065e-03
5.194699e-03
5.196314e-03
5.197909e-03
5.199484e-03
5.201041e-03
5.202577e-03
5.204095e-03
5.205593e-03
5.207071e-03
5.208530e-03
5.209970e-03
5.211390e-03
5.212791e-03
5.214172e-03
5.215534e-03
5.216877e-03
5.218200e-03
5.219503e-03
5.220787e-03
5.222052e-03
5.223298e-03
5.224523e-03
5.225730e-03
5.226917e-03
5.228085e-03
5.229233e-03
5.230362e-03
5.231471e-03
5.232561e-03
5.233631e-03
5.234682e-03
5.235714e-03
5.236726e-03
5.237719e-03
5.238692e-03
5.239646e-03
5.240581e-03
5.241496e-03
5.242391e-03
5.243268e-03
5.244124e-03
5.244962e-03
5.245780e-03
5.246578e-03
5.247357e-03
5.248117e-03
5.248857e-03
5.249578e-03
5.250279e-03
5.250961e-03
5.251624e-03
5.252267e-03
5.252890e-03
5.253494e-03
5.254079e-03
5.254645e-03
5.255190e-03
5.255717e-03
5.256224e-03
5.256712e-03
5.257180e-03
5.257629e-03
5.258058e-03
5.258468e-03
5.258858e-03
5.259229e-03
5.259581e-03
5.259913e-03
5.260226e-03
5.260519e-03
5.260793e-03
5.261048e-03
5.261283e-03
5.261499e-03
5.261695e-03
5.261872e-03
5.262029e-03
5.262167e-03
5.262285e-03
5.262384e-03
5.262464e-03
5.262524e-03
5.262565e-03
5.262586e-03
5.262588e-03
5.262571e-03
5.262534e-03
5.262477e-03
5.262402e-03
5.262306e-03
5.262192e-03
5.262058e-03
5.261904e-03
5.261731e-03
5.261539e-03
5.261327e-03
5.261096e-03
5.260845e-03
5.260575e-03
5.260286e-03
5.259977e-03
5.259648e-03
5.259301e-03
5.258933e-03
5.258547e-03
5.258141e-03
5.257715e-03
5.257270e-03
5.256806e-03
5.256322e-03
5.255819e-03
5.255296e-03
5.254976e-03
5.254976e-03
5.254976e-03
5.254976e-03
5.254976e-03
5.254976e-03
5.254976e-03
5.254976e-03
5.254976e-03
5.254976e-03
5.254976e-03
5.254976e-03
5.254976e-03
5.254976e-03
5.254976e-03
5.254976e-03
5.254976e-03
5.254976e-03
5.254976e-03
5.254976e-03
5.254976e-03
5.254976e-03
5.254976e-03
5.254976e-03
5.254976e-03
5.254976e-03
5.254976e-03
5.254976e-03
5.254976e-03
5.254976e-03
5.254976e-03
5.254976e-03
5.254976e-03
5.254976e-03
5.254976e-03
5.254976e-03
5.254976e-03
5.254976e-03
5.254976e-03
5.254976e-03
5.254976e-03
5.254976e-03
5.254976e-03
5.254976e-03
5.254976e-03
5.254976e-03
5.254976e-03
5.254976e-03
5.254976e-03
5.254976e-03
5.254976e-03
5.254976e-03
5.254976e-03
5.254976e-03
5.254976e-03
5.254976e-03
5.254976e-03
5.254976e-03
5.254976e-03
5.254976e-03
5.254976e-03
5.254976e-03
5.254976e-03
5.254976e-03
5.254976e-03
5.254976e-03
5.254976e-03
5.254976e-03
5.254976e-03
5.254976e-03
5.254976e-03
5.254976e-03
5.254976e-03
5.254976e-03
5.254976e-03
5.254976e-03
5.254976e-03
5.254976e-03
5.254976e-03
5.254976e-03
5.254976e-03
5.254976e-03
5.254976e-03
5.254976e-03
5.254976e-03
5.254976e-03
5.254976e-03
5.254976e-03
5.254976e-03
5.254976e-03
5.254976e-03
5.254976e-03
5.254976e-03
5.254976e-03
5.254976e-03
5.254976e-03
5.254976e-03
5.254976e-03
5.254976e-03
5.254976e-03
5.254976e-03
5.254976e-03
5.254976e-03
5.254976e-03
5.254976e-03
5.254976e-03
5.254976e-03
5.254976e-03
5.254976e-03
5.254976e-03
5.254976e-03
5.254976e-03
5.254976e-03
5.254976e-03
5.254976e-03
5.254976e-03
5.254976e-03
5.254976e-03
5.254976e-03
5.254976e-03
5.254976e-03
5.254976e-03
5.254976e-03
5.254976e-03
5.254976e-03
5.254976e-03
5.254976e-03
5.254976e-03
5.254976e-03
5.254976e-03
5.254976e-03
5.254976e-03
5.254976e-03
5.254976e-03
5.254976e-03
5.254976e-03
5.254976e-03
5.254976e-03
5.254976e-03
5.254976e-03
5.254976e-03
5.254976e-03
5.254976e-03
5.254976e-03
5.254976e-03
5.254976e-03
5.254976e-03
5.254976e-03
5.254976e-03
5.254976e-03
5.254976e-03
5.254976e-03
5.254976e-03
5.254976e-03
5.254976e-03
5.254976e-03
5.254976e-03
5.254976e-03
5.254976e-03
5.254976e-03
5.254976e-03
5.254976e-03
5.254976e-03
5.254976e-03
5.254976e-03
5.254976e-03
5.254976e-03
5.254976e-03
5.254976e-03
5.254976e-03
5.254976e-03
5.254976e-03
5.254976e-03
5.254976e-03
5.254976e-03
5.254976e-03
5.254976e-03
5.254976e-03
5.254976e-03
5.254976e-03
5.254976e-03
5.254976e-03
5.254976e-03
5.254976e-03
5.254976e-03
5.254976e-03
5.254976e-03
5.254976e-03
5.254976e-03
5.254976e-03
5.254976e-03
5.254976e-03
5.254976e-03
5.254976e-03
5.254976e-03
5.254976e-03
5.254976e-03
5.254976e-03
5.254976e-03
5.254976e-03
5.254976e-03
