0.000000e+00
1.110371e-07
2.259566e-07
3.447585e-07
4.674428e-07
5.940096e-07
7.244588e-07
8.587903e-07
9.970043e-07
1.139101e-06
1.285080e-06
1.434941e-06
1.588684e-06
1.746311e-06
1.907819e-06
2.073210e-06
2.242483e-06
2.415639e-06
2.592677e-06
2.773598e-06
2.958401e-06
3.147086e-06
3.339654e-06
3.536104e-06
3.736437e-06
3.940652e-06
4.148749e-06
4.360729e-06
4.576592e-06
4.796336e-06
5.019963e-06
5.247473e-06
5.478865e-06
5.714139e-06
5.953296e-06
6.196335e-06
6.443257e-06
6.694061e-06
6.948747e-06
7.207316e-06
7.469768e-06
7.736101e-06
8.006317e-06
8.280416e-06
8.558397e-06
8.840260e-06
9.126006e-06
9.415634e-06
9.709145e-06
1.000654e-05
1.030781e-05
1.061297e-05
1.092201e-05
1.123493e-05
1.155174e-05
1.187243e-05
1.219700e-05
1.252545e-05
1.285778e-05
1.319400e-05
1.353410e-05
1.387808e-05
1.422595e-05
1.457769e-05
1.493332e-05
1.529284e-05
1.565623e-05
1.602351e-05
1.639466e-05
1.676971e-05
1.714863e-05
1.753144e-05
1.791812e-05
1.830870e-05
1.870315e-05
1.910148e-05
1.950370e-05
1.990980e-05
2.031979e-05
2.073365e-05
2.115140e-05
2.157303e-05
2.199854e-05
2.242794e-05
2.286122e-05
2.329838e-05
2.373942e-05
2.418434e-05
2.463315e-05
2.508584e-05
2.554241e-05
2.600287e-05
2.646720e-05
2.693542e-05
2.740752e-05
2.788351e-05
2.836338e-05
2.884712e-05
2.933476e-05
2.982627e-05
3.032167e-05
3.082094e-05
3.132411e-05
3.183115e-05
3.234207e-05
3.285688e-05
3.337557e-05
3.389815e-05
3.442460e-05
3.495494e-05
3.548916e-05
3.602726e-05
3.656925e-05
3.711512e-05
3.766487e-05
3.821850e-05
3.877601e-05
3.933741e-05
3.990269e-05
4.047185e-05
4.104490e-05
4.162182e-05
4.220263e-05
4.278733e-05
4.337590e-05
4.396836e-05
4.456470e-05
4.516492e-05
4.576902e-05
4.637701e-05
4.698888e-05
4.760463e-05
4.822426e-05
4.884778e-05
4.947518e-05
5.010646e-05
5.074162e-05
5.138066e-05
5.202359e-05
5.267040e-05
5.332110e-05
5.397567e-05
5.463413e-05
5.529647e-05
5.596269e-05
5.663280e-05
5.730678e-05
5.798465e-05
5.866641e-05
5.935204e-05
6.004156e-05
6.073496e-05
6.143224e-05
6.213340e-05
6.283845e-05
6.354738e-05
6.426019e-05
6.497688e-05
6.569746e-05
6.642192e-05
6.715026e-05
6.788248e-05
6.861859e-05
6.935858e-05
7.010245e-05
7.085020e-05
7.160184e-05
7.235736e-05
7.311676e-05
7.388004e-05
7.464720e-05
7.541825e-05
7.619318e-05
7.697200e-05
7.775469e-05
7.854127e-05
7.933173e-05
8.012607e-05
8.092429e-05
8.172640e-05
8.253239e-05
8.334226e-05
8.415602e-05
8.497365e-05
8.579517e-05
8.662057e-05
8.744986e-05
8.828302e-05
8.912007e-05
8.996101e-05
9.080582e-05
9.165451e-05
9.250709e-05
9.336355e-05
9.422390e-05
9.508812e-05
9.595623e-05
9.682822e-05
9.770409e-05
9.858385e-05
9.946749e-05
1.003550e-04
1.012464e-04
1.021417e-04
1.030409e-04
1.039439e-04
1.048508e-04
1.057617e-04
1.066764e-04
1.075949e-04
1.085174e-04
1.094437e-04
1.103740e-04
1.113081e-04
1.122461e-04
1.131879e-04
1.141337e-04
1.150833e-04
1.160369e-04
1.169943e-04
1.179556e-04
1.189207e-04
1.198898e-04
1.208627e-04
1.218395e-04
1.228202e-04
1.238048e-04
1.247933e-04
1.257856e-04
1.267818e-04
1.277819e-04
1.287859e-04
1.297938e-04
1.308056e-04
1.318212e-04
1.328407e-04
1.338641e-04
1.348914e-04
1.359226e-04
1.369576e-04
1.379966e-04
1.390394e-04
1.400861e-04
1.411367e-04
1.421911e-04
1.432495e-04
1.443117e-04
1.453778e-04
1.464478e-04
1.475217e-04
1.485995e-04
1.496811e-04
1.507666e-04
1.518560e-04
1.529493e-04
1.540465e-04
1.551475e-04
1.562525e-04
1.573613e-04
1.584740e-04
1.595906e-04
1.607110e-04
1.618354e-04
1.629636e-04
1.640957e-04
1.652317e-04
1.663716e-04
1.675154e-04
1.686630e-04
1.698145e-04
1.709699e-04
1.721292e-04
1.732924e-04
1.744595e-04
1.756304e-04
1.768052e-04
1.779839e-04
1.791665e-04
1.803530e-04
1.815433e-04
1.827375e-04
1.839357e-04
1.851376e-04
1.863435e-04
1.875533e-04
1.887669e-04
1.899845e-04
1.912059e-04
1.924312e-04
1.936603e-04
1.948934e-04
1.961303e-04
1.973711e-04
1.986158e-04
1.998644e-04
2.011169e-04
2.023732e-04
2.036335e-04
2.048976e-04
2.061656e-04
2.074375e-04
2.087132e-04
2.099929e-04
2.112764e-04
2.125638e-04
2.138551e-04
2.151503e-04
2.164493e-04
2.177523e-04
2.190591e-04
2.203698e-04
2.216844e-04
2.230028e-04
2.243252e-04
2.256514e-04
2.269815e-04
2.283155e-04
2.296534e-04
2.309952e-04
2.323408e-04
2.336904e-04
2.350438e-04
2.364011e-04
2.377622e-04
2.391273e-04
2.404962e-04
2.418691e-04
2.432458e-04
2.446263e-04
2.460108e-04
2.473992e-04
2.487914e-04
2.501875e-04
2.515875e-04
2.529914e-04
2.543992e-04
2.558108e-04
2.572263e-04
2.586458e-04
2.600690e-04
2.614962e-04
2.629273e-04
2.643622e-04
2.658010e-04
2.672437e-04
2.686903e-04
2.701408e-04
2.715952e-04
2.730534e-04
2.745155e-04
2.759815e-04
2.774514e-04
2.789252e-04
2.804028e-04
2.818843e-04
2.833698e-04
2.848590e-04
2.863522e-04
2.878493e-04
2.893502e-04
2.908550e-04
2.923638e-04
2.938763e-04
2.953928e-04
2.969132e-04
2.984374e-04
2.999655e-04
3.014975e-04
3.030334e-04
3.045732e-04
3.061168e-04
3.076644e-04
3.092158e-04
3.107711e-04
3.123302e-04
3.138933e-04
3.154602e-04
3.170311e-04
3.186058e-04
3.201844e-04
3.217668e-04
3.233532e-04
3.249434e-04
3.265376e-04
3.281356e-04
3.297374e-04
3.313432e-04
3.329529e-04
3.345664e-04
3.361838e-04
3.378051e-04
3.394303e-04
3.410593e-04
3.426923e-04
3.443291e-04
3.459698e-04
3.476144e-04
3.492629e-04
3.509152e-04
3.525715e-04
3.542316e-04
3.558956e-04
3.575635e-04
3.592353e-04
3.609109e-04
3.625904e-04
3.642739e-04
3.659612e-04
3.676523e-04
3.693474e-04
3.710463e-04
3.727492e-04
3.744559e-04
3.761665e-04
3.778809e-04
3.795993e-04
3.813215e-04
3.830477e-04
3.847777e-04
3.865116e-04
3.882493e-04
3.899910e-04
3.917365e-04
3.934859e-04
3.952392e-04
3.969964e-04
3.987575e-04
4.005224e-04
4.022912e-04
4.040640e-04
4.058406e-04
4.076210e-04
4.094054e-04
4.111936e-04
4.129857e-04
4.147818e-04
4.165816e-04
4.183854e-04
4.201931e-04
4.220046e-04
4.238200e-04
4.256393e-04
4.274625e-04
4.292896e-04
4.311205e-04
4.329553e-04
4.347941e-04
4.366366e-04
4.384831e-04
4.403335e-04
4.421877e-04
4.440458e-04
4.459079e-04
4.477737e-04
4.496435e-04
4.515172e-04
4.533947e-04
4.552761e-04
4.571614e-04
4.590506e-04
4.609437e-04
4.628406e-04
4.647415e-04
4.666462e-04
4.685548e-04
4.704672e-04
4.723836e-04
4.743038e-04
4.762280e-04
4.781560e-04
4.800879e-04
4.820236e-04
4.839633e-04
4.859068e-04
4.878543e-04
4.898056e-04
4.917607e-04
4.937198e-04
4.956828e-04
4.976496e-04
4.996203e-04
5.015949e-04
5.035734e-04
5.055557e-04
5.075420e-04
5.095321e-04
5.115261e-04
5.135240e-04
5.155258e-04
5.175314e-04
5.195410e-04
5.215544e-04
5.235717e-04
5.255929e-04
5.276180e-04
5.296469e-04
5.316797e-04
5.337165e-04
5.357570e-04
5.378015e-04
5.398499e-04
5.419021e-04
5.439583e-04
5.460183e-04
5.480822e-04
5.501499e-04
5.522216e-04
5.542971e-04
5.563766e-04
5.584599e-04
5.605470e-04
5.626381e-04
5.647331e-04
5.668319e-04
5.689346e-04
5.710412e-04
5.731517e-04
5.752661e-04
5.773843e-04
5.795064e-04
5.816324e-04
5.837623e-04
5.858961e-04
5.880338e-04
5.901753e-04
5.923207e-04
5.944700e-04
5.966232e-04
5.987803e-04
6.009413e-04
6.031061e-04
6.052748e-04
6.074474e-04
6.096239e-04
6.118043e-04
6.139885e-04
6.161766e-04
6.183686e-04
6.205645e-04
6.227643e-04
6.249680e-04
6.271755e-04
6.293869e-04
6.316022e-04
6.338214e-04
6.360445e-04
6.382715e-04
6.405023e-04
6.427370e-04
6.449756e-04
6.472181e-04
6.494645e-04
6.517147e-04
6.539688e-04
6.562269e-04
6.584887e-04
6.607545e-04
6.630242e-04
6.652977e-04
6.675752e-04
6.698565e-04
6.721416e-04
6.744307e-04
6.767237e-04
6.790205e-04
6.813212e-04
6.836258e-04
6.859343e-04
6.882467e-04
6.905629e-04
6.928831e-04
6.952071e-04
6.975350e-04
6.998668e-04
7.022024e-04
7.045420e-04
7.068854e-04
7.092327e-04
7.115839e-04
7.139390e-04
7.162979e-04
7.186608e-04
7.210275e-04
7.233981e-04
7.257726e-04
7.281509e-04
7.305332e-04
7.329193e-04
7.353093e-04
7.377032e-04
7.401010e-04
7.425027e-04
7.449082e-04
7.473176e-04
7.497309e-04
7.521481e-04
7.545692e-04
7.569942e-04
7.594230e-04
7.618557e-04
7.642923e-04
7.667328e-04
7.691772e-04
7.716254e-04
7.740776e-04
7.765336e-04
7.789935e-04
7.814573e-04
7.839249e-04
7.863965e-04
7.888719e-04
7.913512e-04
7.938344e-04
7.963215e-04
7.988124e-04
8.013073e-04
8.038060e-04
8.063086e-04
8.088151e-04
8.113255e-04
8.138397e-04
8.163579e-04
8.188799e-04
8.214058e-04
8.239356e-04
8.264692e-04
8.290068e-04
8.315482e-04
8.340935e-04
8.366427e-04
8.391958e-04
8.417527e-04
8.443136e-04
8.468783e-04
8.494469e-04
8.520194e-04
8.545958e-04
8.571760e-04
8.597602e-04
8.623482e-04
8.649401e-04
8.675359e-04
8.701355e-04
8.727391e-04
8.753465e-04
8.779578e-04
8.805730e-04
8.831921e-04
8.858151e-04
8.884419e-04
8.910726e-04
8.937072e-04
8.963457e-04
8.989881e-04
9.016343e-04
9.042845e-04
9.069385e-04
9.095964e-04
9.122582e-04
9.149239e-04
9.175934e-04
9.202668e-04
9.229441e-04
9.256253e-04
9.283104e-04
9.309994e-04
9.336922e-04
9.363889e-04
9.390896e-04
9.417940e-04
9.445024e-04
9.472147e-04
9.499308e-04
9.526508e-04
9.553747e-04
9.581025e-04
9.608342e-04
9.635697e-04
9.663092e-04
9.690525e-04
9.717997e-04
9.745508e-04
9.773057e-04
9.800646e-04
9.828273e-04
9.855939e-04
9.883644e-04
9.911388e-04
9.939170e-04
9.966992e-04
9.994852e-04
1.002275e-03
1.005069e-03
1.007867e-03
1.010668e-03
1.013474e-03
1.016283e-03
1.019096e-03
1.021913e-03
1.024734e-03
1.027559e-03
1.030388e-03
1.033220e-03
1.036057e-03
1.038897e-03
1.041741e-03
1.044590e-03
1.047442e-03
1.050297e-03
1.053157e-03
1.056021e-03
1.058888e-03
1.061760e-03
1.064635e-03
1.067514e-03
1.070398e-03
1.073284e-03
1.076175e-03
1.079070e-03
1.081969e-03
1.084871e-03
1.087778e-03
1.090688e-03
1.093602e-03
1.096520e-03
1.099442e-03
1.102368e-03
1.105297e-03
1.108231e-03
1.111168e-03
1.114110e-03
1.117055e-03
1.120004e-03
1.122957e-03
1.125914e-03
1.128874e-03
1.131839e-03
1.134808e-03
1.137780e-03
1.140756e-03
1.143736e-03
1.146720e-03
1.149708e-03
1.152700e-03
1.155696e-03
1.158695e-03
1.161699e-03
1.164706e-03
1.167717e-03
1.170732e-03
1.173751e-03
1.176774e-03
1.179801e-03
1.182831e-03
1.185866e-03
1.188904e-03
1.191947e-03
1.194993e-03
1.198043e-03
1.201097e-03
1.204154e-03
1.207216e-03
1.210282e-03
1.213351e-03
1.216424e-03
1.219502e-03
1.222583e-03
1.225668e-03
1.228757e-03
1.231849e-03
1.234946e-03
1.238046e-03
1.241151e-03
1.244259e-03
1.247371e-03
1.250487e-03
1.253607e-03
1.256731e-03
1.259859e-03
1.262990e-03
1.266126e-03
1.269265e-03
1.272408e-03
1.275555e-03
1.278706e-03
1.281861e-03
1.285020e-03
1.288182e-03
1.291349e-03
1.294519e-03
1.297694e-03
1.300872e-03
1.304054e-03
1.307240e-03
1.310429e-03
1.313623e-03
1.316821e-03
1.320022e-03
1.323227e-03
1.326437e-03
1.329650e-03
1.332867e-03
1.336088e-03
1.339312e-03
1.342541e-03
1.345773e-03
1.349010e-03
1.352250e-03
1.355494e-03
1.358742e-03
1.361994e-03
1.365250e-03
1.368510e-03
1.371773e-03
1.375041e-03
1.378312e-03
1.381587e-03
1.384866e-03
1.388149e-03
1.391436e-03
1.394727e-03
1.398021e-03
1.401320e-03
1.404622e-03
1.407929e-03
1.411239e-03
1.414553e-03
1.417871e-03
1.421192e-03
1.424518e-03
1.427848e-03
1.431181e-03
1.434518e-03
1.437860e-03
1.441205e-03
1.444554e-03
1.447907e-03
1.451263e-03
1.454624e-03
1.457988e-03
1.461357e-03
1.464729e-03
1.468105e-03
1.471485e-03
1.474869e-03
1.478257e-03
1.481649e-03
1.485044e-03
1.488444e-03
1.491847e-03
1.495254e-03
1.498665e-03
1.502080e-03
1.505499e-03
1.508922e-03
1.512348e-03
1.515779e-03
1.519213e-03
1.522652e-03
1.526094e-03
1.529540e-03
1.532990e-03
1.536443e-03
1.539901e-03
1.543363e-03
1.546828e-03
1.550297e-03
1.553771e-03
1.557248e-03
1.560729e-03
1.564214e-03
1.567702e-03
1.571195e-03
1.574691e-03
1.578192e-03
1.581696e-03
1.585204e-03
1.588716e-03
1.592232e-03
1.595752e-03
1.599276e-03
1.602803e-03
1.606335e-03
1.609870e-03
1.613409e-03
1.616952e-03
1.620499e-03
1.624050e-03
1.627605e-03
1.631164e-03
1.634726e-03
1.638292e-03
1.641863e-03
1.645437e-03
1.649015e-03
1.652597e-03
1.656183e-03
1.659772e-03
1.663366e-03
1.666963e-03
1.670565e-03
1.674170e-03
1.677779e-03
1.681392e-03
1.685009e-03
1.688629e-03
1.692254e-03
1.695883e-03
1.699515e-03
1.703151e-03
1.706791e-03
1.710435e-03
1.714083e-03
1.717735e-03
1.721391e-03
1.725050e-03
1.728714e-03
1.732381e-03
1.736052e-03
1.739728e-03
1.743406e-03
1.747089e-03
1.750776e-03
1.754467e-03
1.758161e-03
1.761860e-03
1.765562e-03
1.769268e-03
1.772978e-03
1.776692e-03
1.780410e-03
1.784131e-03
1.787857e-03
1.791586e-03
1.795320e-03
1.799057e-03
1.802798e-03
1.806543e-03
1.810292e-03
1.814045e-03
1.817801e-03
1.821562e-03
1.825326e-03
1.829095e-03
1.832867e-03
1.836643e-03
1.840423e-03
1.844206e-03
1.847994e-03
1.851786e-03
1.855581e-03
1.859380e-03
1.863184e-03
1.866991e-03
1.870802e-03
1.874617e-03
1.878435e-03
1.882258e-03
1.886084e-03
1.889915e-03
1.893749e-03
1.897587e-03
1.901429e-03
1.905275e-03
1.909125e-03
1.912979e-03
1.916836e-03
1.920698e-03
1.924563e-03
1.928432e-03
1.932305e-03
1.936182e-03
1.940063e-03
1.943948e-03
1.947837e-03
1.951729e-03
1.955626e-03
1.959526e-03
1.963430e-03
1.967338e-03
1.971250e-03
1.975166e-03
1.979085e-03
1.983009e-03
1.986936e-03
1.990868e-03
1.994803e-03
1.998742e-03
2.002685e-03
2.006632e-03
2.010583e-03
2.014537e-03
2.018496e-03
2.022458e-03
2.026424e-03
2.030395e-03
2.034369e-03
2.038347e-03
2.042328e-03
2.046314e-03
2.050304e-03
2.054297e-03
2.058294e-03
2.062296e-03
2.066301e-03
2.070310e-03
2.074323e-03
2.078339e-03
2.082360e-03
2.086385e-03
2.090413e-03
2.094445e-03
2.098481e-03
2.102521e-03
2.106565e-03
2.110613e-03
2.114665e-03
2.118720e-03
2.122780e-03
2.126843e-03
2.130910e-03
2.134981e-03
2.139056e-03
2.143135e-03
2.147218e-03
2.151305e-03
2.155395e-03
2.159490e-03
2.163588e-03
2.167690e-03
2.171796e-03
2.175906e-03
2.180020e-03
2.184138e-03
2.188259e-03
2.192385e-03
2.196514e-03
2.200647e-03
2.204784e-03
2.208925e-03
2.213070e-03
2.217219e-03
2.221371e-03
2.225528e-03
2.229688e-03
2.233853e-03
2.238021e-03
2.242193e-03
2.246369e-03
2.250549e-03
2.254732e-03
2.258920e-03
2.263111e-03
2.267307e-03
2.271506e-03
2.275709e-03
2.279916e-03
2.284127e-03
2.288342e-03
2.292560e-03
2.296783e-03
2.301009e-03
2.305239e-03
2.309474e-03
2.313712e-03
2.317954e-03
2.322199e-03
2.326449e-03
2.330703e-03
2.334960e-03
2.339221e-03
2.343487e-03
2.347756e-03
2.352029e-03
2.356306e-03
2.360586e-03
2.364871e-03
2.369159e-03
2.373452e-03
2.377748e-03
2.382048e-03
2.386352e-03
2.390660e-03
2.394972e-03
2.399288e-03
2.403607e-03
2.407931e-03
2.412258e-03
2.416589e-03
2.420925e-03
2.425263e-03
2.429606e-03
2.433953e-03
2.438304e-03
2.442658e-03
2.447017e-03
2.451379e-03
2.455745e-03
2.460115e-03
2.464489e-03
2.468867e-03
2.473249e-03
2.477634e-03
2.482024e-03
2.486417e-03
2.490814e-03
2.495215e-03
2.499620e-03
2.504029e-03
2.508442e-03
2.512859e-03
2.517279e-03
2.521703e-03
2.526132e-03
2.530564e-03
2.535000e-03
2.539440e-03
2.543884e-03
2.548331e-03
2.552783e-03
2.557238e-03
2.561698e-03
2.566161e-03
2.570628e-03
2.575099e-03
2.579574e-03
2.584053e-03
2.588535e-03
2.593022e-03
2.597512e-03
2.602007e-03
2.606505e-03
2.611007e-03
2.615513e-03
2.620023e-03
2.624536e-03
2.629054e-03
2.633575e-03
2.638101e-03
2.642630e-03
2.647163e-03
2.651700e-03
2.656241e-03
2.660786e-03
2.665334e-03
2.669887e-03
2.674443e-03
2.679003e-03
2.683568e-03
2.688136e-03
2.692708e-03
2.697283e-03
2.701863e-03
2.706447e-03
2.711034e-03
2.715625e-03
2.720221e-03
2.724820e-03
2.729423e-03
2.734030e-03
2.738640e-03
2.743255e-03
2.747874e-03
2.752496e-03
2.757122e-03
2.761752e-03
2.766387e-03
2.771024e-03
2.775666e-03
2.780312e-03
2.784962e-03
2.789615e-03
2.794272e-03
2.798934e-03
2.803599e-03
2.808268e-03
2.812941e-03
2.817617e-03
2.822298e-03
2.826982e-03
2.831671e-03
2.836363e-03
2.841059e-03
2.845759e-03
2.850463e-03
2.855171e-03
2.859883e-03
2.864598e-03
2.869318e-03
2.874041e-03
2.878768e-03
2.883500e-03
2.888235e-03
2.892973e-03
2.897716e-03
2.902463e-03
2.907213e-03
2.911968e-03
2.916726e-03
2.921488e-03
2.926254e-03
2.931024e-03
2.935798e-03
2.940576e-03
2.945357e-03
2.950143e-03
2.954932e-03
2.959725e-03
2.964522e-03
2.969323e-03
2.974128e-03
2.978937e-03
2.983750e-03
2.988566e-03
2.993387e-03
2.998211e-03
3.003039e-03
3.007871e-03
3.012707e-03
3.017547e-03
3.022391e-03
3.027238e-03
3.032090e-03
3.036945e-03
3.041804e-03
3.046667e-03
3.051534e-03
3.056405e-03
3.061280e-03
3.066159e-03
3.071041e-03
3.075928e-03
3.080818e-03
3.085712e-03
3.090610e-03
3.095512e-03
3.100418e-03
3.105328e-03
3.110241e-03
3.115159e-03
3.120080e-03
3.125005e-03
3.129934e-03
3.134867e-03
3.139804e-03
3.144745e-03
3.149690e-03
3.154638e-03
3.159591e-03
3.164547e-03
3.169507e-03
3.174471e-03
3.179439e-03
3.184411e-03
3.189387e-03
3.194366e-03
3.199350e-03
3.204337e-03
3.209328e-03
3.214323e-03
3.219322e-03
3.224325e-03
3.229332e-03
3.234343e-03
3.239357e-03
3.244376e-03
3.249398e-03
3.254424e-03
3.259454e-03
3.264488e-03
3.269526e-03
3.274568e-03
3.279613e-03
3.284663e-03
3.289716e-03
3.294773e-03
3.299834e-03
3.304899e-03
3.309968e-03
3.315041e-03
3.320118e-03
3.325198e-03
3.330283e-03
3.335371e-03
3.340463e-03
3.345559e-03
3.350659e-03
3.355763e-03
3.360871e-03
3.365982e-03
3.371098e-03
3.376217e-03
3.381340e-03
3.386467e-03
3.391598e-03
3.396733e-03
3.401872e-03
3.407015e-03
3.412161e-03
3.417312e-03
3.422466e-03
3.427624e-03
3.432786e-03
3.437952e-03
3.443122e-03
3.448296e-03
3.453473e-03
3.458655e-03
3.463840e-03
3.469029e-03
3.474222e-03
3.479419e-03
3.484620e-03
3.489825e-03
3.495034e-03
3.500246e-03
3.505463e-03
3.510683e-03
3.515907e-03
3.521135e-03
3.526367e-03
3.531603e-03
3.536843e-03
3.542086e-03
3.547334e-03
3.552585e-03
3.557840e-03
3.563099e-03
3.568362e-03
3.573629e-03
3.578900e-03
3.584175e-03
3.589453e-03
3.594736e-03
3.600022e-03
3.605312e-03
3.610606e-03
3.615904e-03
3.621206e-03
3.626512e-03
3.631821e-03
3.637135e-03
3.642452e-03
3.647773e-03
3.653098e-03
3.658427e-03
3.663760e-03
3.669097e-03
3.674438e-03
3.679782e-03
3.685131e-03
3.690483e-03
3.695839e-03
3.701199e-03
3.706563e-03
3.711931e-03
3.717303e-03
3.722678e-03
3.728058e-03
3.733441e-03
3.738828e-03
3.744219e-03
3.749614e-03
3.755013e-03
3.760416e-03
3.765823e-03
3.771233e-03
3.776648e-03
3.782066e-03
3.787488e-03
3.792914e-03
3.798344e-03
3.803778e-03
3.809216e-03
3.814657e-03
3.820103e-03
3.825552e-03
3.831005e-03
3.836463e-03
3.841924e-03
3.847388e-03
3.852857e-03
3.858330e-03
3.863806e-03
3.869287e-03
3.874771e-03
3.880259e-03
3.885751e-03
3.891247e-03
3.896747e-03
3.902251e-03
3.907758e-03
3.913270e-03
3.918785e-03
3.924305e-03
3.929828e-03
3.935355e-03
3.940886e-03
3.946420e-03
3.951959e-03
3.957502e-03
3.963048e-03
3.968598e-03
3.974152e-03
3.979710e-03
3.985272e-03
3.990838e-03
3.996408e-03
4.001982e-03
4.007559e-03
4.013140e-03
4.018726e-03
4.024315e-03
4.029908e-03
4.035505e-03
4.041105e-03
4.046710e-03
4.052319e-03
4.057931e-03
4.063547e-03
4.069168e-03
4.074792e-03
4.080420e-03
4.086051e-03
4.091687e-03
4.097327e-03
4.102970e-03
4.108618e-03
4.114269e-03
4.119924e-03
4.125583e-03
4.131246e-03
4.136913e-03
4.142583e-03
4.148258e-03
4.153936e-03
4.159619e-03
4.165305e-03
4.170995e-03
4.176689e-03
4.182387e-03
4.188088e-03
4.193794e-03
4.199503e-03
4.205217e-03
4.210934e-03
4.216655e-03
4.222380e-03
4.228109e-03
4.233842e-03
4.239578e-03
4.245319e-03
4.251063e-03
4.256812e-03
4.262564e-03
4.268320e-03
4.274080e-03
4.279844e-03
4.285611e-03
4.291383e-03
4.297159e-03
4.302938e-03
4.308721e-03
4.314508e-03
4.320299e-03
4.326094e-03
4.331893e-03
4.337696e-03
4.343502e-03
4.349313e-03
4.355127e-03
4.360945e-03
4.366767e-03
4.372593e-03
4.378423e-03
4.384257e-03
4.390094e-03
4.395936e-03
4.401781e-03
4.407630e-03
4.413483e-03
4.419340e-03
4.425201e-03
4.431066e-03
4.436935e-03
4.442807e-03
4.448684e-03
4.454564e-03
4.460448e-03
4.466336e-03
4.472228e-03
4.478124e-03
4.484024e-03
4.489927e-03
4.495835e-03
4.501746e-03
4.507662e-03
4.513581e-03
4.519504e-03
4.525431e-03
4.530697e-03
4.535943e-03
4.541171e-03
4.546379e-03
4.551567e-03
4.556736e-03
4.561886e-03
4.567017e-03
4.572128e-03
4.577220e-03
4.582292e-03
4.587345e-03
4.592379e-03
4.597393e-03
4.602388e-03
4.607364e-03
4.612320e-03
4.617257e-03
4.622175e-03
4.627073e-03
4.631952e-03
4.636811e-03
4.641651e-03
4.646472e-03
4.651273e-03
4.656055e-03
4.660818e-03
4.665561e-03
4.670285e-03
4.674990e-03
4.679675e-03
4.684341e-03
4.688987e-03
4.693614e-03
4.698222e-03
4.702811e-03
4.707380e-03
4.711929e-03
4.716460e-03
4.720971e-03
4.725462e-03
4.729935e-03
4.734387e-03
4.738821e-03
4.743235e-03
4.747630e-03
4.752005e-03
4.756361e-03
4.760698e-03
4.765016e-03
4.769314e-03
4.773592e-03
4.777852e-03
4.782091e-03
4.786312e-03
4.790513e-03
4.794695e-03
4.798858e-03
4.803001e-03
4.807124e-03
4.811229e-03
4.815314e-03
4.819380e-03
4.823426e-03
4.827453e-03
4.831460e-03
4.835449e-03
4.839418e-03
4.843367e-03
4.847297e-03
4.851208e-03
4.855099e-03
4.858972e-03
4.862824e-03
4.866658e-03
4.870472e-03
4.874266e-03
4.878041e-03
4.881797e-03
4.885534e-03
4.889251e-03
4.892949e-03
4.896627e-03
4.900287e-03
4.903926e-03
4.907547e-03
4.911148e-03
4.914729e-03
4.918292e-03
4.921835e-03
4.925358e-03
4.928862e-03
4.932347e-03
4.935813e-03
4.939259e-03
4.942686e-03
4.946093e-03
4.949481e-03
4.952850e-03
4.956199e-03
4.959529e-03
4.962840e-03
4.966131e-03
4.969403e-03
4.972656e-03
4.975889e-03
4.979103e-03
4.982297e-03
4.985472e-03
4.988628e-03
4.991764e-03
4.994881e-03
4.997979e-03
5.001057e-03
5.004116e-03
5.007156e-03
5.010176e-03
5.013177e-03
5.016158e-03
5.019120e-03
5.022063e-03
5.024987e-03
5.027891e-03
5.030775e-03
5.033641e-03
5.036487e-03
5.039313e-03
5.042121e-03
5.044908e-03
5.047677e-03
5.050426e-03
5.053156e-03
5.055866e-03
5.058557e-03
5.061229e-03
5.063882e-03
5.066515e-03
5.069128e-03
5.071723e-03
5.074297e-03
5.076853e-03
5.079389e-03
5.081906e-03
5.084404e-03
5.086882e-03
5.089340e-03
5.091780e-03
5.094200e-03
5.096601e-03
5.098982e-03
5.101344e-03
5.103686e-03
5.106010e-03
5.108314e-03
5.110598e-03
5.112863e-03
5.115109e-03
5.117335e-03
5.119543e-03
5.121730e-03
5.123899e-03
5.126048e-03
5.128177e-03
5.130287e-03
5.132378e-03
5.134450e-03
5.136502e-03
5.138535e-03
5.140548e-03
5.142543e-03
5.144517e-03
5.146473e-03
5.148409e-03
5.150325e-03
5.152223e-03
5.154101e-03
5.155959e-03
5.157798e-03
5.159618e-03
5.161419e-03
5.163200e-03
5.164962e-03
5.166704e-03
5.168427e-03
5.170131e-03
5.171815e-03
5.173480e-03
5.175126e-03
5.176752e-03
5.178359e-03
5.179947e-03
5.181515e-03
5.183064e-03
5.184593e-03
5.186103e-03
5.187594e-03
5.189065e-03
5.190517e-03
5.191950e-03
5.193363e-03
5.194757e-03
5.196132e-03
5.197487e-03
5.198823e-03
5.200139e-03
5.201436e-03
5.202714e-03
5.203973e-03
5.205212e-03
5.206431e-03
5.207632e-03
5.208813e-03
5.209974e-03
5.211116e-03
5.212239e-03
5.213343e-03
5.214427e-03
5.215492e-03
5.216537e-03
5.217563e-03
5.218570e-03
5.219557e-03
5.220525e-03
5.221474e-03
5.222403e-03
5.223313e-03
5.224204e-03
5.225075e-03
5.225927e-03
5.226759e-03
5.227573e-03
5.228366e-03
5.229141e-03
5.229896e-03
5.230631e-03
5.231348e-03
5.232045e-03
5.232722e-03
5.233381e-03
5.234019e-03
5.234639e-03
5.235239e-03
5.235820e-03
5.236381e-03
5.236923e-03
5.237446e-03
5.237949e-03
5.238433e-03
5.238898e-03
5.239343e-03
5.239769e-03
5.240176e-03
5.240563e-03
5.240931e-03
5.241279e-03
5.241608e-03
5.241918e-03
5.242208e-03
5.242480e-03
5.242731e-03
5.242963e-03
5.243176e-03
5.243370e-03
5.243544e-03
5.243699e-03
5.243835e-03
5.243951e-03
5.244048e-03
5.244125e-03
5.244183e-03
5.244222e-03
5.244241e-03
5.244241e-03
5.244222e-03
5.244183e-03
5.244125e-03
5.244047e-03
5.243951e-03
5.243834e-03
5.243699e-03
5.243544e-03
5.243370e-03
5.243176e-03
5.242963e-03
5.242731e-03
5.242479e-03
5.242208e-03
5.241917e-03
5.241608e-03
5.241279e-03
5.240930e-03
5.240562e-03
5.240175e-03
5.239768e-03
5.239342e-03
5.238897e-03
5.238432e-03
5.237948e-03
5.237445e-03
5.236922e-03
5.236602e-03
5.236602e-03
5.236602e-03
5.236602e-03
5.236602e-03
5.236602e-03
5.236602e-03
5.236602e-03
5.236602e-03
5.236602e-03
5.236602e-03
5.236602e-03
5.236602e-03
5.236602e-03
5.236602e-03
5.236602e-03
5.236602e-03
5.236602e-03
5.236602e-03
5.236602e-03
5.236602e-03
5.236602e-03
5.236602e-03
5.236602e-03
5.236602e-03
5.236602e-03
5.236602e-03
5.236602e-03
5.236602e-03
5.236602e-03
5.236602e-03
5.236602e-03
5.236602e-03
5.236602e-03
5.236602e-03
5.236602e-03
5.236602e-03
5.236602e-03
5.236602e-03
5.236602e-03
5.236602e-03
5.236602e-03
5.236602e-03
5.236602e-03
5.236602e-03
5.236602e-03
5.236602e-03
5.236602e-03
5.236602e-03
5.236602e-03
5.236602e-03
5.236602e-03
5.236602e-03
5.236602e-03
5.236602e-03
5.236602e-03
5.236602e-03
5.236602e-03
5.236602e-03
5.236602e-03
5.236602e-03
5.236602e-03
5.236602e-03
5.236602e-03
5.236602e-03
5.236602e-03
5.236602e-03
5.236602e-03
5.236602e-03
5.236602e-03
5.236602e-03
5.236602e-03
5.236602e-03
5.236602e-03
5.236602e-03
5.236602e-03
5.236602e-03
5.236602e-03
5.236602e-03
5.236602e-03
5.236602e-03
5.236602e-03
5.236602e-03
5.236602e-03
5.236602e-03
5.236602e-03
5.236602e-03
5.236602e-03
5.236602e-03
5.236602e-03
5.236602e-03
5.236602e-03
5.236602e-03
5.236602e-03
5.236602e-03
5.236602e-03
5.236602e-03
5.236602e-03
5.236602e-03
5.236602e-03
5.236602e-03
5.236602e-03
5.236602e-03
5.236602e-03
5.236602e-03
5.236602e-03
5.236602e-03
5.236602e-03
5.236602e-03
5.236602e-03
5.236602e-03
5.236602e-03
5.236602e-03
5.236602e-03
5.236602e-03
5.236602e-03
5.236602e-03
5.236602e-03
5.236602e-03
5.236602e-03
5.236602e-03
5.236602e-03
5.236602e-03
5.236602e-03
5.236602e-03
5.236602e-03
5.236602e-03
5.236602e-03
5.236602e-03
5.236602e-03
5.236602e-03
5.236602e-03
5.236602e-03
5.236602e-03
5.236602e-03
5.236602e-03
5.236602e-03
5.236602e-03
5.236602e-03
5.236602e-03
5.236602e-03
5.236602e-03
5.236602e-03
5.236602e-03
5.236602e-03
5.236602e-03
5.236602e-03
5.236602e-03
5.236602e-03
5.236602e-03
5.236602e-03
5.236602e-03
5.236602e-03
5.236602e-03
5.236602e-03
5.236602e-03
5.236602e-03
5.236602e-03
5.236602e-03
5.236602e-03
5.236602e-03
5.236602e-03
5.236602e-03
5.236602e-03
5.236602e-03
5.236602e-03
5.236602e-03
5.236602e-03
5.236602e-03
5.236602e-03
5.236602e-03
5.236602e-03
5.236602e-03
5.236602e-03
5.236602e-03
5.236602e-03
5.236602e-03
5.236602e-03
5.236602e-03
5.236602e-03
5.236602e-03
5.236602e-03
5.236602e-03
5.236602e-03
5.236602e-03
5.236602e-03
5.236602e-03
5.236602e-03
5.236602e-03
5.236602e-03
5.236602e-03
5.236602e-03
5.236602e-03
5.236602e-03
5.236602e-03
5.236602e-03
5.236602e-03
5.236602e-03
5.236602e-03
5.236602e-03
5.236602e-03
