0.000000e+00
1.110371e-07
2.262019e-07
3.454946e-07
4.689150e-07
5.964632e-07
7.281391e-07
8.639428e-07
1.003874e-06
1.147934e-06
1.296121e-06
1.448435e-06
1.604878e-06
1.765448e-06
1.930147e-06
2.098972e-06
2.271926e-06
2.449008e-06
2.630217e-06
2.815554e-06
3.005019e-06
3.198611e-06
3.396331e-06
3.598179e-06
3.804155e-06
4.014259e-06
4.228490e-06
4.446850e-06
4.669337e-06
4.895951e-06
5.126694e-06
5.361564e-06
5.600562e-06
5.843688e-06
6.090941e-06
6.342323e-06
6.597832e-06
6.857469e-06
7.121234e-06
7.389126e-06
7.661146e-06
7.937294e-06
8.217570e-06
8.501973e-06
8.790505e-06
9.083164e-06
9.379951e-06
9.680865e-06
9.985908e-06
1.029508e-05
1.060838e-05
1.092580e-05
1.124736e-05
1.157304e-05
1.190285e-05
1.223678e-05
1.257485e-05
1.291704e-05
1.326336e-05
1.361381e-05
1.396838e-05
1.432709e-05
1.468992e-05
1.505688e-05
1.542796e-05
1.580318e-05
1.618252e-05
1.656599e-05
1.695359e-05
1.734531e-05
1.774117e-05
1.814115e-05
1.854526e-05
1.895349e-05
1.936586e-05
1.978235e-05
2.020297e-05
2.062772e-05
2.105659e-05
2.148960e-05
2.192673e-05
2.236799e-05
2.281337e-05
2.326289e-05
2.371653e-05
2.417430e-05
2.463620e-05
2.510222e-05
2.557238e-05
2.604666e-05
2.652507e-05
2.700760e-05
2.749427e-05
2.798506e-05
2.847998e-05
2.897903e-05
2.948220e-05
2.998951e-05
3.050094e-05
3.101650e-05
3.153618e-05
3.206000e-05
3.258794e-05
3.312001e-05
3.365621e-05
3.419653e-05
3.474099e-05
3.528957e-05
3.584228e-05
3.639911e-05
3.696008e-05
3.752517e-05
3.809439e-05
3.866774e-05
3.924521e-05
3.982682e-05
4.041255e-05
4.100240e-05
4.159639e-05
4.219451e-05
4.279675e-05
4.340312e-05
4.401362e-05
4.462824e-05
4.524699e-05
4.586987e-05
4.649688e-05
4.712802e-05
4.776328e-05
4.840268e-05
4.904620e-05
4.969384e-05
5.034562e-05
5.100152e-05
5.166155e-05
5.232571e-05
5.299400e-05
5.366641e-05
5.434295e-05
5.502362e-05
5.570842e-05
5.639735e-05
5.709040e-05
5.778758e-05
5.848889e-05
5.919432e-05
5.990389e-05
6.061758e-05
6.133540e-05
6.205735e-05
6.278342e-05
6.351363e-05
6.424796e-05
6.498642e-05
6.572900e-05
6.647572e-05
6.722656e-05
6.798153e-05
6.874062e-05
6.950385e-05
7.027120e-05
7.104268e-05
7.181829e-05
7.259803e-05
7.338189e-05
7.416988e-05
7.496200e-05
7.575825e-05
7.655863e-05
7.736313e-05
7.817176e-05
7.898452e-05
7.980140e-05
8.062242e-05
8.144756e-05
8.227683e-05
8.311023e-05
8.394775e-05
8.478941e-05
8.563519e-05
8.648509e-05
8.733913e-05
8.819729e-05
8.905959e-05
8.992601e-05
9.079655e-05
9.167123e-05
9.255003e-05
9.343296e-05
9.432002e-05
9.521121e-05
9.610652e-05
9.700596e-05
9.790953e-05
9.881723e-05
9.972905e-05
1.006450e-04
1.015651e-04
1.024893e-04
1.034176e-04
1.043501e-04
1.052867e-04
1.062274e-04
1.071723e-04
1.081212e-04
1.090743e-04
1.100316e-04
1.109929e-04
1.119584e-04
1.129280e-04
1.139018e-04
1.148796e-04
1.158616e-04
1.168478e-04
1.178380e-04
1.188324e-04
1.198309e-04
1.208335e-04
1.218403e-04
1.228512e-04
1.238662e-04
1.248854e-04
1.259086e-04
1.269360e-04
1.279676e-04
1.290032e-04
1.300430e-04
1.310869e-04
1.321350e-04
1.331871e-04
1.342434e-04
1.353038e-04
1.363684e-04
1.374371e-04
1.385099e-04
1.395868e-04
1.406679e-04
1.417531e-04
1.428424e-04
1.439358e-04
1.450334e-04
1.461351e-04
1.472410e-04
1.483509e-04
1.494650e-04
1.505832e-04
1.517056e-04
1.528320e-04
1.539626e-04
1.550973e-04
1.562362e-04
1.573792e-04
1.585263e-04
1.596775e-04
1.608329e-04
1.619924e-04
1.631560e-04
1.643237e-04
1.654956e-04
1.666716e-04
1.678518e-04
1.690360e-04
1.702244e-04
1.714169e-04
1.726135e-04
1.738143e-04
1.750192e-04
1.762282e-04
1.774414e-04
1.786587e-04
1.798801e-04
1.811056e-04
1.823353e-04
1.835691e-04
1.848070e-04
1.860490e-04
1.872952e-04
1.885455e-04
1.897999e-04
1.910585e-04
1.923212e-04
1.935880e-04
1.948589e-04
1.961340e-04
1.974132e-04
1.986965e-04
1.999840e-04
2.012756e-04
2.025713e-04
2.038711e-04
2.051751e-04
2.064832e-04
2.077954e-04
2.091117e-04
2.104322e-04
2.117568e-04
2.130855e-04
2.144184e-04
2.157554e-04
2.170965e-04
2.184417e-04
2.197911e-04
2.211446e-04
2.225022e-04
2.238640e-04
2.252299e-04
2.265999e-04
2.279740e-04
2.293523e-04
2.307347e-04
2.321212e-04
2.335118e-04
2.349066e-04
2.363055e-04
2.377085e-04
2.391157e-04
2.405270e-04
2.419424e-04
2.433619e-04
2.447856e-04
2.462134e-04
2.476453e-04
2.490814e-04
2.505215e-04
2.519659e-04
2.534143e-04
2.548669e-04
2.563235e-04
2.577844e-04
2.592493e-04
2.607184e-04
2.621916e-04
2.636689e-04
2.651504e-04
2.666360e-04
2.681257e-04
2.696195e-04
2.711175e-04
2.726196e-04
2.741258e-04
2.756362e-04
2.771506e-04
2.786692e-04
2.801920e-04
2.817188e-04
2.832498e-04
2.847849e-04
2.863242e-04
2.878676e-04
2.894151e-04
2.909667e-04
2.925225e-04
2.940823e-04
2.956464e-04
2.972145e-04
2.987868e-04
3.003632e-04
3.019437e-04
3.035283e-04
3.051171e-04
3.067100e-04
3.083071e-04
3.099082e-04
3.115135e-04
3.131229e-04
3.147365e-04
3.163542e-04
3.179760e-04
3.196019e-04
3.212319e-04
3.228661e-04
3.245044e-04
3.261469e-04
3.277934e-04
3.294441e-04
3.310990e-04
3.327579e-04
3.344210e-04
3.360882e-04
3.377595e-04
3.394350e-04
3.411146e-04
3.427983e-04
3.444862e-04
3.461781e-04
3.478742e-04
3.495745e-04
3.512788e-04
3.529873e-04
3.546999e-04
3.564167e-04
3.581375e-04
3.598625e-04
3.615917e-04
3.633249e-04
3.650623e-04
3.668038e-04
3.685494e-04
3.702992e-04
3.720531e-04
3.738111e-04
3.755732e-04
3.773395e-04
3.791099e-04
3.808844e-04
3.826631e-04
3.844459e-04
3.862328e-04
3.880238e-04
3.898190e-04
3.916183e-04
3.934217e-04
3.952293e-04
3.970410e-04
3.988568e-04
4.006767e-04
4.025008e-04
4.043290e-04
4.061613e-04
4.079977e-04
4.098383e-04
4.116830e-04
4.135318e-04
4.153848e-04
4.172419e-04
4.191031e-04
4.209684e-04
4.228379e-04
4.247115e-04
4.265892e-04
4.284711e-04
4.303570e-04
4.322472e-04
4.341414e-04
4.360397e-04
4.379422e-04
4.398489e-04
4.417596e-04
4.436745e-04
4.455935e-04
4.475166e-04
4.494439e-04
4.513753e-04
4.533108e-04
4.552504e-04
4.571942e-04
4.591421e-04
4.610941e-04
4.630502e-04
4.650105e-04
4.669749e-04
4.689435e-04
4.709161e-04
4.728929e-04
4.748738e-04
4.768589e-04
4.788481e-04
4.808414e-04
4.828388e-04
4.848403e-04
4.868460e-04
4.888558e-04
4.908698e-04
4.928878e-04
4.949100e-04
4.969364e-04
4.989668e-04
5.010014e-04
5.030401e-04
5.050829e-04
5.071299e-04
5.091810e-04
5.112362e-04
5.132956e-04
5.153590e-04
5.174266e-04
5.194984e-04
5.215742e-04
5.236542e-04
5.257383e-04
5.278266e-04
5.299189e-04
5.320154e-04
5.341160e-04
5.362208e-04
5.383297e-04
5.404427e-04
5.425598e-04
5.446811e-04
5.468065e-04
5.489360e-04
5.510696e-04
5.532074e-04
5.553493e-04
5.574953e-04
5.596455e-04
5.617998e-04
5.639582e-04
5.661207e-04
5.682874e-04
5.704582e-04
5.726331e-04
5.748122e-04
5.769953e-04
5.791827e-04
5.813741e-04
5.835696e-04
5.857693e-04
5.879732e-04
5.901811e-04
5.923932e-04
5.946094e-04
5.968297e-04
5.990542e-04
6.012827e-04
6.035155e-04
6.057523e-04
6.079933e-04
6.102384e-04
6.124876e-04
6.147409e-04
6.169984e-04
6.192600e-04
6.215258e-04
6.237956e-04
6.260696e-04
6.283477e-04
6.306300e-04
6.329163e-04
6.352068e-04
6.375015e-04
6.398002e-04
6.421031e-04
6.444101e-04
6.467213e-04
6.490365e-04
6.513559e-04
6.536795e-04
6.560071e-04
6.583389e-04
6.606748e-04
6.630148e-04
6.653590e-04
6.677073e-04
6.700597e-04
6.724162e-04
6.747769e-04
6.771417e-04
6.795106e-04
6.818837e-04
6.842609e-04
6.866422e-04
6.890276e-04
6.914172e-04
6.938109e-04
6.962087e-04
6.986107e-04
7.010168e-04
7.034270e-04
7.058413e-04
7.082598e-04
7.106823e-04
7.131091e-04
7.155399e-04
7.179749e-04
7.204140e-04
7.228572e-04
7.253046e-04
7.277561e-04
7.302117e-04
7.326714e-04
7.351353e-04
7.376033e-04
7.400754e-04
7.425516e-04
7.450320e-04
7.475165e-04
7.500052e-04
7.524979e-04
7.549948e-04
7.574958e-04
7.600010e-04
7.625102e-04
7.650236e-04
7.675412e-04
7.700628e-04
7.725886e-04
7.751185e-04
7.776526e-04
7.801907e-04
7.827330e-04
7.852795e-04
7.878300e-04
7.903847e-04
7.929435e-04
7.955064e-04
7.980735e-04
8.006447e-04
8.032200e-04
8.057994e-04
8.083830e-04
8.109707e-04
8.135625e-04
8.161585e-04
8.187586e-04
8.213628e-04
8.239711e-04
8.265836e-04
8.292002e-04
8.318209e-04
8.344458e-04
8.370747e-04
8.397079e-04
8.423451e-04
8.449864e-04
8.476319e-04
8.502816e-04
8.529353e-04
8.555932e-04
8.582552e-04
8.609213e-04
8.635916e-04
8.662659e-04
8.689445e-04
8.716271e-04
8.743139e-04
8.770048e-04
8.796998e-04
8.823989e-04
8.851022e-04
8.878096e-04
8.905211e-04
8.932368e-04
8.959566e-04
8.986805e-04
9.014086e-04
9.041407e-04
9.068770e-04
9.096175e-04
9.123620e-04
9.151107e-04
9.178635e-04
9.206205e-04
9.233815e-04
9.261467e-04
9.289160e-04
9.316895e-04
9.344671e-04
9.372488e-04
9.400346e-04
9.428246e-04
9.456187e-04
9.484169e-04
9.512192e-04
9.540257e-04
9.568363e-04
9.596510e-04
9.624699e-04
9.652929e-04
9.681200e-04
9.709512e-04
9.737866e-04
9.766261e-04
9.794697e-04
9.823174e-04
9.851693e-04
9.880253e-04
9.908855e-04
9.937497e-04
9.966181e-04
9.994906e-04
1.002367e-03
1.005248e-03
1.008133e-03
1.011022e-03
1.013915e-03
1.016812e-03
1.019714e-03
1.022619e-03
1.025529e-03
1.028443e-03
1.031361e-03
1.034283e-03
1.037209e-03
1.040139e-03
1.043074e-03
1.046012e-03
1.048955e-03
1.051902e-03
1.054853e-03
1.057808e-03
1.060767e-03
1.063730e-03
1.066698e-03
1.069669e-03
1.072645e-03
1.075625e-03
1.078609e-03
1.081597e-03
1.084589e-03
1.087586e-03
1.090586e-03
1.093591e-03
1.096599e-03
1.099612e-03
1.102629e-03
1.105650e-03
1.108676e-03
1.111705e-03
1.114738e-03
1.117776e-03
1.120818e-03
1.123864e-03
1.126914e-03
1.129968e-03
1.133026e-03
1.136089e-03
1.139155e-03
1.142226e-03
1.145300e-03
1.148379e-03
1.151462e-03
1.154550e-03
1.157641e-03
1.160736e-03
1.163836e-03
1.166940e-03
1.170047e-03
1.173159e-03
1.176275e-03
1.179395e-03
1.182520e-03
1.185648e-03
1.188781e-03
1.191917e-03
1.195058e-03
1.198203e-03
1.201352e-03
1.204506e-03
1.207663e-03
1.210824e-03
1.213990e-03
1.217160e-03
1.220333e-03
1.223511e-03
1.226694e-03
1.229880e-03
1.233070e-03
1.236265e-03
1.239463e-03
1.242666e-03
1.245873e-03
1.249084e-03
1.252299e-03
1.255518e-03
1.258742e-03
1.261969e-03
1.265201e-03
1.268436e-03
1.271676e-03
1.274920e-03
1.278169e-03
1.281421e-03
1.284677e-03
1.287938e-03
1.291202e-03
1.294471e-03
1.297744e-03
1.301021e-03
1.304302e-03
1.307588e-03
1.310877e-03
1.314171e-03
1.317468e-03
1.320770e-03
1.324076e-03
1.327386e-03
1.330700e-03
1.334019e-03
1.337341e-03
1.340668e-03
1.343998e-03
1.347333e-03
1.350672e-03
1.354015e-03
1.357362e-03
1.360714e-03
1.364069e-03
1.367429e-03
1.370792e-03
1.374160e-03
1.377532e-03
1.380908e-03
1.384289e-03
1.387673e-03
1.391061e-03
1.394454e-03
1.397851e-03
1.401252e-03
1.404657e-03
1.408066e-03
1.411479e-03
1.414896e-03
1.418318e-03
1.421744e-03
1.425173e-03
1.428607e-03
1.432045e-03
1.435487e-03
1.438934e-03
1.442384e-03
1.445839e-03
1.449297e-03
1.452760e-03
1.456227e-03
1.459698e-03
1.463173e-03
1.466653e-03
1.470136e-03
1.473624e-03
1.477115e-03
1.480611e-03
1.484111e-03
1.487615e-03
1.491123e-03
1.494636e-03
1.498152e-03
1.501673e-03
1.505197e-03
1.508726e-03
1.512259e-03
1.515796e-03
1.519337e-03
1.522883e-03
1.526432e-03
1.529986e-03
1.533544e-03
1.537105e-03
1.540671e-03
1.544241e-03
1.547816e-03
1.551394e-03
1.554977e-03
1.558563e-03
1.562154e-03
1.565749e-03
1.569348e-03
1.572951e-03
1.576558e-03
1.580170e-03
1.583785e-03
1.587405e-03
1.591029e-03
1.594656e-03
1.598288e-03
1.601925e-03
1.605565e-03
1.609209e-03
1.612858e-03
1.616511e-03
1.620167e-03
1.623828e-03
1.627493e-03
1.631162e-03
1.634836e-03
1.638513e-03
1.642195e-03
1.645880e-03
1.649570e-03
1.653264e-03
1.656962e-03
1.660664e-03
1.664371e-03
1.668081e-03
1.671796e-03
1.675515e-03
1.679237e-03
1.682964e-03
1.686695e-03
1.690431e-03
1.694170e-03
1.697913e-03
1.701661e-03
1.705413e-03
1.709169e-03
1.712929e-03
1.716693e-03
1.720461e-03
1.724233e-03
1.728010e-03
1.731791e-03
1.735575e-03
1.739364e-03
1.743157e-03
1.746954e-03
1.750756e-03
1.754561e-03
1.758371e-03
1.762184e-03
1.766002e-03
1.769824e-03
1.773650e-03
1.777480e-03
1.781314e-03
1.785153e-03
1.788995e-03
1.792842e-03
1.796693e-03
1.800548e-03
1.804407e-03
1.808270e-03
1.812137e-03
1.816009e-03
1.819884e-03
1.823764e-03
1.827648e-03
1.831536e-03
1.835428e-03
1.839324e-03
1.843224e-03
1.847129e-03
1.851037e-03
1.854950e-03
1.858867e-03
1.862788e-03
1.866713e-03
1.870642e-03
1.874576e-03
1.878513e-03
1.882455e-03
1.886400e-03
1.890350e-03
1.894304e-03
1.898262e-03
1.902225e-03
1.906191e-03
1.910162e-03
1.914136e-03
1.918115e-03
1.922098e-03
1.926085e-03
1.930076e-03
1.934071e-03
1.938071e-03
1.942074e-03
1.946082e-03
1.950094e-03
1.954109e-03
1.958130e-03
1.962154e-03
1.966182e-03
1.970214e-03
1.974251e-03
1.978292e-03
1.982336e-03
1.986385e-03
1.990438e-03
1.994496e-03
1.998557e-03
2.002622e-03
2.006692e-03
2.010766e-03
2.014843e-03
2.018925e-03
2.023012e-03
2.027102e-03
2.031196e-03
2.035295e-03
2.039397e-03
2.043504e-03
2.047615e-03
2.051730e-03
2.055849e-03
2.059972e-03
2.064099e-03
2.068231e-03
2.072366e-03
2.076506e-03
2.080650e-03
2.084798e-03
2.088950e-03
2.093106e-03
2.097267e-03
2.101431e-03
2.105600e-03
2.109773e-03
2.113950e-03
2.118131e-03
2.122316e-03
2.126505e-03
2.130698e-03
2.134896e-03
2.139098e-03
2.143303e-03
2.147513e-03
2.151727e-03
2.155946e-03
2.160168e-03
2.164394e-03
2.168625e-03
2.172860e-03
2.177098e-03
2.181341e-03
2.185588e-03
2.189840e-03
2.194095e-03
2.198354e-03
2.202618e-03
2.206886e-03
2.211157e-03
2.215433e-03
2.219713e-03
2.223998e-03
2.228286e-03
2.232579e-03
2.236875e-03
2.241176e-03
2.245481e-03
2.249790e-03
2.254103e-03
2.258420e-03
2.262741e-03
2.267067e-03
2.271397e-03
2.275730e-03
2.280068e-03
2.284410e-03
2.288756e-03
2.293107e-03
2.297461e-03
2.301819e-03
2.306182e-03
2.310549e-03
2.314920e-03
2.319295e-03
2.323674e-03
2.328057e-03
2.332445e-03
2.336836e-03
2.341232e-03
2.345632e-03
2.350036e-03
2.354444e-03
2.358856e-03
2.363272e-03
2.367693e-03
2.372117e-03
2.376546e-03
2.380979e-03
2.385416e-03
2.389857e-03
2.394302e-03
2.398751e-03
2.403205e-03
2.407662e-03
2.412124e-03
2.416590e-03
2.421060e-03
2.425534e-03
2.430012e-03
2.434494e-03
2.438981e-03
2.443471e-03
2.447966e-03
2.452465e-03
2.456968e-03
2.461475e-03
2.465986e-03
2.470502e-03
2.475021e-03
2.479545e-03
2.484073e-03
2.488604e-03
2.493140e-03
2.497681e-03
2.502225e-03
2.506773e-03
2.511326e-03
2.515882e-03
2.520443e-03
2.525008e-03
2.529577e-03
2.534150e-03
2.538728e-03
2.543309e-03
2.547895e-03
2.552484e-03
2.557078e-03
2.561676e-03
2.566278e-03
2.570884e-03
2.575494e-03
2.580109e-03
2.584727e-03
2.589350e-03
2.593977e-03
2.598608e-03
2.603243e-03
2.607882e-03
2.612526e-03
2.617173e-03
2.621825e-03
2.626480e-03
2.631140e-03
2.635804e-03
2.640472e-03
2.645144e-03
2.649821e-03
2.654501e-03
2.659186e-03
2.663875e-03
2.668568e-03
2.673264e-03
2.677966e-03
2.682671e-03
2.687380e-03
2.692094e-03
2.696811e-03
2.701533e-03
2.706259e-03
2.710989e-03
2.715723e-03
2.720461e-03
2.725204e-03
2.729950e-03
2.734701e-03
2.739456e-03
2.744215e-03
2.748978e-03
2.753745e-03
2.758516e-03
2.763292e-03
2.768071e-03
2.772855e-03
2.777643e-03
2.782435e-03
2.787231e-03
2.792031e-03
2.796835e-03
2.801644e-03
2.806456e-03
2.811273e-03
2.816094e-03
2.820919e-03
2.825748e-03
2.830581e-03
2.835418e-03
2.840260e-03
2.845105e-03
2.849955e-03
2.854809e-03
2.859667e-03
2.864529e-03
2.869395e-03
2.874266e-03
2.879140e-03
2.884019e-03
2.888901e-03
2.893788e-03
2.898679e-03
2.903574e-03
2.908474e-03
2.913377e-03
2.918285e-03
2.923196e-03
2.928112e-03
2.933032e-03
2.937956e-03
2.942884e-03
2.947816e-03
2.952753e-03
2.957693e-03
2.962638e-03
2.967587e-03
2.972540e-03
2.977497e-03
2.982458e-03
2.987423e-03
2.992393e-03
2.997366e-03
3.002344e-03
3.007326e-03
3.012311e-03
3.017302e-03
3.022296e-03
3.027294e-03
3.032297e-03
3.037303e-03
3.042314e-03
3.047329e-03
3.052348e-03
3.057371e-03
3.062398e-03
3.067429e-03
3.072465e-03
3.077504e-03
3.082548e-03
3.087596e-03
3.092648e-03
3.097704e-03
3.102764e-03
3.107829e-03
3.112897e-03
3.117970e-03
3.123046e-03
3.128127e-03
3.133212e-03
3.138301e-03
3.143395e-03
3.148492e-03
3.153594e-03
3.158699e-03
3.163809e-03
3.168923e-03
3.174041e-03
3.179163e-03
3.184289e-03
3.189420e-03
3.194554e-03
3.199693e-03
3.204836e-03
3.209983e-03
3.215134e-03
3.220289e-03
3.225448e-03
3.230612e-03
3.235779e-03
3.240951e-03
3.246127e-03
3.251307e-03
3.256491e-03
3.261679e-03
3.266871e-03
3.272068e-03
3.277268e-03
3.282473e-03
3.287682e-03
3.292895e-03
3.298112e-03
3.303333e-03
3.308558e-03
3.313788e-03
3.319022e-03
3.324259e-03
3.329501e-03
3.334747e-03
3.339997e-03
3.345251e-03
3.350510e-03
3.355772e-03
3.361039e-03
3.366310e-03
3.371585e-03
3.376864e-03
3.382147e-03
3.387434e-03
3.392725e-03
3.398021e-03
3.403321e-03
3.408624e-03
3.413932e-03
3.419244e-03
3.424560e-03
3.429881e-03
3.435205e-03
3.440534e-03
3.445866e-03
3.451203e-03
3.456544e-03
3.461889e-03
3.467238e-03
3.472592e-03
3.477949e-03
3.483311e-03
3.488676e-03
3.494046e-03
3.499420e-03
3.504798e-03
3.510180e-03
3.515567e-03
3.520957e-03
3.526352e-03
3.531750e-03
3.537153e-03
3.542560e-03
3.547971e-03
3.553387e-03
3.558806e-03
3.564229e-03
3.569657e-03
3.575089e-03
3.580525e-03
3.585965e-03
3.591409e-03
3.596857e-03
3.602309e-03
3.607766e-03
3.613226e-03
3.618691e-03
3.624160e-03
3.629633e-03
3.635110e-03
3.640592e-03
3.646077e-03
3.651566e-03
3.657060e-03
3.662558e-03
3.668060e-03
3.673566e-03
3.679076e-03
3.684590e-03
3.690109e-03
3.695631e-03
3.701158e-03
3.706689e-03
3.712224e-03
3.717763e-03
3.723306e-03
3.728853e-03
3.734405e-03
3.739960e-03
3.745520e-03
3.751084e-03
3.756652e-03
3.762224e-03
3.767800e-03
3.773380e-03
3.778965e-03
3.784553e-03
3.790146e-03
3.795743e-03
3.801344e-03
3.806949e-03
3.812558e-03
3.818172e-03
3.823789e-03
3.829411e-03
3.835036e-03
3.840666e-03
3.846300e-03
3.851938e-03
3.857581e-03
3.863227e-03
3.868878e-03
3.874532e-03
3.880191e-03
3.885854e-03
3.891521e-03
3.897192e-03
3.902867e-03
3.908547e-03
3.914230e-03
3.919918e-03
3.925610e-03
3.931306e-03
3.937006e-03
3.942710e-03
3.948418e-03
3.954131e-03
3.959847e-03
3.965568e-03
3.971293e-03
3.977022e-03
3.982755e-03
3.988492e-03
3.994233e-03
3.999979e-03
4.005728e-03
4.011482e-03
4.017240e-03
4.023002e-03
4.028768e-03
4.034538e-03
4.040312e-03
4.046091e-03
4.051873e-03
4.057660e-03
4.063451e-03
4.069246e-03
4.075045e-03
4.080848e-03
4.086656e-03
4.092467e-03
4.098283e-03
4.104102e-03
4.109926e-03
4.115754e-03
4.121586e-03
4.127423e-03
4.133263e-03
4.139108e-03
4.144956e-03
4.150809e-03
4.156666e-03
4.162527e-03
4.168392e-03
4.174261e-03
4.180135e-03
4.186012e-03
4.191894e-03
4.197780e-03
4.203670e-03
4.209564e-03
4.215462e-03
4.221364e-03
4.227271e-03
4.233181e-03
4.239096e-03
4.245015e-03
4.250938e-03
4.256865e-03
4.262796e-03
4.268731e-03
4.274671e-03
4.280614e-03
4.286562e-03
4.292514e-03
4.298470e-03
4.304430e-03
4.310394e-03
4.316362e-03
4.322335e-03
4.328311e-03
4.334292e-03
4.340277e-03
4.346266e-03
4.352259e-03
4.358256e-03
4.364258e-03
4.370263e-03
4.376273e-03
4.382287e-03
4.388305e-03
4.394327e-03
4.400353e-03
4.406383e-03
4.412417e-03
4.418456e-03
4.424498e-03
4.430545e-03
4.436596e-03
4.442651e-03
4.448710e-03
4.454774e-03
4.460841e-03
4.466913e-03
4.472988e-03
4.479068e-03
4.485152e-03
4.491240e-03
4.497332e-03
4.503429e-03
4.509529e-03
4.515634e-03
4.521742e-03
4.527855e-03
4.533972e-03
4.540093e-03
4.546218e-03
4.552348e-03
4.558481e-03
4.564619e-03
4.570760e-03
4.576906e-03
4.583056e-03
4.589210e-03
4.595368e-03
4.601531e-03
4.607697e-03
4.613868e-03
4.620043e-03
4.626222e-03
4.632405e-03
4.638592e-03
4.644783e-03
4.650978e-03
4.657178e-03
4.663381e-03
4.669589e-03
4.675801e-03
4.682017e-03
4.688237e-03
4.694461e-03
4.700690e-03
4.706922e-03
4.713159e-03
4.719400e-03
4.725645e-03
4.731894e-03
4.738147e-03
4.744404e-03
4.750666e-03
4.756931e-03
4.763201e-03
4.769475e-03
4.775753e-03
4.782035e-03
4.788321e-03
4.794611e-03
4.800906e-03
4.806539e-03
4.812153e-03
4.817745e-03
4.823317e-03
4.828869e-03
4.834400e-03
4.839910e-03
4.845400e-03
4.850869e-03
4.856317e-03
4.861745e-03
4.867153e-03
4.872540e-03
4.877906e-03
4.883252e-03
4.888577e-03
4.893881e-03
4.899165e-03
4.904428e-03
4.909671e-03
4.914893e-03
4.920095e-03
4.925276e-03
4.930436e-03
4.935576e-03
4.940695e-03
4.945794e-03
4.950872e-03
4.955929e-03
4.960966e-03
4.965982e-03
4.970978e-03
4.975953e-03
4.980908e-03
4.985842e-03
4.990755e-03
4.995648e-03
5.000520e-03
5.005372e-03
5.010203e-03
5.015013e-03
5.019803e-03
5.024573e-03
5.029321e-03
5.034049e-03
5.038757e-03
5.043444e-03
5.048110e-03
5.052756e-03
5.057381e-03
5.061986e-03
5.066570e-03
5.071133e-03
5.075676e-03
5.080198e-03
5.084700e-03
5.089181e-03
5.093642e-03
5.098082e-03
5.102501e-03
5.106900e-03
5.111278e-03
5.115636e-03
5.119973e-03
5.124289e-03
5.128585e-03
5.132860e-03
5.137115e-03
5.141349e-03
5.145563e-03
5.149756e-03
5.153928e-03
5.158080e-03
5.162211e-03
5.166322e-03
5.170412e-03
5.174481e-03
5.178530e-03
5.182558e-03
5.186566e-03
5.190553e-03
5.194519e-03
5.198465e-03
5.202391e-03
5.206295e-03
5.210180e-03
5.214043e-03
5.217886e-03
5.221709e-03
5.225511e-03
5.229292e-03
5.233052e-03
5.236793e-03
5.240512e-03
5.244211e-03
5.247889e-03
5.251547e-03
5.255184e-03
5.258801e-03
5.262397e-03
5.265972e-03
5.269527e-03
5.273061e-03
5.276575e-03
5.280068e-03
5.283541e-03
5.286993e-03
5.290424e-03
5.293835e-03
5.297225e-03
5.300594e-03
5.303943e-03
5.307272e-03
5.310580e-03
5.313867e-03
5.317133e-03
5.320380e-03
5.323605e-03
5.326810e-03
5.329994e-03
5.333158e-03
5.336301e-03
5.339424e-03
5.342526e-03
5.345607e-03
5.348668e-03
5.351708e-03
5.354728e-03
5.357727e-03
5.360705e-03
5.363663e-03
5.366601e-03
5.369517e-03
5.372414e-03
5.375289e-03
5.378144e-03
5.380978e-03
5.383792e-03
5.386585e-03
5.389358e-03
5.392110e-03
5.394842e-03
5.397553e-03
5.400243e-03
5.402913e-03
5.405562e-03
5.408190e-03
5.410798e-03
5.413386e-03
5.415952e-03
5.418499e-03
5.421024e-03
5.423529e-03
5.426014e-03
5.428478e-03
5.430921e-03
5.433344e-03
5.435746e-03
5.438127e-03
5.440488e-03
5.442829e-03
5.445149e-03
5.447448e-03
5.449726e-03
5.451984e-03
5.454222e-03
5.456439e-03
5.458635e-03
5.460811e-03
5.462966e-03
5.465100e-03
5.467214e-03
5.469308e-03
5.471381e-03
5.473433e-03
5.475464e-03
5.477475e-03
5.479466e-03
5.481436e-03
5.483385e-03
5.485314e-03
5.487222e-03
5.489109e-03
5.490976e-03
5.492823e-03
5.494648e-03
5.496454e-03
5.498238e-03
5.500002e-03
5.501746e-03
5.503469e-03
5.505171e-03
5.506853e-03
5.508514e-03
5.510154e-03
5.511774e-03
5.513373e-03
5.514952e-03
5.516510e-03
5.518048e-03
5.519565e-03
5.521062e-03
5.522537e-03
5.523993e-03
5.525427e-03
5.526841e-03
5.528235e-03
5.529608e-03
5.530960e-03
5.532292e-03
5.533603e-03
5.534894e-03
5.536164e-03
5.537413e-03
5.538642e-03
5.539850e-03
5.541038e-03
5.542205e-03
5.543352e-03
5.544477e-03
5.545583e-03
5.546668e-03
5.547732e-03
5.548775e-03
5.549798e-03
5.550801e-03
5.551783e-03
5.552744e-03
5.553685e-03
5.554605e-03
5.555504e-03
5.556383e-03
5.557241e-03
5.558079e-03
5.558896e-03
5.559693e-03
5.560469e-03
5.561224e-03
5.561959e-03
5.562673e-03
5.563367e-03
5.564040e-03
5.564693e-03
5.565324e-03
5.565936e-03
5.566527e-03
5.567097e-03
5.567646e-03
5.568175e-03
5.568684e-03
5.569171e-03
5.569639e-03
5.570085e-03
5.570511e-03
5.570917e-03
5.571302e-03
5.571666e-03
5.572010e-03
5.572333e-03
5.572636e-03
5.572918e-03
5.573179e-03
5.573420e-03
5.573640e-03
5.573840e-03
5.574019e-03
5.574177e-03
5.574315e-03
5.574432e-03
5.574529e-03
5.574605e-03
5.574661e-03
5.574696e-03
5.574710e-03
5.574704e-03
5.574677e-03
5.574630e-03
5.574562e-03
5.574473e-03
5.574364e-03
5.574234e-03
5.574084e-03
5.573913e-03
5.573722e-03
5.573510e-03
5.573277e-03
5.573024e-03
5.572750e-03
5.572456e-03
5.572141e-03
5.571805e-03
5.571449e-03
5.571072e-03
5.570675e-03
5.570257e-03
5.569819e-03
5.569360e-03
5.568880e-03
5.568380e-03
5.567859e-03
5.567540e-03
5.567540e-03
5.567540e-03
5.567540e-03
5.567540e-03
5.567540e-03
5.567540e-03
5.567540e-03
5.567540e-03
5.567540e-03
5.567540e-03
5.567540e-03
5.567540e-03
5.567540e-03
5.567540e-03
5.567540e-03
5.567540e-03
5.567540e-03
5.567540e-03
5.567540e-03
5.567540e-03
5.567540e-03
5.567540e-03
5.567540e-03
5.567540e-03
5.567540e-03
5.567540e-03
5.567540e-03
5.567540e-03
5.567540e-03
5.567540e-03
5.567540e-03
5.567540e-03
5.567540e-03
5.567540e-03
5.567540e-03
5.567540e-03
5.567540e-03
5.567540e-03
5.567540e-03
5.567540e-03
5.567540e-03
5.567540e-03
5.567540e-03
5.567540e-03
5.567540e-03
5.567540e-03
5.567540e-03
5.567540e-03
5.567540e-03
5.567540e-03
5.567540e-03
5.567540e-03
5.567540e-03
5.567540e-03
5.567540e-03
5.567540e-03
5.567540e-03
5.567540e-03
5.567540e-03
5.567540e-03
5.567540e-03
5.567540e-03
5.567540e-03
5.567540e-03
5.567540e-03
5.567540e-03
5.567540e-03
5.567540e-03
5.567540e-03
5.567540e-03
5.567540e-03
5.567540e-03
5.567540e-03
5.567540e-03
5.567540e-03
5.567540e-03
5.567540e-03
5.567540e-03
5.567540e-03
5.567540e-03
5.567540e-03
5.567540e-03
5.567540e-03
5.567540e-03
5.567540e-03
5.567540e-03
5.567540e-03
5.567540e-03
5.567540e-03
5.567540e-03
5.567540e-03
5.567540e-03
5.567540e-03
5.567540e-03
5.567540e-03
5.567540e-03
5.567540e-03
5.567540e-03
5.567540e-03
5.567540e-03
5.567540e-03
5.567540e-03
5.567540e-03
5.567540e-03
5.567540e-03
5.567540e-03
5.567540e-03
5.567540e-03
5.567540e-03
5.567540e-03
5.567540e-03
5.567540e-03
5.567540e-03
5.567540e-03
5.567540e-03
5.567540e-03
5.567540e-03
5.567540e-03
5.567540e-03
5.567540e-03
5.567540e-03
5.567540e-03
5.567540e-03
5.567540e-03
5.567540e-03
5.567540e-03
5.567540e-03
5.567540e-03
5.567540e-03
5.567540e-03
5.567540e-03
5.567540e-03
5.567540e-03
5.567540e-03
5.567540e-03
5.567540e-03
5.567540e-03
5.567540e-03
5.567540e-03
5.567540e-03
5.567540e-03
5.567540e-03
5.567540e-03
5.567540e-03
5.567540e-03
5.567540e-03
5.567540e-03
5.567540e-03
5.567540e-03
5.567540e-03
5.567540e-03
5.567540e-03
5.567540e-03
5.567540e-03
5.567540e-03
5.567540e-03
5.567540e-03
5.567540e-03
5.567540e-03
5.567540e-03
5.567540e-03
5.567540e-03
5.567540e-03
5.567540e-03
5.567540e-03
5.567540e-03
5.567540e-03
5.567540e-03
5.567540e-03
5.567540e-03
5.567540e-03
5.567540e-03
5.567540e-03
5.567540e-03
5.567540e-03
5.567540e-03
5.567540e-03
5.567540e-03
5.567540e-03
5.567540e-03
5.567540e-03
5.567540e-03
5.567540e-03
5.567540e-03
5.567540e-03
5.567540e-03
5.567540e-03
5.567540e-03
5.567540e-03
5.567540e-03
5.567540e-03
5.567540e-03
5.567540e-03
5.567540e-03
5.567540e-03
5.567540e-03
5.567540e-03
5.567540e-03
5.567540e-03
5.567540e-03
