0.000000e+00
1.110371e-07
2.261266e-07
3.452686e-07
4.684630e-07
5.957099e-07
7.270092e-07
8.623610e-07
1.001765e-06
1.145222e-06
1.292731e-06
1.444293e-06
1.599907e-06
1.759573e-06
1.923292e-06
2.091063e-06
2.262887e-06
2.438763e-06
2.618692e-06
2.802673e-06
2.990707e-06
3.182793e-06
3.378931e-06
3.579122e-06
3.783366e-06
3.991662e-06
4.204010e-06
4.420411e-06
4.640864e-06
4.865370e-06
5.093928e-06
5.326538e-06
5.563201e-06
5.803917e-06
6.048684e-06
6.297505e-06
6.550378e-06
6.807303e-06
7.068281e-06
7.333311e-06
7.602393e-06
7.875528e-06
8.152716e-06
8.433956e-06
8.719248e-06
9.008593e-06
9.301990e-06
9.599440e-06
9.900942e-06
1.020650e-05
1.051610e-05
1.082976e-05
1.114748e-05
1.146924e-05
1.179506e-05
1.212493e-05
1.245885e-05
1.279682e-05
1.313885e-05
1.348493e-05
1.383506e-05
1.418924e-05
1.454748e-05
1.490977e-05
1.527611e-05
1.564650e-05
1.602095e-05
1.639945e-05
1.678200e-05
1.716860e-05
1.755926e-05
1.795397e-05
1.835273e-05
1.875554e-05
1.916241e-05
1.957333e-05
1.998830e-05
2.040732e-05
2.083040e-05
2.125752e-05
2.168870e-05
2.212394e-05
2.256322e-05
2.300656e-05
2.345395e-05
2.390539e-05
2.436089e-05
2.482044e-05
2.528404e-05
2.575169e-05
2.622339e-05
2.669915e-05
2.717896e-05
2.766282e-05
2.815074e-05
2.864271e-05
2.913873e-05
2.963880e-05
3.014292e-05
3.065110e-05
3.116333e-05
3.167961e-05
3.219994e-05
3.272433e-05
3.325277e-05
3.378526e-05
3.432181e-05
3.486240e-05
3.540705e-05
3.595575e-05
3.650851e-05
3.706531e-05
3.762617e-05
3.819108e-05
3.876005e-05
3.933306e-05
3.991013e-05
4.049125e-05
4.107643e-05
4.166565e-05
4.225893e-05
4.285626e-05
4.345765e-05
4.406308e-05
4.467257e-05
4.528611e-05
4.590370e-05
4.652535e-05
4.715105e-05
4.778080e-05
4.841460e-05
4.905246e-05
4.969436e-05
5.034032e-05
5.099034e-05
5.164440e-05
5.230252e-05
5.296469e-05
5.363091e-05
5.430119e-05
5.497552e-05
5.565389e-05
5.633633e-05
5.702281e-05
5.771335e-05
5.840794e-05
5.910658e-05
5.980928e-05
6.051602e-05
6.122682e-05
6.194167e-05
6.266058e-05
6.338354e-05
6.411054e-05
6.484161e-05
6.557672e-05
6.631589e-05
6.705911e-05
6.780638e-05
6.855770e-05
6.931308e-05
7.007251e-05
7.083599e-05
7.160352e-05
7.237511e-05
7.315075e-05
7.393044e-05
7.471418e-05
7.550198e-05
7.629383e-05
7.708973e-05
7.788968e-05
7.869369e-05
7.950174e-05
8.031385e-05
8.113002e-05
8.195023e-05
8.277450e-05
8.360282e-05
8.443519e-05
8.527162e-05
8.611210e-05
8.695663e-05
8.780521e-05
8.865785e-05
8.951453e-05
9.037527e-05
9.124007e-05
9.210891e-05
9.298181e-05
9.385876e-05
9.473976e-05
9.562481e-05
9.651392e-05
9.740708e-05
9.830429e-05
9.920556e-05
1.001109e-04
1.010202e-04
1.019337e-04
1.028511e-04
1.037727e-04
1.046982e-04
1.056279e-04
1.065616e-04
1.074993e-04
1.084411e-04
1.093869e-04
1.103368e-04
1.112908e-04
1.122488e-04
1.132108e-04
1.141769e-04
1.151471e-04
1.161213e-04
1.170995e-04
1.180819e-04
1.190682e-04
1.200586e-04
1.210531e-04
1.220516e-04
1.230542e-04
1.240608e-04
1.250715e-04
1.260863e-04
1.271050e-04
1.281279e-04
1.291548e-04
1.301857e-04
1.312207e-04
1.322598e-04
1.333029e-04
1.343500e-04
1.354012e-04
1.364565e-04
1.375158e-04
1.385791e-04
1.396466e-04
1.407180e-04
1.417935e-04
1.428731e-04
1.439567e-04
1.450444e-04
1.461362e-04
1.472319e-04
1.483318e-04
1.494357e-04
1.505436e-04
1.516556e-04
1.527716e-04
1.538917e-04
1.550159e-04
1.561441e-04
1.572763e-04
1.584126e-04
1.595530e-04
1.606974e-04
1.618459e-04
1.629984e-04
1.641550e-04
1.653156e-04
1.664803e-04
1.676490e-04
1.688218e-04
1.699986e-04
1.711795e-04
1.723644e-04
1.735534e-04
1.747464e-04
1.759435e-04
1.771447e-04
1.783499e-04
1.795591e-04
1.807724e-04
1.819898e-04
1.832112e-04
1.844367e-04
1.856662e-04
1.868997e-04
1.881373e-04
1.893790e-04
1.906247e-04
1.918745e-04
1.931283e-04
1.943862e-04
1.956482e-04
1.969141e-04
1.981842e-04
1.994583e-04
2.007364e-04
2.020186e-04
2.033049e-04
2.045952e-04
2.058895e-04
2.071879e-04
2.084904e-04
2.097969e-04
2.111074e-04
2.124221e-04
2.137407e-04
2.150634e-04
2.163902e-04
2.177210e-04
2.190559e-04
2.203948e-04
2.217378e-04
2.230849e-04
2.244359e-04
2.257911e-04
2.271503e-04
2.285135e-04
2.298808e-04
2.312522e-04
2.326276e-04
2.340070e-04
2.353905e-04
2.367781e-04
2.381697e-04
2.395654e-04
2.409651e-04
2.423688e-04
2.437767e-04
2.451885e-04
2.466045e-04
2.480244e-04
2.494485e-04
2.508765e-04
2.523087e-04
2.537449e-04
2.551851e-04
2.566294e-04
2.580777e-04
2.595301e-04
2.609866e-04
2.624471e-04
2.639117e-04
2.653803e-04
2.668529e-04
2.683296e-04
2.698104e-04
2.712952e-04
2.727841e-04
2.742770e-04
2.757740e-04
2.772750e-04
2.787801e-04
2.802892e-04
2.818024e-04
2.833196e-04
2.848409e-04
2.863663e-04
2.878957e-04
2.894291e-04
2.909666e-04
2.925082e-04
2.940538e-04
2.956034e-04
2.971571e-04
2.987149e-04
3.002767e-04
3.018426e-04
3.034125e-04
3.049865e-04
3.065645e-04
3.081466e-04
3.097327e-04
3.113229e-04
3.129171e-04
3.145154e-04
3.161177e-04
3.177241e-04
3.193346e-04
3.209491e-04
3.225676e-04
3.241902e-04
3.258169e-04
3.274476e-04
3.290823e-04
3.307211e-04
3.323640e-04
3.340109e-04
3.356619e-04
3.373169e-04
3.389760e-04
3.406391e-04
3.423063e-04
3.439775e-04
3.456528e-04
3.473321e-04
3.490155e-04
3.507029e-04
3.523944e-04
3.540900e-04
3.557896e-04
3.574932e-04
3.592009e-04
3.609127e-04
3.626285e-04
3.643483e-04
3.660723e-04
3.678002e-04
3.695322e-04
3.712683e-04
3.730084e-04
3.747526e-04
3.765008e-04
3.782531e-04
3.800094e-04
3.817698e-04
3.835343e-04
3.853027e-04
3.870753e-04
3.888519e-04
3.906325e-04
3.924172e-04
3.942060e-04
3.959988e-04
3.977956e-04
3.995965e-04
4.014015e-04
4.032105e-04
4.050236e-04
4.068407e-04
4.086619e-04
4.104871e-04
4.123164e-04
4.141497e-04
4.159871e-04
4.178285e-04
4.196740e-04
4.215235e-04
4.233771e-04
4.252348e-04
4.270965e-04
4.289622e-04
4.308320e-04
4.327059e-04
4.345838e-04
4.364657e-04
4.383517e-04
4.402418e-04
4.421359e-04
4.440341e-04
4.459363e-04
4.478426e-04
4.497529e-04
4.516673e-04
4.535857e-04
4.555082e-04
4.574347e-04
4.593653e-04
4.612999e-04
4.632386e-04
4.651814e-04
4.671282e-04
4.690790e-04
4.710339e-04
4.729929e-04
4.749559e-04
4.769229e-04
4.788940e-04
4.808692e-04
4.828484e-04
4.848317e-04
4.868190e-04
4.888104e-04
4.908058e-04
4.928053e-04
4.948088e-04
4.968164e-04
4.988280e-04
5.008437e-04
5.028635e-04
5.048873e-04
5.069151e-04
5.089470e-04
5.109829e-04
5.130229e-04
5.150670e-04
5.171151e-04
5.191673e-04
5.212235e-04
5.232837e-04
5.253481e-04
5.274164e-04
5.294889e-04
5.315653e-04
5.336459e-04
5.357304e-04
5.378191e-04
5.399118e-04
5.420085e-04
5.441093e-04
5.462141e-04
5.483230e-04
5.504360e-04
5.525530e-04
5.546740e-04
5.567991e-04
5.589283e-04
5.610615e-04
5.631987e-04
5.653401e-04
5.674854e-04
5.696348e-04
5.717883e-04
5.739458e-04
5.761074e-04
5.782730e-04
5.804427e-04
5.826165e-04
5.847942e-04
5.869761e-04
5.891620e-04
5.913519e-04
5.935459e-04
5.957440e-04
5.979461e-04
6.001522e-04
6.023624e-04
6.045767e-04
6.067950e-04
6.090173e-04
6.112438e-04
6.134742e-04
6.157087e-04
6.179473e-04
6.201899e-04
6.224366e-04
6.246874e-04
6.269421e-04
6.292010e-04
6.314639e-04
6.337308e-04
6.360018e-04
6.382768e-04
6.405559e-04
6.428391e-04
6.451263e-04
6.474175e-04
6.497128e-04
6.520122e-04
6.543156e-04
6.566231e-04
6.589346e-04
6.612502e-04
6.635698e-04
6.658935e-04
6.682212e-04
6.705530e-04
6.728888e-04
6.752287e-04
6.775726e-04
6.799206e-04
6.822726e-04
6.846287e-04
6.869889e-04
6.893531e-04
6.917213e-04
6.940936e-04
6.964700e-04
6.988504e-04
7.012349e-04
7.036234e-04
7.060159e-04
7.084126e-04
7.108132e-04
7.132180e-04
7.156267e-04
7.180396e-04
7.204564e-04
7.228774e-04
7.253024e-04
7.277314e-04
7.301645e-04
7.326016e-04
7.350428e-04
7.374881e-04
7.399374e-04
7.423907e-04
7.448481e-04
7.473096e-04
7.497751e-04
7.522447e-04
7.547183e-04
7.571959e-04
7.596777e-04
7.621634e-04
7.646532e-04
7.671471e-04
7.696451e-04
7.721470e-04
7.746531e-04
7.771632e-04
7.796773e-04
7.821955e-04
7.847177e-04
7.872440e-04
7.897744e-04
7.923088e-04
7.948472e-04
7.973897e-04
7.999363e-04
8.024869e-04
8.050416e-04
8.076003e-04
8.101631e-04
8.127299e-04
8.153007e-04
8.178757e-04
8.204547e-04
8.230377e-04
8.256248e-04
8.282159e-04
8.308111e-04
8.334103e-04
8.360136e-04
8.386210e-04
8.412324e-04
8.438478e-04
8.464673e-04
8.490909e-04
8.517185e-04
8.543501e-04
8.569859e-04
8.596256e-04
8.622694e-04
8.649173e-04
8.675692e-04
8.702252e-04
8.728852e-04
8.755493e-04
8.782174e-04
8.808896e-04
8.835659e-04
8.862462e-04
8.889305e-04
8.916189e-04
8.943113e-04
8.970078e-04
8.997084e-04
9.024130e-04
9.051216e-04
9.078344e-04
9.105511e-04
9.132719e-04
9.159968e-04
9.187257e-04
9.214587e-04
9.241957e-04
9.269368e-04
9.296819e-04
9.324311e-04
9.351843e-04
9.379416e-04
9.407030e-04
9.434683e-04
9.462378e-04
9.490113e-04
9.517888e-04
9.545704e-04
9.573561e-04
9.601458e-04
9.629395e-04
9.657374e-04
9.685392e-04
9.713451e-04
9.741551e-04
9.769691e-04
9.797872e-04
9.826093e-04
9.854355e-04
9.882657e-04
9.911000e-04
9.939383e-04
9.967807e-04
9.996272e-04
1.002478e-03
1.005332e-03
1.008191e-03
1.011053e-03
1.013920e-03
1.016791e-03
1.019666e-03
1.022545e-03
1.025427e-03
1.028314e-03
1.031205e-03
1.034101e-03
1.037000e-03
1.039903e-03
1.042810e-03
1.045721e-03
1.048637e-03
1.051556e-03
1.054479e-03
1.057407e-03
1.060339e-03
1.063274e-03
1.066214e-03
1.069157e-03
1.072105e-03
1.075057e-03
1.078013e-03
1.080973e-03
1.083937e-03
1.086905e-03
1.089877e-03
1.092853e-03
1.095833e-03
1.098817e-03
1.101806e-03
1.104798e-03
1.107794e-03
1.110795e-03
1.113799e-03
1.116808e-03
1.119820e-03
1.122837e-03
1.125858e-03
1.128882e-03
1.131911e-03
1.134944e-03
1.137981e-03
1.141022e-03
1.144067e-03
1.147116e-03
1.150169e-03
1.153226e-03
1.156288e-03
1.159353e-03
1.162422e-03
1.165496e-03
1.168573e-03
1.171654e-03
1.174740e-03
1.177830e-03
1.180923e-03
1.184021e-03
1.187123e-03
1.190228e-03
1.193338e-03
1.196452e-03
1.199570e-03
1.202692e-03
1.205818e-03
1.208948e-03
1.212082e-03
1.215221e-03
1.218363e-03
1.221509e-03
1.224660e-03
1.227814e-03
1.230973e-03
1.234135e-03
1.237302e-03
1.240472e-03
1.243647e-03
1.246826e-03
1.250009e-03
1.253195e-03
1.256386e-03
1.259581e-03
1.262780e-03
1.265983e-03
1.269190e-03
1.272402e-03
1.275617e-03
1.278836e-03
1.282059e-03
1.285287e-03
1.288518e-03
1.291754e-03
1.294993e-03
1.298237e-03
1.301484e-03
1.304736e-03
1.307992e-03
1.311252e-03
1.314515e-03
1.317783e-03
1.321055e-03
1.324331e-03
1.327611e-03
1.330895e-03
1.334184e-03
1.337476e-03
1.340772e-03
1.344072e-03
1.347377e-03
1.350685e-03
1.353998e-03
1.357314e-03
1.360635e-03
1.363959e-03
1.367288e-03
1.370621e-03
1.373958e-03
1.377298e-03
1.380643e-03
1.383992e-03
1.387345e-03
1.390702e-03
1.394063e-03
1.397428e-03
1.400798e-03
1.404171e-03
1.407548e-03
1.410930e-03
1.414315e-03
1.417704e-03
1.421098e-03
1.424496e-03
1.427897e-03
1.431303e-03
1.434713e-03
1.438126e-03
1.441544e-03
1.444966e-03
1.448392e-03
1.451822e-03
1.455256e-03
1.458694e-03
1.462136e-03
1.465583e-03
1.469033e-03
1.472487e-03
1.475945e-03
1.479408e-03
1.482874e-03
1.486345e-03
1.489819e-03
1.493298e-03
1.496781e-03
1.500267e-03
1.503758e-03
1.507253e-03
1.510752e-03
1.514255e-03
1.517762e-03
1.521273e-03
1.524788e-03
1.528307e-03
1.531830e-03
1.535358e-03
1.538889e-03
1.542424e-03
1.545964e-03
1.549507e-03
1.553055e-03
1.556606e-03
1.560162e-03
1.563722e-03
1.567285e-03
1.570853e-03
1.574425e-03
1.578001e-03
1.581581e-03
1.585165e-03
1.588753e-03
1.592345e-03
1.595941e-03
1.599541e-03
1.603145e-03
1.606754e-03
1.610366e-03
1.613982e-03
1.617603e-03
1.621227e-03
1.624856e-03
1.628489e-03
1.632125e-03
1.635766e-03
1.639411e-03
1.643060e-03
1.646712e-03
1.650369e-03
1.654030e-03
1.657695e-03
1.661364e-03
1.665038e-03
1.668715e-03
1.672396e-03
1.676081e-03
1.679771e-03
1.683464e-03
1.687162e-03
1.690863e-03
1.694569e-03
1.698278e-03
1.701992e-03
1.705710e-03
1.709431e-03
1.713157e-03
1.716887e-03
1.720621e-03
1.724359e-03
1.728101e-03
1.731847e-03
1.735597e-03
1.739351e-03
1.743110e-03
1.746872e-03
1.750638e-03
1.754409e-03
1.758183e-03
1.761962e-03
1.765744e-03
1.769531e-03
1.773321e-03
1.777116e-03
1.780915e-03
1.784718e-03
1.788525e-03
1.792336e-03
1.796150e-03
1.799970e-03
1.803793e-03
1.807620e-03
1.811451e-03
1.815286e-03
1.819125e-03
1.822969e-03
1.826816e-03
1.830668e-03
1.834523e-03
1.838383e-03
1.842246e-03
1.846114e-03
1.849986e-03
1.853861e-03
1.857741e-03
1.861625e-03
1.865513e-03
1.869405e-03
1.873301e-03
1.877201e-03
1.881105e-03
1.885013e-03
1.888926e-03
1.892842e-03
1.896762e-03
1.900687e-03
1.904615e-03
1.908548e-03
1.912484e-03
1.916425e-03
1.920369e-03
1.924318e-03
1.928271e-03
1.932228e-03
1.936189e-03
1.940153e-03
1.944122e-03
1.948095e-03
1.952073e-03
1.956054e-03
1.960039e-03
1.964028e-03
1.968021e-03
1.972019e-03
1.976020e-03
1.980025e-03
1.984035e-03
1.988049e-03
1.992066e-03
1.996088e-03
2.000113e-03
2.004143e-03
2.008177e-03
2.012215e-03
2.016257e-03
2.020303e-03
2.024353e-03
2.028407e-03
2.032465e-03
2.036527e-03
2.040593e-03
2.044664e-03
2.048738e-03
2.052816e-03
2.056899e-03
2.060985e-03
2.065076e-03
2.069170e-03
2.073269e-03
2.077372e-03
2.081479e-03
2.085589e-03
2.089704e-03
2.093823e-03
2.097946e-03
2.102073e-03
2.106204e-03
2.110339e-03
2.114478e-03
2.118622e-03
2.122769e-03
2.126920e-03
2.131076e-03
2.135235e-03
2.139399e-03
2.143566e-03
2.147738e-03
2.151913e-03
2.156093e-03
2.160277e-03
2.164465e-03
2.168656e-03
2.172852e-03
2.177052e-03
2.181256e-03
2.185464e-03
2.189676e-03
2.193893e-03
2.198113e-03
2.202337e-03
2.206565e-03
2.210798e-03
2.215034e-03
2.219275e-03
2.223519e-03
2.227768e-03
2.232021e-03
2.236277e-03
2.240538e-03
2.244803e-03
2.249072e-03
2.253344e-03
2.257621e-03
2.261902e-03
2.266188e-03
2.270477e-03
2.274770e-03
2.279067e-03
2.283368e-03
2.287674e-03
2.291983e-03
2.296296e-03
2.300614e-03
2.304935e-03
2.309261e-03
2.313591e-03
2.317924e-03
2.322262e-03
2.326604e-03
2.330950e-03
2.335300e-03
2.339654e-03
2.344012e-03
2.348374e-03
2.352740e-03
2.357110e-03
2.361484e-03
2.365862e-03
2.370245e-03
2.374631e-03
2.379021e-03
2.383416e-03
2.387814e-03
2.392217e-03
2.396624e-03
2.401034e-03
2.405449e-03
2.409868e-03
2.414291e-03
2.418718e-03
2.423149e-03
2.427584e-03
2.432023e-03
2.436466e-03
2.440913e-03
2.445364e-03
2.449819e-03
2.454279e-03
2.458742e-03
2.463209e-03
2.467681e-03
2.472156e-03
2.476636e-03
2.481120e-03
2.485607e-03
2.490099e-03
2.494595e-03
2.499095e-03
2.503599e-03
2.508107e-03
2.512619e-03
2.517135e-03
2.521655e-03
2.526179e-03
2.530707e-03
2.535239e-03
2.539776e-03
2.544316e-03
2.548860e-03
2.553409e-03
2.557961e-03
2.562518e-03
2.567079e-03
2.571643e-03
2.576212e-03
2.580785e-03
2.585362e-03
2.589942e-03
2.594527e-03
2.599116e-03
2.603709e-03
2.608307e-03
2.612908e-03
2.617513e-03
2.622122e-03
2.626735e-03
2.631353e-03
2.635974e-03
2.640600e-03
2.645229e-03
2.649863e-03
2.654500e-03
2.659142e-03
2.663788e-03
2.668438e-03
2.673091e-03
2.677749e-03
2.682411e-03
2.687077e-03
2.691747e-03
2.696421e-03
2.701100e-03
2.705782e-03
2.710468e-03
2.715158e-03
2.719853e-03
2.724551e-03
2.729253e-03
2.733960e-03
2.738671e-03
2.743385e-03
2.748104e-03
2.752827e-03
2.757553e-03
2.762284e-03
2.767019e-03
2.771758e-03
2.776501e-03
2.781248e-03
2.785999e-03
2.790754e-03
2.795513e-03
2.800277e-03
2.805044e-03
2.809815e-03
2.814591e-03
2.819370e-03
2.824154e-03
2.828941e-03
2.833733e-03
2.838529e-03
2.843328e-03
2.848132e-03
2.852940e-03
2.857752e-03
2.862568e-03
2.867388e-03
2.872212e-03
2.877040e-03
2.881872e-03
2.886708e-03
2.891548e-03
2.896393e-03
2.901241e-03
2.906093e-03
2.910950e-03
2.915810e-03
2.920675e-03
2.925544e-03
2.930416e-03
2.935293e-03
2.940174e-03
2.945059e-03
2.949947e-03
2.954840e-03
2.959737e-03
2.964638e-03
2.969543e-03
2.974453e-03
2.979366e-03
2.984283e-03
2.989204e-03
2.994130e-03
2.999059e-03
3.003992e-03
3.008930e-03
3.013872e-03
3.018817e-03
3.023767e-03
3.028721e-03
3.033678e-03
3.038640e-03
3.043606e-03
3.048576e-03
3.053550e-03
3.058528e-03
3.063510e-03
3.068496e-03
3.073486e-03
3.078481e-03
3.083479e-03
3.088481e-03
3.093488e-03
3.098498e-03
3.103513e-03
3.108531e-03
3.113554e-03
3.118580e-03
3.123611e-03
3.128646e-03
3.133685e-03
3.138727e-03
3.143774e-03
3.148825e-03
3.153880e-03
3.158939e-03
3.164003e-03
3.169070e-03
3.174141e-03
3.179216e-03
3.184296e-03
3.189379e-03
3.194466e-03
3.199558e-03
3.204654e-03
3.209753e-03
3.214857e-03
3.219964e-03
3.225076e-03
3.230192e-03
3.235312e-03
3.240436e-03
3.245564e-03
3.250696e-03
3.255832e-03
3.260972e-03
3.266116e-03
3.271264e-03
3.276417e-03
3.281573e-03
3.286733e-03
3.291898e-03
3.297066e-03
3.302239e-03
3.307415e-03
3.312596e-03
3.317781e-03
3.322970e-03
3.328162e-03
3.333359e-03
3.338560e-03
3.343765e-03
3.348974e-03
3.354187e-03
3.359404e-03
3.364626e-03
3.369851e-03
3.375080e-03
3.380313e-03
3.385551e-03
3.390792e-03
3.396038e-03
3.401287e-03
3.406541e-03
3.411798e-03
3.417060e-03
3.422326e-03
3.427596e-03
3.432870e-03
3.438147e-03
3.443429e-03
3.448715e-03
3.454006e-03
3.459300e-03
3.464598e-03
3.469900e-03
3.475206e-03
3.480517e-03
3.485831e-03
3.491149e-03
3.496472e-03
3.501798e-03
3.507129e-03
3.512464e-03
3.517802e-03
3.523145e-03
3.528492e-03
3.533843e-03
3.539198e-03
3.544557e-03
3.549920e-03
3.555287e-03
3.560658e-03
3.566033e-03
3.571412e-03
3.576796e-03
3.582183e-03
3.587574e-03
3.592970e-03
3.598369e-03
3.603773e-03
3.609180e-03
3.614592e-03
3.620008e-03
3.625427e-03
3.630851e-03
3.636279e-03
3.641711e-03
3.647147e-03
3.652587e-03
3.658031e-03
3.663479e-03
3.668931e-03
3.674387e-03
3.679848e-03
3.685312e-03
3.690780e-03
3.696253e-03
3.701729e-03
3.707210e-03
3.712694e-03
3.718183e-03
3.723676e-03
3.729172e-03
3.734673e-03
3.740178e-03
3.745687e-03
3.751200e-03
3.756717e-03
3.762238e-03
3.767763e-03
3.773292e-03
3.778825e-03
3.784363e-03
3.789904e-03
3.795449e-03
3.800999e-03
3.806552e-03
3.812110e-03
3.817671e-03
3.823237e-03
3.828807e-03
3.834380e-03
3.839958e-03
3.845540e-03
3.851126e-03
3.856716e-03
3.862310e-03
3.867908e-03
3.873510e-03
3.879116e-03
3.884726e-03
3.890341e-03
3.895959e-03
3.901581e-03
3.907208e-03
3.912838e-03
3.918473e-03
3.924111e-03
3.929754e-03
3.935401e-03
3.941051e-03
3.946706e-03
3.952365e-03
3.958028e-03
3.963695e-03
3.969366e-03
3.975041e-03
3.980720e-03
3.986403e-03
3.992090e-03
3.997782e-03
4.003477e-03
4.009176e-03
4.014880e-03
4.020587e-03
4.026299e-03
4.032014e-03
4.037734e-03
4.043458e-03
4.049185e-03
4.054917e-03
4.060653e-03
4.066393e-03
4.072137e-03
4.077885e-03
4.083637e-03
4.089393e-03
4.095153e-03
4.100917e-03
4.106686e-03
4.112458e-03
4.118234e-03
4.124015e-03
4.129799e-03
4.135588e-03
4.141380e-03
4.147177e-03
4.152977e-03
4.158782e-03
4.164591e-03
4.170404e-03
4.176221e-03
4.182042e-03
4.187867e-03
4.193696e-03
4.199529e-03
4.205366e-03
4.211207e-03
4.217052e-03
4.222902e-03
4.228755e-03
4.234612e-03
4.240474e-03
4.246339e-03
4.252209e-03
4.258083e-03
4.263960e-03
4.269842e-03
4.275728e-03
4.281618e-03
4.287511e-03
4.293409e-03
4.299311e-03
4.305217e-03
4.311128e-03
4.317042e-03
4.322960e-03
4.328882e-03
4.334808e-03
4.340739e-03
4.346673e-03
4.352612e-03
4.358554e-03
4.364501e-03
4.370451e-03
4.376406e-03
4.382365e-03
4.388327e-03
4.394294e-03
4.400265e-03
4.406240e-03
4.412219e-03
4.418202e-03
4.424189e-03
4.430180e-03
4.436176e-03
4.442175e-03
4.448178e-03
4.454185e-03
4.460197e-03
4.466212e-03
4.472232e-03
4.478255e-03
4.484283e-03
4.490315e-03
4.496350e-03
4.502390e-03
4.508434e-03
4.514482e-03
4.520534e-03
4.526590e-03
4.532650e-03
4.538714e-03
4.544782e-03
4.550854e-03
4.556930e-03
4.563011e-03
4.569095e-03
4.575183e-03
4.581276e-03
4.587372e-03
4.593473e-03
4.599578e-03
4.605686e-03
4.611799e-03
4.617916e-03
4.624037e-03
4.630161e-03
4.636290e-03
4.642423e-03
4.648560e-03
4.654701e-03
4.660847e-03
4.666996e-03
4.673149e-03
4.679306e-03
4.685468e-03
4.691633e-03
4.697802e-03
4.703976e-03
4.710153e-03
4.716335e-03
4.721856e-03
4.727357e-03
4.732837e-03
4.738297e-03
4.743738e-03
4.749157e-03
4.754557e-03
4.759937e-03
4.765296e-03
4.770635e-03
4.775954e-03
4.781252e-03
4.786531e-03
4.791789e-03
4.797027e-03
4.802245e-03
4.807442e-03
4.812620e-03
4.817777e-03
4.822914e-03
4.828030e-03
4.833127e-03
4.838203e-03
4.843259e-03
4.848295e-03
4.853311e-03
4.858307e-03
4.863282e-03
4.868237e-03
4.873172e-03
4.878086e-03
4.882981e-03
4.887855e-03
4.892709e-03
4.897543e-03
4.902357e-03
4.907150e-03
4.911923e-03
4.916676e-03
4.921409e-03
4.926122e-03
4.930814e-03
4.935486e-03
4.940138e-03
4.944770e-03
4.949381e-03
4.953973e-03
4.958544e-03
4.963095e-03
4.967625e-03
4.972136e-03
4.976626e-03
4.981096e-03
4.985546e-03
4.989976e-03
4.994385e-03
4.998774e-03
5.003143e-03
5.007492e-03
5.011821e-03
5.016129e-03
5.020417e-03
5.024685e-03
5.028933e-03
5.033161e-03
5.037368e-03
5.041555e-03
5.045722e-03
5.049869e-03
5.053996e-03
5.058102e-03
5.062188e-03
5.066254e-03
5.070300e-03
5.074325e-03
5.078330e-03
5.082315e-03
5.086280e-03
5.090225e-03
5.094149e-03
5.098054e-03
5.101938e-03
5.105802e-03
5.109645e-03
5.113469e-03
5.117272e-03
5.121055e-03
5.124817e-03
5.128560e-03
5.132282e-03
5.135985e-03
5.139667e-03
5.143328e-03
5.146970e-03
5.150591e-03
5.154192e-03
5.157773e-03
5.161334e-03
5.164874e-03
5.168395e-03
5.171895e-03
5.175375e-03
5.178834e-03
5.182274e-03
5.185693e-03
5.189092e-03
5.192471e-03
5.195829e-03
5.199168e-03
5.202486e-03
5.205784e-03
5.209062e-03
5.212319e-03
5.215557e-03
5.218774e-03
5.221971e-03
5.225147e-03
5.228304e-03
5.231440e-03
5.234556e-03
5.237652e-03
5.240728e-03
5.243784e-03
5.246819e-03
5.249834e-03
5.252829e-03
5.255803e-03
5.258758e-03
5.261692e-03
5.264606e-03
5.267500e-03
5.270374e-03
5.273227e-03
5.276060e-03
5.278873e-03
5.281666e-03
5.284438e-03
5.287191e-03
5.289923e-03
5.292635e-03
5.295327e-03
5.297998e-03
5.300649e-03
5.303281e-03
5.305892e-03
5.308482e-03
5.311053e-03
5.313603e-03
5.316133e-03
5.318643e-03
5.321133e-03
5.323602e-03
5.326051e-03
5.328480e-03
5.330889e-03
5.333278e-03
5.335646e-03
5.337994e-03
5.340322e-03
5.342630e-03
5.344918e-03
5.347185e-03
5.349432e-03
5.351659e-03
5.353866e-03
5.356052e-03
5.358219e-03
5.360365e-03
5.362491e-03
5.364596e-03
5.366682e-03
5.368747e-03
5.370792e-03
5.372817e-03
5.374822e-03
5.376806e-03
5.378770e-03
5.380714e-03
5.382638e-03
5.384542e-03
5.386425e-03
5.388288e-03
5.390131e-03
5.391954e-03
5.393757e-03
5.395539e-03
5.397301e-03
5.399043e-03
5.400765e-03
5.402466e-03
5.404148e-03
5.405809e-03
5.407450e-03
5.409070e-03
5.410671e-03
5.412251e-03
5.413811e-03
5.415351e-03
5.416871e-03
5.418370e-03
5.419849e-03
5.421308e-03
5.422747e-03
5.424166e-03
5.425564e-03
5.426942e-03
5.428300e-03
5.429638e-03
5.430956e-03
5.432253e-03
5.433530e-03
5.434787e-03
5.436024e-03
5.437241e-03
5.438437e-03
5.439613e-03
5.440769e-03
5.441905e-03
5.443020e-03
5.444115e-03
5.445190e-03
5.446245e-03
5.447280e-03
5.448294e-03
5.449289e-03
5.450263e-03
5.451216e-03
5.452150e-03
5.453063e-03
5.453957e-03
5.454830e-03
5.455682e-03
5.456515e-03
5.457327e-03
5.458119e-03
5.458891e-03
5.459643e-03
5.460375e-03
5.461086e-03
5.461777e-03
5.462448e-03
5.463099e-03
5.463729e-03
5.464339e-03
5.464929e-03
5.465499e-03
5.466049e-03
5.466578e-03
5.467088e-03
5.467577e-03
5.468045e-03
5.468494e-03
5.468922e-03
5.469331e-03
5.469719e-03
5.470086e-03
5.470434e-03
5.470761e-03
5.471068e-03
5.471355e-03
5.471622e-03
5.471869e-03
5.472095e-03
5.472301e-03
5.472487e-03
5.472653e-03
5.472798e-03
5.472923e-03
5.473028e-03
5.473113e-03
5.473178e-03
5.473222e-03
5.473247e-03
5.473251e-03
5.473234e-03
5.473198e-03
5.473141e-03
5.473065e-03
5.472968e-03
5.472850e-03
5.472713e-03
5.472555e-03
5.472377e-03
5.472179e-03
5.471961e-03
5.471723e-03
5.471464e-03
5.471185e-03
5.470886e-03
5.470567e-03
5.470227e-03
5.469867e-03
5.469487e-03
5.469087e-03
5.468667e-03
5.468226e-03
5.467766e-03
5.467285e-03
5.466783e-03
5.466262e-03
5.465942e-03
5.465942e-03
5.465942e-03
5.465942e-03
5.465942e-03
5.465942e-03
5.465942e-03
5.465942e-03
5.465942e-03
5.465942e-03
5.465942e-03
5.465942e-03
5.465942e-03
5.465942e-03
5.465942e-03
5.465942e-03
5.465942e-03
5.465942e-03
5.465942e-03
5.465942e-03
5.465942e-03
5.465942e-03
5.465942e-03
5.465942e-03
5.465942e-03
5.465942e-03
5.465942e-03
5.465942e-03
5.465942e-03
5.465942e-03
5.465942e-03
5.465942e-03
5.465942e-03
5.465942e-03
5.465942e-03
5.465942e-03
5.465942e-03
5.465942e-03
5.465942e-03
5.465942e-03
5.465942e-03
5.465942e-03
5.465942e-03
5.465942e-03
5.465942e-03
5.465942e-03
5.465942e-03
5.465942e-03
5.465942e-03
5.465942e-03
5.465942e-03
5.465942e-03
5.465942e-03
5.465942e-03
5.465942e-03
5.465942e-03
5.465942e-03
5.465942e-03
5.465942e-03
5.465942e-03
5.465942e-03
5.465942e-03
5.465942e-03
5.465942e-03
5.465942e-03
5.465942e-03
5.465942e-03
5.465942e-03
5.465942e-03
5.465942e-03
5.465942e-03
5.465942e-03
5.465942e-03
5.465942e-03
5.465942e-03
5.465942e-03
5.465942e-03
5.465942e-03
5.465942e-03
5.465942e-03
5.465942e-03
5.465942e-03
5.465942e-03
5.465942e-03
5.465942e-03
5.465942e-03
5.465942e-03
5.465942e-03
5.465942e-03
5.465942e-03
5.465942e-03
5.465942e-03
5.465942e-03
5.465942e-03
5.465942e-03
5.465942e-03
5.465942e-03
5.465942e-03
5.465942e-03
5.465942e-03
5.465942e-03
5.465942e-03
5.465942e-03
5.465942e-03
5.465942e-03
5.465942e-03
5.465942e-03
5.465942e-03
5.465942e-03
5.465942e-03
5.465942e-03
5.465942e-03
5.465942e-03
5.465942e-03
5.465942e-03
5.465942e-03
5.465942e-03
5.465942e-03
5.465942e-03
5.465942e-03
5.465942e-03
5.465942e-03
5.465942e-03
5.465942e-03
5.465942e-03
5.465942e-03
5.465942e-03
5.465942e-03
5.465942e-03
5.465942e-03
5.465942e-03
5.465942e-03
5.465942e-03
5.465942e-03
5.465942e-03
5.465942e-03
5.465942e-03
5.465942e-03
5.465942e-03
5.465942e-03
5.465942e-03
5.465942e-03
5.465942e-03
5.465942e-03
5.465942e-03
5.465942e-03
5.465942e-03
5.465942e-03
5.465942e-03
5.465942e-03
5.465942e-03
5.465942e-03
5.465942e-03
5.465942e-03
5.465942e-03
5.465942e-03
5.465942e-03
5.465942e-03
5.465942e-03
5.465942e-03
5.465942e-03
5.465942e-03
5.465942e-03
5.465942e-03
5.465942e-03
5.465942e-03
5.465942e-03
5.465942e-03
5.465942e-03
5.465942e-03
5.465942e-03
5.465942e-03
5.465942e-03
5.465942e-03
5.465942e-03
5.465942e-03
5.465942e-03
5.465942e-03
5.465942e-03
5.465942e-03
5.465942e-03
5.465942e-03
5.465942e-03
5.465942e-03
5.465942e-03
5.465942e-03
5.465942e-03
5.465942e-03
5.465942e-03
5.465942e-03
5.465942e-03
5.465942e-03
5.465942e-03
5.465942e-03
5.465942e-03
5.465942e-03
5.465942e-03
5.465942e-03
5.465942e-03
5.465942e-03
5.465942e-03
