0.000000e+00
1.110371e-07
2.266815e-07
3.469333e-07
4.717924e-07
6.012589e-07
7.353327e-07
8.740139e-07
1.017302e-06
1.165198e-06
1.317702e-06
1.474812e-06
1.636530e-06
1.802855e-06
1.973788e-06
2.149328e-06
2.329475e-06
2.514230e-06
2.703592e-06
2.897561e-06
3.096138e-06
3.299322e-06
3.507113e-06
3.719512e-06
3.936518e-06
4.158132e-06
4.384352e-06
4.615180e-06
4.850616e-06
5.090659e-06
5.335309e-06
5.584566e-06
5.838431e-06
6.096904e-06
6.359983e-06
6.627670e-06
6.899964e-06
7.176866e-06
7.458375e-06
7.744491e-06
8.035215e-06
8.330546e-06
8.630484e-06
8.935030e-06
9.244183e-06
9.557943e-06
9.876311e-06
1.019929e-05
1.052687e-05
1.085906e-05
1.119586e-05
1.153726e-05
1.188327e-05
1.223389e-05
1.258912e-05
1.294895e-05
1.331339e-05
1.368244e-05
1.405610e-05
1.443436e-05
1.481723e-05
1.520471e-05
1.559679e-05
1.599349e-05
1.639479e-05
1.680069e-05
1.721121e-05
1.762633e-05
1.804606e-05
1.847040e-05
1.889934e-05
1.933289e-05
1.977105e-05
2.021382e-05
2.066119e-05
2.111317e-05
2.156976e-05
2.203096e-05
2.249676e-05
2.296717e-05
2.344219e-05
2.392181e-05
2.440604e-05
2.489488e-05
2.538833e-05
2.588638e-05
2.638905e-05
2.689632e-05
2.740819e-05
2.792468e-05
2.844577e-05
2.897146e-05
2.950177e-05
3.003668e-05
3.057620e-05
3.112033e-05
3.166907e-05
3.222241e-05
3.278036e-05
3.334292e-05
3.391008e-05
3.448185e-05
3.505823e-05
3.563922e-05
3.622481e-05
3.681501e-05
3.740982e-05
3.800924e-05
3.861326e-05
3.922189e-05
3.983513e-05
4.045298e-05
4.107543e-05
4.170249e-05
4.233416e-05
4.297043e-05
4.361131e-05
4.425680e-05
4.490690e-05
4.556160e-05
4.622091e-05
4.688483e-05
4.755336e-05
4.822649e-05
4.890423e-05
4.958658e-05
5.027354e-05
5.096510e-05
5.166127e-05
5.236205e-05
5.306743e-05
5.377743e-05
5.449203e-05
5.521123e-05
5.593505e-05
5.666347e-05
5.739650e-05
5.813413e-05
5.887638e-05
5.962323e-05
6.037469e-05
6.113075e-05
6.189143e-05
6.265671e-05
6.342660e-05
6.420109e-05
6.498019e-05
6.576390e-05
6.655222e-05
6.734514e-05
6.814268e-05
6.894482e-05
6.975156e-05
7.056292e-05
7.137888e-05
7.219945e-05
7.302462e-05
7.385441e-05
7.468880e-05
7.552779e-05
7.637140e-05
7.721961e-05
7.807243e-05
7.892986e-05
7.979190e-05
8.065854e-05
8.152979e-05
8.240564e-05
8.328611e-05
8.417118e-05
8.506086e-05
8.595514e-05
8.685404e-05
8.775754e-05
8.866565e-05
8.957836e-05
9.049569e-05
9.141762e-05
9.234415e-05
9.327530e-05
9.421105e-05
9.515141e-05
9.609638e-05
9.704595e-05
9.800013e-05
9.895892e-05
9.992232e-05
1.008903e-04
1.018629e-04
1.028402e-04
1.038220e-04
1.048084e-04
1.057995e-04
1.067951e-04
1.077954e-04
1.088002e-04
1.098097e-04
1.108238e-04
1.118425e-04
1.128657e-04
1.138936e-04
1.149261e-04
1.159633e-04
1.170050e-04
1.180513e-04
1.191022e-04
1.201578e-04
1.212179e-04
1.222827e-04
1.233521e-04
1.244260e-04
1.255046e-04
1.265878e-04
1.276756e-04
1.287680e-04
1.298650e-04
1.309666e-04
1.320729e-04
1.331837e-04
1.342991e-04
1.354192e-04
1.365438e-04
1.376731e-04
1.388070e-04
1.399454e-04
1.410885e-04
1.422362e-04
1.433885e-04
1.445454e-04
1.457069e-04
1.468730e-04
1.480438e-04
1.492191e-04
1.503990e-04
1.515836e-04
1.527727e-04
1.539665e-04
1.551649e-04
1.563679e-04
1.575754e-04
1.587876e-04
1.600044e-04
1.612258e-04
1.624519e-04
1.636825e-04
1.649177e-04
1.661576e-04
1.674020e-04
1.686511e-04
1.699047e-04
1.711630e-04
1.724259e-04
1.736933e-04
1.749654e-04
1.762421e-04
1.775234e-04
1.788093e-04
1.800999e-04
1.813950e-04
1.826947e-04
1.839990e-04
1.853080e-04
1.866216e-04
1.879397e-04
1.892625e-04
1.905899e-04
1.919218e-04
1.932584e-04
1.945996e-04
1.959454e-04
1.972959e-04
1.986509e-04
2.000105e-04
2.013747e-04
2.027436e-04
2.041170e-04
2.054951e-04
2.068778e-04
2.082650e-04
2.096569e-04
2.110534e-04
2.124545e-04
2.138602e-04
2.152705e-04
2.166854e-04
2.181049e-04
2.195291e-04
2.209578e-04
2.223912e-04
2.238291e-04
2.252717e-04
2.267188e-04
2.281706e-04
2.296270e-04
2.310880e-04
2.325536e-04
2.340238e-04
2.354986e-04
2.369780e-04
2.384620e-04
2.399507e-04
2.414439e-04
2.429418e-04
2.444442e-04
2.459513e-04
2.474630e-04
2.489792e-04
2.505001e-04
2.520256e-04
2.535557e-04
2.550904e-04
2.566297e-04
2.581737e-04
2.597222e-04
2.612753e-04
2.628331e-04
2.643954e-04
2.659624e-04
2.675340e-04
2.691101e-04
2.706909e-04
2.722763e-04
2.738663e-04
2.754609e-04
2.770601e-04
2.786639e-04
2.802723e-04
2.818854e-04
2.835030e-04
2.851253e-04
2.867521e-04
2.883836e-04
2.900197e-04
2.916603e-04
2.933056e-04
2.949555e-04
2.966100e-04
2.982691e-04
2.999328e-04
3.016011e-04
3.032741e-04
3.049516e-04
3.066338e-04
3.083205e-04
3.100119e-04
3.117078e-04
3.134084e-04
3.151136e-04
3.168234e-04
3.185378e-04
3.202568e-04
3.219804e-04
3.237086e-04
3.254414e-04
3.271788e-04
3.289209e-04
3.306675e-04
3.324188e-04
3.341746e-04
3.359351e-04
3.377002e-04
3.394699e-04
3.412441e-04
3.430230e-04
3.448066e-04
3.465947e-04
3.483874e-04
3.501847e-04
3.519866e-04
3.537932e-04
3.556043e-04
3.574201e-04
3.592405e-04
3.610654e-04
3.628950e-04
3.647292e-04
3.665680e-04
3.684114e-04
3.702594e-04
3.721120e-04
3.739692e-04
3.758311e-04
3.776975e-04
3.795685e-04
3.814442e-04
3.833244e-04
3.852093e-04
3.870988e-04
3.889929e-04
3.908915e-04
3.927948e-04
3.947027e-04
3.966153e-04
3.985324e-04
4.004541e-04
4.023804e-04
4.043114e-04
4.062469e-04
4.081871e-04
4.101318e-04
4.120812e-04
4.140352e-04
4.159938e-04
4.179570e-04
4.199248e-04
4.218972e-04
4.238742e-04
4.258558e-04
4.278420e-04
4.298329e-04
4.318283e-04
4.338283e-04
4.358330e-04
4.378423e-04
4.398561e-04
4.418746e-04
4.438977e-04
4.459254e-04
4.479577e-04
4.499946e-04
4.520361e-04
4.540822e-04
4.561330e-04
4.581883e-04
4.602483e-04
4.623128e-04
4.643820e-04
4.664557e-04
4.685341e-04
4.706171e-04
4.727047e-04
4.747969e-04
4.768937e-04
4.789951e-04
4.811011e-04
4.832117e-04
4.853270e-04
4.874468e-04
4.895713e-04
4.917003e-04
4.938340e-04
4.959723e-04
4.981151e-04
5.002626e-04
5.024147e-04
5.045714e-04
5.067327e-04
5.088986e-04
5.110692e-04
5.132443e-04
5.154240e-04
5.176084e-04
5.197973e-04
5.219909e-04
5.241890e-04
5.263918e-04
5.285992e-04
5.308112e-04
5.330278e-04
5.352490e-04
5.374748e-04
5.397052e-04
5.419402e-04
5.441799e-04
5.464241e-04
5.486729e-04
5.509264e-04
5.531845e-04
5.554471e-04
5.577144e-04
5.599863e-04
5.622628e-04
5.645439e-04
5.668296e-04
5.691199e-04
5.714148e-04
5.737143e-04
5.760185e-04
5.783272e-04
5.806406e-04
5.829585e-04
5.852811e-04
5.876083e-04
5.899400e-04
5.922764e-04
5.946174e-04
5.969630e-04
5.993132e-04
6.016680e-04
6.040275e-04
6.063915e-04
6.087601e-04
6.111334e-04
6.135112e-04
6.158937e-04
6.182808e-04
6.206724e-04
6.230687e-04
6.254696e-04
6.278751e-04
6.302852e-04
6.326999e-04
6.351192e-04
6.375432e-04
6.399717e-04
6.424048e-04
6.448426e-04
6.472849e-04
6.497319e-04
6.521835e-04
6.546396e-04
6.571004e-04
6.595658e-04
6.620358e-04
6.645104e-04
6.669896e-04
6.694735e-04
6.719619e-04
6.744549e-04
6.769526e-04
6.794548e-04
6.819617e-04
6.844731e-04
6.869892e-04
6.895099e-04
6.920352e-04
6.945651e-04
6.970996e-04
6.996387e-04
7.021824e-04
7.047307e-04
7.072837e-04
7.098412e-04
7.124033e-04
7.149701e-04
7.175415e-04
7.201174e-04
7.226980e-04
7.252832e-04
7.278730e-04
7.304674e-04
7.330664e-04
7.356700e-04
7.382782e-04
7.408910e-04
7.435085e-04
7.461305e-04
7.487572e-04
7.513884e-04
7.540243e-04
7.566648e-04
7.593098e-04
7.619595e-04
7.646138e-04
7.672727e-04
7.699362e-04
7.726043e-04
7.752771e-04
7.779544e-04
7.806363e-04
7.833229e-04
7.860140e-04
7.887098e-04
7.914102e-04
7.941151e-04
7.968247e-04
7.995389e-04
8.022577e-04
8.049811e-04
8.077091e-04
8.104417e-04
8.131790e-04
8.159208e-04
8.186672e-04
8.214183e-04
8.241739e-04
8.269342e-04
8.296991e-04
8.324685e-04
8.352426e-04
8.380213e-04
8.408046e-04
8.435925e-04
8.463850e-04
8.491821e-04
8.519839e-04
8.547902e-04
8.576012e-04
8.604167e-04
8.632369e-04
8.660616e-04
8.688910e-04
8.717250e-04
8.745636e-04
8.774068e-04
8.802546e-04
8.831070e-04
8.859640e-04
8.888256e-04
8.916918e-04
8.945627e-04
8.974381e-04
9.003182e-04
9.032028e-04
9.060921e-04
9.089860e-04
9.118845e-04
9.147876e-04
9.176953e-04
9.206076e-04
9.235245e-04
9.264460e-04
9.293721e-04
9.323029e-04
9.352382e-04
9.381781e-04
9.411227e-04
9.440719e-04
9.470256e-04
9.499840e-04
9.529470e-04
9.559146e-04
9.588868e-04
9.618636e-04
9.648450e-04
9.678310e-04
9.708217e-04
9.738169e-04
9.768167e-04
9.798212e-04
9.828303e-04
9.858439e-04
9.888622e-04
9.918851e-04
9.949126e-04
9.979447e-04
1.000981e-03
1.004023e-03
1.007069e-03
1.010119e-03
1.013174e-03
1.016234e-03
1.019298e-03
1.022367e-03
1.025441e-03
1.028519e-03
1.031602e-03
1.034689e-03
1.037781e-03
1.040878e-03
1.043979e-03
1.047085e-03
1.050195e-03
1.053310e-03
1.056430e-03
1.059554e-03
1.062683e-03
1.065816e-03
1.068954e-03
1.072097e-03
1.075244e-03
1.078396e-03
1.081553e-03
1.084714e-03
1.087880e-03
1.091050e-03
1.094225e-03
1.097404e-03
1.100589e-03
1.103777e-03
1.106971e-03
1.110169e-03
1.113371e-03
1.116578e-03
1.119790e-03
1.123007e-03
1.126228e-03
1.129453e-03
1.132683e-03
1.135918e-03
1.139158e-03
1.142402e-03
1.145650e-03
1.148903e-03
1.152161e-03
1.155424e-03
1.158691e-03
1.161963e-03
1.165239e-03
1.168520e-03
1.171805e-03
1.175095e-03
1.178390e-03
1.181689e-03
1.184993e-03
1.188302e-03
1.191615e-03
1.194933e-03
1.198255e-03
1.201582e-03
1.204914e-03
1.208250e-03
1.211591e-03
1.214936e-03
1.218286e-03
1.221641e-03
1.225000e-03
1.228364e-03
1.231732e-03
1.235105e-03
1.238483e-03
1.241865e-03
1.245252e-03
1.248643e-03
1.252039e-03
1.255440e-03
1.258845e-03
1.262255e-03
1.265670e-03
1.269089e-03
1.272513e-03
1.275941e-03
1.279374e-03
1.282811e-03
1.286254e-03
1.289700e-03
1.293152e-03
1.296608e-03
1.300068e-03
1.303533e-03
1.307003e-03
1.310478e-03
1.313957e-03
1.317440e-03
1.320929e-03
1.324421e-03
1.327919e-03
1.331421e-03
1.334927e-03
1.338439e-03
1.341955e-03
1.345475e-03
1.349000e-03
1.352530e-03
1.356064e-03
1.359603e-03
1.363147e-03
1.366695e-03
1.370247e-03
1.373805e-03
1.377367e-03
1.380933e-03
1.384504e-03
1.388080e-03
1.391661e-03
1.395245e-03
1.398835e-03
1.402429e-03
1.406028e-03
1.409631e-03
1.413239e-03
1.416852e-03
1.420469e-03
1.424091e-03
1.427718e-03
1.431349e-03
1.434984e-03
1.438625e-03
1.442269e-03
1.445919e-03
1.449573e-03
1.453232e-03
1.456895e-03
1.460563e-03
1.464235e-03
1.467913e-03
1.471594e-03
1.475281e-03
1.478972e-03
1.482667e-03
1.486367e-03
1.490072e-03
1.493781e-03
1.497495e-03
1.501214e-03
1.504937e-03
1.508665e-03
1.512397e-03
1.516134e-03
1.519876e-03
1.523622e-03
1.527373e-03
1.531129e-03
1.534889e-03
1.538653e-03
1.542423e-03
1.546196e-03
1.549975e-03
1.553758e-03
1.557546e-03
1.561338e-03
1.565135e-03
1.568937e-03
1.572743e-03
1.576553e-03
1.580369e-03
1.584189e-03
1.588013e-03
1.591842e-03
1.595676e-03
1.599515e-03
1.603358e-03
1.607205e-03
1.611057e-03
1.614914e-03
1.618776e-03
1.622642e-03
1.626512e-03
1.630387e-03
1.634267e-03
1.638152e-03
1.642041e-03
1.645935e-03
1.649833e-03
1.653736e-03
1.657643e-03
1.661555e-03
1.665472e-03
1.669393e-03
1.673319e-03
1.677250e-03
1.681185e-03
1.685125e-03
1.689069e-03
1.693018e-03
1.696971e-03
1.700930e-03
1.704892e-03
1.708860e-03
1.712832e-03
1.716808e-03
1.720790e-03
1.724775e-03
1.728766e-03
1.732761e-03
1.736761e-03
1.740765e-03
1.744774e-03
1.748787e-03
1.752805e-03
1.756828e-03
1.760855e-03
1.764887e-03
1.768924e-03
1.772965e-03
1.777010e-03
1.781061e-03
1.785116e-03
1.789175e-03
1.793239e-03
1.797308e-03
1.801381e-03
1.805459e-03
1.809542e-03
1.813629e-03
1.817721e-03
1.821817e-03
1.825918e-03
1.830024e-03
1.834134e-03
1.838249e-03
1.842368e-03
1.846492e-03
1.850621e-03
1.854754e-03
1.858892e-03
1.863035e-03
1.867182e-03
1.871333e-03
1.875490e-03
1.879651e-03
1.883816e-03
1.887986e-03
1.892161e-03
1.896340e-03
1.900524e-03
1.904713e-03
1.908906e-03
1.913104e-03
1.917306e-03
1.921513e-03
1.925724e-03
1.929941e-03
1.934161e-03
1.938387e-03
1.942617e-03
1.946851e-03
1.951091e-03
1.955335e-03
1.959583e-03
1.963836e-03
1.968094e-03
1.972356e-03
1.976623e-03
1.980894e-03
1.985170e-03
1.989451e-03
1.993736e-03
1.998026e-03
2.002321e-03
2.006620e-03
2.010924e-03
2.015232e-03
2.019545e-03
2.023862e-03
2.028185e-03
2.032511e-03
2.036843e-03
2.041179e-03
2.045519e-03
2.049864e-03
2.054214e-03
2.058569e-03
2.062928e-03
2.067291e-03
2.071659e-03
2.076032e-03
2.080410e-03
2.084792e-03
2.089178e-03
2.093570e-03
2.097966e-03
2.102366e-03
2.106771e-03
2.111181e-03
2.115595e-03
2.120014e-03
2.124438e-03
2.128866e-03
2.133298e-03
2.137736e-03
2.142178e-03
2.146624e-03
2.151075e-03
2.155531e-03
2.159992e-03
2.164457e-03
2.168926e-03
2.173400e-03
2.177879e-03
2.182363e-03
2.186851e-03
2.191343e-03
2.195840e-03
2.200342e-03
2.204849e-03
2.209360e-03
2.213875e-03
2.218396e-03
2.222921e-03
2.227450e-03
2.231984e-03
2.236523e-03
2.241066e-03
2.245614e-03
2.250167e-03
2.254724e-03
2.259285e-03
2.263852e-03
2.268423e-03
2.272998e-03
2.277578e-03
2.282163e-03
2.286753e-03
2.291347e-03
2.295945e-03
2.300548e-03
2.305156e-03
2.309769e-03
2.314386e-03
2.319007e-03
2.323633e-03
2.328264e-03
2.332900e-03
2.337540e-03
2.342185e-03
2.346834e-03
2.351488e-03
2.356146e-03
2.360809e-03
2.365477e-03
2.370149e-03
2.374826e-03
2.379508e-03
2.384194e-03
2.388885e-03
2.393580e-03
2.398280e-03
2.402984e-03
2.407694e-03
2.412407e-03
2.417126e-03
2.421849e-03
2.426576e-03
2.431309e-03
2.436045e-03
2.440787e-03
2.445533e-03
2.450283e-03
2.455039e-03
2.459799e-03
2.464563e-03
2.469332e-03
2.474106e-03
2.478884e-03
2.483667e-03
2.488454e-03
2.493247e-03
2.498043e-03
2.502845e-03
2.507651e-03
2.512461e-03
2.517276e-03
2.522096e-03
2.526920e-03
2.531749e-03
2.536583e-03
2.541421e-03
2.546264e-03
2.551111e-03
2.555963e-03
2.560820e-03
2.565681e-03
2.570547e-03
2.575417e-03
2.580292e-03
2.585172e-03
2.590056e-03
2.594945e-03
2.599838e-03
2.604737e-03
2.609639e-03
2.614547e-03
2.619458e-03
2.624375e-03
2.629296e-03
2.634222e-03
2.639152e-03
2.644087e-03
2.649027e-03
2.653971e-03
2.658919e-03
2.663873e-03
2.668831e-03
2.673793e-03
2.678760e-03
2.683732e-03
2.688709e-03
2.693690e-03
2.698675e-03
2.703666e-03
2.708660e-03
2.713660e-03
2.718664e-03
2.723672e-03
2.728686e-03
2.733704e-03
2.738726e-03
2.743753e-03
2.748785e-03
2.753821e-03
2.758862e-03
2.763908e-03
2.768958e-03
2.774012e-03
2.779072e-03
2.784136e-03
2.789204e-03
2.794277e-03
2.799355e-03
2.804437e-03
2.809524e-03
2.814616e-03
2.819712e-03
2.824813e-03
2.829918e-03
2.835028e-03
2.840143e-03
2.845262e-03
2.850386e-03
2.855514e-03
2.860648e-03
2.865785e-03
2.870927e-03
2.876074e-03
2.881226e-03
2.886382e-03
2.891543e-03
2.896708e-03
2.901878e-03
2.907052e-03
2.912231e-03
2.917415e-03
2.922603e-03
2.927796e-03
2.932994e-03
2.938196e-03
2.943403e-03
2.948614e-03
2.953830e-03
2.959051e-03
2.964276e-03
2.969506e-03
2.974740e-03
2.979979e-03
2.985223e-03
2.990471e-03
2.995724e-03
3.000981e-03
3.006243e-03
3.011510e-03
3.016781e-03
3.022057e-03
3.027338e-03
3.032623e-03
3.037912e-03
3.043207e-03
3.048506e-03
3.053809e-03
3.059117e-03
3.064430e-03
3.069747e-03
3.075069e-03
3.080396e-03
3.085727e-03
3.091063e-03
3.096403e-03
3.101748e-03
3.107098e-03
3.112452e-03
3.117811e-03
3.123174e-03
3.128542e-03
3.133915e-03
3.139292e-03
3.144674e-03
3.150060e-03
3.155451e-03
3.160847e-03
3.166247e-03
3.171652e-03
3.177062e-03
3.182476e-03
3.187895e-03
3.193318e-03
3.198746e-03
3.204178e-03
3.209615e-03
3.215057e-03
3.220504e-03
3.225954e-03
3.231410e-03
3.236870e-03
3.242335e-03
3.247804e-03
3.253278e-03
3.258757e-03
3.264240e-03
3.269728e-03
3.275220e-03
3.280717e-03
3.286219e-03
3.291725e-03
3.297236e-03
3.302752e-03
3.308272e-03
3.313796e-03
3.319326e-03
3.324859e-03
3.330398e-03
3.335941e-03
3.341489e-03
3.347041e-03
3.352598e-03
3.358160e-03
3.363726e-03
3.369296e-03
3.374872e-03
3.380452e-03
3.386036e-03
3.391626e-03
3.397219e-03
3.402818e-03
3.408421e-03
3.414028e-03
3.419640e-03
3.425257e-03
3.430879e-03
3.436505e-03
3.442135e-03
3.447771e-03
3.453410e-03
3.459055e-03
3.464704e-03
3.470358e-03
3.476016e-03
3.481679e-03
3.487346e-03
3.493018e-03
3.498695e-03
3.504377e-03
3.510062e-03
3.515753e-03
3.521448e-03
3.527148e-03
3.532852e-03
3.538561e-03
3.544275e-03
3.549993e-03
3.555716e-03
3.561443e-03
3.567175e-03
3.572912e-03
3.578653e-03
3.584399e-03
3.590149e-03
3.595904e-03
3.601664e-03
3.607428e-03
3.613197e-03
3.618970e-03
3.624749e-03
3.630531e-03
3.636319e-03
3.642110e-03
3.647907e-03
3.653708e-03
3.659514e-03
3.665324e-03
3.671139e-03
3.676959e-03
3.682783e-03
3.688611e-03
3.694445e-03
3.700283e-03
3.706125e-03
3.711973e-03
3.717824e-03
3.723681e-03
3.729542e-03
3.735407e-03
3.741278e-03
3.747152e-03
3.753032e-03
3.758916e-03
3.764805e-03
3.770698e-03
3.776596e-03
3.782498e-03
3.788405e-03
3.794317e-03
3.800233e-03
3.806154e-03
3.812080e-03
3.818010e-03
3.823944e-03
3.829884e-03
3.835828e-03
3.841776e-03
3.847729e-03
3.853687e-03
3.859650e-03
3.865617e-03
3.871588e-03
3.877564e-03
3.883545e-03
3.889531e-03
3.895521e-03
3.901515e-03
3.907514e-03
3.913518e-03
3.919527e-03
3.925540e-03
3.931557e-03
3.937580e-03
3.943607e-03
3.949638e-03
3.955674e-03
3.961715e-03
3.967760e-03
3.973810e-03
3.979865e-03
3.985924e-03
3.991987e-03
3.998056e-03
4.004129e-03
4.010206e-03
4.016288e-03
4.022375e-03
4.028466e-03
4.034562e-03
4.040663e-03
4.046768e-03
4.052878e-03
4.058992e-03
4.065112e-03
4.071235e-03
4.077363e-03
4.083496e-03
4.089634e-03
4.095776e-03
4.101922e-03
4.108074e-03
4.114230e-03
4.120390e-03
4.126555e-03
4.132725e-03
4.138899e-03
4.145078e-03
4.151262e-03
4.157450e-03
4.163642e-03
4.169840e-03
4.176042e-03
4.182248e-03
4.188459e-03
4.194675e-03
4.200896e-03
4.207121e-03
4.213350e-03
4.219584e-03
4.225823e-03
4.232067e-03
4.238315e-03
4.244567e-03
4.250824e-03
4.257086e-03
4.263353e-03
4.269624e-03
4.275900e-03
4.282180e-03
4.288465e-03
4.294754e-03
4.301048e-03
4.307347e-03
4.313650e-03
4.319958e-03
4.326271e-03
4.332588e-03
4.338910e-03
4.345236e-03
4.351567e-03
4.357902e-03
4.364243e-03
4.370587e-03
4.376937e-03
4.383291e-03
4.389649e-03
4.396013e-03
4.402380e-03
4.408753e-03
4.415130e-03
4.421512e-03
4.427898e-03
4.434289e-03
4.440684e-03
4.447084e-03
4.453489e-03
4.459898e-03
4.466312e-03
4.472730e-03
4.479154e-03
4.485581e-03
4.492014e-03
4.498451e-03
4.504892e-03
4.511338e-03
4.517789e-03
4.524244e-03
4.530704e-03
4.537169e-03
4.543638e-03
4.550112e-03
4.556590e-03
4.563073e-03
4.569561e-03
4.576053e-03
4.582550e-03
4.589051e-03
4.595557e-03
4.602068e-03
4.608583e-03
4.615103e-03
4.621628e-03
4.628157e-03
4.634690e-03
4.641229e-03
4.647771e-03
4.654319e-03
4.660871e-03
4.667428e-03
4.673989e-03
4.680555e-03
4.687126e-03
4.693701e-03
4.700280e-03
4.706865e-03
4.713454e-03
4.720047e-03
4.726646e-03
4.733248e-03
4.739856e-03
4.746468e-03
4.753084e-03
4.759706e-03
4.766331e-03
4.772962e-03
4.779597e-03
4.786237e-03
4.792881e-03
4.799530e-03
4.806183e-03
4.812841e-03
4.819504e-03
4.826171e-03
4.832843e-03
4.839520e-03
4.846201e-03
4.852886e-03
4.859577e-03
4.866272e-03
4.872971e-03
4.879675e-03
4.886384e-03
4.893098e-03
4.899816e-03
4.906538e-03
4.913265e-03
4.919997e-03
4.926733e-03
4.933475e-03
4.940220e-03
4.946970e-03
4.953725e-03
4.960485e-03
4.967249e-03
4.974017e-03
4.980791e-03
4.987568e-03
4.994351e-03
5.001138e-03
5.007930e-03
5.014726e-03
5.021527e-03
5.028332e-03
5.035143e-03
5.041957e-03
5.048777e-03
5.055601e-03
5.062429e-03
5.069262e-03
5.076100e-03
5.082942e-03
5.089789e-03
5.096641e-03
5.103497e-03
5.110358e-03
5.117223e-03
5.124093e-03
5.130968e-03
5.137847e-03
5.144731e-03
5.151620e-03
5.158513e-03
5.165410e-03
5.172313e-03
5.179219e-03
5.186131e-03
5.193047e-03
5.199968e-03
5.206893e-03
5.213823e-03
5.220757e-03
5.227697e-03
5.234640e-03
5.241589e-03
5.248542e-03
5.255499e-03
5.262461e-03
5.269428e-03
5.276399e-03
5.283375e-03
5.290356e-03
5.297341e-03
5.304331e-03
5.311325e-03
5.318324e-03
5.325328e-03
5.332336e-03
5.339349e-03
5.345702e-03
5.352032e-03
5.358338e-03
5.364622e-03
5.370883e-03
5.377121e-03
5.383336e-03
5.389527e-03
5.395696e-03
5.401842e-03
5.407965e-03
5.414065e-03
5.420142e-03
5.426196e-03
5.432227e-03
5.438235e-03
5.444220e-03
5.450183e-03
5.456122e-03
5.462038e-03
5.467931e-03
5.473801e-03
5.479649e-03
5.485473e-03
5.491274e-03
5.497052e-03
5.502808e-03
5.508540e-03
5.514250e-03
5.519936e-03
5.525599e-03
5.531240e-03
5.536857e-03
5.542452e-03
5.548023e-03
5.553572e-03
5.559098e-03
5.564600e-03
5.570080e-03
5.575536e-03
5.580970e-03
5.586381e-03
5.591769e-03
5.597133e-03
5.602475e-03
5.607794e-03
5.613090e-03
5.618363e-03
5.623612e-03
5.628839e-03
5.634043e-03
5.639224e-03
5.644382e-03
5.649517e-03
5.654629e-03
5.659718e-03
5.664784e-03
5.669828e-03
5.674848e-03
5.679845e-03
5.684819e-03
5.689770e-03
5.694698e-03
5.699604e-03
5.704486e-03
5.709345e-03
5.714182e-03
5.718995e-03
5.723785e-03
5.728553e-03
5.733297e-03
5.738018e-03
5.742717e-03
5.747392e-03
5.752045e-03
5.756674e-03
5.761281e-03
5.765865e-03
5.770425e-03
5.774963e-03
5.779478e-03
5.783969e-03
5.788438e-03
5.792884e-03
5.797306e-03
5.801706e-03
5.806083e-03
5.810437e-03
5.814768e-03
5.819076e-03
5.823361e-03
5.827622e-03
5.831861e-03
5.836077e-03
5.840270e-03
5.844440e-03
5.848588e-03
5.852712e-03
5.856813e-03
5.860891e-03
5.864946e-03
5.868978e-03
5.872987e-03
5.876974e-03
5.880937e-03
5.884877e-03
5.888794e-03
5.892689e-03
5.896560e-03
5.900408e-03
5.904234e-03
5.908036e-03
5.911816e-03
5.915572e-03
5.919306e-03
5.923016e-03
5.926704e-03
5.930368e-03
5.934010e-03
5.937629e-03
5.941224e-03
5.944797e-03
5.948347e-03
5.951873e-03
5.955377e-03
5.958858e-03
5.962316e-03
5.965750e-03
5.969162e-03
5.972551e-03
5.975917e-03
5.979260e-03
5.982580e-03
5.985877e-03
5.989151e-03
5.992402e-03
5.995630e-03
5.998835e-03
6.002017e-03
6.005176e-03
6.008312e-03
6.011425e-03
6.014516e-03
6.017583e-03
6.020627e-03
6.023648e-03
6.026647e-03
6.029622e-03
6.032574e-03
6.035504e-03
6.038410e-03
6.041293e-03
6.044154e-03
6.046991e-03
6.049806e-03
6.052597e-03
6.055366e-03
6.058111e-03
6.060834e-03
6.063533e-03
6.066210e-03
6.068864e-03
6.071494e-03
6.074102e-03
6.076687e-03
6.079248e-03
6.081787e-03
6.084303e-03
6.086796e-03
6.089266e-03
6.091713e-03
6.094136e-03
6.096537e-03
6.098915e-03
6.101270e-03
6.103602e-03
6.105911e-03
6.108197e-03
6.110460e-03
6.112700e-03
6.114918e-03
6.117112e-03
6.119283e-03
6.121431e-03
6.123556e-03
6.125659e-03
6.127738e-03
6.129794e-03
6.131827e-03
6.133838e-03
6.135825e-03
6.137789e-03
6.139731e-03
6.141649e-03
6.143545e-03
6.145417e-03
6.147267e-03
6.149093e-03
6.150897e-03
6.152677e-03
6.154435e-03
6.156170e-03
6.157881e-03
6.159570e-03
6.161236e-03
6.162878e-03
6.164498e-03
6.166095e-03
6.167669e-03
6.169220e-03
6.170747e-03
6.172252e-03
6.173734e-03
6.175193e-03
6.176629e-03
6.178042e-03
6.179432e-03
6.180799e-03
6.182143e-03
6.183464e-03
6.184762e-03
6.186037e-03
6.187289e-03
6.188519e-03
6.189725e-03
6.190908e-03
6.192068e-03
6.193206e-03
6.194320e-03
6.195411e-03
6.196479e-03
6.197525e-03
6.198547e-03
6.199547e-03
6.200523e-03
6.201477e-03
6.202407e-03
6.203314e-03
6.204199e-03
6.205061e-03
6.205899e-03
6.206715e-03
6.207507e-03
6.208277e-03
6.209024e-03
6.209747e-03
6.210448e-03
6.211126e-03
6.211781e-03
6.212413e-03
6.213021e-03
6.213607e-03
6.214170e-03
6.214710e-03
6.215227e-03
6.215721e-03
6.216192e-03
6.216640e-03
6.217065e-03
6.217467e-03
6.217846e-03
6.218202e-03
6.218535e-03
6.218845e-03
6.219132e-03
6.219397e-03
6.219638e-03
6.219856e-03
6.220051e-03
6.220224e-03
6.220373e-03
6.220499e-03
6.220603e-03
6.220683e-03
6.220741e-03
6.220775e-03
6.220786e-03
6.220775e-03
6.220740e-03
6.220683e-03
6.220603e-03
6.220499e-03
6.220373e-03
6.220223e-03
6.220051e-03
6.219856e-03
6.219637e-03
6.219396e-03
6.219132e-03
6.218845e-03
6.218534e-03
6.218201e-03
6.217845e-03
6.217466e-03
6.217064e-03
6.216639e-03
6.216191e-03
6.215720e-03
6.215226e-03
6.214709e-03
6.214391e-03
6.214391e-03
6.214391e-03
6.214391e-03
6.214391e-03
6.214391e-03
6.214391e-03
6.214391e-03
6.214391e-03
6.214391e-03
6.214391e-03
6.214391e-03
6.214391e-03
6.214391e-03
6.214391e-03
6.214391e-03
6.214391e-03
6.214391e-03
6.214391e-03
6.214391e-03
6.214391e-03
6.214391e-03
6.214391e-03
6.214391e-03
6.214391e-03
6.214391e-03
6.214391e-03
6.214391e-03
6.214391e-03
6.214391e-03
6.214391e-03
6.214391e-03
6.214391e-03
6.214391e-03
6.214391e-03
6.214391e-03
6.214391e-03
6.214391e-03
6.214391e-03
6.214391e-03
6.214391e-03
6.214391e-03
6.214391e-03
6.214391e-03
6.214391e-03
6.214391e-03
6.214391e-03
6.214391e-03
6.214391e-03
6.214391e-03
6.214391e-03
6.214391e-03
6.214391e-03
6.214391e-03
6.214391e-03
6.214391e-03
6.214391e-03
6.214391e-03
6.214391e-03
6.214391e-03
6.214391e-03
6.214391e-03
6.214391e-03
6.214391e-03
6.214391e-03
6.214391e-03
6.214391e-03
6.214391e-03
6.214391e-03
6.214391e-03
6.214391e-03
6.214391e-03
6.214391e-03
6.214391e-03
6.214391e-03
6.214391e-03
6.214391e-03
6.214391e-03
6.214391e-03
6.214391e-03
6.214391e-03
6.214391e-03
6.214391e-03
6.214391e-03
6.214391e-03
6.214391e-03
6.214391e-03
6.214391e-03
6.214391e-03
6.214391e-03
6.214391e-03
6.214391e-03
6.214391e-03
6.214391e-03
6.214391e-03
6.214391e-03
6.214391e-03
6.214391e-03
6.214391e-03
6.214391e-03
6.214391e-03
6.214391e-03
6.214391e-03
6.214391e-03
6.214391e-03
6.214391e-03
6.214391e-03
6.214391e-03
6.214391e-03
6.214391e-03
6.214391e-03
6.214391e-03
6.214391e-03
6.214391e-03
6.214391e-03
6.214391e-03
6.214391e-03
6.214391e-03
6.214391e-03
6.214391e-03
6.214391e-03
6.214391e-03
6.214391e-03
6.214391e-03
6.214391e-03
6.214391e-03
6.214391e-03
6.214391e-03
6.214391e-03
6.214391e-03
6.214391e-03
6.214391e-03
6.214391e-03
6.214391e-03
6.214391e-03
6.214391e-03
6.214391e-03
6.214391e-03
6.214391e-03
6.214391e-03
6.214391e-03
6.214391e-03
6.214391e-03
6.214391e-03
6.214391e-03
6.214391e-03
6.214391e-03
6.214391e-03
6.214391e-03
6.214391e-03
6.214391e-03
6.214391e-03
6.214391e-03
6.214391e-03
6.214391e-03
6.214391e-03
6.214391e-03
6.214391e-03
6.214391e-03
6.214391e-03
6.214391e-03
6.214391e-03
6.214391e-03
6.214391e-03
6.214391e-03
6.214391e-03
6.214391e-03
6.214391e-03
6.214391e-03
6.214391e-03
6.214391e-03
6.214391e-03
6.214391e-03
6.214391e-03
6.214391e-03
6.214391e-03
6.214391e-03
6.214391e-03
6.214391e-03
6.214391e-03
6.214391e-03
6.214391e-03
6.214391e-03
6.214391e-03
6.214391e-03
6.214391e-03
6.214391e-03
6.214391e-03
6.214391e-03
6.214391e-03
6.214391e-03
6.214391e-03
6.214391e-03
6.214391e-03
6.214391e-03
6.214391e-03
6.214391e-03
6.214391e-03
6.214391e-03
6.214391e-03
6.214391e-03
