0.000000e+00
1.110371e-07
2.317296e-07
3.620775e-07
5.020807e-07
6.517394e-07
8.110535e-07
9.800230e-07
1.158648e-06
1.346928e-06
1.544864e-06
1.752455e-06
1.969701e-06
2.196603e-06
2.433161e-06
2.679373e-06
2.935241e-06
3.200765e-06
3.475944e-06
3.760778e-06
4.055268e-06
4.359413e-06
4.673213e-06
4.996669e-06
5.329780e-06
5.672547e-06
6.024969e-06
6.387046e-06
6.758779e-06
7.140167e-06
7.531211e-06
7.931910e-06
8.342265e-06
8.762274e-06
9.191940e-06
9.631260e-06
1.008024e-05
1.053887e-05
1.100715e-05
1.148510e-05
1.197269e-05
1.246995e-05
1.297686e-05
1.349342e-05
1.401964e-05
1.455551e-05
1.510104e-05
1.565623e-05
1.622107e-05
1.679557e-05
1.737972e-05
1.797352e-05
1.857699e-05
1.919011e-05
1.981288e-05
2.044531e-05
2.108739e-05
2.173913e-05
2.240053e-05
2.307158e-05
2.375228e-05
2.444264e-05
2.514266e-05
2.585233e-05
2.657166e-05
2.730064e-05
2.803928e-05
2.878757e-05
2.954552e-05
3.031312e-05
3.109038e-05
3.187730e-05
3.267387e-05
3.348010e-05
3.429598e-05
3.512151e-05
3.595671e-05
3.680155e-05
3.765606e-05
3.852021e-05
3.939403e-05
4.027750e-05
4.117062e-05
4.207340e-05
4.298584e-05
4.390793e-05
4.483967e-05
4.578107e-05
4.673213e-05
4.769284e-05
4.866321e-05
4.964323e-05
5.063291e-05
5.163225e-05
5.264123e-05
5.365988e-05
5.468818e-05
5.572613e-05
5.677375e-05
5.783101e-05
5.889793e-05
5.997451e-05
6.106074e-05
6.215663e-05
6.326217e-05
6.437737e-05
6.550223e-05
6.663673e-05
6.778090e-05
6.893472e-05
7.009820e-05
7.127133e-05
7.245411e-05
7.364655e-05
7.484865e-05
7.606040e-05
7.728181e-05
7.851288e-05
7.975359e-05
8.100397e-05
8.226400e-05
8.353368e-05
8.481302e-05
8.610202e-05
8.740067e-05
8.870898e-05
9.002694e-05
9.135456e-05
9.269183e-05
9.403876e-05
9.539534e-05
9.676158e-05
9.813747e-05
9.952302e-05
1.009182e-04
1.023231e-04
1.037376e-04
1.051618e-04
1.065956e-04
1.080391e-04
1.094922e-04
1.109550e-04
1.124275e-04
1.139096e-04
1.154013e-04
1.169027e-04
1.184138e-04
1.199345e-04
1.214649e-04
1.230050e-04
1.245546e-04
1.261140e-04
1.276830e-04
1.292617e-04
1.308500e-04
1.324479e-04
1.340556e-04
1.356728e-04
1.372998e-04
1.389364e-04
1.405826e-04
1.422385e-04
1.439041e-04
1.455793e-04
1.472641e-04
1.489587e-04
1.506628e-04
1.523767e-04
1.541002e-04
1.558333e-04
1.575761e-04
1.593286e-04
1.610907e-04
1.628624e-04
1.646439e-04
1.664349e-04
1.682357e-04
1.700461e-04
1.718661e-04
1.736958e-04
1.755352e-04
1.773842e-04
1.792428e-04
1.811111e-04
1.829891e-04
1.848767e-04
1.867740e-04
1.886810e-04
1.905976e-04
1.925238e-04
1.944597e-04
1.964053e-04
1.983605e-04
2.003254e-04
2.022999e-04
2.042841e-04
2.062779e-04
2.082814e-04
2.102946e-04
2.123174e-04
2.143499e-04
2.163920e-04
2.184437e-04
2.205052e-04
2.225763e-04
2.246570e-04
2.267474e-04
2.288474e-04
2.309571e-04
2.330765e-04
2.352055e-04
2.373442e-04
2.394925e-04
2.416505e-04
2.438181e-04
2.459954e-04
2.481824e-04
2.503790e-04
2.525852e-04
2.548011e-04
2.570267e-04
2.592619e-04
2.615068e-04
2.637614e-04
2.660255e-04
2.682994e-04
2.705829e-04
2.728761e-04
2.751789e-04
2.774913e-04
2.798135e-04
2.821452e-04
2.844867e-04
2.868378e-04
2.891985e-04
2.915689e-04
2.939490e-04
2.963387e-04
2.987380e-04
3.011471e-04
3.035657e-04
3.059941e-04
3.084321e-04
3.108797e-04
3.133370e-04
3.158040e-04
3.182806e-04
3.207668e-04
3.232628e-04
3.257683e-04
3.282836e-04
3.308084e-04
3.333430e-04
3.358872e-04
3.384410e-04
3.410045e-04
3.435777e-04
3.461605e-04
3.487530e-04
3.513551e-04
3.539669e-04
3.565884e-04
3.592195e-04
3.618602e-04
3.645106e-04
3.671707e-04
3.698404e-04
3.725198e-04
3.752088e-04
3.779075e-04
3.806158e-04
3.833338e-04
3.860615e-04
3.887988e-04
3.915457e-04
3.943023e-04
3.970686e-04
3.998445e-04
4.026301e-04
4.054254e-04
4.082303e-04
4.110448e-04
4.138690e-04
4.167029e-04
4.195464e-04
4.223996e-04
4.252624e-04
4.281349e-04
4.310170e-04
4.339088e-04
4.368102e-04
4.397213e-04
4.426421e-04
4.455725e-04
4.485126e-04
4.514623e-04
4.544217e-04
4.573907e-04
4.603694e-04
4.633578e-04
4.663558e-04
4.693634e-04
4.723807e-04
4.754077e-04
4.784443e-04
4.814906e-04
4.845465e-04
4.876121e-04
4.906874e-04
4.937723e-04
4.968668e-04
4.999710e-04
5.030849e-04
5.062084e-04
5.093416e-04
5.124844e-04
5.156369e-04
5.187991e-04
5.219709e-04
5.251523e-04
5.283434e-04
5.315442e-04
5.347546e-04
5.379747e-04
5.412044e-04
5.444438e-04
5.476928e-04
5.509515e-04
5.542199e-04
5.574979e-04
5.607856e-04
5.640829e-04
5.673899e-04
5.707065e-04
5.740328e-04
5.773687e-04
5.807143e-04
5.840696e-04
5.874345e-04
5.908090e-04
5.941932e-04
5.975871e-04
6.009906e-04
6.044038e-04
6.078267e-04
6.112592e-04
6.147013e-04
6.181531e-04
6.216146e-04
6.250857e-04
6.285665e-04
6.320569e-04
6.355570e-04
6.390667e-04
6.425861e-04
6.461152e-04
6.496539e-04
6.532022e-04
6.567602e-04
6.603279e-04
6.639052e-04
6.674922e-04
6.710888e-04
6.746951e-04
6.783111e-04
6.819367e-04
6.855719e-04
6.892169e-04
6.928714e-04
6.965356e-04
7.002095e-04
7.038931e-04
7.075862e-04
7.112891e-04
7.150016e-04
7.187237e-04
7.224556e-04
7.261970e-04
7.299482e-04
7.337089e-04
7.374794e-04
7.412595e-04
7.450492e-04
7.488486e-04
7.526576e-04
7.564764e-04
7.603047e-04
7.641427e-04
7.679904e-04
7.718478e-04
7.757147e-04
7.795914e-04
7.834777e-04
7.873736e-04
7.912792e-04
7.951945e-04
7.991194e-04
8.030540e-04
8.069982e-04
8.109521e-04
8.149157e-04
8.188889e-04
8.228717e-04
8.268642e-04
8.308664e-04
8.348782e-04
8.388997e-04
8.429308e-04
8.469716e-04
8.510220e-04
8.550821e-04
8.591519e-04
8.632313e-04
8.673203e-04
8.714191e-04
8.755274e-04
8.796455e-04
8.837731e-04
8.879105e-04
8.920575e-04
8.962141e-04
9.003804e-04
9.045564e-04
9.087420e-04
9.129373e-04
9.171422e-04
9.213568e-04
9.255810e-04
9.298149e-04
9.340585e-04
9.383117e-04
9.425745e-04
9.468470e-04
9.511292e-04
9.554210e-04
9.597225e-04
9.640336e-04
9.683544e-04
9.726849e-04
9.770250e-04
9.813747e-04
9.857341e-04
9.901032e-04
9.944819e-04
9.988703e-04
1.003268e-03
1.007676e-03
1.012093e-03
1.016520e-03
1.020957e-03
1.025403e-03
1.029859e-03
1.034325e-03
1.038800e-03
1.043285e-03
1.047780e-03
1.052284e-03
1.056798e-03
1.061321e-03
1.065855e-03
1.070398e-03
1.074950e-03
1.079512e-03
1.084084e-03
1.088666e-03
1.093257e-03
1.097857e-03
1.102468e-03
1.107088e-03
1.111718e-03
1.116357e-03
1.121006e-03
1.125665e-03
1.130333e-03
1.135011e-03
1.139699e-03
1.144396e-03
1.149103e-03
1.153820e-03
1.158546e-03
1.163282e-03
1.168028e-03
1.172783e-03
1.177548e-03
1.182323e-03
1.187107e-03
1.191901e-03
1.196705e-03
1.201518e-03
1.206341e-03
1.211173e-03
1.216015e-03
1.220867e-03
1.225729e-03
1.230600e-03
1.235481e-03
1.240371e-03
1.245271e-03
1.250181e-03
1.255100e-03
1.260030e-03
1.264968e-03
1.269917e-03
1.274875e-03
1.279842e-03
1.284820e-03
1.289807e-03
1.294803e-03
1.299810e-03
1.304826e-03
1.309851e-03
1.314887e-03
1.319932e-03
1.324986e-03
1.330050e-03
1.335124e-03
1.340208e-03
1.345301e-03
1.350404e-03
1.355517e-03
1.360639e-03
1.365771e-03
1.370912e-03
1.376063e-03
1.381224e-03
1.386395e-03
1.391575e-03
1.396764e-03
1.401964e-03
1.407173e-03
1.412392e-03
1.417620e-03
1.422858e-03
1.428106e-03
1.433363e-03
1.438630e-03
1.443907e-03
1.449193e-03
1.454489e-03
1.459795e-03
1.465110e-03
1.470435e-03
1.475770e-03
1.481114e-03
1.486468e-03
1.491832e-03
1.497205e-03
1.502588e-03
1.507980e-03
1.513382e-03
1.518794e-03
1.524216e-03
1.529647e-03
1.535088e-03
1.540538e-03
1.545998e-03
1.551468e-03
1.556948e-03
1.562437e-03
1.567935e-03
1.573444e-03
1.578962e-03
1.584490e-03
1.590027e-03
1.595574e-03
1.601131e-03
1.606697e-03
1.612273e-03
1.617859e-03
1.623454e-03
1.629059e-03
1.634674e-03
1.640298e-03
1.645932e-03
1.651575e-03
1.657229e-03
1.662891e-03
1.668564e-03
1.674246e-03
1.679938e-03
1.685640e-03
1.691351e-03
1.697072e-03
1.702802e-03
1.708542e-03
1.714292e-03
1.720051e-03
1.725820e-03
1.731599e-03
1.737388e-03
1.743186e-03
1.748993e-03
1.754811e-03
1.760638e-03
1.766475e-03
1.772321e-03
1.778177e-03
1.784043e-03
1.789918e-03
1.795803e-03
1.801697e-03
1.807602e-03
1.813516e-03
1.819439e-03
1.825372e-03
1.831315e-03
1.837268e-03
1.843230e-03
1.849202e-03
1.855184e-03
1.861175e-03
1.867176e-03
1.873186e-03
1.879206e-03
1.885236e-03
1.891275e-03
1.897324e-03
1.903383e-03
1.909452e-03
1.915530e-03
1.921617e-03
1.927715e-03
1.933822e-03
1.939939e-03
1.946065e-03
1.952201e-03
1.958347e-03
1.964502e-03
1.970667e-03
1.976842e-03
1.983026e-03
1.989220e-03
1.995423e-03
2.001637e-03
2.007859e-03
2.014092e-03
2.020334e-03
2.026586e-03
2.032848e-03
2.039119e-03
2.045400e-03
2.051690e-03
2.057990e-03
2.064300e-03
2.070620e-03
2.076949e-03
2.083287e-03
2.089636e-03
2.095994e-03
2.102362e-03
2.108739e-03
2.115126e-03
2.121523e-03
2.127929e-03
2.134345e-03
2.140771e-03
2.147206e-03
2.153651e-03
2.160106e-03
2.166570e-03
2.173044e-03
2.179528e-03
2.186021e-03
2.192524e-03
2.199036e-03
2.205559e-03
2.212090e-03
2.218632e-03
2.225183e-03
2.231744e-03
2.238315e-03
2.244895e-03
2.251485e-03
2.258084e-03
2.264693e-03
2.271312e-03
2.277940e-03
2.284578e-03
2.291226e-03
2.297884e-03
2.304551e-03
2.311227e-03
2.317914e-03
2.324610e-03
2.331315e-03
2.338031e-03
2.344756e-03
2.351490e-03
2.358235e-03
2.364989e-03
2.371752e-03
2.378525e-03
2.385308e-03
2.392101e-03
2.398903e-03
2.405715e-03
2.412537e-03
2.419368e-03
2.426209e-03
2.433059e-03
2.439919e-03
2.446789e-03
2.453669e-03
2.460558e-03
2.467456e-03
2.474365e-03
2.481283e-03
2.488211e-03
2.495148e-03
2.502095e-03
2.509052e-03
2.516018e-03
2.522994e-03
2.529980e-03
2.536975e-03
2.543980e-03
2.550995e-03
2.558019e-03
2.565053e-03
2.572097e-03
2.579150e-03
2.586213e-03
2.593286e-03
2.600368e-03
2.607460e-03
2.614561e-03
2.621673e-03
2.628793e-03
2.635924e-03
2.643064e-03
2.650214e-03
2.657373e-03
2.664542e-03
2.671721e-03
2.678910e-03
2.686108e-03
2.693316e-03
2.700533e-03
2.707760e-03
2.714997e-03
2.722243e-03
2.729499e-03
2.736765e-03
2.744040e-03
2.751325e-03
2.758620e-03
2.765924e-03
2.773238e-03
2.780562e-03
2.787895e-03
2.795238e-03
2.802591e-03
2.809953e-03
2.817325e-03
2.824706e-03
2.832097e-03
2.839498e-03
2.846909e-03
2.854329e-03
2.861759e-03
2.869198e-03
2.876647e-03
2.884106e-03
2.891575e-03
2.899053e-03
2.906541e-03
2.914038e-03
2.921545e-03
2.929062e-03
2.936588e-03
2.944124e-03
2.951670e-03
2.959225e-03
2.966790e-03
2.974365e-03
2.981949e-03
2.989543e-03
2.997147e-03
3.004760e-03
3.012383e-03
3.020016e-03
3.027658e-03
3.035310e-03
3.042971e-03
3.050643e-03
3.058323e-03
3.066014e-03
3.073714e-03
3.081424e-03
3.089143e-03
3.096873e-03
3.104611e-03
3.112360e-03
3.120118e-03
3.127886e-03
3.135663e-03
3.143450e-03
3.151247e-03
3.159053e-03
3.166869e-03
3.174695e-03
3.182530e-03
3.190375e-03
3.198230e-03
3.206094e-03
3.213968e-03
3.221852e-03
3.229745e-03
3.237648e-03
3.245561e-03
3.253483e-03
3.261415e-03
3.269357e-03
3.277308e-03
3.285269e-03
3.293239e-03
3.301219e-03
3.309209e-03
3.317209e-03
3.325218e-03
3.333237e-03
3.341265e-03
3.349303e-03
3.357351e-03
3.365409e-03
3.373476e-03
3.381552e-03
3.389639e-03
3.397735e-03
3.405841e-03
3.413956e-03
3.422081e-03
3.430216e-03
3.438360e-03
3.446514e-03
3.454678e-03
3.462851e-03
3.471034e-03
3.479226e-03
3.487429e-03
3.495641e-03
3.503862e-03
3.512093e-03
3.520334e-03
3.528585e-03
3.536845e-03
3.545115e-03
3.553394e-03
3.561684e-03
3.569982e-03
3.578291e-03
3.586609e-03
3.594937e-03
3.603274e-03
3.611621e-03
3.619978e-03
3.628344e-03
3.636720e-03
3.645106e-03
3.653502e-03
3.661907e-03
3.670321e-03
3.678746e-03
3.687180e-03
3.695623e-03
3.704077e-03
3.712539e-03
3.721012e-03
3.729494e-03
3.737986e-03
3.746488e-03
3.754999e-03
3.763520e-03
3.772051e-03
3.780591e-03
3.789141e-03
3.797700e-03
3.806269e-03
3.814848e-03
3.823437e-03
3.832035e-03
3.840642e-03
3.849260e-03
3.857887e-03
3.866524e-03
3.875170e-03
3.883826e-03
3.892492e-03
3.901167e-03
3.909852e-03
3.918547e-03
3.927251e-03
3.935965e-03
3.944689e-03
3.953422e-03
3.962165e-03
3.970918e-03
3.979680e-03
3.988452e-03
3.997234e-03
4.006025e-03
4.014826e-03
4.023636e-03
4.032457e-03
4.041286e-03
4.050126e-03
4.058975e-03
4.067834e-03
4.076702e-03
4.085581e-03
4.094468e-03
4.103366e-03
4.112273e-03
4.121190e-03
4.130116e-03
4.139052e-03
4.147998e-03
4.156953e-03
4.165918e-03
4.174893e-03
4.183877e-03
4.192871e-03
4.201875e-03
4.210888e-03
4.219911e-03
4.228944e-03
4.237986e-03
4.247038e-03
4.256100e-03
4.265171e-03
4.274252e-03
4.283343e-03
4.292443e-03
4.301553e-03
4.310672e-03
4.319801e-03
4.328940e-03
4.338089e-03
4.347247e-03
4.356415e-03
4.365592e-03
4.374779e-03
4.383976e-03
4.393182e-03
4.402398e-03
4.411624e-03
4.420860e-03
4.430105e-03
4.439359e-03
4.448624e-03
4.457898e-03
4.467181e-03
4.476475e-03
4.485778e-03
4.495090e-03
4.504413e-03
4.513744e-03
4.523086e-03
4.532437e-03
4.541798e-03
4.551169e-03
4.560549e-03
4.569939e-03
4.579338e-03
4.588748e-03
4.598166e-03
4.607595e-03
4.617033e-03
4.626481e-03
4.635938e-03
4.645405e-03
4.654882e-03
4.664369e-03
4.673865e-03
4.683371e-03
4.692886e-03
4.702411e-03
4.711946e-03
4.721490e-03
4.731044e-03
4.740608e-03
4.750181e-03
4.759764e-03
4.769357e-03
4.778959e-03
4.788571e-03
4.798193e-03
4.807824e-03
4.817465e-03
4.827115e-03
4.836775e-03
4.846445e-03
4.856125e-03
4.865814e-03
4.875513e-03
4.885221e-03
4.894940e-03
4.904667e-03
4.914405e-03
4.924152e-03
4.933909e-03
4.943675e-03
4.953451e-03
4.963237e-03
4.973032e-03
4.982838e-03
4.992652e-03
5.002477e-03
5.012311e-03
5.022154e-03
5.032008e-03
5.041871e-03
5.051743e-03
5.061626e-03
5.071518e-03
5.081419e-03
5.091330e-03
5.101251e-03
5.111182e-03
5.121122e-03
5.131072e-03
5.141032e-03
5.151001e-03
5.160980e-03
5.170968e-03
5.180966e-03
5.190974e-03
5.200992e-03
5.211019e-03
5.221056e-03
5.231102e-03
5.241158e-03
5.251224e-03
5.261299e-03
5.271384e-03
5.281479e-03
5.291583e-03
5.301697e-03
5.311821e-03
5.321954e-03
5.332097e-03
5.342250e-03
5.352412e-03
5.362584e-03
5.372766e-03
5.382957e-03
5.393158e-03
5.403369e-03
5.413589e-03
5.423819e-03
5.434058e-03
5.444308e-03
5.454567e-03
5.464835e-03
5.475113e-03
5.485401e-03
5.495699e-03
5.506006e-03
5.516322e-03
5.526649e-03
5.536985e-03
5.547331e-03
5.557686e-03
5.568051e-03
5.578426e-03
5.588810e-03
5.599204e-03
5.609608e-03
5.620021e-03
5.630444e-03
5.640877e-03
5.651319e-03
5.661771e-03
5.672233e-03
5.682704e-03
5.693185e-03
5.703676e-03
5.714176e-03
5.724686e-03
5.735206e-03
5.745735e-03
5.756274e-03
5.766822e-03
5.777380e-03
5.787948e-03
5.798526e-03
5.809113e-03
5.819710e-03
5.830316e-03
5.840932e-03
5.851558e-03
5.862193e-03
5.872838e-03
5.883493e-03
5.894158e-03
5.904832e-03
5.915515e-03
5.926209e-03
5.936912e-03
5.947624e-03
5.958347e-03
5.969079e-03
5.979820e-03
5.990572e-03
6.001332e-03
6.012103e-03
6.022883e-03
6.033673e-03
6.044473e-03
6.055282e-03
6.066101e-03
6.076929e-03
6.087768e-03
6.098615e-03
6.109473e-03
6.120340e-03
6.131217e-03
6.142103e-03
6.152999e-03
6.163905e-03
6.174821e-03
6.185746e-03
6.196680e-03
6.207625e-03
6.218579e-03
6.229543e-03
6.240516e-03
6.251499e-03
6.262492e-03
6.273494e-03
6.284506e-03
6.295528e-03
6.306559e-03
6.317600e-03
6.328650e-03
6.339711e-03
6.350781e-03
6.361860e-03
6.372949e-03
6.384048e-03
6.395157e-03
6.406275e-03
6.417403e-03
6.428540e-03
6.439688e-03
6.450844e-03
6.462011e-03
6.473187e-03
6.484373e-03
6.495568e-03
6.506773e-03
6.517988e-03
6.529212e-03
6.540446e-03
6.551690e-03
6.562944e-03
6.574207e-03
6.585479e-03
6.596762e-03
6.608054e-03
6.619355e-03
6.630667e-03
6.641987e-03
6.653318e-03
6.664658e-03
6.676008e-03
6.687368e-03
6.698737e-03
6.710116e-03
6.721505e-03
6.732903e-03
6.744311e-03
6.755728e-03
6.767155e-03
6.778592e-03
6.790039e-03
6.801495e-03
6.812960e-03
6.824436e-03
6.835921e-03
6.847416e-03
6.858920e-03
6.870434e-03
6.881958e-03
6.893491e-03
6.905034e-03
6.916587e-03
6.928149e-03
6.939721e-03
6.951303e-03
6.962894e-03
6.974495e-03
6.986106e-03
6.997726e-03
7.009356e-03
7.020996e-03
7.032645e-03
7.044304e-03
7.055972e-03
7.067651e-03
7.079338e-03
7.091036e-03
7.102743e-03
7.114460e-03
7.126186e-03
7.137923e-03
7.149668e-03
7.161424e-03
7.173189e-03
7.184964e-03
7.196748e-03
7.208542e-03
7.220346e-03
7.232159e-03
7.243982e-03
7.255815e-03
7.267657e-03
7.279509e-03
7.291371e-03
7.303242e-03
7.315123e-03
7.327014e-03
7.338914e-03
7.350824e-03
7.362744e-03
7.374673e-03
7.386612e-03
7.398560e-03
7.410519e-03
7.422486e-03
7.434464e-03
7.446451e-03
7.458448e-03
7.470454e-03
7.482471e-03
7.494496e-03
7.506532e-03
7.518577e-03
7.530632e-03
7.542696e-03
7.554770e-03
7.566854e-03
7.578947e-03
7.591050e-03
7.603163e-03
7.615285e-03
7.627417e-03
7.639559e-03
7.651710e-03
7.663871e-03
7.676042e-03
7.688222e-03
7.700412e-03
7.712612e-03
7.724821e-03
7.737040e-03
7.749269e-03
7.761507e-03
7.773755e-03
7.786012e-03
7.798279e-03
7.810556e-03
7.822843e-03
7.835139e-03
7.847445e-03
7.859760e-03
7.872085e-03
7.884420e-03
7.896764e-03
7.909119e-03
7.921482e-03
7.933856e-03
7.946239e-03
7.958631e-03
7.971034e-03
7.983446e-03
7.995867e-03
8.008299e-03
8.020740e-03
8.033190e-03
8.045651e-03
8.058121e-03
8.070600e-03
8.083090e-03
8.095588e-03
8.108097e-03
8.120615e-03
8.133143e-03
8.145681e-03
8.158228e-03
8.170785e-03
8.183351e-03
8.195927e-03
8.208513e-03
8.221109e-03
8.233714e-03
8.246329e-03
8.258953e-03
8.271587e-03
8.284231e-03
8.296884e-03
8.309547e-03
8.322220e-03
8.334902e-03
8.347594e-03
8.360296e-03
8.373007e-03
8.385728e-03
8.398459e-03
8.411199e-03
8.423949e-03
8.436709e-03
8.449478e-03
8.462257e-03
8.475046e-03
8.487844e-03
8.500652e-03
8.513469e-03
8.526296e-03
8.539133e-03
8.551980e-03
8.564836e-03
8.577702e-03
8.590577e-03
8.603462e-03
8.616357e-03
8.629262e-03
8.642176e-03
8.655099e-03
8.668033e-03
8.680976e-03
8.693929e-03
8.706891e-03
8.719863e-03
8.732845e-03
8.745836e-03
8.758837e-03
8.771848e-03
8.784868e-03
8.797898e-03
8.810938e-03
8.823987e-03
8.837046e-03
8.850114e-03
8.863193e-03
8.876281e-03
8.889378e-03
8.902485e-03
8.915602e-03
8.928729e-03
8.941865e-03
8.955011e-03
8.968166e-03
8.981331e-03
8.994506e-03
9.007691e-03
9.020885e-03
9.034088e-03
9.047302e-03
9.060525e-03
9.073758e-03
9.087000e-03
9.100252e-03
9.113514e-03
9.126785e-03
9.140066e-03
9.153357e-03
9.166657e-03
9.179967e-03
9.193287e-03
9.206616e-03
9.219955e-03
9.233303e-03
9.246662e-03
9.260030e-03
9.273407e-03
9.286794e-03
9.300191e-03
9.313598e-03
9.327014e-03
9.340440e-03
9.353875e-03
9.367320e-03
9.380775e-03
9.394240e-03
9.407714e-03
9.421197e-03
9.434691e-03
9.448194e-03
9.461707e-03
9.475229e-03
9.488761e-03
9.502303e-03
9.515854e-03
9.529415e-03
9.542986e-03
9.556566e-03
9.570156e-03
9.583756e-03
9.597365e-03
9.610984e-03
9.624613e-03
9.638251e-03
9.651899e-03
9.665556e-03
9.679224e-03
9.692900e-03
9.706587e-03
9.720283e-03
9.733989e-03
9.747704e-03
9.761430e-03
9.775164e-03
9.788909e-03
9.802663e-03
9.816427e-03
9.830200e-03
9.843983e-03
9.857776e-03
9.871578e-03
9.885390e-03
9.899212e-03
9.913043e-03
9.926884e-03
9.940735e-03
9.954595e-03
9.968465e-03
9.982345e-03
9.996234e-03
1.001013e-02
1.002404e-02
1.003796e-02
1.005189e-02
1.006583e-02
1.007977e-02
1.009373e-02
1.010770e-02
1.012167e-02
1.013566e-02
1.014965e-02
1.016366e-02
1.017767e-02
1.019170e-02
1.020573e-02
1.021978e-02
1.023383e-02
1.024789e-02
1.026197e-02
1.027605e-02
1.029014e-02
1.030424e-02
1.031835e-02
1.033247e-02
1.034660e-02
1.036075e-02
1.037489e-02
1.038905e-02
1.040322e-02
1.041740e-02
1.043159e-02
1.044579e-02
1.046000e-02
1.047422e-02
1.048844e-02
1.050268e-02
1.051693e-02
1.053118e-02
1.054545e-02
1.055972e-02
1.057401e-02
1.058830e-02
1.060261e-02
1.061692e-02
1.063125e-02
1.064558e-02
1.065992e-02
1.067428e-02
1.068864e-02
1.070301e-02
1.071739e-02
1.073178e-02
1.074618e-02
1.076059e-02
1.077501e-02
1.078944e-02
1.080388e-02
1.081833e-02
1.083279e-02
1.084726e-02
1.086174e-02
1.087623e-02
1.089073e-02
1.090523e-02
1.091975e-02
1.093428e-02
1.094881e-02
1.096336e-02
1.097791e-02
1.099248e-02
1.100705e-02
1.102097e-02
1.103484e-02
1.104867e-02
1.106244e-02
1.107617e-02
1.108985e-02
1.110348e-02
1.111706e-02
1.113060e-02
1.114408e-02
1.115752e-02
1.117091e-02
1.118425e-02
1.119755e-02
1.121079e-02
1.122399e-02
1.123714e-02
1.125024e-02
1.126329e-02
1.127630e-02
1.128926e-02
1.130217e-02
1.131503e-02
1.132784e-02
1.134060e-02
1.135332e-02
1.136599e-02
1.137861e-02
1.139118e-02
1.140370e-02
1.141618e-02
1.142860e-02
1.144098e-02
1.145331e-02
1.146560e-02
1.147783e-02
1.149002e-02
1.150215e-02
1.151424e-02
1.152629e-02
1.153828e-02
1.155023e-02
1.156212e-02
1.157397e-02
1.158577e-02
1.159753e-02
1.160923e-02
1.162089e-02
1.163250e-02
1.164406e-02
1.165557e-02
1.166703e-02
1.167845e-02
1.168982e-02
1.170114e-02
1.171241e-02
1.172363e-02
1.173481e-02
1.174594e-02
1.175701e-02
1.176804e-02
1.177903e-02
1.178996e-02
1.180085e-02
1.181169e-02
1.182248e-02
1.183322e-02
1.184391e-02
1.185456e-02
1.186516e-02
1.187570e-02
1.188621e-02
1.189666e-02
1.190706e-02
1.191742e-02
1.192773e-02
1.193799e-02
1.194820e-02
1.195837e-02
1.196848e-02
1.197855e-02
1.198857e-02
1.199854e-02
1.200846e-02
1.201834e-02
1.202817e-02
1.203795e-02
1.204768e-02
1.205736e-02
1.206699e-02
1.207658e-02
1.208612e-02
1.209561e-02
1.210505e-02
1.211444e-02
1.212379e-02
1.213309e-02
1.214234e-02
1.215154e-02
1.216069e-02
1.216980e-02
1.217885e-02
1.218786e-02
1.219682e-02
1.220573e-02
1.221460e-02
1.222341e-02
1.223218e-02
1.224090e-02
1.224957e-02
1.225820e-02
1.226677e-02
1.227530e-02
1.228378e-02
1.229221e-02
1.230059e-02
1.230893e-02
1.231721e-02
1.232545e-02
1.233364e-02
1.234178e-02
1.234988e-02
1.235792e-02
1.236592e-02
1.237387e-02
1.238177e-02
1.238962e-02
1.239743e-02
1.240518e-02
1.241289e-02
1.242055e-02
1.242816e-02
1.243573e-02
1.244324e-02
1.245071e-02
1.245813e-02
1.246550e-02
1.247283e-02
1.248010e-02
1.248733e-02
1.249451e-02
1.250164e-02
1.250872e-02
1.251576e-02
1.252274e-02
1.252968e-02
1.253657e-02
1.254341e-02
1.255021e-02
1.255695e-02
1.256365e-02
1.257030e-02
1.257690e-02
1.258345e-02
1.258996e-02
1.259641e-02
1.260282e-02
1.260918e-02
1.261550e-02
1.262176e-02
1.262798e-02
1.263414e-02
1.264026e-02
1.264633e-02
1.265236e-02
1.265833e-02
1.266426e-02
1.267014e-02
1.267597e-02
1.268175e-02
1.268749e-02
1.269317e-02
1.269881e-02
1.270440e-02
1.270994e-02
1.271544e-02
1.272088e-02
1.272628e-02
1.273163e-02
1.273693e-02
1.274218e-02
1.274739e-02
1.275254e-02
1.275765e-02
1.276271e-02
1.276773e-02
1.277269e-02
1.277761e-02
1.278247e-02
1.278729e-02
1.279206e-02
1.279679e-02
1.280146e-02
1.280609e-02
1.281067e-02
1.281520e-02
1.281968e-02
1.282412e-02
1.282850e-02
1.283284e-02
1.283713e-02
1.284137e-02
1.284557e-02
1.284971e-02
1.285381e-02
1.285786e-02
1.286186e-02
1.286581e-02
1.286972e-02
1.287357e-02
1.287738e-02
1.288114e-02
1.288486e-02
1.288852e-02
1.289214e-02
1.289570e-02
1.289922e-02
1.290269e-02
1.290612e-02
1.290949e-02
1.291282e-02
1.291610e-02
1.291933e-02
1.292251e-02
1.292565e-02
1.292873e-02
1.293177e-02
1.293476e-02
1.293770e-02
1.294060e-02
1.294344e-02
1.294624e-02
1.294899e-02
1.295169e-02
1.295434e-02
1.295695e-02
1.295950e-02
1.296201e-02
1.296447e-02
1.296688e-02
1.296925e-02
1.297156e-02
1.297383e-02
1.297605e-02
1.297822e-02
1.298035e-02
1.298242e-02
1.298445e-02
1.298643e-02
1.298836e-02
1.299024e-02
1.299208e-02
1.299386e-02
1.299560e-02
1.299729e-02
1.299893e-02
1.300053e-02
1.300207e-02
1.300357e-02
1.300502e-02
1.300642e-02
1.300777e-02
1.300908e-02
1.301033e-02
1.301154e-02
1.301270e-02
1.301381e-02
1.301488e-02
1.301589e-02
1.301686e-02
1.301778e-02
1.301865e-02
1.301948e-02
1.302025e-02
1.302098e-02
1.302166e-02
1.302229e-02
1.302287e-02
1.302340e-02
1.302389e-02
1.302433e-02
1.302472e-02
1.302506e-02
1.302535e-02
1.302560e-02
1.302580e-02
1.302595e-02
1.302605e-02
1.302610e-02
1.302611e-02
1.302606e-02
1.302597e-02
1.302583e-02
1.302564e-02
1.302541e-02
1.302512e-02
1.302479e-02
1.302441e-02
1.302398e-02
1.302350e-02
1.302320e-02
1.302320e-02
1.302320e-02
1.302320e-02
1.302320e-02
1.302320e-02
1.302320e-02
1.302320e-02
1.302320e-02
1.302320e-02
1.302320e-02
1.302320e-02
1.302320e-02
1.302320e-02
1.302320e-02
1.302320e-02
1.302320e-02
1.302320e-02
1.302320e-02
1.302320e-02
1.302320e-02
1.302320e-02
1.302320e-02
1.302320e-02
1.302320e-02
1.302320e-02
1.302320e-02
1.302320e-02
1.302320e-02
1.302320e-02
1.302320e-02
1.302320e-02
1.302320e-02
1.302320e-02
1.302320e-02
1.302320e-02
1.302320e-02
1.302320e-02
1.302320e-02
1.302320e-02
1.302320e-02
1.302320e-02
1.302320e-02
1.302320e-02
1.302320e-02
1.302320e-02
1.302320e-02
1.302320e-02
1.302320e-02
1.302320e-02
1.302320e-02
1.302320e-02
1.302320e-02
1.302320e-02
1.302320e-02
1.302320e-02
1.302320e-02
1.302320e-02
1.302320e-02
1.302320e-02
1.302320e-02
1.302320e-02
1.302320e-02
1.302320e-02
1.302320e-02
1.302320e-02
1.302320e-02
1.302320e-02
1.302320e-02
1.302320e-02
1.302320e-02
1.302320e-02
1.302320e-02
1.302320e-02
1.302320e-02
1.302320e-02
1.302320e-02
1.302320e-02
1.302320e-02
1.302320e-02
1.302320e-02
1.302320e-02
1.302320e-02
1.302320e-02
1.302320e-02
1.302320e-02
1.302320e-02
1.302320e-02
1.302320e-02
1.302320e-02
1.302320e-02
1.302320e-02
1.302320e-02
1.302320e-02
1.302320e-02
1.302320e-02
1.302320e-02
1.302320e-02
1.302320e-02
1.302320e-02
1.302320e-02
1.302320e-02
1.302320e-02
1.302320e-02
1.302320e-02
1.302320e-02
1.302320e-02
1.302320e-02
1.302320e-02
1.302320e-02
1.302320e-02
1.302320e-02
1.302320e-02
1.302320e-02
1.302320e-02
1.302320e-02
1.302320e-02
1.302320e-02
1.302320e-02
1.302320e-02
1.302320e-02
1.302320e-02
1.302320e-02
1.302320e-02
1.302320e-02
1.302320e-02
1.302320e-02
1.302320e-02
1.302320e-02
1.302320e-02
1.302320e-02
1.302320e-02
1.302320e-02
1.302320e-02
1.302320e-02
1.302320e-02
1.302320e-02
1.302320e-02
1.302320e-02
1.302320e-02
1.302320e-02
1.302320e-02
1.302320e-02
1.302320e-02
1.302320e-02
1.302320e-02
1.302320e-02
1.302320e-02
1.302320e-02
1.302320e-02
1.302320e-02
1.302320e-02
1.302320e-02
1.302320e-02
1.302320e-02
1.302320e-02
1.302320e-02
1.302320e-02
1.302320e-02
1.302320e-02
1.302320e-02
1.302320e-02
1.302320e-02
1.302320e-02
1.302320e-02
1.302320e-02
1.302320e-02
1.302320e-02
1.302320e-02
1.302320e-02
1.302320e-02
1.302320e-02
1.302320e-02
1.302320e-02
1.302320e-02
1.302320e-02
1.302320e-02
1.302320e-02
1.302320e-02
1.302320e-02
1.302320e-02
1.302320e-02
1.302320e-02
1.302320e-02
1.302320e-02
1.302320e-02
1.302320e-02
1.302320e-02
1.302320e-02
1.302320e-02
1.302320e-02
1.302320e-02
1.302320e-02
1.302320e-02
1.302320e-02
1.302320e-02
1.302320e-02
1.302320e-02
1.302320e-02
1.302320e-02
1.302320e-02
