0.000000e+00
1.110371e-07
2.258768e-07
3.445192e-07
4.669642e-07
5.932118e-07
7.232621e-07
8.571150e-07
9.947706e-07
1.136229e-06
1.281490e-06
1.430553e-06
1.583419e-06
1.740088e-06
1.900559e-06
2.064833e-06
2.232910e-06
2.404790e-06
2.580471e-06
2.759956e-06
2.943243e-06
3.130333e-06
3.321226e-06
3.515921e-06
3.714419e-06
3.916719e-06
4.122822e-06
4.332728e-06
4.546436e-06
4.763947e-06
4.985261e-06
5.210377e-06
5.439296e-06
5.672018e-06
5.908542e-06
6.148869e-06
6.392998e-06
6.640930e-06
6.892665e-06
7.148203e-06
7.407543e-06
7.670685e-06
7.937631e-06
8.208379e-06
8.482929e-06
8.761282e-06
9.043438e-06
9.329397e-06
9.619158e-06
9.912722e-06
1.021009e-05
1.051126e-05
1.081623e-05
1.112500e-05
1.143758e-05
1.175396e-05
1.207414e-05
1.239813e-05
1.272591e-05
1.305751e-05
1.339290e-05
1.373209e-05
1.407509e-05
1.442189e-05
1.477250e-05
1.512690e-05
1.548511e-05
1.584712e-05
1.621294e-05
1.658255e-05
1.695597e-05
1.733319e-05
1.771422e-05
1.809905e-05
1.848767e-05
1.888011e-05
1.927634e-05
1.967638e-05
2.008022e-05
2.048786e-05
2.089931e-05
2.131456e-05
2.173361e-05
2.215646e-05
2.258312e-05
2.301358e-05
2.344784e-05
2.388590e-05
2.432777e-05
2.477344e-05
2.522291e-05
2.567619e-05
2.613326e-05
2.659414e-05
2.705883e-05
2.752731e-05
2.799960e-05
2.847569e-05
2.895558e-05
2.943928e-05
2.992678e-05
3.041808e-05
3.091318e-05
3.141209e-05
3.191480e-05
3.242131e-05
3.293162e-05
3.344574e-05
3.396366e-05
3.448538e-05
3.501091e-05
3.554023e-05
3.607336e-05
3.661030e-05
3.715103e-05
3.769557e-05
3.824391e-05
3.879605e-05
3.935200e-05
3.991175e-05
4.047530e-05
4.104265e-05
4.161381e-05
4.218877e-05
4.276753e-05
4.335010e-05
4.393646e-05
4.452663e-05
4.512060e-05
4.571838e-05
4.631996e-05
4.692534e-05
4.753452e-05
4.814751e-05
4.876429e-05
4.938488e-05
5.000928e-05
5.063747e-05
5.126947e-05
5.190527e-05
5.254488e-05
5.318829e-05
5.383549e-05
5.448651e-05
5.514132e-05
5.579994e-05
5.646236e-05
5.712858e-05
5.779861e-05
5.847243e-05
5.915006e-05
5.983150e-05
6.051673e-05
6.120577e-05
6.189861e-05
6.259526e-05
6.329570e-05
6.399995e-05
6.470800e-05
6.541986e-05
6.613551e-05
6.685497e-05
6.757824e-05
6.830530e-05
6.903617e-05
6.977084e-05
7.050931e-05
7.125159e-05
7.199766e-05
7.274754e-05
7.350123e-05
7.425871e-05
7.502000e-05
7.578509e-05
7.655399e-05
7.732668e-05
7.810318e-05
7.888348e-05
7.966759e-05
8.045550e-05
8.124721e-05
8.204272e-05
8.284203e-05
8.364515e-05
8.445207e-05
8.526279e-05
8.607732e-05
8.689565e-05
8.771778e-05
8.854371e-05
8.937345e-05
9.020699e-05
9.104433e-05
9.188547e-05
9.273042e-05
9.357917e-05
9.443172e-05
9.528807e-05
9.614823e-05
9.701219e-05
9.787995e-05
9.875152e-05
9.962688e-05
1.005061e-04
1.013890e-04
1.022758e-04
1.031664e-04
1.040608e-04
1.049589e-04
1.058609e-04
1.067667e-04
1.076763e-04
1.085897e-04
1.095069e-04
1.104279e-04
1.113527e-04
1.122813e-04
1.132137e-04
1.141499e-04
1.150899e-04
1.160338e-04
1.169814e-04
1.179328e-04
1.188880e-04
1.198470e-04
1.208099e-04
1.217765e-04
1.227469e-04
1.237212e-04
1.246992e-04
1.256811e-04
1.266667e-04
1.276561e-04
1.286494e-04
1.296464e-04
1.306473e-04
1.316520e-04
1.326604e-04
1.336727e-04
1.346887e-04
1.357086e-04
1.367323e-04
1.377598e-04
1.387910e-04
1.398261e-04
1.408650e-04
1.419077e-04
1.429542e-04
1.440045e-04
1.450585e-04
1.461164e-04
1.471781e-04
1.482436e-04
1.493129e-04
1.503860e-04
1.514630e-04
1.525437e-04
1.536282e-04
1.547165e-04
1.558086e-04
1.569045e-04
1.580043e-04
1.591078e-04
1.602151e-04
1.613262e-04
1.624412e-04
1.635599e-04
1.646824e-04
1.658088e-04
1.669389e-04
1.680729e-04
1.692106e-04
1.703522e-04
1.714975e-04
1.726467e-04
1.737997e-04
1.749564e-04
1.761170e-04
1.772814e-04
1.784495e-04
1.796215e-04
1.807973e-04
1.819769e-04
1.831602e-04
1.843474e-04
1.855384e-04
1.867332e-04
1.879318e-04
1.891342e-04
1.903404e-04
1.915504e-04
1.927642e-04
1.939818e-04
1.952032e-04
1.964284e-04
1.976574e-04
1.988902e-04
2.001269e-04
2.013673e-04
2.026115e-04
2.038595e-04
2.051114e-04
2.063670e-04
2.076264e-04
2.088897e-04
2.101567e-04
2.114275e-04
2.127022e-04
2.139806e-04
2.152629e-04
2.165489e-04
2.178388e-04
2.191325e-04
2.204299e-04
2.217312e-04
2.230362e-04
2.243451e-04
2.256578e-04
2.269743e-04
2.282945e-04
2.296186e-04
2.309465e-04
2.322782e-04
2.336137e-04
2.349530e-04
2.362960e-04
2.376429e-04
2.389936e-04
2.403481e-04
2.417064e-04
2.430685e-04
2.444345e-04
2.458042e-04
2.471777e-04
2.485550e-04
2.499361e-04
2.513210e-04
2.527098e-04
2.541023e-04
2.554986e-04
2.568987e-04
2.583027e-04
2.597104e-04
2.611220e-04
2.625373e-04
2.639564e-04
2.653794e-04
2.668061e-04
2.682367e-04
2.696711e-04
2.711092e-04
2.725512e-04
2.739969e-04
2.754465e-04
2.768999e-04
2.783570e-04
2.798180e-04
2.812828e-04
2.827514e-04
2.842238e-04
2.856999e-04
2.871799e-04
2.886637e-04
2.901513e-04
2.916427e-04
2.931379e-04
2.946369e-04
2.961397e-04
2.976463e-04
2.991567e-04
3.006709e-04
3.021890e-04
3.037108e-04
3.052364e-04
3.067658e-04
3.082990e-04
3.098361e-04
3.113769e-04
3.129215e-04
3.144700e-04
3.160222e-04
3.175782e-04
3.191381e-04
3.207017e-04
3.222692e-04
3.238404e-04
3.254155e-04
3.269943e-04
3.285770e-04
3.301635e-04
3.317537e-04
3.333478e-04
3.349457e-04
3.365473e-04
3.381528e-04
3.397621e-04
3.413752e-04
3.429920e-04
3.446127e-04
3.462372e-04
3.478655e-04
3.494976e-04
3.511335e-04
3.527732e-04
3.544167e-04
3.560640e-04
3.577151e-04
3.593700e-04
3.610287e-04
3.626912e-04
3.643576e-04
3.660277e-04
3.677016e-04
3.693793e-04
3.710608e-04
3.727462e-04
3.744353e-04
3.761282e-04
3.778250e-04
3.795255e-04
3.812299e-04
3.829380e-04
3.846500e-04
3.863657e-04
3.880853e-04
3.898086e-04
3.915358e-04
3.932667e-04
3.950015e-04
3.967401e-04
3.984824e-04
4.002286e-04
4.019786e-04
4.037324e-04
4.054899e-04
4.072513e-04
4.090165e-04
4.107855e-04
4.125583e-04
4.143349e-04
4.161153e-04
4.178995e-04
4.196875e-04
4.214793e-04
4.232749e-04
4.250743e-04
4.268775e-04
4.286845e-04
4.304953e-04
4.323100e-04
4.341284e-04
4.359506e-04
4.377766e-04
4.396065e-04
4.414401e-04
4.432775e-04
4.451188e-04
4.469638e-04
4.488127e-04
4.506653e-04
4.525218e-04
4.543820e-04
4.562461e-04
4.581139e-04
4.599856e-04
4.618610e-04
4.637403e-04
4.656234e-04
4.675102e-04
4.694009e-04
4.712954e-04
4.731937e-04
4.750958e-04
4.770016e-04
4.789113e-04
4.808248e-04
4.827421e-04
4.846632e-04
4.865881e-04
4.885168e-04
4.904493e-04
4.923856e-04
4.943257e-04
4.962696e-04
4.982173e-04
5.001688e-04
5.021242e-04
5.040833e-04
5.060462e-04
5.080129e-04
5.099835e-04
5.119578e-04
5.139359e-04
5.159179e-04
5.179036e-04
5.198931e-04
5.218865e-04
5.238836e-04
5.258846e-04
5.278893e-04
5.298979e-04
5.319102e-04
5.339264e-04
5.359464e-04
5.379701e-04
5.399977e-04
5.420291e-04
5.440642e-04
5.461032e-04
5.481460e-04
5.501926e-04
5.522429e-04
5.542971e-04
5.563551e-04
5.584169e-04
5.604825e-04
5.625519e-04
5.646251e-04
5.667021e-04
5.687829e-04
5.708675e-04
5.729559e-04
5.750481e-04
5.771442e-04
5.792440e-04
5.813476e-04
5.834550e-04
5.855662e-04
5.876813e-04
5.898001e-04
5.919227e-04
5.940492e-04
5.961794e-04
5.983135e-04
6.004513e-04
6.025929e-04
6.047384e-04
6.068876e-04
6.090407e-04
6.111976e-04
6.133582e-04
6.155227e-04
6.176909e-04
6.198630e-04
6.220389e-04
6.242186e-04
6.264020e-04
6.285893e-04
6.307804e-04
6.329753e-04
6.351740e-04
6.373765e-04
6.395827e-04
6.417928e-04
6.440067e-04
6.462244e-04
6.484459e-04
6.506712e-04
6.529003e-04
6.551333e-04
6.573700e-04
6.596105e-04
6.618548e-04
6.641029e-04
6.663549e-04
6.686106e-04
6.708701e-04
6.731334e-04
6.754006e-04
6.776715e-04
6.799462e-04
6.822248e-04
6.845071e-04
6.867933e-04
6.890832e-04
6.913770e-04
6.936745e-04
6.959759e-04
6.982811e-04
7.005900e-04
7.029028e-04
7.052194e-04
7.075397e-04
7.098639e-04
7.121919e-04
7.145237e-04
7.168592e-04
7.191986e-04
7.215418e-04
7.238888e-04
7.262396e-04
7.285942e-04
7.309526e-04
7.333148e-04
7.356808e-04
7.380506e-04
7.404242e-04
7.428016e-04
7.451828e-04
7.475678e-04
7.499566e-04
7.523493e-04
7.547457e-04
7.571459e-04
7.595499e-04
7.619578e-04
7.643694e-04
7.667849e-04
7.692041e-04
7.716271e-04
7.740540e-04
7.764846e-04
7.789191e-04
7.813573e-04
7.837994e-04
7.862452e-04
7.886949e-04
7.911484e-04
7.936056e-04
7.960667e-04
7.985316e-04
8.010002e-04
8.034727e-04
8.059490e-04
8.084291e-04
8.109130e-04
8.134007e-04
8.158921e-04
8.183874e-04
8.208865e-04
8.233894e-04
8.258961e-04
8.284066e-04
8.309209e-04
8.334390e-04
8.359610e-04
8.384867e-04
8.410162e-04
8.435495e-04
8.460866e-04
8.486276e-04
8.511723e-04
8.537208e-04
8.562731e-04
8.588293e-04
8.613892e-04
8.639530e-04
8.665205e-04
8.690918e-04
8.716670e-04
8.742459e-04
8.768287e-04
8.794152e-04
8.820056e-04
8.845998e-04
8.871977e-04
8.897995e-04
8.924051e-04
8.950144e-04
8.976276e-04
9.002446e-04
9.028654e-04
9.054899e-04
9.081183e-04
9.107505e-04
9.133865e-04
9.160263e-04
9.186699e-04
9.213173e-04
9.239685e-04
9.266235e-04
9.292823e-04
9.319449e-04
9.346113e-04
9.372815e-04
9.399556e-04
9.426334e-04
9.453150e-04
9.480004e-04
9.506896e-04
9.533827e-04
9.560795e-04
9.587801e-04
9.614846e-04
9.641928e-04
9.669049e-04
9.696207e-04
9.723404e-04
9.750638e-04
9.777911e-04
9.805221e-04
9.832570e-04
9.859956e-04
9.887381e-04
9.914844e-04
9.942344e-04
9.969883e-04
9.997460e-04
1.002507e-03
1.005273e-03
1.008042e-03
1.010815e-03
1.013591e-03
1.016372e-03
1.019156e-03
1.021944e-03
1.024736e-03
1.027532e-03
1.030331e-03
1.033135e-03
1.035942e-03
1.038753e-03
1.041567e-03
1.044386e-03
1.047208e-03
1.050034e-03
1.052864e-03
1.055698e-03
1.058536e-03
1.061377e-03
1.064222e-03
1.067071e-03
1.069924e-03
1.072780e-03
1.075641e-03
1.078505e-03
1.081373e-03
1.084244e-03
1.087120e-03
1.089999e-03
1.092883e-03
1.095769e-03
1.098660e-03
1.101555e-03
1.104453e-03
1.107355e-03
1.110261e-03
1.113171e-03
1.116085e-03
1.119002e-03
1.121923e-03
1.124848e-03
1.127777e-03
1.130710e-03
1.133646e-03
1.136586e-03
1.139530e-03
1.142478e-03
1.145430e-03
1.148385e-03
1.151344e-03
1.154307e-03
1.157274e-03
1.160245e-03
1.163219e-03
1.166197e-03
1.169179e-03
1.172165e-03
1.175155e-03
1.178148e-03
1.181146e-03
1.184147e-03
1.187151e-03
1.190160e-03
1.193173e-03
1.196189e-03
1.199209e-03
1.202233e-03
1.205260e-03
1.208292e-03
1.211327e-03
1.214366e-03
1.217409e-03
1.220456e-03
1.223506e-03
1.226561e-03
1.229619e-03
1.232680e-03
1.235746e-03
1.238816e-03
1.241889e-03
1.244966e-03
1.248047e-03
1.251132e-03
1.254220e-03
1.257312e-03
1.260409e-03
1.263508e-03
1.266612e-03
1.269720e-03
1.272831e-03
1.275946e-03
1.279065e-03
1.282188e-03
1.285314e-03
1.288445e-03
1.291579e-03
1.294717e-03
1.297859e-03
1.301004e-03
1.304153e-03
1.307307e-03
1.310463e-03
1.313624e-03
1.316789e-03
1.319957e-03
1.323129e-03
1.326305e-03
1.329485e-03
1.332669e-03
1.335856e-03
1.339047e-03
1.342242e-03
1.345441e-03
1.348644e-03
1.351850e-03
1.355060e-03
1.358274e-03
1.361492e-03
1.364713e-03
1.367939e-03
1.371168e-03
1.374401e-03
1.377638e-03
1.380879e-03
1.384123e-03
1.387371e-03
1.390623e-03
1.393879e-03
1.397139e-03
1.400402e-03
1.403669e-03
1.406940e-03
1.410215e-03
1.413494e-03
1.416776e-03
1.420062e-03
1.423352e-03
1.426646e-03
1.429944e-03
1.433245e-03
1.436551e-03
1.439860e-03
1.443173e-03
1.446489e-03
1.449810e-03
1.453134e-03
1.456462e-03
1.459794e-03
1.463130e-03
1.466469e-03
1.469812e-03
1.473159e-03
1.476510e-03
1.479865e-03
1.483224e-03
1.486586e-03
1.489952e-03
1.493322e-03
1.496696e-03
1.500073e-03
1.503454e-03
1.506839e-03
1.510228e-03
1.513621e-03
1.517018e-03
1.520418e-03
1.523822e-03
1.527230e-03
1.530642e-03
1.534057e-03
1.537477e-03
1.540900e-03
1.544327e-03
1.547757e-03
1.551192e-03
1.554630e-03
1.558072e-03
1.561518e-03
1.564968e-03
1.568422e-03
1.571879e-03
1.575340e-03
1.578805e-03
1.582274e-03
1.585746e-03
1.589223e-03
1.592703e-03
1.596187e-03
1.599675e-03
1.603166e-03
1.606662e-03
1.610161e-03
1.613664e-03
1.617171e-03
1.620681e-03
1.624196e-03
1.627714e-03
1.631236e-03
1.634762e-03
1.638291e-03
1.641825e-03
1.645362e-03
1.648903e-03
1.652448e-03
1.655996e-03
1.659549e-03
1.663105e-03
1.666665e-03
1.670229e-03
1.673797e-03
1.677368e-03
1.680943e-03
1.684522e-03
1.688105e-03
1.691692e-03
1.695282e-03
1.698877e-03
1.702475e-03
1.706076e-03
1.709682e-03
1.713292e-03
1.716905e-03
1.720522e-03
1.724143e-03
1.727767e-03
1.731396e-03
1.735028e-03
1.738664e-03
1.742304e-03
1.745948e-03
1.749595e-03
1.753247e-03
1.756902e-03
1.760561e-03
1.764223e-03
1.767890e-03
1.771560e-03
1.775234e-03
1.778912e-03
1.782594e-03
1.786279e-03
1.789969e-03
1.793662e-03
1.797359e-03
1.801060e-03
1.804764e-03
1.808472e-03
1.812185e-03
1.815901e-03
1.819620e-03
1.823344e-03
1.827071e-03
1.830802e-03
1.834537e-03
1.838276e-03
1.842019e-03
1.845765e-03
1.849515e-03
1.853269e-03
1.857027e-03
1.860788e-03
1.864554e-03
1.868323e-03
1.872096e-03
1.875873e-03
1.879653e-03
1.883438e-03
1.887226e-03
1.891018e-03
1.894814e-03
1.898613e-03
1.902417e-03
1.906224e-03
1.910035e-03
1.913850e-03
1.917668e-03
1.921491e-03
1.925317e-03
1.929147e-03
1.932981e-03
1.936818e-03
1.940660e-03
1.944505e-03
1.948354e-03
1.952207e-03
1.956064e-03
1.959924e-03
1.963788e-03
1.967656e-03
1.971528e-03
1.975404e-03
1.979283e-03
1.983166e-03
1.987054e-03
1.990944e-03
1.994839e-03
1.998738e-03
2.002640e-03
2.006546e-03
2.010456e-03
2.014369e-03
2.018287e-03
2.022208e-03
2.026133e-03
2.030062e-03
2.033995e-03
2.037931e-03
2.041872e-03
2.045816e-03
2.049764e-03
2.053715e-03
2.057671e-03
2.061630e-03
2.065593e-03
2.069560e-03
2.073531e-03
2.077505e-03
2.081484e-03
2.085466e-03
2.089452e-03
2.093442e-03
2.097435e-03
2.101432e-03
2.105434e-03
2.109438e-03
2.113447e-03
2.117460e-03
2.121476e-03
2.125496e-03
2.129520e-03
2.133548e-03
2.137580e-03
2.141615e-03
2.145654e-03
2.149697e-03
2.153744e-03
2.157794e-03
2.161849e-03
2.165907e-03
2.169969e-03
2.174035e-03
2.178104e-03
2.182178e-03
2.186255e-03
2.190336e-03
2.194421e-03
2.198509e-03
2.202602e-03
2.206698e-03
2.210798e-03
2.214902e-03
2.219009e-03
2.223121e-03
2.227236e-03
2.231355e-03
2.235478e-03
2.239604e-03
2.243735e-03
2.247869e-03
2.252007e-03
2.256149e-03
2.260295e-03
2.264444e-03
2.268597e-03
2.272754e-03
2.276915e-03
2.281080e-03
2.285248e-03
2.289420e-03
2.293597e-03
2.297776e-03
2.301960e-03
2.306147e-03
2.310339e-03
2.314534e-03
2.318733e-03
2.322935e-03
2.327142e-03
2.331352e-03
2.335566e-03
2.339784e-03
2.344006e-03
2.348231e-03
2.352461e-03
2.356694e-03
2.360931e-03
2.365171e-03
2.369416e-03
2.373664e-03
2.377916e-03
2.382172e-03
2.386432e-03
2.390695e-03
2.394963e-03
2.399234e-03
2.403509e-03
2.407788e-03
2.412070e-03
2.416356e-03
2.420647e-03
2.424940e-03
2.429238e-03
2.433540e-03
2.437845e-03
2.442154e-03
2.446467e-03
2.450784e-03
2.455105e-03
2.459429e-03
2.463757e-03
2.468089e-03
2.472425e-03
2.476764e-03
2.481108e-03
2.485455e-03
2.489806e-03
2.494161e-03
2.498519e-03
2.502882e-03
2.507248e-03
2.511618e-03
2.515992e-03
2.520369e-03
2.524751e-03
2.529136e-03
2.533525e-03
2.537918e-03
2.542314e-03
2.546715e-03
2.551119e-03
2.555527e-03
2.559939e-03
2.564354e-03
2.568774e-03
2.573197e-03
2.577624e-03
2.582055e-03
2.586490e-03
2.590928e-03
2.595370e-03
2.599816e-03
2.604266e-03
2.608720e-03
2.613177e-03
2.617638e-03
2.622104e-03
2.626572e-03
2.631045e-03
2.635522e-03
2.640002e-03
2.644486e-03
2.648974e-03
2.653465e-03
2.657961e-03
2.662460e-03
2.666963e-03
2.671470e-03
2.675981e-03
2.680495e-03
2.685014e-03
2.689536e-03
2.694062e-03
2.698591e-03
2.703125e-03
2.707662e-03
2.712203e-03
2.716748e-03
2.721297e-03
2.725849e-03
2.730406e-03
2.734966e-03
2.739530e-03
2.744098e-03
2.748669e-03
2.753244e-03
2.757824e-03
2.762406e-03
2.766993e-03
2.771584e-03
2.776178e-03
2.780776e-03
2.785378e-03
2.789984e-03
2.794594e-03
2.799207e-03
2.803824e-03
2.808445e-03
2.813070e-03
2.817698e-03
2.822331e-03
2.826967e-03
2.831607e-03
2.836251e-03
2.840898e-03
2.845550e-03
2.850205e-03
2.854864e-03
2.859527e-03
2.864193e-03
2.868864e-03
2.873538e-03
2.878216e-03
2.882898e-03
2.887583e-03
2.892273e-03
2.896966e-03
2.901663e-03
2.906364e-03
2.911068e-03
2.915777e-03
2.920489e-03
2.925205e-03
2.929925e-03
2.934649e-03
2.939376e-03
2.944107e-03
2.948842e-03
2.953581e-03
2.958324e-03
2.963070e-03
2.967821e-03
2.972575e-03
2.977332e-03
2.982094e-03
2.986860e-03
2.991629e-03
2.996402e-03
3.001179e-03
3.005959e-03
3.010744e-03
3.015532e-03
3.020324e-03
3.025120e-03
3.029920e-03
3.034723e-03
3.039531e-03
3.044342e-03
3.049157e-03
3.053975e-03
3.058798e-03
3.063624e-03
3.068454e-03
3.073288e-03
3.078126e-03
3.082968e-03
3.087813e-03
3.092662e-03
3.097515e-03
3.102372e-03
3.107232e-03
3.112097e-03
3.116965e-03
3.121837e-03
3.126712e-03
3.131592e-03
3.136475e-03
3.141362e-03
3.146253e-03
3.151148e-03
3.156047e-03
3.160949e-03
3.165855e-03
3.170765e-03
3.175679e-03
3.180596e-03
3.185518e-03
3.190443e-03
3.195372e-03
3.200305e-03
3.205241e-03
3.210182e-03
3.215126e-03
3.220074e-03
3.225026e-03
3.229981e-03
3.234941e-03
3.239904e-03
3.244871e-03
3.249842e-03
3.254816e-03
3.259795e-03
3.264777e-03
3.269763e-03
3.274753e-03
3.279747e-03
3.284744e-03
3.289745e-03
3.294750e-03
3.299759e-03
3.304772e-03
3.309788e-03
3.314808e-03
3.319832e-03
3.324860e-03
3.329892e-03
3.334927e-03
3.339967e-03
3.345010e-03
3.350057e-03
3.355107e-03
3.360162e-03
3.365220e-03
3.370282e-03
3.375348e-03
3.380418e-03
3.385491e-03
3.390568e-03
3.395649e-03
3.400734e-03
3.405823e-03
3.410916e-03
3.416012e-03
3.421112e-03
3.426216e-03
3.431324e-03
3.436435e-03
3.441550e-03
3.446669e-03
3.451792e-03
3.456919e-03
3.462050e-03
3.467184e-03
3.472322e-03
3.477464e-03
3.482610e-03
3.487759e-03
3.492913e-03
3.498070e-03
3.503231e-03
3.508395e-03
3.513564e-03
3.518736e-03
3.523913e-03
3.529092e-03
3.534276e-03
3.539464e-03
3.544655e-03
3.549850e-03
3.555049e-03
3.560252e-03
3.565459e-03
3.570669e-03
3.575883e-03
3.581101e-03
3.586323e-03
3.591549e-03
3.596778e-03
3.602011e-03
3.607248e-03
3.612489e-03
3.617734e-03
3.622982e-03
3.628234e-03
3.633490e-03
3.638750e-03
3.644014e-03
3.649281e-03
3.654552e-03
3.659827e-03
3.665106e-03
3.670389e-03
3.675675e-03
3.680965e-03
3.686259e-03
3.691557e-03
3.696859e-03
3.702164e-03
3.707474e-03
3.712787e-03
3.718103e-03
3.723424e-03
3.728749e-03
3.734077e-03
3.739409e-03
3.744745e-03
3.750084e-03
3.755428e-03
3.760775e-03
3.766126e-03
3.771481e-03
3.776840e-03
3.782202e-03
3.787569e-03
3.792939e-03
3.798313e-03
3.803690e-03
3.809072e-03
3.814457e-03
3.819846e-03
3.825239e-03
3.830636e-03
3.836036e-03
3.841441e-03
3.846849e-03
3.852261e-03
3.857676e-03
3.863096e-03
3.868519e-03
3.873946e-03
3.879377e-03
3.884812e-03
3.890250e-03
3.895693e-03
3.901139e-03
3.906589e-03
3.912043e-03
3.917500e-03
3.922962e-03
3.928427e-03
3.933896e-03
3.939368e-03
3.944845e-03
3.950325e-03
3.955810e-03
3.961297e-03
3.966789e-03
3.972285e-03
3.977784e-03
3.983287e-03
3.988794e-03
3.994305e-03
3.999820e-03
4.005338e-03
4.010860e-03
4.016386e-03
4.021916e-03
4.027450e-03
4.032987e-03
4.038528e-03
4.044073e-03
4.049622e-03
4.055175e-03
4.060731e-03
4.066291e-03
4.071855e-03
4.077423e-03
4.082995e-03
4.088570e-03
4.094150e-03
4.099733e-03
4.105319e-03
4.110910e-03
4.116505e-03
4.122103e-03
4.127705e-03
4.133311e-03
4.138920e-03
4.144534e-03
4.150151e-03
4.155772e-03
4.161397e-03
4.167026e-03
4.172658e-03
4.178294e-03
4.183934e-03
4.189578e-03
4.195226e-03
4.200877e-03
4.206533e-03
4.212192e-03
4.217855e-03
4.223521e-03
4.229192e-03
4.234866e-03
4.240544e-03
4.246226e-03
4.251912e-03
4.257601e-03
4.263295e-03
4.268992e-03
4.274693e-03
4.280398e-03
4.286106e-03
4.291818e-03
4.297535e-03
4.303254e-03
4.308978e-03
4.314706e-03
4.320437e-03
4.326172e-03
4.331911e-03
4.337654e-03
4.343400e-03
4.349151e-03
4.354905e-03
4.360663e-03
4.366425e-03
4.372190e-03
4.377960e-03
4.383733e-03
4.389510e-03
4.395291e-03
4.401075e-03
4.406863e-03
4.412656e-03
4.418452e-03
4.424251e-03
4.430055e-03
4.435862e-03
4.441009e-03
4.446136e-03
4.451245e-03
4.456334e-03
4.461405e-03
4.466457e-03
4.471489e-03
4.476503e-03
4.481498e-03
4.486474e-03
4.491430e-03
4.496368e-03
4.501287e-03
4.506187e-03
4.511068e-03
4.515930e-03
4.520773e-03
4.525597e-03
4.530402e-03
4.535188e-03
4.539956e-03
4.544704e-03
4.549433e-03
4.554143e-03
4.558835e-03
4.563507e-03
4.568161e-03
4.572795e-03
4.577411e-03
4.582007e-03
4.586585e-03
4.591143e-03
4.595683e-03
4.600204e-03
4.604705e-03
4.609188e-03
4.613652e-03
4.618097e-03
4.622523e-03
4.626929e-03
4.631317e-03
4.635686e-03
4.640036e-03
4.644367e-03
4.648679e-03
4.652973e-03
4.657247e-03
4.661502e-03
4.665738e-03
4.669955e-03
4.674154e-03
4.678333e-03
4.682494e-03
4.686635e-03
4.690757e-03
4.694861e-03
4.698945e-03
4.703011e-03
4.707058e-03
4.711085e-03
4.715094e-03
4.719084e-03
4.723054e-03
4.727006e-03
4.730939e-03
4.734853e-03
4.738748e-03
4.742624e-03
4.746481e-03
4.750319e-03
4.754138e-03
4.757938e-03
4.761719e-03
4.765481e-03
4.769225e-03
4.772949e-03
4.776654e-03
4.780340e-03
4.784008e-03
4.787656e-03
4.791286e-03
4.794896e-03
4.798488e-03
4.802060e-03
4.805614e-03
4.809148e-03
4.812664e-03
4.816161e-03
4.819638e-03
4.823097e-03
4.826537e-03
4.829958e-03
4.833360e-03
4.836743e-03
4.840107e-03
4.843452e-03
4.846778e-03
4.850085e-03
4.853373e-03
4.856642e-03
4.859892e-03
4.863123e-03
4.866336e-03
4.869529e-03
4.872703e-03
4.875859e-03
4.878995e-03
4.882112e-03
4.885211e-03
4.888290e-03
4.891351e-03
4.894393e-03
4.897415e-03
4.900419e-03
4.903404e-03
4.906369e-03
4.909316e-03
4.912244e-03
4.915153e-03
4.918043e-03
4.920914e-03
4.923766e-03
4.926599e-03
4.929413e-03
4.932208e-03
4.934984e-03
4.937741e-03
4.940479e-03
4.943198e-03
4.945899e-03
4.948580e-03
4.951242e-03
4.953886e-03
4.956510e-03
4.959115e-03
4.961702e-03
4.964269e-03
4.966818e-03
4.969348e-03
4.971858e-03
4.974350e-03
4.976823e-03
4.979276e-03
4.981711e-03
4.984127e-03
4.986524e-03
4.988902e-03
4.991261e-03
4.993601e-03
4.995922e-03
4.998224e-03
5.000507e-03
5.002771e-03
5.005016e-03
5.007242e-03
5.009450e-03
5.011638e-03
5.013807e-03
5.015957e-03
5.018089e-03
5.020201e-03
5.022295e-03
5.024369e-03
5.026425e-03
5.028461e-03
5.030479e-03
5.032478e-03
5.034457e-03
5.036418e-03
5.038360e-03
5.040283e-03
5.042186e-03
5.044071e-03
5.045937e-03
5.047784e-03
5.049612e-03
5.051421e-03
5.053211e-03
5.054982e-03
5.056734e-03
5.058468e-03
5.060182e-03
5.061877e-03
5.063553e-03
5.065211e-03
5.066849e-03
5.068468e-03
5.070069e-03
5.071650e-03
5.073213e-03
5.074756e-03
5.076281e-03
5.077786e-03
5.079273e-03
5.080741e-03
5.082190e-03
5.083619e-03
5.085030e-03
5.086422e-03
5.087795e-03
5.089149e-03
5.090484e-03
5.091800e-03
5.093097e-03
5.094375e-03
5.095634e-03
5.096874e-03
5.098095e-03
5.099297e-03
5.100481e-03
5.101645e-03
5.102790e-03
5.103917e-03
5.105024e-03
5.106112e-03
5.107182e-03
5.108232e-03
5.109264e-03
5.110277e-03
5.111270e-03
5.112245e-03
5.113201e-03
5.114137e-03
5.115055e-03
5.115954e-03
5.116834e-03
5.117695e-03
5.118537e-03
5.119359e-03
5.120163e-03
5.120949e-03
5.121715e-03
5.122462e-03
5.123190e-03
5.123899e-03
5.124589e-03
5.125261e-03
5.125913e-03
5.126546e-03
5.127161e-03
5.127756e-03
5.128332e-03
5.128890e-03
5.129428e-03
5.129948e-03
5.130449e-03
5.130930e-03
5.131393e-03
5.131837e-03
5.132261e-03
5.132667e-03
5.133054e-03
5.133422e-03
5.133771e-03
5.134101e-03
5.134412e-03
5.134704e-03
5.134977e-03
5.135231e-03
5.135466e-03
5.135682e-03
5.135879e-03
5.136057e-03
5.136217e-03
5.136357e-03
5.136478e-03
5.136581e-03
5.136664e-03
5.136728e-03
5.136774e-03
5.136800e-03
5.136808e-03
5.136797e-03
5.136766e-03
5.136717e-03
5.136649e-03
5.136561e-03
5.136455e-03
5.136330e-03
5.136186e-03
5.136023e-03
5.135841e-03
5.135640e-03
5.135420e-03
5.135181e-03
5.134923e-03
5.134646e-03
5.134350e-03
5.134035e-03
5.133702e-03
5.133349e-03
5.132977e-03
5.132587e-03
5.132177e-03
5.131748e-03
5.131301e-03
5.130834e-03
5.130349e-03
5.129844e-03
5.129321e-03
5.129001e-03
5.129001e-03
5.129001e-03
5.129001e-03
5.129001e-03
5.129001e-03
5.129001e-03
5.129001e-03
5.129001e-03
5.129001e-03
5.129001e-03
5.129001e-03
5.129001e-03
5.129001e-03
5.129001e-03
5.129001e-03
5.129001e-03
5.129001e-03
5.129001e-03
5.129001e-03
5.129001e-03
5.129001e-03
5.129001e-03
5.129001e-03
5.129001e-03
5.129001e-03
5.129001e-03
5.129001e-03
5.129001e-03
5.129001e-03
5.129001e-03
5.129001e-03
5.129001e-03
5.129001e-03
5.129001e-03
5.129001e-03
5.129001e-03
5.129001e-03
5.129001e-03
5.129001e-03
5.129001e-03
5.129001e-03
5.129001e-03
5.129001e-03
5.129001e-03
5.129001e-03
5.129001e-03
5.129001e-03
5.129001e-03
5.129001e-03
5.129001e-03
5.129001e-03
5.129001e-03
5.129001e-03
5.129001e-03
5.129001e-03
5.129001e-03
5.129001e-03
5.129001e-03
5.129001e-03
5.129001e-03
5.129001e-03
5.129001e-03
5.129001e-03
5.129001e-03
5.129001e-03
5.129001e-03
5.129001e-03
5.129001e-03
5.129001e-03
5.129001e-03
5.129001e-03
5.129001e-03
5.129001e-03
5.129001e-03
5.129001e-03
5.129001e-03
5.129001e-03
5.129001e-03
5.129001e-03
5.129001e-03
5.129001e-03
5.129001e-03
5.129001e-03
5.129001e-03
5.129001e-03
5.129001e-03
5.129001e-03
5.129001e-03
5.129001e-03
5.129001e-03
5.129001e-03
5.129001e-03
5.129001e-03
5.129001e-03
5.129001e-03
5.129001e-03
5.129001e-03
5.129001e-03
5.129001e-03
5.129001e-03
5.129001e-03
5.129001e-03
5.129001e-03
5.129001e-03
5.129001e-03
5.129001e-03
5.129001e-03
5.129001e-03
5.129001e-03
5.129001e-03
5.129001e-03
5.129001e-03
5.129001e-03
5.129001e-03
5.129001e-03
5.129001e-03
5.129001e-03
5.129001e-03
5.129001e-03
5.129001e-03
5.129001e-03
5.129001e-03
5.129001e-03
5.129001e-03
5.129001e-03
5.129001e-03
5.129001e-03
5.129001e-03
5.129001e-03
5.129001e-03
5.129001e-03
5.129001e-03
5.129001e-03
5.129001e-03
5.129001e-03
5.129001e-03
5.129001e-03
5.129001e-03
5.129001e-03
5.129001e-03
5.129001e-03
5.129001e-03
5.129001e-03
5.129001e-03
5.129001e-03
5.129001e-03
5.129001e-03
5.129001e-03
5.129001e-03
5.129001e-03
5.129001e-03
5.129001e-03
5.129001e-03
5.129001e-03
5.129001e-03
5.129001e-03
5.129001e-03
5.129001e-03
5.129001e-03
5.129001e-03
5.129001e-03
5.129001e-03
5.129001e-03
5.129001e-03
5.129001e-03
5.129001e-03
5.129001e-03
5.129001e-03
5.129001e-03
5.129001e-03
5.129001e-03
5.129001e-03
5.129001e-03
5.129001e-03
5.129001e-03
5.129001e-03
5.129001e-03
5.129001e-03
5.129001e-03
5.129001e-03
5.129001e-03
5.129001e-03
5.129001e-03
5.129001e-03
5.129001e-03
5.129001e-03
5.129001e-03
5.129001e-03
5.129001e-03
5.129001e-03
5.129001e-03
5.129001e-03
5.129001e-03
5.129001e-03
5.129001e-03
5.129001e-03
5.129001e-03
5.129001e-03
5.129001e-03
5.129001e-03
