0.000000e+00
1.110371e-07
2.266436e-07
3.468195e-07
4.715649e-07
6.008797e-07
7.347639e-07
8.732176e-07
1.016241e-06
1.163833e-06
1.315995e-06
1.472726e-06
1.634027e-06
1.799897e-06
1.970337e-06
2.145346e-06
2.324925e-06
2.509073e-06
2.697790e-06
2.891077e-06
3.088933e-06
3.291359e-06
3.498354e-06
3.709918e-06
3.926052e-06
4.146755e-06
4.372028e-06
4.601870e-06
4.836282e-06
5.075263e-06
5.318814e-06
5.566933e-06
5.819623e-06
6.076882e-06
6.338710e-06
6.605107e-06
6.876074e-06
7.151611e-06
7.431717e-06
7.716392e-06
8.005637e-06
8.299451e-06
8.597835e-06
8.900788e-06
9.208310e-06
9.520402e-06
9.837063e-06
1.015829e-05
1.048409e-05
1.081446e-05
1.114940e-05
1.148891e-05
1.183299e-05
1.218164e-05
1.253485e-05
1.289264e-05
1.325500e-05
1.362192e-05
1.399341e-05
1.436948e-05
1.475011e-05
1.513531e-05
1.552509e-05
1.591943e-05
1.631834e-05
1.672182e-05
1.712987e-05
1.754249e-05
1.795968e-05
1.838144e-05
1.880776e-05
1.923866e-05
1.967413e-05
2.011416e-05
2.055877e-05
2.100794e-05
2.146169e-05
2.192000e-05
2.238288e-05
2.285034e-05
2.332236e-05
2.379895e-05
2.428011e-05
2.476584e-05
2.525614e-05
2.575101e-05
2.625045e-05
2.675445e-05
2.726303e-05
2.777618e-05
2.829389e-05
2.881618e-05
2.934304e-05
2.987446e-05
3.041045e-05
3.095102e-05
3.149615e-05
3.204585e-05
3.260012e-05
3.315896e-05
3.372237e-05
3.429035e-05
3.486290e-05
3.544002e-05
3.602171e-05
3.660797e-05
3.719879e-05
3.779419e-05
3.839416e-05
3.899869e-05
3.960780e-05
4.022147e-05
4.083971e-05
4.146253e-05
4.208991e-05
4.272186e-05
4.335838e-05
4.399947e-05
4.464513e-05
4.529536e-05
4.595016e-05
4.660953e-05
4.727347e-05
4.794198e-05
4.861505e-05
4.929270e-05
4.997491e-05
5.066170e-05
5.135305e-05
5.204898e-05
5.274947e-05
5.345453e-05
5.416416e-05
5.487837e-05
5.559714e-05
5.632048e-05
5.704839e-05
5.778087e-05
5.851792e-05
5.925953e-05
6.000572e-05
6.075648e-05
6.151180e-05
6.227170e-05
6.303617e-05
6.380520e-05
6.457880e-05
6.535698e-05
6.613972e-05
6.692703e-05
6.771891e-05
6.851537e-05
6.931639e-05
7.012198e-05
7.093214e-05
7.174686e-05
7.256616e-05
7.339003e-05
7.421847e-05
7.505147e-05
7.588905e-05
7.673120e-05
7.757791e-05
7.842920e-05
7.928505e-05
8.014547e-05
8.101046e-05
8.188003e-05
8.275416e-05
8.363286e-05
8.451613e-05
8.540397e-05
8.629638e-05
8.719336e-05
8.809491e-05
8.900102e-05
8.991171e-05
9.082697e-05
9.174679e-05
9.267119e-05
9.360015e-05
9.453369e-05
9.547179e-05
9.641446e-05
9.736170e-05
9.831352e-05
9.926990e-05
1.002308e-04
1.011964e-04
1.021665e-04
1.031411e-04
1.041203e-04
1.051041e-04
1.060925e-04
1.070854e-04
1.080830e-04
1.090850e-04
1.100917e-04
1.111029e-04
1.121187e-04
1.131390e-04
1.141639e-04
1.151934e-04
1.162275e-04
1.172661e-04
1.183093e-04
1.193571e-04
1.204094e-04
1.214663e-04
1.225278e-04
1.235939e-04
1.246645e-04
1.257397e-04
1.268194e-04
1.279038e-04
1.289927e-04
1.300861e-04
1.311841e-04
1.322868e-04
1.333939e-04
1.345057e-04
1.356220e-04
1.367429e-04
1.378683e-04
1.389983e-04
1.401329e-04
1.412721e-04
1.424158e-04
1.435641e-04
1.447170e-04
1.458744e-04
1.470364e-04
1.482030e-04
1.493741e-04
1.505498e-04
1.517301e-04
1.529150e-04
1.541044e-04
1.552984e-04
1.564969e-04
1.577001e-04
1.589078e-04
1.601200e-04
1.613369e-04
1.625583e-04
1.637843e-04
1.650148e-04
1.662499e-04
1.674896e-04
1.687339e-04
1.699827e-04
1.712361e-04
1.724941e-04
1.737566e-04
1.750237e-04
1.762954e-04
1.775716e-04
1.788524e-04
1.801378e-04
1.814277e-04
1.827223e-04
1.840214e-04
1.853250e-04
1.866332e-04
1.879460e-04
1.892634e-04
1.905853e-04
1.919118e-04
1.932429e-04
1.945786e-04
1.959188e-04
1.972636e-04
1.986129e-04
1.999668e-04
2.013253e-04
2.026884e-04
2.040560e-04
2.054282e-04
2.068050e-04
2.081863e-04
2.095722e-04
2.109627e-04
2.123577e-04
2.137574e-04
2.151615e-04
2.165703e-04
2.179836e-04
2.194015e-04
2.208240e-04
2.222510e-04
2.236826e-04
2.251188e-04
2.265595e-04
2.280048e-04
2.294547e-04
2.309092e-04
2.323682e-04
2.338318e-04
2.352999e-04
2.367726e-04
2.382499e-04
2.397318e-04
2.412182e-04
2.427093e-04
2.442048e-04
2.457050e-04
2.472097e-04
2.487190e-04
2.502328e-04
2.517512e-04
2.532742e-04
2.548018e-04
2.563339e-04
2.578706e-04
2.594119e-04
2.609577e-04
2.625081e-04
2.640631e-04
2.656226e-04
2.671868e-04
2.687554e-04
2.703287e-04
2.719065e-04
2.734889e-04
2.750759e-04
2.766674e-04
2.782635e-04
2.798642e-04
2.814694e-04
2.830792e-04
2.846936e-04
2.863126e-04
2.879361e-04
2.895642e-04
2.911968e-04
2.928340e-04
2.944758e-04
2.961222e-04
2.977731e-04
2.994286e-04
3.010887e-04
3.027534e-04
3.044226e-04
3.060963e-04
3.077747e-04
3.094576e-04
3.111451e-04
3.128372e-04
3.145338e-04
3.162350e-04
3.179408e-04
3.196511e-04
3.213660e-04
3.230855e-04
3.248095e-04
3.265381e-04
3.282713e-04
3.300091e-04
3.317514e-04
3.334983e-04
3.352498e-04
3.370058e-04
3.387664e-04
3.405316e-04
3.423013e-04
3.440756e-04
3.458545e-04
3.476379e-04
3.494259e-04
3.512185e-04
3.530157e-04
3.548174e-04
3.566237e-04
3.584346e-04
3.602500e-04
3.620700e-04
3.638946e-04
3.657237e-04
3.675574e-04
3.693957e-04
3.712386e-04
3.730860e-04
3.749380e-04
3.767945e-04
3.786557e-04
3.805214e-04
3.823916e-04
3.842665e-04
3.861459e-04
3.880298e-04
3.899184e-04
3.918115e-04
3.937092e-04
3.956114e-04
3.975183e-04
3.994296e-04
4.013456e-04
4.032661e-04
4.051912e-04
4.071209e-04
4.090551e-04
4.109940e-04
4.129373e-04
4.148853e-04
4.168378e-04
4.187949e-04
4.207565e-04
4.227228e-04
4.246936e-04
4.266689e-04
4.286488e-04
4.306334e-04
4.326224e-04
4.346161e-04
4.366143e-04
4.386171e-04
4.406244e-04
4.426363e-04
4.446528e-04
4.466739e-04
4.486995e-04
4.507297e-04
4.527645e-04
4.548038e-04
4.568477e-04
4.588962e-04
4.609492e-04
4.630068e-04
4.650690e-04
4.671358e-04
4.692071e-04
4.712830e-04
4.733634e-04
4.754485e-04
4.775381e-04
4.796322e-04
4.817310e-04
4.838343e-04
4.859422e-04
4.880546e-04
4.901716e-04
4.922932e-04
4.944194e-04
4.965501e-04
4.986854e-04
5.008252e-04
5.029697e-04
5.051187e-04
5.072722e-04
5.094304e-04
5.115931e-04
5.137604e-04
5.159322e-04
5.181086e-04
5.202896e-04
5.224752e-04
5.246653e-04
5.268600e-04
5.290593e-04
5.312631e-04
5.334715e-04
5.356845e-04
5.379020e-04
5.401241e-04
5.423508e-04
5.445821e-04
5.468179e-04
5.490583e-04
5.513032e-04
5.535528e-04
5.558069e-04
5.580655e-04
5.603288e-04
5.625966e-04
5.648690e-04
5.671459e-04
5.694274e-04
5.717135e-04
5.740042e-04
5.762994e-04
5.785992e-04
5.809035e-04
5.832125e-04
5.855260e-04
5.878440e-04
5.901667e-04
5.924939e-04
5.948257e-04
5.971620e-04
5.995029e-04
6.018484e-04
6.041985e-04
6.065531e-04
6.089123e-04
6.112761e-04
6.136444e-04
6.160173e-04
6.183948e-04
6.207768e-04
6.231634e-04
6.255546e-04
6.279504e-04
6.303507e-04
6.327556e-04
6.351650e-04
6.375791e-04
6.399977e-04
6.424208e-04
6.448486e-04
6.472809e-04
6.497177e-04
6.521592e-04
6.546052e-04
6.570558e-04
6.595109e-04
6.619707e-04
6.644350e-04
6.669038e-04
6.693773e-04
6.718553e-04
6.743378e-04
6.768250e-04
6.793167e-04
6.818129e-04
6.843138e-04
6.868192e-04
6.893292e-04
6.918438e-04
6.943629e-04
6.968866e-04
6.994148e-04
7.019477e-04
7.044851e-04
7.070270e-04
7.095736e-04
7.121247e-04
7.146804e-04
7.172406e-04
7.198055e-04
7.223748e-04
7.249488e-04
7.275273e-04
7.301104e-04
7.326981e-04
7.352903e-04
7.378871e-04
7.404885e-04
7.430945e-04
7.457050e-04
7.483201e-04
7.509397e-04
7.535639e-04
7.561927e-04
7.588261e-04
7.614640e-04
7.641065e-04
7.667536e-04
7.694052e-04
7.720614e-04
7.747222e-04
7.773875e-04
7.800575e-04
7.827320e-04
7.854110e-04
7.880946e-04
7.907828e-04
7.934756e-04
7.961729e-04
7.988748e-04
8.015813e-04
8.042923e-04
8.070079e-04
8.097281e-04
8.124529e-04
8.151822e-04
8.179161e-04
8.206545e-04
8.233976e-04
8.261452e-04
8.288973e-04
8.316541e-04
8.344154e-04
8.371812e-04
8.399517e-04
8.427267e-04
8.455063e-04
8.482904e-04
8.510792e-04
8.538725e-04
8.566703e-04
8.594727e-04
8.622797e-04
8.650913e-04
8.679074e-04
8.707282e-04
8.735534e-04
8.763833e-04
8.792177e-04
8.820567e-04
8.849002e-04
8.877484e-04
8.906011e-04
8.934583e-04
8.963201e-04
8.991866e-04
9.020575e-04
9.049331e-04
9.078132e-04
9.106979e-04
9.135871e-04
9.164809e-04
9.193793e-04
9.222823e-04
9.251898e-04
9.281019e-04
9.310186e-04
9.339398e-04
9.368656e-04
9.397960e-04
9.427309e-04
9.456704e-04
9.486145e-04
9.515632e-04
9.545164e-04
9.574742e-04
9.604365e-04
9.634035e-04
9.663750e-04
9.693510e-04
9.723317e-04
9.753169e-04
9.783066e-04
9.813010e-04
9.842999e-04
9.873034e-04
9.903114e-04
9.933241e-04
9.963413e-04
9.993630e-04
1.002389e-03
1.005420e-03
1.008456e-03
1.011496e-03
1.014540e-03
1.017590e-03
1.020643e-03
1.023702e-03
1.026765e-03
1.029832e-03
1.032904e-03
1.035981e-03
1.039062e-03
1.042147e-03
1.045238e-03
1.048333e-03
1.051432e-03
1.054536e-03
1.057645e-03
1.060758e-03
1.063876e-03
1.066998e-03
1.070125e-03
1.073256e-03
1.076392e-03
1.079533e-03
1.082678e-03
1.085828e-03
1.088982e-03
1.092141e-03
1.095304e-03
1.098472e-03
1.101645e-03
1.104822e-03
1.108003e-03
1.111190e-03
1.114381e-03
1.117576e-03
1.120776e-03
1.123980e-03
1.127190e-03
1.130403e-03
1.133621e-03
1.136844e-03
1.140072e-03
1.143304e-03
1.146540e-03
1.149781e-03
1.153027e-03
1.156277e-03
1.159532e-03
1.162791e-03
1.166055e-03
1.169324e-03
1.172597e-03
1.175875e-03
1.179157e-03
1.182444e-03
1.185735e-03
1.189031e-03
1.192331e-03
1.195636e-03
1.198946e-03
1.202260e-03
1.205579e-03
1.208902e-03
1.212230e-03
1.215563e-03
1.218900e-03
1.222241e-03
1.225588e-03
1.228938e-03
1.232294e-03
1.235654e-03
1.239018e-03
1.242387e-03
1.245761e-03
1.249139e-03
1.252522e-03
1.255909e-03
1.259301e-03
1.262697e-03
1.266098e-03
1.269504e-03
1.272914e-03
1.276329e-03
1.279748e-03
1.283172e-03
1.286600e-03
1.290033e-03
1.293471e-03
1.296913e-03
1.300360e-03
1.303811e-03
1.307267e-03
1.310727e-03
1.314192e-03
1.317662e-03
1.321136e-03
1.324615e-03
1.328098e-03
1.331586e-03
1.335078e-03
1.338575e-03
1.342077e-03
1.345583e-03
1.349094e-03
1.352609e-03
1.356129e-03
1.359653e-03
1.363182e-03
1.366716e-03
1.370254e-03
1.373797e-03
1.377344e-03
1.380896e-03
1.384452e-03
1.388013e-03
1.391578e-03
1.395149e-03
1.398723e-03
1.402302e-03
1.405886e-03
1.409475e-03
1.413068e-03
1.416665e-03
1.420267e-03
1.423874e-03
1.427485e-03
1.431101e-03
1.434721e-03
1.438346e-03
1.441976e-03
1.445610e-03
1.449248e-03
1.452891e-03
1.456539e-03
1.460192e-03
1.463849e-03
1.467510e-03
1.471176e-03
1.474847e-03
1.478522e-03
1.482202e-03
1.485886e-03
1.489575e-03
1.493268e-03
1.496966e-03
1.500669e-03
1.504376e-03
1.508088e-03
1.511804e-03
1.515525e-03
1.519251e-03
1.522981e-03
1.526715e-03
1.530454e-03
1.534198e-03
1.537946e-03
1.541699e-03
1.545457e-03
1.549219e-03
1.552985e-03
1.556756e-03
1.560532e-03
1.564312e-03
1.568097e-03
1.571887e-03
1.575681e-03
1.579479e-03
1.583282e-03
1.587090e-03
1.590902e-03
1.594719e-03
1.598541e-03
1.602367e-03
1.606197e-03
1.610032e-03
1.613872e-03
1.617716e-03
1.621565e-03
1.625418e-03
1.629276e-03
1.633139e-03
1.637006e-03
1.640878e-03
1.644754e-03
1.648635e-03
1.652520e-03
1.656410e-03
1.660305e-03
1.664204e-03
1.668107e-03
1.672016e-03
1.675928e-03
1.679846e-03
1.683768e-03
1.687694e-03
1.691625e-03
1.695561e-03
1.699501e-03
1.703446e-03
1.707395e-03
1.711349e-03
1.715308e-03
1.719271e-03
1.723238e-03
1.727211e-03
1.731187e-03
1.735169e-03
1.739155e-03
1.743145e-03
1.747140e-03
1.751140e-03
1.755144e-03
1.759153e-03
1.763166e-03
1.767184e-03
1.771206e-03
1.775234e-03
1.779265e-03
1.783301e-03
1.787342e-03
1.791387e-03
1.795437e-03
1.799492e-03
1.803551e-03
1.807614e-03
1.811682e-03
1.815755e-03
1.819833e-03
1.823914e-03
1.828001e-03
1.832092e-03
1.836187e-03
1.840288e-03
1.844392e-03
1.848502e-03
1.852615e-03
1.856734e-03
1.860857e-03
1.864984e-03
1.869117e-03
1.873253e-03
1.877394e-03
1.881540e-03
1.885691e-03
1.889846e-03
1.894005e-03
1.898169e-03
1.902338e-03
1.906511e-03
1.910689e-03
1.914872e-03
1.919059e-03
1.923250e-03
1.927446e-03
1.931647e-03
1.935852e-03
1.940062e-03
1.944276e-03
1.948495e-03
1.952719e-03
1.956947e-03
1.961180e-03
1.965417e-03
1.969659e-03
1.973905e-03
1.978156e-03
1.982411e-03
1.986671e-03
1.990936e-03
1.995205e-03
1.999479e-03
2.003757e-03
2.008040e-03
2.012328e-03
2.016620e-03
2.020917e-03
2.025218e-03
2.029524e-03
2.033834e-03
2.038149e-03
2.042468e-03
2.046792e-03
2.051121e-03
2.055454e-03
2.059792e-03
2.064134e-03
2.068481e-03
2.072833e-03
2.077189e-03
2.081549e-03
2.085914e-03
2.090284e-03
2.094658e-03
2.099037e-03
2.103421e-03
2.107809e-03
2.112201e-03
2.116599e-03
2.121000e-03
2.125407e-03
2.129817e-03
2.134233e-03
2.138653e-03
2.143077e-03
2.147507e-03
2.151940e-03
2.156379e-03
2.160821e-03
2.165269e-03
2.169721e-03
2.174177e-03
2.178639e-03
2.183104e-03
2.187575e-03
2.192049e-03
2.196529e-03
2.201013e-03
2.205501e-03
2.209994e-03
2.214492e-03
2.218994e-03
2.223501e-03
2.228013e-03
2.232529e-03
2.237049e-03
2.241574e-03
2.246104e-03
2.250638e-03
2.255177e-03
2.259720e-03
2.264268e-03
2.268821e-03
2.273378e-03
2.277940e-03
2.282506e-03
2.287077e-03
2.291652e-03
2.296232e-03
2.300816e-03
2.305405e-03
2.309999e-03
2.314597e-03
2.319200e-03
2.323807e-03
2.328419e-03
2.333036e-03
2.337657e-03
2.342283e-03
2.346913e-03
2.351548e-03
2.356187e-03
2.360831e-03
2.365479e-03
2.370132e-03
2.374790e-03
2.379452e-03
2.384119e-03
2.388790e-03
2.393466e-03
2.398147e-03
2.402832e-03
2.407521e-03
2.412215e-03
2.416914e-03
2.421617e-03
2.426325e-03
2.431038e-03
2.435755e-03
2.440476e-03
2.445203e-03
2.449933e-03
2.454669e-03
2.459408e-03
2.464153e-03
2.468902e-03
2.473655e-03
2.478414e-03
2.483176e-03
2.487944e-03
2.492715e-03
2.497492e-03
2.502273e-03
2.507058e-03
2.511849e-03
2.516643e-03
2.521442e-03
2.526246e-03
2.531055e-03
2.535868e-03
2.540685e-03
2.545507e-03
2.550334e-03
2.555165e-03
2.560001e-03
2.564842e-03
2.569687e-03
2.574536e-03
2.579390e-03
2.584249e-03
2.589112e-03
2.593980e-03
2.598852e-03
2.603729e-03
2.608611e-03
2.613497e-03
2.618387e-03
2.623283e-03
2.628182e-03
2.633087e-03
2.637996e-03
2.642909e-03
2.647827e-03
2.652750e-03
2.657677e-03
2.662609e-03
2.667545e-03
2.672486e-03
2.677432e-03
2.682382e-03
2.687336e-03
2.692296e-03
2.697259e-03
2.702228e-03
2.707201e-03
2.712178e-03
2.717160e-03
2.722147e-03
2.727138e-03
2.732134e-03
2.737134e-03
2.742139e-03
2.747148e-03
2.752162e-03
2.757181e-03
2.762204e-03
2.767232e-03
2.772264e-03
2.777301e-03
2.782343e-03
2.787389e-03
2.792439e-03
2.797494e-03
2.802554e-03
2.807618e-03
2.812687e-03
2.817761e-03
2.822839e-03
2.827921e-03
2.833008e-03
2.838100e-03
2.843196e-03
2.848297e-03
2.853403e-03
2.858513e-03
2.863627e-03
2.868746e-03
2.873870e-03
2.878998e-03
2.884131e-03
2.889269e-03
2.894411e-03
2.899557e-03
2.904708e-03
2.909864e-03
2.915024e-03
2.920189e-03
2.925358e-03
2.930532e-03
2.935711e-03
2.940894e-03
2.946082e-03
2.951274e-03
2.956471e-03
2.961672e-03
2.966878e-03
2.972089e-03
2.977304e-03
2.982523e-03
2.987748e-03
2.992976e-03
2.998210e-03
3.003448e-03
3.008690e-03
3.013937e-03
3.019189e-03
3.024445e-03
3.029706e-03
3.034971e-03
3.040241e-03
3.045516e-03
3.050795e-03
3.056078e-03
3.061366e-03
3.066659e-03
3.071957e-03
3.077259e-03
3.082565e-03
3.087876e-03
3.093192e-03
3.098512e-03
3.103837e-03
3.109166e-03
3.114500e-03
3.119838e-03
3.125181e-03
3.130529e-03
3.135881e-03
3.141238e-03
3.146599e-03
3.151965e-03
3.157335e-03
3.162710e-03
3.168090e-03
3.173474e-03
3.178863e-03
3.184256e-03
3.189654e-03
3.195057e-03
3.200464e-03
3.205875e-03
3.211291e-03
3.216712e-03
3.222137e-03
3.227567e-03
3.233002e-03
3.238440e-03
3.243884e-03
3.249332e-03
3.254785e-03
3.260242e-03
3.265704e-03
3.271170e-03
3.276641e-03
3.282117e-03
3.287597e-03
3.293082e-03
3.298571e-03
3.304065e-03
3.309563e-03
3.315066e-03
3.320574e-03
3.326086e-03
3.331602e-03
3.337124e-03
3.342649e-03
3.348180e-03
3.353715e-03
3.359254e-03
3.364798e-03
3.370347e-03
3.375900e-03
3.381458e-03
3.387020e-03
3.392587e-03
3.398159e-03
3.403735e-03
3.409316e-03
3.414901e-03
3.420491e-03
3.426085e-03
3.431684e-03
3.437287e-03
3.442895e-03
3.448508e-03
3.454125e-03
3.459747e-03
3.465373e-03
3.471004e-03
3.476640e-03
3.482280e-03
3.487924e-03
3.493574e-03
3.499227e-03
3.504886e-03
3.510549e-03
3.516216e-03
3.521888e-03
3.527565e-03
3.533246e-03
3.538932e-03
3.544622e-03
3.550317e-03
3.556016e-03
3.561720e-03
3.567429e-03
3.573142e-03
3.578860e-03
3.584582e-03
3.590309e-03
3.596040e-03
3.601776e-03
3.607517e-03
3.613262e-03
3.619012e-03
3.624766e-03
3.630525e-03
3.636288e-03
3.642056e-03
3.647829e-03
3.653606e-03
3.659388e-03
3.665174e-03
3.670965e-03
3.676760e-03
3.682560e-03
3.688365e-03
3.694174e-03
3.699987e-03
3.705806e-03
3.711628e-03
3.717456e-03
3.723288e-03
3.729124e-03
3.734965e-03
3.740811e-03
3.746661e-03
3.752516e-03
3.758376e-03
3.764239e-03
3.770108e-03
3.775981e-03
3.781859e-03
3.787741e-03
3.793628e-03
3.799519e-03
3.805415e-03
3.811316e-03
3.817221e-03
3.823130e-03
3.829044e-03
3.834963e-03
3.840887e-03
3.846815e-03
3.852747e-03
3.858684e-03
3.864626e-03
3.870572e-03
3.876523e-03
3.882478e-03
3.888438e-03
3.894402e-03
3.900371e-03
3.906345e-03
3.912323e-03
3.918306e-03
3.924293e-03
3.930285e-03
3.936282e-03
3.942283e-03
3.948288e-03
3.954298e-03
3.960313e-03
3.966332e-03
3.972356e-03
3.978385e-03
3.984418e-03
3.990455e-03
3.996498e-03
4.002544e-03
4.008596e-03
4.014651e-03
4.020712e-03
4.026777e-03
4.032846e-03
4.038921e-03
4.044999e-03
4.051083e-03
4.057170e-03
4.063263e-03
4.069360e-03
4.075461e-03
4.081567e-03
4.087678e-03
4.093793e-03
4.099913e-03
4.106038e-03
4.112167e-03
4.118300e-03
4.124438e-03
4.130581e-03
4.136728e-03
4.142880e-03
4.149036e-03
4.155197e-03
4.161363e-03
4.167533e-03
4.173708e-03
4.179887e-03
4.186071e-03
4.192259e-03
4.198452e-03
4.204650e-03
4.210852e-03
4.217058e-03
4.223270e-03
4.229485e-03
4.235706e-03
4.241931e-03
4.248160e-03
4.254394e-03
4.260633e-03
4.266876e-03
4.273124e-03
4.279376e-03
4.285633e-03
4.291895e-03
4.298161e-03
4.304431e-03
4.310706e-03
4.316986e-03
4.323271e-03
4.329559e-03
4.335853e-03
4.342151e-03
4.348454e-03
4.354761e-03
4.361072e-03
4.367389e-03
4.373710e-03
4.380035e-03
4.386365e-03
4.392700e-03
4.399039e-03
4.405383e-03
4.411731e-03
4.418084e-03
4.424441e-03
4.430803e-03
4.437170e-03
4.443541e-03
4.449917e-03
4.456297e-03
4.462682e-03
4.469071e-03
4.475465e-03
4.481864e-03
4.488267e-03
4.494675e-03
4.501087e-03
4.507504e-03
4.513925e-03
4.520351e-03
4.526782e-03
4.533217e-03
4.539657e-03
4.546101e-03
4.552550e-03
4.559003e-03
4.565461e-03
4.571924e-03
4.578391e-03
4.584862e-03
4.591339e-03
4.597820e-03
4.604305e-03
4.610795e-03
4.617289e-03
4.623789e-03
4.630292e-03
4.636800e-03
4.643313e-03
4.649831e-03
4.656353e-03
4.662879e-03
4.669410e-03
4.675946e-03
4.682486e-03
4.689031e-03
4.695580e-03
4.702134e-03
4.708693e-03
4.715256e-03
4.721823e-03
4.728396e-03
4.734972e-03
4.741554e-03
4.748140e-03
4.754730e-03
4.761325e-03
4.767925e-03
4.774529e-03
4.781138e-03
4.787751e-03
4.794369e-03
4.800991e-03
4.807618e-03
4.814250e-03
4.820886e-03
4.827527e-03
4.834172e-03
4.840822e-03
4.847477e-03
4.854136e-03
4.860799e-03
4.867467e-03
4.874140e-03
4.880817e-03
4.887499e-03
4.894186e-03
4.900877e-03
4.907572e-03
4.914273e-03
4.920977e-03
4.927687e-03
4.934400e-03
4.941119e-03
4.947842e-03
4.954569e-03
4.961302e-03
4.968038e-03
4.974780e-03
4.981525e-03
4.988276e-03
4.995031e-03
5.001790e-03
5.008554e-03
5.015323e-03
5.022096e-03
5.028874e-03
5.035657e-03
5.042444e-03
5.049235e-03
5.056031e-03
5.062832e-03
5.069637e-03
5.076447e-03
5.083261e-03
5.090080e-03
5.096904e-03
5.103732e-03
5.110565e-03
5.117402e-03
5.124244e-03
5.131090e-03
5.137941e-03
5.144796e-03
5.151657e-03
5.158521e-03
5.165390e-03
5.172264e-03
5.179143e-03
5.186026e-03
5.192913e-03
5.199805e-03
5.206702e-03
5.213603e-03
5.220509e-03
5.227419e-03
5.234334e-03
5.241253e-03
5.248177e-03
5.255106e-03
5.262039e-03
5.268977e-03
5.275919e-03
5.282866e-03
5.289818e-03
5.296774e-03
5.303070e-03
5.309343e-03
5.315593e-03
5.321821e-03
5.328025e-03
5.334207e-03
5.340366e-03
5.346503e-03
5.352616e-03
5.358707e-03
5.364775e-03
5.370820e-03
5.376843e-03
5.382842e-03
5.388819e-03
5.394773e-03
5.400705e-03
5.406613e-03
5.412499e-03
5.418362e-03
5.424202e-03
5.430019e-03
5.435814e-03
5.441585e-03
5.447334e-03
5.453061e-03
5.458764e-03
5.464445e-03
5.470103e-03
5.475738e-03
5.481350e-03
5.486939e-03
5.492506e-03
5.498050e-03
5.503571e-03
5.509069e-03
5.514545e-03
5.519998e-03
5.525428e-03
5.530835e-03
5.536219e-03
5.541581e-03
5.546920e-03
5.552236e-03
5.557529e-03
5.562800e-03
5.568047e-03
5.573272e-03
5.578474e-03
5.583654e-03
5.588810e-03
5.593944e-03
5.599055e-03
5.604143e-03
5.609208e-03
5.614251e-03
5.619271e-03
5.624268e-03
5.629242e-03
5.634194e-03
5.639122e-03
5.644028e-03
5.648911e-03
5.653772e-03
5.658609e-03
5.663424e-03
5.668216e-03
5.672985e-03
5.677731e-03
5.682455e-03
5.687156e-03
5.691834e-03
5.696489e-03
5.701121e-03
5.705731e-03
5.710318e-03
5.714882e-03
5.719423e-03
5.723942e-03
5.728438e-03
5.732911e-03
5.737361e-03
5.741788e-03
5.746193e-03
5.750575e-03
5.754934e-03
5.759270e-03
5.763583e-03
5.767874e-03
5.772142e-03
5.776387e-03
5.780609e-03
5.784809e-03
5.788985e-03
5.793139e-03
5.797270e-03
5.801379e-03
5.805464e-03
5.809527e-03
5.813567e-03
5.817584e-03
5.821579e-03
5.825551e-03
5.829499e-03
5.833425e-03
5.837329e-03
5.841209e-03
5.845067e-03
5.848902e-03
5.852714e-03
5.856503e-03
5.860270e-03
5.864014e-03
5.867735e-03
5.871433e-03
5.875108e-03
5.878761e-03
5.882391e-03
5.885998e-03
5.889582e-03
5.893144e-03
5.896682e-03
5.900198e-03
5.903691e-03
5.907162e-03
5.910609e-03
5.914034e-03
5.917436e-03
5.920815e-03
5.924172e-03
5.927505e-03
5.930816e-03
5.934104e-03
5.937370e-03
5.940612e-03
5.943832e-03
5.947029e-03
5.950203e-03
5.953354e-03
5.956483e-03
5.959588e-03
5.962671e-03
5.965732e-03
5.968769e-03
5.971784e-03
5.974775e-03
5.977744e-03
5.980691e-03
5.983614e-03
5.986515e-03
5.989393e-03
5.992248e-03
5.995080e-03
5.997890e-03
6.000677e-03
6.003441e-03
6.006182e-03
6.008900e-03
6.011596e-03
6.014269e-03
6.016919e-03
6.019546e-03
6.022150e-03
6.024732e-03
6.027291e-03
6.029827e-03
6.032340e-03
6.034831e-03
6.037299e-03
6.039743e-03
6.042166e-03
6.044565e-03
6.046942e-03
6.049295e-03
6.051626e-03
6.053935e-03
6.056220e-03
6.058483e-03
6.060723e-03
6.062940e-03
6.065134e-03
6.067306e-03
6.069454e-03
6.071580e-03
6.073683e-03
6.075764e-03
6.077821e-03
6.079856e-03
6.081868e-03
6.083857e-03
6.085824e-03
6.087768e-03
6.089688e-03
6.091587e-03
6.093462e-03
6.095314e-03
6.097144e-03
6.098951e-03
6.100735e-03
6.102497e-03
6.104235e-03
6.105951e-03
6.107644e-03
6.109314e-03
6.110962e-03
6.112586e-03
6.114188e-03
6.115767e-03
6.117323e-03
6.118857e-03
6.120368e-03
6.121856e-03
6.123321e-03
6.124763e-03
6.126183e-03
6.127579e-03
6.128953e-03
6.130305e-03
6.131633e-03
6.132939e-03
6.134222e-03
6.135482e-03
6.136719e-03
6.137933e-03
6.139125e-03
6.140294e-03
6.141440e-03
6.142563e-03
6.143664e-03
6.144742e-03
6.145797e-03
6.146829e-03
6.147838e-03
6.148825e-03
6.149789e-03
6.150730e-03
6.151648e-03
6.152544e-03
6.153416e-03
6.154266e-03
6.155093e-03
6.155898e-03
6.156679e-03
6.157438e-03
6.158174e-03
6.158887e-03
6.159578e-03
6.160245e-03
6.160890e-03
6.161512e-03
6.162111e-03
6.162688e-03
6.163242e-03
6.163772e-03
6.164281e-03
6.164766e-03
6.165228e-03
6.165668e-03
6.166085e-03
6.166479e-03
6.166851e-03
6.167199e-03
6.167525e-03
6.167828e-03
6.168108e-03
6.168366e-03
6.168601e-03
6.168812e-03
6.169002e-03
6.169168e-03
6.169311e-03
6.169432e-03
6.169530e-03
6.169605e-03
6.169658e-03
6.169687e-03
6.169694e-03
6.169678e-03
6.169639e-03
6.169578e-03
6.169493e-03
6.169386e-03
6.169256e-03
6.169104e-03
6.168928e-03
6.168730e-03
6.168509e-03
6.168265e-03
6.167998e-03
6.167709e-03
6.167397e-03
6.167062e-03
6.166704e-03
6.166324e-03
6.165920e-03
6.165494e-03
6.165045e-03
6.164573e-03
6.164079e-03
6.163562e-03
6.163244e-03
6.163244e-03
6.163244e-03
6.163244e-03
6.163244e-03
6.163244e-03
6.163244e-03
6.163244e-03
6.163244e-03
6.163244e-03
6.163244e-03
6.163244e-03
6.163244e-03
6.163244e-03
6.163244e-03
6.163244e-03
6.163244e-03
6.163244e-03
6.163244e-03
6.163244e-03
6.163244e-03
6.163244e-03
6.163244e-03
6.163244e-03
6.163244e-03
6.163244e-03
6.163244e-03
6.163244e-03
6.163244e-03
6.163244e-03
6.163244e-03
6.163244e-03
6.163244e-03
6.163244e-03
6.163244e-03
6.163244e-03
6.163244e-03
6.163244e-03
6.163244e-03
6.163244e-03
6.163244e-03
6.163244e-03
6.163244e-03
6.163244e-03
6.163244e-03
6.163244e-03
6.163244e-03
6.163244e-03
6.163244e-03
6.163244e-03
6.163244e-03
6.163244e-03
6.163244e-03
6.163244e-03
6.163244e-03
6.163244e-03
6.163244e-03
6.163244e-03
6.163244e-03
6.163244e-03
6.163244e-03
6.163244e-03
6.163244e-03
6.163244e-03
6.163244e-03
6.163244e-03
6.163244e-03
6.163244e-03
6.163244e-03
6.163244e-03
6.163244e-03
6.163244e-03
6.163244e-03
6.163244e-03
6.163244e-03
6.163244e-03
6.163244e-03
6.163244e-03
6.163244e-03
6.163244e-03
6.163244e-03
6.163244e-03
6.163244e-03
6.163244e-03
6.163244e-03
6.163244e-03
6.163244e-03
6.163244e-03
6.163244e-03
6.163244e-03
6.163244e-03
6.163244e-03
6.163244e-03
6.163244e-03
6.163244e-03
6.163244e-03
6.163244e-03
6.163244e-03
6.163244e-03
6.163244e-03
6.163244e-03
6.163244e-03
6.163244e-03
6.163244e-03
6.163244e-03
6.163244e-03
6.163244e-03
6.163244e-03
6.163244e-03
6.163244e-03
6.163244e-03
6.163244e-03
6.163244e-03
6.163244e-03
6.163244e-03
6.163244e-03
6.163244e-03
6.163244e-03
6.163244e-03
6.163244e-03
6.163244e-03
6.163244e-03
6.163244e-03
6.163244e-03
6.163244e-03
6.163244e-03
6.163244e-03
6.163244e-03
6.163244e-03
6.163244e-03
6.163244e-03
6.163244e-03
6.163244e-03
6.163244e-03
6.163244e-03
6.163244e-03
6.163244e-03
6.163244e-03
6.163244e-03
6.163244e-03
6.163244e-03
6.163244e-03
6.163244e-03
6.163244e-03
6.163244e-03
6.163244e-03
6.163244e-03
6.163244e-03
6.163244e-03
6.163244e-03
6.163244e-03
6.163244e-03
6.163244e-03
6.163244e-03
6.163244e-03
6.163244e-03
6.163244e-03
6.163244e-03
6.163244e-03
6.163244e-03
6.163244e-03
6.163244e-03
6.163244e-03
6.163244e-03
6.163244e-03
6.163244e-03
6.163244e-03
6.163244e-03
6.163244e-03
6.163244e-03
6.163244e-03
6.163244e-03
6.163244e-03
6.163244e-03
6.163244e-03
6.163244e-03
6.163244e-03
6.163244e-03
6.163244e-03
6.163244e-03
6.163244e-03
6.163244e-03
6.163244e-03
6.163244e-03
6.163244e-03
6.163244e-03
6.163244e-03
6.163244e-03
6.163244e-03
6.163244e-03
6.163244e-03
6.163244e-03
6.163244e-03
6.163244e-03
6.163244e-03
6.163244e-03
6.163244e-03
6.163244e-03
6.163244e-03
6.163244e-03
6.163244e-03
