0.000000e+00
1.110371e-07
2.269230e-07
3.476576e-07
4.732410e-07
6.036732e-07
7.389542e-07
8.790840e-07
1.024063e-06
1.173890e-06
1.328566e-06
1.488091e-06
1.652465e-06
1.821687e-06
1.995758e-06
2.174678e-06
2.358447e-06
2.547065e-06
2.740531e-06
2.938846e-06
3.142010e-06
3.350023e-06
3.562884e-06
3.780595e-06
4.003154e-06
4.230561e-06
4.462818e-06
4.699923e-06
4.941878e-06
5.188681e-06
5.440332e-06
5.696833e-06
5.958182e-06
6.224380e-06
6.495427e-06
6.771323e-06
7.052067e-06
7.337660e-06
7.628102e-06
7.923393e-06
8.223533e-06
8.528521e-06
8.838358e-06
9.153044e-06
9.472579e-06
9.796962e-06
1.012619e-05
1.046028e-05
1.079921e-05
1.114298e-05
1.149161e-05
1.184509e-05
1.220341e-05
1.256659e-05
1.293461e-05
1.330748e-05
1.368520e-05
1.406777e-05
1.445519e-05
1.484745e-05
1.524457e-05
1.564653e-05
1.605334e-05
1.646501e-05
1.688152e-05
1.730288e-05
1.772908e-05
1.816014e-05
1.859605e-05
1.903680e-05
1.948240e-05
1.993285e-05
2.038815e-05
2.084830e-05
2.131330e-05
2.178315e-05
2.225784e-05
2.273739e-05
2.322178e-05
2.371102e-05
2.420512e-05
2.470405e-05
2.520784e-05
2.571648e-05
2.622997e-05
2.674830e-05
2.727148e-05
2.779952e-05
2.833240e-05
2.887013e-05
2.941271e-05
2.996013e-05
3.051241e-05
3.106953e-05
3.163151e-05
3.219833e-05
3.277000e-05
3.334652e-05
3.392789e-05
3.451411e-05
3.510517e-05
3.570109e-05
3.630185e-05
3.690747e-05
3.751793e-05
3.813324e-05
3.875340e-05
3.937841e-05
4.000826e-05
4.064297e-05
4.128252e-05
4.192692e-05
4.257618e-05
4.323028e-05
4.388923e-05
4.455302e-05
4.522167e-05
4.589517e-05
4.657351e-05
4.725671e-05
4.794475e-05
4.863764e-05
4.933538e-05
5.003797e-05
5.074540e-05
5.145769e-05
5.217482e-05
5.289681e-05
5.362364e-05
5.435532e-05
5.509185e-05
5.583323e-05
5.657946e-05
5.733053e-05
5.808646e-05
5.884723e-05
5.961285e-05
6.038333e-05
6.115865e-05
6.193881e-05
6.272383e-05
6.351370e-05
6.430841e-05
6.510798e-05
6.591239e-05
6.672165e-05
6.753576e-05
6.835472e-05
6.917853e-05
7.000719e-05
7.084069e-05
7.167905e-05
7.252225e-05
7.337030e-05
7.422320e-05
7.508095e-05
7.594355e-05
7.681100e-05
7.768329e-05
7.856044e-05
7.944243e-05
8.032927e-05
8.122096e-05
8.211750e-05
8.301889e-05
8.392513e-05
8.483621e-05
8.575215e-05
8.667293e-05
8.759856e-05
8.852904e-05
8.946437e-05
9.040455e-05
9.134958e-05
9.229946e-05
9.325418e-05
9.421376e-05
9.517818e-05
9.614745e-05
9.712157e-05
9.810054e-05
9.908436e-05
1.000730e-04
1.010665e-04
1.020649e-04
1.030681e-04
1.040762e-04
1.050891e-04
1.061068e-04
1.071295e-04
1.081569e-04
1.091892e-04
1.102264e-04
1.112684e-04
1.123152e-04
1.133669e-04
1.144235e-04
1.154849e-04
1.165511e-04
1.176222e-04
1.186982e-04
1.197790e-04
1.208646e-04
1.219551e-04
1.230504e-04
1.241506e-04
1.252557e-04
1.263655e-04
1.274803e-04
1.285999e-04
1.297243e-04
1.308536e-04
1.319877e-04
1.331267e-04
1.342705e-04
1.354192e-04
1.365727e-04
1.377311e-04
1.388943e-04
1.400624e-04
1.412353e-04
1.424131e-04
1.435957e-04
1.447831e-04
1.459755e-04
1.471726e-04
1.483746e-04
1.495815e-04
1.507932e-04
1.520098e-04
1.532312e-04
1.544574e-04
1.556885e-04
1.569245e-04
1.581653e-04
1.594110e-04
1.606615e-04
1.619168e-04
1.631770e-04
1.644420e-04
1.657119e-04
1.669867e-04
1.682663e-04
1.695507e-04
1.708400e-04
1.721342e-04
1.734331e-04
1.747370e-04
1.760457e-04
1.773592e-04
1.786776e-04
1.800008e-04
1.813289e-04
1.826618e-04
1.839996e-04
1.853422e-04
1.866897e-04
1.880420e-04
1.893992e-04
1.907612e-04
1.921281e-04
1.934998e-04
1.948764e-04
1.962578e-04
1.976441e-04
1.990352e-04
2.004312e-04
2.018320e-04
2.032376e-04
2.046481e-04
2.060635e-04
2.074837e-04
2.089088e-04
2.103387e-04
2.117734e-04
2.132130e-04
2.146575e-04
2.161068e-04
2.175609e-04
2.190199e-04
2.204838e-04
2.219525e-04
2.234260e-04
2.249044e-04
2.263876e-04
2.278757e-04
2.293687e-04
2.308665e-04
2.323691e-04
2.338766e-04
2.353889e-04
2.369061e-04
2.384281e-04
2.399550e-04
2.414868e-04
2.430233e-04
2.445648e-04
2.461110e-04
2.476622e-04
2.492181e-04
2.507790e-04
2.523446e-04
2.539151e-04
2.554905e-04
2.570707e-04
2.586558e-04
2.602457e-04
2.618405e-04
2.634401e-04
2.650446e-04
2.666539e-04
2.682680e-04
2.698870e-04
2.715109e-04
2.731396e-04
2.747731e-04
2.764116e-04
2.780548e-04
2.797029e-04
2.813559e-04
2.830137e-04
2.846763e-04
2.863438e-04
2.880161e-04
2.896933e-04
2.913754e-04
2.930623e-04
2.947540e-04
2.964506e-04
2.981520e-04
2.998583e-04
3.015695e-04
3.032854e-04
3.050063e-04
3.067320e-04
3.084625e-04
3.101979e-04
3.119381e-04
3.136832e-04
3.154331e-04
3.171879e-04
3.189475e-04
3.207120e-04
3.224813e-04
3.242554e-04
3.260345e-04
3.278183e-04
3.296070e-04
3.314006e-04
3.331990e-04
3.350023e-04
3.368104e-04
3.386234e-04
3.404412e-04
3.422638e-04
3.440913e-04
3.459237e-04
3.477609e-04
3.496029e-04
3.514498e-04
3.533016e-04
3.551582e-04
3.570196e-04
3.588859e-04
3.607571e-04
3.626331e-04
3.645139e-04
3.663996e-04
3.682901e-04
3.701855e-04
3.720858e-04
3.739908e-04
3.759008e-04
3.778156e-04
3.797352e-04
3.816597e-04
3.835890e-04
3.855232e-04
3.874622e-04
3.894061e-04
3.913548e-04
3.933084e-04
3.952668e-04
3.972301e-04
3.991982e-04
4.011712e-04
4.031490e-04
4.051317e-04
4.071192e-04
4.091115e-04
4.111088e-04
4.131108e-04
4.151177e-04
4.171295e-04
4.191461e-04
4.211675e-04
4.231939e-04
4.252250e-04
4.272610e-04
4.293019e-04
4.313476e-04
4.333981e-04
4.354535e-04
4.375138e-04
4.395789e-04
4.416488e-04
4.437236e-04
4.458032e-04
4.478877e-04
4.499771e-04
4.520713e-04
4.541703e-04
4.562742e-04
4.583829e-04
4.604965e-04
4.626149e-04
4.647382e-04
4.668663e-04
4.689993e-04
4.711371e-04
4.732798e-04
4.754273e-04
4.775797e-04
4.797369e-04
4.818990e-04
4.840659e-04
4.862377e-04
4.884143e-04
4.905958e-04
4.927821e-04
4.949733e-04
4.971693e-04
4.993701e-04
5.015759e-04
5.037864e-04
5.060018e-04
5.082221e-04
5.104472e-04
5.126771e-04
5.149119e-04
5.171516e-04
5.193961e-04
5.216454e-04
5.238996e-04
5.261587e-04
5.284226e-04
5.306913e-04
5.329649e-04
5.352434e-04
5.375267e-04
5.398148e-04
5.421078e-04
5.444056e-04
5.467083e-04
5.490158e-04
5.513282e-04
5.536455e-04
5.559675e-04
5.582945e-04
5.606262e-04
5.629629e-04
5.653044e-04
5.676507e-04
5.700019e-04
5.723579e-04
5.747187e-04
5.770845e-04
5.794550e-04
5.818305e-04
5.842107e-04
5.865958e-04
5.889858e-04
5.913806e-04
5.937803e-04
5.961848e-04
5.985941e-04
6.010084e-04
6.034274e-04
6.058513e-04
6.082801e-04
6.107137e-04
6.131521e-04
6.155954e-04
6.180436e-04
6.204966e-04
6.229544e-04
6.254171e-04
6.278847e-04
6.303571e-04
6.328343e-04
6.353164e-04
6.378033e-04
6.402951e-04
6.427918e-04
6.452932e-04
6.477996e-04
6.503108e-04
6.528268e-04
6.553477e-04
6.578734e-04
6.604040e-04
6.629394e-04
6.654797e-04
6.680248e-04
6.705748e-04
6.731296e-04
6.756893e-04
6.782538e-04
6.808232e-04
6.833974e-04
6.859765e-04
6.885604e-04
6.911491e-04
6.937427e-04
6.963412e-04
6.989445e-04
7.015527e-04
7.041657e-04
7.067835e-04
7.094062e-04
7.120338e-04
7.146662e-04
7.173035e-04
7.199456e-04
7.225925e-04
7.252443e-04
7.279010e-04
7.305624e-04
7.332288e-04
7.359000e-04
7.385760e-04
7.412569e-04
7.439427e-04
7.466332e-04
7.493287e-04
7.520290e-04
7.547341e-04
7.574441e-04
7.601589e-04
7.628786e-04
7.656031e-04
7.683325e-04
7.710667e-04
7.738058e-04
7.765497e-04
7.792985e-04
7.820521e-04
7.848106e-04
7.875739e-04
7.903421e-04
7.931151e-04
7.958930e-04
7.986757e-04
8.014633e-04
8.042557e-04
8.070529e-04
8.098551e-04
8.126620e-04
8.154738e-04
8.182905e-04
8.211120e-04
8.239383e-04
8.267695e-04
8.296056e-04
8.324465e-04
8.352922e-04
8.381428e-04
8.409983e-04
8.438586e-04
8.467237e-04
8.495937e-04
8.524686e-04
8.553483e-04
8.582328e-04
8.611222e-04
8.640164e-04
8.669155e-04
8.698194e-04
8.727282e-04
8.756419e-04
8.785603e-04
8.814837e-04
8.844118e-04
8.873449e-04
8.902828e-04
8.932255e-04
8.961731e-04
8.991255e-04
9.020827e-04
9.050449e-04
9.080118e-04
9.109837e-04
9.139603e-04
9.169418e-04
9.199282e-04
9.229194e-04
9.259155e-04
9.289164e-04
9.319221e-04
9.349328e-04
9.379482e-04
9.409685e-04
9.439937e-04
9.470237e-04
9.500585e-04
9.530982e-04
9.561428e-04
9.591922e-04
9.622464e-04
9.653055e-04
9.683695e-04
9.714383e-04
9.745119e-04
9.775904e-04
9.806737e-04
9.837619e-04
9.868550e-04
9.899528e-04
9.930556e-04
9.961632e-04
9.992756e-04
1.002393e-03
1.005515e-03
1.008642e-03
1.011774e-03
1.014910e-03
1.018052e-03
1.021198e-03
1.024350e-03
1.027506e-03
1.030667e-03
1.033832e-03
1.037003e-03
1.040178e-03
1.043359e-03
1.046544e-03
1.049734e-03
1.052929e-03
1.056129e-03
1.059333e-03
1.062542e-03
1.065757e-03
1.068976e-03
1.072200e-03
1.075429e-03
1.078662e-03
1.081901e-03
1.085144e-03
1.088392e-03
1.091645e-03
1.094903e-03
1.098166e-03
1.101434e-03
1.104706e-03
1.107983e-03
1.111265e-03
1.114552e-03
1.117844e-03
1.121141e-03
1.124443e-03
1.127749e-03
1.131060e-03
1.134376e-03
1.137697e-03
1.141023e-03
1.144354e-03
1.147689e-03
1.151029e-03
1.154375e-03
1.157725e-03
1.161079e-03
1.164439e-03
1.167804e-03
1.171173e-03
1.174547e-03
1.177927e-03
1.181310e-03
1.184699e-03
1.188093e-03
1.191491e-03
1.194895e-03
1.198303e-03
1.201716e-03
1.205134e-03
1.208557e-03
1.211984e-03
1.215417e-03
1.218854e-03
1.222296e-03
1.225743e-03
1.229195e-03
1.232652e-03
1.236113e-03
1.239580e-03
1.243051e-03
1.246527e-03
1.250008e-03
1.253494e-03
1.256984e-03
1.260480e-03
1.263980e-03
1.267485e-03
1.270995e-03
1.274510e-03
1.278030e-03
1.281555e-03
1.285084e-03
1.288618e-03
1.292157e-03
1.295701e-03
1.299250e-03
1.302804e-03
1.306362e-03
1.309926e-03
1.313494e-03
1.317067e-03
1.320645e-03
1.324228e-03
1.327815e-03
1.331408e-03
1.335005e-03
1.338607e-03
1.342214e-03
1.345826e-03
1.349443e-03
1.353064e-03
1.356691e-03
1.360322e-03
1.363958e-03
1.367599e-03
1.371245e-03
1.374896e-03
1.378551e-03
1.382211e-03
1.385877e-03
1.389547e-03
1.393222e-03
1.396901e-03
1.400586e-03
1.404275e-03
1.407970e-03
1.411669e-03
1.415373e-03
1.419082e-03
1.422795e-03
1.426514e-03
1.430237e-03
1.433965e-03
1.437698e-03
1.441436e-03
1.445179e-03
1.448927e-03
1.452679e-03
1.456437e-03
1.460199e-03
1.463966e-03
1.467738e-03
1.471514e-03
1.475296e-03
1.479082e-03
1.482874e-03
1.486670e-03
1.490471e-03
1.494276e-03
1.498087e-03
1.501903e-03
1.505723e-03
1.509548e-03
1.513378e-03
1.517213e-03
1.521053e-03
1.524898e-03
1.528747e-03
1.532601e-03
1.536460e-03
1.540324e-03
1.544193e-03
1.548067e-03
1.551945e-03
1.555829e-03
1.559717e-03
1.563610e-03
1.567508e-03
1.571411e-03
1.575319e-03
1.579231e-03
1.583148e-03
1.587071e-03
1.590998e-03
1.594929e-03
1.598866e-03
1.602808e-03
1.606754e-03
1.610705e-03
1.614662e-03
1.618623e-03
1.622588e-03
1.626559e-03
1.630535e-03
1.634515e-03
1.638500e-03
1.642490e-03
1.646485e-03
1.650485e-03
1.654489e-03
1.658499e-03
1.662513e-03
1.666532e-03
1.670556e-03
1.674585e-03
1.678619e-03
1.682657e-03
1.686701e-03
1.690749e-03
1.694802e-03
1.698860e-03
1.702923e-03
1.706991e-03
1.711063e-03
1.715140e-03
1.719223e-03
1.723310e-03
1.727402e-03
1.731498e-03
1.735600e-03
1.739706e-03
1.743818e-03
1.747934e-03
1.752055e-03
1.756180e-03
1.760311e-03
1.764447e-03
1.768587e-03
1.772732e-03
1.776882e-03
1.781037e-03
1.785197e-03
1.789362e-03
1.793531e-03
1.797705e-03
1.801885e-03
1.806069e-03
1.810257e-03
1.814451e-03
1.818650e-03
1.822853e-03
1.827061e-03
1.831275e-03
1.835492e-03
1.839715e-03
1.843943e-03
1.848175e-03
1.852413e-03
1.856655e-03
1.860902e-03
1.865154e-03
1.869411e-03
1.873672e-03
1.877939e-03
1.882210e-03
1.886486e-03
1.890767e-03
1.895053e-03
1.899344e-03
1.903639e-03
1.907940e-03
1.912245e-03
1.916555e-03
1.920870e-03
1.925190e-03
1.929514e-03
1.933844e-03
1.938178e-03
1.942517e-03
1.946861e-03
1.951210e-03
1.955564e-03
1.959922e-03
1.964286e-03
1.968654e-03
1.973027e-03
1.977405e-03
1.981788e-03
1.986176e-03
1.990568e-03
1.994966e-03
1.999368e-03
2.003775e-03
2.008187e-03
2.012603e-03
2.017025e-03
2.021451e-03
2.025883e-03
2.030319e-03
2.034760e-03
2.039206e-03
2.043656e-03
2.048112e-03
2.052572e-03
2.057038e-03
2.061508e-03
2.065983e-03
2.070462e-03
2.074947e-03
2.079437e-03
2.083931e-03
2.088430e-03
2.092934e-03
2.097443e-03
2.101957e-03
2.106475e-03
2.110999e-03
2.115527e-03
2.120060e-03
2.124598e-03
2.129141e-03
2.133689e-03
2.138241e-03
2.142799e-03
2.147361e-03
2.151928e-03
2.156500e-03
2.161077e-03
2.165658e-03
2.170245e-03
2.174836e-03
2.179432e-03
2.184033e-03
2.188639e-03
2.193250e-03
2.197865e-03
2.202486e-03
2.207111e-03
2.211741e-03
2.216376e-03
2.221016e-03
2.225660e-03
2.230310e-03
2.234964e-03
2.239623e-03
2.244287e-03
2.248956e-03
2.253630e-03
2.258309e-03
2.262992e-03
2.267680e-03
2.272373e-03
2.277071e-03
2.281774e-03
2.286482e-03
2.291195e-03
2.295912e-03
2.300634e-03
2.305361e-03
2.310093e-03
2.314830e-03
2.319572e-03
2.324318e-03
2.329069e-03
2.333825e-03
2.338587e-03
2.343352e-03
2.348123e-03
2.352899e-03
2.357679e-03
2.362464e-03
2.367254e-03
2.372049e-03
2.376849e-03
2.381654e-03
2.386463e-03
2.391278e-03
2.396097e-03
2.400921e-03
2.405750e-03
2.410584e-03
2.415422e-03
2.420266e-03
2.425114e-03
2.429967e-03
2.434825e-03
2.439688e-03
2.444556e-03
2.449428e-03
2.454306e-03
2.459188e-03
2.464075e-03
2.468967e-03
2.473864e-03
2.478765e-03
2.483672e-03
2.488583e-03
2.493499e-03
2.498420e-03
2.503346e-03
2.508277e-03
2.513212e-03
2.518153e-03
2.523098e-03
2.528048e-03
2.533003e-03
2.537963e-03
2.542928e-03
2.547897e-03
2.552872e-03
2.557851e-03
2.562835e-03
2.567824e-03
2.572818e-03
2.577816e-03
2.582820e-03
2.587828e-03
2.592841e-03
2.597859e-03
2.602882e-03
2.607910e-03
2.612942e-03
2.617980e-03
2.623022e-03
2.628069e-03
2.633121e-03
2.638178e-03
2.643239e-03
2.648306e-03
2.653377e-03
2.658453e-03
2.663534e-03
2.668620e-03
2.673711e-03
2.678807e-03
2.683907e-03
2.689012e-03
2.694122e-03
2.699237e-03
2.704357e-03
2.709482e-03
2.714611e-03
2.719746e-03
2.724885e-03
2.730029e-03
2.735178e-03
2.740332e-03
2.745490e-03
2.750654e-03
2.755822e-03
2.760995e-03
2.766173e-03
2.771356e-03
2.776544e-03
2.781736e-03
2.786934e-03
2.792136e-03
2.797343e-03
2.802555e-03
2.807772e-03
2.812994e-03
2.818220e-03
2.823452e-03
2.828688e-03
2.833929e-03
2.839175e-03
2.844425e-03
2.849681e-03
2.854941e-03
2.860207e-03
2.865477e-03
2.870752e-03
2.876032e-03
2.881316e-03
2.886606e-03
2.891900e-03
2.897200e-03
2.902504e-03
2.907813e-03
2.913126e-03
2.918445e-03
2.923768e-03
2.929097e-03
2.934430e-03
2.939768e-03
2.945111e-03
2.950459e-03
2.955811e-03
2.961169e-03
2.966531e-03
2.971898e-03
2.977270e-03
2.982647e-03
2.988028e-03
2.993415e-03
2.998806e-03
3.004202e-03
3.009603e-03
3.015009e-03
3.020420e-03
3.025836e-03
3.031256e-03
3.036682e-03
3.042112e-03
3.047547e-03
3.052987e-03
3.058431e-03
3.063881e-03
3.069335e-03
3.074794e-03
3.080258e-03
3.085727e-03
3.091201e-03
3.096680e-03
3.102163e-03
3.107652e-03
3.113145e-03
3.118643e-03
3.124146e-03
3.129653e-03
3.135166e-03
3.140684e-03
3.146206e-03
3.151733e-03
3.157265e-03
3.162802e-03
3.168343e-03
3.173890e-03
3.179441e-03
3.184997e-03
3.190559e-03
3.196124e-03
3.201695e-03
3.207271e-03
3.212851e-03
3.218437e-03
3.224027e-03
3.229622e-03
3.235222e-03
3.240826e-03
3.246436e-03
3.252050e-03
3.257670e-03
3.263294e-03
3.268923e-03
3.274556e-03
3.280195e-03
3.285839e-03
3.291487e-03
3.297140e-03
3.302798e-03
3.308461e-03
3.314129e-03
3.319801e-03
3.325479e-03
3.331161e-03
3.336848e-03
3.342540e-03
3.348237e-03
3.353939e-03
3.359645e-03
3.365357e-03
3.371073e-03
3.376794e-03
3.382520e-03
3.388251e-03
3.393986e-03
3.399727e-03
3.405472e-03
3.411222e-03
3.416977e-03
3.422737e-03
3.428502e-03
3.434271e-03
3.440046e-03
3.445825e-03
3.451609e-03
3.457398e-03
3.463192e-03
3.468991e-03
3.474794e-03
3.480602e-03
3.486416e-03
3.492234e-03
3.498057e-03
3.503884e-03
3.509717e-03
3.515554e-03
3.521397e-03
3.527244e-03
3.533096e-03
3.538953e-03
3.544814e-03
3.550681e-03
3.556552e-03
3.562429e-03
3.568310e-03
3.574196e-03
3.580086e-03
3.585982e-03
3.591882e-03
3.597788e-03
3.603698e-03
3.609613e-03
3.615533e-03
3.621458e-03
3.627387e-03
3.633322e-03
3.639261e-03
3.645205e-03
3.651154e-03
3.657108e-03
3.663066e-03
3.669030e-03
3.674998e-03
3.680972e-03
3.686950e-03
3.692933e-03
3.698920e-03
3.704913e-03
3.710910e-03
3.716913e-03
3.722920e-03
3.728932e-03
3.734949e-03
3.740970e-03
3.746997e-03
3.753028e-03
3.759065e-03
3.765106e-03
3.771152e-03
3.777202e-03
3.783258e-03
3.789319e-03
3.795384e-03
3.801454e-03
3.807529e-03
3.813609e-03
3.819694e-03
3.825783e-03
3.831878e-03
3.837977e-03
3.844081e-03
3.850190e-03
3.856304e-03
3.862423e-03
3.868546e-03
3.874675e-03
3.880808e-03
3.886946e-03
3.893089e-03
3.899237e-03
3.905389e-03
3.911547e-03
3.917709e-03
3.923876e-03
3.930048e-03
3.936225e-03
3.942407e-03
3.948593e-03
3.954785e-03
3.960981e-03
3.967182e-03
3.973388e-03
3.979599e-03
3.985814e-03
3.992035e-03
3.998260e-03
4.004490e-03
4.010726e-03
4.016965e-03
4.023210e-03
4.029460e-03
4.035714e-03
4.041973e-03
4.048238e-03
4.054507e-03
4.060780e-03
4.067059e-03
4.073343e-03
4.079631e-03
4.085924e-03
4.092222e-03
4.098525e-03
4.104833e-03
4.111146e-03
4.117463e-03
4.123786e-03
4.130113e-03
4.136445e-03
4.142782e-03
4.149123e-03
4.155470e-03
4.161821e-03
4.168178e-03
4.174539e-03
4.180905e-03
4.187275e-03
4.193651e-03
4.200032e-03
4.206417e-03
4.212807e-03
4.219202e-03
4.225602e-03
4.232007e-03
4.238417e-03
4.244831e-03
4.251250e-03
4.257674e-03
4.264103e-03
4.270537e-03
4.276976e-03
4.283419e-03
4.289868e-03
4.296321e-03
4.302779e-03
4.309242e-03
4.315710e-03
4.322183e-03
4.328660e-03
4.335142e-03
4.341630e-03
4.348122e-03
4.354619e-03
4.361120e-03
4.367627e-03
4.374138e-03
4.380655e-03
4.387176e-03
4.393702e-03
4.400232e-03
4.406768e-03
4.413309e-03
4.419854e-03
4.426404e-03
4.432959e-03
4.439519e-03
4.446084e-03
4.452654e-03
4.459228e-03
4.465807e-03
4.472392e-03
4.478981e-03
4.485574e-03
4.492173e-03
4.498777e-03
4.505385e-03
4.511998e-03
4.518616e-03
4.525239e-03
4.531867e-03
4.538500e-03
4.545137e-03
4.551780e-03
4.558427e-03
4.565079e-03
4.571736e-03
4.578398e-03
4.585064e-03
4.591736e-03
4.598412e-03
4.605093e-03
4.611779e-03
4.618470e-03
4.625165e-03
4.631866e-03
4.638571e-03
4.645282e-03
4.651997e-03
4.658717e-03
4.665441e-03
4.672171e-03
4.678905e-03
4.685645e-03
4.692389e-03
4.699138e-03
4.705892e-03
4.712651e-03
4.719414e-03
4.726183e-03
4.732956e-03
4.739734e-03
4.746517e-03
4.753305e-03
4.760097e-03
4.766895e-03
4.773697e-03
4.780504e-03
4.787316e-03
4.794133e-03
4.800955e-03
4.807782e-03
4.814613e-03
4.821449e-03
4.828291e-03
4.835137e-03
4.841987e-03
4.848843e-03
4.855704e-03
4.862569e-03
4.869439e-03
4.876314e-03
4.883194e-03
4.890079e-03
4.896969e-03
4.903863e-03
4.910763e-03
4.917667e-03
4.924576e-03
4.931490e-03
4.938408e-03
4.945332e-03
4.952260e-03
4.959194e-03
4.966132e-03
4.973075e-03
4.980023e-03
4.986975e-03
4.993933e-03
5.000895e-03
5.007862e-03
5.014834e-03
5.021811e-03
5.028793e-03
5.035780e-03
5.042771e-03
5.049767e-03
5.056769e-03
5.063775e-03
5.070785e-03
5.077801e-03
5.084822e-03
5.091847e-03
5.098877e-03
5.105912e-03
5.112952e-03
5.119997e-03
5.127047e-03
5.134101e-03
5.141161e-03
5.148225e-03
5.155294e-03
5.162368e-03
5.169446e-03
5.176530e-03
5.183618e-03
5.190712e-03
5.197810e-03
5.204913e-03
5.212021e-03
5.219133e-03
5.226251e-03
5.233373e-03
5.240501e-03
5.247633e-03
5.254770e-03
5.261911e-03
5.269058e-03
5.276209e-03
5.283366e-03
5.290527e-03
5.297693e-03
5.304864e-03
5.312039e-03
5.319220e-03
5.326405e-03
5.333596e-03
5.340791e-03
5.347991e-03
5.355196e-03
5.362405e-03
5.369620e-03
5.376839e-03
5.384063e-03
5.391292e-03
5.398526e-03
5.405765e-03
5.413009e-03
5.420257e-03
5.427510e-03
5.434768e-03
5.442031e-03
5.449299e-03
5.456572e-03
5.463849e-03
5.471132e-03
5.478419e-03
5.485711e-03
5.493008e-03
5.500310e-03
5.507616e-03
5.514928e-03
5.522244e-03
5.529565e-03
5.536891e-03
5.544222e-03
5.551558e-03
5.558899e-03
5.566244e-03
5.573594e-03
5.580949e-03
5.588309e-03
5.595674e-03
5.603044e-03
5.610418e-03
5.617133e-03
5.623823e-03
5.630490e-03
5.637132e-03
5.643750e-03
5.650343e-03
5.656913e-03
5.663458e-03
5.669979e-03
5.676476e-03
5.682949e-03
5.689398e-03
5.695822e-03
5.702223e-03
5.708599e-03
5.714951e-03
5.721278e-03
5.727582e-03
5.733861e-03
5.740117e-03
5.746348e-03
5.752554e-03
5.758737e-03
5.764896e-03
5.771030e-03
5.777140e-03
5.783226e-03
5.789288e-03
5.795325e-03
5.801339e-03
5.807328e-03
5.813293e-03
5.819234e-03
5.825151e-03
5.831043e-03
5.836911e-03
5.842756e-03
5.848576e-03
5.854371e-03
5.860143e-03
5.865890e-03
5.871614e-03
5.877313e-03
5.882988e-03
5.888638e-03
5.894265e-03
5.899867e-03
5.905445e-03
5.910999e-03
5.916529e-03
5.922035e-03
5.927516e-03
5.932974e-03
5.938407e-03
5.943816e-03
5.949200e-03
5.954561e-03
5.959897e-03
5.965209e-03
5.970497e-03
5.975761e-03
5.981001e-03
5.986216e-03
5.991408e-03
5.996575e-03
6.001718e-03
6.006837e-03
6.011931e-03
6.017002e-03
6.022048e-03
6.027070e-03
6.032068e-03
6.037041e-03
6.041991e-03
6.046916e-03
6.051817e-03
6.056694e-03
6.061547e-03
6.066376e-03
6.071180e-03
6.075961e-03
6.080717e-03
6.085449e-03
6.090156e-03
6.094840e-03
6.099499e-03
6.104134e-03
6.108745e-03
6.113332e-03
6.117895e-03
6.122433e-03
6.126948e-03
6.131438e-03
6.135904e-03
6.140345e-03
6.144763e-03
6.149156e-03
6.153525e-03
6.157870e-03
6.162191e-03
6.166488e-03
6.170760e-03
6.175009e-03
6.179233e-03
6.183433e-03
6.187609e-03
6.191760e-03
6.195888e-03
6.199991e-03
6.204070e-03
6.208125e-03
6.212155e-03
6.216162e-03
6.220144e-03
6.224102e-03
6.228036e-03
6.231946e-03
6.235832e-03
6.239693e-03
6.243531e-03
6.247344e-03
6.251132e-03
6.254897e-03
6.258638e-03
6.262354e-03
6.266046e-03
6.269714e-03
6.273358e-03
6.276978e-03
6.280573e-03
6.284144e-03
6.287692e-03
6.291215e-03
6.294713e-03
6.298188e-03
6.301638e-03
6.305064e-03
6.308466e-03
6.311844e-03
6.315198e-03
6.318527e-03
6.321833e-03
6.325114e-03
6.328371e-03
6.331604e-03
6.334812e-03
6.337997e-03
6.341157e-03
6.344293e-03
6.347405e-03
6.350492e-03
6.353556e-03
6.356595e-03
6.359610e-03
6.362601e-03
6.365568e-03
6.368511e-03
6.371429e-03
6.374324e-03
6.377194e-03
6.380039e-03
6.382861e-03
6.385659e-03
6.388432e-03
6.391181e-03
6.393906e-03
6.396607e-03
6.399284e-03
6.401936e-03
6.404565e-03
6.407169e-03
6.409749e-03
6.412304e-03
6.414836e-03
6.417343e-03
6.419826e-03
6.422285e-03
6.424720e-03
6.427131e-03
6.429517e-03
6.431880e-03
6.434218e-03
6.436532e-03
6.438822e-03
6.441087e-03
6.443329e-03
6.445546e-03
6.447739e-03
6.449908e-03
6.452052e-03
6.454173e-03
6.456269e-03
6.458341e-03
6.460389e-03
6.462413e-03
6.464413e-03
6.466388e-03
6.468340e-03
6.470267e-03
6.472170e-03
6.474048e-03
6.475903e-03
6.477733e-03
6.479539e-03
6.481321e-03
6.483079e-03
6.484813e-03
6.486522e-03
6.488208e-03
6.489869e-03
6.491506e-03
6.493118e-03
6.494707e-03
6.496271e-03
6.497811e-03
6.499327e-03
6.500819e-03
6.502287e-03
6.503730e-03
6.505150e-03
6.506545e-03
6.507916e-03
6.509263e-03
6.510585e-03
6.511884e-03
6.513158e-03
6.514408e-03
6.515634e-03
6.516836e-03
6.518013e-03
6.519166e-03
6.520296e-03
6.521400e-03
6.522481e-03
6.523538e-03
6.524570e-03
6.525579e-03
6.526563e-03
6.527523e-03
6.528458e-03
6.529370e-03
6.530257e-03
6.531120e-03
6.531959e-03
6.532774e-03
6.533565e-03
6.534331e-03
6.535074e-03
6.535792e-03
6.536486e-03
6.537155e-03
6.537801e-03
6.538422e-03
6.539020e-03
6.539593e-03
6.540141e-03
6.540666e-03
6.541167e-03
6.541643e-03
6.542095e-03
6.542523e-03
6.542927e-03
6.543306e-03
6.543662e-03
6.543993e-03
6.544300e-03
6.544583e-03
6.544842e-03
6.545076e-03
6.545286e-03
6.545473e-03
6.545635e-03
6.545772e-03
6.545886e-03
6.545975e-03
6.546041e-03
6.546082e-03
6.546099e-03
6.546091e-03
6.546060e-03
6.546004e-03
6.545924e-03
6.545820e-03
6.545692e-03
6.545540e-03
6.545363e-03
6.545163e-03
6.544938e-03
6.544689e-03
6.544415e-03
6.544118e-03
6.543796e-03
6.543451e-03
6.543081e-03
6.542687e-03
6.542268e-03
6.541826e-03
6.541359e-03
6.540868e-03
6.540353e-03
6.540036e-03
6.540036e-03
6.540036e-03
6.540036e-03
6.540036e-03
6.540036e-03
6.540036e-03
6.540036e-03
6.540036e-03
6.540036e-03
6.540036e-03
6.540036e-03
6.540036e-03
6.540036e-03
6.540036e-03
6.540036e-03
6.540036e-03
6.540036e-03
6.540036e-03
6.540036e-03
6.540036e-03
6.540036e-03
6.540036e-03
6.540036e-03
6.540036e-03
6.540036e-03
6.540036e-03
6.540036e-03
6.540036e-03
6.540036e-03
6.540036e-03
6.540036e-03
6.540036e-03
6.540036e-03
6.540036e-03
6.540036e-03
6.540036e-03
6.540036e-03
6.540036e-03
6.540036e-03
6.540036e-03
6.540036e-03
6.540036e-03
6.540036e-03
6.540036e-03
6.540036e-03
6.540036e-03
6.540036e-03
6.540036e-03
6.540036e-03
6.540036e-03
6.540036e-03
6.540036e-03
6.540036e-03
6.540036e-03
6.540036e-03
6.540036e-03
6.540036e-03
6.540036e-03
6.540036e-03
6.540036e-03
6.540036e-03
6.540036e-03
6.540036e-03
6.540036e-03
6.540036e-03
6.540036e-03
6.540036e-03
6.540036e-03
6.540036e-03
6.540036e-03
6.540036e-03
6.540036e-03
6.540036e-03
6.540036e-03
6.540036e-03
6.540036e-03
6.540036e-03
6.540036e-03
6.540036e-03
6.540036e-03
6.540036e-03
6.540036e-03
6.540036e-03
6.540036e-03
6.540036e-03
6.540036e-03
6.540036e-03
6.540036e-03
6.540036e-03
6.540036e-03
6.540036e-03
6.540036e-03
6.540036e-03
6.540036e-03
6.540036e-03
6.540036e-03
6.540036e-03
6.540036e-03
6.540036e-03
6.540036e-03
6.540036e-03
6.540036e-03
6.540036e-03
6.540036e-03
6.540036e-03
6.540036e-03
6.540036e-03
6.540036e-03
6.540036e-03
6.540036e-03
6.540036e-03
6.540036e-03
6.540036e-03
6.540036e-03
6.540036e-03
6.540036e-03
6.540036e-03
6.540036e-03
6.540036e-03
6.540036e-03
6.540036e-03
6.540036e-03
6.540036e-03
6.540036e-03
6.540036e-03
6.540036e-03
6.540036e-03
6.540036e-03
6.540036e-03
6.540036e-03
6.540036e-03
6.540036e-03
6.540036e-03
6.540036e-03
6.540036e-03
6.540036e-03
6.540036e-03
6.540036e-03
6.540036e-03
6.540036e-03
6.540036e-03
6.540036e-03
6.540036e-03
6.540036e-03
6.540036e-03
6.540036e-03
6.540036e-03
6.540036e-03
6.540036e-03
6.540036e-03
6.540036e-03
6.540036e-03
6.540036e-03
6.540036e-03
6.540036e-03
6.540036e-03
6.540036e-03
6.540036e-03
6.540036e-03
6.540036e-03
6.540036e-03
6.540036e-03
6.540036e-03
6.540036e-03
6.540036e-03
6.540036e-03
6.540036e-03
6.540036e-03
6.540036e-03
6.540036e-03
6.540036e-03
6.540036e-03
6.540036e-03
6.540036e-03
6.540036e-03
6.540036e-03
6.540036e-03
6.540036e-03
6.540036e-03
6.540036e-03
6.540036e-03
6.540036e-03
6.540036e-03
6.540036e-03
6.540036e-03
6.540036e-03
6.540036e-03
6.540036e-03
6.540036e-03
6.540036e-03
6.540036e-03
6.540036e-03
6.540036e-03
6.540036e-03
6.540036e-03
6.540036e-03
6.540036e-03
6.540036e-03
6.540036e-03
6.540036e-03
