0.000000e+00
1.110371e-07
2.258254e-07
3.443650e-07
4.666559e-07
5.926980e-07
7.224913e-07
8.560359e-07
9.933318e-07
1.134379e-06
1.279177e-06
1.427727e-06
1.580028e-06
1.736080e-06
1.895883e-06
2.059438e-06
2.226744e-06
2.397801e-06
2.572609e-06
2.751169e-06
2.933480e-06
3.119542e-06
3.309355e-06
3.502920e-06
3.700236e-06
3.901303e-06
4.106121e-06
4.314691e-06
4.527012e-06
4.743084e-06
4.962908e-06
5.186482e-06
5.413808e-06
5.644885e-06
5.879714e-06
6.118294e-06
6.360624e-06
6.606707e-06
6.856540e-06
7.110125e-06
7.367461e-06
7.628548e-06
7.893386e-06
8.161976e-06
8.434317e-06
8.710409e-06
8.990253e-06
9.273847e-06
9.561193e-06
9.852291e-06
1.014714e-05
1.044574e-05
1.074809e-05
1.105419e-05
1.136405e-05
1.167765e-05
1.199501e-05
1.231611e-05
1.264097e-05
1.296958e-05
1.330194e-05
1.363806e-05
1.397792e-05
1.432153e-05
1.466890e-05
1.502002e-05
1.537489e-05
1.573350e-05
1.609588e-05
1.646200e-05
1.683187e-05
1.720550e-05
1.758287e-05
1.796400e-05
1.834888e-05
1.873751e-05
1.912989e-05
1.952602e-05
1.992591e-05
2.032954e-05
2.073693e-05
2.114806e-05
2.156295e-05
2.198159e-05
2.240398e-05
2.283013e-05
2.326002e-05
2.369366e-05
2.413106e-05
2.457221e-05
2.501711e-05
2.546576e-05
2.591816e-05
2.637431e-05
2.683421e-05
2.729787e-05
2.776527e-05
2.823643e-05
2.871134e-05
2.919000e-05
2.967241e-05
3.015857e-05
3.064849e-05
3.114215e-05
3.163957e-05
3.214074e-05
3.264565e-05
3.315432e-05
3.366674e-05
3.418292e-05
3.470284e-05
3.522652e-05
3.575394e-05
3.628512e-05
3.682005e-05
3.735873e-05
3.790116e-05
3.844734e-05
3.899728e-05
3.955096e-05
4.010840e-05
4.066958e-05
4.123452e-05
4.180321e-05
4.237565e-05
4.295185e-05
4.353179e-05
4.411548e-05
4.470293e-05
4.529413e-05
4.588908e-05
4.648778e-05
4.709023e-05
4.769643e-05
4.830638e-05
4.892009e-05
4.953755e-05
5.015875e-05
5.078371e-05
5.141242e-05
5.204488e-05
5.268110e-05
5.332106e-05
5.396477e-05
5.461224e-05
5.526346e-05
5.591843e-05
5.657715e-05
5.723962e-05
5.790584e-05
5.857581e-05
5.924954e-05
5.992702e-05
6.060824e-05
6.129322e-05
6.198195e-05
6.267443e-05
6.337067e-05
6.407065e-05
6.477438e-05
6.548187e-05
6.619311e-05
6.690810e-05
6.762684e-05
6.834933e-05
6.907557e-05
6.980557e-05
7.053931e-05
7.127681e-05
7.201805e-05
7.276305e-05
7.351180e-05
7.426430e-05
7.502056e-05
7.578056e-05
7.654432e-05
7.731182e-05
7.808308e-05
7.885809e-05
7.963685e-05
8.041936e-05
8.120562e-05
8.199564e-05
8.278940e-05
8.358692e-05
8.438819e-05
8.519320e-05
8.600197e-05
8.681450e-05
8.763077e-05
8.845079e-05
8.927457e-05
9.010209e-05
9.093337e-05
9.176840e-05
9.260718e-05
9.344971e-05
9.429599e-05
9.514603e-05
9.599981e-05
9.685735e-05
9.771864e-05
9.858368e-05
9.945247e-05
1.003250e-04
1.012013e-04
1.020813e-04
1.029651e-04
1.038527e-04
1.047440e-04
1.056390e-04
1.065378e-04
1.074404e-04
1.083467e-04
1.092567e-04
1.101705e-04
1.110881e-04
1.120094e-04
1.129345e-04
1.138633e-04
1.147958e-04
1.157322e-04
1.166722e-04
1.176160e-04
1.185636e-04
1.195149e-04
1.204700e-04
1.214288e-04
1.223914e-04
1.233577e-04
1.243278e-04
1.253016e-04
1.262792e-04
1.272605e-04
1.282456e-04
1.292344e-04
1.302270e-04
1.312233e-04
1.322234e-04
1.332272e-04
1.342348e-04
1.352462e-04
1.362613e-04
1.372801e-04
1.383027e-04
1.393290e-04
1.403591e-04
1.413930e-04
1.424306e-04
1.434719e-04
1.445170e-04
1.455659e-04
1.466185e-04
1.476748e-04
1.487349e-04
1.497988e-04
1.508664e-04
1.519377e-04
1.530129e-04
1.540917e-04
1.551743e-04
1.562607e-04
1.573508e-04
1.584447e-04
1.595423e-04
1.606437e-04
1.617488e-04
1.628576e-04
1.639703e-04
1.650866e-04
1.662068e-04
1.673306e-04
1.684583e-04
1.695896e-04
1.707248e-04
1.718637e-04
1.730063e-04
1.741527e-04
1.753028e-04
1.764567e-04
1.776143e-04
1.787757e-04
1.799409e-04
1.811097e-04
1.822824e-04
1.834588e-04
1.846389e-04
1.858228e-04
1.870105e-04
1.882019e-04
1.893970e-04
1.905959e-04
1.917986e-04
1.930050e-04
1.942151e-04
1.954290e-04
1.966467e-04
1.978681e-04
1.990932e-04
2.003222e-04
2.015548e-04
2.027912e-04
2.040314e-04
2.052753e-04
2.065230e-04
2.077744e-04
2.090296e-04
2.102885e-04
2.115512e-04
2.128176e-04
2.140878e-04
2.153617e-04
2.166394e-04
2.179208e-04
2.192060e-04
2.204949e-04
2.217876e-04
2.230840e-04
2.243842e-04
2.256881e-04
2.269958e-04
2.283073e-04
2.296224e-04
2.309414e-04
2.322641e-04
2.335905e-04
2.349207e-04
2.362547e-04
2.375924e-04
2.389338e-04
2.402790e-04
2.416280e-04
2.429807e-04
2.443371e-04
2.456973e-04
2.470613e-04
2.484290e-04
2.498004e-04
2.511756e-04
2.525546e-04
2.539373e-04
2.553238e-04
2.567140e-04
2.581080e-04
2.595057e-04
2.609071e-04
2.623124e-04
2.637213e-04
2.651341e-04
2.665505e-04
2.679708e-04
2.693947e-04
2.708225e-04
2.722539e-04
2.736892e-04
2.751281e-04
2.765709e-04
2.780174e-04
2.794676e-04
2.809216e-04
2.823793e-04
2.838408e-04
2.853060e-04
2.867750e-04
2.882478e-04
2.897243e-04
2.912045e-04
2.926885e-04
2.941763e-04
2.956678e-04
2.971630e-04
2.986620e-04
3.001648e-04
3.016713e-04
3.031815e-04
3.046955e-04
3.062133e-04
3.077348e-04
3.092600e-04
3.107891e-04
3.123218e-04
3.138583e-04
3.153986e-04
3.169426e-04
3.184904e-04
3.200419e-04
3.215972e-04
3.231562e-04
3.247190e-04
3.262855e-04
3.278558e-04
3.294298e-04
3.310076e-04
3.325891e-04
3.341744e-04
3.357634e-04
3.373562e-04
3.389527e-04
3.405530e-04
3.421570e-04
3.437648e-04
3.453764e-04
3.469916e-04
3.486107e-04
3.502335e-04
3.518600e-04
3.534903e-04
3.551244e-04
3.567622e-04
3.584037e-04
3.600490e-04
3.616981e-04
3.633509e-04
3.650074e-04
3.666677e-04
3.683318e-04
3.699996e-04
3.716711e-04
3.733464e-04
3.750255e-04
3.767083e-04
3.783949e-04
3.800852e-04
3.817793e-04
3.834771e-04
3.851786e-04
3.868840e-04
3.885930e-04
3.903059e-04
3.920224e-04
3.937428e-04
3.954668e-04
3.971947e-04
3.989262e-04
4.006616e-04
4.024007e-04
4.041435e-04
4.058901e-04
4.076404e-04
4.093945e-04
4.111523e-04
4.129139e-04
4.146793e-04
4.164483e-04
4.182212e-04
4.199978e-04
4.217781e-04
4.235622e-04
4.253501e-04
4.271417e-04
4.289370e-04
4.307361e-04
4.325390e-04
4.343456e-04
4.361559e-04
4.379700e-04
4.397879e-04
4.416095e-04
4.434349e-04
4.452640e-04
4.470968e-04
4.489334e-04
4.507738e-04
4.526179e-04
4.544658e-04
4.563174e-04
4.581728e-04
4.600319e-04
4.618948e-04
4.637614e-04
4.656318e-04
4.675059e-04
4.693838e-04
4.712654e-04
4.731508e-04
4.750399e-04
4.769328e-04
4.788294e-04
4.807298e-04
4.826339e-04
4.845418e-04
4.864535e-04
4.883689e-04
4.902880e-04
4.922109e-04
4.941375e-04
4.960679e-04
4.980021e-04
4.999400e-04
5.018816e-04
5.038270e-04
5.057762e-04
5.077291e-04
5.096857e-04
5.116461e-04
5.136103e-04
5.155782e-04
5.175499e-04
5.195253e-04
5.215044e-04
5.234873e-04
5.254740e-04
5.274644e-04
5.294586e-04
5.314565e-04
5.334582e-04
5.354636e-04
5.374728e-04
5.394857e-04
5.415024e-04
5.435228e-04
5.455470e-04
5.475749e-04
5.496066e-04
5.516420e-04
5.536812e-04
5.557241e-04
5.577708e-04
5.598212e-04
5.618754e-04
5.639334e-04
5.659950e-04
5.680605e-04
5.701297e-04
5.722026e-04
5.742793e-04
5.763598e-04
5.784440e-04
5.805319e-04
5.826236e-04
5.847190e-04
5.868182e-04
5.889212e-04
5.910279e-04
5.931384e-04
5.952526e-04
5.973705e-04
5.994922e-04
6.016177e-04
6.037469e-04
6.058799e-04
6.080166e-04
6.101570e-04
6.123013e-04
6.144492e-04
6.166009e-04
6.187564e-04
6.209156e-04
6.230786e-04
6.252453e-04
6.274158e-04
6.295900e-04
6.317680e-04
6.339497e-04
6.361352e-04
6.383245e-04
6.405174e-04
6.427142e-04
6.449147e-04
6.471189e-04
6.493269e-04
6.515386e-04
6.537541e-04
6.559733e-04
6.581963e-04
6.604231e-04
6.626536e-04
6.648878e-04
6.671258e-04
6.693676e-04
6.716131e-04
6.738623e-04
6.761153e-04
6.783721e-04
6.806326e-04
6.828968e-04
6.851648e-04
6.874366e-04
6.897121e-04
6.919914e-04
6.942744e-04
6.965612e-04
6.988517e-04
7.011459e-04
7.034440e-04
7.057457e-04
7.080512e-04
7.103605e-04
7.126735e-04
7.149903e-04
7.173108e-04
7.196351e-04
7.219631e-04
7.242949e-04
7.266304e-04
7.289697e-04
7.313128e-04
7.336595e-04
7.360101e-04
7.383644e-04
7.407224e-04
7.430842e-04
7.454497e-04
7.478190e-04
7.501921e-04
7.525689e-04
7.549494e-04
7.573337e-04
7.597217e-04
7.621135e-04
7.645091e-04
7.669084e-04
7.693115e-04
7.717183e-04
7.741288e-04
7.765431e-04
7.789612e-04
7.813830e-04
7.838085e-04
7.862379e-04
7.886709e-04
7.911077e-04
7.935483e-04
7.959926e-04
7.984407e-04
8.008925e-04
8.033481e-04
8.058074e-04
8.082705e-04
8.107373e-04
8.132079e-04
8.156822e-04
8.181603e-04
8.206421e-04
8.231277e-04
8.256170e-04
8.281101e-04
8.306069e-04
8.331075e-04
8.356118e-04
8.381199e-04
8.406318e-04
8.431474e-04
8.456667e-04
8.481898e-04
8.507166e-04
8.532472e-04
8.557816e-04
8.583197e-04
8.608615e-04
8.634071e-04
8.659565e-04
8.685096e-04
8.710664e-04
8.736270e-04
8.761914e-04
8.787595e-04
8.813314e-04
8.839070e-04
8.864863e-04
8.890694e-04
8.916563e-04
8.942469e-04
8.968413e-04
8.994394e-04
9.020413e-04
9.046469e-04
9.072563e-04
9.098694e-04
9.124863e-04
9.151069e-04
9.177313e-04
9.203594e-04
9.229913e-04
9.256269e-04
9.282663e-04
9.309094e-04
9.335563e-04
9.362069e-04
9.388613e-04
9.415195e-04
9.441814e-04
9.468470e-04
9.495164e-04
9.521895e-04
9.548664e-04
9.575471e-04
9.602315e-04
9.629196e-04
9.656115e-04
9.683072e-04
9.710066e-04
9.737097e-04
9.764166e-04
9.791273e-04
9.818417e-04
9.845598e-04
9.872818e-04
9.900074e-04
9.927368e-04
9.954700e-04
9.982069e-04
1.000948e-03
1.003692e-03
1.006440e-03
1.009192e-03
1.011948e-03
1.014707e-03
1.017470e-03
1.020237e-03
1.023008e-03
1.025782e-03
1.028561e-03
1.031342e-03
1.034128e-03
1.036918e-03
1.039711e-03
1.042508e-03
1.045308e-03
1.048113e-03
1.050921e-03
1.053733e-03
1.056549e-03
1.059368e-03
1.062191e-03
1.065018e-03
1.067849e-03
1.070683e-03
1.073522e-03
1.076364e-03
1.079209e-03
1.082059e-03
1.084912e-03
1.087769e-03
1.090630e-03
1.093494e-03
1.096362e-03
1.099234e-03
1.102110e-03
1.104989e-03
1.107873e-03
1.110759e-03
1.113650e-03
1.116545e-03
1.119443e-03
1.122345e-03
1.125251e-03
1.128160e-03
1.131073e-03
1.133990e-03
1.136911e-03
1.139835e-03
1.142764e-03
1.145696e-03
1.148631e-03
1.151571e-03
1.154514e-03
1.157461e-03
1.160412e-03
1.163366e-03
1.166325e-03
1.169287e-03
1.172252e-03
1.175222e-03
1.178195e-03
1.181172e-03
1.184153e-03
1.187137e-03
1.190126e-03
1.193118e-03
1.196113e-03
1.199113e-03
1.202116e-03
1.205123e-03
1.208134e-03
1.211148e-03
1.214167e-03
1.217189e-03
1.220214e-03
1.223244e-03
1.226277e-03
1.229314e-03
1.232355e-03
1.235399e-03
1.238448e-03
1.241500e-03
1.244555e-03
1.247615e-03
1.250678e-03
1.253745e-03
1.256816e-03
1.259891e-03
1.262969e-03
1.266051e-03
1.269137e-03
1.272226e-03
1.275319e-03
1.278416e-03
1.281517e-03
1.284622e-03
1.287730e-03
1.290842e-03
1.293958e-03
1.297077e-03
1.300201e-03
1.303328e-03
1.306459e-03
1.309593e-03
1.312731e-03
1.315874e-03
1.319019e-03
1.322169e-03
1.325322e-03
1.328479e-03
1.331640e-03
1.334805e-03
1.337973e-03
1.341145e-03
1.344321e-03
1.347500e-03
1.350684e-03
1.353871e-03
1.357062e-03
1.360256e-03
1.363454e-03
1.366656e-03
1.369862e-03
1.373072e-03
1.376285e-03
1.379502e-03
1.382723e-03
1.385948e-03
1.389176e-03
1.392408e-03
1.395644e-03
1.398883e-03
1.402127e-03
1.405374e-03
1.408625e-03
1.411879e-03
1.415138e-03
1.418400e-03
1.421666e-03
1.424935e-03
1.428209e-03
1.431486e-03
1.434766e-03
1.438051e-03
1.441339e-03
1.444632e-03
1.447927e-03
1.451227e-03
1.454530e-03
1.457837e-03
1.461148e-03
1.464463e-03
1.467781e-03
1.471103e-03
1.474429e-03
1.477759e-03
1.481092e-03
1.484429e-03
1.487770e-03
1.491115e-03
1.494463e-03
1.497815e-03
1.501171e-03
1.504531e-03
1.507894e-03
1.511261e-03
1.514632e-03
1.518007e-03
1.521385e-03
1.524767e-03
1.528153e-03
1.531543e-03
1.534936e-03
1.538333e-03
1.541734e-03
1.545139e-03
1.548547e-03
1.551959e-03
1.555375e-03
1.558795e-03
1.562218e-03
1.565645e-03
1.569076e-03
1.572511e-03
1.575949e-03
1.579392e-03
1.582837e-03
1.586287e-03
1.589740e-03
1.593198e-03
1.596659e-03
1.600123e-03
1.603592e-03
1.607064e-03
1.610540e-03
1.614019e-03
1.617503e-03
1.620990e-03
1.624481e-03
1.627975e-03
1.631474e-03
1.634976e-03
1.638482e-03
1.641992e-03
1.645505e-03
1.649022e-03
1.652543e-03
1.656068e-03
1.659596e-03
1.663128e-03
1.666664e-03
1.670204e-03
1.673748e-03
1.677295e-03
1.680846e-03
1.684400e-03
1.687959e-03
1.691521e-03
1.695087e-03
1.698657e-03
1.702230e-03
1.705807e-03
1.709388e-03
1.712973e-03
1.716561e-03
1.720154e-03
1.723749e-03
1.727349e-03
1.730953e-03
1.734560e-03
1.738171e-03
1.741786e-03
1.745404e-03
1.749026e-03
1.752652e-03
1.756282e-03
1.759915e-03
1.763553e-03
1.767193e-03
1.770838e-03
1.774487e-03
1.778139e-03
1.781795e-03
1.785455e-03
1.789118e-03
1.792785e-03
1.796456e-03
1.800131e-03
1.803809e-03
1.807492e-03
1.811178e-03
1.814867e-03
1.818561e-03
1.822258e-03
1.825959e-03
1.829664e-03
1.833372e-03
1.837085e-03
1.840801e-03
1.844520e-03
1.848244e-03
1.851971e-03
1.855702e-03
1.859437e-03
1.863175e-03
1.866918e-03
1.870664e-03
1.874413e-03
1.878167e-03
1.881924e-03
1.885685e-03
1.889450e-03
1.893218e-03
1.896991e-03
1.900767e-03
1.904546e-03
1.908330e-03
1.912117e-03
1.915908e-03
1.919703e-03
1.923501e-03
1.927304e-03
1.931110e-03
1.934920e-03
1.938733e-03
1.942550e-03
1.946371e-03
1.950196e-03
1.954025e-03
1.957857e-03
1.961693e-03
1.965533e-03
1.969376e-03
1.973224e-03
1.977075e-03
1.980929e-03
1.984788e-03
1.988650e-03
1.992516e-03
1.996386e-03
2.000260e-03
2.004137e-03
2.008018e-03
2.011903e-03
2.015791e-03
2.019684e-03
2.023580e-03
2.027479e-03
2.031383e-03
2.035290e-03
2.039201e-03
2.043116e-03
2.047035e-03
2.050957e-03
2.054883e-03
2.058813e-03
2.062746e-03
2.066684e-03
2.070625e-03
2.074570e-03
2.078518e-03
2.082471e-03
2.086427e-03
2.090386e-03
2.094350e-03
2.098317e-03
2.102288e-03
2.106263e-03
2.110242e-03
2.114224e-03
2.118210e-03
2.122200e-03
2.126194e-03
2.130191e-03
2.134192e-03
2.138197e-03
2.142205e-03
2.146218e-03
2.150234e-03
2.154254e-03
2.158277e-03
2.162305e-03
2.166336e-03
2.170371e-03
2.174409e-03
2.178452e-03
2.182498e-03
2.186548e-03
2.190601e-03
2.194659e-03
2.198720e-03
2.202784e-03
2.206853e-03
2.210925e-03
2.215002e-03
2.219081e-03
2.223165e-03
2.227252e-03
2.231344e-03
2.235438e-03
2.239537e-03
2.243639e-03
2.247745e-03
2.251855e-03
2.255969e-03
2.260086e-03
2.264207e-03
2.268332e-03
2.272461e-03
2.276593e-03
2.280730e-03
2.284869e-03
2.289013e-03
2.293160e-03
2.297312e-03
2.301466e-03
2.305625e-03
2.309787e-03
2.313954e-03
2.318124e-03
2.322297e-03
2.326475e-03
2.330656e-03
2.334841e-03
2.339029e-03
2.343222e-03
2.347418e-03
2.351618e-03
2.355821e-03
2.360029e-03
2.364240e-03
2.368455e-03
2.372673e-03
2.376896e-03
2.381122e-03
2.385352e-03
2.389586e-03
2.393823e-03
2.398064e-03
2.402309e-03
2.406558e-03
2.410810e-03
2.415066e-03
2.419326e-03
2.423590e-03
2.427857e-03
2.432129e-03
2.436404e-03
2.440682e-03
2.444965e-03
2.449251e-03
2.453541e-03
2.457834e-03
2.462132e-03
2.466433e-03
2.470738e-03
2.475047e-03
2.479359e-03
2.483675e-03
2.487995e-03
2.492319e-03
2.496646e-03
2.500978e-03
2.505313e-03
2.509651e-03
2.513994e-03
2.518340e-03
2.522690e-03
2.527044e-03
2.531401e-03
2.535762e-03
2.540127e-03
2.544496e-03
2.548868e-03
2.553245e-03
2.557624e-03
2.562008e-03
2.566396e-03
2.570787e-03
2.575182e-03
2.579581e-03
2.583983e-03
2.588389e-03
2.592799e-03
2.597213e-03
2.601630e-03
2.606052e-03
2.610477e-03
2.614905e-03
2.619338e-03
2.623774e-03
2.628214e-03
2.632658e-03
2.637105e-03
2.641557e-03
2.646012e-03
2.650470e-03
2.654933e-03
2.659399e-03
2.663869e-03
2.668343e-03
2.672820e-03
2.677301e-03
2.681786e-03
2.686275e-03
2.690768e-03
2.695264e-03
2.699764e-03
2.704268e-03
2.708775e-03
2.713286e-03
2.717801e-03
2.722320e-03
2.726843e-03
2.731369e-03
2.735899e-03
2.740433e-03
2.744970e-03
2.749512e-03
2.754057e-03
2.758605e-03
2.763158e-03
2.767714e-03
2.772274e-03
2.776838e-03
2.781405e-03
2.785977e-03
2.790552e-03
2.795131e-03
2.799713e-03
2.804299e-03
2.808889e-03
2.813483e-03
2.818081e-03
2.822682e-03
2.827287e-03
2.831896e-03
2.836508e-03
2.841125e-03
2.845745e-03
2.850369e-03
2.854996e-03
2.859627e-03
2.864262e-03
2.868901e-03
2.873544e-03
2.878190e-03
2.882840e-03
2.887494e-03
2.892151e-03
2.896813e-03
2.901478e-03
2.906147e-03
2.910819e-03
2.915496e-03
2.920176e-03
2.924859e-03
2.929547e-03
2.934238e-03
2.938933e-03
2.943632e-03
2.948335e-03
2.953041e-03
2.957751e-03
2.962465e-03
2.967183e-03
2.971904e-03
2.976629e-03
2.981358e-03
2.986090e-03
2.990827e-03
2.995567e-03
3.000311e-03
3.005058e-03
3.009810e-03
3.014565e-03
3.019323e-03
3.024086e-03
3.028852e-03
3.033622e-03
3.038396e-03
3.043174e-03
3.047955e-03
3.052740e-03
3.057529e-03
3.062322e-03
3.067118e-03
3.071918e-03
3.076722e-03
3.081530e-03
3.086341e-03
3.091156e-03
3.095975e-03
3.100798e-03
3.105624e-03
3.110454e-03
3.115288e-03
3.120126e-03
3.124967e-03
3.129812e-03
3.134661e-03
3.139514e-03
3.144370e-03
3.149230e-03
3.154094e-03
3.158962e-03
3.163833e-03
3.168708e-03
3.173587e-03
3.178470e-03
3.183356e-03
3.188246e-03
3.193140e-03
3.198038e-03
3.202939e-03
3.207844e-03
3.212753e-03
3.217666e-03
3.222582e-03
3.227502e-03
3.232426e-03
3.237354e-03
3.242285e-03
3.247220e-03
3.252159e-03
3.257102e-03
3.262048e-03
3.266998e-03
3.271952e-03
3.276910e-03
3.281871e-03
3.286837e-03
3.291805e-03
3.296778e-03
3.301755e-03
3.306735e-03
3.311719e-03
3.316706e-03
3.321698e-03
3.326693e-03
3.331692e-03
3.336694e-03
3.341701e-03
3.346711e-03
3.351725e-03
3.356743e-03
3.361764e-03
3.366789e-03
3.371818e-03
3.376851e-03
3.381887e-03
3.386927e-03
3.391971e-03
3.397019e-03
3.402071e-03
3.407126e-03
3.412185e-03
3.417247e-03
3.422314e-03
3.427384e-03
3.432458e-03
3.437536e-03
3.442617e-03
3.447702e-03
3.452791e-03
3.457884e-03
3.462980e-03
3.468081e-03
3.473185e-03
3.478292e-03
3.483404e-03
3.488519e-03
3.493638e-03
3.498761e-03
3.503887e-03
3.509017e-03
3.514151e-03
3.519289e-03
3.524430e-03
3.529576e-03
3.534725e-03
3.539877e-03
3.545034e-03
3.550194e-03
3.555358e-03
3.560526e-03
3.565697e-03
3.570872e-03
3.576051e-03
3.581234e-03
3.586421e-03
3.591611e-03
3.596805e-03
3.602003e-03
3.607204e-03
3.612409e-03
3.617618e-03
3.622831e-03
3.628048e-03
3.633268e-03
3.638492e-03
3.643720e-03
3.648951e-03
3.654186e-03
3.659425e-03
3.664668e-03
3.669915e-03
3.675165e-03
3.680419e-03
3.685677e-03
3.690938e-03
3.696203e-03
3.701472e-03
3.706745e-03
3.712022e-03
3.717302e-03
3.722586e-03
3.727874e-03
3.733165e-03
3.738460e-03
3.743759e-03
3.749062e-03
3.754369e-03
3.759679e-03
3.764993e-03
3.770311e-03
3.775632e-03
3.780958e-03
3.786287e-03
3.791619e-03
3.796956e-03
3.802296e-03
3.807640e-03
3.812988e-03
3.818340e-03
3.823695e-03
3.829054e-03
3.834417e-03
3.839783e-03
3.845154e-03
3.850528e-03
3.855905e-03
3.861287e-03
3.866672e-03
3.872061e-03
3.877454e-03
3.882851e-03
3.888251e-03
3.893655e-03
3.899063e-03
3.904474e-03
3.909890e-03
3.915309e-03
3.920732e-03
3.926158e-03
3.931588e-03
3.937022e-03
3.942460e-03
3.947902e-03
3.953347e-03
3.958796e-03
3.964249e-03
3.969706e-03
3.975166e-03
3.980630e-03
3.986098e-03
3.991569e-03
3.997045e-03
4.002524e-03
4.008007e-03
4.013493e-03
4.018984e-03
4.024478e-03
4.029976e-03
4.035477e-03
4.040982e-03
4.046492e-03
4.052004e-03
4.057521e-03
4.063041e-03
4.068565e-03
4.074093e-03
4.079625e-03
4.085160e-03
4.090699e-03
4.096242e-03
4.101789e-03
4.107339e-03
4.112893e-03
4.118451e-03
4.124013e-03
4.129578e-03
4.135147e-03
4.140720e-03
4.146297e-03
4.151877e-03
4.157461e-03
4.163049e-03
4.168641e-03
4.174236e-03
4.179835e-03
4.185438e-03
4.191045e-03
4.196655e-03
4.202269e-03
4.207887e-03
4.213509e-03
4.219134e-03
4.224763e-03
4.230396e-03
4.236033e-03
4.241673e-03
4.247317e-03
4.252965e-03
4.258617e-03
4.264272e-03
4.269931e-03
4.275594e-03
4.281261e-03
4.286931e-03
4.292605e-03
4.298283e-03
4.303965e-03
4.309650e-03
4.315339e-03
4.321032e-03
4.326729e-03
4.332429e-03
4.338133e-03
4.343841e-03
4.349553e-03
4.355268e-03
4.360988e-03
4.366710e-03
4.372437e-03
4.378168e-03
4.383237e-03
4.388288e-03
4.393320e-03
4.398333e-03
4.403328e-03
4.408303e-03
4.413261e-03
4.418199e-03
4.423119e-03
4.428020e-03
4.432902e-03
4.437766e-03
4.442611e-03
4.447437e-03
4.452245e-03
4.457033e-03
4.461804e-03
4.466555e-03
4.471288e-03
4.476002e-03
4.480697e-03
4.485374e-03
4.490031e-03
4.494671e-03
4.499291e-03
4.503893e-03
4.508476e-03
4.513040e-03
4.517586e-03
4.522113e-03
4.526621e-03
4.531111e-03
4.535581e-03
4.540033e-03
4.544467e-03
4.548882e-03
4.553278e-03
4.557655e-03
4.562013e-03
4.566353e-03
4.570674e-03
4.574977e-03
4.579261e-03
4.583526e-03
4.587772e-03
4.592000e-03
4.596209e-03
4.600399e-03
4.604570e-03
4.608723e-03
4.612857e-03
4.616973e-03
4.621069e-03
4.625147e-03
4.629207e-03
4.633247e-03
4.637269e-03
4.641272e-03
4.645257e-03
4.649222e-03
4.653169e-03
4.657098e-03
4.661007e-03
4.664898e-03
4.668770e-03
4.672624e-03
4.676459e-03
4.680275e-03
4.684072e-03
4.687851e-03
4.691611e-03
4.695352e-03
4.699075e-03
4.702778e-03
4.706464e-03
4.710130e-03
4.713778e-03
4.717407e-03
4.721017e-03
4.724609e-03
4.728182e-03
4.731736e-03
4.735271e-03
4.738788e-03
4.742286e-03
4.745766e-03
4.749226e-03
4.752668e-03
4.756091e-03
4.759496e-03
4.762882e-03
4.766249e-03
4.769597e-03
4.772927e-03
4.776238e-03
4.779530e-03
4.782804e-03
4.786059e-03
4.789295e-03
4.792513e-03
4.795711e-03
4.798891e-03
4.802053e-03
4.805196e-03
4.808319e-03
4.811425e-03
4.814511e-03
4.817579e-03
4.820628e-03
4.823659e-03
4.826670e-03
4.829663e-03
4.832638e-03
4.835593e-03
4.838530e-03
4.841448e-03
4.844348e-03
4.847229e-03
4.850091e-03
4.852934e-03
4.855759e-03
4.858565e-03
4.861352e-03
4.864120e-03
4.866870e-03
4.869601e-03
4.872314e-03
4.875007e-03
4.877682e-03
4.880339e-03
4.882976e-03
4.885595e-03
4.888195e-03
4.890777e-03
4.893340e-03
4.895884e-03
4.898409e-03
4.900916e-03
4.903403e-03
4.905873e-03
4.908323e-03
4.910755e-03
4.913168e-03
4.915563e-03
4.917938e-03
4.920295e-03
4.922634e-03
4.924953e-03
4.927254e-03
4.929536e-03
4.931800e-03
4.934044e-03
4.936270e-03
4.938478e-03
4.940666e-03
4.942836e-03
4.944987e-03
4.947120e-03
4.949234e-03
4.951329e-03
4.953405e-03
4.955463e-03
4.957502e-03
4.959522e-03
4.961524e-03
4.963507e-03
4.965471e-03
4.967416e-03
4.969343e-03
4.971251e-03
4.973140e-03
4.975011e-03
4.976863e-03
4.978696e-03
4.980511e-03
4.982306e-03
4.984083e-03
4.985842e-03
4.987582e-03
4.989303e-03
4.991005e-03
4.992688e-03
4.994353e-03
4.995999e-03
4.997627e-03
4.999236e-03
5.000826e-03
5.002397e-03
5.003949e-03
5.005483e-03
5.006999e-03
5.008495e-03
5.009973e-03
5.011432e-03
5.012872e-03
5.014294e-03
5.015697e-03
5.017081e-03
5.018447e-03
5.019794e-03
5.021122e-03
5.022431e-03
5.023722e-03
5.024994e-03
5.026247e-03
5.027482e-03
5.028698e-03
5.029895e-03
5.031073e-03
5.032233e-03
5.033374e-03
5.034497e-03
5.035600e-03
5.036685e-03
5.037751e-03
5.038799e-03
5.039828e-03
5.040838e-03
5.041829e-03
5.042802e-03
5.043756e-03
5.044691e-03
5.045608e-03
5.046506e-03
5.047385e-03
5.048246e-03
5.049087e-03
5.049910e-03
5.050715e-03
5.051500e-03
5.052267e-03
5.053016e-03
5.053745e-03
5.054456e-03
5.055148e-03
5.055821e-03
5.056476e-03
5.057112e-03
5.057729e-03
5.058328e-03
5.058908e-03
5.059469e-03
5.060012e-03
5.060535e-03
5.061040e-03
5.061527e-03
5.061994e-03
5.062443e-03
5.062873e-03
5.063285e-03
5.063678e-03
5.064052e-03
5.064407e-03
5.064744e-03
5.065062e-03
5.065361e-03
5.065642e-03
5.065904e-03
5.066147e-03
5.066371e-03
5.066577e-03
5.066764e-03
5.066932e-03
5.067082e-03
5.067213e-03
5.067325e-03
5.067419e-03
5.067494e-03
5.067550e-03
5.067587e-03
5.067606e-03
5.067606e-03
5.067587e-03
5.067550e-03
5.067493e-03
5.067419e-03
5.067325e-03
5.067213e-03
5.067082e-03
5.066932e-03
5.066764e-03
5.066577e-03
5.066371e-03
5.066146e-03
5.065903e-03
5.065641e-03
5.065361e-03
5.065061e-03
5.064743e-03
5.064407e-03
5.064051e-03
5.063677e-03
5.063284e-03
5.062873e-03
5.062442e-03
5.061993e-03
5.061526e-03
5.061039e-03
5.060534e-03
5.060010e-03
5.059690e-03
5.059690e-03
5.059690e-03
5.059690e-03
5.059690e-03
5.059690e-03
5.059690e-03
5.059690e-03
5.059690e-03
5.059690e-03
5.059690e-03
5.059690e-03
5.059690e-03
5.059690e-03
5.059690e-03
5.059690e-03
5.059690e-03
5.059690e-03
5.059690e-03
5.059690e-03
5.059690e-03
5.059690e-03
5.059690e-03
5.059690e-03
5.059690e-03
5.059690e-03
5.059690e-03
5.059690e-03
5.059690e-03
5.059690e-03
5.059690e-03
5.059690e-03
5.059690e-03
5.059690e-03
5.059690e-03
5.059690e-03
5.059690e-03
5.059690e-03
5.059690e-03
5.059690e-03
5.059690e-03
5.059690e-03
5.059690e-03
5.059690e-03
5.059690e-03
5.059690e-03
5.059690e-03
5.059690e-03
5.059690e-03
5.059690e-03
5.059690e-03
5.059690e-03
5.059690e-03
5.059690e-03
5.059690e-03
5.059690e-03
5.059690e-03
5.059690e-03
5.059690e-03
5.059690e-03
5.059690e-03
5.059690e-03
5.059690e-03
5.059690e-03
5.059690e-03
5.059690e-03
5.059690e-03
5.059690e-03
5.059690e-03
5.059690e-03
5.059690e-03
5.059690e-03
5.059690e-03
5.059690e-03
5.059690e-03
5.059690e-03
5.059690e-03
5.059690e-03
5.059690e-03
5.059690e-03
5.059690e-03
5.059690e-03
5.059690e-03
5.059690e-03
5.059690e-03
5.059690e-03
5.059690e-03
5.059690e-03
5.059690e-03
5.059690e-03
5.059690e-03
5.059690e-03
5.059690e-03
5.059690e-03
5.059690e-03
5.059690e-03
5.059690e-03
5.059690e-03
5.059690e-03
5.059690e-03
5.059690e-03
5.059690e-03
5.059690e-03
5.059690e-03
5.059690e-03
5.059690e-03
5.059690e-03
5.059690e-03
5.059690e-03
5.059690e-03
5.059690e-03
5.059690e-03
5.059690e-03
5.059690e-03
5.059690e-03
5.059690e-03
5.059690e-03
5.059690e-03
5.059690e-03
5.059690e-03
5.059690e-03
5.059690e-03
5.059690e-03
5.059690e-03
5.059690e-03
5.059690e-03
5.059690e-03
5.059690e-03
5.059690e-03
5.059690e-03
5.059690e-03
5.059690e-03
5.059690e-03
5.059690e-03
5.059690e-03
5.059690e-03
5.059690e-03
5.059690e-03
5.059690e-03
5.059690e-03
5.059690e-03
5.059690e-03
5.059690e-03
5.059690e-03
5.059690e-03
5.059690e-03
5.059690e-03
5.059690e-03
5.059690e-03
5.059690e-03
5.059690e-03
5.059690e-03
5.059690e-03
5.059690e-03
5.059690e-03
5.059690e-03
5.059690e-03
5.059690e-03
5.059690e-03
5.059690e-03
5.059690e-03
5.059690e-03
5.059690e-03
5.059690e-03
5.059690e-03
5.059690e-03
5.059690e-03
5.059690e-03
5.059690e-03
5.059690e-03
5.059690e-03
5.059690e-03
5.059690e-03
5.059690e-03
5.059690e-03
5.059690e-03
5.059690e-03
5.059690e-03
5.059690e-03
5.059690e-03
5.059690e-03
5.059690e-03
5.059690e-03
5.059690e-03
5.059690e-03
5.059690e-03
5.059690e-03
5.059690e-03
5.059690e-03
5.059690e-03
5.059690e-03
5.059690e-03
5.059690e-03
5.059690e-03
5.059690e-03
5.059690e-03
5.059690e-03
5.059690e-03
5.059690e-03
5.059690e-03
5.059690e-03
