0.000000e+00
1.110371e-07
2.263947e-07
3.460728e-07
4.700714e-07
5.983905e-07
7.310302e-07
8.679903e-07
1.009271e-06
1.154872e-06
1.304794e-06
1.459036e-06
1.617599e-06
1.780482e-06
1.947686e-06
2.119210e-06
2.295054e-06
2.475220e-06
2.659705e-06
2.848512e-06
3.041638e-06
3.239086e-06
3.440854e-06
3.646942e-06
3.857351e-06
4.072080e-06
4.291130e-06
4.514500e-06
4.742191e-06
4.974202e-06
5.210534e-06
5.451186e-06
5.696159e-06
5.945453e-06
6.199067e-06
6.457001e-06
6.719256e-06
6.985831e-06
7.256727e-06
7.531944e-06
7.811481e-06
8.095338e-06
8.383516e-06
8.676015e-06
8.972834e-06
9.273973e-06
9.579433e-06
9.889214e-06
1.020331e-05
1.052174e-05
1.084448e-05
1.117154e-05
1.150292e-05
1.183863e-05
1.217865e-05
1.252300e-05
1.287166e-05
1.322465e-05
1.358195e-05
1.394358e-05
1.430953e-05
1.467979e-05
1.505438e-05
1.543329e-05
1.581652e-05
1.620407e-05
1.659594e-05
1.699213e-05
1.739264e-05
1.779747e-05
1.820663e-05
1.862010e-05
1.903789e-05
1.946001e-05
1.988644e-05
2.031719e-05
2.075227e-05
2.119167e-05
2.163538e-05
2.208342e-05
2.253578e-05
2.299245e-05
2.345345e-05
2.391877e-05
2.438841e-05
2.486237e-05
2.534065e-05
2.582325e-05
2.631017e-05
2.680141e-05
2.729698e-05
2.779686e-05
2.830106e-05
2.880959e-05
2.932243e-05
2.983960e-05
3.036108e-05
3.088689e-05
3.141701e-05
3.195146e-05
3.249023e-05
3.303332e-05
3.358073e-05
3.413245e-05
3.468850e-05
3.524887e-05
3.581356e-05
3.638258e-05
3.695591e-05
3.753356e-05
3.811553e-05
3.870183e-05
3.929244e-05
3.988737e-05
4.048663e-05
4.109020e-05
4.169810e-05
4.231031e-05
4.292685e-05
4.354771e-05
4.417289e-05
4.480238e-05
4.543620e-05
4.607434e-05
4.671680e-05
4.736358e-05
4.801468e-05
4.867010e-05
4.932985e-05
4.999391e-05
5.066229e-05
5.133499e-05
5.201202e-05
5.269336e-05
5.337903e-05
5.406901e-05
5.476332e-05
5.546194e-05
5.616489e-05
5.687216e-05
5.758375e-05
5.829965e-05
5.901988e-05
5.974443e-05
6.047330e-05
6.120649e-05
6.194400e-05
6.268584e-05
6.343199e-05
6.418246e-05
6.493725e-05
6.569637e-05
6.645980e-05
6.722756e-05
6.799963e-05
6.877603e-05
6.955674e-05
7.034178e-05
7.113114e-05
7.192481e-05
7.272281e-05
7.352513e-05
7.433177e-05
7.514273e-05
7.595801e-05
7.677761e-05
7.760153e-05
7.842977e-05
7.926233e-05
8.009922e-05
8.094042e-05
8.178594e-05
8.263579e-05
8.348995e-05
8.434844e-05
8.521124e-05
8.607837e-05
8.694982e-05
8.782558e-05
8.870567e-05
8.959008e-05
9.047881e-05
9.137186e-05
9.226923e-05
9.317092e-05
9.407693e-05
9.498726e-05
9.590191e-05
9.682088e-05
9.774418e-05
9.867179e-05
9.960372e-05
1.005400e-04
1.014806e-04
1.024254e-04
1.033747e-04
1.043282e-04
1.052861e-04
1.062482e-04
1.072147e-04
1.081856e-04
1.091607e-04
1.101401e-04
1.111239e-04
1.121120e-04
1.131045e-04
1.141012e-04
1.151023e-04
1.161076e-04
1.171173e-04
1.181314e-04
1.191497e-04
1.201724e-04
1.211994e-04
1.222307e-04
1.232663e-04
1.243062e-04
1.253505e-04
1.263991e-04
1.274520e-04
1.285092e-04
1.295708e-04
1.306366e-04
1.317068e-04
1.327813e-04
1.338602e-04
1.349433e-04
1.360308e-04
1.371226e-04
1.382187e-04
1.393191e-04
1.404239e-04
1.415330e-04
1.426464e-04
1.437641e-04
1.448861e-04
1.460125e-04
1.471431e-04
1.482781e-04
1.494175e-04
1.505611e-04
1.517091e-04
1.528613e-04
1.540179e-04
1.551789e-04
1.563441e-04
1.575137e-04
1.586876e-04
1.598658e-04
1.610483e-04
1.622351e-04
1.634263e-04
1.646218e-04
1.658216e-04
1.670257e-04
1.682341e-04
1.694469e-04
1.706640e-04
1.718854e-04
1.731111e-04
1.743412e-04
1.755756e-04
1.768142e-04
1.780573e-04
1.793046e-04
1.805562e-04
1.818122e-04
1.830725e-04
1.843371e-04
1.856061e-04
1.868793e-04
1.881569e-04
1.894388e-04
1.907250e-04
1.920155e-04
1.933104e-04
1.946096e-04
1.959131e-04
1.972209e-04
1.985330e-04
1.998495e-04
2.011703e-04
2.024954e-04
2.038248e-04
2.051585e-04
2.064966e-04
2.078390e-04
2.091857e-04
2.105367e-04
2.118920e-04
2.132517e-04
2.146157e-04
2.159840e-04
2.173566e-04
2.187336e-04
2.201148e-04
2.215004e-04
2.228903e-04
2.242845e-04
2.256831e-04
2.270860e-04
2.284932e-04
2.299047e-04
2.313205e-04
2.327406e-04
2.341651e-04
2.355939e-04
2.370270e-04
2.384645e-04
2.399062e-04
2.413523e-04
2.428027e-04
2.442574e-04
2.457164e-04
2.471798e-04
2.486475e-04
2.501195e-04
2.515958e-04
2.530764e-04
2.545614e-04
2.560507e-04
2.575443e-04
2.590422e-04
2.605444e-04
2.620510e-04
2.635619e-04
2.650771e-04
2.665966e-04
2.681204e-04
2.696486e-04
2.711811e-04
2.727179e-04
2.742590e-04
2.758045e-04
2.773542e-04
2.789083e-04
2.804667e-04
2.820294e-04
2.835965e-04
2.851679e-04
2.867436e-04
2.883236e-04
2.899079e-04
2.914965e-04
2.930895e-04
2.946868e-04
2.962884e-04
2.978944e-04
2.995046e-04
3.011192e-04
3.027381e-04
3.043613e-04
3.059888e-04
3.076207e-04
3.092569e-04
3.108974e-04
3.125422e-04
3.141913e-04
3.158448e-04
3.175026e-04
3.191647e-04
3.208311e-04
3.225018e-04
3.241769e-04
3.258563e-04
3.275400e-04
3.292280e-04
3.309203e-04
3.326170e-04
3.343180e-04
3.360233e-04
3.377329e-04
3.394469e-04
3.411651e-04
3.428877e-04
3.446146e-04
3.463458e-04
3.480814e-04
3.498213e-04
3.515655e-04
3.533140e-04
3.550668e-04
3.568239e-04
3.585854e-04
3.603512e-04
3.621213e-04
3.638958e-04
3.656745e-04
3.674576e-04
3.692450e-04
3.710367e-04
3.728327e-04
3.746331e-04
3.764378e-04
3.782468e-04
3.800601e-04
3.818777e-04
3.836997e-04
3.855259e-04
3.873565e-04
3.891915e-04
3.910307e-04
3.928743e-04
3.947222e-04
3.965744e-04
3.984309e-04
4.002917e-04
4.021569e-04
4.040264e-04
4.059002e-04
4.077783e-04
4.096607e-04
4.115475e-04
4.134386e-04
4.153340e-04
4.172337e-04
4.191378e-04
4.210462e-04
4.229588e-04
4.248759e-04
4.267972e-04
4.287228e-04
4.306528e-04
4.325871e-04
4.345257e-04
4.364686e-04
4.384159e-04
4.403675e-04
4.423234e-04
4.442836e-04
4.462481e-04
4.482170e-04
4.501901e-04
4.521676e-04
4.541495e-04
4.561356e-04
4.581261e-04
4.601208e-04
4.621199e-04
4.641234e-04
4.661311e-04
4.681432e-04
4.701595e-04
4.721802e-04
4.742053e-04
4.762346e-04
4.782683e-04
4.803063e-04
4.823486e-04
4.843952e-04
4.864461e-04
4.885014e-04
4.905610e-04
4.926249e-04
4.946931e-04
4.967657e-04
4.988425e-04
5.009237e-04
5.030092e-04
5.050991e-04
5.071932e-04
5.092917e-04
5.113945e-04
5.135016e-04
5.156130e-04
5.177288e-04
5.198489e-04
5.219732e-04
5.241020e-04
5.262350e-04
5.283724e-04
5.305140e-04
5.326600e-04
5.348103e-04
5.369650e-04
5.391239e-04
5.412872e-04
5.434548e-04
5.456267e-04
5.478030e-04
5.499835e-04
5.521684e-04
5.543576e-04
5.565511e-04
5.587490e-04
5.609512e-04
5.631576e-04
5.653684e-04
5.675836e-04
5.698030e-04
5.720268e-04
5.742549e-04
5.764873e-04
5.787240e-04
5.809650e-04
5.832104e-04
5.854601e-04
5.877141e-04
5.899724e-04
5.922351e-04
5.945021e-04
5.967734e-04
5.990490e-04
6.013289e-04
6.036132e-04
6.059017e-04
6.081946e-04
6.104918e-04
6.127934e-04
6.150992e-04
6.174094e-04
6.197239e-04
6.220427e-04
6.243659e-04
6.266933e-04
6.290251e-04
6.313612e-04
6.337016e-04
6.360464e-04
6.383954e-04
6.407488e-04
6.431065e-04
6.454685e-04
6.478349e-04
6.502055e-04
6.525805e-04
6.549598e-04
6.573434e-04
6.597314e-04
6.621237e-04
6.645202e-04
6.669211e-04
6.693264e-04
6.717359e-04
6.741498e-04
6.765680e-04
6.789905e-04
6.814173e-04
6.838485e-04
6.862839e-04
6.887237e-04
6.911678e-04
6.936163e-04
6.960690e-04
6.985261e-04
7.009875e-04
7.034532e-04
7.059232e-04
7.083976e-04
7.108763e-04
7.133593e-04
7.158466e-04
7.183382e-04
7.208342e-04
7.233345e-04
7.258391e-04
7.283480e-04
7.308612e-04
7.333788e-04
7.359007e-04
7.384269e-04
7.409574e-04
7.434922e-04
7.460314e-04
7.485749e-04
7.511227e-04
7.536748e-04
7.562313e-04
7.587920e-04
7.613571e-04
7.639265e-04
7.665002e-04
7.690783e-04
7.716607e-04
7.742473e-04
7.768384e-04
7.794337e-04
7.820333e-04
7.846373e-04
7.872456e-04
7.898582e-04
7.924751e-04
7.950964e-04
7.977220e-04
8.003519e-04
8.029861e-04
8.056246e-04
8.082675e-04
8.109146e-04
8.135661e-04
8.162220e-04
8.188821e-04
8.215466e-04
8.242153e-04
8.268884e-04
8.295658e-04
8.322476e-04
8.349336e-04
8.376240e-04
8.403187e-04
8.430178e-04
8.457211e-04
8.484288e-04
8.511407e-04
8.538570e-04
8.565777e-04
8.593026e-04
8.620319e-04
8.647655e-04
8.675034e-04
8.702456e-04
8.729922e-04
8.757430e-04
8.784982e-04
8.812577e-04
8.840215e-04
8.867897e-04
8.895622e-04
8.923390e-04
8.951201e-04
8.979055e-04
9.006953e-04
9.034893e-04
9.062877e-04
9.090904e-04
9.118975e-04
9.147088e-04
9.175245e-04
9.203445e-04
9.231688e-04
9.259975e-04
9.288304e-04
9.316677e-04
9.345093e-04
9.373552e-04
9.402054e-04
9.430600e-04
9.459189e-04
9.487821e-04
9.516496e-04
9.545215e-04
9.573976e-04
9.602781e-04
9.631629e-04
9.660520e-04
9.689455e-04
9.718432e-04
9.747453e-04
9.776517e-04
9.805625e-04
9.834775e-04
9.863969e-04
9.893206e-04
9.922486e-04
9.951809e-04
9.981176e-04
1.001059e-03
1.004004e-03
1.006953e-03
1.009907e-03
1.012866e-03
1.015828e-03
1.018795e-03
1.021766e-03
1.024742e-03
1.027722e-03
1.030706e-03
1.033694e-03
1.036687e-03
1.039684e-03
1.042686e-03
1.045692e-03
1.048702e-03
1.051716e-03
1.054735e-03
1.057758e-03
1.060785e-03
1.063817e-03
1.066853e-03
1.069893e-03
1.072938e-03
1.075987e-03
1.079040e-03
1.082098e-03
1.085160e-03
1.088226e-03
1.091297e-03
1.094372e-03
1.097451e-03
1.100534e-03
1.103622e-03
1.106714e-03
1.109811e-03
1.112912e-03
1.116017e-03
1.119126e-03
1.122240e-03
1.125358e-03
1.128481e-03
1.131607e-03
1.134739e-03
1.137874e-03
1.141014e-03
1.144158e-03
1.147306e-03
1.150459e-03
1.153616e-03
1.156777e-03
1.159943e-03
1.163113e-03
1.166287e-03
1.169465e-03
1.172648e-03
1.175836e-03
1.179027e-03
1.182223e-03
1.185423e-03
1.188628e-03
1.191837e-03
1.195050e-03
1.198267e-03
1.201489e-03
1.204715e-03
1.207946e-03
1.211180e-03
1.214420e-03
1.217663e-03
1.220911e-03
1.224163e-03
1.227419e-03
1.230680e-03
1.233945e-03
1.237214e-03
1.240488e-03
1.243766e-03
1.247048e-03
1.250335e-03
1.253626e-03
1.256921e-03
1.260220e-03
1.263524e-03
1.266832e-03
1.270145e-03
1.273462e-03
1.276783e-03
1.280109e-03
1.283438e-03
1.286773e-03
1.290111e-03
1.293454e-03
1.296801e-03
1.300152e-03
1.303508e-03
1.306868e-03
1.310232e-03
1.313601e-03
1.316974e-03
1.320351e-03
1.323733e-03
1.327119e-03
1.330509e-03
1.333904e-03
1.337303e-03
1.340706e-03
1.344114e-03
1.347526e-03
1.350942e-03
1.354363e-03
1.357787e-03
1.361217e-03
1.364650e-03
1.368088e-03
1.371530e-03
1.374977e-03
1.378427e-03
1.381882e-03
1.385342e-03
1.388806e-03
1.392274e-03
1.395746e-03
1.399223e-03
1.402704e-03
1.406189e-03
1.409679e-03
1.413173e-03
1.416671e-03
1.420174e-03
1.423681e-03
1.427192e-03
1.430708e-03
1.434228e-03
1.437752e-03
1.441280e-03
1.444813e-03
1.448350e-03
1.451892e-03
1.455438e-03
1.458988e-03
1.462542e-03
1.466101e-03
1.469664e-03
1.473232e-03
1.476804e-03
1.480380e-03
1.483960e-03
1.487545e-03
1.491134e-03
1.494727e-03
1.498325e-03
1.501927e-03
1.505533e-03
1.509144e-03
1.512759e-03
1.516378e-03
1.520002e-03
1.523630e-03
1.527262e-03
1.530899e-03
1.534539e-03
1.538185e-03
1.541834e-03
1.545488e-03
1.549146e-03
1.552809e-03
1.556476e-03
1.560147e-03
1.563822e-03
1.567502e-03
1.571186e-03
1.574874e-03
1.578567e-03
1.582264e-03
1.585966e-03
1.589671e-03
1.593381e-03
1.597096e-03
1.600814e-03
1.604537e-03
1.608265e-03
1.611996e-03
1.615732e-03
1.619472e-03
1.623217e-03
1.626966e-03
1.630719e-03
1.634477e-03
1.638239e-03
1.642005e-03
1.645775e-03
1.649550e-03
1.653329e-03
1.657113e-03
1.660901e-03
1.664693e-03
1.668489e-03
1.672290e-03
1.676095e-03
1.679904e-03
1.683718e-03
1.687536e-03
1.691358e-03
1.695185e-03
1.699016e-03
1.702851e-03
1.706691e-03
1.710535e-03
1.714383e-03
1.718236e-03
1.722093e-03
1.725954e-03
1.729820e-03
1.733689e-03
1.737564e-03
1.741442e-03
1.745325e-03
1.749212e-03
1.753104e-03
1.756999e-03
1.760900e-03
1.764804e-03
1.768713e-03
1.772626e-03
1.776543e-03
1.780465e-03
1.784391e-03
1.788321e-03
1.792256e-03
1.796195e-03
1.800138e-03
1.804086e-03
1.808038e-03
1.811994e-03
1.815955e-03
1.819920e-03
1.823889e-03
1.827863e-03
1.831841e-03
1.835823e-03
1.839809e-03
1.843800e-03
1.847795e-03
1.851795e-03
1.855799e-03
1.859807e-03
1.863819e-03
1.867836e-03
1.871857e-03
1.875883e-03
1.879912e-03
1.883946e-03
1.887985e-03
1.892027e-03
1.896074e-03
1.900126e-03
1.904181e-03
1.908241e-03
1.912306e-03
1.916374e-03
1.920447e-03
1.924525e-03
1.928606e-03
1.932692e-03
1.936782e-03
1.940877e-03
1.944976e-03
1.949079e-03
1.953186e-03
1.957298e-03
1.961414e-03
1.965535e-03
1.969660e-03
1.973789e-03
1.977922e-03
1.982060e-03
1.986202e-03
1.990348e-03
1.994499e-03
1.998654e-03
2.002814e-03
2.006977e-03
2.011145e-03
2.015318e-03
2.019494e-03
2.023675e-03
2.027860e-03
2.032050e-03
2.036244e-03
2.040442e-03
2.044645e-03
2.048852e-03
2.053063e-03
2.057278e-03
2.061498e-03
2.065722e-03
2.069951e-03
2.074184e-03
2.078421e-03
2.082662e-03
2.086908e-03
2.091158e-03
2.095412e-03
2.099671e-03
2.103934e-03
2.108202e-03
2.112473e-03
2.116749e-03
2.121030e-03
2.125314e-03
2.129603e-03
2.133896e-03
2.138194e-03
2.142496e-03
2.146802e-03
2.151113e-03
2.155428e-03
2.159747e-03
2.164070e-03
2.168398e-03
2.172731e-03
2.177067e-03
2.181408e-03
2.185753e-03
2.190102e-03
2.194456e-03
2.198814e-03
2.203177e-03
2.207543e-03
2.211914e-03
2.216290e-03
2.220670e-03
2.225054e-03
2.229442e-03
2.233835e-03
2.238232e-03
2.242633e-03
2.247039e-03
2.251448e-03
2.255863e-03
2.260281e-03
2.264704e-03
2.269131e-03
2.273563e-03
2.277999e-03
2.282439e-03
2.286884e-03
2.291332e-03
2.295786e-03
2.300243e-03
2.304705e-03
2.309171e-03
2.313641e-03
2.318116e-03
2.322595e-03
2.327079e-03
2.331566e-03
2.336058e-03
2.340555e-03
2.345055e-03
2.349560e-03
2.354070e-03
2.358583e-03
2.363101e-03
2.367623e-03
2.372150e-03
2.376681e-03
2.381216e-03
2.385756e-03
2.390300e-03
2.394848e-03
2.399400e-03
2.403957e-03
2.408518e-03
2.413084e-03
2.417654e-03
2.422228e-03
2.426806e-03
2.431389e-03
2.435976e-03
2.440568e-03
2.445163e-03
2.449763e-03
2.454368e-03
2.458976e-03
2.463589e-03
2.468207e-03
2.472828e-03
2.477454e-03
2.482085e-03
2.486719e-03
2.491358e-03
2.496001e-03
2.500649e-03
2.505301e-03
2.509957e-03
2.514618e-03
2.519282e-03
2.523952e-03
2.528625e-03
2.533303e-03
2.537985e-03
2.542672e-03
2.547362e-03
2.552057e-03
2.556757e-03
2.561461e-03
2.566169e-03
2.570881e-03
2.575598e-03
2.580319e-03
2.585044e-03
2.589774e-03
2.594508e-03
2.599246e-03
2.603989e-03
2.608736e-03
2.613487e-03
2.618242e-03
2.623002e-03
2.627767e-03
2.632535e-03
2.637308e-03
2.642085e-03
2.646867e-03
2.651652e-03
2.656443e-03
2.661237e-03
2.666036e-03
2.670839e-03
2.675646e-03
2.680458e-03
2.685274e-03
2.690095e-03
2.694919e-03
2.699748e-03
2.704582e-03
2.709419e-03
2.714261e-03
2.719108e-03
2.723958e-03
2.728813e-03
2.733673e-03
2.738536e-03
2.743404e-03
2.748276e-03
2.753153e-03
2.758034e-03
2.762919e-03
2.767808e-03
2.772702e-03
2.777600e-03
2.782503e-03
2.787410e-03
2.792321e-03
2.797236e-03
2.802156e-03
2.807080e-03
2.812009e-03
2.816941e-03
2.821878e-03
2.826820e-03
2.831765e-03
2.836715e-03
2.841670e-03
2.846628e-03
2.851591e-03
2.856559e-03
2.861530e-03
2.866506e-03
2.871486e-03
2.876471e-03
2.881460e-03
2.886453e-03
2.891451e-03
2.896453e-03
2.901459e-03
2.906469e-03
2.911484e-03
2.916503e-03
2.921527e-03
2.926554e-03
2.931586e-03
2.936623e-03
2.941664e-03
2.946709e-03
2.951758e-03
2.956812e-03
2.961870e-03
2.966932e-03
2.971999e-03
2.977070e-03
2.982145e-03
2.987225e-03
2.992309e-03
2.997397e-03
3.002489e-03
3.007586e-03
3.012688e-03
3.017793e-03
3.022903e-03
3.028017e-03
3.033136e-03
3.038259e-03
3.043386e-03
3.048517e-03
3.053653e-03
3.058793e-03
3.063937e-03
3.069086e-03
3.074239e-03
3.079397e-03
3.084558e-03
3.089724e-03
3.094895e-03
3.100069e-03
3.105248e-03
3.110432e-03
3.115619e-03
3.120811e-03
3.126008e-03
3.131208e-03
3.136413e-03
3.141622e-03
3.146836e-03
3.152054e-03
3.157276e-03
3.162503e-03
3.167733e-03
3.172969e-03
3.178208e-03
3.183452e-03
3.188700e-03
3.193952e-03
3.199209e-03
3.204470e-03
3.209736e-03
3.215005e-03
3.220279e-03
3.225558e-03
3.230840e-03
3.236127e-03
3.241419e-03
3.246714e-03
3.252014e-03
3.257319e-03
3.262627e-03
3.267940e-03
3.273258e-03
3.278579e-03
3.283905e-03
3.289235e-03
3.294570e-03
3.299909e-03
3.305252e-03
3.310599e-03
3.315951e-03
3.321307e-03
3.326668e-03
3.332032e-03
3.337402e-03
3.342775e-03
3.348153e-03
3.353535e-03
3.358921e-03
3.364312e-03
3.369707e-03
3.375106e-03
3.380510e-03
3.385918e-03
3.391330e-03
3.396747e-03
3.402168e-03
3.407593e-03
3.413023e-03
3.418456e-03
3.423895e-03
3.429337e-03
3.434784e-03
3.440235e-03
3.445691e-03
3.451151e-03
3.456615e-03
3.462083e-03
3.467556e-03
3.473033e-03
3.478515e-03
3.484000e-03
3.489490e-03
3.494985e-03
3.500483e-03
3.505986e-03
3.511494e-03
3.517006e-03
3.522522e-03
3.528042e-03
3.533566e-03
3.539095e-03
3.544629e-03
3.550166e-03
3.555708e-03
3.561254e-03
3.566805e-03
3.572360e-03
3.577919e-03
3.583483e-03
3.589050e-03
3.594623e-03
3.600199e-03
3.605780e-03
3.611365e-03
3.616954e-03
3.622548e-03
3.628146e-03
3.633749e-03
3.639355e-03
3.644966e-03
3.650582e-03
3.656202e-03
3.661826e-03
3.667454e-03
3.673087e-03
3.678723e-03
3.684365e-03
3.690010e-03
3.695660e-03
3.701315e-03
3.706973e-03
3.712636e-03
3.718303e-03
3.723975e-03
3.729651e-03
3.735331e-03
3.741015e-03
3.746704e-03
3.752397e-03
3.758095e-03
3.763796e-03
3.769503e-03
3.775213e-03
3.780928e-03
3.786647e-03
3.792370e-03
3.798098e-03
3.803830e-03
3.809566e-03
3.815307e-03
3.821052e-03
3.826801e-03
3.832555e-03
3.838313e-03
3.844075e-03
3.849842e-03
3.855612e-03
3.861388e-03
3.867167e-03
3.872951e-03
3.878739e-03
3.884532e-03
3.890329e-03
3.896130e-03
3.901935e-03
3.907745e-03
3.913559e-03
3.919378e-03
3.925200e-03
3.931027e-03
3.936859e-03
3.942694e-03
3.948535e-03
3.954379e-03
3.960228e-03
3.966081e-03
3.971938e-03
3.977799e-03
3.983665e-03
3.989536e-03
3.995410e-03
4.001289e-03
4.007172e-03
4.013060e-03
4.018952e-03
4.024848e-03
4.030749e-03
4.036653e-03
4.042563e-03
4.048476e-03
4.054394e-03
4.060316e-03
4.066242e-03
4.072173e-03
4.078108e-03
4.084048e-03
4.089991e-03
4.095939e-03
4.101892e-03
4.107849e-03
4.113810e-03
4.119775e-03
4.125745e-03
4.131718e-03
4.137697e-03
4.143679e-03
4.149666e-03
4.155658e-03
4.161653e-03
4.167653e-03
4.173657e-03
4.179666e-03
4.185679e-03
4.191696e-03
4.197717e-03
4.203743e-03
4.209773e-03
4.215808e-03
4.221846e-03
4.227890e-03
4.233937e-03
4.239989e-03
4.246045e-03
4.252105e-03
4.258170e-03
4.264239e-03
4.270312e-03
4.276390e-03
4.282472e-03
4.288558e-03
4.294649e-03
4.300744e-03
4.306843e-03
4.312947e-03
4.319054e-03
4.325167e-03
4.331283e-03
4.337404e-03
4.343529e-03
4.349659e-03
4.355793e-03
4.361931e-03
4.368073e-03
4.374220e-03
4.380371e-03
4.386527e-03
4.392686e-03
4.398850e-03
4.405019e-03
4.411192e-03
4.417369e-03
4.423550e-03
4.429736e-03
4.435926e-03
4.442120e-03
4.448319e-03
4.454521e-03
4.460729e-03
4.466940e-03
4.473156e-03
4.479376e-03
4.485601e-03
4.491830e-03
4.498063e-03
4.504301e-03
4.510542e-03
4.516789e-03
4.523039e-03
4.529294e-03
4.535553e-03
4.541816e-03
4.548084e-03
4.554356e-03
4.560633e-03
4.566913e-03
4.573198e-03
4.579488e-03
4.585782e-03
4.592080e-03
4.598382e-03
4.604689e-03
4.610999e-03
4.617315e-03
4.623634e-03
4.629958e-03
4.636287e-03
4.642619e-03
4.648956e-03
4.655297e-03
4.661643e-03
4.667993e-03
4.674347e-03
4.680705e-03
4.687068e-03
4.693435e-03
4.699807e-03
4.706182e-03
4.712563e-03
4.718947e-03
4.725336e-03
4.731729e-03
4.738126e-03
4.744528e-03
4.750934e-03
4.757344e-03
4.763759e-03
4.770178e-03
4.776601e-03
4.783029e-03
4.789461e-03
4.795897e-03
4.802338e-03
4.808782e-03
4.815232e-03
4.821685e-03
4.828143e-03
4.834605e-03
4.841072e-03
4.847543e-03
4.854018e-03
4.860497e-03
4.866981e-03
4.873469e-03
4.879962e-03
4.886458e-03
4.892959e-03
4.899465e-03
4.905974e-03
4.912489e-03
4.919007e-03
4.925530e-03
4.932057e-03
4.938588e-03
4.945123e-03
4.951663e-03
4.958208e-03
4.964756e-03
4.971309e-03
4.977866e-03
4.984428e-03
4.990994e-03
4.997564e-03
5.004139e-03
5.010717e-03
5.017301e-03
5.023223e-03
5.029125e-03
5.035004e-03
5.040862e-03
5.046699e-03
5.052514e-03
5.058307e-03
5.064079e-03
5.069830e-03
5.075558e-03
5.081266e-03
5.086951e-03
5.092616e-03
5.098258e-03
5.103879e-03
5.109479e-03
5.115057e-03
5.120613e-03
5.126148e-03
5.131662e-03
5.137154e-03
5.142624e-03
5.148073e-03
5.153500e-03
5.158905e-03
5.164290e-03
5.169652e-03
5.174993e-03
5.180313e-03
5.185610e-03
5.190887e-03
5.196142e-03
5.201375e-03
5.206587e-03
5.211777e-03
5.216946e-03
5.222093e-03
5.227218e-03
5.232322e-03
5.237405e-03
5.242466e-03
5.247505e-03
5.252523e-03
5.257519e-03
5.262494e-03
5.267447e-03
5.272379e-03
5.277289e-03
5.282177e-03
5.287045e-03
5.291890e-03
5.296714e-03
5.301516e-03
5.306297e-03
5.311056e-03
5.315794e-03
5.320510e-03
5.325205e-03
5.329878e-03
5.334530e-03
5.339160e-03
5.343768e-03
5.348355e-03
5.352921e-03
5.357464e-03
5.361987e-03
5.366487e-03
5.370967e-03
5.375424e-03
5.379860e-03
5.384275e-03
5.388668e-03
5.393040e-03
5.397389e-03
5.401718e-03
5.406025e-03
5.410310e-03
5.414574e-03
5.418816e-03
5.423037e-03
5.427236e-03
5.431413e-03
5.435569e-03
5.439704e-03
5.443817e-03
5.447908e-03
5.451978e-03
5.456026e-03
5.460053e-03
5.464058e-03
5.468042e-03
5.472004e-03
5.475945e-03
5.479864e-03
5.483761e-03
5.487637e-03
5.491492e-03
5.495324e-03
5.499136e-03
5.502926e-03
5.506694e-03
5.510440e-03
5.514166e-03
5.517869e-03
5.521551e-03
5.525212e-03
5.528851e-03
5.532468e-03
5.536064e-03
5.539638e-03
5.543191e-03
5.546722e-03
5.550232e-03
5.553720e-03
5.557187e-03
5.560632e-03
5.564055e-03
5.567457e-03
5.570838e-03
5.574196e-03
5.577534e-03
5.580849e-03
5.584144e-03
5.587416e-03
5.590668e-03
5.593897e-03
5.597105e-03
5.600292e-03
5.603457e-03
5.606600e-03
5.609722e-03
5.612822e-03
5.615901e-03
5.618958e-03
5.621994e-03
5.625008e-03
5.628001e-03
5.630972e-03
5.633921e-03
5.636849e-03
5.639756e-03
5.642640e-03
5.645504e-03
5.648346e-03
5.651166e-03
5.653964e-03
5.656742e-03
5.659497e-03
5.662231e-03
5.664944e-03
5.667635e-03
5.670304e-03
5.672952e-03
5.675578e-03
5.678183e-03
5.680766e-03
5.683328e-03
5.685868e-03
5.688387e-03
5.690884e-03
5.693359e-03
5.695813e-03
5.698246e-03
5.700657e-03
5.703046e-03
5.705414e-03
5.707760e-03
5.710085e-03
5.712388e-03
5.714669e-03
5.716930e-03
5.719168e-03
5.721385e-03
5.723580e-03
5.725754e-03
5.727907e-03
5.730037e-03
5.732147e-03
5.734234e-03
5.736301e-03
5.738345e-03
5.740368e-03
5.742370e-03
5.744350e-03
5.746308e-03
5.748245e-03
5.750160e-03
5.752054e-03
5.753926e-03
5.755777e-03
5.757606e-03
5.759414e-03
5.761200e-03
5.762965e-03
5.764707e-03
5.766429e-03
5.768129e-03
5.769807e-03
5.771464e-03
5.773099e-03
5.774713e-03
5.776305e-03
5.777876e-03
5.779425e-03
5.780952e-03
5.782458e-03
5.783943e-03
5.785406e-03
5.786847e-03
5.788267e-03
5.789665e-03
5.791042e-03
5.792397e-03
5.793730e-03
5.795043e-03
5.796333e-03
5.797602e-03
5.798850e-03
5.800075e-03
5.801280e-03
5.802463e-03
5.803624e-03
5.804764e-03
5.805882e-03
5.806978e-03
5.808053e-03
5.809107e-03
5.810139e-03
5.811149e-03
5.812138e-03
5.813106e-03
5.814051e-03
5.814976e-03
5.815878e-03
5.816760e-03
5.817619e-03
5.818457e-03
5.819274e-03
5.820069e-03
5.820842e-03
5.821594e-03
5.822325e-03
5.823033e-03
5.823721e-03
5.824386e-03
5.825031e-03
5.825653e-03
5.826254e-03
5.826834e-03
5.827392e-03
5.827928e-03
5.828443e-03
5.828937e-03
5.829408e-03
5.829859e-03
5.830287e-03
5.830694e-03
5.831080e-03
5.831444e-03
5.831787e-03
5.832108e-03
5.832407e-03
5.832685e-03
5.832941e-03
5.833176e-03
5.833390e-03
5.833581e-03
5.833751e-03
5.833900e-03
5.834027e-03
5.834133e-03
5.834217e-03
5.834279e-03
5.834320e-03
5.834340e-03
5.834337e-03
5.834314e-03
5.834268e-03
5.834202e-03
5.834113e-03
5.834003e-03
5.833872e-03
5.833719e-03
5.833544e-03
5.833348e-03
5.833131e-03
5.832891e-03
5.832631e-03
5.832348e-03
5.832045e-03
5.831719e-03
5.831372e-03
5.831004e-03
5.830614e-03
5.830202e-03
5.829769e-03
5.829315e-03
5.828839e-03
5.828341e-03
5.827822e-03
5.827503e-03
5.827503e-03
5.827503e-03
5.827503e-03
5.827503e-03
5.827503e-03
5.827503e-03
5.827503e-03
5.827503e-03
5.827503e-03
5.827503e-03
5.827503e-03
5.827503e-03
5.827503e-03
5.827503e-03
5.827503e-03
5.827503e-03
5.827503e-03
5.827503e-03
5.827503e-03
5.827503e-03
5.827503e-03
5.827503e-03
5.827503e-03
5.827503e-03
5.827503e-03
5.827503e-03
5.827503e-03
5.827503e-03
5.827503e-03
5.827503e-03
5.827503e-03
5.827503e-03
5.827503e-03
5.827503e-03
5.827503e-03
5.827503e-03
5.827503e-03
5.827503e-03
5.827503e-03
5.827503e-03
5.827503e-03
5.827503e-03
5.827503e-03
5.827503e-03
5.827503e-03
5.827503e-03
5.827503e-03
5.827503e-03
5.827503e-03
5.827503e-03
5.827503e-03
5.827503e-03
5.827503e-03
5.827503e-03
5.827503e-03
5.827503e-03
5.827503e-03
5.827503e-03
5.827503e-03
5.827503e-03
5.827503e-03
5.827503e-03
5.827503e-03
5.827503e-03
5.827503e-03
5.827503e-03
5.827503e-03
5.827503e-03
5.827503e-03
5.827503e-03
5.827503e-03
5.827503e-03
5.827503e-03
5.827503e-03
5.827503e-03
5.827503e-03
5.827503e-03
5.827503e-03
5.827503e-03
5.827503e-03
5.827503e-03
5.827503e-03
5.827503e-03
5.827503e-03
5.827503e-03
5.827503e-03
5.827503e-03
5.827503e-03
5.827503e-03
5.827503e-03
5.827503e-03
5.827503e-03
5.827503e-03
5.827503e-03
5.827503e-03
5.827503e-03
5.827503e-03
5.827503e-03
5.827503e-03
5.827503e-03
5.827503e-03
5.827503e-03
5.827503e-03
5.827503e-03
5.827503e-03
5.827503e-03
5.827503e-03
5.827503e-03
5.827503e-03
5.827503e-03
5.827503e-03
5.827503e-03
5.827503e-03
5.827503e-03
5.827503e-03
5.827503e-03
5.827503e-03
5.827503e-03
5.827503e-03
5.827503e-03
5.827503e-03
5.827503e-03
5.827503e-03
5.827503e-03
5.827503e-03
5.827503e-03
5.827503e-03
5.827503e-03
5.827503e-03
5.827503e-03
5.827503e-03
5.827503e-03
5.827503e-03
5.827503e-03
5.827503e-03
5.827503e-03
5.827503e-03
5.827503e-03
5.827503e-03
5.827503e-03
5.827503e-03
5.827503e-03
5.827503e-03
5.827503e-03
5.827503e-03
5.827503e-03
5.827503e-03
5.827503e-03
5.827503e-03
5.827503e-03
5.827503e-03
5.827503e-03
5.827503e-03
5.827503e-03
5.827503e-03
5.827503e-03
5.827503e-03
5.827503e-03
5.827503e-03
5.827503e-03
5.827503e-03
5.827503e-03
5.827503e-03
5.827503e-03
5.827503e-03
5.827503e-03
5.827503e-03
5.827503e-03
5.827503e-03
5.827503e-03
5.827503e-03
5.827503e-03
5.827503e-03
5.827503e-03
5.827503e-03
5.827503e-03
5.827503e-03
5.827503e-03
5.827503e-03
5.827503e-03
5.827503e-03
5.827503e-03
5.827503e-03
5.827503e-03
5.827503e-03
5.827503e-03
5.827503e-03
5.827503e-03
5.827503e-03
5.827503e-03
5.827503e-03
5.827503e-03
5.827503e-03
5.827503e-03
5.827503e-03
5.827503e-03
5.827503e-03
5.827503e-03
5.827503e-03
5.827503e-03
