0.000000e+00
1.110371e-07
2.258128e-07
3.443271e-07
4.665801e-07
5.925717e-07
7.223019e-07
8.557707e-07
9.929781e-07
1.133924e-06
1.278609e-06
1.427032e-06
1.579194e-06
1.735095e-06
1.894734e-06
2.058112e-06
2.225228e-06
2.396083e-06
2.570677e-06
2.749009e-06
2.931080e-06
3.116890e-06
3.306438e-06
3.499724e-06
3.696750e-06
3.897514e-06
4.102017e-06
4.310258e-06
4.522238e-06
4.737956e-06
4.957413e-06
5.180609e-06
5.407543e-06
5.638216e-06
5.872628e-06
6.110778e-06
6.352667e-06
6.598295e-06
6.847661e-06
7.100766e-06
7.357609e-06
7.618191e-06
7.882512e-06
8.150571e-06
8.422369e-06
8.697905e-06
8.977180e-06
9.260194e-06
9.546946e-06
9.837437e-06
1.013167e-05
1.042964e-05
1.073134e-05
1.103679e-05
1.134597e-05
1.165889e-05
1.197556e-05
1.229596e-05
1.262009e-05
1.294797e-05
1.327959e-05
1.361494e-05
1.395403e-05
1.429687e-05
1.464344e-05
1.499375e-05
1.534779e-05
1.570558e-05
1.606710e-05
1.643237e-05
1.680137e-05
1.717411e-05
1.755059e-05
1.793081e-05
1.831476e-05
1.870246e-05
1.909389e-05
1.948906e-05
1.988798e-05
2.029063e-05
2.069701e-05
2.110714e-05
2.152101e-05
2.193861e-05
2.235995e-05
2.278503e-05
2.321385e-05
2.364641e-05
2.408271e-05
2.452275e-05
2.496652e-05
2.541403e-05
2.586529e-05
2.632028e-05
2.677900e-05
2.724147e-05
2.770768e-05
2.817762e-05
2.865131e-05
2.912873e-05
2.960989e-05
3.009479e-05
3.058343e-05
3.107580e-05
3.157192e-05
3.207177e-05
3.257537e-05
3.308270e-05
3.359377e-05
3.410857e-05
3.462712e-05
3.514941e-05
3.567543e-05
3.620519e-05
3.673869e-05
3.727594e-05
3.781691e-05
3.836163e-05
3.891009e-05
3.946228e-05
4.001821e-05
4.057789e-05
4.114130e-05
4.170845e-05
4.227933e-05
4.285396e-05
4.343232e-05
4.401443e-05
4.460027e-05
4.518985e-05
4.578317e-05
4.638023e-05
4.698102e-05
4.758556e-05
4.819383e-05
4.880585e-05
4.942160e-05
5.004109e-05
5.066432e-05
5.129128e-05
5.192199e-05
5.255643e-05
5.319462e-05
5.383654e-05
5.448220e-05
5.513160e-05
5.578473e-05
5.644161e-05
5.710222e-05
5.776658e-05
5.843467e-05
5.910650e-05
5.978207e-05
6.046138e-05
6.114442e-05
6.183121e-05
6.252173e-05
6.321599e-05
6.391399e-05
6.461573e-05
6.532121e-05
6.603043e-05
6.674338e-05
6.746008e-05
6.818051e-05
6.890468e-05
6.963259e-05
7.036424e-05
7.109963e-05
7.183875e-05
7.258162e-05
7.332822e-05
7.407856e-05
7.483264e-05
7.559046e-05
7.635202e-05
7.711731e-05
7.788635e-05
7.865912e-05
7.943563e-05
8.021588e-05
8.099987e-05
8.178760e-05
8.257907e-05
8.337427e-05
8.417321e-05
8.497590e-05
8.578232e-05
8.659248e-05
8.740638e-05
8.822401e-05
8.904539e-05
8.987050e-05
9.069935e-05
9.153195e-05
9.236828e-05
9.320834e-05
9.405215e-05
9.489970e-05
9.575098e-05
9.660600e-05
9.746477e-05
9.832727e-05
9.919350e-05
1.000635e-04
1.009372e-04
1.018147e-04
1.026958e-04
1.035808e-04
1.044694e-04
1.053619e-04
1.062580e-04
1.071579e-04
1.080615e-04
1.089689e-04
1.098800e-04
1.107948e-04
1.117134e-04
1.126357e-04
1.135618e-04
1.144916e-04
1.154251e-04
1.163624e-04
1.173034e-04
1.182481e-04
1.191966e-04
1.201489e-04
1.211048e-04
1.220645e-04
1.230280e-04
1.239952e-04
1.249661e-04
1.259407e-04
1.269191e-04
1.279013e-04
1.288871e-04
1.298768e-04
1.308701e-04
1.318672e-04
1.328680e-04
1.338726e-04
1.348809e-04
1.358929e-04
1.369087e-04
1.379282e-04
1.389515e-04
1.399785e-04
1.410092e-04
1.420437e-04
1.430819e-04
1.441239e-04
1.451696e-04
1.462190e-04
1.472722e-04
1.483291e-04
1.493897e-04
1.504541e-04
1.515223e-04
1.525941e-04
1.536697e-04
1.547491e-04
1.558321e-04
1.569190e-04
1.580095e-04
1.591038e-04
1.602018e-04
1.613036e-04
1.624091e-04
1.635184e-04
1.646314e-04
1.657481e-04
1.668686e-04
1.679928e-04
1.691207e-04
1.702524e-04
1.713878e-04
1.725270e-04
1.736699e-04
1.748165e-04
1.759669e-04
1.771210e-04
1.782788e-04
1.794404e-04
1.806057e-04
1.817748e-04
1.829476e-04
1.841242e-04
1.853044e-04
1.864885e-04
1.876762e-04
1.888677e-04
1.900630e-04
1.912619e-04
1.924647e-04
1.936711e-04
1.948813e-04
1.960952e-04
1.973129e-04
1.985343e-04
1.997595e-04
2.009883e-04
2.022210e-04
2.034573e-04
2.046974e-04
2.059413e-04
2.071888e-04
2.084402e-04
2.096952e-04
2.109540e-04
2.122165e-04
2.134828e-04
2.147528e-04
2.160266e-04
2.173041e-04
2.185853e-04
2.198703e-04
2.211590e-04
2.224514e-04
2.237476e-04
2.250475e-04
2.263512e-04
2.276586e-04
2.289697e-04
2.302846e-04
2.316032e-04
2.329255e-04
2.342516e-04
2.355814e-04
2.369150e-04
2.382523e-04
2.395934e-04
2.409381e-04
2.422867e-04
2.436389e-04
2.449949e-04
2.463547e-04
2.477181e-04
2.490853e-04
2.504563e-04
2.518310e-04
2.532094e-04
2.545916e-04
2.559775e-04
2.573671e-04
2.587605e-04
2.601577e-04
2.615585e-04
2.629631e-04
2.643715e-04
2.657835e-04
2.671993e-04
2.686189e-04
2.700422e-04
2.714692e-04
2.729000e-04
2.743345e-04
2.757728e-04
2.772147e-04
2.786605e-04
2.801099e-04
2.815631e-04
2.830201e-04
2.844808e-04
2.859452e-04
2.874133e-04
2.888852e-04
2.903609e-04
2.918402e-04
2.933233e-04
2.948102e-04
2.963008e-04
2.977951e-04
2.992932e-04
3.007950e-04
3.023005e-04
3.038098e-04
3.053228e-04
3.068396e-04
3.083601e-04
3.098843e-04
3.114123e-04
3.129440e-04
3.144795e-04
3.160187e-04
3.175616e-04
3.191082e-04
3.206587e-04
3.222128e-04
3.237707e-04
3.253323e-04
3.268977e-04
3.284668e-04
3.300396e-04
3.316162e-04
3.331965e-04
3.347806e-04
3.363683e-04
3.379599e-04
3.395551e-04
3.411542e-04
3.427569e-04
3.443634e-04
3.459736e-04
3.475876e-04
3.492053e-04
3.508267e-04
3.524519e-04
3.540808e-04
3.557135e-04
3.573499e-04
3.589900e-04
3.606339e-04
3.622815e-04
3.639328e-04
3.655879e-04
3.672468e-04
3.689093e-04
3.705756e-04
3.722457e-04
3.739194e-04
3.755970e-04
3.772782e-04
3.789632e-04
3.806520e-04
3.823444e-04
3.840406e-04
3.857406e-04
3.874443e-04
3.891517e-04
3.908629e-04
3.925778e-04
3.942964e-04
3.960188e-04
3.977449e-04
3.994748e-04
4.012084e-04
4.029457e-04
4.046868e-04
4.064316e-04
4.081802e-04
4.099325e-04
4.116885e-04
4.134483e-04
4.152118e-04
4.169790e-04
4.187500e-04
4.205247e-04
4.223032e-04
4.240854e-04
4.258713e-04
4.276610e-04
4.294544e-04
4.312516e-04
4.330525e-04
4.348571e-04
4.366655e-04
4.384776e-04
4.402935e-04
4.421130e-04
4.439364e-04
4.457634e-04
4.475942e-04
4.494288e-04
4.512671e-04
4.531091e-04
4.549548e-04
4.568043e-04
4.586576e-04
4.605145e-04
4.623753e-04
4.642397e-04
4.661079e-04
4.679798e-04
4.698555e-04
4.717349e-04
4.736180e-04
4.755049e-04
4.773955e-04
4.792899e-04
4.811880e-04
4.830898e-04
4.849954e-04
4.869047e-04
4.888178e-04
4.907346e-04
4.926551e-04
4.945794e-04
4.965074e-04
4.984391e-04
5.003746e-04
5.023138e-04
5.042568e-04
5.062035e-04
5.081539e-04
5.101081e-04
5.120660e-04
5.140277e-04
5.159931e-04
5.179622e-04
5.199351e-04
5.219117e-04
5.238920e-04
5.258761e-04
5.278640e-04
5.298555e-04
5.318508e-04
5.338499e-04
5.358526e-04
5.378592e-04
5.398694e-04
5.418834e-04
5.439011e-04
5.459226e-04
5.479478e-04
5.499768e-04
5.520095e-04
5.540459e-04
5.560861e-04
5.581300e-04
5.601776e-04
5.622290e-04
5.642841e-04
5.663430e-04
5.684056e-04
5.704719e-04
5.725420e-04
5.746158e-04
5.766934e-04
5.787746e-04
5.808597e-04
5.829484e-04
5.850409e-04
5.871372e-04
5.892372e-04
5.913409e-04
5.934484e-04
5.955596e-04
5.976745e-04
5.997932e-04
6.019156e-04
6.040417e-04
6.061716e-04
6.083053e-04
6.104426e-04
6.125838e-04
6.147286e-04
6.168772e-04
6.190295e-04
6.211856e-04
6.233454e-04
6.255089e-04
6.276762e-04
6.298472e-04
6.320220e-04
6.342005e-04
6.363827e-04
6.385687e-04
6.407584e-04
6.429518e-04
6.451490e-04
6.473500e-04
6.495546e-04
6.517630e-04
6.539752e-04
6.561910e-04
6.584107e-04
6.606340e-04
6.628611e-04
6.650920e-04
6.673265e-04
6.695648e-04
6.718069e-04
6.740527e-04
6.763022e-04
6.785555e-04
6.808125e-04
6.830732e-04
6.853377e-04
6.876059e-04
6.898779e-04
6.921536e-04
6.944330e-04
6.967162e-04
6.990031e-04
7.012938e-04
7.035882e-04
7.058863e-04
7.081882e-04
7.104938e-04
7.128031e-04
7.151162e-04
7.174330e-04
7.197536e-04
7.220779e-04
7.244060e-04
7.267377e-04
7.290732e-04
7.314125e-04
7.337555e-04
7.361022e-04
7.384527e-04
7.408069e-04
7.431649e-04
7.455266e-04
7.478920e-04
7.502611e-04
7.526340e-04
7.550107e-04
7.573911e-04
7.597752e-04
7.621630e-04
7.645546e-04
7.669500e-04
7.693491e-04
7.717519e-04
7.741584e-04
7.765687e-04
7.789827e-04
7.814005e-04
7.838220e-04
7.862473e-04
7.886762e-04
7.911090e-04
7.935454e-04
7.959856e-04
7.984296e-04
8.008772e-04
8.033286e-04
8.057838e-04
8.082427e-04
8.107053e-04
8.131717e-04
8.156418e-04
8.181156e-04
8.205932e-04
8.230746e-04
8.255596e-04
8.280484e-04
8.305410e-04
8.330372e-04
8.355373e-04
8.380410e-04
8.405485e-04
8.430597e-04
8.455747e-04
8.480934e-04
8.506159e-04
8.531421e-04
8.556720e-04
8.582056e-04
8.607430e-04
8.632842e-04
8.658291e-04
8.683777e-04
8.709300e-04
8.734861e-04
8.760460e-04
8.786095e-04
8.811769e-04
8.837479e-04
8.863227e-04
8.889012e-04
8.914835e-04
8.940695e-04
8.966592e-04
8.992527e-04
9.018499e-04
9.044509e-04
9.070556e-04
9.096640e-04
9.122762e-04
9.148921e-04
9.175118e-04
9.201352e-04
9.227623e-04
9.253932e-04
9.280278e-04
9.306661e-04
9.333082e-04
9.359540e-04
9.386036e-04
9.412569e-04
9.439139e-04
9.465747e-04
9.492392e-04
9.519075e-04
9.545795e-04
9.572552e-04
9.599347e-04
9.626179e-04
9.653048e-04
9.679955e-04
9.706899e-04
9.733881e-04
9.760900e-04
9.787957e-04
9.815050e-04
9.842182e-04
9.869350e-04
9.896556e-04
9.923799e-04
9.951080e-04
9.978398e-04
1.000575e-03
1.003315e-03
1.006058e-03
1.008804e-03
1.011555e-03
1.014309e-03
1.017067e-03
1.019829e-03
1.022594e-03
1.025364e-03
1.028136e-03
1.030913e-03
1.033694e-03
1.036478e-03
1.039266e-03
1.042057e-03
1.044853e-03
1.047652e-03
1.050455e-03
1.053261e-03
1.056071e-03
1.058886e-03
1.061703e-03
1.064525e-03
1.067350e-03
1.070179e-03
1.073012e-03
1.075848e-03
1.078689e-03
1.081533e-03
1.084380e-03
1.087232e-03
1.090087e-03
1.092946e-03
1.095809e-03
1.098675e-03
1.101545e-03
1.104419e-03
1.107297e-03
1.110178e-03
1.113063e-03
1.115952e-03
1.118844e-03
1.121741e-03
1.124641e-03
1.127545e-03
1.130452e-03
1.133363e-03
1.136278e-03
1.139197e-03
1.142120e-03
1.145046e-03
1.147976e-03
1.150909e-03
1.153847e-03
1.156788e-03
1.159733e-03
1.162682e-03
1.165634e-03
1.168590e-03
1.171550e-03
1.174514e-03
1.177481e-03
1.180452e-03
1.183427e-03
1.186405e-03
1.189388e-03
1.192374e-03
1.195364e-03
1.198357e-03
1.201354e-03
1.204355e-03
1.207360e-03
1.210369e-03
1.213381e-03
1.216397e-03
1.219416e-03
1.222440e-03
1.225467e-03
1.228498e-03
1.231533e-03
1.234571e-03
1.237613e-03
1.240659e-03
1.243708e-03
1.246762e-03
1.249819e-03
1.252880e-03
1.255944e-03
1.259013e-03
1.262085e-03
1.265160e-03
1.268240e-03
1.271323e-03
1.274410e-03
1.277501e-03
1.280595e-03
1.283693e-03
1.286795e-03
1.289901e-03
1.293010e-03
1.296124e-03
1.299240e-03
1.302361e-03
1.305485e-03
1.308614e-03
1.311745e-03
1.314881e-03
1.318020e-03
1.321163e-03
1.324310e-03
1.327461e-03
1.330615e-03
1.333773e-03
1.336935e-03
1.340100e-03
1.343269e-03
1.346442e-03
1.349619e-03
1.352800e-03
1.355984e-03
1.359172e-03
1.362363e-03
1.365559e-03
1.368758e-03
1.371961e-03
1.375167e-03
1.378378e-03
1.381592e-03
1.384810e-03
1.388031e-03
1.391257e-03
1.394486e-03
1.397718e-03
1.400955e-03
1.404195e-03
1.407439e-03
1.410687e-03
1.413938e-03
1.417194e-03
1.420453e-03
1.423715e-03
1.426982e-03
1.430252e-03
1.433526e-03
1.436803e-03
1.440085e-03
1.443370e-03
1.446659e-03
1.449951e-03
1.453248e-03
1.456548e-03
1.459852e-03
1.463159e-03
1.466471e-03
1.469786e-03
1.473104e-03
1.476427e-03
1.479753e-03
1.483083e-03
1.486417e-03
1.489754e-03
1.493096e-03
1.496440e-03
1.499789e-03
1.503142e-03
1.506498e-03
1.509858e-03
1.513221e-03
1.516589e-03
1.519960e-03
1.523335e-03
1.526713e-03
1.530096e-03
1.533482e-03
1.536871e-03
1.540265e-03
1.543662e-03
1.547063e-03
1.550468e-03
1.553877e-03
1.557289e-03
1.560705e-03
1.564124e-03
1.567548e-03
1.570975e-03
1.574406e-03
1.577841e-03
1.581279e-03
1.584721e-03
1.588167e-03
1.591617e-03
1.595070e-03
1.598527e-03
1.601988e-03
1.605453e-03
1.608921e-03
1.612393e-03
1.615869e-03
1.619348e-03
1.622832e-03
1.626319e-03
1.629809e-03
1.633304e-03
1.636802e-03
1.640304e-03
1.643810e-03
1.647319e-03
1.650832e-03
1.654349e-03
1.657870e-03
1.661394e-03
1.664923e-03
1.668454e-03
1.671990e-03
1.675529e-03
1.679073e-03
1.682619e-03
1.686170e-03
1.689724e-03
1.693282e-03
1.696844e-03
1.700410e-03
1.703979e-03
1.707552e-03
1.711129e-03
1.714709e-03
1.718293e-03
1.721881e-03
1.725473e-03
1.729068e-03
1.732668e-03
1.736270e-03
1.739877e-03
1.743488e-03
1.747102e-03
1.750719e-03
1.754341e-03
1.757966e-03
1.761596e-03
1.765228e-03
1.768865e-03
1.772505e-03
1.776149e-03
1.779797e-03
1.783449e-03
1.787104e-03
1.790763e-03
1.794425e-03
1.798092e-03
1.801762e-03
1.805436e-03
1.809114e-03
1.812795e-03
1.816480e-03
1.820169e-03
1.823862e-03
1.827558e-03
1.831258e-03
1.834962e-03
1.838670e-03
1.842381e-03
1.846096e-03
1.849815e-03
1.853538e-03
1.857264e-03
1.860994e-03
1.864728e-03
1.868465e-03
1.872206e-03
1.875951e-03
1.879700e-03
1.883453e-03
1.887209e-03
1.890969e-03
1.894732e-03
1.898500e-03
1.902271e-03
1.906046e-03
1.909824e-03
1.913607e-03
1.917393e-03
1.921183e-03
1.924976e-03
1.928774e-03
1.932575e-03
1.936379e-03
1.940188e-03
1.944000e-03
1.947816e-03
1.951636e-03
1.955460e-03
1.959287e-03
1.963118e-03
1.966952e-03
1.970791e-03
1.974633e-03
1.978479e-03
1.982329e-03
1.986182e-03
1.990039e-03
1.993900e-03
1.997765e-03
2.001633e-03
2.005505e-03
2.009381e-03
2.013261e-03
2.017144e-03
2.021031e-03
2.024922e-03
2.028816e-03
2.032714e-03
2.036616e-03
2.040522e-03
2.044432e-03
2.048345e-03
2.052262e-03
2.056183e-03
2.060107e-03
2.064035e-03
2.067967e-03
2.071903e-03
2.075842e-03
2.079785e-03
2.083732e-03
2.087683e-03
2.091637e-03
2.095595e-03
2.099557e-03
2.103522e-03
2.107492e-03
2.111465e-03
2.115442e-03
2.119422e-03
2.123406e-03
2.127394e-03
2.131386e-03
2.135382e-03
2.139381e-03
2.143384e-03
2.147390e-03
2.151401e-03
2.155415e-03
2.159433e-03
2.163454e-03
2.167480e-03
2.171509e-03
2.175542e-03
2.179578e-03
2.183619e-03
2.187663e-03
2.191711e-03
2.195762e-03
2.199817e-03
2.203876e-03
2.207939e-03
2.212006e-03
2.216076e-03
2.220150e-03
2.224228e-03
2.228309e-03
2.232394e-03
2.236483e-03
2.240576e-03
2.244672e-03
2.248772e-03
2.252876e-03
2.256984e-03
2.261095e-03
2.265210e-03
2.269329e-03
2.273452e-03
2.277578e-03
2.281708e-03
2.285842e-03
2.289980e-03
2.294121e-03
2.298266e-03
2.302415e-03
2.306567e-03
2.310723e-03
2.314883e-03
2.319047e-03
2.323214e-03
2.327386e-03
2.331560e-03
2.335739e-03
2.339922e-03
2.344108e-03
2.348298e-03
2.352491e-03
2.356689e-03
2.360890e-03
2.365094e-03
2.369303e-03
2.373515e-03
2.377731e-03
2.381951e-03
2.386175e-03
2.390402e-03
2.394633e-03
2.398868e-03
2.403106e-03
2.407348e-03
2.411594e-03
2.415844e-03
2.420097e-03
2.424355e-03
2.428615e-03
2.432880e-03
2.437149e-03
2.441421e-03
2.445697e-03
2.449976e-03
2.454259e-03
2.458547e-03
2.462837e-03
2.467132e-03
2.471430e-03
2.475732e-03
2.480038e-03
2.484348e-03
2.488661e-03
2.492978e-03
2.497298e-03
2.501623e-03
2.505951e-03
2.510283e-03
2.514619e-03
2.518958e-03
2.523301e-03
2.527648e-03
2.531999e-03
2.536353e-03
2.540711e-03
2.545073e-03
2.549439e-03
2.553808e-03
2.558181e-03
2.562558e-03
2.566939e-03
2.571323e-03
2.575711e-03
2.580103e-03
2.584498e-03
2.588897e-03
2.593300e-03
2.597707e-03
2.602117e-03
2.606532e-03
2.610950e-03
2.615371e-03
2.619797e-03
2.624226e-03
2.628659e-03
2.633095e-03
2.637536e-03
2.641980e-03
2.646428e-03
2.650879e-03
2.655335e-03
2.659794e-03
2.664256e-03
2.668723e-03
2.673193e-03
2.677667e-03
2.682145e-03
2.686626e-03
2.691112e-03
2.695601e-03
2.700093e-03
2.704590e-03
2.709090e-03
2.713594e-03
2.718102e-03
2.722613e-03
2.727128e-03
2.731647e-03
2.736170e-03
2.740696e-03
2.745226e-03
2.749760e-03
2.754297e-03
2.758839e-03
2.763384e-03
2.767932e-03
2.772485e-03
2.777041e-03
2.781601e-03
2.786165e-03
2.790732e-03
2.795304e-03
2.799879e-03
2.804457e-03
2.809040e-03
2.813626e-03
2.818216e-03
2.822809e-03
2.827407e-03
2.832008e-03
2.836613e-03
2.841221e-03
2.845834e-03
2.850450e-03
2.855070e-03
2.859693e-03
2.864321e-03
2.868952e-03
2.873586e-03
2.878225e-03
2.882867e-03
2.887513e-03
2.892163e-03
2.896816e-03
2.901473e-03
2.906134e-03
2.910799e-03
2.915468e-03
2.920140e-03
2.924816e-03
2.929495e-03
2.934179e-03
2.938866e-03
2.943557e-03
2.948251e-03
2.952949e-03
2.957652e-03
2.962357e-03
2.967067e-03
2.971780e-03
2.976497e-03
2.981218e-03
2.985942e-03
2.990671e-03
2.995403e-03
3.000138e-03
3.004878e-03
3.009621e-03
3.014368e-03
3.019119e-03
3.023873e-03
3.028631e-03
3.033393e-03
3.038159e-03
3.042928e-03
3.047701e-03
3.052478e-03
3.057258e-03
3.062043e-03
3.066831e-03
3.071623e-03
3.076418e-03
3.081217e-03
3.086020e-03
3.090827e-03
3.095638e-03
3.100452e-03
3.105270e-03
3.110092e-03
3.114917e-03
3.119746e-03
3.124579e-03
3.129416e-03
3.134256e-03
3.139100e-03
3.143948e-03
3.148800e-03
3.153655e-03
3.158514e-03
3.163377e-03
3.168244e-03
3.173114e-03
3.177988e-03
3.182866e-03
3.187747e-03
3.192633e-03
3.197522e-03
3.202414e-03
3.207311e-03
3.212211e-03
3.217115e-03
3.222023e-03
3.226934e-03
3.231849e-03
3.236768e-03
3.241691e-03
3.246617e-03
3.251547e-03
3.256481e-03
3.261419e-03
3.266360e-03
3.271305e-03
3.276254e-03
3.281206e-03
3.286163e-03
3.291123e-03
3.296087e-03
3.301054e-03
3.306025e-03
3.311000e-03
3.315979e-03
3.320961e-03
3.325948e-03
3.330938e-03
3.335931e-03
3.340929e-03
3.345930e-03
3.350935e-03
3.355943e-03
3.360956e-03
3.365972e-03
3.370992e-03
3.376015e-03
3.381043e-03
3.386074e-03
3.391109e-03
3.396147e-03
3.401189e-03
3.406235e-03
3.411285e-03
3.416339e-03
3.421396e-03
3.426457e-03
3.431522e-03
3.436590e-03
3.441662e-03
3.446738e-03
3.451818e-03
3.456901e-03
3.461988e-03
3.467079e-03
3.472174e-03
3.477272e-03
3.482374e-03
3.487480e-03
3.492590e-03
3.497703e-03
3.502820e-03
3.507941e-03
3.513065e-03
3.518194e-03
3.523326e-03
3.528461e-03
3.533601e-03
3.538744e-03
3.543891e-03
3.549042e-03
3.554196e-03
3.559354e-03
3.564516e-03
3.569682e-03
3.574851e-03
3.580024e-03
3.585201e-03
3.590382e-03
3.595566e-03
3.600754e-03
3.605946e-03
3.611142e-03
3.616341e-03
3.621544e-03
3.626751e-03
3.631961e-03
3.637176e-03
3.642394e-03
3.647615e-03
3.652841e-03
3.658070e-03
3.663303e-03
3.668540e-03
3.673780e-03
3.679024e-03
3.684272e-03
3.689524e-03
3.694779e-03
3.700038e-03
3.705301e-03
3.710568e-03
3.715838e-03
3.721112e-03
3.726390e-03
3.731672e-03
3.736957e-03
3.742246e-03
3.747539e-03
3.752835e-03
3.758135e-03
3.763439e-03
3.768747e-03
3.774059e-03
3.779374e-03
3.784693e-03
3.790015e-03
3.795342e-03
3.800672e-03
3.806006e-03
3.811344e-03
3.816685e-03
3.822030e-03
3.827379e-03
3.832731e-03
3.838088e-03
3.843448e-03
3.848812e-03
3.854179e-03
3.859550e-03
3.864925e-03
3.870304e-03
3.875687e-03
3.881073e-03
3.886463e-03
3.891857e-03
3.897254e-03
3.902655e-03
3.908060e-03
3.913469e-03
3.918881e-03
3.924297e-03
3.929717e-03
3.935141e-03
3.940568e-03
3.945999e-03
3.951434e-03
3.956873e-03
3.962315e-03
3.967761e-03
3.973211e-03
3.978664e-03
3.984122e-03
3.989583e-03
3.995047e-03
4.000516e-03
4.005988e-03
4.011464e-03
4.016944e-03
4.022427e-03
4.027914e-03
4.033405e-03
4.038900e-03
4.044398e-03
4.049901e-03
4.055406e-03
4.060916e-03
4.066429e-03
4.071946e-03
4.077467e-03
4.082992e-03
4.088520e-03
4.094052e-03
4.099588e-03
4.105127e-03
4.110671e-03
4.116218e-03
4.121768e-03
4.127323e-03
4.132881e-03
4.138443e-03
4.144009e-03
4.149578e-03
4.155151e-03
4.160728e-03
4.166309e-03
4.171893e-03
4.177481e-03
4.183073e-03
4.188669e-03
4.194268e-03
4.199871e-03
4.205478e-03
4.211089e-03
4.216703e-03
4.222321e-03
4.227943e-03
4.233568e-03
4.239197e-03
4.244830e-03
4.250467e-03
4.256108e-03
4.261752e-03
4.267400e-03
4.273051e-03
4.278707e-03
4.284366e-03
4.290029e-03
4.295695e-03
4.301366e-03
4.307040e-03
4.312718e-03
4.318399e-03
4.324085e-03
4.329774e-03
4.335467e-03
4.341163e-03
4.346863e-03
4.352567e-03
4.358275e-03
4.363987e-03
4.369037e-03
4.374069e-03
4.379082e-03
4.384077e-03
4.389053e-03
4.394010e-03
4.398949e-03
4.403869e-03
4.408770e-03
4.413653e-03
4.418517e-03
4.423362e-03
4.428189e-03
4.432997e-03
4.437786e-03
4.442557e-03
4.447309e-03
4.452043e-03
4.456758e-03
4.461454e-03
4.466132e-03
4.470791e-03
4.475431e-03
4.480053e-03
4.484656e-03
4.489240e-03
4.493806e-03
4.498353e-03
4.502882e-03
4.507391e-03
4.511883e-03
4.516355e-03
4.520809e-03
4.525244e-03
4.529661e-03
4.534059e-03
4.538438e-03
4.542799e-03
4.547141e-03
4.551464e-03
4.555769e-03
4.560055e-03
4.564323e-03
4.568571e-03
4.572802e-03
4.577013e-03
4.581206e-03
4.585380e-03
4.589536e-03
4.593673e-03
4.597791e-03
4.601891e-03
4.605972e-03
4.610034e-03
4.614078e-03
4.618103e-03
4.622109e-03
4.626097e-03
4.630066e-03
4.634017e-03
4.637949e-03
4.641862e-03
4.645757e-03
4.649633e-03
4.653490e-03
4.657329e-03
4.661149e-03
4.664950e-03
4.668733e-03
4.672497e-03
4.676242e-03
4.679969e-03
4.683677e-03
4.687367e-03
4.691038e-03
4.694690e-03
4.698323e-03
4.701938e-03
4.705535e-03
4.709112e-03
4.712671e-03
4.716212e-03
4.719733e-03
4.723236e-03
4.726721e-03
4.730187e-03
4.733634e-03
4.737062e-03
4.740472e-03
4.743863e-03
4.747236e-03
4.750590e-03
4.753925e-03
4.757242e-03
4.760540e-03
4.763819e-03
4.767080e-03
4.770322e-03
4.773545e-03
4.776750e-03
4.779936e-03
4.783104e-03
4.786253e-03
4.789383e-03
4.792494e-03
4.795587e-03
4.798662e-03
4.801717e-03
4.804754e-03
4.807773e-03
4.810772e-03
4.813753e-03
4.816716e-03
4.819660e-03
4.822585e-03
4.825491e-03
4.828379e-03
4.831248e-03
4.834099e-03
4.836931e-03
4.839744e-03
4.842539e-03
4.845315e-03
4.848072e-03
4.850811e-03
4.853531e-03
4.856232e-03
4.858915e-03
4.861579e-03
4.864225e-03
4.866851e-03
4.869460e-03
4.872049e-03
4.874620e-03
4.877172e-03
4.879706e-03
4.882221e-03
4.884717e-03
4.887195e-03
4.889654e-03
4.892094e-03
4.894516e-03
4.896919e-03
4.899304e-03
4.901670e-03
4.904017e-03
4.906345e-03
4.908655e-03
4.910947e-03
4.913219e-03
4.915473e-03
4.917708e-03
4.919925e-03
4.922123e-03
4.924303e-03
4.926463e-03
4.928605e-03
4.930729e-03
4.932834e-03
4.934920e-03
4.936987e-03
4.939036e-03
4.941067e-03
4.943078e-03
4.945071e-03
4.947045e-03
4.949001e-03
4.950938e-03
4.952857e-03
4.954756e-03
4.956637e-03
4.958500e-03
4.960344e-03
4.962169e-03
4.963975e-03
4.965763e-03
4.967532e-03
4.969283e-03
4.971015e-03
4.972728e-03
4.974423e-03
4.976099e-03
4.977756e-03
4.979395e-03
4.981015e-03
4.982617e-03
4.984200e-03
4.985764e-03
4.987309e-03
4.988836e-03
4.990344e-03
4.991834e-03
4.993305e-03
4.994757e-03
4.996191e-03
4.997606e-03
4.999002e-03
5.000380e-03
5.001739e-03
5.003079e-03
5.004401e-03
5.005704e-03
5.006989e-03
5.008255e-03
5.009502e-03
5.010731e-03
5.011941e-03
5.013132e-03
5.014304e-03
5.015458e-03
5.016594e-03
5.017711e-03
5.018809e-03
5.019888e-03
5.020949e-03
5.021991e-03
5.023015e-03
5.024019e-03
5.025006e-03
5.025973e-03
5.026922e-03
5.027852e-03
5.028764e-03
5.029657e-03
5.030531e-03
5.031387e-03
5.032224e-03
5.033043e-03
5.033842e-03
5.034624e-03
5.035386e-03
5.036130e-03
5.036855e-03
5.037562e-03
5.038250e-03
5.038919e-03
5.039570e-03
5.040202e-03
5.040815e-03
5.041410e-03
5.041986e-03
5.042543e-03
5.043082e-03
5.043602e-03
5.044103e-03
5.044586e-03
5.045050e-03
5.045496e-03
5.045923e-03
5.046331e-03
5.046721e-03
5.047092e-03
5.047444e-03
5.047778e-03
5.048093e-03
5.048389e-03
5.048667e-03
5.048926e-03
5.049167e-03
5.049389e-03
5.049592e-03
5.049776e-03
5.049942e-03
5.050089e-03
5.050218e-03
5.050328e-03
5.050419e-03
5.050492e-03
5.050546e-03
5.050582e-03
5.050598e-03
5.050596e-03
5.050576e-03
5.050537e-03
5.050479e-03
5.050402e-03
5.050307e-03
5.050194e-03
5.050061e-03
5.049910e-03
5.049740e-03
5.049552e-03
5.049345e-03
5.049120e-03
5.048875e-03
5.048612e-03
5.048331e-03
5.048031e-03
5.047712e-03
5.047374e-03
5.047018e-03
5.046644e-03
5.046250e-03
5.045838e-03
5.045407e-03
5.044958e-03
5.044490e-03
5.044004e-03
5.043498e-03
5.042974e-03
5.042654e-03
5.042654e-03
5.042654e-03
5.042654e-03
5.042654e-03
5.042654e-03
5.042654e-03
5.042654e-03
5.042654e-03
5.042654e-03
5.042654e-03
5.042654e-03
5.042654e-03
5.042654e-03
5.042654e-03
5.042654e-03
5.042654e-03
5.042654e-03
5.042654e-03
5.042654e-03
5.042654e-03
5.042654e-03
5.042654e-03
5.042654e-03
5.042654e-03
5.042654e-03
5.042654e-03
5.042654e-03
5.042654e-03
5.042654e-03
5.042654e-03
5.042654e-03
5.042654e-03
5.042654e-03
5.042654e-03
5.042654e-03
5.042654e-03
5.042654e-03
5.042654e-03
5.042654e-03
5.042654e-03
5.042654e-03
5.042654e-03
5.042654e-03
5.042654e-03
5.042654e-03
5.042654e-03
5.042654e-03
5.042654e-03
5.042654e-03
5.042654e-03
5.042654e-03
5.042654e-03
5.042654e-03
5.042654e-03
5.042654e-03
5.042654e-03
5.042654e-03
5.042654e-03
5.042654e-03
5.042654e-03
5.042654e-03
5.042654e-03
5.042654e-03
5.042654e-03
5.042654e-03
5.042654e-03
5.042654e-03
5.042654e-03
5.042654e-03
5.042654e-03
5.042654e-03
5.042654e-03
5.042654e-03
5.042654e-03
5.042654e-03
5.042654e-03
5.042654e-03
5.042654e-03
5.042654e-03
5.042654e-03
5.042654e-03
5.042654e-03
5.042654e-03
5.042654e-03
5.042654e-03
5.042654e-03
5.042654e-03
5.042654e-03
5.042654e-03
5.042654e-03
5.042654e-03
5.042654e-03
5.042654e-03
5.042654e-03
5.042654e-03
5.042654e-03
5.042654e-03
5.042654e-03
5.042654e-03
5.042654e-03
5.042654e-03
5.042654e-03
5.042654e-03
5.042654e-03
5.042654e-03
5.042654e-03
5.042654e-03
5.042654e-03
5.042654e-03
5.042654e-03
5.042654e-03
5.042654e-03
5.042654e-03
5.042654e-03
5.042654e-03
5.042654e-03
5.042654e-03
5.042654e-03
5.042654e-03
5.042654e-03
5.042654e-03
5.042654e-03
5.042654e-03
5.042654e-03
5.042654e-03
5.042654e-03
5.042654e-03
5.042654e-03
5.042654e-03
5.042654e-03
5.042654e-03
5.042654e-03
5.042654e-03
5.042654e-03
5.042654e-03
5.042654e-03
5.042654e-03
5.042654e-03
5.042654e-03
5.042654e-03
5.042654e-03
5.042654e-03
5.042654e-03
5.042654e-03
5.042654e-03
5.042654e-03
5.042654e-03
5.042654e-03
5.042654e-03
5.042654e-03
5.042654e-03
5.042654e-03
5.042654e-03
5.042654e-03
5.042654e-03
5.042654e-03
5.042654e-03
5.042654e-03
5.042654e-03
5.042654e-03
5.042654e-03
5.042654e-03
5.042654e-03
5.042654e-03
5.042654e-03
5.042654e-03
5.042654e-03
5.042654e-03
5.042654e-03
5.042654e-03
5.042654e-03
5.042654e-03
5.042654e-03
5.042654e-03
5.042654e-03
5.042654e-03
5.042654e-03
5.042654e-03
5.042654e-03
5.042654e-03
5.042654e-03
5.042654e-03
5.042654e-03
5.042654e-03
5.042654e-03
5.042654e-03
5.042654e-03
5.042654e-03
5.042654e-03
5.042654e-03
5.042654e-03
5.042654e-03
5.042654e-03
5.042654e-03
5.042654e-03
5.042654e-03
5.042654e-03
5.042654e-03
5.042654e-03
5.042654e-03
