0.000000e+00
1.110371e-07
2.274643e-07
3.492817e-07
4.764892e-07
6.090869e-07
7.470748e-07
8.904528e-07
1.039221e-06
1.193379e-06
1.352928e-06
1.517866e-06
1.688195e-06
1.863914e-06
2.045023e-06
2.231522e-06
2.423411e-06
2.620691e-06
2.823360e-06
3.031420e-06
3.244870e-06
3.463710e-06
3.687941e-06
3.917561e-06
4.152571e-06
4.392972e-06
4.638763e-06
4.889944e-06
5.146515e-06
5.408476e-06
5.675828e-06
5.948569e-06
6.226701e-06
6.510223e-06
6.799135e-06
7.093437e-06
7.393129e-06
7.698212e-06
8.008685e-06
8.324547e-06
8.645800e-06
8.972443e-06
9.304477e-06
9.641900e-06
9.984714e-06
1.033292e-05
1.068651e-05
1.104550e-05
1.140987e-05
1.177963e-05
1.215479e-05
1.253533e-05
1.292127e-05
1.331259e-05
1.370931e-05
1.411141e-05
1.451891e-05
1.493179e-05
1.535007e-05
1.577373e-05
1.620279e-05
1.663724e-05
1.707707e-05
1.752230e-05
1.797292e-05
1.842892e-05
1.889032e-05
1.935711e-05
1.982928e-05
2.030685e-05
2.078981e-05
2.127816e-05
2.177189e-05
2.227102e-05
2.277554e-05
2.328545e-05
2.380075e-05
2.432143e-05
2.484751e-05
2.537898e-05
2.591584e-05
2.645809e-05
2.700573e-05
2.755876e-05
2.811718e-05
2.868099e-05
2.925019e-05
2.982478e-05
3.040476e-05
3.099013e-05
3.158089e-05
3.217704e-05
3.277858e-05
3.338551e-05
3.399783e-05
3.461554e-05
3.523864e-05
3.586713e-05
3.650102e-05
3.714029e-05
3.778495e-05
3.843500e-05
3.909044e-05
3.975128e-05
4.041750e-05
4.108911e-05
4.176611e-05
4.244851e-05
4.313629e-05
4.382946e-05
4.452803e-05
4.523198e-05
4.594132e-05
4.665606e-05
4.737618e-05
4.810170e-05
4.883260e-05
4.956890e-05
5.031058e-05
5.105766e-05
5.181012e-05
5.256798e-05
5.333122e-05
5.409986e-05
5.487388e-05
5.565330e-05
5.643810e-05
5.722830e-05
5.802388e-05
5.882486e-05
5.963123e-05
6.044298e-05
6.126013e-05
6.208267e-05
6.291059e-05
6.374391e-05
6.458262e-05
6.542672e-05
6.627620e-05
6.713108e-05
6.799135e-05
6.885701e-05
6.972806e-05
7.060449e-05
7.148632e-05
7.237354e-05
7.326615e-05
7.416415e-05
7.506754e-05
7.597632e-05
7.689049e-05
7.781005e-05
7.873500e-05
7.966534e-05
8.060107e-05
8.154219e-05
8.248870e-05
8.344060e-05
8.439789e-05
8.536057e-05
8.632864e-05
8.730210e-05
8.828095e-05
8.926519e-05
9.025482e-05
9.124985e-05
9.225026e-05
9.325606e-05
9.426725e-05
9.528383e-05
9.630581e-05
9.733317e-05
9.836592e-05
9.940407e-05
1.004476e-04
1.014965e-04
1.025508e-04
1.036105e-04
1.046756e-04
1.057461e-04
1.068220e-04
1.079033e-04
1.089899e-04
1.100820e-04
1.111794e-04
1.122822e-04
1.133904e-04
1.145040e-04
1.156230e-04
1.167474e-04
1.178772e-04
1.190124e-04
1.201529e-04
1.212989e-04
1.224502e-04
1.236069e-04
1.247690e-04
1.259365e-04
1.271094e-04
1.282877e-04
1.294714e-04
1.306605e-04
1.318549e-04
1.330548e-04
1.342600e-04
1.354706e-04
1.366867e-04
1.379081e-04
1.391349e-04
1.403670e-04
1.416046e-04
1.428476e-04
1.440960e-04
1.453497e-04
1.466088e-04
1.478734e-04
1.491433e-04
1.504186e-04
1.516993e-04
1.529854e-04
1.542769e-04
1.555737e-04
1.568760e-04
1.581836e-04
1.594967e-04
1.608151e-04
1.621389e-04
1.634682e-04
1.648028e-04
1.661427e-04
1.674881e-04
1.688389e-04
1.701951e-04
1.715566e-04
1.729236e-04
1.742959e-04
1.756736e-04
1.770567e-04
1.784452e-04
1.798391e-04
1.812384e-04
1.826431e-04
1.840531e-04
1.854686e-04
1.868894e-04
1.883157e-04
1.897473e-04
1.911843e-04
1.926267e-04
1.940745e-04
1.955277e-04
1.969863e-04
1.984502e-04
1.999196e-04
2.013943e-04
2.028745e-04
2.043600e-04
2.058509e-04
2.073472e-04
2.088489e-04
2.103560e-04
2.118685e-04
2.133863e-04
2.149096e-04
2.164382e-04
2.179723e-04
2.195117e-04
2.210565e-04
2.226067e-04
2.241623e-04
2.257233e-04
2.272897e-04
2.288614e-04
2.304386e-04
2.320212e-04
2.336091e-04
2.352024e-04
2.368011e-04
2.384052e-04
2.400147e-04
2.416296e-04
2.432499e-04
2.448756e-04
2.465066e-04
2.481431e-04
2.497849e-04
2.514322e-04
2.530848e-04
2.547428e-04
2.564062e-04
2.580750e-04
2.597492e-04
2.614287e-04
2.631137e-04
2.648040e-04
2.664998e-04
2.682009e-04
2.699074e-04
2.716194e-04
2.733367e-04
2.750593e-04
2.767874e-04
2.785209e-04
2.802598e-04
2.820040e-04
2.837537e-04
2.855087e-04
2.872691e-04
2.890349e-04
2.908061e-04
2.925827e-04
2.943647e-04
2.961521e-04
2.979448e-04
2.997430e-04
3.015465e-04
3.033555e-04
3.051698e-04
3.069895e-04
3.088146e-04
3.106451e-04
3.124810e-04
3.143223e-04
3.161689e-04
3.180210e-04
3.198784e-04
3.217413e-04
3.236095e-04
3.254831e-04
3.273621e-04
3.292465e-04
3.311363e-04
3.330315e-04
3.349321e-04
3.368380e-04
3.387494e-04
3.406661e-04
3.425882e-04
3.445157e-04
3.464486e-04
3.483869e-04
3.503306e-04
3.522797e-04
3.542342e-04
3.561940e-04
3.581593e-04
3.601299e-04
3.621060e-04
3.640874e-04
3.660742e-04
3.680664e-04
3.700640e-04
3.720669e-04
3.740753e-04
3.760891e-04
3.781082e-04
3.801328e-04
3.821627e-04
3.841980e-04
3.862387e-04
3.882848e-04
3.903363e-04
3.923932e-04
3.944555e-04
3.965231e-04
3.985962e-04
4.006746e-04
4.027585e-04
4.048477e-04
4.069423e-04
4.090423e-04
4.111477e-04
4.132585e-04
4.153746e-04
4.174962e-04
4.196232e-04
4.217555e-04
4.238932e-04
4.260364e-04
4.281849e-04
4.303388e-04
4.324981e-04
4.346628e-04
4.368328e-04
4.390083e-04
4.411892e-04
4.433754e-04
4.455670e-04
4.477641e-04
4.499665e-04
4.521743e-04
4.543875e-04
4.566061e-04
4.588300e-04
4.610594e-04
4.632942e-04
4.655343e-04
4.677798e-04
4.700308e-04
4.722871e-04
4.745488e-04
4.768159e-04
4.790884e-04
4.813663e-04
4.836495e-04
4.859382e-04
4.882322e-04
4.905317e-04
4.928365e-04
4.951467e-04
4.974623e-04
4.997833e-04
5.021097e-04
5.044415e-04
5.067787e-04
5.091212e-04
5.114692e-04
5.138225e-04
5.161812e-04
5.185453e-04
5.209149e-04
5.232898e-04
5.256700e-04
5.280557e-04
5.304468e-04
5.328433e-04
5.352451e-04
5.376524e-04
5.400650e-04
5.424830e-04
5.449064e-04
5.473352e-04
5.497694e-04
5.522090e-04
5.546540e-04
5.571043e-04
5.595601e-04
5.620212e-04
5.644878e-04
5.669597e-04
5.694370e-04
5.719197e-04
5.744078e-04
5.769013e-04
5.794001e-04
5.819044e-04
5.844141e-04
5.869291e-04
5.894495e-04
5.919754e-04
5.945066e-04
5.970432e-04
5.995852e-04
6.021326e-04
6.046853e-04
6.072435e-04
6.098071e-04
6.123760e-04
6.149503e-04
6.175301e-04
6.201152e-04
6.227057e-04
6.253016e-04
6.279029e-04
6.305095e-04
6.331216e-04
6.357391e-04
6.383619e-04
6.409901e-04
6.436238e-04
6.462628e-04
6.489072e-04
6.515570e-04
6.542122e-04
6.568728e-04
6.595387e-04
6.622101e-04
6.648868e-04
6.675690e-04
6.702565e-04
6.729494e-04
6.756477e-04
6.783514e-04
6.810605e-04
6.837750e-04
6.864949e-04
6.892201e-04
6.919508e-04
6.946868e-04
6.974283e-04
7.001751e-04
7.029273e-04
7.056849e-04
7.084479e-04
7.112163e-04
7.139900e-04
7.167692e-04
7.195537e-04
7.223437e-04
7.251390e-04
7.279397e-04
7.307458e-04
7.335573e-04
7.363742e-04
7.391965e-04
7.420242e-04
7.448573e-04
7.476957e-04
7.505396e-04
7.533888e-04
7.562434e-04
7.591034e-04
7.619688e-04
7.648396e-04
7.677158e-04
7.705974e-04
7.734843e-04
7.763767e-04
7.792744e-04
7.821776e-04
7.850861e-04
7.880000e-04
7.909193e-04
7.938440e-04
7.967741e-04
7.997096e-04
8.026504e-04
8.055967e-04
8.085483e-04
8.115054e-04
8.144678e-04
8.174356e-04
8.204088e-04
8.233874e-04
8.263714e-04
8.293608e-04
8.323556e-04
8.353557e-04
8.383613e-04
8.413722e-04
8.443885e-04
8.474102e-04
8.504374e-04
8.534699e-04
8.565077e-04
8.595510e-04
8.625997e-04
8.656537e-04
8.687132e-04
8.717780e-04
8.748483e-04
8.779239e-04
8.810049e-04
8.840913e-04
8.871831e-04
8.902803e-04
8.933828e-04
8.964908e-04
8.996041e-04
9.027229e-04
9.058470e-04
9.089765e-04
9.121115e-04
9.152518e-04
9.183974e-04
9.215485e-04
9.247050e-04
9.278669e-04
9.310341e-04
9.342068e-04
9.373848e-04
9.405682e-04
9.437570e-04
9.469512e-04
9.501508e-04
9.533558e-04
9.565662e-04
9.597819e-04
9.630031e-04
9.662296e-04
9.694616e-04
9.726989e-04
9.759416e-04
9.791897e-04
9.824432e-04
9.857021e-04
9.889664e-04
9.922360e-04
9.955111e-04
9.987915e-04
1.002077e-03
1.005369e-03
1.008665e-03
1.011967e-03
1.015275e-03
1.018587e-03
1.021906e-03
1.025229e-03
1.028558e-03
1.031892e-03
1.035232e-03
1.038577e-03
1.041928e-03
1.045284e-03
1.048645e-03
1.052012e-03
1.055384e-03
1.058761e-03
1.062144e-03
1.065532e-03
1.068926e-03
1.072325e-03
1.075729e-03
1.079139e-03
1.082554e-03
1.085975e-03
1.089401e-03
1.092832e-03
1.096269e-03
1.099711e-03
1.103159e-03
1.106612e-03
1.110070e-03
1.113534e-03
1.117003e-03
1.120477e-03
1.123957e-03
1.127443e-03
1.130933e-03
1.134429e-03
1.137931e-03
1.141438e-03
1.144950e-03
1.148467e-03
1.151990e-03
1.155519e-03
1.159053e-03
1.162592e-03
1.166136e-03
1.169686e-03
1.173242e-03
1.176802e-03
1.180368e-03
1.183940e-03
1.187517e-03
1.191099e-03
1.194687e-03
1.198280e-03
1.201878e-03
1.205482e-03
1.209091e-03
1.212706e-03
1.216326e-03
1.219952e-03
1.223582e-03
1.227219e-03
1.230860e-03
1.234507e-03
1.238159e-03
1.241817e-03
1.245480e-03
1.249149e-03
1.252823e-03
1.256502e-03
1.260187e-03
1.263877e-03
1.267572e-03
1.271273e-03
1.274980e-03
1.278691e-03
1.282408e-03
1.286131e-03
1.289859e-03
1.293592e-03
1.297330e-03
1.301074e-03
1.304824e-03
1.308579e-03
1.312339e-03
1.316104e-03
1.319875e-03
1.323652e-03
1.327433e-03
1.331220e-03
1.335013e-03
1.338811e-03
1.342614e-03
1.346423e-03
1.350237e-03
1.354056e-03
1.357881e-03
1.361711e-03
1.365547e-03
1.369388e-03
1.373234e-03
1.377086e-03
1.380943e-03
1.384806e-03
1.388674e-03
1.392547e-03
1.396426e-03
1.400310e-03
1.404200e-03
1.408095e-03
1.411995e-03
1.415901e-03
1.419812e-03
1.423728e-03
1.427650e-03
1.431577e-03
1.435510e-03
1.439448e-03
1.443392e-03
1.447340e-03
1.451295e-03
1.455254e-03
1.459219e-03
1.463190e-03
1.467165e-03
1.471147e-03
1.475133e-03
1.479125e-03
1.483122e-03
1.487125e-03
1.491133e-03
1.495147e-03
1.499166e-03
1.503190e-03
1.507220e-03
1.511255e-03
1.515295e-03
1.519341e-03
1.523392e-03
1.527449e-03
1.531511e-03
1.535578e-03
1.539651e-03
1.543729e-03
1.547813e-03
1.551902e-03
1.555996e-03
1.560096e-03
1.564201e-03
1.568312e-03
1.572427e-03
1.576549e-03
1.580675e-03
1.584808e-03
1.588945e-03
1.593088e-03
1.597236e-03
1.601390e-03
1.605549e-03
1.609713e-03
1.613883e-03
1.618058e-03
1.622239e-03
1.626425e-03
1.630616e-03
1.634813e-03
1.639015e-03
1.643223e-03
1.647436e-03
1.651654e-03
1.655878e-03
1.660107e-03
1.664341e-03
1.668581e-03
1.672827e-03
1.677077e-03
1.681333e-03
1.685595e-03
1.689862e-03
1.694134e-03
1.698411e-03
1.702694e-03
1.706983e-03
1.711277e-03
1.715576e-03
1.719880e-03
1.724190e-03
1.728506e-03
1.732826e-03
1.737153e-03
1.741484e-03
1.745821e-03
1.750163e-03
1.754511e-03
1.758864e-03
1.763223e-03
1.767586e-03
1.771956e-03
1.776330e-03
1.780710e-03
1.785096e-03
1.789487e-03
1.793883e-03
1.798284e-03
1.802691e-03
1.807104e-03
1.811522e-03
1.815945e-03
1.820373e-03
1.824807e-03
1.829247e-03
1.833691e-03
1.838141e-03
1.842597e-03
1.847058e-03
1.851524e-03
1.855996e-03
1.860473e-03
1.864955e-03
1.869443e-03
1.873936e-03
1.878435e-03
1.882939e-03
1.887448e-03
1.891963e-03
1.896483e-03
1.901009e-03
1.905540e-03
1.910076e-03
1.914618e-03
1.919165e-03
1.923718e-03
1.928275e-03
1.932839e-03
1.937407e-03
1.941982e-03
1.946561e-03
1.951146e-03
1.955736e-03
1.960332e-03
1.964933e-03
1.969539e-03
1.974151e-03
1.978768e-03
1.983391e-03
1.988019e-03
1.992652e-03
1.997291e-03
2.001935e-03
2.006585e-03
2.011240e-03
2.015900e-03
2.020566e-03
2.025237e-03
2.029913e-03
2.034595e-03
2.039282e-03
2.043975e-03
2.048673e-03
2.053376e-03
2.058085e-03
2.062800e-03
2.067519e-03
2.072244e-03
2.076975e-03
2.081710e-03
2.086452e-03
2.091198e-03
2.095950e-03
2.100707e-03
2.105470e-03
2.110238e-03
2.115012e-03
2.119791e-03
2.124575e-03
2.129365e-03
2.134160e-03
2.138960e-03
2.143766e-03
2.148577e-03
2.153394e-03
2.158216e-03
2.163043e-03
2.167876e-03
2.172714e-03
2.177558e-03
2.182407e-03
2.187261e-03
2.192121e-03
2.196986e-03
2.201857e-03
2.206733e-03
2.211614e-03
2.216501e-03
2.221393e-03
2.226290e-03
2.231193e-03
2.236101e-03
2.241015e-03
2.245934e-03
2.250859e-03
2.255788e-03
2.260724e-03
2.265664e-03
2.270610e-03
2.275562e-03
2.280518e-03
2.285481e-03
2.290448e-03
2.295421e-03
2.300400e-03
2.305383e-03
2.310372e-03
2.315367e-03
2.320367e-03
2.325372e-03
2.330383e-03
2.335399e-03
2.340420e-03
2.345447e-03
2.350479e-03
2.355517e-03
2.360560e-03
2.365608e-03
2.370662e-03
2.375721e-03
2.380786e-03
2.385856e-03
2.390931e-03
2.396012e-03
2.401098e-03
2.406190e-03
2.411287e-03
2.416389e-03
2.421497e-03
2.426610e-03
2.431728e-03
2.436852e-03
2.441982e-03
2.447116e-03
2.452256e-03
2.457402e-03
2.462552e-03
2.467709e-03
2.472870e-03
2.478037e-03
2.483210e-03
2.488387e-03
2.493571e-03
2.498759e-03
2.503953e-03
2.509152e-03
2.514357e-03
2.519567e-03
2.524783e-03
2.530004e-03
2.535230e-03
2.540462e-03
2.545699e-03
2.550941e-03
2.556189e-03
2.561442e-03
2.566701e-03
2.571965e-03
2.577234e-03
2.582509e-03
2.587789e-03
2.593075e-03
2.598366e-03
2.603662e-03
2.608964e-03
2.614271e-03
2.619584e-03
2.624902e-03
2.630225e-03
2.635554e-03
2.640888e-03
2.646227e-03
2.651572e-03
2.656922e-03
2.662278e-03
2.667639e-03
2.673005e-03
2.678377e-03
2.683755e-03
2.689137e-03
2.694525e-03
2.699919e-03
2.705317e-03
2.710721e-03
2.716131e-03
2.721546e-03
2.726966e-03
2.732392e-03
2.737823e-03
2.743260e-03
2.748702e-03
2.754149e-03
2.759601e-03
2.765060e-03
2.770523e-03
2.775992e-03
2.781466e-03
2.786946e-03
2.792431e-03
2.797921e-03
2.803417e-03
2.808918e-03
2.814425e-03
2.819937e-03
2.825454e-03
2.830977e-03
2.836505e-03
2.842038e-03
2.847577e-03
2.853122e-03
2.858671e-03
2.864226e-03
2.869787e-03
2.875353e-03
2.880924e-03
2.886501e-03
2.892083e-03
2.897670e-03
2.903263e-03
2.908861e-03
2.914465e-03
2.920074e-03
2.925688e-03
2.931308e-03
2.936933e-03
2.942564e-03
2.948200e-03
2.953841e-03
2.959488e-03
2.965140e-03
2.970797e-03
2.976460e-03
2.982128e-03
2.987802e-03
2.993481e-03
2.999166e-03
3.004855e-03
3.010551e-03
3.016251e-03
3.021957e-03
3.027669e-03
3.033386e-03
3.039108e-03
3.044835e-03
3.050568e-03
3.056307e-03
3.062050e-03
3.067799e-03
3.073554e-03
3.079314e-03
3.085079e-03
3.090850e-03
3.096626e-03
3.102407e-03
3.108194e-03
3.113987e-03
3.119784e-03
3.125587e-03
3.131396e-03
3.137209e-03
3.143029e-03
3.148853e-03
3.154683e-03
3.160519e-03
3.166359e-03
3.172206e-03
3.178057e-03
3.183914e-03
3.189776e-03
3.195644e-03
3.201517e-03
3.207396e-03
3.213280e-03
3.219169e-03
3.225064e-03
3.230964e-03
3.236869e-03
3.242780e-03
3.248696e-03
3.254618e-03
3.260545e-03
3.266477e-03
3.272415e-03
3.278358e-03
3.284307e-03
3.290261e-03
3.296220e-03
3.302185e-03
3.308155e-03
3.314130e-03
3.320111e-03
3.326098e-03
3.332089e-03
3.338086e-03
3.344089e-03
3.350097e-03
3.356110e-03
3.362129e-03
3.368153e-03
3.374182e-03
3.380217e-03
3.386257e-03
3.392303e-03
3.398354e-03
3.404410e-03
3.410472e-03
3.416539e-03
3.422611e-03
3.428689e-03
3.434773e-03
3.440861e-03
3.446956e-03
3.453055e-03
3.459160e-03
3.465270e-03
3.471386e-03
3.477507e-03
3.483633e-03
3.489765e-03
3.495902e-03
3.502045e-03
3.508193e-03
3.514346e-03
3.520505e-03
3.526669e-03
3.532839e-03
3.539014e-03
3.545194e-03
3.551380e-03
3.557571e-03
3.563768e-03
3.569970e-03
3.576177e-03
3.582390e-03
3.588608e-03
3.594831e-03
3.601060e-03
3.607294e-03
3.613534e-03
3.619779e-03
3.626029e-03
3.632285e-03
3.638546e-03
3.644813e-03
3.651085e-03
3.657362e-03
3.663645e-03
3.669933e-03
3.676227e-03
3.682526e-03
3.688830e-03
3.695140e-03
3.701455e-03
3.707775e-03
3.714101e-03
3.720432e-03
3.726769e-03
3.733111e-03
3.739458e-03
3.745811e-03
3.752170e-03
3.758533e-03
3.764902e-03
3.771277e-03
3.777656e-03
3.784041e-03
3.790432e-03
3.796828e-03
3.803229e-03
3.809636e-03
3.816048e-03
3.822466e-03
3.828889e-03
3.835317e-03
3.841751e-03
3.848190e-03
3.854634e-03
3.861084e-03
3.867539e-03
3.874000e-03
3.880466e-03
3.886937e-03
3.893414e-03
3.899896e-03
3.906384e-03
3.912877e-03
3.919375e-03
3.925879e-03
3.932388e-03
3.938903e-03
3.945423e-03
3.951948e-03
3.958479e-03
3.965015e-03
3.971556e-03
3.978103e-03
3.984655e-03
3.991213e-03
3.997776e-03
4.004344e-03
4.010918e-03
4.017498e-03
4.024082e-03
4.030672e-03
4.037267e-03
4.043868e-03
4.050474e-03
4.057086e-03
4.063703e-03
4.070325e-03
4.076953e-03
4.083586e-03
4.090225e-03
4.096869e-03
4.103518e-03
4.110173e-03
4.116833e-03
4.123498e-03
4.130169e-03
4.136845e-03
4.143527e-03
4.150214e-03
4.156906e-03
4.163604e-03
4.170307e-03
4.177016e-03
4.183730e-03
4.190449e-03
4.197174e-03
4.203904e-03
4.210640e-03
4.217380e-03
4.224127e-03
4.230878e-03
4.237636e-03
4.244398e-03
4.251166e-03
4.257939e-03
4.264718e-03
4.271502e-03
4.278291e-03
4.285086e-03
4.291886e-03
4.298692e-03
4.305503e-03
4.312319e-03
4.319141e-03
4.325968e-03
4.332801e-03
4.339639e-03
4.346482e-03
4.353331e-03
4.360185e-03
4.367044e-03
4.373909e-03
4.380780e-03
4.387655e-03
4.394536e-03
4.401423e-03
4.408315e-03
4.415212e-03
4.422114e-03
4.429023e-03
4.435936e-03
4.442855e-03
4.449779e-03
4.456708e-03
4.463643e-03
4.470584e-03
4.477530e-03
4.484481e-03
4.491437e-03
4.498399e-03
4.505366e-03
4.512339e-03
4.519317e-03
4.526301e-03
4.533290e-03
4.540284e-03
4.547283e-03
4.554289e-03
4.561299e-03
4.568315e-03
4.575336e-03
4.582363e-03
4.589395e-03
4.596432e-03
4.603475e-03
4.610523e-03
4.617576e-03
4.624635e-03
4.631700e-03
4.638769e-03
4.645845e-03
4.652925e-03
4.660011e-03
4.667102e-03
4.674199e-03
4.681301e-03
4.688408e-03
4.695521e-03
4.702639e-03
4.709763e-03
4.716892e-03
4.724026e-03
4.731166e-03
4.738311e-03
4.745462e-03
4.752618e-03
4.759779e-03
4.766946e-03
4.774118e-03
4.781296e-03
4.788479e-03
4.795667e-03
4.802861e-03
4.810060e-03
4.817264e-03
4.824474e-03
4.831689e-03
4.838910e-03
4.846136e-03
4.853367e-03
4.860604e-03
4.867846e-03
4.875094e-03
4.882347e-03
4.889605e-03
4.896869e-03
4.904138e-03
4.911413e-03
4.918693e-03
4.925978e-03
4.933269e-03
4.940565e-03
4.947866e-03
4.955173e-03
4.962486e-03
4.969803e-03
4.977126e-03
4.984455e-03
4.991789e-03
4.999128e-03
5.006472e-03
5.013823e-03
5.021178e-03
5.028539e-03
5.035905e-03
5.043276e-03
5.050653e-03
5.058036e-03
5.065423e-03
5.072817e-03
5.080215e-03
5.087619e-03
5.095028e-03
5.102443e-03
5.109863e-03
5.117289e-03
5.124719e-03
5.132156e-03
5.139597e-03
5.147044e-03
5.154497e-03
5.161955e-03
5.169418e-03
5.176886e-03
5.184360e-03
5.191840e-03
5.199325e-03
5.206815e-03
5.214310e-03
5.221811e-03
5.229317e-03
5.236829e-03
5.244346e-03
5.251869e-03
5.259397e-03
5.266930e-03
5.274469e-03
5.282013e-03
5.289562e-03
5.297117e-03
5.304677e-03
5.312243e-03
5.319814e-03
5.327390e-03
5.334972e-03
5.342559e-03
5.350152e-03
5.357750e-03
5.365353e-03
5.372962e-03
5.380576e-03
5.388195e-03
5.395820e-03
5.403451e-03
5.411086e-03
5.418727e-03
5.426374e-03
5.434026e-03
5.441683e-03
5.449346e-03
5.457014e-03
5.464687e-03
5.472366e-03
5.480050e-03
5.487740e-03
5.495435e-03
5.503135e-03
5.510841e-03
5.518552e-03
5.526268e-03
5.533990e-03
5.541718e-03
5.549450e-03
5.557188e-03
5.564932e-03
5.572681e-03
5.580435e-03
5.588195e-03
5.595960e-03
5.603730e-03
5.611506e-03
5.619287e-03
5.627074e-03
5.634866e-03
5.642663e-03
5.650466e-03
5.658274e-03
5.666088e-03
5.673907e-03
5.681731e-03
5.689561e-03
5.697396e-03
5.705236e-03
5.713082e-03
5.720934e-03
5.728790e-03
5.736652e-03
5.744520e-03
5.752393e-03
5.760271e-03
5.768155e-03
5.776044e-03
5.783938e-03
5.791838e-03
5.799743e-03
5.807654e-03
5.815570e-03
5.823491e-03
5.831418e-03
5.839350e-03
5.847287e-03
5.855230e-03
5.863179e-03
5.871132e-03
5.879091e-03
5.887056e-03
5.895026e-03
5.903001e-03
5.910982e-03
5.918968e-03
5.926959e-03
5.934956e-03
5.942958e-03
5.950966e-03
5.958979e-03
5.966997e-03
5.975021e-03
5.983050e-03
5.991085e-03
5.999125e-03
6.007170e-03
6.015221e-03
6.023277e-03
6.031338e-03
6.039405e-03
6.047478e-03
6.055555e-03
6.063638e-03
6.071727e-03
6.079821e-03
6.087920e-03
6.096024e-03
6.104134e-03
6.112250e-03
6.120371e-03
6.128497e-03
6.136628e-03
6.144765e-03
6.152908e-03
6.161056e-03
6.169209e-03
6.177367e-03
6.185531e-03
6.193700e-03
6.201875e-03
6.210055e-03
6.218241e-03
6.225767e-03
6.233266e-03
6.240738e-03
6.248184e-03
6.255603e-03
6.262994e-03
6.270359e-03
6.277697e-03
6.285008e-03
6.292292e-03
6.299550e-03
6.306780e-03
6.313984e-03
6.321160e-03
6.328310e-03
6.335433e-03
6.342529e-03
6.349598e-03
6.356641e-03
6.363656e-03
6.370645e-03
6.377606e-03
6.384541e-03
6.391449e-03
6.398330e-03
6.405184e-03
6.412011e-03
6.418812e-03
6.425585e-03
6.432332e-03
6.439052e-03
6.445745e-03
6.452411e-03
6.459050e-03
6.465662e-03
6.472247e-03
6.478806e-03
6.485337e-03
6.491842e-03
6.498320e-03
6.504771e-03
6.511195e-03
6.517592e-03
6.523963e-03
6.530306e-03
6.536623e-03
6.542912e-03
6.549175e-03
6.555411e-03
6.561620e-03
6.567802e-03
6.573957e-03
6.580086e-03
6.586187e-03
6.592262e-03
6.598310e-03
6.604331e-03
6.610325e-03
6.616292e-03
6.622232e-03
6.628146e-03
6.634032e-03
6.639892e-03
6.645724e-03
6.651530e-03
6.657309e-03
6.663061e-03
6.668787e-03
6.674485e-03
6.680156e-03
6.685801e-03
6.691419e-03
6.697009e-03
6.702573e-03
6.708110e-03
6.713621e-03
6.719104e-03
6.724560e-03
6.729990e-03
6.735393e-03
6.740768e-03
6.746117e-03
6.751439e-03
6.756735e-03
6.762003e-03
6.767244e-03
6.772459e-03
6.777646e-03
6.782807e-03
6.787941e-03
6.793048e-03
6.798128e-03
6.803181e-03
6.808208e-03
6.813207e-03
6.818180e-03
6.823126e-03
6.828044e-03
6.832936e-03
6.837802e-03
6.842640e-03
6.847451e-03
6.852236e-03
6.856993e-03
6.861724e-03
6.866428e-03
6.871105e-03
6.875755e-03
6.880378e-03
6.884974e-03
6.889544e-03
6.894086e-03
6.898602e-03
6.903091e-03
6.907552e-03
6.911987e-03
6.916396e-03
6.920777e-03
6.925131e-03
6.929459e-03
6.933759e-03
6.938033e-03
6.942280e-03
6.946500e-03
6.950693e-03
6.954859e-03
6.958999e-03
6.963111e-03
6.967197e-03
6.971255e-03
6.975287e-03
6.979292e-03
6.983270e-03
6.987222e-03
6.991146e-03
6.995043e-03
6.998914e-03
7.002758e-03
7.006574e-03
7.010364e-03
7.014127e-03
7.017864e-03
7.021573e-03
7.025255e-03
7.028911e-03
7.032539e-03
7.036141e-03
7.039716e-03
7.043264e-03
7.046785e-03
7.050280e-03
7.053747e-03
7.057187e-03
7.060601e-03
7.063988e-03
7.067348e-03
7.070681e-03
7.073987e-03
7.077266e-03
7.080518e-03
7.083744e-03
7.086942e-03
7.090114e-03
7.093259e-03
7.096377e-03
7.099468e-03
7.102532e-03
7.105569e-03
7.108580e-03
7.111563e-03
7.114520e-03
7.117450e-03
7.120353e-03
7.123229e-03
7.126078e-03
7.128900e-03
7.131696e-03
7.134464e-03
7.137206e-03
7.139921e-03
7.142608e-03
7.145269e-03
7.147904e-03
7.150511e-03
7.153091e-03
7.155645e-03
7.158171e-03
7.160671e-03
7.163144e-03
7.165590e-03
7.168009e-03
7.170401e-03
7.172766e-03
7.175105e-03
7.177416e-03
7.179701e-03
7.181959e-03
7.184190e-03
7.186394e-03
7.188571e-03
7.190721e-03
7.192845e-03
7.194941e-03
7.197011e-03
7.199054e-03
7.201070e-03
7.203059e-03
7.205021e-03
7.206956e-03
7.208865e-03
7.210746e-03
7.212601e-03
7.214429e-03
7.216229e-03
7.218003e-03
7.219750e-03
7.221471e-03
7.223164e-03
7.224831e-03
7.226470e-03
7.228083e-03
7.229669e-03
7.231228e-03
7.232760e-03
7.234265e-03
7.235743e-03
7.237195e-03
7.238619e-03
7.240017e-03
7.241388e-03
7.242732e-03
7.244049e-03
7.245339e-03
7.246602e-03
7.247839e-03
7.249048e-03
7.250231e-03
7.251387e-03
7.252515e-03
7.253617e-03
7.254693e-03
7.255741e-03
7.256762e-03
7.257757e-03
7.258724e-03
7.259665e-03
7.260579e-03
7.261466e-03
7.262326e-03
7.263159e-03
7.263966e-03
7.264745e-03
7.265498e-03
7.266223e-03
7.266922e-03
7.267594e-03
7.268239e-03
7.268857e-03
7.269449e-03
7.270013e-03
7.270551e-03
7.271061e-03
7.271545e-03
7.272002e-03
7.272432e-03
7.272835e-03
7.273212e-03
7.273561e-03
7.273884e-03
7.274179e-03
7.274448e-03
7.274690e-03
7.274905e-03
7.275093e-03
7.275254e-03
7.275389e-03
7.275496e-03
7.275577e-03
7.275630e-03
7.275657e-03
7.275657e-03
7.275630e-03
7.275577e-03
7.275496e-03
7.275388e-03
7.275254e-03
7.275093e-03
7.274904e-03
7.274689e-03
7.274447e-03
7.274179e-03
7.273883e-03
7.273560e-03
7.273211e-03
7.272834e-03
7.272431e-03
7.272001e-03
7.271544e-03
7.271060e-03
7.270550e-03
7.270234e-03
7.270234e-03
7.270234e-03
7.270234e-03
7.270234e-03
7.270234e-03
7.270234e-03
7.270234e-03
7.270234e-03
7.270234e-03
7.270234e-03
7.270234e-03
7.270234e-03
7.270234e-03
7.270234e-03
7.270234e-03
7.270234e-03
7.270234e-03
7.270234e-03
7.270234e-03
7.270234e-03
7.270234e-03
7.270234e-03
7.270234e-03
7.270234e-03
7.270234e-03
7.270234e-03
7.270234e-03
7.270234e-03
7.270234e-03
7.270234e-03
7.270234e-03
7.270234e-03
7.270234e-03
7.270234e-03
7.270234e-03
7.270234e-03
7.270234e-03
7.270234e-03
7.270234e-03
7.270234e-03
7.270234e-03
7.270234e-03
7.270234e-03
7.270234e-03
7.270234e-03
7.270234e-03
7.270234e-03
7.270234e-03
7.270234e-03
7.270234e-03
7.270234e-03
7.270234e-03
7.270234e-03
7.270234e-03
7.270234e-03
7.270234e-03
7.270234e-03
7.270234e-03
7.270234e-03
7.270234e-03
7.270234e-03
7.270234e-03
7.270234e-03
7.270234e-03
7.270234e-03
7.270234e-03
7.270234e-03
7.270234e-03
7.270234e-03
7.270234e-03
7.270234e-03
7.270234e-03
7.270234e-03
7.270234e-03
7.270234e-03
7.270234e-03
7.270234e-03
7.270234e-03
7.270234e-03
7.270234e-03
7.270234e-03
7.270234e-03
7.270234e-03
7.270234e-03
7.270234e-03
7.270234e-03
7.270234e-03
7.270234e-03
7.270234e-03
7.270234e-03
7.270234e-03
7.270234e-03
7.270234e-03
7.270234e-03
7.270234e-03
7.270234e-03
7.270234e-03
7.270234e-03
7.270234e-03
7.270234e-03
7.270234e-03
7.270234e-03
7.270234e-03
7.270234e-03
7.270234e-03
7.270234e-03
7.270234e-03
7.270234e-03
7.270234e-03
7.270234e-03
7.270234e-03
7.270234e-03
7.270234e-03
7.270234e-03
7.270234e-03
7.270234e-03
7.270234e-03
7.270234e-03
7.270234e-03
7.270234e-03
7.270234e-03
7.270234e-03
7.270234e-03
7.270234e-03
7.270234e-03
7.270234e-03
7.270234e-03
7.270234e-03
7.270234e-03
7.270234e-03
7.270234e-03
7.270234e-03
7.270234e-03
7.270234e-03
7.270234e-03
7.270234e-03
7.270234e-03
7.270234e-03
7.270234e-03
7.270234e-03
7.270234e-03
7.270234e-03
7.270234e-03
7.270234e-03
7.270234e-03
7.270234e-03
7.270234e-03
7.270234e-03
7.270234e-03
7.270234e-03
7.270234e-03
7.270234e-03
7.270234e-03
7.270234e-03
7.270234e-03
7.270234e-03
7.270234e-03
7.270234e-03
7.270234e-03
7.270234e-03
7.270234e-03
7.270234e-03
7.270234e-03
7.270234e-03
7.270234e-03
7.270234e-03
7.270234e-03
7.270234e-03
7.270234e-03
7.270234e-03
7.270234e-03
7.270234e-03
7.270234e-03
7.270234e-03
7.270234e-03
7.270234e-03
7.270234e-03
7.270234e-03
7.270234e-03
7.270234e-03
7.270234e-03
7.270234e-03
7.270234e-03
7.270234e-03
7.270234e-03
7.270234e-03
7.270234e-03
7.270234e-03
7.270234e-03
7.270234e-03
7.270234e-03
7.270234e-03
7.270234e-03
7.270234e-03
7.270234e-03
7.270234e-03
7.270234e-03
7.270234e-03
7.270234e-03
7.270234e-03
