0.000000e+00
1.110371e-07
2.258509e-07
3.444416e-07
4.668090e-07
5.929531e-07
7.228741e-07
8.565718e-07
9.940463e-07
1.135298e-06
1.280326e-06
1.429130e-06
1.581712e-06
1.738070e-06
1.898205e-06
2.062117e-06
2.229806e-06
2.401271e-06
2.576514e-06
2.755533e-06
2.938328e-06
3.124901e-06
3.315250e-06
3.509376e-06
3.707279e-06
3.908959e-06
4.114415e-06
4.323648e-06
4.536658e-06
4.753445e-06
4.974008e-06
5.198348e-06
5.426466e-06
5.658359e-06
5.894030e-06
6.133477e-06
6.376701e-06
6.623702e-06
6.874480e-06
7.129034e-06
7.387365e-06
7.649473e-06
7.915358e-06
8.185020e-06
8.458458e-06
8.735673e-06
9.016665e-06
9.301433e-06
9.589979e-06
9.882301e-06
1.017840e-05
1.047828e-05
1.078193e-05
1.108936e-05
1.140056e-05
1.171555e-05
1.203431e-05
1.235684e-05
1.268315e-05
1.301324e-05
1.334711e-05
1.368475e-05
1.402617e-05
1.437137e-05
1.472035e-05
1.507310e-05
1.542962e-05
1.578993e-05
1.615401e-05
1.652187e-05
1.689350e-05
1.726891e-05
1.764810e-05
1.803106e-05
1.841780e-05
1.880832e-05
1.920262e-05
1.960069e-05
2.000254e-05
2.040816e-05
2.081757e-05
2.123074e-05
2.164770e-05
2.206843e-05
2.249294e-05
2.292123e-05
2.335329e-05
2.378913e-05
2.422875e-05
2.467214e-05
2.511931e-05
2.557025e-05
2.602498e-05
2.648348e-05
2.694575e-05
2.741181e-05
2.788164e-05
2.835525e-05
2.883263e-05
2.931379e-05
2.979873e-05
3.028744e-05
3.077993e-05
3.127620e-05
3.177625e-05
3.228007e-05
3.278767e-05
3.329904e-05
3.381419e-05
3.433312e-05
3.485583e-05
3.538231e-05
3.591257e-05
3.644660e-05
3.698441e-05
3.752600e-05
3.807137e-05
3.862051e-05
3.917343e-05
3.973013e-05
4.029060e-05
4.085485e-05
4.142288e-05
4.199468e-05
4.257026e-05
4.314962e-05
4.373275e-05
4.431966e-05
4.491035e-05
4.550481e-05
4.610305e-05
4.670507e-05
4.731086e-05
4.792043e-05
4.853378e-05
4.915091e-05
4.977181e-05
5.039649e-05
5.102494e-05
5.165717e-05
5.229318e-05
5.293297e-05
5.357653e-05
5.422387e-05
5.487498e-05
5.552987e-05
5.618854e-05
5.685099e-05
5.751721e-05
5.818721e-05
5.886099e-05
5.953854e-05
6.021987e-05
6.090497e-05
6.159386e-05
6.228652e-05
6.298295e-05
6.368317e-05
6.438716e-05
6.509493e-05
6.580647e-05
6.652179e-05
6.724089e-05
6.796376e-05
6.869041e-05
6.942084e-05
7.015504e-05
7.089303e-05
7.163478e-05
7.238032e-05
7.312963e-05
7.388272e-05
7.463958e-05
7.540022e-05
7.616464e-05
7.693284e-05
7.770481e-05
7.848056e-05
7.926009e-05
8.004339e-05
8.083047e-05
8.162132e-05
8.241596e-05
8.321437e-05
8.401655e-05
8.482251e-05
8.563225e-05
8.644577e-05
8.726306e-05
8.808413e-05
8.890898e-05
8.973761e-05
9.057001e-05
9.140618e-05
9.224614e-05
9.308987e-05
9.393738e-05
9.478866e-05
9.564372e-05
9.650256e-05
9.736517e-05
9.823156e-05
9.910173e-05
9.997568e-05
1.008534e-04
1.017349e-04
1.026202e-04
1.035092e-04
1.044021e-04
1.052987e-04
1.061990e-04
1.071032e-04
1.080111e-04
1.089228e-04
1.098383e-04
1.107576e-04
1.116806e-04
1.126075e-04
1.135381e-04
1.144724e-04
1.154106e-04
1.163525e-04
1.172982e-04
1.182477e-04
1.192010e-04
1.201580e-04
1.211188e-04
1.220834e-04
1.230518e-04
1.240239e-04
1.249998e-04
1.259795e-04
1.269630e-04
1.279502e-04
1.289413e-04
1.299361e-04
1.309346e-04
1.319370e-04
1.329431e-04
1.339530e-04
1.349667e-04
1.359842e-04
1.370054e-04
1.380304e-04
1.390592e-04
1.400918e-04
1.411281e-04
1.421683e-04
1.432122e-04
1.442598e-04
1.453113e-04
1.463665e-04
1.474255e-04
1.484883e-04
1.495549e-04
1.506252e-04
1.516993e-04
1.527772e-04
1.538589e-04
1.549443e-04
1.560335e-04
1.571265e-04
1.582233e-04
1.593239e-04
1.604282e-04
1.615363e-04
1.626482e-04
1.637638e-04
1.648833e-04
1.660065e-04
1.671335e-04
1.682642e-04
1.693988e-04
1.705371e-04
1.716792e-04
1.728251e-04
1.739747e-04
1.751281e-04
1.762853e-04
1.774463e-04
1.786111e-04
1.797796e-04
1.809519e-04
1.821280e-04
1.833079e-04
1.844915e-04
1.856789e-04
1.868701e-04
1.880651e-04
1.892638e-04
1.904664e-04
1.916727e-04
1.928827e-04
1.940966e-04
1.953142e-04
1.965356e-04
1.977608e-04
1.989898e-04
2.002225e-04
2.014590e-04
2.026993e-04
2.039434e-04
2.051912e-04
2.064429e-04
2.076983e-04
2.089574e-04
2.102204e-04
2.114871e-04
2.127576e-04
2.140319e-04
2.153100e-04
2.165918e-04
2.178774e-04
2.191668e-04
2.204600e-04
2.217569e-04
2.230576e-04
2.243621e-04
2.256704e-04
2.269825e-04
2.282983e-04
2.296179e-04
2.309413e-04
2.322684e-04
2.335994e-04
2.349341e-04
2.362726e-04
2.376148e-04
2.389609e-04
2.403107e-04
2.416643e-04
2.430217e-04
2.443828e-04
2.457477e-04
2.471164e-04
2.484889e-04
2.498652e-04
2.512452e-04
2.526290e-04
2.540166e-04
2.554080e-04
2.568031e-04
2.582020e-04
2.596047e-04
2.610112e-04
2.624214e-04
2.638354e-04
2.652532e-04
2.666748e-04
2.681002e-04
2.695293e-04
2.709622e-04
2.723989e-04
2.738394e-04
2.752836e-04
2.767316e-04
2.781834e-04
2.796390e-04
2.810983e-04
2.825614e-04
2.840283e-04
2.854990e-04
2.869735e-04
2.884517e-04
2.899337e-04
2.914195e-04
2.929090e-04
2.944024e-04
2.958995e-04
2.974004e-04
2.989050e-04
3.004135e-04
3.019257e-04
3.034417e-04
3.049615e-04
3.064850e-04
3.080123e-04
3.095434e-04
3.110783e-04
3.126170e-04
3.141594e-04
3.157056e-04
3.172556e-04
3.188094e-04
3.203669e-04
3.219282e-04
3.234933e-04
3.250622e-04
3.266349e-04
3.282113e-04
3.297915e-04
3.313755e-04
3.329632e-04
3.345547e-04
3.361500e-04
3.377491e-04
3.393520e-04
3.409586e-04
3.425691e-04
3.441832e-04
3.458012e-04
3.474230e-04
3.490485e-04
3.506778e-04
3.523109e-04
3.539477e-04
3.555883e-04
3.572327e-04
3.588809e-04
3.605329e-04
3.621886e-04
3.638481e-04
3.655114e-04
3.671785e-04
3.688493e-04
3.705240e-04
3.722024e-04
3.738845e-04
3.755705e-04
3.772602e-04
3.789537e-04
3.806510e-04
3.823521e-04
3.840569e-04
3.857655e-04
3.874779e-04
3.891941e-04
3.909140e-04
3.926377e-04
3.943652e-04
3.960965e-04
3.978315e-04
3.995704e-04
4.013130e-04
4.030593e-04
4.048095e-04
4.065634e-04
4.083211e-04
4.100826e-04
4.118479e-04
4.136169e-04
4.153897e-04
4.171663e-04
4.189467e-04
4.207309e-04
4.225188e-04
4.243105e-04
4.261060e-04
4.279052e-04
4.297082e-04
4.315150e-04
4.333256e-04
4.351400e-04
4.369581e-04
4.387800e-04
4.406057e-04
4.424352e-04
4.442684e-04
4.461055e-04
4.479463e-04
4.497908e-04
4.516392e-04
4.534913e-04
4.553472e-04
4.572069e-04
4.590704e-04
4.609376e-04
4.628086e-04
4.646834e-04
4.665620e-04
4.684443e-04
4.703304e-04
4.722203e-04
4.741140e-04
4.760115e-04
4.779127e-04
4.798177e-04
4.817265e-04
4.836390e-04
4.855554e-04
4.874755e-04
4.893994e-04
4.913270e-04
4.932585e-04
4.951937e-04
4.971327e-04
4.990754e-04
5.010220e-04
5.029723e-04
5.049264e-04
5.068843e-04
5.088460e-04
5.108114e-04
5.127806e-04
5.147536e-04
5.167303e-04
5.187109e-04
5.206952e-04
5.226833e-04
5.246752e-04
5.266708e-04
5.286702e-04
5.306734e-04
5.326804e-04
5.346912e-04
5.367057e-04
5.387240e-04
5.407461e-04
5.427719e-04
5.448016e-04
5.468350e-04
5.488722e-04
5.509131e-04
5.529579e-04
5.550064e-04
5.570587e-04
5.591148e-04
5.611746e-04
5.632383e-04
5.653057e-04
5.673769e-04
5.694518e-04
5.715305e-04
5.736131e-04
5.756993e-04
5.777894e-04
5.798833e-04
5.819809e-04
5.840823e-04
5.861874e-04
5.882964e-04
5.904091e-04
5.925256e-04
5.946459e-04
5.967700e-04
5.988978e-04
6.010294e-04
6.031648e-04
6.053039e-04
6.074469e-04
6.095936e-04
6.117441e-04
6.138984e-04
6.160564e-04
6.182182e-04
6.203838e-04
6.225532e-04
6.247264e-04
6.269033e-04
6.290840e-04
6.312685e-04
6.334568e-04
6.356488e-04
6.378446e-04
6.400442e-04
6.422476e-04
6.444547e-04
6.466656e-04
6.488803e-04
6.510988e-04
6.533211e-04
6.555471e-04
6.577769e-04
6.600105e-04
6.622478e-04
6.644890e-04
6.667339e-04
6.689826e-04
6.712350e-04
6.734913e-04
6.757513e-04
6.780151e-04
6.802827e-04
6.825540e-04
6.848292e-04
6.871081e-04
6.893907e-04
6.916772e-04
6.939674e-04
6.962614e-04
6.985592e-04
7.008608e-04
7.031661e-04
7.054753e-04
7.077882e-04
7.101048e-04
7.124253e-04
7.147495e-04
7.170775e-04
7.194093e-04
7.217448e-04
7.240842e-04
7.264273e-04
7.287742e-04
7.311248e-04
7.334793e-04
7.358375e-04
7.381995e-04
7.405652e-04
7.429348e-04
7.453081e-04
7.476852e-04
7.500661e-04
7.524507e-04
7.548392e-04
7.572314e-04
7.596274e-04
7.620271e-04
7.644307e-04
7.668380e-04
7.692491e-04
7.716639e-04
7.740826e-04
7.765050e-04
7.789312e-04
7.813612e-04
7.837949e-04
7.862325e-04
7.886738e-04
7.911188e-04
7.935677e-04
7.960203e-04
7.984768e-04
8.009369e-04
8.034009e-04
8.058686e-04
8.083402e-04
8.108155e-04
8.132945e-04
8.157774e-04
8.182640e-04
8.207544e-04
8.232486e-04
8.257466e-04
8.282483e-04
8.307538e-04
8.332631e-04
8.357761e-04
8.382930e-04
8.408136e-04
8.433380e-04
8.458662e-04
8.483981e-04
8.509338e-04
8.534733e-04
8.560166e-04
8.585637e-04
8.611145e-04
8.636691e-04
8.662275e-04
8.687897e-04
8.713556e-04
8.739253e-04
8.764988e-04
8.790761e-04
8.816571e-04
8.842419e-04
8.868305e-04
8.894229e-04
8.920191e-04
8.946190e-04
8.972227e-04
8.998302e-04
9.024415e-04
9.050565e-04
9.076753e-04
9.102979e-04
9.129243e-04
9.155544e-04
9.181883e-04
9.208260e-04
9.234675e-04
9.261128e-04
9.287618e-04
9.314146e-04
9.340712e-04
9.367315e-04
9.393957e-04
9.420636e-04
9.447353e-04
9.474107e-04
9.500900e-04
9.527730e-04
9.554598e-04
9.581503e-04
9.608447e-04
9.635428e-04
9.662447e-04
9.689504e-04
9.716599e-04
9.743731e-04
9.770901e-04
9.798109e-04
9.825355e-04
9.852638e-04
9.879959e-04
9.907318e-04
9.934715e-04
9.962149e-04
9.989621e-04
1.001713e-03
1.004468e-03
1.007226e-03
1.009989e-03
1.012755e-03
1.015525e-03
1.018298e-03
1.021076e-03
1.023857e-03
1.026642e-03
1.029431e-03
1.032223e-03
1.035020e-03
1.037820e-03
1.040624e-03
1.043431e-03
1.046243e-03
1.049058e-03
1.051877e-03
1.054700e-03
1.057526e-03
1.060357e-03
1.063191e-03
1.066029e-03
1.068870e-03
1.071716e-03
1.074565e-03
1.077418e-03
1.080275e-03
1.083135e-03
1.085999e-03
1.088867e-03
1.091739e-03
1.094615e-03
1.097494e-03
1.100378e-03
1.103264e-03
1.106155e-03
1.109050e-03
1.111948e-03
1.114850e-03
1.117756e-03
1.120666e-03
1.123579e-03
1.126496e-03
1.129417e-03
1.132342e-03
1.135270e-03
1.138203e-03
1.141139e-03
1.144079e-03
1.147022e-03
1.149970e-03
1.152921e-03
1.155876e-03
1.158834e-03
1.161797e-03
1.164763e-03
1.167733e-03
1.170707e-03
1.173685e-03
1.176666e-03
1.179651e-03
1.182640e-03
1.185633e-03
1.188629e-03
1.191630e-03
1.194634e-03
1.197641e-03
1.200653e-03
1.203668e-03
1.206688e-03
1.209711e-03
1.212737e-03
1.215768e-03
1.218802e-03
1.221840e-03
1.224882e-03
1.227927e-03
1.230977e-03
1.234030e-03
1.237087e-03
1.240148e-03
1.243212e-03
1.246280e-03
1.249352e-03
1.252428e-03
1.255508e-03
1.258591e-03
1.261678e-03
1.264769e-03
1.267864e-03
1.270962e-03
1.274064e-03
1.277170e-03
1.280280e-03
1.283394e-03
1.286511e-03
1.289632e-03
1.292757e-03
1.295886e-03
1.299018e-03
1.302155e-03
1.305295e-03
1.308438e-03
1.311586e-03
1.314737e-03
1.317892e-03
1.321051e-03
1.324214e-03
1.327380e-03
1.330551e-03
1.333725e-03
1.336902e-03
1.340084e-03
1.343269e-03
1.346458e-03
1.349651e-03
1.352848e-03
1.356048e-03
1.359253e-03
1.362461e-03
1.365672e-03
1.368888e-03
1.372107e-03
1.375330e-03
1.378557e-03
1.381788e-03
1.385022e-03
1.388260e-03
1.391502e-03
1.394748e-03
1.397998e-03
1.401251e-03
1.404508e-03
1.407769e-03
1.411034e-03
1.414302e-03
1.417574e-03
1.420850e-03
1.424130e-03
1.427413e-03
1.430701e-03
1.433992e-03
1.437287e-03
1.440585e-03
1.443888e-03
1.447194e-03
1.450504e-03
1.453818e-03
1.457135e-03
1.460456e-03
1.463782e-03
1.467110e-03
1.470443e-03
1.473779e-03
1.477120e-03
1.480464e-03
1.483811e-03
1.487163e-03
1.490518e-03
1.493877e-03
1.497240e-03
1.500607e-03
1.503977e-03
1.507351e-03
1.510729e-03
1.514111e-03
1.517496e-03
1.520886e-03
1.524279e-03
1.527675e-03
1.531076e-03
1.534480e-03
1.537889e-03
1.541301e-03
1.544716e-03
1.548136e-03
1.551559e-03
1.554986e-03
1.558417e-03
1.561851e-03
1.565290e-03
1.568732e-03
1.572178e-03
1.575628e-03
1.579081e-03
1.582538e-03
1.585999e-03
1.589464e-03
1.592933e-03
1.596405e-03
1.599881e-03
1.603361e-03
1.606845e-03
1.610332e-03
1.613824e-03
1.617319e-03
1.620817e-03
1.624320e-03
1.627826e-03
1.631336e-03
1.634850e-03
1.638368e-03
1.641890e-03
1.645415e-03
1.648944e-03
1.652477e-03
1.656013e-03
1.659553e-03
1.663098e-03
1.666646e-03
1.670197e-03
1.673753e-03
1.677312e-03
1.680875e-03
1.684442e-03
1.688012e-03
1.691587e-03
1.695165e-03
1.698747e-03
1.702332e-03
1.705922e-03
1.709515e-03
1.713112e-03
1.716713e-03
1.720317e-03
1.723926e-03
1.727538e-03
1.731154e-03
1.734773e-03
1.738397e-03
1.742024e-03
1.745655e-03
1.749290e-03
1.752928e-03
1.756570e-03
1.760217e-03
1.763866e-03
1.767520e-03
1.771177e-03
1.774839e-03
1.778504e-03
1.782172e-03
1.785845e-03
1.789521e-03
1.793201e-03
1.796885e-03
1.800573e-03
1.804264e-03
1.807959e-03
1.811658e-03
1.815361e-03
1.819068e-03
1.822778e-03
1.826492e-03
1.830210e-03
1.833932e-03
1.837657e-03
1.841386e-03
1.845119e-03
1.848856e-03
1.852596e-03
1.856341e-03
1.860089e-03
1.863841e-03
1.867596e-03
1.871356e-03
1.875119e-03
1.878886e-03
1.882656e-03
1.886431e-03
1.890209e-03
1.893991e-03
1.897777e-03
1.901567e-03
1.905360e-03
1.909157e-03
1.912958e-03
1.916763e-03
1.920571e-03
1.924384e-03
1.928200e-03
1.932020e-03
1.935843e-03
1.939671e-03
1.943502e-03
1.947337e-03
1.951175e-03
1.955018e-03
1.958864e-03
1.962714e-03
1.966568e-03
1.970426e-03
1.974287e-03
1.978152e-03
1.982021e-03
1.985894e-03
1.989770e-03
1.993650e-03
1.997535e-03
2.001422e-03
2.005314e-03
2.009209e-03
2.013108e-03
2.017011e-03
2.020918e-03
2.024828e-03
2.028743e-03
2.032661e-03
2.036583e-03
2.040508e-03
2.044437e-03
2.048371e-03
2.052308e-03
2.056248e-03
2.060193e-03
2.064141e-03
2.068093e-03
2.072049e-03
2.076008e-03
2.079972e-03
2.083939e-03
2.087910e-03
2.091884e-03
2.095863e-03
2.099845e-03
2.103831e-03
2.107821e-03
2.111814e-03
2.115812e-03
2.119813e-03
2.123818e-03
2.127826e-03
2.131839e-03
2.135855e-03
2.139875e-03
2.143899e-03
2.147926e-03
2.151958e-03
2.155993e-03
2.160032e-03
2.164074e-03
2.168121e-03
2.172171e-03
2.176225e-03
2.180283e-03
2.184344e-03
2.188410e-03
2.192479e-03
2.196552e-03
2.200628e-03
2.204709e-03
2.208793e-03
2.212881e-03
2.216973e-03
2.221068e-03
2.225167e-03
2.229270e-03
2.233377e-03
2.237488e-03
2.241602e-03
2.245721e-03
2.249843e-03
2.253968e-03
2.258098e-03
2.262231e-03
2.266368e-03
2.270509e-03
2.274654e-03
2.278802e-03
2.282954e-03
2.287110e-03
2.291270e-03
2.295433e-03
2.299601e-03
2.303772e-03
2.307947e-03
2.312125e-03
2.316308e-03
2.320494e-03
2.324684e-03
2.328877e-03
2.333075e-03
2.337276e-03
2.341481e-03
2.345690e-03
2.349903e-03
2.354119e-03
2.358339e-03
2.362563e-03
2.366791e-03
2.371022e-03
2.375258e-03
2.379497e-03
2.383740e-03
2.387986e-03
2.392237e-03
2.396491e-03
2.400749e-03
2.405010e-03
2.409276e-03
2.413545e-03
2.417818e-03
2.422095e-03
2.426376e-03
2.430660e-03
2.434948e-03
2.439240e-03
2.443536e-03
2.447835e-03
2.452138e-03
2.456446e-03
2.460756e-03
2.465071e-03
2.469389e-03
2.473711e-03
2.478037e-03
2.482367e-03
2.486700e-03
2.491038e-03
2.495379e-03
2.499724e-03
2.504072e-03
2.508424e-03
2.512781e-03
2.517141e-03
2.521504e-03
2.525872e-03
2.530243e-03
2.534618e-03
2.538997e-03
2.543379e-03
2.547766e-03
2.552156e-03
2.556550e-03
2.560947e-03
2.565349e-03
2.569754e-03
2.574163e-03
2.578576e-03
2.582992e-03
2.587413e-03
2.591837e-03
2.596265e-03
2.600696e-03
2.605132e-03
2.609571e-03
2.614014e-03
2.618461e-03
2.622911e-03
2.627366e-03
2.631824e-03
2.636286e-03
2.640751e-03
2.645221e-03
2.649694e-03
2.654171e-03
2.658652e-03
2.663136e-03
2.667624e-03
2.672117e-03
2.676612e-03
2.681112e-03
2.685615e-03
2.690123e-03
2.694634e-03
2.699148e-03
2.703667e-03
2.708189e-03
2.712715e-03
2.717245e-03
2.721779e-03
2.726316e-03
2.730857e-03
2.735402e-03
2.739951e-03
2.744504e-03
2.749060e-03
2.753620e-03
2.758184e-03
2.762752e-03
2.767323e-03
2.771898e-03
2.776477e-03
2.781060e-03
2.785646e-03
2.790237e-03
2.794831e-03
2.799428e-03
2.804030e-03
2.808636e-03
2.813245e-03
2.817858e-03
2.822474e-03
2.827095e-03
2.831719e-03
2.836347e-03
2.840979e-03
2.845615e-03
2.850254e-03
2.854897e-03
2.859544e-03
2.864195e-03
2.868849e-03
2.873508e-03
2.878170e-03
2.882835e-03
2.887505e-03
2.892178e-03
2.896856e-03
2.901537e-03
2.906221e-03
2.910910e-03
2.915602e-03
2.920298e-03
2.924998e-03
2.929701e-03
2.934409e-03
2.939120e-03
2.943835e-03
2.948554e-03
2.953276e-03
2.958002e-03
2.962732e-03
2.967466e-03
2.972204e-03
2.976945e-03
2.981690e-03
2.986439e-03
2.991192e-03
2.995948e-03
3.000709e-03
3.005473e-03
3.010240e-03
3.015012e-03
3.019787e-03
3.024566e-03
3.029349e-03
3.034136e-03
3.038926e-03
3.043721e-03
3.048519e-03
3.053320e-03
3.058126e-03
3.062935e-03
3.067748e-03
3.072565e-03
3.077386e-03
3.082210e-03
3.087039e-03
3.091871e-03
3.096707e-03
3.101546e-03
3.106389e-03
3.111236e-03
3.116087e-03
3.120942e-03
3.125800e-03
3.130663e-03
3.135529e-03
3.140398e-03
3.145272e-03
3.150149e-03
3.155030e-03
3.159915e-03
3.164804e-03
3.169696e-03
3.174593e-03
3.179493e-03
3.184396e-03
3.189304e-03
3.194215e-03
3.199130e-03
3.204049e-03
3.208972e-03
3.213898e-03
3.218828e-03
3.223762e-03
3.228700e-03
3.233642e-03
3.238587e-03
3.243536e-03
3.248489e-03
3.253446e-03
3.258406e-03
3.263370e-03
3.268338e-03
3.273310e-03
3.278285e-03
3.283265e-03
3.288248e-03
3.293235e-03
3.298225e-03
3.303220e-03
3.308218e-03
3.313220e-03
3.318225e-03
3.323235e-03
3.328248e-03
3.333265e-03
3.338286e-03
3.343311e-03
3.348339e-03
3.353371e-03
3.358407e-03
3.363447e-03
3.368491e-03
3.373538e-03
3.378589e-03
3.383644e-03
3.388702e-03
3.393765e-03
3.398831e-03
3.403901e-03
3.408975e-03
3.414052e-03
3.419133e-03
3.424218e-03
3.429307e-03
3.434400e-03
3.439496e-03
3.444596e-03
3.449700e-03
3.454808e-03
3.459919e-03
3.465035e-03
3.470154e-03
3.475276e-03
3.480403e-03
3.485533e-03
3.490668e-03
3.495806e-03
3.500947e-03
3.506093e-03
3.511242e-03
3.516395e-03
3.521552e-03
3.526712e-03
3.531877e-03
3.537045e-03
3.542217e-03
3.547392e-03
3.552572e-03
3.557755e-03
3.562942e-03
3.568133e-03
3.573328e-03
3.578526e-03
3.583728e-03
3.588934e-03
3.594144e-03
3.599357e-03
3.604574e-03
3.609795e-03
3.615020e-03
3.620249e-03
3.625481e-03
3.630717e-03
3.635957e-03
3.641201e-03
3.646448e-03
3.651699e-03
3.656954e-03
3.662213e-03
3.667476e-03
3.672742e-03
3.678012e-03
3.683286e-03
3.688564e-03
3.693845e-03
3.699130e-03
3.704419e-03
3.709712e-03
3.715009e-03
3.720309e-03
3.725613e-03
3.730921e-03
3.736233e-03
3.741548e-03
3.746867e-03
3.752190e-03
3.757517e-03
3.762847e-03
3.768182e-03
3.773520e-03
3.778862e-03
3.784207e-03
3.789557e-03
3.794910e-03
3.800267e-03
3.805628e-03
3.810992e-03
3.816361e-03
3.821733e-03
3.827108e-03
3.832488e-03
3.837872e-03
3.843259e-03
3.848650e-03
3.854044e-03
3.859443e-03
3.864845e-03
3.870251e-03
3.875661e-03
3.881075e-03
3.886492e-03
3.891913e-03
3.897338e-03
3.902767e-03
3.908200e-03
3.913636e-03
3.919076e-03
3.924520e-03
3.929967e-03
3.935419e-03
3.940874e-03
3.946333e-03
3.951796e-03
3.957262e-03
3.962732e-03
3.968206e-03
3.973684e-03
3.979166e-03
3.984651e-03
3.990140e-03
3.995633e-03
4.001130e-03
4.006631e-03
4.012135e-03
4.017643e-03
4.023155e-03
4.028670e-03
4.034190e-03
4.039713e-03
4.045240e-03
4.050770e-03
4.056305e-03
4.061843e-03
4.067385e-03
4.072931e-03
4.078481e-03
4.084034e-03
4.089591e-03
4.095152e-03
4.100717e-03
4.106285e-03
4.111857e-03
4.117433e-03
4.123013e-03
4.128597e-03
4.134184e-03
4.139775e-03
4.145370e-03
4.150969e-03
4.156571e-03
4.162178e-03
4.167788e-03
4.173401e-03
4.179019e-03
4.184640e-03
4.190265e-03
4.195894e-03
4.201527e-03
4.207163e-03
4.212804e-03
4.218448e-03
4.224096e-03
4.229747e-03
4.235402e-03
4.241062e-03
4.246724e-03
4.252391e-03
4.258062e-03
4.263736e-03
4.269414e-03
4.275096e-03
4.280781e-03
4.286470e-03
4.292164e-03
4.297860e-03
4.303561e-03
4.309265e-03
4.314974e-03
4.320686e-03
4.326401e-03
4.332121e-03
4.337844e-03
4.343571e-03
4.349302e-03
4.355037e-03
4.360775e-03
4.366518e-03
4.372264e-03
4.378013e-03
4.383767e-03
4.389524e-03
4.395285e-03
4.401050e-03
4.406819e-03
4.411926e-03
4.417015e-03
4.422085e-03
4.427136e-03
4.432169e-03
4.437182e-03
4.442177e-03
4.447153e-03
4.452110e-03
4.457048e-03
4.461967e-03
4.466868e-03
4.471749e-03
4.476612e-03
4.481456e-03
4.486281e-03
4.491088e-03
4.495875e-03
4.500644e-03
4.505394e-03
4.510125e-03
4.514837e-03
4.519530e-03
4.524205e-03
4.528860e-03
4.533497e-03
4.538115e-03
4.542714e-03
4.547295e-03
4.551856e-03
4.556399e-03
4.560923e-03
4.565428e-03
4.569914e-03
4.574381e-03
4.578830e-03
4.583259e-03
4.587670e-03
4.592062e-03
4.596435e-03
4.600790e-03
4.605125e-03
4.609442e-03
4.613740e-03
4.618019e-03
4.622279e-03
4.626520e-03
4.630743e-03
4.634946e-03
4.639131e-03
4.643297e-03
4.647444e-03
4.651572e-03
4.655682e-03
4.659773e-03
4.663844e-03
4.667897e-03
4.671932e-03
4.675947e-03
4.679943e-03
4.683921e-03
4.687880e-03
4.691820e-03
4.695741e-03
4.699643e-03
4.703527e-03
4.707391e-03
4.711237e-03
4.715064e-03
4.718872e-03
4.722662e-03
4.726432e-03
4.730184e-03
4.733917e-03
4.737631e-03
4.741326e-03
4.745002e-03
4.748660e-03
4.752298e-03
4.755918e-03
4.759519e-03
4.763101e-03
4.766664e-03
4.770209e-03
4.773735e-03
4.777241e-03
4.780729e-03
4.784198e-03
4.787649e-03
4.791080e-03
4.794493e-03
4.797887e-03
4.801262e-03
4.804618e-03
4.807955e-03
4.811274e-03
4.814573e-03
4.817854e-03
4.821116e-03
4.824359e-03
4.827583e-03
4.830789e-03
4.833976e-03
4.837143e-03
4.840292e-03
4.843422e-03
4.846534e-03
4.849626e-03
4.852700e-03
4.855755e-03
4.858791e-03
4.861808e-03
4.864806e-03
4.867786e-03
4.870746e-03
4.873688e-03
4.876611e-03
4.879515e-03
4.882400e-03
4.885267e-03
4.888114e-03
4.890943e-03
4.893753e-03
4.896544e-03
4.899317e-03
4.902070e-03
4.904805e-03
4.907521e-03
4.910218e-03
4.912896e-03
4.915555e-03
4.918195e-03
4.920817e-03
4.923420e-03
4.926004e-03
4.928569e-03
4.931115e-03
4.933643e-03
4.936151e-03
4.938641e-03
4.941112e-03
4.943564e-03
4.945997e-03
4.948412e-03
4.950808e-03
4.953184e-03
4.955542e-03
4.957881e-03
4.960202e-03
4.962503e-03
4.964786e-03
4.967050e-03
4.969294e-03
4.971521e-03
4.973728e-03
4.975916e-03
4.978086e-03
4.980237e-03
4.982369e-03
4.984482e-03
4.986576e-03
4.988652e-03
4.990708e-03
4.992746e-03
4.994765e-03
4.996765e-03
4.998746e-03
5.000709e-03
5.002652e-03
5.004577e-03
5.006483e-03
5.008370e-03
5.010238e-03
5.012088e-03
5.013919e-03
5.015730e-03
5.017523e-03
5.019297e-03
5.021053e-03
5.022789e-03
5.024507e-03
5.026205e-03
5.027885e-03
5.029547e-03
5.031189e-03
5.032812e-03
5.034417e-03
5.036003e-03
5.037570e-03
5.039118e-03
5.040647e-03
5.042157e-03
5.043649e-03
5.045122e-03
5.046576e-03
5.048011e-03
5.049427e-03
5.050825e-03
5.052203e-03
5.053563e-03
5.054904e-03
5.056226e-03
5.057529e-03
5.058814e-03
5.060079e-03
5.061326e-03
5.062554e-03
5.063763e-03
5.064953e-03
5.066125e-03
5.067277e-03
5.068411e-03
5.069526e-03
5.070622e-03
5.071699e-03
5.072758e-03
5.073797e-03
5.074818e-03
5.075820e-03
5.076803e-03
5.077768e-03
5.078713e-03
5.079640e-03
5.080547e-03
5.081436e-03
5.082306e-03
5.083158e-03
5.083990e-03
5.084804e-03
5.085598e-03
5.086374e-03
5.087131e-03
5.087870e-03
5.088589e-03
5.089290e-03
5.089971e-03
5.090634e-03
5.091278e-03
5.091904e-03
5.092510e-03
5.093098e-03
5.093666e-03
5.094216e-03
5.094747e-03
5.095260e-03
5.095753e-03
5.096228e-03
5.096684e-03
5.097120e-03
5.097539e-03
5.097938e-03
5.098318e-03
5.098680e-03
5.099023e-03
5.099346e-03
5.099652e-03
5.099938e-03
5.100205e-03
5.100454e-03
5.100684e-03
5.100894e-03
5.101087e-03
5.101260e-03
5.101414e-03
5.101550e-03
5.101667e-03
5.101764e-03
5.101844e-03
5.101904e-03
5.101945e-03
5.101968e-03
5.101972e-03
5.101956e-03
5.101923e-03
5.101870e-03
5.101798e-03
5.101708e-03
5.101598e-03
5.101470e-03
5.101323e-03
5.101158e-03
5.100973e-03
5.100770e-03
5.100547e-03
5.100306e-03
5.100046e-03
5.099768e-03
5.099470e-03
5.099154e-03
5.098818e-03
5.098464e-03
5.098091e-03
5.097700e-03
5.097289e-03
5.096860e-03
5.096411e-03
5.095944e-03
5.095458e-03
5.094954e-03
5.094430e-03
5.094110e-03
5.094110e-03
5.094110e-03
5.094110e-03
5.094110e-03
5.094110e-03
5.094110e-03
5.094110e-03
5.094110e-03
5.094110e-03
5.094110e-03
5.094110e-03
5.094110e-03
5.094110e-03
5.094110e-03
5.094110e-03
5.094110e-03
5.094110e-03
5.094110e-03
5.094110e-03
5.094110e-03
5.094110e-03
5.094110e-03
5.094110e-03
5.094110e-03
5.094110e-03
5.094110e-03
5.094110e-03
5.094110e-03
5.094110e-03
5.094110e-03
5.094110e-03
5.094110e-03
5.094110e-03
5.094110e-03
5.094110e-03
5.094110e-03
5.094110e-03
5.094110e-03
5.094110e-03
5.094110e-03
5.094110e-03
5.094110e-03
5.094110e-03
5.094110e-03
5.094110e-03
5.094110e-03
5.094110e-03
5.094110e-03
5.094110e-03
5.094110e-03
5.094110e-03
5.094110e-03
5.094110e-03
5.094110e-03
5.094110e-03
5.094110e-03
5.094110e-03
5.094110e-03
5.094110e-03
5.094110e-03
5.094110e-03
5.094110e-03
5.094110e-03
5.094110e-03
5.094110e-03
5.094110e-03
5.094110e-03
5.094110e-03
5.094110e-03
5.094110e-03
5.094110e-03
5.094110e-03
5.094110e-03
5.094110e-03
5.094110e-03
5.094110e-03
5.094110e-03
5.094110e-03
5.094110e-03
5.094110e-03
5.094110e-03
5.094110e-03
5.094110e-03
5.094110e-03
5.094110e-03
5.094110e-03
5.094110e-03
5.094110e-03
5.094110e-03
5.094110e-03
5.094110e-03
5.094110e-03
5.094110e-03
5.094110e-03
5.094110e-03
5.094110e-03
5.094110e-03
5.094110e-03
5.094110e-03
5.094110e-03
5.094110e-03
5.094110e-03
5.094110e-03
5.094110e-03
5.094110e-03
5.094110e-03
5.094110e-03
5.094110e-03
5.094110e-03
5.094110e-03
5.094110e-03
5.094110e-03
5.094110e-03
5.094110e-03
5.094110e-03
5.094110e-03
5.094110e-03
5.094110e-03
5.094110e-03
5.094110e-03
5.094110e-03
5.094110e-03
5.094110e-03
5.094110e-03
5.094110e-03
5.094110e-03
5.094110e-03
5.094110e-03
5.094110e-03
5.094110e-03
5.094110e-03
5.094110e-03
5.094110e-03
5.094110e-03
5.094110e-03
5.094110e-03
5.094110e-03
5.094110e-03
5.094110e-03
5.094110e-03
5.094110e-03
5.094110e-03
5.094110e-03
5.094110e-03
5.094110e-03
5.094110e-03
5.094110e-03
5.094110e-03
5.094110e-03
5.094110e-03
5.094110e-03
5.094110e-03
5.094110e-03
5.094110e-03
5.094110e-03
5.094110e-03
5.094110e-03
5.094110e-03
5.094110e-03
5.094110e-03
5.094110e-03
5.094110e-03
5.094110e-03
5.094110e-03
5.094110e-03
5.094110e-03
5.094110e-03
5.094110e-03
5.094110e-03
5.094110e-03
5.094110e-03
5.094110e-03
5.094110e-03
5.094110e-03
5.094110e-03
5.094110e-03
5.094110e-03
5.094110e-03
5.094110e-03
5.094110e-03
5.094110e-03
5.094110e-03
5.094110e-03
5.094110e-03
5.094110e-03
5.094110e-03
5.094110e-03
5.094110e-03
5.094110e-03
5.094110e-03
5.094110e-03
5.094110e-03
5.094110e-03
5.094110e-03
5.094110e-03
5.094110e-03
5.094110e-03
5.094110e-03
5.094110e-03
5.094110e-03
