0.000000e+00
1.110371e-07
2.265515e-07
3.465432e-07
4.710122e-07
5.999585e-07
7.333820e-07
8.712829e-07
1.013661e-06
1.160517e-06
1.311849e-06
1.467660e-06
1.627947e-06
1.792712e-06
1.961954e-06
2.135673e-06
2.313870e-06
2.496544e-06
2.683695e-06
2.875323e-06
3.071429e-06
3.272012e-06
3.477073e-06
3.686610e-06
3.900625e-06
4.119118e-06
4.342087e-06
4.569534e-06
4.801459e-06
5.037860e-06
5.278739e-06
5.524095e-06
5.773928e-06
6.028239e-06
6.287027e-06
6.550293e-06
6.818035e-06
7.090255e-06
7.366952e-06
7.648127e-06
7.933779e-06
8.223908e-06
8.518515e-06
8.817598e-06
9.121159e-06
9.429198e-06
9.741713e-06
1.005871e-05
1.038018e-05
1.070612e-05
1.103655e-05
1.137145e-05
1.171083e-05
1.205469e-05
1.240302e-05
1.275583e-05
1.311312e-05
1.347489e-05
1.384113e-05
1.421185e-05
1.458705e-05
1.496672e-05
1.535088e-05
1.573951e-05
1.613261e-05
1.653020e-05
1.693226e-05
1.733880e-05
1.774982e-05
1.816531e-05
1.858528e-05
1.900973e-05
1.943865e-05
1.987206e-05
2.030994e-05
2.075229e-05
2.119913e-05
2.165044e-05
2.210623e-05
2.256650e-05
2.303124e-05
2.350046e-05
2.397416e-05
2.445234e-05
2.493499e-05
2.542212e-05
2.591373e-05
2.640981e-05
2.691038e-05
2.741541e-05
2.792493e-05
2.843893e-05
2.895740e-05
2.948035e-05
3.000777e-05
3.053968e-05
3.107606e-05
3.161691e-05
3.216225e-05
3.271206e-05
3.326635e-05
3.382512e-05
3.438836e-05
3.495609e-05
3.552829e-05
3.610496e-05
3.668612e-05
3.727175e-05
3.786186e-05
3.845644e-05
3.905550e-05
3.965904e-05
4.026706e-05
4.087956e-05
4.149653e-05
4.211798e-05
4.274391e-05
4.337431e-05
4.400919e-05
4.464855e-05
4.529239e-05
4.594070e-05
4.659349e-05
4.725076e-05
4.791250e-05
4.857873e-05
4.924943e-05
4.992460e-05
5.060426e-05
5.128839e-05
5.197700e-05
5.267008e-05
5.336765e-05
5.406969e-05
5.477621e-05
5.548720e-05
5.620267e-05
5.692263e-05
5.764705e-05
5.837596e-05
5.910934e-05
5.984720e-05
6.058954e-05
6.133635e-05
6.208764e-05
6.284341e-05
6.360365e-05
6.436838e-05
6.513758e-05
6.591126e-05
6.668941e-05
6.747204e-05
6.825915e-05
6.905074e-05
6.984680e-05
7.064735e-05
7.145237e-05
7.226186e-05
7.307583e-05
7.389429e-05
7.471721e-05
7.554462e-05
7.637650e-05
7.721286e-05
7.805370e-05
7.889901e-05
7.974881e-05
8.060307e-05
8.146182e-05
8.232504e-05
8.319275e-05
8.406492e-05
8.494158e-05
8.582271e-05
8.670832e-05
8.759841e-05
8.849298e-05
8.939202e-05
9.029554e-05
9.120353e-05
9.211601e-05
9.303296e-05
9.395439e-05
9.488029e-05
9.581068e-05
9.674554e-05
9.768488e-05
9.862869e-05
9.957698e-05
1.005298e-04
1.014870e-04
1.024487e-04
1.034149e-04
1.043856e-04
1.053608e-04
1.063404e-04
1.073245e-04
1.083131e-04
1.093062e-04
1.103037e-04
1.113057e-04
1.123122e-04
1.133232e-04
1.143386e-04
1.153586e-04
1.163830e-04
1.174119e-04
1.184452e-04
1.194831e-04
1.205254e-04
1.215722e-04
1.226234e-04
1.236792e-04
1.247394e-04
1.258041e-04
1.268733e-04
1.279470e-04
1.290251e-04
1.301077e-04
1.311948e-04
1.322864e-04
1.333824e-04
1.344829e-04
1.355879e-04
1.366974e-04
1.378114e-04
1.389298e-04
1.400527e-04
1.411801e-04
1.423119e-04
1.434483e-04
1.445891e-04
1.457344e-04
1.468842e-04
1.480384e-04
1.491971e-04
1.503603e-04
1.515280e-04
1.527002e-04
1.538768e-04
1.550579e-04
1.562435e-04
1.574336e-04
1.586281e-04
1.598271e-04
1.610306e-04
1.622386e-04
1.634511e-04
1.646680e-04
1.658894e-04
1.671153e-04
1.683457e-04
1.695805e-04
1.708198e-04
1.720636e-04
1.733119e-04
1.745646e-04
1.758219e-04
1.770836e-04
1.783497e-04
1.796204e-04
1.808955e-04
1.821751e-04
1.834592e-04
1.847478e-04
1.860408e-04
1.873384e-04
1.886404e-04
1.899468e-04
1.912578e-04
1.925732e-04
1.938931e-04
1.952175e-04
1.965464e-04
1.978797e-04
1.992175e-04
2.005598e-04
2.019066e-04
2.032579e-04
2.046136e-04
2.059738e-04
2.073385e-04
2.087076e-04
2.100813e-04
2.114594e-04
2.128420e-04
2.142290e-04
2.156206e-04
2.170166e-04
2.184171e-04
2.198221e-04
2.212315e-04
2.226455e-04
2.240639e-04
2.254868e-04
2.269141e-04
2.283460e-04
2.297823e-04
2.312231e-04
2.326684e-04
2.341181e-04
2.355723e-04
2.370310e-04
2.384942e-04
2.399619e-04
2.414340e-04
2.429106e-04
2.443917e-04
2.458773e-04
2.473673e-04
2.488619e-04
2.503609e-04
2.518643e-04
2.533723e-04
2.548847e-04
2.564016e-04
2.579230e-04
2.594489e-04
2.609792e-04
2.625141e-04
2.640534e-04
2.655971e-04
2.671454e-04
2.686981e-04
2.702553e-04
2.718170e-04
2.733832e-04
2.749538e-04
2.765289e-04
2.781085e-04
2.796926e-04
2.812811e-04
2.828741e-04
2.844716e-04
2.860736e-04
2.876801e-04
2.892910e-04
2.909064e-04
2.925263e-04
2.941507e-04
2.957795e-04
2.974128e-04
2.990506e-04
3.006929e-04
3.023397e-04
3.039909e-04
3.056466e-04
3.073068e-04
3.089714e-04
3.106406e-04
3.123142e-04
3.139923e-04
3.156749e-04
3.173619e-04
3.190534e-04
3.207494e-04
3.224499e-04
3.241549e-04
3.258643e-04
3.275782e-04
3.292966e-04
3.310195e-04
3.327468e-04
3.344786e-04
3.362149e-04
3.379557e-04
3.397010e-04
3.414507e-04
3.432049e-04
3.449636e-04
3.467267e-04
3.484944e-04
3.502665e-04
3.520431e-04
3.538242e-04
3.556097e-04
3.573997e-04
3.591942e-04
3.609932e-04
3.627967e-04
3.646046e-04
3.664170e-04
3.682339e-04
3.700553e-04
3.718811e-04
3.737114e-04
3.755462e-04
3.773855e-04
3.792293e-04
3.810775e-04
3.829302e-04
3.847874e-04
3.866490e-04
3.885152e-04
3.903858e-04
3.922609e-04
3.941405e-04
3.960245e-04
3.979130e-04
3.998060e-04
4.017035e-04
4.036055e-04
4.055119e-04
4.074228e-04
4.093382e-04
4.112581e-04
4.131824e-04
4.151113e-04
4.170446e-04
4.189823e-04
4.209246e-04
4.228713e-04
4.248225e-04
4.267782e-04
4.287384e-04
4.307030e-04
4.326721e-04
4.346457e-04
4.366238e-04
4.386063e-04
4.405934e-04
4.425849e-04
4.445809e-04
4.465813e-04
4.485862e-04
4.505957e-04
4.526096e-04
4.546279e-04
4.566508e-04
4.586781e-04
4.607099e-04
4.627462e-04
4.647869e-04
4.668321e-04
4.688819e-04
4.709360e-04
4.729947e-04
4.750578e-04
4.771255e-04
4.791976e-04
4.812741e-04
4.833552e-04
4.854407e-04
4.875307e-04
4.896252e-04
4.917242e-04
4.938276e-04
4.959355e-04
4.980479e-04
5.001648e-04
5.022861e-04
5.044119e-04
5.065422e-04
5.086770e-04
5.108163e-04
5.129600e-04
5.151082e-04
5.172609e-04
5.194181e-04
5.215797e-04
5.237458e-04
5.259164e-04
5.280915e-04
5.302710e-04
5.324551e-04
5.346436e-04
5.368366e-04
5.390340e-04
5.412360e-04
5.434424e-04
5.456533e-04
5.478686e-04
5.500885e-04
5.523128e-04
5.545416e-04
5.567749e-04
5.590126e-04
5.612549e-04
5.635016e-04
5.657528e-04
5.680084e-04
5.702686e-04
5.725332e-04
5.748023e-04
5.770759e-04
5.793539e-04
5.816364e-04
5.839234e-04
5.862149e-04
5.885109e-04
5.908113e-04
5.931162e-04
5.954256e-04
5.977395e-04
6.000578e-04
6.023807e-04
6.047080e-04
6.070398e-04
6.093760e-04
6.117167e-04
6.140620e-04
6.164116e-04
6.187658e-04
6.211244e-04
6.234876e-04
6.258552e-04
6.282272e-04
6.306038e-04
6.329848e-04
6.353703e-04
6.377603e-04
6.401548e-04
6.425537e-04
6.449571e-04
6.473650e-04
6.497774e-04
6.521942e-04
6.546156e-04
6.570414e-04
6.594716e-04
6.619064e-04
6.643456e-04
6.667893e-04
6.692375e-04
6.716902e-04
6.741473e-04
6.766090e-04
6.790751e-04
6.815456e-04
6.840207e-04
6.865002e-04
6.889842e-04
6.914727e-04
6.939657e-04
6.964631e-04
6.989650e-04
7.014714e-04
7.039823e-04
7.064976e-04
7.090175e-04
7.115418e-04
7.140705e-04
7.166038e-04
7.191415e-04
7.216838e-04
7.242304e-04
7.267816e-04
7.293373e-04
7.318974e-04
7.344620e-04
7.370310e-04
7.396046e-04
7.421826e-04
7.447651e-04
7.473521e-04
7.499436e-04
7.525395e-04
7.551399e-04
7.577448e-04
7.603542e-04
7.629681e-04
7.655864e-04
7.682092e-04
7.708365e-04
7.734682e-04
7.761045e-04
7.787452e-04
7.813904e-04
7.840400e-04
7.866942e-04
7.893528e-04
7.920159e-04
7.946835e-04
7.973555e-04
8.000321e-04
8.027131e-04
8.053986e-04
8.080885e-04
8.107830e-04
8.134819e-04
8.161853e-04
8.188931e-04
8.216055e-04
8.243223e-04
8.270436e-04
8.297694e-04
8.324997e-04
8.352344e-04
8.379736e-04
8.407173e-04
8.434655e-04
8.462181e-04
8.489752e-04
8.517368e-04
8.545029e-04
8.572735e-04
8.600485e-04
8.628280e-04
8.656120e-04
8.684005e-04
8.711934e-04
8.739908e-04
8.767927e-04
8.795991e-04
8.824099e-04
8.852253e-04
8.880451e-04
8.908693e-04
8.936981e-04
8.965313e-04
8.993691e-04
9.022112e-04
9.050579e-04
9.079091e-04
9.107647e-04
9.136248e-04
9.164894e-04
9.193584e-04
9.222320e-04
9.251100e-04
9.279924e-04
9.308794e-04
9.337709e-04
9.366668e-04
9.395672e-04
9.424720e-04
9.453814e-04
9.482952e-04
9.512135e-04
9.541363e-04
9.570636e-04
9.599953e-04
9.629315e-04
9.658722e-04
9.688174e-04
9.717670e-04
9.747212e-04
9.776798e-04
9.806428e-04
9.836104e-04
9.865824e-04
9.895589e-04
9.925399e-04
9.955254e-04
9.985153e-04
1.001510e-03
1.004509e-03
1.007512e-03
1.010520e-03
1.013532e-03
1.016549e-03
1.019570e-03
1.022596e-03
1.025626e-03
1.028661e-03
1.031700e-03
1.034744e-03
1.037792e-03
1.040845e-03
1.043902e-03
1.046963e-03
1.050029e-03
1.053100e-03
1.056175e-03
1.059254e-03
1.062338e-03
1.065427e-03
1.068520e-03
1.071617e-03
1.074719e-03
1.077825e-03
1.080936e-03
1.084051e-03
1.087171e-03
1.090296e-03
1.093424e-03
1.096557e-03
1.099695e-03
1.102837e-03
1.105984e-03
1.109135e-03
1.112291e-03
1.115451e-03
1.118615e-03
1.121784e-03
1.124958e-03
1.128136e-03
1.131318e-03
1.134505e-03
1.137697e-03
1.140893e-03
1.144093e-03
1.147298e-03
1.150507e-03
1.153721e-03
1.156939e-03
1.160162e-03
1.163389e-03
1.166621e-03
1.169857e-03
1.173098e-03
1.176343e-03
1.179593e-03
1.182847e-03
1.186105e-03
1.189368e-03
1.192636e-03
1.195908e-03
1.199184e-03
1.202465e-03
1.205751e-03
1.209041e-03
1.212335e-03
1.215634e-03
1.218937e-03
1.222245e-03
1.225558e-03
1.228874e-03
1.232196e-03
1.235521e-03
1.238852e-03
1.242186e-03
1.245525e-03
1.248869e-03
1.252217e-03
1.255570e-03
1.258927e-03
1.262288e-03
1.265654e-03
1.269025e-03
1.272400e-03
1.275779e-03
1.279163e-03
1.282552e-03
1.285945e-03
1.289342e-03
1.292744e-03
1.296150e-03
1.299561e-03
1.302976e-03
1.306396e-03
1.309820e-03
1.313249e-03
1.316682e-03
1.320120e-03
1.323562e-03
1.327009e-03
1.330460e-03
1.333915e-03
1.337375e-03
1.340840e-03
1.344309e-03
1.347782e-03
1.351260e-03
1.354743e-03
1.358230e-03
1.361721e-03
1.365217e-03
1.368717e-03
1.372222e-03
1.375732e-03
1.379245e-03
1.382764e-03
1.386286e-03
1.389814e-03
1.393345e-03
1.396881e-03
1.400422e-03
1.403967e-03
1.407517e-03
1.411071e-03
1.414629e-03
1.418193e-03
1.421760e-03
1.425332e-03
1.428909e-03
1.432489e-03
1.436075e-03
1.439665e-03
1.443259e-03
1.446858e-03
1.450461e-03
1.454069e-03
1.457681e-03
1.461298e-03
1.464919e-03
1.468545e-03
1.472175e-03
1.475810e-03
1.479449e-03
1.483093e-03
1.486741e-03
1.490394e-03
1.494051e-03
1.497712e-03
1.501378e-03
1.505049e-03
1.508724e-03
1.512403e-03
1.516087e-03
1.519775e-03
1.523468e-03
1.527166e-03
1.530867e-03
1.534574e-03
1.538285e-03
1.542000e-03
1.545720e-03
1.549444e-03
1.553172e-03
1.556906e-03
1.560643e-03
1.564385e-03
1.568132e-03
1.571883e-03
1.575639e-03
1.579399e-03
1.583163e-03
1.586932e-03
1.590706e-03
1.594484e-03
1.598266e-03
1.602053e-03
1.605844e-03
1.609640e-03
1.613441e-03
1.617245e-03
1.621055e-03
1.624868e-03
1.628687e-03
1.632509e-03
1.636337e-03
1.640168e-03
1.644004e-03
1.647845e-03
1.651690e-03
1.655540e-03
1.659394e-03
1.663252e-03
1.667115e-03
1.670983e-03
1.674855e-03
1.678731e-03
1.682612e-03
1.686498e-03
1.690387e-03
1.694282e-03
1.698181e-03
1.702084e-03
1.705992e-03
1.709904e-03
1.713821e-03
1.717742e-03
1.721668e-03
1.725598e-03
1.729532e-03
1.733472e-03
1.737415e-03
1.741363e-03
1.745316e-03
1.749273e-03
1.753234e-03
1.757200e-03
1.761171e-03
1.765146e-03
1.769125e-03
1.773109e-03
1.777098e-03
1.781090e-03
1.785088e-03
1.789090e-03
1.793096e-03
1.797107e-03
1.801122e-03
1.805142e-03
1.809166e-03
1.813194e-03
1.817228e-03
1.821265e-03
1.825307e-03
1.829354e-03
1.833405e-03
1.837461e-03
1.841521e-03
1.845585e-03
1.849654e-03
1.853727e-03
1.857805e-03
1.861888e-03
1.865975e-03
1.870066e-03
1.874162e-03
1.878262e-03
1.882367e-03
1.886476e-03
1.890590e-03
1.894708e-03
1.898831e-03
1.902958e-03
1.907090e-03
1.911226e-03
1.915366e-03
1.919512e-03
1.923661e-03
1.927815e-03
1.931974e-03
1.936137e-03
1.940304e-03
1.944476e-03
1.948653e-03
1.952833e-03
1.957019e-03
1.961209e-03
1.965403e-03
1.969602e-03
1.973805e-03
1.978013e-03
1.982225e-03
1.986442e-03
1.990663e-03
1.994889e-03
1.999119e-03
2.003353e-03
2.007593e-03
2.011836e-03
2.016084e-03
2.020337e-03
2.024594e-03
2.028855e-03
2.033121e-03
2.037392e-03
2.041667e-03
2.045946e-03
2.050230e-03
2.054518e-03
2.058811e-03
2.063108e-03
2.067410e-03
2.071717e-03
2.076027e-03
2.080342e-03
2.084662e-03
2.088986e-03
2.093315e-03
2.097648e-03
2.101986e-03
2.106328e-03
2.110674e-03
2.115025e-03
2.119381e-03
2.123741e-03
2.128105e-03
2.132474e-03
2.136848e-03
2.141226e-03
2.145608e-03
2.149995e-03
2.154386e-03
2.158782e-03
2.163182e-03
2.167587e-03
2.171996e-03
2.176410e-03
2.180828e-03
2.185251e-03
2.189678e-03
2.194110e-03
2.198546e-03
2.202987e-03
2.207432e-03
2.211881e-03
2.216335e-03
2.220794e-03
2.225257e-03
2.229724e-03
2.234196e-03
2.238672e-03
2.243153e-03
2.247639e-03
2.252129e-03
2.256623e-03
2.261122e-03
2.265625e-03
2.270133e-03
2.274645e-03
2.279162e-03
2.283683e-03
2.288208e-03
2.292739e-03
2.297273e-03
2.301812e-03
2.306356e-03
2.310904e-03
2.315456e-03
2.320013e-03
2.324575e-03
2.329141e-03
2.333711e-03
2.338286e-03
2.342866e-03
2.347449e-03
2.352038e-03
2.356631e-03
2.361228e-03
2.365830e-03
2.370436e-03
2.375047e-03
2.379662e-03
2.384281e-03
2.388906e-03
2.393534e-03
2.398167e-03
2.402805e-03
2.407447e-03
2.412094e-03
2.416745e-03
2.421400e-03
2.426060e-03
2.430724e-03
2.435393e-03
2.440067e-03
2.444745e-03
2.449427e-03
2.454114e-03
2.458805e-03
2.463501e-03
2.468201e-03
2.472906e-03
2.477615e-03
2.482329e-03
2.487047e-03
2.491770e-03
2.496497e-03
2.501229e-03
2.505965e-03
2.510705e-03
2.515450e-03
2.520200e-03
2.524954e-03
2.529712e-03
2.534475e-03
2.539243e-03
2.544015e-03
2.548791e-03
2.553572e-03
2.558357e-03
2.563147e-03
2.567941e-03
2.572740e-03
2.577543e-03
2.582351e-03
2.587163e-03
2.591980e-03
2.596801e-03
2.601627e-03
2.606457e-03
2.611291e-03
2.616130e-03
2.620974e-03
2.625822e-03
2.630675e-03
2.635532e-03
2.640393e-03
2.645259e-03
2.650129e-03
2.655004e-03
2.659884e-03
2.664767e-03
2.669656e-03
2.674549e-03
2.679446e-03
2.684348e-03
2.689254e-03
2.694164e-03
2.699080e-03
2.703999e-03
2.708923e-03
2.713852e-03
2.718785e-03
2.723723e-03
2.728665e-03
2.733611e-03
2.738562e-03
2.743518e-03
2.748478e-03
2.753442e-03
2.758411e-03
2.763384e-03
2.768362e-03
2.773345e-03
2.778331e-03
2.783323e-03
2.788319e-03
2.793319e-03
2.798324e-03
2.803333e-03
2.808346e-03
2.813365e-03
2.818387e-03
2.823414e-03
2.828446e-03
2.833482e-03
2.838523e-03
2.843568e-03
2.848617e-03
2.853671e-03
2.858729e-03
2.863792e-03
2.868860e-03
2.873932e-03
2.879008e-03
2.884089e-03
2.889174e-03
2.894264e-03
2.899358e-03
2.904457e-03
2.909560e-03
2.914668e-03
2.919780e-03
2.924897e-03
2.930018e-03
2.935144e-03
2.940274e-03
2.945408e-03
2.950547e-03
2.955691e-03
2.960839e-03
2.965991e-03
2.971148e-03
2.976310e-03
2.981476e-03
2.986646e-03
2.991821e-03
2.997000e-03
3.002184e-03
3.007372e-03
3.012565e-03
3.017762e-03
3.022964e-03
3.028170e-03
3.033381e-03
3.038596e-03
3.043816e-03
3.049040e-03
3.054268e-03
3.059502e-03
3.064739e-03
3.069981e-03
3.075228e-03
3.080479e-03
3.085734e-03
3.090994e-03
3.096258e-03
3.101527e-03
3.106801e-03
3.112079e-03
3.117361e-03
3.122648e-03
3.127939e-03
3.133235e-03
3.138535e-03
3.143840e-03
3.149149e-03
3.154462e-03
3.159781e-03
3.165103e-03
3.170430e-03
3.175762e-03
3.181098e-03
3.186438e-03
3.191783e-03
3.197133e-03
3.202487e-03
3.207845e-03
3.213208e-03
3.218576e-03
3.223947e-03
3.229324e-03
3.234705e-03
3.240090e-03
3.245480e-03
3.250874e-03
3.256273e-03
3.261676e-03
3.267084e-03
3.272496e-03
3.277912e-03
3.283334e-03
3.288759e-03
3.294189e-03
3.299624e-03
3.305063e-03
3.310506e-03
3.315954e-03
3.321407e-03
3.326864e-03
3.332325e-03
3.337791e-03
3.343261e-03
3.348736e-03
3.354215e-03
3.359699e-03
3.365188e-03
3.370680e-03
3.376178e-03
3.381679e-03
3.387185e-03
3.392696e-03
3.398211e-03
3.403731e-03
3.409255e-03
3.414784e-03
3.420317e-03
3.425854e-03
3.431396e-03
3.436943e-03
3.442494e-03
3.448049e-03
3.453609e-03
3.459173e-03
3.464742e-03
3.470315e-03
3.475893e-03
3.481476e-03
3.487062e-03
3.492654e-03
3.498249e-03
3.503850e-03
3.509454e-03
3.515063e-03
3.520677e-03
3.526295e-03
3.531918e-03
3.537545e-03
3.543176e-03
3.548812e-03
3.554453e-03
3.560098e-03
3.565747e-03
3.571401e-03
3.577060e-03
3.582723e-03
3.588390e-03
3.594062e-03
3.599738e-03
3.605419e-03
3.611104e-03
3.616794e-03
3.622488e-03
3.628187e-03
3.633890e-03
3.639598e-03
3.645310e-03
3.651027e-03
3.656748e-03
3.662473e-03
3.668203e-03
3.673938e-03
3.679677e-03
3.685420e-03
3.691168e-03
3.696921e-03
3.702678e-03
3.708439e-03
3.714205e-03
3.719975e-03
3.725750e-03
3.731529e-03
3.737313e-03
3.743101e-03
3.748894e-03
3.754691e-03
3.760493e-03
3.766299e-03
3.772110e-03
3.777925e-03
3.783745e-03
3.789569e-03
3.795397e-03
3.801230e-03
3.807068e-03
3.812910e-03
3.818756e-03
3.824607e-03
3.830462e-03
3.836322e-03
3.842187e-03
3.848056e-03
3.853929e-03
3.859807e-03
3.865689e-03
3.871576e-03
3.877467e-03
3.883363e-03
3.889263e-03
3.895168e-03
3.901077e-03
3.906990e-03
3.912908e-03
3.918831e-03
3.924758e-03
3.930690e-03
3.936626e-03
3.942566e-03
3.948511e-03
3.954460e-03
3.960414e-03
3.966373e-03
3.972336e-03
3.978303e-03
3.984275e-03
3.990251e-03
3.996232e-03
4.002217e-03
4.008207e-03
4.014201e-03
4.020200e-03
4.026203e-03
4.032211e-03
4.038223e-03
4.044239e-03
4.050260e-03
4.056286e-03
4.062316e-03
4.068350e-03
4.074389e-03
4.080433e-03
4.086481e-03
4.092533e-03
4.098590e-03
4.104652e-03
4.110717e-03
4.116788e-03
4.122863e-03
4.128942e-03
4.135026e-03
4.141114e-03
4.147207e-03
4.153304e-03
4.159405e-03
4.165512e-03
4.171622e-03
4.177737e-03
4.183857e-03
4.189981e-03
4.196109e-03
4.202242e-03
4.208380e-03
4.214522e-03
4.220668e-03
4.226819e-03
4.232975e-03
4.239134e-03
4.245299e-03
4.251468e-03
4.257641e-03
4.263819e-03
4.270001e-03
4.276188e-03
4.282379e-03
4.288575e-03
4.294775e-03
4.300979e-03
4.307189e-03
4.313402e-03
4.319620e-03
4.325843e-03
4.332070e-03
4.338301e-03
4.344537e-03
4.350778e-03
4.357023e-03
4.363272e-03
4.369526e-03
4.375784e-03
4.382047e-03
4.388315e-03
4.394586e-03
4.400863e-03
4.407143e-03
4.413429e-03
4.419718e-03
4.426013e-03
4.432311e-03
4.438614e-03
4.444922e-03
4.451234e-03
4.457551e-03
4.463872e-03
4.470197e-03
4.476527e-03
4.482862e-03
4.489201e-03
4.495544e-03
4.501892e-03
4.508245e-03
4.514601e-03
4.520963e-03
4.527329e-03
4.533699e-03
4.540074e-03
4.546453e-03
4.552837e-03
4.559225e-03
4.565618e-03
4.572015e-03
4.578416e-03
4.584822e-03
4.591233e-03
4.597648e-03
4.604068e-03
4.610492e-03
4.616920e-03
4.623353e-03
4.629791e-03
4.636233e-03
4.642679e-03
4.649130e-03
4.655585e-03
4.662045e-03
4.668510e-03
4.674978e-03
4.681452e-03
4.687929e-03
4.694412e-03
4.700898e-03
4.707390e-03
4.713885e-03
4.720385e-03
4.726890e-03
4.733399e-03
4.739913e-03
4.746431e-03
4.752953e-03
4.759480e-03
4.766012e-03
4.772548e-03
4.779088e-03
4.785633e-03
4.792182e-03
4.798736e-03
4.805295e-03
4.811858e-03
4.818425e-03
4.824997e-03
4.831573e-03
4.838154e-03
4.844739e-03
4.851329e-03
4.857923e-03
4.864521e-03
4.871124e-03
4.877732e-03
4.884344e-03
4.890961e-03
4.897582e-03
4.904207e-03
4.910837e-03
4.917472e-03
4.924111e-03
4.930754e-03
4.937402e-03
4.944054e-03
4.950711e-03
4.957373e-03
4.964038e-03
4.970709e-03
4.977383e-03
4.984063e-03
4.990746e-03
4.997435e-03
5.004127e-03
5.010824e-03
5.017526e-03
5.024232e-03
5.030943e-03
5.037658e-03
5.044377e-03
5.051101e-03
5.057830e-03
5.064563e-03
5.071300e-03
5.078042e-03
5.084788e-03
5.091539e-03
5.098295e-03
5.105055e-03
5.111819e-03
5.118588e-03
5.125361e-03
5.132139e-03
5.138921e-03
5.145708e-03
5.152499e-03
5.159294e-03
5.166094e-03
5.172899e-03
5.179708e-03
5.186522e-03
5.193340e-03
5.199498e-03
5.205633e-03
5.211746e-03
5.217837e-03
5.223905e-03
5.229951e-03
5.235975e-03
5.241977e-03
5.247956e-03
5.253913e-03
5.259847e-03
5.265759e-03
5.271649e-03
5.277517e-03
5.283362e-03
5.289185e-03
5.294985e-03
5.300763e-03
5.306519e-03
5.312253e-03
5.317964e-03
5.323653e-03
5.329320e-03
5.334964e-03
5.340586e-03
5.346185e-03
5.351763e-03
5.357318e-03
5.362850e-03
5.368360e-03
5.373848e-03
5.379314e-03
5.384757e-03
5.390178e-03
5.395577e-03
5.400953e-03
5.406307e-03
5.411639e-03
5.416948e-03
5.422235e-03
5.427500e-03
5.432742e-03
5.437962e-03
5.443160e-03
5.448335e-03
5.453489e-03
5.458619e-03
5.463728e-03
5.468814e-03
5.473877e-03
5.478919e-03
5.483938e-03
5.488935e-03
5.493909e-03
5.498861e-03
5.503791e-03
5.508698e-03
5.513584e-03
5.518446e-03
5.523287e-03
5.528105e-03
5.532901e-03
5.537674e-03
5.542425e-03
5.547154e-03
5.551861e-03
5.556545e-03
5.561207e-03
5.565846e-03
5.570464e-03
5.575058e-03
5.579631e-03
5.584181e-03
5.588709e-03
5.593215e-03
5.597698e-03
5.602159e-03
5.606597e-03
5.611014e-03
5.615408e-03
5.619779e-03
5.624129e-03
5.628455e-03
5.632760e-03
5.637042e-03
5.641302e-03
5.645540e-03
5.649755e-03
5.653948e-03
5.658119e-03
5.662267e-03
5.666393e-03
5.670497e-03
5.674578e-03
5.678637e-03
5.682674e-03
5.686688e-03
5.690680e-03
5.694650e-03
5.698598e-03
5.702523e-03
5.706425e-03
5.710306e-03
5.714164e-03
5.718000e-03
5.721813e-03
5.725604e-03
5.729373e-03
5.733119e-03
5.736844e-03
5.740545e-03
5.744225e-03
5.747882e-03
5.751517e-03
5.755129e-03
5.758719e-03
5.762287e-03
5.765833e-03
5.769356e-03
5.772857e-03
5.776335e-03
5.779791e-03
5.783225e-03
5.786637e-03
5.790026e-03
5.793393e-03
5.796738e-03
5.800060e-03
5.803360e-03
5.806637e-03
5.809893e-03
5.813125e-03
5.816336e-03
5.819524e-03
5.822690e-03
5.825834e-03
5.828955e-03
5.832054e-03
5.835131e-03
5.838185e-03
5.841217e-03
5.844227e-03
5.847214e-03
5.850179e-03
5.853122e-03
5.856042e-03
5.858940e-03
5.861816e-03
5.864669e-03
5.867500e-03
5.870309e-03
5.873095e-03
5.875859e-03
5.878601e-03
5.881321e-03
5.884018e-03
5.886692e-03
5.889345e-03
5.891975e-03
5.894583e-03
5.897168e-03
5.899731e-03
5.902272e-03
5.904790e-03
5.907287e-03
5.909760e-03
5.912212e-03
5.914641e-03
5.917048e-03
5.919432e-03
5.921795e-03
5.924134e-03
5.926452e-03
5.928747e-03
5.931020e-03
5.933271e-03
5.935499e-03
5.937705e-03
5.939888e-03
5.942049e-03
5.944188e-03
5.946305e-03
5.948399e-03
5.950471e-03
5.952521e-03
5.954548e-03
5.956553e-03
5.958535e-03
5.960496e-03
5.962434e-03
5.964349e-03
5.966243e-03
5.968114e-03
5.969962e-03
5.971789e-03
5.973593e-03
5.975374e-03
5.977134e-03
5.978871e-03
5.980585e-03
5.982278e-03
5.983948e-03
5.985595e-03
5.987221e-03
5.988824e-03
5.990405e-03
5.991963e-03
5.993499e-03
5.995013e-03
5.996504e-03
5.997973e-03
5.999420e-03
6.000845e-03
6.002247e-03
6.003626e-03
6.004984e-03
6.006319e-03
6.007632e-03
6.008922e-03
6.010191e-03
6.011436e-03
6.012660e-03
6.013861e-03
6.015040e-03
6.016196e-03
6.017331e-03
6.018442e-03
6.019532e-03
6.020599e-03
6.021644e-03
6.022667e-03
6.023667e-03
6.024645e-03
6.025600e-03
6.026534e-03
6.027444e-03
6.028333e-03
6.029199e-03
6.030043e-03
6.030865e-03
6.031664e-03
6.032441e-03
6.033196e-03
6.033928e-03
6.034638e-03
6.035326e-03
6.035991e-03
6.036634e-03
6.037255e-03
6.037853e-03
6.038429e-03
6.038983e-03
6.039514e-03
6.040023e-03
6.040510e-03
6.040974e-03
6.041416e-03
6.041836e-03
6.042233e-03
6.042608e-03
6.042961e-03
6.043292e-03
6.043600e-03
6.043885e-03
6.044149e-03
6.044390e-03
6.044609e-03
6.044805e-03
6.044979e-03
6.045131e-03
6.045261e-03
6.045368e-03
6.045453e-03
6.045515e-03
6.045555e-03
6.045573e-03
6.045569e-03
6.045542e-03
6.045493e-03
6.045421e-03
6.045327e-03
6.045211e-03
6.045073e-03
6.044912e-03
6.044729e-03
6.044523e-03
6.044296e-03
6.044046e-03
6.043773e-03
6.043478e-03
6.043161e-03
6.042822e-03
6.042460e-03
6.042076e-03
6.041670e-03
6.041241e-03
6.040790e-03
6.040317e-03
6.039821e-03
6.039303e-03
6.038985e-03
6.038985e-03
6.038985e-03
6.038985e-03
6.038985e-03
6.038985e-03
6.038985e-03
6.038985e-03
6.038985e-03
6.038985e-03
6.038985e-03
6.038985e-03
6.038985e-03
6.038985e-03
6.038985e-03
6.038985e-03
6.038985e-03
6.038985e-03
6.038985e-03
6.038985e-03
6.038985e-03
6.038985e-03
6.038985e-03
6.038985e-03
6.038985e-03
6.038985e-03
6.038985e-03
6.038985e-03
6.038985e-03
6.038985e-03
6.038985e-03
6.038985e-03
6.038985e-03
6.038985e-03
6.038985e-03
6.038985e-03
6.038985e-03
6.038985e-03
6.038985e-03
6.038985e-03
6.038985e-03
6.038985e-03
6.038985e-03
6.038985e-03
6.038985e-03
6.038985e-03
6.038985e-03
6.038985e-03
6.038985e-03
6.038985e-03
6.038985e-03
6.038985e-03
6.038985e-03
6.038985e-03
6.038985e-03
6.038985e-03
6.038985e-03
6.038985e-03
6.038985e-03
6.038985e-03
6.038985e-03
6.038985e-03
6.038985e-03
6.038985e-03
6.038985e-03
6.038985e-03
6.038985e-03
6.038985e-03
6.038985e-03
6.038985e-03
6.038985e-03
6.038985e-03
6.038985e-03
6.038985e-03
6.038985e-03
6.038985e-03
6.038985e-03
6.038985e-03
6.038985e-03
6.038985e-03
6.038985e-03
6.038985e-03
6.038985e-03
6.038985e-03
6.038985e-03
6.038985e-03
6.038985e-03
6.038985e-03
6.038985e-03
6.038985e-03
6.038985e-03
6.038985e-03
6.038985e-03
6.038985e-03
6.038985e-03
6.038985e-03
6.038985e-03
6.038985e-03
6.038985e-03
6.038985e-03
6.038985e-03
6.038985e-03
6.038985e-03
6.038985e-03
6.038985e-03
6.038985e-03
6.038985e-03
6.038985e-03
6.038985e-03
6.038985e-03
6.038985e-03
6.038985e-03
6.038985e-03
6.038985e-03
6.038985e-03
6.038985e-03
6.038985e-03
6.038985e-03
6.038985e-03
6.038985e-03
6.038985e-03
6.038985e-03
6.038985e-03
6.038985e-03
6.038985e-03
6.038985e-03
6.038985e-03
6.038985e-03
6.038985e-03
6.038985e-03
6.038985e-03
6.038985e-03
6.038985e-03
6.038985e-03
6.038985e-03
6.038985e-03
6.038985e-03
6.038985e-03
6.038985e-03
6.038985e-03
6.038985e-03
6.038985e-03
6.038985e-03
6.038985e-03
6.038985e-03
6.038985e-03
6.038985e-03
6.038985e-03
6.038985e-03
6.038985e-03
6.038985e-03
6.038985e-03
6.038985e-03
6.038985e-03
6.038985e-03
6.038985e-03
6.038985e-03
6.038985e-03
6.038985e-03
6.038985e-03
6.038985e-03
6.038985e-03
6.038985e-03
6.038985e-03
6.038985e-03
6.038985e-03
6.038985e-03
6.038985e-03
6.038985e-03
6.038985e-03
6.038985e-03
6.038985e-03
6.038985e-03
6.038985e-03
6.038985e-03
6.038985e-03
6.038985e-03
6.038985e-03
6.038985e-03
6.038985e-03
6.038985e-03
6.038985e-03
6.038985e-03
6.038985e-03
6.038985e-03
6.038985e-03
6.038985e-03
6.038985e-03
6.038985e-03
6.038985e-03
6.038985e-03
6.038985e-03
6.038985e-03
6.038985e-03
6.038985e-03
6.038985e-03
6.038985e-03
6.038985e-03
6.038985e-03
6.038985e-03
6.038985e-03
