0.000000e+00
1.110371e-07
2.262643e-07
3.456815e-07
4.692888e-07
5.970862e-07
7.290737e-07
8.652513e-07
1.005619e-06
1.150177e-06
1.298924e-06
1.451862e-06
1.608990e-06
1.770308e-06
1.935816e-06
2.105515e-06
2.279403e-06
2.457481e-06
2.639750e-06
2.826208e-06
3.016857e-06
3.211695e-06
3.410724e-06
3.613943e-06
3.821352e-06
4.032951e-06
4.248740e-06
4.468719e-06
4.692888e-06
4.921247e-06
5.153797e-06
5.390536e-06
5.631466e-06
5.876585e-06
6.125895e-06
6.379395e-06
6.637085e-06
6.898965e-06
7.165035e-06
7.435295e-06
7.709745e-06
7.988385e-06
8.271215e-06
8.558236e-06
8.849446e-06
9.144847e-06
9.444437e-06
9.748218e-06
1.005619e-05
1.036835e-05
1.068470e-05
1.100524e-05
1.132997e-05
1.165889e-05
1.199201e-05
1.232931e-05
1.267080e-05
1.301648e-05
1.336635e-05
1.372041e-05
1.407866e-05
1.444111e-05
1.480774e-05
1.517856e-05
1.555357e-05
1.593277e-05
1.631617e-05
1.670375e-05
1.709552e-05
1.749148e-05
1.789164e-05
1.829598e-05
1.870451e-05
1.911723e-05
1.953415e-05
1.995525e-05
2.038054e-05
2.081003e-05
2.124370e-05
2.168156e-05
2.212362e-05
2.256986e-05
2.302029e-05
2.347492e-05
2.393373e-05
2.439673e-05
2.486393e-05
2.533531e-05
2.581088e-05
2.629065e-05
2.677460e-05
2.726275e-05
2.775508e-05
2.825161e-05
2.875232e-05
2.925722e-05
2.976632e-05
3.027960e-05
3.079708e-05
3.131874e-05
3.184460e-05
3.237464e-05
3.290888e-05
3.344730e-05
3.398992e-05
3.453672e-05
3.508772e-05
3.564290e-05
3.620228e-05
3.676585e-05
3.733360e-05
3.790555e-05
3.848168e-05
3.906201e-05
3.964652e-05
4.023523e-05
4.082813e-05
4.142521e-05
4.202649e-05
4.263196e-05
4.324161e-05
4.385546e-05
4.447350e-05
4.509572e-05
4.572214e-05
4.635275e-05
4.698754e-05
4.762653e-05
4.826971e-05
4.891707e-05
4.956863e-05
5.022438e-05
5.088432e-05
5.154844e-05
5.221676e-05
5.288927e-05
5.356597e-05
5.424685e-05
5.493193e-05
5.562120e-05
5.631466e-05
5.701231e-05
5.771414e-05
5.842017e-05
5.913039e-05
5.984480e-05
6.056340e-05
6.128619e-05
6.201317e-05
6.274433e-05
6.347969e-05
6.421924e-05
6.496298e-05
6.571091e-05
6.646303e-05
6.721934e-05
6.797984e-05
6.874453e-05
6.951341e-05
7.028648e-05
7.106374e-05
7.184518e-05
7.263082e-05
7.342065e-05
7.421467e-05
7.501288e-05
7.581528e-05
7.662187e-05
7.743265e-05
7.824763e-05
7.906679e-05
7.989014e-05
8.071768e-05
8.154941e-05
8.238533e-05
8.322544e-05
8.406974e-05
8.491823e-05
8.577091e-05
8.662778e-05
8.748884e-05
8.835410e-05
8.922354e-05
9.009717e-05
9.097499e-05
9.185700e-05
9.274320e-05
9.363359e-05
9.452818e-05
9.542695e-05
9.632991e-05
9.723706e-05
9.814840e-05
9.906394e-05
9.998366e-05
1.009076e-04
1.018357e-04
1.027680e-04
1.037044e-04
1.046451e-04
1.055900e-04
1.065390e-04
1.074923e-04
1.084497e-04
1.094113e-04
1.103771e-04
1.113472e-04
1.123213e-04
1.132997e-04
1.142823e-04
1.152691e-04
1.162600e-04
1.172552e-04
1.182545e-04
1.192580e-04
1.202657e-04
1.212776e-04
1.222937e-04
1.233140e-04
1.243385e-04
1.253672e-04
1.264000e-04
1.274371e-04
1.284783e-04
1.295237e-04
1.305733e-04
1.316271e-04
1.326851e-04
1.337473e-04
1.348137e-04
1.358843e-04
1.369590e-04
1.380380e-04
1.391211e-04
1.402084e-04
1.412999e-04
1.423956e-04
1.434955e-04
1.445996e-04
1.457079e-04
1.468204e-04
1.479370e-04
1.490579e-04
1.501829e-04
1.513121e-04
1.524455e-04
1.535831e-04
1.547249e-04
1.558709e-04
1.570211e-04
1.581755e-04
1.593340e-04
1.604968e-04
1.616637e-04
1.628348e-04
1.640102e-04
1.651897e-04
1.663734e-04
1.675612e-04
1.687533e-04
1.699496e-04
1.711501e-04
1.723547e-04
1.735635e-04
1.747766e-04
1.759938e-04
1.772152e-04
1.784408e-04
1.796706e-04
1.809046e-04
1.821427e-04
1.833851e-04
1.846316e-04
1.858824e-04
1.871373e-04
1.883964e-04
1.896597e-04
1.909272e-04
1.921989e-04
1.934748e-04
1.947549e-04
1.960391e-04
1.973276e-04
1.986202e-04
1.999170e-04
2.012181e-04
2.025233e-04
2.038327e-04
2.051463e-04
2.064640e-04
2.077860e-04
2.091122e-04
2.104425e-04
2.117771e-04
2.131158e-04
2.144587e-04
2.158058e-04
2.171571e-04
2.185126e-04
2.198723e-04
2.212362e-04
2.226042e-04
2.239765e-04
2.253529e-04
2.267335e-04
2.281184e-04
2.295074e-04
2.309006e-04
2.322980e-04
2.336995e-04
2.351053e-04
2.365153e-04
2.379294e-04
2.393478e-04
2.407703e-04
2.421970e-04
2.436279e-04
2.450630e-04
2.465023e-04
2.479458e-04
2.493935e-04
2.508453e-04
2.523014e-04
2.537616e-04
2.552261e-04
2.566947e-04
2.581675e-04
2.596445e-04
2.611257e-04
2.626111e-04
2.641007e-04
2.655944e-04
2.670924e-04
2.685945e-04
2.701009e-04
2.716114e-04
2.731261e-04
2.746450e-04
2.761681e-04
2.776954e-04
2.792268e-04
2.807625e-04
2.823024e-04
2.838464e-04
2.853946e-04
2.869471e-04
2.885037e-04
2.900645e-04
2.916295e-04
2.931987e-04
2.947720e-04
2.963496e-04
2.979314e-04
2.995173e-04
3.011074e-04
3.027018e-04
3.043003e-04
3.059030e-04
3.075099e-04
3.091210e-04
3.107362e-04
3.123557e-04
3.139794e-04
3.156072e-04
3.172392e-04
3.188755e-04
3.205159e-04
3.221605e-04
3.238093e-04
3.254623e-04
3.271194e-04
3.287808e-04
3.304464e-04
3.321161e-04
3.337901e-04
3.354682e-04
3.371505e-04
3.388370e-04
3.405277e-04
3.422226e-04
3.439217e-04
3.456249e-04
3.473324e-04
3.490440e-04
3.507599e-04
3.524799e-04
3.542041e-04
3.559325e-04
3.576651e-04
3.594019e-04
3.611429e-04
3.628881e-04
3.646374e-04
3.663910e-04
3.681487e-04
3.699106e-04
3.716767e-04
3.734471e-04
3.752216e-04
3.770002e-04
3.787831e-04
3.805702e-04
3.823614e-04
3.841569e-04
3.859565e-04
3.877604e-04
3.895684e-04
3.913806e-04
3.931970e-04
3.950176e-04
3.968424e-04
3.986713e-04
4.005045e-04
4.023418e-04
4.041834e-04
4.060291e-04
4.078790e-04
4.097331e-04
4.115914e-04
4.134539e-04
4.153206e-04
4.171915e-04
4.190665e-04
4.209458e-04
4.228292e-04
4.247169e-04
4.266087e-04
4.285047e-04
4.304049e-04
4.323093e-04
4.342179e-04
4.361306e-04
4.380476e-04
4.399687e-04
4.418941e-04
4.438236e-04
4.457573e-04
4.476952e-04
4.496373e-04
4.515836e-04
4.535341e-04
4.554888e-04
4.574477e-04
4.594107e-04
4.613779e-04
4.633494e-04
4.653250e-04
4.673048e-04
4.692888e-04
4.712770e-04
4.732694e-04
4.752660e-04
4.772667e-04
4.792717e-04
4.812808e-04
4.832942e-04
4.853117e-04
4.873334e-04
4.893593e-04
4.913894e-04
4.934237e-04
4.954621e-04
4.975048e-04
4.995517e-04
5.016027e-04
5.036579e-04
5.057174e-04
5.077810e-04
5.098488e-04
5.119208e-04
5.139970e-04
5.160773e-04
5.181619e-04
5.202507e-04
5.223436e-04
5.244407e-04
5.265421e-04
5.286476e-04
5.307573e-04
5.328712e-04
5.349893e-04
5.371115e-04
5.392380e-04
5.413686e-04
5.435035e-04
5.456425e-04
5.477858e-04
5.499332e-04
5.520848e-04
5.542406e-04
5.564006e-04
5.585647e-04
5.607331e-04
5.629057e-04
5.650824e-04
5.672633e-04
5.694485e-04
5.716378e-04
5.738313e-04
5.760290e-04
5.782309e-04
5.804369e-04
5.826472e-04
5.848617e-04
5.870803e-04
5.893031e-04
5.915302e-04
5.937614e-04
5.959968e-04
5.982364e-04
6.004802e-04
6.027282e-04
6.049803e-04
6.072367e-04
6.094972e-04
6.117620e-04
6.140309e-04
6.163040e-04
6.185813e-04
6.208628e-04
6.231485e-04
6.254384e-04
6.277325e-04
6.300307e-04
6.323332e-04
6.346398e-04
6.369506e-04
6.392656e-04
6.415849e-04
6.439083e-04
6.462358e-04
6.485676e-04
6.509036e-04
6.532437e-04
6.555881e-04
6.579366e-04
6.602894e-04
6.626463e-04
6.650074e-04
6.673727e-04
6.697422e-04
6.721159e-04
6.744937e-04
6.768758e-04
6.792620e-04
6.816525e-04
6.840471e-04
6.864459e-04
6.888489e-04
6.912561e-04
6.936675e-04
6.960831e-04
6.985029e-04
7.009268e-04
7.033550e-04
7.057873e-04
7.082239e-04
7.106646e-04
7.131095e-04
7.155586e-04
7.180119e-04
7.204694e-04
7.229310e-04
7.253969e-04
7.278670e-04
7.303412e-04
7.328196e-04
7.353023e-04
7.377891e-04
7.402801e-04
7.427753e-04
7.452746e-04
7.477782e-04
7.502860e-04
7.527979e-04
7.553141e-04
7.578344e-04
7.603589e-04
7.628876e-04
7.654205e-04
7.679576e-04
7.704989e-04
7.730444e-04
7.755940e-04
7.781479e-04
7.807059e-04
7.832682e-04
7.858346e-04
7.884052e-04
7.909800e-04
7.935590e-04
7.961422e-04
7.987296e-04
8.013211e-04
8.039169e-04
8.065168e-04
8.091210e-04
8.117293e-04
8.143418e-04
8.169585e-04
8.195794e-04
8.222045e-04
8.248338e-04
8.274672e-04
8.301049e-04
8.327467e-04
8.353928e-04
8.380430e-04
8.406974e-04
8.433560e-04
8.460188e-04
8.486858e-04
8.513570e-04
8.540323e-04
8.567119e-04
8.593956e-04
8.620836e-04
8.647757e-04
8.674720e-04
8.701725e-04
8.728772e-04
8.755861e-04
8.782992e-04
8.810164e-04
8.837379e-04
8.864635e-04
8.891934e-04
8.919274e-04
8.946656e-04
8.974080e-04
9.001546e-04
9.029054e-04
9.056604e-04
9.084195e-04
9.111829e-04
9.139504e-04
9.167222e-04
9.194981e-04
9.222782e-04
9.250625e-04
9.278510e-04
9.306437e-04
9.334406e-04
9.362417e-04
9.390469e-04
9.418564e-04
9.446700e-04
9.474878e-04
9.503099e-04
9.531361e-04
9.559665e-04
9.588011e-04
9.616398e-04
9.644828e-04
9.673300e-04
9.701813e-04
9.730368e-04
9.758966e-04
9.787605e-04
9.816286e-04
9.845009e-04
9.873774e-04
9.902581e-04
9.931429e-04
9.960320e-04
9.989252e-04
1.001823e-03
1.004724e-03
1.007630e-03
1.010540e-03
1.013454e-03
1.016373e-03
1.019295e-03
1.022222e-03
1.025153e-03
1.028088e-03
1.031028e-03
1.033971e-03
1.036919e-03
1.039871e-03
1.042827e-03
1.045787e-03
1.048752e-03
1.051720e-03
1.054693e-03
1.057670e-03
1.060651e-03
1.063637e-03
1.066626e-03
1.069620e-03
1.072618e-03
1.075620e-03
1.078627e-03
1.081637e-03
1.084652e-03
1.087671e-03
1.090694e-03
1.093722e-03
1.096753e-03
1.099789e-03
1.102829e-03
1.105873e-03
1.108921e-03
1.111974e-03
1.115030e-03
1.118091e-03
1.121156e-03
1.124225e-03
1.127299e-03
1.130376e-03
1.133458e-03
1.136544e-03
1.139634e-03
1.142729e-03
1.145827e-03
1.148930e-03
1.152037e-03
1.155148e-03
1.158263e-03
1.161383e-03
1.164507e-03
1.167635e-03
1.170767e-03
1.173903e-03
1.177043e-03
1.180188e-03
1.183337e-03
1.186490e-03
1.189647e-03
1.192809e-03
1.195974e-03
1.199144e-03
1.202318e-03
1.205496e-03
1.208678e-03
1.211865e-03
1.215056e-03
1.218251e-03
1.221450e-03
1.224653e-03
1.227861e-03
1.231072e-03
1.234288e-03
1.237508e-03
1.240733e-03
1.243961e-03
1.247194e-03
1.250431e-03
1.253672e-03
1.256917e-03
1.260166e-03
1.263420e-03
1.266678e-03
1.269940e-03
1.273206e-03
1.276476e-03
1.279751e-03
1.283029e-03
1.286312e-03
1.289599e-03
1.292891e-03
1.296186e-03
1.299486e-03
1.302790e-03
1.306098e-03
1.309410e-03
1.312727e-03
1.316047e-03
1.319372e-03
1.322701e-03
1.326034e-03
1.329372e-03
1.332713e-03
1.336059e-03
1.339409e-03
1.342763e-03
1.346121e-03
1.349484e-03
1.352851e-03
1.356222e-03
1.359597e-03
1.362976e-03
1.366360e-03
1.369747e-03
1.373139e-03
1.376535e-03
1.379935e-03
1.383340e-03
1.386748e-03
1.390161e-03
1.393578e-03
1.396999e-03
1.400425e-03
1.403854e-03
1.407288e-03
1.410726e-03
1.414168e-03
1.417615e-03
1.421065e-03
1.424520e-03
1.427979e-03
1.431442e-03
1.434909e-03
1.438381e-03
1.441856e-03
1.445336e-03
1.448820e-03
1.452309e-03
1.455801e-03
1.459298e-03
1.462798e-03
1.466303e-03
1.469813e-03
1.473326e-03
1.476844e-03
1.480365e-03
1.483891e-03
1.487421e-03
1.490956e-03
1.494494e-03
1.498037e-03
1.501584e-03
1.505135e-03
1.508690e-03
1.512250e-03
1.515813e-03
1.519381e-03
1.522953e-03
1.526529e-03
1.530110e-03
1.533695e-03
1.537283e-03
1.540876e-03
1.544473e-03
1.548075e-03
1.551680e-03
1.555290e-03
1.558904e-03
1.562522e-03
1.566145e-03
1.569771e-03
1.573402e-03
1.577037e-03
1.580676e-03
1.584319e-03
1.587967e-03
1.591618e-03
1.595274e-03
1.598934e-03
1.602598e-03
1.606267e-03
1.609939e-03
1.613616e-03
1.617297e-03
1.620982e-03
1.624672e-03
1.628365e-03
1.632063e-03
1.635765e-03
1.639471e-03
1.643181e-03
1.646896e-03
1.650614e-03
1.654337e-03
1.658064e-03
1.661796e-03
1.665531e-03
1.669271e-03
1.673015e-03
1.676763e-03
1.680515e-03
1.684271e-03
1.688032e-03
1.691797e-03
1.695566e-03
1.699339e-03
1.703116e-03
1.706898e-03
1.710683e-03
1.714473e-03
1.718267e-03
1.722066e-03
1.725868e-03
1.729675e-03
1.733486e-03
1.737301e-03
1.741120e-03
1.744944e-03
1.748771e-03
1.752603e-03
1.756439e-03
1.760279e-03
1.764124e-03
1.767972e-03
1.771825e-03
1.775682e-03
1.779543e-03
1.783409e-03
1.787278e-03
1.791152e-03
1.795030e-03
1.798912e-03
1.802798e-03
1.806689e-03
1.810583e-03
1.814482e-03
1.818385e-03
1.822292e-03
1.826204e-03
1.830120e-03
1.834039e-03
1.837963e-03
1.841892e-03
1.845824e-03
1.849761e-03
1.853701e-03
1.857646e-03
1.861595e-03
1.865549e-03
1.869506e-03
1.873468e-03
1.877434e-03
1.881404e-03
1.885378e-03
1.889357e-03
1.893339e-03
1.897326e-03
1.901317e-03
1.905313e-03
1.909312e-03
1.913316e-03
1.917323e-03
1.921335e-03
1.925352e-03
1.929372e-03
1.933397e-03
1.937425e-03
1.941458e-03
1.945495e-03
1.949537e-03
1.953582e-03
1.957632e-03
1.961686e-03
1.965744e-03
1.969806e-03
1.973873e-03
1.977943e-03
1.982018e-03
1.986097e-03
1.990181e-03
1.994268e-03
1.998360e-03
2.002455e-03
2.006555e-03
2.010660e-03
2.014768e-03
2.018880e-03
2.022997e-03
2.027118e-03
2.031243e-03
2.035373e-03
2.039506e-03
2.043644e-03
2.047786e-03
2.051932e-03
2.056082e-03
2.060237e-03
2.064395e-03
2.068558e-03
2.072725e-03
2.076896e-03
2.081072e-03
2.085251e-03
2.089435e-03
2.093623e-03
2.097815e-03
2.102012e-03
2.106212e-03
2.110417e-03
2.114626e-03
2.118839e-03
2.123056e-03
2.127278e-03
2.131504e-03
2.135733e-03
2.139967e-03
2.144206e-03
2.148448e-03
2.152695e-03
2.156946e-03
2.161201e-03
2.165460e-03
2.169723e-03
2.173991e-03
2.178263e-03
2.182539e-03
2.186819e-03
2.191103e-03
2.195392e-03
2.199684e-03
2.203981e-03
2.208283e-03
2.212588e-03
2.216897e-03
2.221211e-03
2.225529e-03
2.229851e-03
2.234177e-03
2.238508e-03
2.242842e-03
2.247181e-03
2.251524e-03
2.255871e-03
2.260223e-03
2.264578e-03
2.268938e-03
2.273302e-03
2.277670e-03
2.282043e-03
2.286419e-03
2.290800e-03
2.295185e-03
2.299574e-03
2.303967e-03
2.308365e-03
2.312766e-03
2.317172e-03
2.321582e-03
2.325997e-03
2.330415e-03
2.334838e-03
2.339264e-03
2.343695e-03
2.348131e-03
2.352570e-03
2.357014e-03
2.361461e-03
2.365913e-03
2.370369e-03
2.374830e-03
2.379294e-03
2.383763e-03
2.388236e-03
2.392713e-03
2.397194e-03
2.401680e-03
2.406169e-03
2.410663e-03
2.415161e-03
2.419664e-03
2.424170e-03
2.428681e-03
2.433195e-03
2.437714e-03
2.442238e-03
2.446765e-03
2.451297e-03
2.455832e-03
2.460372e-03
2.464916e-03
2.469465e-03
2.474017e-03
2.478574e-03
2.483135e-03
2.487700e-03
2.492269e-03
2.496843e-03
2.501420e-03
2.506002e-03
2.510588e-03
2.515179e-03
2.519773e-03
2.524372e-03
2.528974e-03
2.533581e-03
2.538193e-03
2.542808e-03
2.547428e-03
2.552051e-03
2.556679e-03
2.561311e-03
2.565948e-03
2.570588e-03
2.575233e-03
2.579882e-03
2.584535e-03
2.589192e-03
2.593854e-03
2.598519e-03
2.603189e-03
2.607863e-03
2.612541e-03
2.617224e-03
2.621910e-03
2.626601e-03
2.631296e-03
2.635995e-03
2.640699e-03
2.645406e-03
2.650118e-03
2.654834e-03
2.659554e-03
2.664278e-03
2.669007e-03
2.673740e-03
2.678476e-03
2.683217e-03
2.687963e-03
2.692712e-03
2.697466e-03
2.702224e-03
2.706986e-03
2.711752e-03
2.716522e-03
2.721297e-03
2.726076e-03
2.730859e-03
2.735646e-03
2.740437e-03
2.745233e-03
2.750032e-03
2.754836e-03
2.759645e-03
2.764457e-03
2.769273e-03
2.774094e-03
2.778919e-03
2.783748e-03
2.788581e-03
2.793419e-03
2.798260e-03
2.803106e-03
2.807956e-03
2.812810e-03
2.817669e-03
2.822531e-03
2.827398e-03
2.832269e-03
2.837144e-03
2.842024e-03
2.846907e-03
2.851795e-03
2.856687e-03
2.861583e-03
2.866483e-03
2.871388e-03
2.876296e-03
2.881209e-03
2.886126e-03
2.891047e-03
2.895973e-03
2.900903e-03
2.905836e-03
2.910774e-03
2.915717e-03
2.920663e-03
2.925614e-03
2.930568e-03
2.935527e-03
2.940490e-03
2.945458e-03
2.950429e-03
2.955405e-03
2.960385e-03
2.965369e-03
2.970357e-03
2.975350e-03
2.980346e-03
2.985347e-03
2.990352e-03
2.995362e-03
3.000375e-03
3.005393e-03
3.010414e-03
3.015440e-03
3.020471e-03
3.025505e-03
3.030544e-03
3.035586e-03
3.040633e-03
3.045684e-03
3.050740e-03
3.055799e-03
3.060863e-03
3.065931e-03
3.071003e-03
3.076079e-03
3.081160e-03
3.086244e-03
3.091333e-03
3.096426e-03
3.101524e-03
3.106625e-03
3.111731e-03
3.116840e-03
3.121954e-03
3.127073e-03
3.132195e-03
3.137321e-03
3.142452e-03
3.147587e-03
3.152726e-03
3.157870e-03
3.163017e-03
3.168169e-03
3.173325e-03
3.178485e-03
3.183649e-03
3.188818e-03
3.193990e-03
3.199167e-03
3.204348e-03
3.209533e-03
3.214723e-03
3.219916e-03
3.225114e-03
3.230316e-03
3.235522e-03
3.240733e-03
3.245947e-03
3.251166e-03
3.256389e-03
3.261616e-03
3.266847e-03
3.272083e-03
3.277322e-03
3.282566e-03
3.287814e-03
3.293067e-03
3.298323e-03
3.303584e-03
3.308849e-03
3.314118e-03
3.319391e-03
3.324668e-03
3.329950e-03
3.335236e-03
3.340526e-03
3.345820e-03
3.351118e-03
3.356421e-03
3.361727e-03
3.367038e-03
3.372353e-03
3.377673e-03
3.382996e-03
3.388324e-03
3.393656e-03
3.398992e-03
3.404332e-03
3.409677e-03
3.415025e-03
3.420378e-03
3.425735e-03
3.431096e-03
3.436462e-03
3.441831e-03
3.447205e-03
3.452583e-03
3.457965e-03
3.463351e-03
3.468742e-03
3.474137e-03
3.479536e-03
3.484939e-03
3.490346e-03
3.495758e-03
3.501173e-03
3.506593e-03
3.512017e-03
3.517445e-03
3.522878e-03
3.528314e-03
3.533755e-03
3.539200e-03
3.544649e-03
3.550103e-03
3.555560e-03
3.561022e-03
3.566488e-03
3.571958e-03
3.577433e-03
3.582911e-03
3.588394e-03
3.593881e-03
3.599372e-03
3.604867e-03
3.610367e-03
3.615870e-03
3.621378e-03
3.626890e-03
3.632406e-03
3.637927e-03
3.643452e-03
3.648980e-03
3.654513e-03
3.660051e-03
3.665592e-03
3.671137e-03
3.676687e-03
3.682241e-03
3.687799e-03
3.693362e-03
3.698928e-03
3.704499e-03
3.710074e-03
3.715653e-03
3.721236e-03
3.726824e-03
3.732415e-03
3.738011e-03
3.743611e-03
3.749215e-03
3.754824e-03
3.760436e-03
3.766053e-03
3.771674e-03
3.777299e-03
3.782929e-03
3.788562e-03
3.794200e-03
3.799842e-03
3.805488e-03
3.811138e-03
3.816793e-03
3.822452e-03
3.828115e-03
3.833782e-03
3.839453e-03
3.845128e-03
3.850808e-03
3.856492e-03
3.862180e-03
3.867872e-03
3.873569e-03
3.879269e-03
3.884974e-03
3.890683e-03
3.896396e-03
3.902113e-03
3.907835e-03
3.913561e-03
3.919291e-03
3.925025e-03
3.930763e-03
3.936506e-03
3.942252e-03
3.948003e-03
3.953758e-03
3.959518e-03
3.965281e-03
3.971049e-03
3.976820e-03
3.982597e-03
3.988377e-03
3.994161e-03
3.999950e-03
4.005743e-03
4.011539e-03
4.017341e-03
4.023146e-03
4.028956e-03
4.034769e-03
4.040587e-03
4.046409e-03
4.052236e-03
4.058066e-03
4.063901e-03
4.069740e-03
4.075583e-03
4.081430e-03
4.087281e-03
4.093137e-03
4.098997e-03
4.104861e-03
4.110729e-03
4.116602e-03
4.122478e-03
4.128359e-03
4.134244e-03
4.140133e-03
4.146026e-03
4.151924e-03
4.157826e-03
4.163732e-03
4.169642e-03
4.175556e-03
4.181474e-03
4.187397e-03
4.193324e-03
4.199255e-03
4.205190e-03
4.211130e-03
4.217073e-03
4.223021e-03
4.228973e-03
4.234929e-03
4.240890e-03
4.246854e-03
4.252823e-03
4.258796e-03
4.264773e-03
4.270755e-03
4.276740e-03
4.282730e-03
4.288724e-03
4.294722e-03
4.300724e-03
4.306731e-03
4.312741e-03
4.318756e-03
4.324775e-03
4.330798e-03
4.336826e-03
4.342857e-03
4.348893e-03
4.354933e-03
4.360977e-03
4.367026e-03
4.373078e-03
4.379135e-03
4.385196e-03
4.391261e-03
4.397331e-03
4.403404e-03
4.409482e-03
4.415564e-03
4.421650e-03
4.427740e-03
4.433834e-03
4.439933e-03
4.446036e-03
4.452143e-03
4.458254e-03
4.464370e-03
4.470489e-03
4.476613e-03
4.482741e-03
4.488873e-03
4.495010e-03
4.501150e-03
4.507295e-03
4.513444e-03
4.519597e-03
4.525754e-03
4.531916e-03
4.538082e-03
4.544251e-03
4.550426e-03
4.556604e-03
4.562786e-03
4.568973e-03
4.575164e-03
4.581359e-03
4.587558e-03
4.593761e-03
4.599969e-03
4.606181e-03
4.612397e-03
4.618617e-03
4.624841e-03
4.631070e-03
4.637303e-03
4.643540e-03
4.649781e-03
4.656026e-03
4.662275e-03
4.668529e-03
4.674787e-03
4.681049e-03
4.687315e-03
4.693586e-03
4.699860e-03
4.706139e-03
4.712422e-03
4.718710e-03
4.725001e-03
4.731297e-03
4.737596e-03
4.743900e-03
4.750208e-03
4.756521e-03
4.762837e-03
4.769158e-03
4.775483e-03
4.781812e-03
4.788145e-03
4.794483e-03
4.800825e-03
4.807170e-03
4.813521e-03
4.819875e-03
4.826233e-03
4.832596e-03
4.838963e-03
4.845334e-03
4.851709e-03
4.858088e-03
4.864472e-03
4.870860e-03
4.876587e-03
4.882293e-03
4.887979e-03
4.893643e-03
4.899287e-03
4.904910e-03
4.910511e-03
4.916092e-03
4.921652e-03
4.927192e-03
4.932710e-03
4.938207e-03
4.943684e-03
4.949139e-03
4.954574e-03
4.959988e-03
4.965381e-03
4.970753e-03
4.976104e-03
4.981434e-03
4.986743e-03
4.992032e-03
4.997299e-03
5.002546e-03
5.007772e-03
5.012977e-03
5.018161e-03
5.023324e-03
5.028466e-03
5.033587e-03
5.038687e-03
5.043767e-03
5.048825e-03
5.053863e-03
5.058880e-03
5.063876e-03
5.068851e-03
5.073805e-03
5.078738e-03
5.083651e-03
5.088542e-03
5.093412e-03
5.098262e-03
5.103091e-03
5.107899e-03
5.112686e-03
5.117452e-03
5.122197e-03
5.126921e-03
5.131625e-03
5.136307e-03
5.140969e-03
5.145609e-03
5.150229e-03
5.154828e-03
5.159406e-03
5.163963e-03
5.168499e-03
5.173015e-03
5.177509e-03
5.181983e-03
5.186435e-03
5.190867e-03
5.195278e-03
5.199668e-03
5.204037e-03
5.208385e-03
5.212712e-03
5.217019e-03
5.221304e-03
5.225569e-03
5.229813e-03
5.234035e-03
5.238237e-03
5.242418e-03
5.246578e-03
5.250718e-03
5.254836e-03
5.258933e-03
5.263010e-03
5.267065e-03
5.271100e-03
5.275114e-03
5.279107e-03
5.283079e-03
5.287030e-03
5.290961e-03
5.294870e-03
5.298758e-03
5.302626e-03
5.306473e-03
5.310298e-03
5.314103e-03
5.317887e-03
5.321651e-03
5.325393e-03
5.329114e-03
5.332814e-03
5.336494e-03
5.340153e-03
5.343790e-03
5.347407e-03
5.351003e-03
5.354578e-03
5.358132e-03
5.361666e-03
5.365178e-03
5.368670e-03
5.372140e-03
5.375590e-03
5.379019e-03
5.382427e-03
5.385814e-03
5.389180e-03
5.392525e-03
5.395849e-03
5.399153e-03
5.402435e-03
5.405697e-03
5.408938e-03
5.412157e-03
5.415356e-03
5.418534e-03
5.421692e-03
5.424828e-03
5.427943e-03
5.431038e-03
5.434111e-03
5.437164e-03
5.440196e-03
5.443207e-03
5.446197e-03
5.449166e-03
5.452114e-03
5.455041e-03
5.457948e-03
5.460833e-03
5.463698e-03
5.466542e-03
5.469365e-03
5.472167e-03
5.474948e-03
5.477708e-03
5.480447e-03
5.483166e-03
5.485863e-03
5.488540e-03
5.491195e-03
5.493830e-03
5.496444e-03
5.499037e-03
5.501609e-03
5.504160e-03
5.506691e-03
5.509200e-03
5.511689e-03
5.514156e-03
5.516603e-03
5.519029e-03
5.521434e-03
5.523818e-03
5.526181e-03
5.528523e-03
5.530845e-03
5.533145e-03
5.535425e-03
5.537684e-03
5.539921e-03
5.542138e-03
5.544334e-03
5.546509e-03
5.548664e-03
5.550797e-03
5.552909e-03
5.555001e-03
5.557072e-03
5.559121e-03
5.561150e-03
5.563158e-03
5.565145e-03
5.567111e-03
5.569057e-03
5.570981e-03
5.572884e-03
5.574767e-03
5.576629e-03
5.578470e-03
5.580289e-03
5.582088e-03
5.583867e-03
5.585624e-03
5.587360e-03
5.589076e-03
5.590770e-03
5.592444e-03
5.594097e-03
5.595728e-03
5.597339e-03
5.598929e-03
5.600499e-03
5.602047e-03
5.603574e-03
5.605081e-03
5.606566e-03
5.608031e-03
5.609475e-03
5.610898e-03
5.612300e-03
5.613681e-03
5.615041e-03
5.616380e-03
5.617699e-03
5.618996e-03
5.620273e-03
5.621529e-03
5.622764e-03
5.623978e-03
5.625171e-03
5.626343e-03
5.627494e-03
5.628624e-03
5.629734e-03
5.630823e-03
5.631890e-03
5.632937e-03
5.633963e-03
5.634968e-03
5.635952e-03
5.636915e-03
5.637858e-03
5.638779e-03
5.639680e-03
5.640559e-03
5.641418e-03
5.642256e-03
5.643073e-03
5.643869e-03
5.644644e-03
5.645398e-03
5.646132e-03
5.646844e-03
5.647536e-03
5.648206e-03
5.648856e-03
5.649485e-03
5.650093e-03
5.650680e-03
5.651247e-03
5.651792e-03
5.652316e-03
5.652820e-03
5.653303e-03
5.653764e-03
5.654205e-03
5.654625e-03
5.655024e-03
5.655402e-03
5.655760e-03
5.656096e-03
5.656411e-03
5.656706e-03
5.656980e-03
5.657233e-03
5.657464e-03
5.657675e-03
5.657866e-03
5.658035e-03
5.658183e-03
5.658311e-03
5.658417e-03
5.658503e-03
5.658568e-03
5.658611e-03
5.658634e-03
5.658636e-03
5.658618e-03
5.658578e-03
5.658517e-03
5.658436e-03
5.658333e-03
5.658210e-03
5.658066e-03
5.657901e-03
5.657715e-03
5.657508e-03
5.657280e-03
5.657031e-03
5.656762e-03
5.656471e-03
5.656160e-03
5.655828e-03
5.655475e-03
5.655101e-03
5.654706e-03
5.654290e-03
5.653853e-03
5.653396e-03
5.652917e-03
5.652418e-03
5.651897e-03
5.651578e-03
5.651578e-03
5.651578e-03
5.651578e-03
5.651578e-03
5.651578e-03
5.651578e-03
5.651578e-03
5.651578e-03
5.651578e-03
5.651578e-03
5.651578e-03
5.651578e-03
5.651578e-03
5.651578e-03
5.651578e-03
5.651578e-03
5.651578e-03
5.651578e-03
5.651578e-03
5.651578e-03
5.651578e-03
5.651578e-03
5.651578e-03
5.651578e-03
5.651578e-03
5.651578e-03
5.651578e-03
5.651578e-03
5.651578e-03
5.651578e-03
5.651578e-03
5.651578e-03
5.651578e-03
5.651578e-03
5.651578e-03
5.651578e-03
5.651578e-03
5.651578e-03
5.651578e-03
5.651578e-03
5.651578e-03
5.651578e-03
5.651578e-03
5.651578e-03
5.651578e-03
5.651578e-03
5.651578e-03
5.651578e-03
5.651578e-03
5.651578e-03
5.651578e-03
5.651578e-03
5.651578e-03
5.651578e-03
5.651578e-03
5.651578e-03
5.651578e-03
5.651578e-03
5.651578e-03
5.651578e-03
5.651578e-03
5.651578e-03
5.651578e-03
5.651578e-03
5.651578e-03
5.651578e-03
5.651578e-03
5.651578e-03
5.651578e-03
5.651578e-03
5.651578e-03
5.651578e-03
5.651578e-03
5.651578e-03
5.651578e-03
5.651578e-03
5.651578e-03
5.651578e-03
5.651578e-03
5.651578e-03
5.651578e-03
5.651578e-03
5.651578e-03
5.651578e-03
5.651578e-03
5.651578e-03
5.651578e-03
5.651578e-03
5.651578e-03
5.651578e-03
5.651578e-03
5.651578e-03
5.651578e-03
5.651578e-03
5.651578e-03
5.651578e-03
5.651578e-03
5.651578e-03
5.651578e-03
5.651578e-03
5.651578e-03
5.651578e-03
5.651578e-03
5.651578e-03
5.651578e-03
5.651578e-03
5.651578e-03
5.651578e-03
5.651578e-03
5.651578e-03
5.651578e-03
5.651578e-03
5.651578e-03
5.651578e-03
5.651578e-03
5.651578e-03
5.651578e-03
5.651578e-03
5.651578e-03
5.651578e-03
5.651578e-03
5.651578e-03
5.651578e-03
5.651578e-03
5.651578e-03
5.651578e-03
5.651578e-03
5.651578e-03
5.651578e-03
5.651578e-03
5.651578e-03
5.651578e-03
5.651578e-03
5.651578e-03
5.651578e-03
5.651578e-03
5.651578e-03
5.651578e-03
5.651578e-03
5.651578e-03
5.651578e-03
5.651578e-03
5.651578e-03
5.651578e-03
5.651578e-03
5.651578e-03
5.651578e-03
5.651578e-03
5.651578e-03
5.651578e-03
5.651578e-03
5.651578e-03
5.651578e-03
5.651578e-03
5.651578e-03
5.651578e-03
5.651578e-03
5.651578e-03
5.651578e-03
5.651578e-03
5.651578e-03
5.651578e-03
5.651578e-03
5.651578e-03
5.651578e-03
5.651578e-03
5.651578e-03
5.651578e-03
5.651578e-03
5.651578e-03
5.651578e-03
5.651578e-03
5.651578e-03
5.651578e-03
5.651578e-03
5.651578e-03
5.651578e-03
5.651578e-03
5.651578e-03
5.651578e-03
5.651578e-03
5.651578e-03
5.651578e-03
5.651578e-03
5.651578e-03
5.651578e-03
5.651578e-03
5.651578e-03
5.651578e-03
5.651578e-03
5.651578e-03
5.651578e-03
5.651578e-03
5.651578e-03
5.651578e-03
5.651578e-03
5.651578e-03
5.651578e-03
5.651578e-03
5.651578e-03
