0.000000e+00
1.110371e-07
2.261715e-07
3.454032e-07
4.687322e-07
5.961585e-07
7.276822e-07
8.633031e-07
1.003021e-06
1.146837e-06
1.294750e-06
1.446760e-06
1.602867e-06
1.763072e-06
1.927374e-06
2.095774e-06
2.268271e-06
2.444865e-06
2.625556e-06
2.810345e-06
2.999231e-06
3.192214e-06
3.389294e-06
3.590472e-06
3.795747e-06
4.005120e-06
4.218590e-06
4.436157e-06
4.657821e-06
4.883583e-06
5.113442e-06
5.347399e-06
5.585452e-06
5.827603e-06
6.073852e-06
6.324197e-06
6.578640e-06
6.837180e-06
7.099818e-06
7.366553e-06
7.637385e-06
7.912314e-06
8.191341e-06
8.474465e-06
8.761687e-06
9.053005e-06
9.348421e-06
9.647935e-06
9.951545e-06
1.025925e-05
1.057106e-05
1.088696e-05
1.120696e-05
1.153106e-05
1.185925e-05
1.219154e-05
1.252793e-05
1.286842e-05
1.321300e-05
1.356168e-05
1.391446e-05
1.427134e-05
1.463231e-05
1.499738e-05
1.536655e-05
1.573981e-05
1.611718e-05
1.649864e-05
1.688419e-05
1.727385e-05
1.766760e-05
1.806545e-05
1.846739e-05
1.887344e-05
1.928358e-05
1.969782e-05
2.011615e-05
2.053858e-05
2.096511e-05
2.139574e-05
2.183046e-05
2.226929e-05
2.271221e-05
2.315922e-05
2.361034e-05
2.406555e-05
2.452486e-05
2.498826e-05
2.545576e-05
2.592736e-05
2.640306e-05
2.688286e-05
2.736675e-05
2.785474e-05
2.834683e-05
2.884301e-05
2.934329e-05
2.984767e-05
3.035615e-05
3.086872e-05
3.138539e-05
3.190616e-05
3.243102e-05
3.295999e-05
3.349305e-05
3.403020e-05
3.457146e-05
3.511681e-05
3.566626e-05
3.621981e-05
3.677745e-05
3.733919e-05
3.790503e-05
3.847497e-05
3.904900e-05
3.962713e-05
4.020936e-05
4.079568e-05
4.138610e-05
4.198062e-05
4.257924e-05
4.318195e-05
4.378877e-05
4.439967e-05
4.501468e-05
4.563378e-05
4.625698e-05
4.688428e-05
4.751568e-05
4.815117e-05
4.879076e-05
4.943445e-05
5.008223e-05
5.073411e-05
5.139009e-05
5.205017e-05
5.271434e-05
5.338262e-05
5.405498e-05
5.473145e-05
5.541201e-05
5.609667e-05
5.678543e-05
5.747829e-05
5.817524e-05
5.887629e-05
5.958144e-05
6.029068e-05
6.100402e-05
6.172146e-05
6.244300e-05
6.316863e-05
6.389836e-05
6.463219e-05
6.537011e-05
6.611214e-05
6.685826e-05
6.760847e-05
6.836279e-05
6.912120e-05
6.988371e-05
7.065032e-05
7.142102e-05
7.219582e-05
7.297472e-05
7.375772e-05
7.454481e-05
7.533600e-05
7.613129e-05
7.693067e-05
7.773416e-05
7.854173e-05
7.935341e-05
8.016919e-05
8.098906e-05
8.181303e-05
8.264109e-05
8.347326e-05
8.430952e-05
8.514988e-05
8.599433e-05
8.684288e-05
8.769553e-05
8.855228e-05
8.941313e-05
9.027807e-05
9.114711e-05
9.202024e-05
9.289748e-05
9.377881e-05
9.466424e-05
9.555376e-05
9.644739e-05
9.734511e-05
9.824693e-05
9.915284e-05
1.000629e-04
1.009770e-04
1.018952e-04
1.028175e-04
1.037439e-04
1.046744e-04
1.056090e-04
1.065477e-04
1.074905e-04
1.084373e-04
1.093883e-04
1.103434e-04
1.113026e-04
1.122659e-04
1.132332e-04
1.142047e-04
1.151803e-04
1.161600e-04
1.171437e-04
1.181316e-04
1.191235e-04
1.201196e-04
1.211197e-04
1.221240e-04
1.231323e-04
1.241448e-04
1.251613e-04
1.261820e-04
1.272067e-04
1.282355e-04
1.292685e-04
1.303055e-04
1.313466e-04
1.323919e-04
1.334412e-04
1.344946e-04
1.355521e-04
1.366137e-04
1.376794e-04
1.387492e-04
1.398231e-04
1.409011e-04
1.419832e-04
1.430694e-04
1.441597e-04
1.452541e-04
1.463526e-04
1.474552e-04
1.485619e-04
1.496727e-04
1.507875e-04
1.519065e-04
1.530296e-04
1.541568e-04
1.552880e-04
1.564234e-04
1.575629e-04
1.587064e-04
1.598541e-04
1.610058e-04
1.621617e-04
1.633216e-04
1.644857e-04
1.656538e-04
1.668261e-04
1.680024e-04
1.691828e-04
1.703674e-04
1.715560e-04
1.727487e-04
1.739455e-04
1.751465e-04
1.763515e-04
1.775606e-04
1.787738e-04
1.799911e-04
1.812125e-04
1.824380e-04
1.836676e-04
1.849013e-04
1.861391e-04
1.873810e-04
1.886270e-04
1.898771e-04
1.911313e-04
1.923896e-04
1.936520e-04
1.949184e-04
1.961890e-04
1.974637e-04
1.987425e-04
2.000253e-04
2.013123e-04
2.026033e-04
2.038985e-04
2.051978e-04
2.065011e-04
2.078086e-04
2.091201e-04
2.104358e-04
2.117555e-04
2.130793e-04
2.144073e-04
2.157393e-04
2.170755e-04
2.184157e-04
2.197600e-04
2.211084e-04
2.224610e-04
2.238176e-04
2.251783e-04
2.265431e-04
2.279120e-04
2.292850e-04
2.306621e-04
2.320433e-04
2.334286e-04
2.348180e-04
2.362115e-04
2.376091e-04
2.390108e-04
2.404166e-04
2.418265e-04
2.432405e-04
2.446585e-04
2.460807e-04
2.475070e-04
2.489374e-04
2.503718e-04
2.518104e-04
2.532531e-04
2.546998e-04
2.561507e-04
2.576056e-04
2.590647e-04
2.605278e-04
2.619951e-04
2.634664e-04
2.649419e-04
2.664214e-04
2.679050e-04
2.693928e-04
2.708846e-04
2.723805e-04
2.738806e-04
2.753847e-04
2.768929e-04
2.784052e-04
2.799216e-04
2.814421e-04
2.829667e-04
2.844955e-04
2.860283e-04
2.875652e-04
2.891062e-04
2.906513e-04
2.922004e-04
2.937537e-04
2.953111e-04
2.968726e-04
2.984382e-04
3.000079e-04
3.015816e-04
3.031595e-04
3.047415e-04
3.063276e-04
3.079177e-04
3.095120e-04
3.111103e-04
3.127128e-04
3.143194e-04
3.159300e-04
3.175448e-04
3.191636e-04
3.207866e-04
3.224136e-04
3.240447e-04
3.256800e-04
3.273193e-04
3.289627e-04
3.306103e-04
3.322619e-04
3.339176e-04
3.355774e-04
3.372413e-04
3.389094e-04
3.405815e-04
3.422577e-04
3.439380e-04
3.456224e-04
3.473109e-04
3.490035e-04
3.507002e-04
3.524010e-04
3.541059e-04
3.558149e-04
3.575279e-04
3.592451e-04
3.609664e-04
3.626918e-04
3.644213e-04
3.661548e-04
3.678925e-04
3.696343e-04
3.713801e-04
3.731301e-04
3.748841e-04
3.766423e-04
3.784046e-04
3.801709e-04
3.819414e-04
3.837159e-04
3.854945e-04
3.872773e-04
3.890641e-04
3.908551e-04
3.926501e-04
3.944492e-04
3.962524e-04
3.980598e-04
3.998712e-04
4.016867e-04
4.035063e-04
4.053300e-04
4.071578e-04
4.089897e-04
4.108257e-04
4.126658e-04
4.145100e-04
4.163583e-04
4.182107e-04
4.200672e-04
4.219278e-04
4.237925e-04
4.256613e-04
4.275342e-04
4.294111e-04
4.312922e-04
4.331774e-04
4.350667e-04
4.369600e-04
4.388575e-04
4.407591e-04
4.426647e-04
4.445745e-04
4.464883e-04
4.484063e-04
4.503283e-04
4.522545e-04
4.541847e-04
4.561190e-04
4.580575e-04
4.600000e-04
4.619466e-04
4.638974e-04
4.658522e-04
4.678111e-04
4.697741e-04
4.717413e-04
4.737125e-04
4.756878e-04
4.776672e-04
4.796507e-04
4.816383e-04
4.836300e-04
4.856258e-04
4.876257e-04
4.896297e-04
4.916378e-04
4.936500e-04
4.956663e-04
4.976867e-04
4.997111e-04
5.017397e-04
5.037724e-04
5.058092e-04
5.078500e-04
5.098950e-04
5.119441e-04
5.139972e-04
5.160545e-04
5.181158e-04
5.201813e-04
5.222508e-04
5.243245e-04
5.264022e-04
5.284841e-04
5.305700e-04
5.326601e-04
5.347542e-04
5.368524e-04
5.389548e-04
5.410612e-04
5.431717e-04
5.452863e-04
5.474051e-04
5.495279e-04
5.516548e-04
5.537858e-04
5.559209e-04
5.580601e-04
5.602034e-04
5.623508e-04
5.645023e-04
5.666579e-04
5.688176e-04
5.709814e-04
5.731493e-04
5.753212e-04
5.774973e-04
5.796775e-04
5.818618e-04
5.840502e-04
5.862426e-04
5.884392e-04
5.906399e-04
5.928446e-04
5.950535e-04
5.972664e-04
5.994835e-04
6.017046e-04
6.039299e-04
6.061592e-04
6.083927e-04
6.106302e-04
6.128719e-04
6.151176e-04
6.173674e-04
6.196214e-04
6.218794e-04
6.241415e-04
6.264077e-04
6.286781e-04
6.309525e-04
6.332310e-04
6.355136e-04
6.378003e-04
6.400911e-04
6.423860e-04
6.446850e-04
6.469881e-04
6.492953e-04
6.516066e-04
6.539220e-04
6.562415e-04
6.585651e-04
6.608927e-04
6.632245e-04
6.655604e-04
6.679004e-04
6.702444e-04
6.725926e-04
6.749449e-04
6.773012e-04
6.796617e-04
6.820263e-04
6.843949e-04
6.867677e-04
6.891445e-04
6.915255e-04
6.939105e-04
6.962996e-04
6.986929e-04
7.010902e-04
7.034916e-04
7.058972e-04
7.083068e-04
7.107205e-04
7.131384e-04
7.155603e-04
7.179863e-04
7.204164e-04
7.228506e-04
7.252889e-04
7.277313e-04
7.301778e-04
7.326284e-04
7.350831e-04
7.375419e-04
7.400048e-04
7.424718e-04
7.449429e-04
7.474181e-04
7.498974e-04
7.523807e-04
7.548682e-04
7.573598e-04
7.598555e-04
7.623552e-04
7.648591e-04
7.673671e-04
7.698791e-04
7.723953e-04
7.749155e-04
7.774399e-04
7.799683e-04
7.825009e-04
7.850375e-04
7.875783e-04
7.901231e-04
7.926720e-04
7.952251e-04
7.977822e-04
8.003434e-04
8.029088e-04
8.054782e-04
8.080517e-04
8.106293e-04
8.132110e-04
8.157968e-04
8.183868e-04
8.209808e-04
8.235789e-04
8.261811e-04
8.287874e-04
8.313978e-04
8.340123e-04
8.366308e-04
8.392535e-04
8.418803e-04
8.445112e-04
8.471462e-04
8.497853e-04
8.524284e-04
8.550757e-04
8.577271e-04
8.603825e-04
8.630421e-04
8.657058e-04
8.683735e-04
8.710454e-04
8.737213e-04
8.764014e-04
8.790855e-04
8.817738e-04
8.844661e-04
8.871626e-04
8.898631e-04
8.925677e-04
8.952765e-04
8.979893e-04
9.007062e-04
9.034272e-04
9.061524e-04
9.088816e-04
9.116149e-04
9.143523e-04
9.170938e-04
9.198394e-04
9.225891e-04
9.253429e-04
9.281008e-04
9.308628e-04
9.336289e-04
9.363991e-04
9.391734e-04
9.419518e-04
9.447343e-04
9.475208e-04
9.503115e-04
9.531063e-04
9.559052e-04
9.587081e-04
9.615152e-04
9.643264e-04
9.671416e-04
9.699610e-04
9.727844e-04
9.756120e-04
9.784436e-04
9.812794e-04
9.841192e-04
9.869632e-04
9.898112e-04
9.926634e-04
9.955196e-04
9.983799e-04
1.001244e-03
1.004113e-03
1.006986e-03
1.009862e-03
1.012743e-03
1.015628e-03
1.018517e-03
1.021410e-03
1.024307e-03
1.027209e-03
1.030114e-03
1.033023e-03
1.035937e-03
1.038855e-03
1.041777e-03
1.044702e-03
1.047632e-03
1.050567e-03
1.053505e-03
1.056447e-03
1.059393e-03
1.062344e-03
1.065298e-03
1.068257e-03
1.071220e-03
1.074187e-03
1.077158e-03
1.080133e-03
1.083112e-03
1.086095e-03
1.089082e-03
1.092074e-03
1.095069e-03
1.098069e-03
1.101073e-03
1.104081e-03
1.107093e-03
1.110109e-03
1.113129e-03
1.116153e-03
1.119181e-03
1.122214e-03
1.125250e-03
1.128291e-03
1.131336e-03
1.134384e-03
1.137437e-03
1.140494e-03
1.143555e-03
1.146621e-03
1.149690e-03
1.152763e-03
1.155841e-03
1.158922e-03
1.162008e-03
1.165098e-03
1.168192e-03
1.171290e-03
1.174392e-03
1.177498e-03
1.180608e-03
1.183723e-03
1.186841e-03
1.189964e-03
1.193090e-03
1.196221e-03
1.199356e-03
1.202495e-03
1.205638e-03
1.208785e-03
1.211936e-03
1.215092e-03
1.218251e-03
1.221415e-03
1.224582e-03
1.227754e-03
1.230930e-03
1.234110e-03
1.237294e-03
1.240482e-03
1.243674e-03
1.246870e-03
1.250071e-03
1.253275e-03
1.256484e-03
1.259696e-03
1.262913e-03
1.266134e-03
1.269359e-03
1.272588e-03
1.275821e-03
1.279059e-03
1.282300e-03
1.285546e-03
1.288795e-03
1.292049e-03
1.295307e-03
1.298568e-03
1.301834e-03
1.305105e-03
1.308379e-03
1.311657e-03
1.314939e-03
1.318226e-03
1.321516e-03
1.324811e-03
1.328110e-03
1.331413e-03
1.334719e-03
1.338030e-03
1.341346e-03
1.344665e-03
1.347988e-03
1.351316e-03
1.354647e-03
1.357983e-03
1.361322e-03
1.364666e-03
1.368014e-03
1.371366e-03
1.374722e-03
1.378083e-03
1.381447e-03
1.384815e-03
1.388188e-03
1.391564e-03
1.394945e-03
1.398330e-03
1.401719e-03
1.405112e-03
1.408509e-03
1.411910e-03
1.415315e-03
1.418725e-03
1.422138e-03
1.425556e-03
1.428977e-03
1.432403e-03
1.435833e-03
1.439267e-03
1.442705e-03
1.446147e-03
1.449593e-03
1.453044e-03
1.456498e-03
1.459957e-03
1.463419e-03
1.466886e-03
1.470357e-03
1.473832e-03
1.477311e-03
1.480794e-03
1.484281e-03
1.487772e-03
1.491268e-03
1.494767e-03
1.498271e-03
1.501779e-03
1.505290e-03
1.508806e-03
1.512326e-03
1.515850e-03
1.519379e-03
1.522911e-03
1.526447e-03
1.529988e-03
1.533532e-03
1.537081e-03
1.540634e-03
1.544191e-03
1.547752e-03
1.551317e-03
1.554886e-03
1.558459e-03
1.562037e-03
1.565618e-03
1.569204e-03
1.572793e-03
1.576387e-03
1.579985e-03
1.583587e-03
1.587193e-03
1.590803e-03
1.594417e-03
1.598036e-03
1.601658e-03
1.605284e-03
1.608915e-03
1.612550e-03
1.616189e-03
1.619832e-03
1.623479e-03
1.627130e-03
1.630785e-03
1.634444e-03
1.638108e-03
1.641775e-03
1.645447e-03
1.649122e-03
1.652802e-03
1.656486e-03
1.660174e-03
1.663866e-03
1.667562e-03
1.671263e-03
1.674967e-03
1.678675e-03
1.682388e-03
1.686105e-03
1.689825e-03
1.693550e-03
1.697279e-03
1.701012e-03
1.704750e-03
1.708491e-03
1.712236e-03
1.715986e-03
1.719739e-03
1.723497e-03
1.727258e-03
1.731024e-03
1.734794e-03
1.738568e-03
1.742346e-03
1.746129e-03
1.749915e-03
1.753705e-03
1.757500e-03
1.761299e-03
1.765101e-03
1.768908e-03
1.772719e-03
1.776534e-03
1.780353e-03
1.784176e-03
1.788004e-03
1.791835e-03
1.795670e-03
1.799510e-03
1.803354e-03
1.807202e-03
1.811053e-03
1.814909e-03
1.818769e-03
1.822634e-03
1.826502e-03
1.830374e-03
1.834251e-03
1.838131e-03
1.842016e-03
1.845905e-03
1.849798e-03
1.853695e-03
1.857596e-03
1.861501e-03
1.865410e-03
1.869323e-03
1.873241e-03
1.877162e-03
1.881088e-03
1.885018e-03
1.888951e-03
1.892889e-03
1.896831e-03
1.900778e-03
1.904728e-03
1.908682e-03
1.912640e-03
1.916603e-03
1.920570e-03
1.924540e-03
1.928515e-03
1.932494e-03
1.936477e-03
1.940464e-03
1.944455e-03
1.948451e-03
1.952450e-03
1.956453e-03
1.960461e-03
1.964473e-03
1.968488e-03
1.972508e-03
1.976532e-03
1.980560e-03
1.984592e-03
1.988629e-03
1.992669e-03
1.996714e-03
2.000762e-03
2.004815e-03
2.008871e-03
2.012932e-03
2.016997e-03
2.021066e-03
2.025139e-03
2.029217e-03
2.033298e-03
2.037383e-03
2.041473e-03
2.045567e-03
2.049664e-03
2.053766e-03
2.057872e-03
2.061982e-03
2.066096e-03
2.070214e-03
2.074337e-03
2.078463e-03
2.082594e-03
2.086728e-03
2.090867e-03
2.095010e-03
2.099157e-03
2.103308e-03
2.107463e-03
2.111622e-03
2.115785e-03
2.119952e-03
2.124124e-03
2.128299e-03
2.132479e-03
2.136663e-03
2.140851e-03
2.145043e-03
2.149239e-03
2.153439e-03
2.157643e-03
2.161852e-03
2.166064e-03
2.170280e-03
2.174501e-03
2.178726e-03
2.182955e-03
2.187188e-03
2.191425e-03
2.195666e-03
2.199911e-03
2.204160e-03
2.208414e-03
2.212671e-03
2.216933e-03
2.221199e-03
2.225468e-03
2.229742e-03
2.234020e-03
2.238302e-03
2.242589e-03
2.246879e-03
2.251173e-03
2.255472e-03
2.259774e-03
2.264081e-03
2.268392e-03
2.272707e-03
2.277026e-03
2.281349e-03
2.285676e-03
2.290007e-03
2.294343e-03
2.298682e-03
2.303026e-03
2.307373e-03
2.311725e-03
2.316081e-03
2.320441e-03
2.324805e-03
2.329173e-03
2.333545e-03
2.337922e-03
2.342302e-03
2.346686e-03
2.351075e-03
2.355468e-03
2.359865e-03
2.364266e-03
2.368671e-03
2.373080e-03
2.377493e-03
2.381910e-03
2.386332e-03
2.390757e-03
2.395187e-03
2.399620e-03
2.404058e-03
2.408500e-03
2.412946e-03
2.417396e-03
2.421850e-03
2.426309e-03
2.430771e-03
2.435238e-03
2.439708e-03
2.444183e-03
2.448662e-03
2.453144e-03
2.457631e-03
2.462122e-03
2.466618e-03
2.471117e-03
2.475620e-03
2.480128e-03
2.484639e-03
2.489155e-03
2.493675e-03
2.498198e-03
2.502726e-03
2.507258e-03
2.511795e-03
2.516335e-03
2.520879e-03
2.525427e-03
2.529980e-03
2.534537e-03
2.539097e-03
2.543662e-03
2.548231e-03
2.552804e-03
2.557381e-03
2.561962e-03
2.566548e-03
2.571137e-03
2.575731e-03
2.580328e-03
2.584930e-03
2.589536e-03
2.594146e-03
2.598759e-03
2.603378e-03
2.608000e-03
2.612626e-03
2.617256e-03
2.621891e-03
2.626529e-03
2.631172e-03
2.635819e-03
2.640470e-03
2.645125e-03
2.649784e-03
2.654447e-03
2.659114e-03
2.663785e-03
2.668461e-03
2.673140e-03
2.677824e-03
2.682512e-03
2.687204e-03
2.691900e-03
2.696600e-03
2.701304e-03
2.706012e-03
2.710724e-03
2.715441e-03
2.720161e-03
2.724886e-03
2.729614e-03
2.734347e-03
2.739084e-03
2.743825e-03
2.748570e-03
2.753319e-03
2.758073e-03
2.762830e-03
2.767592e-03
2.772357e-03
2.777127e-03
2.781901e-03
2.786678e-03
2.791460e-03
2.796247e-03
2.801037e-03
2.805831e-03
2.810629e-03
2.815432e-03
2.820238e-03
2.825049e-03
2.829864e-03
2.834683e-03
2.839506e-03
2.844333e-03
2.849164e-03
2.853999e-03
2.858838e-03
2.863682e-03
2.868529e-03
2.873381e-03
2.878237e-03
2.883096e-03
2.887960e-03
2.892828e-03
2.897700e-03
2.902577e-03
2.907457e-03
2.912341e-03
2.917230e-03
2.922122e-03
2.927019e-03
2.931920e-03
2.936825e-03
2.941734e-03
2.946647e-03
2.951564e-03
2.956485e-03
2.961411e-03
2.966340e-03
2.971274e-03
2.976211e-03
2.981153e-03
2.986099e-03
2.991049e-03
2.996003e-03
3.000961e-03
3.005923e-03
3.010890e-03
3.015860e-03
3.020835e-03
3.025813e-03
3.030796e-03
3.035783e-03
3.040774e-03
3.045769e-03
3.050768e-03
3.055771e-03
3.060779e-03
3.065790e-03
3.070806e-03
3.075825e-03
3.080849e-03
3.085877e-03
3.090909e-03
3.095945e-03
3.100985e-03
3.106029e-03
3.111077e-03
3.116130e-03
3.121186e-03
3.126247e-03
3.131311e-03
3.136380e-03
3.141453e-03
3.146530e-03
3.151611e-03
3.156696e-03
3.161786e-03
3.166879e-03
3.171976e-03
3.177078e-03
3.182184e-03
3.187293e-03
3.192407e-03
3.197525e-03
3.202647e-03
3.207773e-03
3.212904e-03
3.218038e-03
3.223176e-03
3.228319e-03
3.233466e-03
3.238616e-03
3.243771e-03
3.248930e-03
3.254093e-03
3.259260e-03
3.264431e-03
3.269607e-03
3.274786e-03
3.279970e-03
3.285157e-03
3.290349e-03
3.295545e-03
3.300745e-03
3.305949e-03
3.311157e-03
3.316369e-03
3.321585e-03
3.326805e-03
3.332030e-03
3.337259e-03
3.342491e-03
3.347728e-03
3.352969e-03
3.358214e-03
3.363463e-03
3.368716e-03
3.373973e-03
3.379235e-03
3.384500e-03
3.389770e-03
3.395043e-03
3.400321e-03
3.405603e-03
3.410889e-03
3.416179e-03
3.421473e-03
3.426771e-03
3.432074e-03
3.437380e-03
3.442691e-03
3.448005e-03
3.453324e-03
3.458647e-03
3.463974e-03
3.469305e-03
3.474640e-03
3.479979e-03
3.485322e-03
3.490670e-03
3.496021e-03
3.501377e-03
3.506736e-03
3.512100e-03
3.517468e-03
3.522840e-03
3.528216e-03
3.533596e-03
3.538981e-03
3.544369e-03
3.549761e-03
3.555158e-03
3.560559e-03
3.565963e-03
3.571372e-03
3.576785e-03
3.582202e-03
3.587623e-03
3.593049e-03
3.598478e-03
3.603911e-03
3.609349e-03
3.614791e-03
3.620236e-03
3.625686e-03
3.631140e-03
3.636598e-03
3.642060e-03
3.647526e-03
3.652997e-03
3.658471e-03
3.663950e-03
3.669432e-03
3.674919e-03
3.680410e-03
3.685905e-03
3.691404e-03
3.696907e-03
3.702414e-03
3.707925e-03
3.713441e-03
3.718960e-03
3.724484e-03
3.730011e-03
3.735543e-03
3.741079e-03
3.746619e-03
3.752163e-03
3.757711e-03
3.763264e-03
3.768820e-03
3.774380e-03
3.779945e-03
3.785514e-03
3.791086e-03
3.796663e-03
3.802244e-03
3.807829e-03
3.813418e-03
3.819012e-03
3.824609e-03
3.830210e-03
3.835816e-03
3.841426e-03
3.847039e-03
3.852657e-03
3.858279e-03
3.863905e-03
3.869535e-03
3.875169e-03
3.880808e-03
3.886450e-03
3.892097e-03
3.897747e-03
3.903402e-03
3.909061e-03
3.914724e-03
3.920391e-03
3.926062e-03
3.931737e-03
3.937416e-03
3.943099e-03
3.948787e-03
3.954478e-03
3.960174e-03
3.965874e-03
3.971578e-03
3.977286e-03
3.982998e-03
3.988714e-03
3.994434e-03
4.000159e-03
4.005887e-03
4.011620e-03
4.017356e-03
4.023097e-03
4.028842e-03
4.034591e-03
4.040344e-03
4.046101e-03
4.051862e-03
4.057627e-03
4.063397e-03
4.069170e-03
4.074948e-03
4.080730e-03
4.086516e-03
4.092305e-03
4.098099e-03
4.103898e-03
4.109700e-03
4.115506e-03
4.121316e-03
4.127131e-03
4.132949e-03
4.138772e-03
4.144599e-03
4.150430e-03
4.156265e-03
4.162104e-03
4.167947e-03
4.173794e-03
4.179646e-03
4.185501e-03
4.191361e-03
4.197224e-03
4.203092e-03
4.208964e-03
4.214840e-03
4.220720e-03
4.226604e-03
4.232492e-03
4.238385e-03
4.244281e-03
4.250182e-03
4.256086e-03
4.261995e-03
4.267908e-03
4.273825e-03
4.279746e-03
4.285671e-03
4.291600e-03
4.297534e-03
4.303471e-03
4.309412e-03
4.315358e-03
4.321308e-03
4.327262e-03
4.333219e-03
4.339181e-03
4.345148e-03
4.351118e-03
4.357092e-03
4.363070e-03
4.369053e-03
4.375039e-03
4.381030e-03
4.387025e-03
4.393024e-03
4.399027e-03
4.405034e-03
4.411045e-03
4.417060e-03
4.423080e-03
4.429103e-03
4.435131e-03
4.441162e-03
4.447198e-03
4.453238e-03
4.459282e-03
4.465330e-03
4.471382e-03
4.477438e-03
4.483498e-03
4.489563e-03
4.495631e-03
4.501704e-03
4.507781e-03
4.513862e-03
4.519947e-03
4.526036e-03
4.532129e-03
4.538226e-03
4.544327e-03
4.550433e-03
4.556542e-03
4.562656e-03
4.568773e-03
4.574895e-03
4.581021e-03
4.587151e-03
4.593285e-03
4.599423e-03
4.605566e-03
4.611712e-03
4.617862e-03
4.624017e-03
4.630176e-03
4.636338e-03
4.642505e-03
4.648676e-03
4.654851e-03
4.661030e-03
4.667214e-03
4.673401e-03
4.679592e-03
4.685788e-03
4.691988e-03
4.698191e-03
4.704399e-03
4.710611e-03
4.716827e-03
4.723047e-03
4.729272e-03
4.735500e-03
4.741732e-03
4.747969e-03
4.754209e-03
4.760454e-03
4.766703e-03
4.772291e-03
4.777859e-03
4.783406e-03
4.788933e-03
4.794439e-03
4.799925e-03
4.805391e-03
4.810836e-03
4.816261e-03
4.821665e-03
4.827049e-03
4.832412e-03
4.837755e-03
4.843078e-03
4.848380e-03
4.853662e-03
4.858923e-03
4.864164e-03
4.869384e-03
4.874584e-03
4.879763e-03
4.884923e-03
4.890061e-03
4.895179e-03
4.900277e-03
4.905355e-03
4.910411e-03
4.915448e-03
4.920464e-03
4.925460e-03
4.930435e-03
4.935390e-03
4.940324e-03
4.945238e-03
4.950131e-03
4.955004e-03
4.959857e-03
4.964689e-03
4.969501e-03
4.974292e-03
4.979063e-03
4.983813e-03
4.988543e-03
4.993253e-03
4.997942e-03
5.002611e-03
5.007259e-03
5.011887e-03
5.016494e-03
5.021081e-03
5.025648e-03
5.030194e-03
5.034720e-03
5.039225e-03
5.043710e-03
5.048174e-03
5.052618e-03
5.057042e-03
5.061445e-03
5.065827e-03
5.070190e-03
5.074532e-03
5.078853e-03
5.083154e-03
5.087434e-03
5.091694e-03
5.095934e-03
5.100153e-03
5.104352e-03
5.108530e-03
5.112688e-03
5.116826e-03
5.120943e-03
5.125039e-03
5.129116e-03
5.133171e-03
5.137207e-03
5.141222e-03
5.145216e-03
5.149190e-03
5.153144e-03
5.157077e-03
5.160989e-03
5.164882e-03
5.168754e-03
5.172605e-03
5.176436e-03
5.180247e-03
5.184037e-03
5.187806e-03
5.191556e-03
5.195285e-03
5.198993e-03
5.202681e-03
5.206348e-03
5.209996e-03
5.213622e-03
5.217229e-03
5.220814e-03
5.224380e-03
5.227925e-03
5.231449e-03
5.234953e-03
5.238437e-03
5.241900e-03
5.245343e-03
5.248765e-03
5.252167e-03
5.255549e-03
5.258910e-03
5.262250e-03
5.265571e-03
5.268870e-03
5.272150e-03
5.275409e-03
5.278647e-03
5.281865e-03
5.285063e-03
5.288240e-03
5.291397e-03
5.294533e-03
5.297649e-03
5.300744e-03
5.303819e-03
5.306874e-03
5.309908e-03
5.312922e-03
5.315915e-03
5.318888e-03
5.321840e-03
5.324772e-03
5.327684e-03
5.330575e-03
5.333446e-03
5.336296e-03
5.339126e-03
5.341935e-03
5.344724e-03
5.347492e-03
5.350241e-03
5.352968e-03
5.355675e-03
5.358362e-03
5.361029e-03
5.363675e-03
5.366300e-03
5.368905e-03
5.371490e-03
5.374054e-03
5.376598e-03
5.379121e-03
5.381624e-03
5.384106e-03
5.386569e-03
5.389010e-03
5.391431e-03
5.393832e-03
5.396212e-03
5.398572e-03
5.400912e-03
5.403231e-03
5.405529e-03
5.407807e-03
5.410065e-03
5.412303e-03
5.414519e-03
5.416716e-03
5.418892e-03
5.421047e-03
5.423182e-03
5.425297e-03
5.427391e-03
5.429465e-03
5.431519e-03
5.433552e-03
5.435564e-03
5.437556e-03
5.439528e-03
5.441479e-03
5.443410e-03
5.445320e-03
5.447210e-03
5.449080e-03
5.450929e-03
5.452758e-03
5.454566e-03
5.456354e-03
5.458121e-03
5.459868e-03
5.461594e-03
5.463300e-03
5.464986e-03
5.466651e-03
5.468296e-03
5.469920e-03
5.471524e-03
5.473108e-03
5.474671e-03
5.476213e-03
5.477736e-03
5.479237e-03
5.480719e-03
5.482179e-03
5.483620e-03
5.485040e-03
5.486439e-03
5.487819e-03
5.489177e-03
5.490516e-03
5.491833e-03
5.493131e-03
5.494408e-03
5.495664e-03
5.496901e-03
5.498116e-03
5.499311e-03
5.500486e-03
5.501641e-03
5.502775e-03
5.503888e-03
5.504981e-03
5.506054e-03
5.507106e-03
5.508138e-03
5.509149e-03
5.510140e-03
5.511111e-03
5.512061e-03
5.512990e-03
5.513900e-03
5.514788e-03
5.515657e-03
5.516505e-03
5.517332e-03
5.518139e-03
5.518926e-03
5.519692e-03
5.520438e-03
5.521163e-03
5.521868e-03
5.522552e-03
5.523216e-03
5.523860e-03
5.524483e-03
5.525086e-03
5.525668e-03
5.526230e-03
5.526772e-03
5.527293e-03
5.527793e-03
5.528273e-03
5.528733e-03
5.529172e-03
5.529591e-03
5.529989e-03
5.530367e-03
5.530725e-03
5.531062e-03
5.531379e-03
5.531675e-03
5.531951e-03
5.532206e-03
5.532441e-03
5.532656e-03
5.532850e-03
5.533023e-03
5.533177e-03
5.533309e-03
5.533422e-03
5.533514e-03
5.533585e-03
5.533636e-03
5.533667e-03
5.533677e-03
5.533667e-03
5.533636e-03
5.533585e-03
5.533513e-03
5.533422e-03
5.533309e-03
5.533176e-03
5.533023e-03
5.532849e-03
5.532655e-03
5.532441e-03
5.532206e-03
5.531950e-03
5.531674e-03
5.531378e-03
5.531061e-03
5.530724e-03
5.530367e-03
5.529989e-03
5.529590e-03
5.529171e-03
5.528732e-03
5.528272e-03
5.527792e-03
5.527291e-03
5.526770e-03
5.526451e-03
5.526451e-03
5.526451e-03
5.526451e-03
5.526451e-03
5.526451e-03
5.526451e-03
5.526451e-03
5.526451e-03
5.526451e-03
5.526451e-03
5.526451e-03
5.526451e-03
5.526451e-03
5.526451e-03
5.526451e-03
5.526451e-03
5.526451e-03
5.526451e-03
5.526451e-03
5.526451e-03
5.526451e-03
5.526451e-03
5.526451e-03
5.526451e-03
5.526451e-03
5.526451e-03
5.526451e-03
5.526451e-03
5.526451e-03
5.526451e-03
5.526451e-03
5.526451e-03
5.526451e-03
5.526451e-03
5.526451e-03
5.526451e-03
5.526451e-03
5.526451e-03
5.526451e-03
5.526451e-03
5.526451e-03
5.526451e-03
5.526451e-03
5.526451e-03
5.526451e-03
5.526451e-03
5.526451e-03
5.526451e-03
5.526451e-03
5.526451e-03
5.526451e-03
5.526451e-03
5.526451e-03
5.526451e-03
5.526451e-03
5.526451e-03
5.526451e-03
5.526451e-03
5.526451e-03
5.526451e-03
5.526451e-03
5.526451e-03
5.526451e-03
5.526451e-03
5.526451e-03
5.526451e-03
5.526451e-03
5.526451e-03
5.526451e-03
5.526451e-03
5.526451e-03
5.526451e-03
5.526451e-03
5.526451e-03
5.526451e-03
5.526451e-03
5.526451e-03
5.526451e-03
5.526451e-03
5.526451e-03
5.526451e-03
5.526451e-03
5.526451e-03
5.526451e-03
5.526451e-03
5.526451e-03
5.526451e-03
5.526451e-03
5.526451e-03
5.526451e-03
5.526451e-03
5.526451e-03
5.526451e-03
5.526451e-03
5.526451e-03
5.526451e-03
5.526451e-03
5.526451e-03
5.526451e-03
5.526451e-03
5.526451e-03
5.526451e-03
5.526451e-03
5.526451e-03
5.526451e-03
5.526451e-03
5.526451e-03
5.526451e-03
5.526451e-03
5.526451e-03
5.526451e-03
5.526451e-03
5.526451e-03
5.526451e-03
5.526451e-03
5.526451e-03
5.526451e-03
5.526451e-03
5.526451e-03
5.526451e-03
5.526451e-03
5.526451e-03
5.526451e-03
5.526451e-03
5.526451e-03
5.526451e-03
5.526451e-03
5.526451e-03
5.526451e-03
5.526451e-03
5.526451e-03
5.526451e-03
5.526451e-03
5.526451e-03
5.526451e-03
5.526451e-03
5.526451e-03
5.526451e-03
5.526451e-03
5.526451e-03
5.526451e-03
5.526451e-03
5.526451e-03
5.526451e-03
5.526451e-03
5.526451e-03
5.526451e-03
5.526451e-03
5.526451e-03
5.526451e-03
5.526451e-03
5.526451e-03
5.526451e-03
5.526451e-03
5.526451e-03
5.526451e-03
5.526451e-03
5.526451e-03
5.526451e-03
5.526451e-03
5.526451e-03
5.526451e-03
5.526451e-03
5.526451e-03
5.526451e-03
5.526451e-03
5.526451e-03
5.526451e-03
5.526451e-03
5.526451e-03
5.526451e-03
5.526451e-03
5.526451e-03
5.526451e-03
5.526451e-03
5.526451e-03
5.526451e-03
5.526451e-03
5.526451e-03
5.526451e-03
5.526451e-03
5.526451e-03
5.526451e-03
5.526451e-03
5.526451e-03
5.526451e-03
5.526451e-03
5.526451e-03
5.526451e-03
5.526451e-03
5.526451e-03
5.526451e-03
5.526451e-03
5.526451e-03
5.526451e-03
5.526451e-03
5.526451e-03
5.526451e-03
5.526451e-03
5.526451e-03
