0.000000e+00
1.110371e-07
2.314050e-07
3.611038e-07
5.001334e-07
6.484939e-07
8.061852e-07
9.732074e-07
1.149560e-06
1.335244e-06
1.530259e-06
1.734605e-06
1.948281e-06
2.171288e-06
2.403626e-06
2.645295e-06
2.896295e-06
3.156626e-06
3.426287e-06
3.705280e-06
3.993603e-06
4.291257e-06
4.598242e-06
4.914557e-06
5.240204e-06
5.575181e-06
5.919490e-06
6.273129e-06
6.636099e-06
7.008400e-06
7.390031e-06
7.780994e-06
8.181287e-06
8.590911e-06
9.009866e-06
9.438152e-06
9.875769e-06
1.032272e-05
1.077900e-05
1.124460e-05
1.171954e-05
1.220382e-05
1.269742e-05
1.320035e-05
1.371261e-05
1.423421e-05
1.476513e-05
1.530539e-05
1.585498e-05
1.641389e-05
1.698214e-05
1.755972e-05
1.814663e-05
1.874287e-05
1.934845e-05
1.996335e-05
2.058758e-05
2.122115e-05
2.186404e-05
2.251627e-05
2.317783e-05
2.384871e-05
2.452893e-05
2.521848e-05
2.591736e-05
2.662557e-05
2.734312e-05
2.806999e-05
2.880619e-05
2.955173e-05
3.030659e-05
3.107079e-05
3.184432e-05
3.262717e-05
3.341936e-05
3.422088e-05
3.503173e-05
3.585192e-05
3.668143e-05
3.752027e-05
3.836845e-05
3.922595e-05
4.009279e-05
4.096895e-05
4.185445e-05
4.274928e-05
4.365344e-05
4.456693e-05
4.548975e-05
4.642190e-05
4.736338e-05
4.831420e-05
4.927434e-05
5.024382e-05
5.122262e-05
5.221076e-05
5.320823e-05
5.421502e-05
5.523115e-05
5.625661e-05
5.729140e-05
5.833553e-05
5.938898e-05
6.045176e-05
6.152388e-05
6.260532e-05
6.369610e-05
6.479620e-05
6.590564e-05
6.702441e-05
6.815251e-05
6.928994e-05
7.043670e-05
7.159279e-05
7.275822e-05
7.393297e-05
7.511706e-05
7.631047e-05
7.751322e-05
7.872529e-05
7.994670e-05
8.117744e-05
8.241751e-05
8.366691e-05
8.492564e-05
8.619370e-05
8.747110e-05
8.875782e-05
9.005388e-05
9.135926e-05
9.267398e-05
9.399803e-05
9.533140e-05
9.667411e-05
9.802615e-05
9.938752e-05
1.007582e-04
1.021383e-04
1.035276e-04
1.049263e-04
1.063343e-04
1.077517e-04
1.091784e-04
1.106144e-04
1.120597e-04
1.135144e-04
1.149784e-04
1.164518e-04
1.179344e-04
1.194265e-04
1.209278e-04
1.224384e-04
1.239584e-04
1.254878e-04
1.270264e-04
1.285744e-04
1.301317e-04
1.316984e-04
1.332744e-04
1.348597e-04
1.364543e-04
1.380583e-04
1.396716e-04
1.412942e-04
1.429262e-04
1.445675e-04
1.462181e-04
1.478781e-04
1.495474e-04
1.512260e-04
1.529139e-04
1.546112e-04
1.563178e-04
1.580338e-04
1.597590e-04
1.614936e-04
1.632376e-04
1.649908e-04
1.667534e-04
1.685254e-04
1.703066e-04
1.720972e-04
1.738971e-04
1.757064e-04
1.775250e-04
1.793529e-04
1.811901e-04
1.830367e-04
1.848926e-04
1.867578e-04
1.886324e-04
1.905163e-04
1.924095e-04
1.943121e-04
1.962240e-04
1.981452e-04
2.000758e-04
2.020156e-04
2.039649e-04
2.059234e-04
2.078913e-04
2.098685e-04
2.118550e-04
2.138509e-04
2.158561e-04
2.178706e-04
2.198945e-04
2.219277e-04
2.239702e-04
2.260221e-04
2.280832e-04
2.301538e-04
2.322336e-04
2.343228e-04
2.364213e-04
2.385291e-04
2.406463e-04
2.427728e-04
2.449086e-04
2.470538e-04
2.492083e-04
2.513721e-04
2.535453e-04
2.557277e-04
2.579196e-04
2.601207e-04
2.623312e-04
2.645510e-04
2.667801e-04
2.690186e-04
2.712664e-04
2.735235e-04
2.757900e-04
2.780658e-04
2.803509e-04
2.826454e-04
2.849492e-04
2.872623e-04
2.895847e-04
2.919165e-04
2.942576e-04
2.966081e-04
2.989678e-04
3.013369e-04
3.037154e-04
3.061031e-04
3.085002e-04
3.109066e-04
3.133224e-04
3.157475e-04
3.181819e-04
3.206257e-04
3.230787e-04
3.255411e-04
3.280129e-04
3.304940e-04
3.329844e-04
3.354841e-04
3.379932e-04
3.405116e-04
3.430393e-04
3.455763e-04
3.481227e-04
3.506784e-04
3.532435e-04
3.558179e-04
3.584016e-04
3.609946e-04
3.635970e-04
3.662087e-04
3.688297e-04
3.714601e-04
3.740998e-04
3.767488e-04
3.794072e-04
3.820749e-04
3.847519e-04
3.874383e-04
3.901339e-04
3.928389e-04
3.955533e-04
3.982770e-04
4.010100e-04
4.037523e-04
4.065040e-04
4.092650e-04
4.120353e-04
4.148150e-04
4.176040e-04
4.204023e-04
4.232099e-04
4.260269e-04
4.288532e-04
4.316889e-04
4.345338e-04
4.373881e-04
4.402518e-04
4.431248e-04
4.460071e-04
4.488987e-04
4.517996e-04
4.547099e-04
4.576296e-04
4.605585e-04
4.634968e-04
4.664444e-04
4.694014e-04
4.723676e-04
4.753432e-04
4.783282e-04
4.813224e-04
4.843260e-04
4.873390e-04
4.903612e-04
4.933928e-04
4.964338e-04
4.994840e-04
5.025436e-04
5.056125e-04
5.086908e-04
5.117783e-04
5.148752e-04
5.179815e-04
5.210970e-04
5.242219e-04
5.273562e-04
5.304997e-04
5.336526e-04
5.368149e-04
5.399864e-04
5.431673e-04
5.463575e-04
5.495571e-04
5.527659e-04
5.559842e-04
5.592117e-04
5.624486e-04
5.656948e-04
5.689503e-04
5.722152e-04
5.754894e-04
5.787729e-04
5.820657e-04
5.853679e-04
5.886794e-04
5.920003e-04
5.953305e-04
5.986700e-04
6.020188e-04
6.053770e-04
6.087445e-04
6.121213e-04
6.155075e-04
6.189030e-04
6.223078e-04
6.257220e-04
6.291455e-04
6.325783e-04
6.360204e-04
6.394719e-04
6.429327e-04
6.464029e-04
6.498823e-04
6.533711e-04
6.568693e-04
6.603767e-04
6.638935e-04
6.674197e-04
6.709551e-04
6.744999e-04
6.780540e-04
6.816175e-04
6.851903e-04
6.887724e-04
6.923638e-04
6.959646e-04
6.995747e-04
7.031941e-04
7.068229e-04
7.104610e-04
7.141084e-04
7.177652e-04
7.214313e-04
7.251067e-04
7.287914e-04
7.324855e-04
7.361889e-04
7.399017e-04
7.436238e-04
7.473552e-04
7.510959e-04
7.548460e-04
7.586054e-04
7.623741e-04
7.661522e-04
7.699396e-04
7.737363e-04
7.775423e-04
7.813577e-04
7.851824e-04
7.890165e-04
7.928598e-04
7.967126e-04
8.005746e-04
8.044460e-04
8.083267e-04
8.122167e-04
8.161161e-04
8.200247e-04
8.239428e-04
8.278701e-04
8.318068e-04
8.357528e-04
8.397082e-04
8.436728e-04
8.476469e-04
8.516302e-04
8.556229e-04
8.596249e-04
8.636362e-04
8.676569e-04
8.716868e-04
8.757262e-04
8.797748e-04
8.838328e-04
8.879001e-04
8.919768e-04
8.960628e-04
9.001581e-04
9.042627e-04
9.083767e-04
9.125000e-04
9.166326e-04
9.207746e-04
9.249259e-04
9.290865e-04
9.332564e-04
9.374357e-04
9.416244e-04
9.458223e-04
9.500296e-04
9.542462e-04
9.584721e-04
9.627074e-04
9.669520e-04
9.712059e-04
9.754692e-04
9.797418e-04
9.840237e-04
9.883150e-04
9.926156e-04
9.969255e-04
1.001245e-03
1.005573e-03
1.009911e-03
1.014258e-03
1.018615e-03
1.022981e-03
1.027356e-03
1.031741e-03
1.036135e-03
1.040538e-03
1.044950e-03
1.049372e-03
1.053804e-03
1.058244e-03
1.062694e-03
1.067153e-03
1.071622e-03
1.076100e-03
1.080587e-03
1.085083e-03
1.089589e-03
1.094104e-03
1.098629e-03
1.103163e-03
1.107706e-03
1.112258e-03
1.116820e-03
1.121392e-03
1.125972e-03
1.130562e-03
1.135161e-03
1.139770e-03
1.144387e-03
1.149015e-03
1.153651e-03
1.158297e-03
1.162952e-03
1.167617e-03
1.172290e-03
1.176974e-03
1.181666e-03
1.186368e-03
1.191079e-03
1.195799e-03
1.200529e-03
1.205268e-03
1.210017e-03
1.214775e-03
1.219542e-03
1.224318e-03
1.229104e-03
1.233899e-03
1.238704e-03
1.243517e-03
1.248341e-03
1.253173e-03
1.258015e-03
1.262866e-03
1.267726e-03
1.272596e-03
1.277475e-03
1.282364e-03
1.287261e-03
1.292168e-03
1.297085e-03
1.302011e-03
1.306946e-03
1.311890e-03
1.316844e-03
1.321807e-03
1.326779e-03
1.331761e-03
1.336752e-03
1.341753e-03
1.346762e-03
1.351781e-03
1.356810e-03
1.361847e-03
1.366895e-03
1.371951e-03
1.377017e-03
1.382092e-03
1.387176e-03
1.392270e-03
1.397373e-03
1.402485e-03
1.407607e-03
1.412738e-03
1.417878e-03
1.423028e-03
1.428187e-03
1.433355e-03
1.438533e-03
1.443720e-03
1.448916e-03
1.454122e-03
1.459337e-03
1.464561e-03
1.469795e-03
1.475038e-03
1.480290e-03
1.485552e-03
1.490823e-03
1.496103e-03
1.501393e-03
1.506692e-03
1.512000e-03
1.517318e-03
1.522645e-03
1.527981e-03
1.533327e-03
1.538682e-03
1.544046e-03
1.549420e-03
1.554803e-03
1.560195e-03
1.565597e-03
1.571008e-03
1.576428e-03
1.581858e-03
1.587297e-03
1.592745e-03
1.598203e-03
1.603669e-03
1.609146e-03
1.614631e-03
1.620126e-03
1.625631e-03
1.631144e-03
1.636667e-03
1.642199e-03
1.647741e-03
1.653292e-03
1.658852e-03
1.664422e-03
1.670001e-03
1.675589e-03
1.681186e-03
1.686793e-03
1.692410e-03
1.698035e-03
1.703670e-03
1.709314e-03
1.714968e-03
1.720631e-03
1.726303e-03
1.731984e-03
1.737675e-03
1.743376e-03
1.749085e-03
1.754804e-03
1.760532e-03
1.766270e-03
1.772017e-03
1.777773e-03
1.783538e-03
1.789313e-03
1.795097e-03
1.800891e-03
1.806694e-03
1.812506e-03
1.818327e-03
1.824158e-03
1.829998e-03
1.835848e-03
1.841707e-03
1.847575e-03
1.853453e-03
1.859339e-03
1.865236e-03
1.871141e-03
1.877056e-03
1.882980e-03
1.888913e-03
1.894856e-03
1.900808e-03
1.906770e-03
1.912741e-03
1.918721e-03
1.924710e-03
1.930709e-03
1.936717e-03
1.942735e-03
1.948762e-03
1.954798e-03
1.960843e-03
1.966898e-03
1.972962e-03
1.979035e-03
1.985118e-03
1.991210e-03
1.997312e-03
2.003423e-03
2.009543e-03
2.015672e-03
2.021811e-03
2.027959e-03
2.034116e-03
2.040283e-03
2.046459e-03
2.052645e-03
2.058839e-03
2.065043e-03
2.071257e-03
2.077480e-03
2.083712e-03
2.089953e-03
2.096204e-03
2.102464e-03
2.108733e-03
2.115012e-03
2.121300e-03
2.127597e-03
2.133904e-03
2.140220e-03
2.146546e-03
2.152880e-03
2.159224e-03
2.165578e-03
2.171940e-03
2.178312e-03
2.184694e-03
2.191085e-03
2.197485e-03
2.203894e-03
2.210313e-03
2.216741e-03
2.223178e-03
2.229625e-03
2.236081e-03
2.242546e-03
2.249021e-03
2.255505e-03
2.261998e-03
2.268501e-03
2.275013e-03
2.281534e-03
2.288065e-03
2.294605e-03
2.301154e-03
2.307713e-03
2.314281e-03
2.320858e-03
2.327445e-03
2.334041e-03
2.340646e-03
2.347261e-03
2.353885e-03
2.360518e-03
2.367160e-03
2.373812e-03
2.380474e-03
2.387144e-03
2.393824e-03
2.400514e-03
2.407212e-03
2.413920e-03
2.420637e-03
2.427364e-03
2.434100e-03
2.440845e-03
2.447600e-03
2.454364e-03
2.461137e-03
2.467920e-03
2.474712e-03
2.481513e-03
2.488323e-03
2.495143e-03
2.501973e-03
2.508811e-03
2.515659e-03
2.522516e-03
2.529383e-03
2.536259e-03
2.543144e-03
2.550039e-03
2.556942e-03
2.563856e-03
2.570778e-03
2.577710e-03
2.584651e-03
2.591602e-03
2.598562e-03
2.605531e-03
2.612509e-03
2.619497e-03
2.626495e-03
2.633501e-03
2.640517e-03
2.647542e-03
2.654577e-03
2.661621e-03
2.668674e-03
2.675736e-03
2.682808e-03
2.689889e-03
2.696980e-03
2.704080e-03
2.711189e-03
2.718307e-03
2.725435e-03
2.732572e-03
2.739719e-03
2.746875e-03
2.754040e-03
2.761214e-03
2.768398e-03
2.775591e-03
2.782794e-03
2.790006e-03
2.797227e-03
2.804457e-03
2.811697e-03
2.818946e-03
2.826205e-03
2.833472e-03
2.840749e-03
2.848036e-03
2.855332e-03
2.862637e-03
2.869951e-03
2.877275e-03
2.884608e-03
2.891951e-03
2.899302e-03
2.906664e-03
2.914034e-03
2.921414e-03
2.928803e-03
2.936201e-03
2.943609e-03
2.951026e-03
2.958453e-03
2.965888e-03
2.973333e-03
2.980788e-03
2.988252e-03
2.995725e-03
3.003207e-03
3.010699e-03
3.018200e-03
3.025710e-03
3.033230e-03
3.040759e-03
3.048297e-03
3.055845e-03
3.063402e-03
3.070969e-03
3.078544e-03
3.086129e-03
3.093724e-03
3.101327e-03
3.108940e-03
3.116563e-03
3.124195e-03
3.131836e-03
3.139486e-03
3.147146e-03
3.154815e-03
3.162493e-03
3.170181e-03
3.177878e-03
3.185584e-03
3.193300e-03
3.201025e-03
3.208759e-03
3.216503e-03
3.224256e-03
3.232018e-03
3.239790e-03
3.247571e-03
3.255361e-03
3.263161e-03
3.270970e-03
3.278788e-03
3.286616e-03
3.294453e-03
3.302299e-03
3.310155e-03
3.318020e-03
3.325894e-03
3.333777e-03
3.341670e-03
3.349573e-03
3.357484e-03
3.365405e-03
3.373336e-03
3.381275e-03
3.389224e-03
3.397182e-03
3.405150e-03
3.413127e-03
3.421113e-03
3.429109e-03
3.437114e-03
3.445128e-03
3.453152e-03
3.461185e-03
3.469227e-03
3.477278e-03
3.485339e-03
3.493410e-03
3.501489e-03
3.509578e-03
3.517676e-03
3.525784e-03
3.533901e-03
3.542027e-03
3.550163e-03
3.558308e-03
3.566462e-03
3.574625e-03
3.582798e-03
3.590980e-03
3.599172e-03
3.607373e-03
3.615583e-03
3.623803e-03
3.632031e-03
3.640270e-03
3.648517e-03
3.656774e-03
3.665040e-03
3.673316e-03
3.681601e-03
3.689895e-03
3.698198e-03
3.706511e-03
3.714833e-03
3.723165e-03
3.731506e-03
3.739856e-03
3.748215e-03
3.756584e-03
3.764962e-03
3.773350e-03
3.781747e-03
3.790153e-03
3.798568e-03
3.806993e-03
3.815427e-03
3.823871e-03
3.832324e-03
3.840786e-03
3.849257e-03
3.857738e-03
3.866228e-03
3.874728e-03
3.883237e-03
3.891755e-03
3.900282e-03
3.908819e-03
3.917365e-03
3.925921e-03
3.934485e-03
3.943059e-03
3.951643e-03
3.960236e-03
3.968838e-03
3.977449e-03
3.986070e-03
3.994700e-03
4.003340e-03
4.011988e-03
4.020646e-03
4.029314e-03
4.037991e-03
4.046677e-03
4.055372e-03
4.064077e-03
4.072791e-03
4.081514e-03
4.090247e-03
4.098989e-03
4.107740e-03
4.116501e-03
4.125271e-03
4.134051e-03
4.142839e-03
4.151637e-03
4.160445e-03
4.169262e-03
4.178088e-03
4.186923e-03
4.195768e-03
4.204622e-03
4.213485e-03
4.222358e-03
4.231240e-03
4.240131e-03
4.249032e-03
4.257942e-03
4.266861e-03
4.275790e-03
4.284728e-03
4.293675e-03
4.302632e-03
4.311598e-03
4.320573e-03
4.329558e-03
4.338552e-03
4.347555e-03
4.356568e-03
4.365590e-03
4.374621e-03
4.383662e-03
4.392712e-03
4.401771e-03
4.410840e-03
4.419918e-03
4.429005e-03
4.438102e-03
4.447208e-03
4.456323e-03
4.465448e-03
4.474582e-03
4.483725e-03
4.492878e-03
4.502040e-03
4.511211e-03
4.520392e-03
4.529582e-03
4.538781e-03
4.547989e-03
4.557207e-03
4.566435e-03
4.575671e-03
4.584917e-03
4.594173e-03
4.603437e-03
4.612711e-03
4.621994e-03
4.631287e-03
4.640589e-03
4.649900e-03
4.659221e-03
4.668551e-03
4.677890e-03
4.687238e-03
4.696596e-03
4.705964e-03
4.715340e-03
4.724726e-03
4.734121e-03
4.743526e-03
4.752940e-03
4.762363e-03
4.771795e-03
4.781237e-03
4.790689e-03
4.800149e-03
4.809619e-03
4.819098e-03
4.828587e-03
4.838085e-03
4.847592e-03
4.857108e-03
4.866634e-03
4.876169e-03
4.885714e-03
4.895268e-03
4.904831e-03
4.914403e-03
4.923985e-03
4.933576e-03
4.943177e-03
4.952787e-03
4.962406e-03
4.972035e-03
4.981672e-03
4.991320e-03
5.000976e-03
5.010642e-03
5.020317e-03
5.030001e-03
5.039695e-03
5.049398e-03
5.059111e-03
5.068833e-03
5.078564e-03
5.088304e-03
5.098054e-03
5.107813e-03
5.117582e-03
5.127360e-03
5.137147e-03
5.146943e-03
5.156749e-03
5.166564e-03
5.176388e-03
5.186222e-03
5.196065e-03
5.205918e-03
5.215780e-03
5.225651e-03
5.235531e-03
5.245421e-03
5.255320e-03
5.265228e-03
5.275146e-03
5.285073e-03
5.295010e-03
5.304955e-03
5.314911e-03
5.324875e-03
5.334849e-03
5.344832e-03
5.354824e-03
5.364826e-03
5.374837e-03
5.384857e-03
5.394887e-03
5.404926e-03
5.414975e-03
5.425032e-03
5.435099e-03
5.445176e-03
5.455261e-03
5.465356e-03
5.475461e-03
5.485575e-03
5.495698e-03
5.505830e-03
5.515972e-03
5.526123e-03
5.536283e-03
5.546453e-03
5.556632e-03
5.566820e-03
5.577018e-03
5.587225e-03
5.597441e-03
5.607667e-03
5.617902e-03
5.628146e-03
5.638400e-03
5.648663e-03
5.658935e-03
5.669217e-03
5.679508e-03
5.689808e-03
5.700118e-03
5.710437e-03
5.720765e-03
5.731103e-03
5.741450e-03
5.751806e-03
5.762172e-03
5.772547e-03
5.782931e-03
5.793325e-03
5.803727e-03
5.814140e-03
5.824561e-03
5.834992e-03
5.845433e-03
5.855882e-03
5.866341e-03
5.876809e-03
5.887287e-03
5.897774e-03
5.908270e-03
5.918776e-03
5.929291e-03
5.939815e-03
5.950349e-03
5.960892e-03
5.971444e-03
5.982005e-03
5.992576e-03
6.003157e-03
6.013746e-03
6.024345e-03
6.034953e-03
6.045571e-03
6.056198e-03
6.066834e-03
6.077480e-03
6.088135e-03
6.098799e-03
6.109472e-03
6.120155e-03
6.130847e-03
6.141549e-03
6.152260e-03
6.162980e-03
6.173710e-03
6.184448e-03
6.195197e-03
6.205954e-03
6.216721e-03
6.227497e-03
6.238283e-03
6.249078e-03
6.259882e-03
6.270695e-03
6.281518e-03
6.292350e-03
6.303192e-03
6.314043e-03
6.324903e-03
6.335772e-03
6.346651e-03
6.357539e-03
6.368437e-03
6.379344e-03
6.390260e-03
6.401185e-03
6.412120e-03
6.423064e-03
6.434018e-03
6.444981e-03
6.455953e-03
6.466934e-03
6.477925e-03
6.488925e-03
6.499935e-03
6.510953e-03
6.521982e-03
6.533019e-03
6.544066e-03
6.555122e-03
6.566187e-03
6.577262e-03
6.588346e-03
6.599440e-03
6.610543e-03
6.621655e-03
6.632776e-03
6.643907e-03
6.655047e-03
6.666196e-03
6.677355e-03
6.688523e-03
6.699701e-03
6.710887e-03
6.722084e-03
6.733289e-03
6.744504e-03
6.755728e-03
6.766961e-03
6.778204e-03
6.789456e-03
6.800717e-03
6.811988e-03
6.823268e-03
6.834558e-03
6.845856e-03
6.857164e-03
6.868482e-03
6.879808e-03
6.891144e-03
6.902490e-03
6.913845e-03
6.925209e-03
6.936582e-03
6.947965e-03
6.959357e-03
6.970758e-03
6.982169e-03
6.993589e-03
7.005018e-03
7.016457e-03
7.027905e-03
7.039362e-03
7.050829e-03
7.062305e-03
7.073790e-03
7.085285e-03
7.096789e-03
7.108302e-03
7.119825e-03
7.131357e-03
7.142898e-03
7.154449e-03
7.166009e-03
7.177578e-03
7.189157e-03
7.200745e-03
7.212342e-03
7.223949e-03
7.235565e-03
7.247190e-03
7.258825e-03
7.270469e-03
7.282122e-03
7.293785e-03
7.305456e-03
7.317138e-03
7.328828e-03
7.340528e-03
7.352238e-03
7.363956e-03
7.375684e-03
7.387421e-03
7.399168e-03
7.410924e-03
7.422689e-03
7.434464e-03
7.446248e-03
7.458041e-03
7.469844e-03
7.481656e-03
7.493477e-03
7.505307e-03
7.517147e-03
7.528997e-03
7.540855e-03
7.552723e-03
7.564600e-03
7.576487e-03
7.588383e-03
7.600288e-03
7.612203e-03
7.624126e-03
7.636060e-03
7.648002e-03
7.659954e-03
7.671915e-03
7.683886e-03
7.695866e-03
7.707855e-03
7.719853e-03
7.731861e-03
7.743878e-03
7.755905e-03
7.767941e-03
7.779986e-03
7.792041e-03
7.804104e-03
7.816178e-03
7.828260e-03
7.840352e-03
7.852453e-03
7.864564e-03
7.876684e-03
7.888813e-03
7.900951e-03
7.913099e-03
7.925256e-03
7.937423e-03
7.949598e-03
7.961784e-03
7.973978e-03
7.986182e-03
7.998395e-03
8.010618e-03
8.022849e-03
8.035091e-03
8.047341e-03
8.059601e-03
8.071870e-03
8.084148e-03
8.096436e-03
8.108733e-03
8.121040e-03
8.133356e-03
8.145681e-03
8.158015e-03
8.170359e-03
8.182712e-03
8.195074e-03
8.207446e-03
8.219827e-03
8.232218e-03
8.244618e-03
8.257027e-03
8.269445e-03
8.281873e-03
8.294310e-03
8.306756e-03
8.319212e-03
8.331677e-03
8.344152e-03
8.356635e-03
8.369128e-03
8.381631e-03
8.394142e-03
8.406664e-03
8.419194e-03
8.431734e-03
8.444283e-03
8.456841e-03
8.469409e-03
8.481986e-03
8.494572e-03
8.507168e-03
8.519773e-03
8.532387e-03
8.545011e-03
8.557644e-03
8.570286e-03
8.582938e-03
8.595599e-03
8.608270e-03
8.620949e-03
8.633638e-03
8.646337e-03
8.659044e-03
8.671761e-03
8.684488e-03
8.697223e-03
8.709968e-03
8.722723e-03
8.735486e-03
8.748259e-03
8.761042e-03
8.773833e-03
8.786634e-03
8.799445e-03
8.812264e-03
8.825093e-03
8.837932e-03
8.850779e-03
8.863636e-03
8.876502e-03
8.889378e-03
8.902263e-03
8.915157e-03
8.928061e-03
8.940974e-03
8.953896e-03
8.966828e-03
8.979769e-03
8.992719e-03
9.005679e-03
9.018648e-03
9.031626e-03
9.044614e-03
9.057611e-03
9.070617e-03
9.083632e-03
9.096657e-03
9.109692e-03
9.122735e-03
9.135788e-03
9.148850e-03
9.161922e-03
9.175003e-03
9.188093e-03
9.201193e-03
9.214302e-03
9.227420e-03
9.240547e-03
9.253684e-03
9.266831e-03
9.279986e-03
9.293151e-03
9.306325e-03
9.319509e-03
9.332702e-03
9.345904e-03
9.359115e-03
9.372336e-03
9.385566e-03
9.398806e-03
9.412055e-03
9.425313e-03
9.438581e-03
9.451857e-03
9.465144e-03
9.478439e-03
9.491744e-03
9.505058e-03
9.518382e-03
9.531715e-03
9.545057e-03
9.558408e-03
9.571769e-03
9.585139e-03
9.598519e-03
9.611908e-03
9.625306e-03
9.638713e-03
9.652130e-03
9.665556e-03
9.678992e-03
9.692437e-03
9.705891e-03
9.719354e-03
9.732827e-03
9.746309e-03
9.759801e-03
9.773301e-03
9.786812e-03
9.800331e-03
9.813860e-03
9.827398e-03
9.840945e-03
9.854502e-03
9.868068e-03
9.881644e-03
9.895229e-03
9.908823e-03
9.922426e-03
9.936039e-03
9.949661e-03
9.963292e-03
9.976933e-03
9.990583e-03
1.000424e-02
1.001791e-02
1.003159e-02
1.004528e-02
1.005897e-02
1.007268e-02
1.008640e-02
1.010012e-02
1.011385e-02
1.012760e-02
1.014135e-02
1.015511e-02
1.016888e-02
1.018266e-02
1.019645e-02
1.021025e-02
1.022406e-02
1.023788e-02
1.025171e-02
1.026554e-02
1.027939e-02
1.029325e-02
1.030711e-02
1.032098e-02
1.033487e-02
1.034876e-02
1.036266e-02
1.037657e-02
1.039050e-02
1.040443e-02
1.041836e-02
1.043231e-02
1.044627e-02
1.046024e-02
1.047422e-02
1.048820e-02
1.050220e-02
1.051620e-02
1.053022e-02
1.054424e-02
1.055827e-02
1.057231e-02
1.058636e-02
1.060043e-02
1.061450e-02
1.062857e-02
1.064266e-02
1.065610e-02
1.066948e-02
1.068282e-02
1.069612e-02
1.070936e-02
1.072256e-02
1.073572e-02
1.074883e-02
1.076189e-02
1.077490e-02
1.078787e-02
1.080079e-02
1.081367e-02
1.082649e-02
1.083928e-02
1.085201e-02
1.086470e-02
1.087734e-02
1.088994e-02
1.090249e-02
1.091499e-02
1.092745e-02
1.093986e-02
1.095222e-02
1.096453e-02
1.097680e-02
1.098903e-02
1.100121e-02
1.101334e-02
1.102542e-02
1.103746e-02
1.104945e-02
1.106139e-02
1.107329e-02
1.108514e-02
1.109695e-02
1.110870e-02
1.112042e-02
1.113208e-02
1.114370e-02
1.115527e-02
1.116680e-02
1.117828e-02
1.118971e-02
1.120109e-02
1.121243e-02
1.122373e-02
1.123497e-02
1.124617e-02
1.125733e-02
1.126843e-02
1.127949e-02
1.129051e-02
1.130147e-02
1.131239e-02
1.132327e-02
1.133409e-02
1.134488e-02
1.135561e-02
1.136630e-02
1.137694e-02
1.138753e-02
1.139808e-02
1.140858e-02
1.141904e-02
1.142945e-02
1.143981e-02
1.145013e-02
1.146040e-02
1.147062e-02
1.148079e-02
1.149092e-02
1.150101e-02
1.151104e-02
1.152103e-02
1.153098e-02
1.154087e-02
1.155072e-02
1.156053e-02
1.157029e-02
1.158000e-02
1.158966e-02
1.159928e-02
1.160885e-02
1.161837e-02
1.162785e-02
1.163728e-02
1.164667e-02
1.165601e-02
1.166530e-02
1.167455e-02
1.168374e-02
1.169290e-02
1.170200e-02
1.171106e-02
1.172008e-02
1.172904e-02
1.173796e-02
1.174683e-02
1.175566e-02
1.176444e-02
1.177318e-02
1.178186e-02
1.179050e-02
1.179910e-02
1.180764e-02
1.181615e-02
1.182460e-02
1.183301e-02
1.184137e-02
1.184968e-02
1.185795e-02
1.186617e-02
1.187435e-02
1.188248e-02
1.189056e-02
1.189860e-02
1.190659e-02
1.191453e-02
1.192242e-02
1.193027e-02
1.193808e-02
1.194583e-02
1.195354e-02
1.196121e-02
1.196882e-02
1.197639e-02
1.198392e-02
1.199140e-02
1.199883e-02
1.200621e-02
1.201355e-02
1.202084e-02
1.202809e-02
1.203528e-02
1.204243e-02
1.204954e-02
1.205660e-02
1.206361e-02
1.207058e-02
1.207750e-02
1.208437e-02
1.209119e-02
1.209797e-02
1.210471e-02
1.211139e-02
1.211803e-02
1.212463e-02
1.213117e-02
1.213767e-02
1.214413e-02
1.215053e-02
1.215689e-02
1.216321e-02
1.216948e-02
1.217570e-02
1.218187e-02
1.218800e-02
1.219408e-02
1.220012e-02
1.220610e-02
1.221205e-02
1.221794e-02
1.222379e-02
1.222959e-02
1.223535e-02
1.224106e-02
1.224672e-02
1.225234e-02
1.225791e-02
1.226343e-02
1.226891e-02
1.227434e-02
1.227972e-02
1.228506e-02
1.229035e-02
1.229559e-02
1.230079e-02
1.230594e-02
1.231104e-02
1.231610e-02
1.232111e-02
1.232608e-02
1.233099e-02
1.233587e-02
1.234069e-02
1.234547e-02
1.235020e-02
1.235489e-02
1.235953e-02
1.236412e-02
1.236866e-02
1.237316e-02
1.237762e-02
1.238202e-02
1.238638e-02
1.239070e-02
1.239496e-02
1.239918e-02
1.240336e-02
1.240748e-02
1.241157e-02
1.241560e-02
1.241959e-02
1.242353e-02
1.242742e-02
1.243127e-02
1.243507e-02
1.243883e-02
1.244254e-02
1.244620e-02
1.244981e-02
1.245338e-02
1.245690e-02
1.246038e-02
1.246381e-02
1.246719e-02
1.247053e-02
1.247382e-02
1.247706e-02
1.248026e-02
1.248341e-02
1.248651e-02
1.248957e-02
1.249258e-02
1.249554e-02
1.249846e-02
1.250133e-02
1.250415e-02
1.250693e-02
1.250966e-02
1.251235e-02
1.251499e-02
1.251758e-02
1.252012e-02
1.252262e-02
1.252507e-02
1.252748e-02
1.252984e-02
1.253215e-02
1.253442e-02
1.253664e-02
1.253881e-02
1.254094e-02
1.254302e-02
1.254505e-02
1.254704e-02
1.254898e-02
1.255087e-02
1.255272e-02
1.255452e-02
1.255627e-02
1.255798e-02
1.255964e-02
1.256126e-02
1.256282e-02
1.256434e-02
1.256582e-02
1.256725e-02
1.256863e-02
1.256997e-02
1.257125e-02
1.257250e-02
1.257369e-02
1.257484e-02
1.257594e-02
1.257700e-02
1.257801e-02
1.257897e-02
1.257989e-02
1.258076e-02
1.258158e-02
1.258236e-02
1.258309e-02
1.258377e-02
1.258441e-02
1.258500e-02
1.258555e-02
1.258605e-02
1.258650e-02
1.258690e-02
1.258726e-02
1.258757e-02
1.258784e-02
1.258805e-02
1.258823e-02
1.258835e-02
1.258843e-02
1.258846e-02
1.258845e-02
1.258839e-02
1.258828e-02
1.258813e-02
1.258793e-02
1.258768e-02
1.258739e-02
1.258705e-02
1.258666e-02
1.258623e-02
1.258575e-02
1.258545e-02
1.258545e-02
1.258545e-02
1.258545e-02
1.258545e-02
1.258545e-02
1.258545e-02
1.258545e-02
1.258545e-02
1.258545e-02
1.258545e-02
1.258545e-02
1.258545e-02
1.258545e-02
1.258545e-02
1.258545e-02
1.258545e-02
1.258545e-02
1.258545e-02
1.258545e-02
1.258545e-02
1.258545e-02
1.258545e-02
1.258545e-02
1.258545e-02
1.258545e-02
1.258545e-02
1.258545e-02
1.258545e-02
1.258545e-02
1.258545e-02
1.258545e-02
1.258545e-02
1.258545e-02
1.258545e-02
1.258545e-02
1.258545e-02
1.258545e-02
1.258545e-02
1.258545e-02
1.258545e-02
1.258545e-02
1.258545e-02
1.258545e-02
1.258545e-02
1.258545e-02
1.258545e-02
1.258545e-02
1.258545e-02
1.258545e-02
1.258545e-02
1.258545e-02
1.258545e-02
1.258545e-02
1.258545e-02
1.258545e-02
1.258545e-02
1.258545e-02
1.258545e-02
1.258545e-02
1.258545e-02
1.258545e-02
1.258545e-02
1.258545e-02
1.258545e-02
1.258545e-02
1.258545e-02
1.258545e-02
1.258545e-02
1.258545e-02
1.258545e-02
1.258545e-02
1.258545e-02
1.258545e-02
1.258545e-02
1.258545e-02
1.258545e-02
1.258545e-02
1.258545e-02
1.258545e-02
1.258545e-02
1.258545e-02
1.258545e-02
1.258545e-02
1.258545e-02
1.258545e-02
1.258545e-02
1.258545e-02
1.258545e-02
1.258545e-02
1.258545e-02
1.258545e-02
1.258545e-02
1.258545e-02
1.258545e-02
1.258545e-02
1.258545e-02
1.258545e-02
1.258545e-02
1.258545e-02
1.258545e-02
1.258545e-02
1.258545e-02
1.258545e-02
1.258545e-02
1.258545e-02
1.258545e-02
1.258545e-02
1.258545e-02
1.258545e-02
1.258545e-02
1.258545e-02
1.258545e-02
1.258545e-02
1.258545e-02
1.258545e-02
1.258545e-02
1.258545e-02
1.258545e-02
1.258545e-02
1.258545e-02
1.258545e-02
1.258545e-02
1.258545e-02
1.258545e-02
1.258545e-02
1.258545e-02
1.258545e-02
1.258545e-02
1.258545e-02
1.258545e-02
1.258545e-02
1.258545e-02
1.258545e-02
1.258545e-02
1.258545e-02
1.258545e-02
1.258545e-02
1.258545e-02
1.258545e-02
1.258545e-02
1.258545e-02
1.258545e-02
1.258545e-02
1.258545e-02
1.258545e-02
1.258545e-02
1.258545e-02
1.258545e-02
1.258545e-02
1.258545e-02
1.258545e-02
1.258545e-02
1.258545e-02
1.258545e-02
1.258545e-02
1.258545e-02
1.258545e-02
1.258545e-02
1.258545e-02
1.258545e-02
1.258545e-02
1.258545e-02
1.258545e-02
1.258545e-02
1.258545e-02
1.258545e-02
1.258545e-02
1.258545e-02
1.258545e-02
1.258545e-02
1.258545e-02
1.258545e-02
1.258545e-02
1.258545e-02
1.258545e-02
1.258545e-02
1.258545e-02
1.258545e-02
1.258545e-02
1.258545e-02
1.258545e-02
1.258545e-02
1.258545e-02
1.258545e-02
1.258545e-02
1.258545e-02
1.258545e-02
1.258545e-02
1.258545e-02
1.258545e-02
1.258545e-02
1.258545e-02
1.258545e-02
1.258545e-02
1.258545e-02
1.258545e-02
1.258545e-02
1.258545e-02
1.258545e-02
1.258545e-02
