0.000000e+00
1.110371e-07
2.264980e-07
3.463826e-07
4.706911e-07
5.994233e-07
7.325793e-07
8.701592e-07
1.012163e-06
1.158590e-06
1.309441e-06
1.464716e-06
1.624415e-06
1.788538e-06
1.957084e-06
2.130054e-06
2.307448e-06
2.489266e-06
2.675507e-06
2.866172e-06
3.061262e-06
3.260774e-06
3.464711e-06
3.673071e-06
3.885856e-06
4.103064e-06
4.324695e-06
4.550751e-06
4.781230e-06
5.016134e-06
5.255461e-06
5.499211e-06
5.747386e-06
5.999984e-06
6.257006e-06
6.518452e-06
6.784322e-06
7.054615e-06
7.329332e-06
7.608474e-06
7.892038e-06
8.180027e-06
8.472439e-06
8.769276e-06
9.070536e-06
9.376219e-06
9.686327e-06
1.000086e-05
1.031981e-05
1.064319e-05
1.097099e-05
1.130322e-05
1.163987e-05
1.198095e-05
1.232644e-05
1.267637e-05
1.303071e-05
1.338948e-05
1.375267e-05
1.412029e-05
1.449233e-05
1.486879e-05
1.524968e-05
1.563499e-05
1.602473e-05
1.641889e-05
1.681747e-05
1.722048e-05
1.762791e-05
1.803977e-05
1.845604e-05
1.887675e-05
1.930187e-05
1.973142e-05
2.016540e-05
2.060379e-05
2.104662e-05
2.149386e-05
2.194553e-05
2.240162e-05
2.286214e-05
2.332708e-05
2.379644e-05
2.427023e-05
2.474844e-05
2.523108e-05
2.571814e-05
2.620962e-05
2.670553e-05
2.720586e-05
2.771061e-05
2.821979e-05
2.873339e-05
2.925142e-05
2.977386e-05
3.030074e-05
3.083203e-05
3.136776e-05
3.190790e-05
3.245247e-05
3.300146e-05
3.355488e-05
3.411272e-05
3.467498e-05
3.524167e-05
3.581278e-05
3.638831e-05
3.696827e-05
3.755265e-05
3.814146e-05
3.873469e-05
3.933234e-05
3.993442e-05
4.054092e-05
4.115185e-05
4.176720e-05
4.238697e-05
4.301117e-05
4.363979e-05
4.427283e-05
4.491030e-05
4.555219e-05
4.619851e-05
4.684925e-05
4.750441e-05
4.816400e-05
4.882801e-05
4.949644e-05
5.016930e-05
5.084658e-05
5.152829e-05
5.221442e-05
5.290497e-05
5.359995e-05
5.429935e-05
5.500317e-05
5.571142e-05
5.642409e-05
5.714119e-05
5.786271e-05
5.858865e-05
5.931902e-05
6.005381e-05
6.079303e-05
6.153666e-05
6.228473e-05
6.303721e-05
6.379412e-05
6.455546e-05
6.532122e-05
6.609140e-05
6.686600e-05
6.764503e-05
6.842848e-05
6.921636e-05
7.000866e-05
7.080539e-05
7.160653e-05
7.241211e-05
7.322210e-05
7.403652e-05
7.485536e-05
7.567863e-05
7.650632e-05
7.733844e-05
7.817497e-05
7.901594e-05
7.986132e-05
8.071113e-05
8.156537e-05
8.242402e-05
8.328710e-05
8.415461e-05
8.502654e-05
8.590289e-05
8.678367e-05
8.766887e-05
8.855849e-05
8.945254e-05
9.035101e-05
9.125391e-05
9.216122e-05
9.307297e-05
9.398913e-05
9.490972e-05
9.583474e-05
9.676418e-05
9.769804e-05
9.863632e-05
9.957903e-05
1.005262e-04
1.014777e-04
1.024337e-04
1.033941e-04
1.043589e-04
1.053282e-04
1.063019e-04
1.072800e-04
1.082625e-04
1.092494e-04
1.102408e-04
1.112366e-04
1.122368e-04
1.132415e-04
1.142505e-04
1.152640e-04
1.162819e-04
1.173043e-04
1.183310e-04
1.193622e-04
1.203978e-04
1.214379e-04
1.224823e-04
1.235312e-04
1.245845e-04
1.256422e-04
1.267044e-04
1.277710e-04
1.288419e-04
1.299174e-04
1.309972e-04
1.320815e-04
1.331702e-04
1.342633e-04
1.353608e-04
1.364628e-04
1.375692e-04
1.386800e-04
1.397952e-04
1.409149e-04
1.420390e-04
1.431675e-04
1.443004e-04
1.454378e-04
1.465796e-04
1.477258e-04
1.488764e-04
1.500315e-04
1.511909e-04
1.523548e-04
1.535231e-04
1.546959e-04
1.558731e-04
1.570547e-04
1.582407e-04
1.594311e-04
1.606260e-04
1.618253e-04
1.630290e-04
1.642371e-04
1.654497e-04
1.666667e-04
1.678881e-04
1.691139e-04
1.703442e-04
1.715788e-04
1.728179e-04
1.740615e-04
1.753094e-04
1.765618e-04
1.778186e-04
1.790798e-04
1.803455e-04
1.816155e-04
1.828900e-04
1.841689e-04
1.854523e-04
1.867400e-04
1.880322e-04
1.893288e-04
1.906299e-04
1.919353e-04
1.932452e-04
1.945595e-04
1.958783e-04
1.972014e-04
1.985290e-04
1.998610e-04
2.011974e-04
2.025383e-04
2.038836e-04
2.052333e-04
2.065874e-04
2.079459e-04
2.093089e-04
2.106763e-04
2.120481e-04
2.134243e-04
2.148050e-04
2.161901e-04
2.175796e-04
2.189735e-04
2.203719e-04
2.217747e-04
2.231819e-04
2.245935e-04
2.260096e-04
2.274301e-04
2.288550e-04
2.302843e-04
2.317180e-04
2.331562e-04
2.345988e-04
2.360458e-04
2.374973e-04
2.389531e-04
2.404134e-04
2.418781e-04
2.433473e-04
2.448208e-04
2.462988e-04
2.477812e-04
2.492681e-04
2.507593e-04
2.522550e-04
2.537551e-04
2.552597e-04
2.567686e-04
2.582820e-04
2.597998e-04
2.613220e-04
2.628487e-04
2.643797e-04
2.659152e-04
2.674552e-04
2.689995e-04
2.705483e-04
2.721015e-04
2.736591e-04
2.752211e-04
2.767876e-04
2.783585e-04
2.799338e-04
2.815135e-04
2.830977e-04
2.846863e-04
2.862793e-04
2.878767e-04
2.894786e-04
2.910848e-04
2.926955e-04
2.943107e-04
2.959302e-04
2.975542e-04
2.991826e-04
3.008154e-04
3.024526e-04
3.040943e-04
3.057404e-04
3.073909e-04
3.090459e-04
3.107052e-04
3.123690e-04
3.140372e-04
3.157098e-04
3.173869e-04
3.190684e-04
3.207543e-04
3.224446e-04
3.241394e-04
3.258386e-04
3.275422e-04
3.292502e-04
3.309626e-04
3.326795e-04
3.344008e-04
3.361265e-04
3.378567e-04
3.395912e-04
3.413302e-04
3.430736e-04
3.448215e-04
3.465737e-04
3.483304e-04
3.500915e-04
3.518571e-04
3.536270e-04
3.554014e-04
3.571802e-04
3.589634e-04
3.607511e-04
3.625432e-04
3.643397e-04
3.661406e-04
3.679459e-04
3.697557e-04
3.715699e-04
3.733885e-04
3.752116e-04
3.770390e-04
3.788709e-04
3.807072e-04
3.825480e-04
3.843931e-04
3.862427e-04
3.880967e-04
3.899552e-04
3.918180e-04
3.936853e-04
3.955570e-04
3.974331e-04
3.993137e-04
4.011987e-04
4.030881e-04
4.049819e-04
4.068801e-04
4.087828e-04
4.106899e-04
4.126014e-04
4.145174e-04
4.164377e-04
4.183625e-04
4.202917e-04
4.222254e-04
4.241634e-04
4.261059e-04
4.280528e-04
4.300042e-04
4.319599e-04
4.339201e-04
4.358847e-04
4.378537e-04
4.398272e-04
4.418051e-04
4.437874e-04
4.457741e-04
4.477652e-04
4.497608e-04
4.517608e-04
4.537652e-04
4.557741e-04
4.577873e-04
4.598050e-04
4.618271e-04
4.638537e-04
4.658846e-04
4.679200e-04
4.699598e-04
4.720041e-04
4.740527e-04
4.761058e-04
4.781633e-04
4.802252e-04
4.822916e-04
4.843624e-04
4.864375e-04
4.885172e-04
4.906012e-04
4.926897e-04
4.947826e-04
4.968799e-04
4.989816e-04
5.010878e-04
5.031984e-04
5.053134e-04
5.074328e-04
5.095567e-04
5.116850e-04
5.138177e-04
5.159548e-04
5.180964e-04
5.202424e-04
5.223928e-04
5.245476e-04
5.267069e-04
5.288705e-04
5.310386e-04
5.332111e-04
5.353881e-04
5.375695e-04
5.397553e-04
5.419455e-04
5.441401e-04
5.463392e-04
5.485427e-04
5.507506e-04
5.529629e-04
5.551797e-04
5.574009e-04
5.596265e-04
5.618565e-04
5.640910e-04
5.663298e-04
5.685731e-04
5.708209e-04
5.730730e-04
5.753296e-04
5.775906e-04
5.798560e-04
5.821259e-04
5.844001e-04
5.866788e-04
5.889619e-04
5.912495e-04
5.935414e-04
5.958378e-04
5.981386e-04
6.004439e-04
6.027535e-04
6.050676e-04
6.073861e-04
6.097091e-04
6.120364e-04
6.143682e-04
6.167044e-04
6.190450e-04
6.213901e-04
6.237396e-04
6.260934e-04
6.284518e-04
6.308145e-04
6.331817e-04
6.355533e-04
6.379293e-04
6.403097e-04
6.426946e-04
6.450839e-04
6.474776e-04
6.498757e-04
6.522783e-04
6.546853e-04
6.570967e-04
6.595125e-04
6.619328e-04
6.643574e-04
6.667866e-04
6.692201e-04
6.716580e-04
6.741004e-04
6.765472e-04
6.789984e-04
6.814541e-04
6.839141e-04
6.863786e-04
6.888475e-04
6.913209e-04
6.937986e-04
6.962808e-04
6.987674e-04
7.012585e-04
7.037539e-04
7.062538e-04
7.087581e-04
7.112669e-04
7.137800e-04
7.162976e-04
7.188196e-04
7.213460e-04
7.238769e-04
7.264121e-04
7.289518e-04
7.314960e-04
7.340445e-04
7.365975e-04
7.391549e-04
7.417167e-04
7.442829e-04
7.468536e-04
7.494287e-04
7.520082e-04
7.545921e-04
7.571805e-04
7.597733e-04
7.623705e-04
7.649721e-04
7.675781e-04
7.701886e-04
7.728035e-04
7.754228e-04
7.780466e-04
7.806748e-04
7.833074e-04
7.859444e-04
7.885858e-04
7.912317e-04
7.938820e-04
7.965367e-04
7.991958e-04
8.018594e-04
8.045274e-04
8.071998e-04
8.098766e-04
8.125579e-04
8.152436e-04
8.179337e-04
8.206282e-04
8.233272e-04
8.260305e-04
8.287383e-04
8.314506e-04
8.341672e-04
8.368883e-04
8.396138e-04
8.423437e-04
8.450780e-04
8.478168e-04
8.505600e-04
8.533076e-04
8.560597e-04
8.588161e-04
8.615770e-04
8.643423e-04
8.671121e-04
8.698862e-04
8.726648e-04
8.754478e-04
8.782352e-04
8.810271e-04
8.838234e-04
8.866241e-04
8.894292e-04
8.922387e-04
8.950527e-04
8.978711e-04
9.006939e-04
9.035212e-04
9.063528e-04
9.091889e-04
9.120294e-04
9.148744e-04
9.177237e-04
9.205775e-04
9.234357e-04
9.262984e-04
9.291654e-04
9.320369e-04
9.349128e-04
9.377931e-04
9.406779e-04
9.435671e-04
9.464607e-04
9.493587e-04
9.522611e-04
9.551680e-04
9.580793e-04
9.609950e-04
9.639152e-04
9.668397e-04
9.697687e-04
9.727021e-04
9.756400e-04
9.785822e-04
9.815289e-04
9.844800e-04
9.874356e-04
9.903955e-04
9.933599e-04
9.963287e-04
9.993019e-04
1.002280e-03
1.005262e-03
1.008248e-03
1.011239e-03
1.014234e-03
1.017234e-03
1.020238e-03
1.023247e-03
1.026260e-03
1.029278e-03
1.032299e-03
1.035326e-03
1.038356e-03
1.041392e-03
1.044431e-03
1.047475e-03
1.050524e-03
1.053577e-03
1.056634e-03
1.059695e-03
1.062762e-03
1.065832e-03
1.068907e-03
1.071987e-03
1.075070e-03
1.078159e-03
1.081251e-03
1.084348e-03
1.087450e-03
1.090556e-03
1.093666e-03
1.096781e-03
1.099900e-03
1.103024e-03
1.106152e-03
1.109284e-03
1.112421e-03
1.115563e-03
1.118708e-03
1.121859e-03
1.125013e-03
1.128172e-03
1.131336e-03
1.134504e-03
1.137676e-03
1.140853e-03
1.144034e-03
1.147219e-03
1.150409e-03
1.153604e-03
1.156803e-03
1.160006e-03
1.163213e-03
1.166426e-03
1.169642e-03
1.172863e-03
1.176088e-03
1.179318e-03
1.182552e-03
1.185791e-03
1.189034e-03
1.192282e-03
1.195534e-03
1.198790e-03
1.202051e-03
1.205316e-03
1.208586e-03
1.211860e-03
1.215138e-03
1.218421e-03
1.221708e-03
1.225000e-03
1.228296e-03
1.231597e-03
1.234902e-03
1.238211e-03
1.241525e-03
1.244843e-03
1.248166e-03
1.251493e-03
1.254825e-03
1.258161e-03
1.261501e-03
1.264846e-03
1.268195e-03
1.271549e-03
1.274907e-03
1.278270e-03
1.281637e-03
1.285008e-03
1.288384e-03
1.291764e-03
1.295149e-03
1.298538e-03
1.301931e-03
1.305329e-03
1.308731e-03
1.312138e-03
1.315549e-03
1.318965e-03
1.322385e-03
1.325809e-03
1.329238e-03
1.332672e-03
1.336109e-03
1.339551e-03
1.342998e-03
1.346449e-03
1.349904e-03
1.353364e-03
1.356829e-03
1.360297e-03
1.363770e-03
1.367248e-03
1.370730e-03
1.374216e-03
1.377707e-03
1.381202e-03
1.384702e-03
1.388206e-03
1.391715e-03
1.395227e-03
1.398745e-03
1.402267e-03
1.405793e-03
1.409323e-03
1.412858e-03
1.416398e-03
1.419942e-03
1.423490e-03
1.427043e-03
1.430600e-03
1.434162e-03
1.437728e-03
1.441298e-03
1.444873e-03
1.448452e-03
1.452036e-03
1.455624e-03
1.459217e-03
1.462814e-03
1.466415e-03
1.470021e-03
1.473631e-03
1.477246e-03
1.480865e-03
1.484488e-03
1.488116e-03
1.491749e-03
1.495386e-03
1.499027e-03
1.502672e-03
1.506322e-03
1.509977e-03
1.513636e-03
1.517299e-03
1.520967e-03
1.524639e-03
1.528316e-03
1.531997e-03
1.535682e-03
1.539372e-03
1.543066e-03
1.546765e-03
1.550468e-03
1.554176e-03
1.557888e-03
1.561604e-03
1.565325e-03
1.569050e-03
1.572780e-03
1.576514e-03
1.580253e-03
1.583996e-03
1.587743e-03
1.591495e-03
1.595251e-03
1.599012e-03
1.602777e-03
1.606546e-03
1.610320e-03
1.614099e-03
1.617882e-03
1.621669e-03
1.625460e-03
1.629256e-03
1.633057e-03
1.636862e-03
1.640671e-03
1.644485e-03
1.648303e-03
1.652126e-03
1.655953e-03
1.659784e-03
1.663620e-03
1.667460e-03
1.671305e-03
1.675154e-03
1.679008e-03
1.682866e-03
1.686728e-03
1.690595e-03
1.694466e-03
1.698342e-03
1.702222e-03
1.706107e-03
1.709995e-03
1.713889e-03
1.717787e-03
1.721689e-03
1.725596e-03
1.729507e-03
1.733422e-03
1.737342e-03
1.741266e-03
1.745195e-03
1.749128e-03
1.753066e-03
1.757008e-03
1.760954e-03
1.764905e-03
1.768861e-03
1.772820e-03
1.776784e-03
1.780753e-03
1.784726e-03
1.788704e-03
1.792685e-03
1.796672e-03
1.800662e-03
1.804657e-03
1.808657e-03
1.812661e-03
1.816669e-03
1.820682e-03
1.824699e-03
1.828721e-03
1.832747e-03
1.836778e-03
1.840813e-03
1.844852e-03
1.848896e-03
1.852944e-03
1.856997e-03
1.861054e-03
1.865115e-03
1.869181e-03
1.873251e-03
1.877326e-03
1.881405e-03
1.885489e-03
1.889577e-03
1.893669e-03
1.897766e-03
1.901868e-03
1.905973e-03
1.910083e-03
1.914198e-03
1.918317e-03
1.922440e-03
1.926568e-03
1.930700e-03
1.934837e-03
1.938978e-03
1.943124e-03
1.947274e-03
1.951428e-03
1.955587e-03
1.959750e-03
1.963918e-03
1.968090e-03
1.972266e-03
1.976447e-03
1.980633e-03
1.984822e-03
1.989017e-03
1.993215e-03
1.997418e-03
2.001626e-03
2.005838e-03
2.010054e-03
2.014275e-03
2.018500e-03
2.022729e-03
2.026963e-03
2.031202e-03
2.035445e-03
2.039692e-03
2.043944e-03
2.048200e-03
2.052460e-03
2.056725e-03
2.060995e-03
2.065269e-03
2.069547e-03
2.073829e-03
2.078117e-03
2.082408e-03
2.086704e-03
2.091004e-03
2.095309e-03
2.099618e-03
2.103932e-03
2.108250e-03
2.112573e-03
2.116899e-03
2.121231e-03
2.125567e-03
2.129907e-03
2.134251e-03
2.138600e-03
2.142954e-03
2.147312e-03
2.151674e-03
2.156041e-03
2.160412e-03
2.164787e-03
2.169167e-03
2.173552e-03
2.177941e-03
2.182334e-03
2.186732e-03
2.191134e-03
2.195540e-03
2.199951e-03
2.204367e-03
2.208786e-03
2.213211e-03
2.217639e-03
2.222072e-03
2.226510e-03
2.230952e-03
2.235398e-03
2.239849e-03
2.244304e-03
2.248764e-03
2.253228e-03
2.257696e-03
2.262169e-03
2.266646e-03
2.271128e-03
2.275614e-03
2.280105e-03
2.284600e-03
2.289099e-03
2.293603e-03
2.298112e-03
2.302624e-03
2.307141e-03
2.311663e-03
2.316189e-03
2.320719e-03
2.325254e-03
2.329793e-03
2.334337e-03
2.338885e-03
2.343438e-03
2.347995e-03
2.352556e-03
2.357122e-03
2.361692e-03
2.366267e-03
2.370846e-03
2.375429e-03
2.380017e-03
2.384609e-03
2.389206e-03
2.393807e-03
2.398413e-03
2.403023e-03
2.407637e-03
2.412256e-03
2.416880e-03
2.421507e-03
2.426140e-03
2.430776e-03
2.435417e-03
2.440063e-03
2.444712e-03
2.449367e-03
2.454025e-03
2.458688e-03
2.463356e-03
2.468028e-03
2.472704e-03
2.477385e-03
2.482070e-03
2.486760e-03
2.491454e-03
2.496153e-03
2.500856e-03
2.505563e-03
2.510275e-03
2.514991e-03
2.519712e-03
2.524437e-03
2.529166e-03
2.533900e-03
2.538638e-03
2.543381e-03
2.548128e-03
2.552880e-03
2.557636e-03
2.562396e-03
2.567161e-03
2.571930e-03
2.576704e-03
2.581482e-03
2.586265e-03
2.591052e-03
2.595843e-03
2.600639e-03
2.605439e-03
2.610244e-03
2.615053e-03
2.619867e-03
2.624684e-03
2.629507e-03
2.634334e-03
2.639165e-03
2.644001e-03
2.648841e-03
2.653685e-03
2.658534e-03
2.663387e-03
2.668245e-03
2.673107e-03
2.677974e-03
2.682845e-03
2.687720e-03
2.692600e-03
2.697485e-03
2.702373e-03
2.707266e-03
2.712164e-03
2.717066e-03
2.721972e-03
2.726883e-03
2.731799e-03
2.736718e-03
2.741642e-03
2.746571e-03
2.751504e-03
2.756441e-03
2.761383e-03
2.766329e-03
2.771280e-03
2.776235e-03
2.781195e-03
2.786158e-03
2.791127e-03
2.796100e-03
2.801077e-03
2.806058e-03
2.811045e-03
2.816035e-03
2.821030e-03
2.826029e-03
2.831033e-03
2.836041e-03
2.841054e-03
2.846071e-03
2.851092e-03
2.856118e-03
2.861148e-03
2.866183e-03
2.871222e-03
2.876266e-03
2.881314e-03
2.886366e-03
2.891423e-03
2.896484e-03
2.901550e-03
2.906620e-03
2.911695e-03
2.916774e-03
2.921857e-03
2.926945e-03
2.932037e-03
2.937134e-03
2.942235e-03
2.947340e-03
2.952450e-03
2.957564e-03
2.962683e-03
2.967806e-03
2.972934e-03
2.978066e-03
2.983202e-03
2.988343e-03
2.993489e-03
2.998638e-03
3.003793e-03
3.008951e-03
3.014114e-03
3.019282e-03
3.024453e-03
3.029630e-03
3.034810e-03
3.039995e-03
3.045185e-03
3.050379e-03
3.055577e-03
3.060780e-03
3.065987e-03
3.071199e-03
3.076415e-03
3.081636e-03
3.086861e-03
3.092090e-03
3.097324e-03
3.102562e-03
3.107805e-03
3.113052e-03
3.118303e-03
3.123559e-03
3.128819e-03
3.134084e-03
3.139353e-03
3.144627e-03
3.149905e-03
3.155187e-03
3.160474e-03
3.165766e-03
3.171061e-03
3.176361e-03
3.181666e-03
3.186975e-03
3.192288e-03
3.197606e-03
3.202928e-03
3.208255e-03
3.213586e-03
3.218922e-03
3.224262e-03
3.229606e-03
3.234955e-03
3.240308e-03
3.245666e-03
3.251028e-03
3.256394e-03
3.261765e-03
3.267141e-03
3.272520e-03
3.277905e-03
3.283293e-03
3.288686e-03
3.294084e-03
3.299486e-03
3.304892e-03
3.310303e-03
3.315718e-03
3.321137e-03
3.326561e-03
3.331990e-03
3.337423e-03
3.342860e-03
3.348302e-03
3.353748e-03
3.359198e-03
3.364653e-03
3.370113e-03
3.375577e-03
3.381045e-03
3.386517e-03
3.391995e-03
3.397476e-03
3.402962e-03
3.408452e-03
3.413947e-03
3.419446e-03
3.424950e-03
3.430458e-03
3.435971e-03
3.441487e-03
3.447009e-03
3.452535e-03
3.458065e-03
3.463599e-03
3.469138e-03
3.474682e-03
3.480230e-03
3.485782e-03
3.491339e-03
3.496900e-03
3.502465e-03
3.508035e-03
3.513610e-03
3.519189e-03
3.524772e-03
3.530360e-03
3.535952e-03
3.541548e-03
3.547149e-03
3.552755e-03
3.558364e-03
3.563979e-03
3.569597e-03
3.575220e-03
3.580848e-03
3.586480e-03
3.592116e-03
3.597757e-03
3.603402e-03
3.609052e-03
3.614706e-03
3.620364e-03
3.626027e-03
3.631694e-03
3.637366e-03
3.643042e-03
3.648723e-03
3.654408e-03
3.660097e-03
3.665791e-03
3.671489e-03
3.677192e-03
3.682899e-03
3.688611e-03
3.694327e-03
3.700047e-03
3.705772e-03
3.711501e-03
3.717235e-03
3.722973e-03
3.728716e-03
3.734463e-03
3.740214e-03
3.745970e-03
3.751730e-03
3.757495e-03
3.763264e-03
3.769037e-03
3.774815e-03
3.780597e-03
3.786384e-03
3.792175e-03
3.797971e-03
3.803771e-03
3.809575e-03
3.815384e-03
3.821198e-03
3.827015e-03
3.832837e-03
3.838664e-03
3.844495e-03
3.850330e-03
3.856170e-03
3.862015e-03
3.867863e-03
3.873716e-03
3.879574e-03
3.885436e-03
3.891302e-03
3.897173e-03
3.903048e-03
3.908928e-03
3.914812e-03
3.920700e-03
3.926593e-03
3.932491e-03
3.938393e-03
3.944299e-03
3.950209e-03
3.956124e-03
3.962044e-03
3.967968e-03
3.973896e-03
3.979829e-03
3.985766e-03
3.991708e-03
3.997654e-03
4.003604e-03
4.009559e-03
4.015518e-03
4.021482e-03
4.027450e-03
4.033423e-03
4.039400e-03
4.045381e-03
4.051367e-03
4.057357e-03
4.063352e-03
4.069351e-03
4.075354e-03
4.081362e-03
4.087375e-03
4.093391e-03
4.099413e-03
4.105438e-03
4.111468e-03
4.117503e-03
4.123542e-03
4.129585e-03
4.135633e-03
4.141685e-03
4.147742e-03
4.153803e-03
4.159868e-03
4.165938e-03
4.172012e-03
4.178091e-03
4.184174e-03
4.190262e-03
4.196354e-03
4.202450e-03
4.208551e-03
4.214656e-03
4.220766e-03
4.226880e-03
4.232999e-03
4.239122e-03
4.245249e-03
4.251381e-03
4.257517e-03
4.263658e-03
4.269803e-03
4.275952e-03
4.282106e-03
4.288265e-03
4.294427e-03
4.300595e-03
4.306766e-03
4.312942e-03
4.319123e-03
4.325308e-03
4.331497e-03
4.337691e-03
4.343889e-03
4.350092e-03
4.356299e-03
4.362510e-03
4.368726e-03
4.374946e-03
4.381171e-03
4.387400e-03
4.393634e-03
4.399872e-03
4.406114e-03
4.412361e-03
4.418612e-03
4.424868e-03
4.431128e-03
4.437392e-03
4.443661e-03
4.449935e-03
4.456212e-03
4.462495e-03
4.468781e-03
4.475072e-03
4.481368e-03
4.487668e-03
4.493972e-03
4.500281e-03
4.506594e-03
4.512912e-03
4.519234e-03
4.525560e-03
4.531891e-03
4.538226e-03
4.544566e-03
4.550910e-03
4.557259e-03
4.563612e-03
4.569969e-03
4.576331e-03
4.582697e-03
4.589068e-03
4.595443e-03
4.601823e-03
4.608207e-03
4.614595e-03
4.620988e-03
4.627385e-03
4.633787e-03
4.640193e-03
4.646603e-03
4.653018e-03
4.659438e-03
4.665862e-03
4.672290e-03
4.678722e-03
4.685159e-03
4.691601e-03
4.698047e-03
4.704497e-03
4.710952e-03
4.717411e-03
4.723875e-03
4.730343e-03
4.736815e-03
4.743292e-03
4.749773e-03
4.756259e-03
4.762749e-03
4.769244e-03
4.775743e-03
4.782246e-03
4.788754e-03
4.795266e-03
4.801783e-03
4.808304e-03
4.814830e-03
4.821359e-03
4.827894e-03
4.834433e-03
4.840976e-03
4.847524e-03
4.854076e-03
4.860632e-03
4.867193e-03
4.873758e-03
4.880328e-03
4.886902e-03
4.893481e-03
4.900064e-03
4.906651e-03
4.913243e-03
4.919840e-03
4.926440e-03
4.933046e-03
4.939655e-03
4.946269e-03
4.952888e-03
4.959510e-03
4.966138e-03
4.972769e-03
4.979405e-03
4.986046e-03
4.992691e-03
4.999340e-03
5.005994e-03
5.012652e-03
5.019315e-03
5.025982e-03
5.032654e-03
5.039330e-03
5.046010e-03
5.052695e-03
5.059384e-03
5.066078e-03
5.072776e-03
5.079478e-03
5.086185e-03
5.092896e-03
5.099612e-03
5.106332e-03
5.113057e-03
5.119786e-03
5.126519e-03
5.133257e-03
5.139335e-03
5.145390e-03
5.151424e-03
5.157435e-03
5.163424e-03
5.169392e-03
5.175337e-03
5.181260e-03
5.187161e-03
5.193040e-03
5.198897e-03
5.204732e-03
5.210545e-03
5.216336e-03
5.222104e-03
5.227851e-03
5.233575e-03
5.239278e-03
5.244958e-03
5.250617e-03
5.256253e-03
5.261868e-03
5.267460e-03
5.273030e-03
5.278578e-03
5.284104e-03
5.289608e-03
5.295090e-03
5.300550e-03
5.305988e-03
5.311403e-03
5.316797e-03
5.322169e-03
5.327518e-03
5.332846e-03
5.338151e-03
5.343435e-03
5.348696e-03
5.353935e-03
5.359152e-03
5.364348e-03
5.369521e-03
5.374672e-03
5.379801e-03
5.384907e-03
5.389992e-03
5.395055e-03
5.400096e-03
5.405114e-03
5.410111e-03
5.415086e-03
5.420038e-03
5.424969e-03
5.429877e-03
5.434763e-03
5.439627e-03
5.444470e-03
5.449290e-03
5.454088e-03
5.458864e-03
5.463618e-03
5.468350e-03
5.473059e-03
5.477747e-03
5.482413e-03
5.487057e-03
5.491678e-03
5.496278e-03
5.500855e-03
5.505410e-03
5.509944e-03
5.514455e-03
5.518944e-03
5.523411e-03
5.527857e-03
5.532280e-03
5.536681e-03
5.541059e-03
5.545416e-03
5.549751e-03
5.554064e-03
5.558355e-03
5.562623e-03
5.566870e-03
5.571094e-03
5.575297e-03
5.579477e-03
5.583635e-03
5.587772e-03
5.591886e-03
5.595978e-03
5.600048e-03
5.604096e-03
5.608122e-03
5.612126e-03
5.616108e-03
5.620067e-03
5.624005e-03
5.627921e-03
5.631814e-03
5.635686e-03
5.639535e-03
5.643363e-03
5.647168e-03
5.650952e-03
5.654713e-03
5.658452e-03
5.662169e-03
5.665864e-03
5.669537e-03
5.673188e-03
5.676817e-03
5.680424e-03
5.684008e-03
5.687571e-03
5.691112e-03
5.694630e-03
5.698127e-03
5.701601e-03
5.705054e-03
5.708484e-03
5.711892e-03
5.715279e-03
5.718643e-03
5.721985e-03
5.725305e-03
5.728603e-03
5.731879e-03
5.735133e-03
5.738364e-03
5.741574e-03
5.744762e-03
5.747927e-03
5.751071e-03
5.754192e-03
5.757292e-03
5.760369e-03
5.763424e-03
5.766458e-03
5.769469e-03
5.772458e-03
5.775425e-03
5.778370e-03
5.781293e-03
5.784194e-03
5.787073e-03
5.789929e-03
5.792764e-03
5.795577e-03
5.798367e-03
5.801136e-03
5.803882e-03
5.806607e-03
5.809309e-03
5.811989e-03
5.814648e-03
5.817284e-03
5.819898e-03
5.822490e-03
5.825060e-03
5.827608e-03
5.830134e-03
5.832638e-03
5.835119e-03
5.837579e-03
5.840017e-03
5.842432e-03
5.844826e-03
5.847197e-03
5.849547e-03
5.851874e-03
5.854179e-03
5.856462e-03
5.858723e-03
5.860963e-03
5.863180e-03
5.865375e-03
5.867547e-03
5.869698e-03
5.871827e-03
5.873934e-03
5.876018e-03
5.878081e-03
5.880122e-03
5.882140e-03
5.884136e-03
5.886111e-03
5.888063e-03
5.889993e-03
5.891902e-03
5.893788e-03
5.895652e-03
5.897494e-03
5.899314e-03
5.901112e-03
5.902887e-03
5.904641e-03
5.906373e-03
5.908082e-03
5.909770e-03
5.911436e-03
5.913079e-03
5.914700e-03
5.916300e-03
5.917877e-03
5.919432e-03
5.920965e-03
5.922476e-03
5.923966e-03
5.925433e-03
5.926877e-03
5.928300e-03
5.929701e-03
5.931080e-03
5.932436e-03
5.933771e-03
5.935084e-03
5.936374e-03
5.937643e-03
5.938889e-03
5.940113e-03
5.941316e-03
5.942496e-03
5.943654e-03
5.944790e-03
5.945904e-03
5.946996e-03
5.948066e-03
5.949114e-03
5.950139e-03
5.951143e-03
5.952125e-03
5.953084e-03
5.954022e-03
5.954937e-03
5.955831e-03
5.956702e-03
5.957551e-03
5.958379e-03
5.959184e-03
5.959967e-03
5.960728e-03
5.961467e-03
5.962184e-03
5.962879e-03
5.963552e-03
5.964202e-03
5.964831e-03
5.965438e-03
5.966022e-03
5.966585e-03
5.967125e-03
5.967644e-03
5.968140e-03
5.968614e-03
5.969066e-03
5.969497e-03
5.969905e-03
5.970291e-03
5.970655e-03
5.970997e-03
5.971316e-03
5.971614e-03
5.971890e-03
5.972144e-03
5.972375e-03
5.972585e-03
5.972772e-03
5.972938e-03
5.973081e-03
5.973202e-03
5.973302e-03
5.973379e-03
5.973434e-03
5.973467e-03
5.973478e-03
5.973467e-03
5.973434e-03
5.973379e-03
5.973301e-03
5.973202e-03
5.973081e-03
5.972937e-03
5.972772e-03
5.972584e-03
5.972375e-03
5.972143e-03
5.971889e-03
5.971614e-03
5.971316e-03
5.970996e-03
5.970654e-03
5.970290e-03
5.969904e-03
5.969496e-03
5.969065e-03
5.968613e-03
5.968139e-03
5.967643e-03
5.967124e-03
5.966806e-03
5.966806e-03
5.966806e-03
5.966806e-03
5.966806e-03
5.966806e-03
5.966806e-03
5.966806e-03
5.966806e-03
5.966806e-03
5.966806e-03
5.966806e-03
5.966806e-03
5.966806e-03
5.966806e-03
5.966806e-03
5.966806e-03
5.966806e-03
5.966806e-03
5.966806e-03
5.966806e-03
5.966806e-03
5.966806e-03
5.966806e-03
5.966806e-03
5.966806e-03
5.966806e-03
5.966806e-03
5.966806e-03
5.966806e-03
5.966806e-03
5.966806e-03
5.966806e-03
5.966806e-03
5.966806e-03
5.966806e-03
5.966806e-03
5.966806e-03
5.966806e-03
5.966806e-03
5.966806e-03
5.966806e-03
5.966806e-03
5.966806e-03
5.966806e-03
5.966806e-03
5.966806e-03
5.966806e-03
5.966806e-03
5.966806e-03
5.966806e-03
5.966806e-03
5.966806e-03
5.966806e-03
5.966806e-03
5.966806e-03
5.966806e-03
5.966806e-03
5.966806e-03
5.966806e-03
5.966806e-03
5.966806e-03
5.966806e-03
5.966806e-03
5.966806e-03
5.966806e-03
5.966806e-03
5.966806e-03
5.966806e-03
5.966806e-03
5.966806e-03
5.966806e-03
5.966806e-03
5.966806e-03
5.966806e-03
5.966806e-03
5.966806e-03
5.966806e-03
5.966806e-03
5.966806e-03
5.966806e-03
5.966806e-03
5.966806e-03
5.966806e-03
5.966806e-03
5.966806e-03
5.966806e-03
5.966806e-03
5.966806e-03
5.966806e-03
5.966806e-03
5.966806e-03
5.966806e-03
5.966806e-03
5.966806e-03
5.966806e-03
5.966806e-03
5.966806e-03
5.966806e-03
5.966806e-03
5.966806e-03
5.966806e-03
5.966806e-03
5.966806e-03
5.966806e-03
5.966806e-03
5.966806e-03
5.966806e-03
5.966806e-03
5.966806e-03
5.966806e-03
5.966806e-03
5.966806e-03
5.966806e-03
5.966806e-03
5.966806e-03
5.966806e-03
5.966806e-03
5.966806e-03
5.966806e-03
5.966806e-03
5.966806e-03
5.966806e-03
5.966806e-03
5.966806e-03
5.966806e-03
5.966806e-03
5.966806e-03
5.966806e-03
5.966806e-03
5.966806e-03
5.966806e-03
5.966806e-03
5.966806e-03
5.966806e-03
5.966806e-03
5.966806e-03
5.966806e-03
5.966806e-03
5.966806e-03
5.966806e-03
5.966806e-03
5.966806e-03
5.966806e-03
5.966806e-03
5.966806e-03
5.966806e-03
5.966806e-03
5.966806e-03
5.966806e-03
5.966806e-03
5.966806e-03
5.966806e-03
5.966806e-03
5.966806e-03
5.966806e-03
5.966806e-03
5.966806e-03
5.966806e-03
5.966806e-03
5.966806e-03
5.966806e-03
5.966806e-03
5.966806e-03
5.966806e-03
5.966806e-03
5.966806e-03
5.966806e-03
5.966806e-03
5.966806e-03
5.966806e-03
5.966806e-03
5.966806e-03
5.966806e-03
5.966806e-03
5.966806e-03
5.966806e-03
5.966806e-03
5.966806e-03
5.966806e-03
5.966806e-03
5.966806e-03
5.966806e-03
5.966806e-03
5.966806e-03
5.966806e-03
5.966806e-03
5.966806e-03
5.966806e-03
5.966806e-03
5.966806e-03
5.966806e-03
5.966806e-03
5.966806e-03
5.966806e-03
5.966806e-03
5.966806e-03
5.966806e-03
5.966806e-03
5.966806e-03
5.966806e-03
