0.000000e+00
1.110371e-07
2.260398e-07
3.450081e-07
4.679420e-07
5.948415e-07
7.257067e-07
8.605374e-07
9.993338e-07
1.142096e-06
1.288823e-06
1.439517e-06
1.594175e-06
1.752800e-06
1.915390e-06
2.081945e-06
2.252467e-06
2.426953e-06
2.605406e-06
2.787824e-06
2.974208e-06
3.164557e-06
3.358872e-06
3.557152e-06
3.759398e-06
3.965610e-06
4.175788e-06
4.389931e-06
4.608039e-06
4.830113e-06
5.056153e-06
5.286158e-06
5.520129e-06
5.758066e-06
5.999968e-06
6.245836e-06
6.495670e-06
6.749469e-06
7.007233e-06
7.268964e-06
7.534659e-06
7.804321e-06
8.077948e-06
8.355541e-06
8.637099e-06
8.922623e-06
9.212113e-06
9.505568e-06
9.802988e-06
1.010437e-05
1.040973e-05
1.071904e-05
1.103233e-05
1.134958e-05
1.167079e-05
1.199597e-05
1.232512e-05
1.265823e-05
1.299530e-05
1.333635e-05
1.368136e-05
1.403033e-05
1.438327e-05
1.474017e-05
1.510104e-05
1.546588e-05
1.583468e-05
1.620745e-05
1.658418e-05
1.696488e-05
1.734954e-05
1.773817e-05
1.813077e-05
1.852733e-05
1.892786e-05
1.933235e-05
1.974081e-05
2.015323e-05
2.056962e-05
2.098997e-05
2.141430e-05
2.184258e-05
2.227483e-05
2.271105e-05
2.315123e-05
2.359538e-05
2.404349e-05
2.449557e-05
2.495162e-05
2.541163e-05
2.587561e-05
2.634355e-05
2.681546e-05
2.729133e-05
2.777117e-05
2.825497e-05
2.874274e-05
2.923448e-05
2.973018e-05
3.022985e-05
3.073348e-05
3.124108e-05
3.175264e-05
3.226817e-05
3.278767e-05
3.331113e-05
3.383855e-05
3.436994e-05
3.490530e-05
3.544462e-05
3.598791e-05
3.653517e-05
3.708639e-05
3.764157e-05
3.820072e-05
3.876384e-05
3.933092e-05
3.990197e-05
4.047698e-05
4.105596e-05
4.163891e-05
4.222582e-05
4.281669e-05
4.341154e-05
4.401034e-05
4.461312e-05
4.521985e-05
4.583056e-05
4.644523e-05
4.706386e-05
4.768646e-05
4.831303e-05
4.894356e-05
4.957806e-05
5.021652e-05
5.085895e-05
5.150535e-05
5.215571e-05
5.281003e-05
5.346832e-05
5.413058e-05
5.479680e-05
5.546699e-05
5.614114e-05
5.681926e-05
5.750135e-05
5.818740e-05
5.887742e-05
5.957140e-05
6.026934e-05
6.097126e-05
6.167714e-05
6.238698e-05
6.310079e-05
6.381857e-05
6.454031e-05
6.526601e-05
6.599569e-05
6.672932e-05
6.746693e-05
6.820850e-05
6.895403e-05
6.970353e-05
7.045700e-05
7.121443e-05
7.197583e-05
7.274119e-05
7.351052e-05
7.428381e-05
7.506107e-05
7.584230e-05
7.662749e-05
7.741664e-05
7.820976e-05
7.900685e-05
7.980791e-05
8.061292e-05
8.142191e-05
8.223486e-05
8.305178e-05
8.387266e-05
8.469750e-05
8.552632e-05
8.635909e-05
8.719584e-05
8.803655e-05
8.888122e-05
8.972986e-05
9.058247e-05
9.143904e-05
9.229958e-05
9.316408e-05
9.403255e-05
9.490498e-05
9.578138e-05
9.666175e-05
9.754608e-05
9.843438e-05
9.932664e-05
1.002229e-04
1.011231e-04
1.020272e-04
1.029353e-04
1.038474e-04
1.047635e-04
1.056835e-04
1.066075e-04
1.075355e-04
1.084674e-04
1.094033e-04
1.103431e-04
1.112869e-04
1.122347e-04
1.131864e-04
1.141422e-04
1.151018e-04
1.160655e-04
1.170331e-04
1.180047e-04
1.189802e-04
1.199597e-04
1.209432e-04
1.219306e-04
1.229220e-04
1.239174e-04
1.249167e-04
1.259200e-04
1.269273e-04
1.279385e-04
1.289537e-04
1.299729e-04
1.309960e-04
1.320231e-04
1.330542e-04
1.340892e-04
1.351282e-04
1.361711e-04
1.372180e-04
1.382689e-04
1.393238e-04
1.403826e-04
1.414454e-04
1.425121e-04
1.435828e-04
1.446575e-04
1.457362e-04
1.468188e-04
1.479054e-04
1.489959e-04
1.500904e-04
1.511889e-04
1.522913e-04
1.533977e-04
1.545081e-04
1.556224e-04
1.567407e-04
1.578630e-04
1.589892e-04
1.601194e-04
1.612536e-04
1.623917e-04
1.635338e-04
1.646799e-04
1.658299e-04
1.669839e-04
1.681419e-04
1.693038e-04
1.704697e-04
1.716395e-04
1.728134e-04
1.739911e-04
1.751729e-04
1.763586e-04
1.775483e-04
1.787419e-04
1.799396e-04
1.811411e-04
1.823467e-04
1.835562e-04
1.847697e-04
1.859871e-04
1.872085e-04
1.884339e-04
1.896632e-04
1.908965e-04
1.921338e-04
1.933751e-04
1.946203e-04
1.958694e-04
1.971226e-04
1.983797e-04
1.996407e-04
2.009057e-04
2.021747e-04
2.034477e-04
2.047246e-04
2.060055e-04
2.072904e-04
2.085792e-04
2.098720e-04
2.111687e-04
2.124695e-04
2.137742e-04
2.150828e-04
2.163954e-04
2.177120e-04
2.190325e-04
2.203571e-04
2.216855e-04
2.230180e-04
2.243544e-04
2.256948e-04
2.270391e-04
2.283874e-04
2.297397e-04
2.310959e-04
2.324561e-04
2.338203e-04
2.351884e-04
2.365605e-04
2.379366e-04
2.393166e-04
2.407006e-04
2.420886e-04
2.434805e-04
2.448764e-04
2.462763e-04
2.476801e-04
2.490879e-04
2.504997e-04
2.519154e-04
2.533351e-04
2.547587e-04
2.561864e-04
2.576179e-04
2.590535e-04
2.604930e-04
2.619365e-04
2.633839e-04
2.648353e-04
2.662907e-04
2.677501e-04
2.692134e-04
2.706807e-04
2.721519e-04
2.736271e-04
2.751063e-04
2.765894e-04
2.780765e-04
2.795676e-04
2.810626e-04
2.825616e-04
2.840646e-04
2.855715e-04
2.870824e-04
2.885973e-04
2.901161e-04
2.916389e-04
2.931657e-04
2.946964e-04
2.962311e-04
2.977697e-04
2.993124e-04
3.008590e-04
3.024095e-04
3.039640e-04
3.055225e-04
3.070850e-04
3.086514e-04
3.102218e-04
3.117961e-04
3.133744e-04
3.149567e-04
3.165429e-04
3.181331e-04
3.197273e-04
3.213255e-04
3.229276e-04
3.245336e-04
3.261437e-04
3.277577e-04
3.293757e-04
3.309976e-04
3.326235e-04
3.342534e-04
3.358872e-04
3.375250e-04
3.391667e-04
3.408125e-04
3.424622e-04
3.441158e-04
3.457735e-04
3.474350e-04
3.491006e-04
3.507701e-04
3.524436e-04
3.541211e-04
3.558025e-04
3.574879e-04
3.591772e-04
3.608705e-04
3.625678e-04
3.642691e-04
3.659743e-04
3.676834e-04
3.693966e-04
3.711137e-04
3.728348e-04
3.745598e-04
3.762888e-04
3.780218e-04
3.797587e-04
3.814996e-04
3.832445e-04
3.849933e-04
3.867461e-04
3.885029e-04
3.902636e-04
3.920283e-04
3.937970e-04
3.955696e-04
3.973462e-04
3.991268e-04
4.009113e-04
4.026998e-04
4.044922e-04
4.062887e-04
4.080891e-04
4.098934e-04
4.117017e-04
4.135140e-04
4.153303e-04
4.171505e-04
4.189747e-04
4.208028e-04
4.226349e-04
4.244710e-04
4.263110e-04
4.281550e-04
4.300030e-04
4.318550e-04
4.337109e-04
4.355707e-04
4.374346e-04
4.393024e-04
4.411741e-04
4.430499e-04
4.449296e-04
4.468132e-04
4.487009e-04
4.505925e-04
4.524880e-04
4.543876e-04
4.562910e-04
4.581985e-04
4.601099e-04
4.620253e-04
4.639447e-04
4.658680e-04
4.677953e-04
4.697265e-04
4.716617e-04
4.736009e-04
4.755441e-04
4.774912e-04
4.794423e-04
4.813973e-04
4.833563e-04
4.853193e-04
4.872863e-04
4.892572e-04
4.912320e-04
4.932109e-04
4.951937e-04
4.971805e-04
4.991712e-04
5.011659e-04
5.031646e-04
5.051672e-04
5.071738e-04
5.091844e-04
5.111989e-04
5.132174e-04
5.152398e-04
5.172663e-04
5.192967e-04
5.213310e-04
5.233693e-04
5.254116e-04
5.274579e-04
5.295081e-04
5.315623e-04
5.336204e-04
5.356826e-04
5.377486e-04
5.398187e-04
5.418927e-04
5.439707e-04
5.460526e-04
5.481385e-04
5.502284e-04
5.523223e-04
5.544201e-04
5.565218e-04
5.586276e-04
5.607373e-04
5.628510e-04
5.649686e-04
5.670902e-04
5.692158e-04
5.713453e-04
5.734788e-04
5.756163e-04
5.777577e-04
5.799031e-04
5.820524e-04
5.842058e-04
5.863631e-04
5.885243e-04
5.906895e-04
5.928587e-04
5.950319e-04
5.972090e-04
5.993901e-04
6.015751e-04
6.037642e-04
6.059571e-04
6.081541e-04
6.103550e-04
6.125599e-04
6.147687e-04
6.169815e-04
6.191983e-04
6.214191e-04
6.236438e-04
6.258724e-04
6.281051e-04
6.303417e-04
6.325822e-04
6.348268e-04
6.370753e-04
6.393277e-04
6.415842e-04
6.438446e-04
6.461089e-04
6.483773e-04
6.506496e-04
6.529258e-04
6.552061e-04
6.574902e-04
6.597784e-04
6.620705e-04
6.643666e-04
6.666667e-04
6.689707e-04
6.712787e-04
6.735906e-04
6.759065e-04
6.782264e-04
6.805503e-04
6.828781e-04
6.852099e-04
6.875456e-04
6.898853e-04
6.922290e-04
6.945766e-04
6.969282e-04
6.992838e-04
7.016433e-04
7.040069e-04
7.063743e-04
7.087458e-04
7.111212e-04
7.135005e-04
7.158839e-04
7.182712e-04
7.206624e-04
7.230576e-04
7.254568e-04
7.278600e-04
7.302671e-04
7.326782e-04
7.350933e-04
7.375123e-04
7.399353e-04
7.423622e-04
7.447932e-04
7.472280e-04
7.496669e-04
7.521097e-04
7.545565e-04
7.570072e-04
7.594619e-04
7.619206e-04
7.643833e-04
7.668499e-04
7.693205e-04
7.717950e-04
7.742735e-04
7.767560e-04
7.792424e-04
7.817328e-04
7.842272e-04
7.867255e-04
7.892278e-04
7.917341e-04
7.942443e-04
7.967585e-04
7.992767e-04
8.017988e-04
8.043249e-04
8.068550e-04
8.093890e-04
8.119270e-04
8.144689e-04
8.170148e-04
8.195647e-04
8.221186e-04
8.246764e-04
8.272382e-04
8.298039e-04
8.323737e-04
8.349473e-04
8.375250e-04
8.401066e-04
8.426922e-04
8.452817e-04
8.478752e-04
8.504727e-04
8.530741e-04
8.556795e-04
8.582889e-04
8.609023e-04
8.635196e-04
8.661408e-04
8.687661e-04
8.713953e-04
8.740284e-04
8.766656e-04
8.793067e-04
8.819517e-04
8.846007e-04
8.872537e-04
8.899107e-04
8.925716e-04
8.952365e-04
8.979054e-04
9.005782e-04
9.032550e-04
9.059357e-04
9.086204e-04
9.113091e-04
9.140018e-04
9.166984e-04
9.193990e-04
9.221035e-04
9.248120e-04
9.275245e-04
9.302410e-04
9.329614e-04
9.356857e-04
9.384141e-04
9.411464e-04
9.438826e-04
9.466229e-04
9.493671e-04
9.521153e-04
9.548674e-04
9.576235e-04
9.603836e-04
9.631476e-04
9.659156e-04
9.686875e-04
9.714635e-04
9.742434e-04
9.770272e-04
9.798150e-04
9.826068e-04
9.854026e-04
9.882023e-04
9.910060e-04
9.938136e-04
9.966253e-04
9.994408e-04
1.002260e-03
1.005084e-03
1.007911e-03
1.010743e-03
1.013578e-03
1.016418e-03
1.019261e-03
1.022108e-03
1.024960e-03
1.027815e-03
1.030674e-03
1.033537e-03
1.036404e-03
1.039275e-03
1.042150e-03
1.045030e-03
1.047913e-03
1.050799e-03
1.053690e-03
1.056585e-03
1.059484e-03
1.062387e-03
1.065294e-03
1.068205e-03
1.071119e-03
1.074038e-03
1.076961e-03
1.079887e-03
1.082818e-03
1.085752e-03
1.088691e-03
1.091633e-03
1.094580e-03
1.097530e-03
1.100485e-03
1.103443e-03
1.106405e-03
1.109372e-03
1.112342e-03
1.115316e-03
1.118294e-03
1.121276e-03
1.124262e-03
1.127252e-03
1.130247e-03
1.133245e-03
1.136246e-03
1.139252e-03
1.142262e-03
1.145276e-03
1.148294e-03
1.151316e-03
1.154342e-03
1.157371e-03
1.160405e-03
1.163443e-03
1.166484e-03
1.169530e-03
1.172579e-03
1.175633e-03
1.178690e-03
1.181752e-03
1.184817e-03
1.187887e-03
1.190960e-03
1.194037e-03
1.197119e-03
1.200204e-03
1.203293e-03
1.206386e-03
1.209483e-03
1.212584e-03
1.215690e-03
1.218799e-03
1.221912e-03
1.225029e-03
1.228149e-03
1.231274e-03
1.234403e-03
1.237536e-03
1.240673e-03
1.243814e-03
1.246958e-03
1.250107e-03
1.253260e-03
1.256416e-03
1.259577e-03
1.262742e-03
1.265910e-03
1.269083e-03
1.272259e-03
1.275439e-03
1.278624e-03
1.281812e-03
1.285004e-03
1.288201e-03
1.291401e-03
1.294605e-03
1.297813e-03
1.301026e-03
1.304242e-03
1.307462e-03
1.310686e-03
1.313914e-03
1.317146e-03
1.320382e-03
1.323622e-03
1.326865e-03
1.330113e-03
1.333365e-03
1.336621e-03
1.339881e-03
1.343144e-03
1.346412e-03
1.349684e-03
1.352959e-03
1.356239e-03
1.359522e-03
1.362810e-03
1.366101e-03
1.369397e-03
1.372696e-03
1.375999e-03
1.379307e-03
1.382618e-03
1.385933e-03
1.389252e-03
1.392576e-03
1.395903e-03
1.399234e-03
1.402569e-03
1.405908e-03
1.409251e-03
1.412598e-03
1.415949e-03
1.419304e-03
1.422663e-03
1.426026e-03
1.429392e-03
1.432763e-03
1.436138e-03
1.439517e-03
1.442899e-03
1.446286e-03
1.449676e-03
1.453071e-03
1.456469e-03
1.459872e-03
1.463278e-03
1.466689e-03
1.470103e-03
1.473522e-03
1.476944e-03
1.480370e-03
1.483800e-03
1.487235e-03
1.490673e-03
1.494115e-03
1.497561e-03
1.501011e-03
1.504465e-03
1.507923e-03
1.511385e-03
1.514851e-03
1.518321e-03
1.521795e-03
1.525273e-03
1.528755e-03
1.532240e-03
1.535730e-03
1.539224e-03
1.542722e-03
1.546223e-03
1.549729e-03
1.553238e-03
1.556752e-03
1.560269e-03
1.563791e-03
1.567316e-03
1.570846e-03
1.574379e-03
1.577916e-03
1.581458e-03
1.585003e-03
1.588552e-03
1.592105e-03
1.595662e-03
1.599224e-03
1.602789e-03
1.606358e-03
1.609931e-03
1.613508e-03
1.617089e-03
1.620674e-03
1.624262e-03
1.627855e-03
1.631452e-03
1.635053e-03
1.638658e-03
1.642266e-03
1.645879e-03
1.649496e-03
1.653116e-03
1.656741e-03
1.660369e-03
1.664002e-03
1.667638e-03
1.671279e-03
1.674923e-03
1.678571e-03
1.682224e-03
1.685880e-03
1.689540e-03
1.693205e-03
1.696873e-03
1.700545e-03
1.704221e-03
1.707901e-03
1.711585e-03
1.715273e-03
1.718965e-03
1.722661e-03
1.726361e-03
1.730065e-03
1.733773e-03
1.737485e-03
1.741200e-03
1.744920e-03
1.748644e-03
1.752371e-03
1.756103e-03
1.759839e-03
1.763578e-03
1.767322e-03
1.771069e-03
1.774821e-03
1.778576e-03
1.782336e-03
1.786099e-03
1.789866e-03
1.793638e-03
1.797413e-03
1.801192e-03
1.804975e-03
1.808762e-03
1.812554e-03
1.816349e-03
1.820148e-03
1.823951e-03
1.827758e-03
1.831569e-03
1.835384e-03
1.839202e-03
1.843025e-03
1.846852e-03
1.850683e-03
1.854518e-03
1.858356e-03
1.862199e-03
1.866046e-03
1.869896e-03
1.873751e-03
1.877609e-03
1.881472e-03
1.885338e-03
1.889209e-03
1.893083e-03
1.896962e-03
1.900844e-03
1.904730e-03
1.908620e-03
1.912515e-03
1.916413e-03
1.920315e-03
1.924221e-03
1.928131e-03
1.932045e-03
1.935963e-03
1.939885e-03
1.943811e-03
1.947741e-03
1.951675e-03
1.955613e-03
1.959555e-03
1.963501e-03
1.967450e-03
1.971404e-03
1.975362e-03
1.979323e-03
1.983289e-03
1.987258e-03
1.991232e-03
1.995210e-03
1.999191e-03
2.003176e-03
2.007166e-03
2.011159e-03
2.015157e-03
2.019158e-03
2.023163e-03
2.027172e-03
2.031186e-03
2.035203e-03
2.039224e-03
2.043249e-03
2.047278e-03
2.051311e-03
2.055348e-03
2.059389e-03
2.063434e-03
2.067483e-03
2.071536e-03
2.075592e-03
2.079653e-03
2.083718e-03
2.087787e-03
2.091859e-03
2.095936e-03
2.100017e-03
2.104101e-03
2.108190e-03
2.112282e-03
2.116379e-03
2.120479e-03
2.124584e-03
2.128692e-03
2.132804e-03
2.136921e-03
2.141041e-03
2.145165e-03
2.149293e-03
2.153425e-03
2.157562e-03
2.161702e-03
2.165846e-03
2.169994e-03
2.174146e-03
2.178302e-03
2.182462e-03
2.186626e-03
2.190793e-03
2.194965e-03
2.199141e-03
2.203321e-03
2.207505e-03
2.211692e-03
2.215884e-03
2.220079e-03
2.224279e-03
2.228483e-03
2.232690e-03
2.236902e-03
2.241117e-03
2.245336e-03
2.249560e-03
2.253787e-03
2.258018e-03
2.262254e-03
2.266493e-03
2.270736e-03
2.274983e-03
2.279234e-03
2.283490e-03
2.287749e-03
2.292012e-03
2.296279e-03
2.300550e-03
2.304825e-03
2.309103e-03
2.313386e-03
2.317673e-03
2.321964e-03
2.326259e-03
2.330557e-03
2.334860e-03
2.339167e-03
2.343477e-03
2.347792e-03
2.352110e-03
2.356433e-03
2.360759e-03
2.365090e-03
2.369424e-03
2.373763e-03
2.378105e-03
2.382451e-03
2.386802e-03
2.391156e-03
2.395514e-03
2.399876e-03
2.404242e-03
2.408613e-03
2.412987e-03
2.417365e-03
2.421747e-03
2.426133e-03
2.430523e-03
2.434916e-03
2.439314e-03
2.443716e-03
2.448122e-03
2.452532e-03
2.456945e-03
2.461363e-03
2.465785e-03
2.470210e-03
2.474640e-03
2.479073e-03
2.483511e-03
2.487952e-03
2.492398e-03
2.496847e-03
2.501301e-03
2.505758e-03
2.510219e-03
2.514685e-03
2.519154e-03
2.523627e-03
2.528104e-03
2.532585e-03
2.537071e-03
2.541560e-03
2.546053e-03
2.550550e-03
2.555051e-03
2.559556e-03
2.564064e-03
2.568577e-03
2.573094e-03
2.577615e-03
2.582140e-03
2.586668e-03
2.591201e-03
2.595738e-03
2.600278e-03
2.604823e-03
2.609372e-03
2.613924e-03
2.618481e-03
2.623041e-03
2.627605e-03
2.632174e-03
2.636746e-03
2.641322e-03
2.645903e-03
2.650487e-03
2.655075e-03
2.659667e-03
2.664264e-03
2.668864e-03
2.673468e-03
2.678076e-03
2.682688e-03
2.687304e-03
2.691924e-03
2.696548e-03
2.701175e-03
2.705807e-03
2.710443e-03
2.715083e-03
2.719727e-03
2.724374e-03
2.729026e-03
2.733682e-03
2.738341e-03
2.743005e-03
2.747672e-03
2.752344e-03
2.757019e-03
2.761699e-03
2.766382e-03
2.771069e-03
2.775761e-03
2.780456e-03
2.785155e-03
2.789858e-03
2.794566e-03
2.799277e-03
2.803992e-03
2.808711e-03
2.813434e-03
2.818161e-03
2.822892e-03
2.827627e-03
2.832366e-03
2.837109e-03
2.841855e-03
2.846606e-03
2.851361e-03
2.856120e-03
2.860882e-03
2.865649e-03
2.870420e-03
2.875194e-03
2.879973e-03
2.884755e-03
2.889542e-03
2.894332e-03
2.899127e-03
2.903925e-03
2.908728e-03
2.913534e-03
2.918344e-03
2.923158e-03
2.927977e-03
2.932799e-03
2.937625e-03
2.942455e-03
2.947289e-03
2.952127e-03
2.956969e-03
2.961815e-03
2.966665e-03
2.971519e-03
2.976377e-03
2.981239e-03
2.986105e-03
2.990974e-03
2.995848e-03
3.000726e-03
3.005607e-03
3.010493e-03
3.015383e-03
3.020276e-03
3.025174e-03
3.030075e-03
3.034981e-03
3.039890e-03
3.044803e-03
3.049721e-03
3.054642e-03
3.059567e-03
3.064497e-03
3.069430e-03
3.074367e-03
3.079308e-03
3.084253e-03
3.089202e-03
3.094155e-03
3.099112e-03
3.104073e-03
3.109038e-03
3.114007e-03
3.118980e-03
3.123957e-03
3.128938e-03
3.133923e-03
3.138911e-03
3.143904e-03
3.148901e-03
3.153901e-03
3.158906e-03
3.163915e-03
3.168927e-03
3.173944e-03
3.178964e-03
3.183988e-03
3.189017e-03
3.194049e-03
3.199086e-03
3.204126e-03
3.209170e-03
3.214218e-03
3.219270e-03
3.224327e-03
3.229387e-03
3.234451e-03
3.239519e-03
3.244591e-03
3.249667e-03
3.254747e-03
3.259831e-03
3.264919e-03
3.270010e-03
3.275106e-03
3.280206e-03
3.285310e-03
3.290417e-03
3.295529e-03
3.300645e-03
3.305764e-03
3.310888e-03
3.316016e-03
3.321147e-03
3.326282e-03
3.331422e-03
3.336565e-03
3.341713e-03
3.346864e-03
3.352019e-03
3.357179e-03
3.362342e-03
3.367509e-03
3.372680e-03
3.377855e-03
3.383034e-03
3.388217e-03
3.393404e-03
3.398595e-03
3.403790e-03
3.408989e-03
3.414192e-03
3.419399e-03
3.424610e-03
3.429825e-03
3.435043e-03
3.440266e-03
3.445493e-03
3.450723e-03
3.455958e-03
3.461197e-03
3.466439e-03
3.471686e-03
3.476936e-03
3.482190e-03
3.487449e-03
3.492711e-03
3.497978e-03
3.503248e-03
3.508522e-03
3.513800e-03
3.519083e-03
3.524369e-03
3.529659e-03
3.534953e-03
3.540251e-03
3.545553e-03
3.550859e-03
3.556169e-03
3.561483e-03
3.566801e-03
3.572123e-03
3.577448e-03
3.582778e-03
3.588112e-03
3.593450e-03
3.598791e-03
3.604137e-03
3.609487e-03
3.614840e-03
3.620198e-03
3.625559e-03
3.630925e-03
3.636294e-03
3.641667e-03
3.647045e-03
3.652426e-03
3.657811e-03
3.663201e-03
3.668594e-03
3.673991e-03
3.679392e-03
3.684797e-03
3.690207e-03
3.695620e-03
3.701037e-03
3.706458e-03
3.711883e-03
3.717311e-03
3.722744e-03
3.728181e-03
3.733622e-03
3.739067e-03
3.744516e-03
3.749968e-03
3.755425e-03
3.760886e-03
3.766350e-03
3.771819e-03
3.777291e-03
3.782768e-03
3.788248e-03
3.793733e-03
3.799221e-03
3.804714e-03
3.810210e-03
3.815710e-03
3.821214e-03
3.826723e-03
3.832235e-03
3.837751e-03
3.843271e-03
3.848795e-03
3.854323e-03
3.859855e-03
3.865391e-03
3.870931e-03
3.876475e-03
3.882023e-03
3.887575e-03
3.893131e-03
3.898691e-03
3.904254e-03
3.909822e-03
3.915394e-03
3.920969e-03
3.926549e-03
3.932133e-03
3.937720e-03
3.943312e-03
3.948907e-03
3.954507e-03
3.960110e-03
3.965717e-03
3.971329e-03
3.976944e-03
3.982563e-03
3.988186e-03
3.993814e-03
3.999445e-03
4.005080e-03
4.010719e-03
4.016362e-03
4.022009e-03
4.027660e-03
4.033315e-03
4.038974e-03
4.044637e-03
4.050304e-03
4.055975e-03
4.061649e-03
4.067328e-03
4.073011e-03
4.078698e-03
4.084388e-03
4.090083e-03
4.095781e-03
4.101484e-03
4.107190e-03
4.112901e-03
4.118615e-03
4.124334e-03
4.130056e-03
4.135782e-03
4.141513e-03
4.147247e-03
4.152985e-03
4.158728e-03
4.164474e-03
4.170224e-03
4.175978e-03
4.181736e-03
4.187498e-03
4.193264e-03
4.199034e-03
4.204808e-03
4.210586e-03
4.216368e-03
4.222153e-03
4.227943e-03
4.233737e-03
4.239535e-03
4.245336e-03
4.251142e-03
4.256952e-03
4.262765e-03
4.268583e-03
4.274404e-03
4.280230e-03
4.286059e-03
4.291893e-03
4.297730e-03
4.303571e-03
4.309417e-03
4.315266e-03
4.321119e-03
4.326976e-03
4.332838e-03
4.338703e-03
4.344572e-03
4.350445e-03
4.356322e-03
4.362203e-03
4.368088e-03
4.373977e-03
4.379870e-03
4.385767e-03
4.391667e-03
4.397572e-03
4.403481e-03
4.409394e-03
4.415310e-03
4.421231e-03
4.427156e-03
4.433084e-03
4.439017e-03
4.444953e-03
4.450894e-03
4.456838e-03
4.462787e-03
4.468739e-03
4.474695e-03
4.480656e-03
4.486620e-03
4.492588e-03
4.498560e-03
4.504537e-03
4.510517e-03
4.516501e-03
4.522489e-03
4.528481e-03
4.534477e-03
4.540477e-03
4.546481e-03
4.552489e-03
4.558501e-03
4.564517e-03
4.570536e-03
4.576560e-03
4.582588e-03
4.588619e-03
4.594655e-03
4.600695e-03
4.606738e-03
4.612786e-03
4.618837e-03
4.624228e-03
4.629599e-03
4.634950e-03
4.640282e-03
4.645593e-03
4.650885e-03
4.656157e-03
4.661410e-03
4.666642e-03
4.671855e-03
4.677048e-03
4.682221e-03
4.687375e-03
4.692508e-03
4.697622e-03
4.702716e-03
4.707791e-03
4.712845e-03
4.717880e-03
4.722895e-03
4.727890e-03
4.732866e-03
4.737821e-03
4.742757e-03
4.747673e-03
4.752570e-03
4.757446e-03
4.762303e-03
4.767140e-03
4.771957e-03
4.776755e-03
4.781533e-03
4.786290e-03
4.791029e-03
4.795747e-03
4.800446e-03
4.805124e-03
4.809783e-03
4.814423e-03
4.819042e-03
4.823642e-03
4.828222e-03
4.832782e-03
4.837323e-03
4.841843e-03
4.846344e-03
4.850825e-03
4.855286e-03
4.859728e-03
4.864150e-03
4.868552e-03
4.872934e-03
4.877296e-03
4.881639e-03
4.885962e-03
4.890265e-03
4.894548e-03
4.898812e-03
4.903055e-03
4.907279e-03
4.911484e-03
4.915668e-03
4.919833e-03
4.923978e-03
4.928103e-03
4.932208e-03
4.936294e-03
4.940360e-03
4.944406e-03
4.948432e-03
4.952438e-03
4.956425e-03
4.960392e-03
4.964339e-03
4.968266e-03
4.972174e-03
4.976062e-03
4.979930e-03
4.983778e-03
4.987607e-03
4.991415e-03
4.995204e-03
4.998973e-03
5.002723e-03
5.006452e-03
5.010162e-03
5.013852e-03
5.017523e-03
5.021173e-03
5.024804e-03
5.028415e-03
5.032006e-03
5.035577e-03
5.039129e-03
5.042661e-03
5.046173e-03
5.049665e-03
5.053138e-03
5.056590e-03
5.060023e-03
5.063437e-03
5.066830e-03
5.070204e-03
5.073558e-03
5.076892e-03
5.080206e-03
5.083501e-03
5.086775e-03
5.090030e-03
5.093266e-03
5.096481e-03
5.099677e-03
5.102853e-03
5.106009e-03
5.109145e-03
5.112262e-03
5.115358e-03
5.118435e-03
5.121493e-03
5.124530e-03
5.127548e-03
5.130546e-03
5.133524e-03
5.136482e-03
5.139421e-03
5.142340e-03
5.145239e-03
5.148118e-03
5.150978e-03
5.153817e-03
5.156637e-03
5.159437e-03
5.162218e-03
5.164978e-03
5.167719e-03
5.170440e-03
5.173142e-03
5.175823e-03
5.178485e-03
5.181127e-03
5.183749e-03
5.186351e-03
5.188934e-03
5.191497e-03
5.194040e-03
5.196563e-03
5.199067e-03
5.201551e-03
5.204015e-03
5.206459e-03
5.208883e-03
5.211288e-03
5.213673e-03
5.216038e-03
5.218383e-03
5.220709e-03
5.223015e-03
5.225301e-03
5.227567e-03
5.229813e-03
5.232040e-03
5.234247e-03
5.236434e-03
5.238601e-03
5.240749e-03
5.242877e-03
5.244985e-03
5.247073e-03
5.249142e-03
5.251190e-03
5.253219e-03
5.255228e-03
5.257218e-03
5.259187e-03
5.261137e-03
5.263067e-03
5.264978e-03
5.266868e-03
5.268739e-03
5.270590e-03
5.272421e-03
5.274232e-03
5.276024e-03
5.277796e-03
5.279548e-03
5.281280e-03
5.282993e-03
5.284685e-03
5.286358e-03
5.288012e-03
5.289645e-03
5.291259e-03
5.292853e-03
5.294427e-03
5.295981e-03
5.297515e-03
5.299030e-03
5.300525e-03
5.302000e-03
5.303456e-03
5.304892e-03
5.306307e-03
5.307704e-03
5.309080e-03
5.310437e-03
5.311773e-03
5.313090e-03
5.314388e-03
5.315665e-03
5.316923e-03
5.318161e-03
5.319379e-03
5.320577e-03
5.321756e-03
5.322915e-03
5.324054e-03
5.325173e-03
5.326272e-03
5.327352e-03
5.328412e-03
5.329452e-03
5.330473e-03
5.331473e-03
5.332454e-03
5.333415e-03
5.334356e-03
5.335278e-03
5.336180e-03
5.337062e-03
5.337924e-03
5.338766e-03
5.339589e-03
5.340392e-03
5.341175e-03
5.341938e-03
5.342682e-03
5.343405e-03
5.344109e-03
5.344793e-03
5.345458e-03
5.346103e-03
5.346727e-03
5.347333e-03
5.347918e-03
5.348483e-03
5.349029e-03
5.349555e-03
5.350061e-03
5.350548e-03
5.351015e-03
5.351461e-03
5.351889e-03
5.352296e-03
5.352684e-03
5.353051e-03
5.353399e-03
5.353728e-03
5.354036e-03
5.354325e-03
5.354594e-03
5.354843e-03
5.355072e-03
5.355282e-03
5.355472e-03
5.355642e-03
5.355792e-03
5.355922e-03
5.356033e-03
5.356124e-03
5.356195e-03
5.356247e-03
5.356278e-03
5.356290e-03
5.356282e-03
5.356255e-03
5.356207e-03
5.356140e-03
5.356053e-03
5.355946e-03
5.355819e-03
5.355673e-03
5.355507e-03
5.355321e-03
5.355115e-03
5.354890e-03
5.354645e-03
5.354380e-03
5.354095e-03
5.353790e-03
5.353466e-03
5.353122e-03
5.352758e-03
5.352374e-03
5.351971e-03
5.351548e-03
5.351105e-03
5.350642e-03
5.350159e-03
5.349657e-03
5.349135e-03
5.348815e-03
5.348815e-03
5.348815e-03
5.348815e-03
5.348815e-03
5.348815e-03
5.348815e-03
5.348815e-03
5.348815e-03
5.348815e-03
5.348815e-03
5.348815e-03
5.348815e-03
5.348815e-03
5.348815e-03
5.348815e-03
5.348815e-03
5.348815e-03
5.348815e-03
5.348815e-03
5.348815e-03
5.348815e-03
5.348815e-03
5.348815e-03
5.348815e-03
5.348815e-03
5.348815e-03
5.348815e-03
5.348815e-03
5.348815e-03
5.348815e-03
5.348815e-03
5.348815e-03
5.348815e-03
5.348815e-03
5.348815e-03
5.348815e-03
5.348815e-03
5.348815e-03
5.348815e-03
5.348815e-03
5.348815e-03
5.348815e-03
5.348815e-03
5.348815e-03
5.348815e-03
5.348815e-03
5.348815e-03
5.348815e-03
5.348815e-03
5.348815e-03
5.348815e-03
5.348815e-03
5.348815e-03
5.348815e-03
5.348815e-03
5.348815e-03
5.348815e-03
5.348815e-03
5.348815e-03
5.348815e-03
5.348815e-03
5.348815e-03
5.348815e-03
5.348815e-03
5.348815e-03
5.348815e-03
5.348815e-03
5.348815e-03
5.348815e-03
5.348815e-03
5.348815e-03
5.348815e-03
5.348815e-03
5.348815e-03
5.348815e-03
5.348815e-03
5.348815e-03
5.348815e-03
5.348815e-03
5.348815e-03
5.348815e-03
5.348815e-03
5.348815e-03
5.348815e-03
5.348815e-03
5.348815e-03
5.348815e-03
5.348815e-03
5.348815e-03
5.348815e-03
5.348815e-03
5.348815e-03
5.348815e-03
5.348815e-03
5.348815e-03
5.348815e-03
5.348815e-03
5.348815e-03
5.348815e-03
5.348815e-03
5.348815e-03
5.348815e-03
5.348815e-03
5.348815e-03
5.348815e-03
5.348815e-03
5.348815e-03
5.348815e-03
5.348815e-03
5.348815e-03
5.348815e-03
5.348815e-03
5.348815e-03
5.348815e-03
5.348815e-03
5.348815e-03
5.348815e-03
5.348815e-03
5.348815e-03
5.348815e-03
5.348815e-03
5.348815e-03
5.348815e-03
5.348815e-03
5.348815e-03
5.348815e-03
5.348815e-03
5.348815e-03
5.348815e-03
5.348815e-03
5.348815e-03
5.348815e-03
5.348815e-03
5.348815e-03
5.348815e-03
5.348815e-03
5.348815e-03
5.348815e-03
5.348815e-03
5.348815e-03
5.348815e-03
5.348815e-03
5.348815e-03
5.348815e-03
5.348815e-03
5.348815e-03
5.348815e-03
5.348815e-03
5.348815e-03
5.348815e-03
5.348815e-03
5.348815e-03
5.348815e-03
5.348815e-03
5.348815e-03
5.348815e-03
5.348815e-03
5.348815e-03
5.348815e-03
5.348815e-03
5.348815e-03
5.348815e-03
5.348815e-03
5.348815e-03
5.348815e-03
5.348815e-03
5.348815e-03
5.348815e-03
5.348815e-03
5.348815e-03
5.348815e-03
5.348815e-03
5.348815e-03
5.348815e-03
5.348815e-03
5.348815e-03
5.348815e-03
5.348815e-03
5.348815e-03
5.348815e-03
5.348815e-03
5.348815e-03
5.348815e-03
5.348815e-03
5.348815e-03
5.348815e-03
5.348815e-03
5.348815e-03
5.348815e-03
5.348815e-03
5.348815e-03
5.348815e-03
5.348815e-03
5.348815e-03
5.348815e-03
5.348815e-03
5.348815e-03
5.348815e-03
5.348815e-03
5.348815e-03
