0.000000e+00
1.110371e-07
2.269873e-07
3.478507e-07
4.736272e-07
6.043169e-07
7.399197e-07
8.804357e-07
1.025865e-06
1.176207e-06
1.331462e-06
1.491631e-06
1.656713e-06
1.826707e-06
2.001615e-06
2.181437e-06
2.366171e-06
2.555818e-06
2.750379e-06
2.949853e-06
3.154239e-06
3.363539e-06
3.577752e-06
3.796879e-06
4.020918e-06
4.249871e-06
4.483737e-06
4.722515e-06
4.966207e-06
5.214813e-06
5.468331e-06
5.726762e-06
5.990107e-06
6.258365e-06
6.531536e-06
6.809620e-06
7.092617e-06
7.380527e-06
7.673351e-06
7.971087e-06
8.273737e-06
8.581300e-06
8.893776e-06
9.211165e-06
9.533467e-06
9.860683e-06
1.019281e-05
1.052985e-05
1.087181e-05
1.121868e-05
1.157046e-05
1.192715e-05
1.228876e-05
1.265528e-05
1.302671e-05
1.340306e-05
1.378432e-05
1.417049e-05
1.456158e-05
1.495758e-05
1.535849e-05
1.576432e-05
1.617506e-05
1.659071e-05
1.701127e-05
1.743675e-05
1.786714e-05
1.830245e-05
1.874267e-05
1.918780e-05
1.963784e-05
2.009280e-05
2.055267e-05
2.101745e-05
2.148715e-05
2.196176e-05
2.244128e-05
2.292572e-05
2.341507e-05
2.390933e-05
2.440851e-05
2.491260e-05
2.542160e-05
2.593551e-05
2.645434e-05
2.697808e-05
2.750674e-05
2.804030e-05
2.857878e-05
2.912218e-05
2.967049e-05
3.022371e-05
3.078184e-05
3.134489e-05
3.191284e-05
3.248572e-05
3.306350e-05
3.364620e-05
3.423381e-05
3.482634e-05
3.542378e-05
3.602613e-05
3.663339e-05
3.724557e-05
3.786266e-05
3.848467e-05
3.911159e-05
3.974342e-05
4.038016e-05
4.102182e-05
4.166839e-05
4.231987e-05
4.297627e-05
4.363757e-05
4.430380e-05
4.497493e-05
4.565098e-05
4.633194e-05
4.701782e-05
4.770861e-05
4.840431e-05
4.910492e-05
4.981045e-05
5.052089e-05
5.123625e-05
5.195651e-05
5.268169e-05
5.341179e-05
5.414679e-05
5.488671e-05
5.563155e-05
5.638129e-05
5.713595e-05
5.789552e-05
5.866001e-05
5.942941e-05
6.020372e-05
6.098294e-05
6.176708e-05
6.255613e-05
6.335010e-05
6.414897e-05
6.495277e-05
6.576147e-05
6.657509e-05
6.739362e-05
6.821706e-05
6.904542e-05
6.987868e-05
7.071687e-05
7.155996e-05
7.240797e-05
7.326089e-05
7.411873e-05
7.498148e-05
7.584914e-05
7.672171e-05
7.759920e-05
7.848160e-05
7.936892e-05
8.026114e-05
8.115828e-05
8.206034e-05
8.296730e-05
8.387918e-05
8.479598e-05
8.571768e-05
8.664430e-05
8.757583e-05
8.851228e-05
8.945364e-05
9.039991e-05
9.135110e-05
9.230719e-05
9.326820e-05
9.423413e-05
9.520497e-05
9.618072e-05
9.716138e-05
9.814696e-05
9.913745e-05
1.001329e-04
1.011332e-04
1.021384e-04
1.031485e-04
1.041636e-04
1.051836e-04
1.062084e-04
1.072382e-04
1.082730e-04
1.093126e-04
1.103571e-04
1.114066e-04
1.124609e-04
1.135202e-04
1.145844e-04
1.156535e-04
1.167275e-04
1.178064e-04
1.188903e-04
1.199790e-04
1.210727e-04
1.221713e-04
1.232747e-04
1.243832e-04
1.254965e-04
1.266147e-04
1.277379e-04
1.288659e-04
1.299989e-04
1.311368e-04
1.322796e-04
1.334273e-04
1.345799e-04
1.357374e-04
1.368999e-04
1.380672e-04
1.392395e-04
1.404167e-04
1.415988e-04
1.427858e-04
1.439778e-04
1.451746e-04
1.463764e-04
1.475830e-04
1.487946e-04
1.500111e-04
1.512325e-04
1.524588e-04
1.536901e-04
1.549262e-04
1.561673e-04
1.574132e-04
1.586641e-04
1.599199e-04
1.611806e-04
1.624463e-04
1.637168e-04
1.649923e-04
1.662726e-04
1.675579e-04
1.688481e-04
1.701432e-04
1.714432e-04
1.727482e-04
1.740580e-04
1.753728e-04
1.766924e-04
1.780170e-04
1.793465e-04
1.806809e-04
1.820202e-04
1.833645e-04
1.847136e-04
1.860677e-04
1.874267e-04
1.887906e-04
1.901594e-04
1.915331e-04
1.929117e-04
1.942952e-04
1.956837e-04
1.970771e-04
1.984754e-04
1.998785e-04
2.012867e-04
2.026997e-04
2.041176e-04
2.055405e-04
2.069682e-04
2.084009e-04
2.098385e-04
2.112810e-04
2.127284e-04
2.141807e-04
2.156380e-04
2.171001e-04
2.185672e-04
2.200391e-04
2.215160e-04
2.229978e-04
2.244846e-04
2.259762e-04
2.274727e-04
2.289742e-04
2.304806e-04
2.319918e-04
2.335080e-04
2.350292e-04
2.365552e-04
2.380861e-04
2.396220e-04
2.411627e-04
2.427084e-04
2.442590e-04
2.458145e-04
2.473749e-04
2.489402e-04
2.505105e-04
2.520856e-04
2.536657e-04
2.552507e-04
2.568406e-04
2.584354e-04
2.600351e-04
2.616397e-04
2.632493e-04
2.648637e-04
2.664831e-04
2.681074e-04
2.697366e-04
2.713707e-04
2.730097e-04
2.746537e-04
2.763025e-04
2.779563e-04
2.796150e-04
2.812786e-04
2.829471e-04
2.846205e-04
2.862988e-04
2.879821e-04
2.896702e-04
2.913633e-04
2.930613e-04
2.947642e-04
2.964720e-04
2.981847e-04
2.999023e-04
3.016249e-04
3.033523e-04
3.050847e-04
3.068220e-04
3.085642e-04
3.103113e-04
3.120633e-04
3.138203e-04
3.155821e-04
3.173489e-04
3.191206e-04
3.208972e-04
3.226787e-04
3.244651e-04
3.262564e-04
3.280527e-04
3.298538e-04
3.316599e-04
3.334709e-04
3.352868e-04
3.371076e-04
3.389333e-04
3.407640e-04
3.425995e-04
3.444400e-04
3.462854e-04
3.481357e-04
3.499909e-04
3.518510e-04
3.537160e-04
3.555860e-04
3.574608e-04
3.593406e-04
3.612253e-04
3.631149e-04
3.650094e-04
3.669088e-04
3.688131e-04
3.707224e-04
3.726365e-04
3.745556e-04
3.764796e-04
3.784085e-04
3.803423e-04
3.822810e-04
3.842247e-04
3.861732e-04
3.881267e-04
3.900851e-04
3.920484e-04
3.940166e-04
3.959897e-04
3.979677e-04
3.999507e-04
4.019385e-04
4.039313e-04
4.059290e-04
4.079316e-04
4.099391e-04
4.119515e-04
4.139689e-04
4.159911e-04
4.180183e-04
4.200503e-04
4.220873e-04
4.241292e-04
4.261761e-04
4.282278e-04
4.302844e-04
4.323460e-04
4.344125e-04
4.364838e-04
4.385601e-04
4.406413e-04
4.427275e-04
4.448185e-04
4.469144e-04
4.490153e-04
4.511211e-04
4.532318e-04
4.553474e-04
4.574679e-04
4.595933e-04
4.617236e-04
4.638589e-04
4.659991e-04
4.681441e-04
4.702941e-04
4.724490e-04
4.746089e-04
4.767736e-04
4.789432e-04
4.811178e-04
4.832973e-04
4.854817e-04
4.876710e-04
4.898652e-04
4.920643e-04
4.942683e-04
4.964773e-04
4.986911e-04
5.009099e-04
5.031336e-04
5.053622e-04
5.075957e-04
5.098342e-04
5.120775e-04
5.143257e-04
5.165789e-04
5.188370e-04
5.211000e-04
5.233679e-04
5.256407e-04
5.279185e-04
5.302011e-04
5.324887e-04
5.347811e-04
5.370785e-04
5.393808e-04
5.416880e-04
5.440002e-04
5.463172e-04
5.486392e-04
5.509660e-04
5.532978e-04
5.556345e-04
5.579761e-04
5.603226e-04
5.626740e-04
5.650304e-04
5.673917e-04
5.697578e-04
5.721289e-04
5.745049e-04
5.768858e-04
5.792716e-04
5.816624e-04
5.840580e-04
5.864586e-04
5.888641e-04
5.912745e-04
5.936898e-04
5.961100e-04
5.985351e-04
6.009651e-04
6.034001e-04
6.058400e-04
6.082847e-04
6.107344e-04
6.131890e-04
6.156486e-04
6.181130e-04
6.205823e-04
6.230566e-04
6.255358e-04
6.280199e-04
6.305089e-04
6.330028e-04
6.355016e-04
6.380053e-04
6.405140e-04
6.430276e-04
6.455460e-04
6.480694e-04
6.505977e-04
6.531310e-04
6.556691e-04
6.582121e-04
6.607601e-04
6.633130e-04
6.658707e-04
6.684334e-04
6.710010e-04
6.735736e-04
6.761510e-04
6.787334e-04
6.813206e-04
6.839128e-04
6.865099e-04
6.891119e-04
6.917188e-04
6.943306e-04
6.969474e-04
6.995690e-04
7.021956e-04
7.048271e-04
7.074635e-04
7.101048e-04
7.127510e-04
7.154021e-04
7.180582e-04
7.207191e-04
7.233850e-04
7.260558e-04
7.287315e-04
7.314121e-04
7.340976e-04
7.367881e-04
7.394834e-04
7.421837e-04
7.448889e-04
7.475989e-04
7.503139e-04
7.530339e-04
7.557587e-04
7.584884e-04
7.612231e-04
7.639627e-04
7.667072e-04
7.694565e-04
7.722109e-04
7.749701e-04
7.777342e-04
7.805033e-04
7.832772e-04
7.860561e-04
7.888399e-04
7.916286e-04
7.944222e-04
7.972207e-04
8.000242e-04
8.028325e-04
8.056458e-04
8.084640e-04
8.112871e-04
8.141151e-04
8.169480e-04
8.197858e-04
8.226286e-04
8.254762e-04
8.283288e-04
8.311863e-04
8.340487e-04
8.369160e-04
8.397882e-04
8.426654e-04
8.455474e-04
8.484344e-04
8.513263e-04
8.542230e-04
8.571247e-04
8.600314e-04
8.629429e-04
8.658593e-04
8.687807e-04
8.717070e-04
8.746381e-04
8.775742e-04
8.805153e-04
8.834612e-04
8.864120e-04
8.893678e-04
8.923284e-04
8.952940e-04
8.982645e-04
9.012399e-04
9.042202e-04
9.072054e-04
9.101956e-04
9.131906e-04
9.161906e-04
9.191955e-04
9.222053e-04
9.252200e-04
9.282396e-04
9.312641e-04
9.342936e-04
9.373279e-04
9.403672e-04
9.434114e-04
9.464605e-04
9.495145e-04
9.525734e-04
9.556372e-04
9.587060e-04
9.617797e-04
9.648582e-04
9.679417e-04
9.710301e-04
9.741234e-04
9.772217e-04
9.803248e-04
9.834329e-04
9.865458e-04
9.896637e-04
9.927865e-04
9.959142e-04
9.990468e-04
1.002184e-03
1.005327e-03
1.008474e-03
1.011626e-03
1.014784e-03
1.017946e-03
1.021113e-03
1.024285e-03
1.027462e-03
1.030643e-03
1.033830e-03
1.037022e-03
1.040218e-03
1.043419e-03
1.046626e-03
1.049837e-03
1.053053e-03
1.056274e-03
1.059500e-03
1.062731e-03
1.065967e-03
1.069208e-03
1.072453e-03
1.075704e-03
1.078959e-03
1.082220e-03
1.085485e-03
1.088755e-03
1.092030e-03
1.095310e-03
1.098595e-03
1.101885e-03
1.105180e-03
1.108479e-03
1.111784e-03
1.115093e-03
1.118408e-03
1.121727e-03
1.125051e-03
1.128380e-03
1.131715e-03
1.135054e-03
1.138397e-03
1.141746e-03
1.145100e-03
1.148459e-03
1.151822e-03
1.155191e-03
1.158564e-03
1.161942e-03
1.165325e-03
1.168713e-03
1.172107e-03
1.175504e-03
1.178907e-03
1.182315e-03
1.185728e-03
1.189145e-03
1.192568e-03
1.195995e-03
1.199428e-03
1.202865e-03
1.206307e-03
1.209754e-03
1.213206e-03
1.216663e-03
1.220125e-03
1.223591e-03
1.227063e-03
1.230540e-03
1.234021e-03
1.237507e-03
1.240999e-03
1.244495e-03
1.247996e-03
1.251502e-03
1.255013e-03
1.258529e-03
1.262049e-03
1.265575e-03
1.269106e-03
1.272641e-03
1.276182e-03
1.279727e-03
1.283277e-03
1.286832e-03
1.290392e-03
1.293957e-03
1.297527e-03
1.301102e-03
1.304682e-03
1.308266e-03
1.311856e-03
1.315450e-03
1.319050e-03
1.322654e-03
1.326263e-03
1.329877e-03
1.333496e-03
1.337120e-03
1.340749e-03
1.344383e-03
1.348022e-03
1.351665e-03
1.355314e-03
1.358967e-03
1.362626e-03
1.366289e-03
1.369957e-03
1.373630e-03
1.377308e-03
1.380991e-03
1.384679e-03
1.388371e-03
1.392069e-03
1.395772e-03
1.399479e-03
1.403191e-03
1.406909e-03
1.410631e-03
1.414358e-03
1.418090e-03
1.421827e-03
1.425569e-03
1.429316e-03
1.433067e-03
1.436824e-03
1.440585e-03
1.444352e-03
1.448123e-03
1.451899e-03
1.455680e-03
1.459467e-03
1.463258e-03
1.467053e-03
1.470854e-03
1.474660e-03
1.478471e-03
1.482286e-03
1.486107e-03
1.489932e-03
1.493762e-03
1.497597e-03
1.501438e-03
1.505283e-03
1.509133e-03
1.512987e-03
1.516847e-03
1.520712e-03
1.524581e-03
1.528456e-03
1.532335e-03
1.536220e-03
1.540109e-03
1.544003e-03
1.547902e-03
1.551806e-03
1.555715e-03
1.559629e-03
1.563548e-03
1.567471e-03
1.571400e-03
1.575333e-03
1.579272e-03
1.583215e-03
1.587163e-03
1.591116e-03
1.595074e-03
1.599037e-03
1.603005e-03
1.606978e-03
1.610956e-03
1.614938e-03
1.618926e-03
1.622918e-03
1.626915e-03
1.630918e-03
1.634925e-03
1.638937e-03
1.642954e-03
1.646976e-03
1.651003e-03
1.655034e-03
1.659071e-03
1.663112e-03
1.667159e-03
1.671210e-03
1.675267e-03
1.679328e-03
1.683394e-03
1.687465e-03
1.691541e-03
1.695622e-03
1.699708e-03
1.703798e-03
1.707894e-03
1.711994e-03
1.716100e-03
1.720210e-03
1.724325e-03
1.728446e-03
1.732571e-03
1.736701e-03
1.740836e-03
1.744975e-03
1.749120e-03
1.753270e-03
1.757424e-03
1.761584e-03
1.765748e-03
1.769917e-03
1.774092e-03
1.778271e-03
1.782455e-03
1.786644e-03
1.790838e-03
1.795036e-03
1.799240e-03
1.803449e-03
1.807662e-03
1.811881e-03
1.816104e-03
1.820332e-03
1.824565e-03
1.828803e-03
1.833046e-03
1.837294e-03
1.841547e-03
1.845805e-03
1.850068e-03
1.854335e-03
1.858608e-03
1.862885e-03
1.867167e-03
1.871454e-03
1.875747e-03
1.880044e-03
1.884346e-03
1.888652e-03
1.892964e-03
1.897281e-03
1.901602e-03
1.905929e-03
1.910260e-03
1.914597e-03
1.918938e-03
1.923284e-03
1.927635e-03
1.931991e-03
1.936352e-03
1.940718e-03
1.945089e-03
1.949464e-03
1.953845e-03
1.958230e-03
1.962621e-03
1.967016e-03
1.971416e-03
1.975821e-03
1.980231e-03
1.984646e-03
1.989066e-03
1.993491e-03
1.997921e-03
2.002355e-03
2.006795e-03
2.011239e-03
2.015689e-03
2.020143e-03
2.024602e-03
2.029066e-03
2.033535e-03
2.038009e-03
2.042488e-03
2.046972e-03
2.051460e-03
2.055954e-03
2.060452e-03
2.064956e-03
2.069464e-03
2.073977e-03
2.078495e-03
2.083018e-03
2.087546e-03
2.092079e-03
2.096617e-03
2.101160e-03
2.105707e-03
2.110260e-03
2.114817e-03
2.119380e-03
2.123947e-03
2.128519e-03
2.133096e-03
2.137678e-03
2.142265e-03
2.146857e-03
2.151454e-03
2.156055e-03
2.160662e-03
2.165273e-03
2.169890e-03
2.174511e-03
2.179137e-03
2.183768e-03
2.188404e-03
2.193045e-03
2.197691e-03
2.202342e-03
2.206998e-03
2.211658e-03
2.216324e-03
2.220994e-03
2.225670e-03
2.230350e-03
2.235035e-03
2.239725e-03
2.244420e-03
2.249120e-03
2.253825e-03
2.258535e-03
2.263249e-03
2.267969e-03
2.272693e-03
2.277423e-03
2.282157e-03
2.286896e-03
2.291640e-03
2.296389e-03
2.301143e-03
2.305902e-03
2.310666e-03
2.315435e-03
2.320208e-03
2.324987e-03
2.329770e-03
2.334559e-03
2.339352e-03
2.344150e-03
2.348953e-03
2.353761e-03
2.358574e-03
2.363392e-03
2.368215e-03
2.373042e-03
2.377875e-03
2.382712e-03
2.387555e-03
2.392402e-03
2.397254e-03
2.402111e-03
2.406974e-03
2.411840e-03
2.416712e-03
2.421589e-03
2.426471e-03
2.431357e-03
2.436249e-03
2.441145e-03
2.446047e-03
2.450953e-03
2.455864e-03
2.460780e-03
2.465701e-03
2.470627e-03
2.475558e-03
2.480494e-03
2.485434e-03
2.490380e-03
2.495331e-03
2.500286e-03
2.505246e-03
2.510211e-03
2.515182e-03
2.520157e-03
2.525137e-03
2.530122e-03
2.535111e-03
2.540106e-03
2.545106e-03
2.550110e-03
2.555120e-03
2.560134e-03
2.565153e-03
2.570177e-03
2.575206e-03
2.580241e-03
2.585279e-03
2.590323e-03
2.595372e-03
2.600426e-03
2.605484e-03
2.610548e-03
2.615616e-03
2.620689e-03
2.625768e-03
2.630851e-03
2.635939e-03
2.641032e-03
2.646130e-03
2.651233e-03
2.656340e-03
2.661453e-03
2.666570e-03
2.671693e-03
2.676820e-03
2.681952e-03
2.687090e-03
2.692232e-03
2.697379e-03
2.702531e-03
2.707688e-03
2.712849e-03
2.718016e-03
2.723187e-03
2.728364e-03
2.733545e-03
2.738732e-03
2.743923e-03
2.749119e-03
2.754320e-03
2.759526e-03
2.764737e-03
2.769953e-03
2.775173e-03
2.780399e-03
2.785630e-03
2.790865e-03
2.796105e-03
2.801351e-03
2.806601e-03
2.811856e-03
2.817116e-03
2.822381e-03
2.827651e-03
2.832926e-03
2.838205e-03
2.843490e-03
2.848779e-03
2.854074e-03
2.859373e-03
2.864677e-03
2.869986e-03
2.875300e-03
2.880619e-03
2.885943e-03
2.891272e-03
2.896606e-03
2.901944e-03
2.907288e-03
2.912636e-03
2.917990e-03
2.923348e-03
2.928711e-03
2.934079e-03
2.939452e-03
2.944830e-03
2.950213e-03
2.955601e-03
2.960994e-03
2.966391e-03
2.971794e-03
2.977201e-03
2.982613e-03
2.988031e-03
2.993453e-03
2.998880e-03
3.004312e-03
3.009749e-03
3.015190e-03
3.020637e-03
3.026089e-03
3.031545e-03
3.037007e-03
3.042473e-03
3.047944e-03
3.053421e-03
3.058902e-03
3.064388e-03
3.069879e-03
3.075375e-03
3.080875e-03
3.086381e-03
3.091892e-03
3.097407e-03
3.102927e-03
3.108453e-03
3.113983e-03
3.119518e-03
3.125058e-03
3.130603e-03
3.136153e-03
3.141708e-03
3.147268e-03
3.152832e-03
3.158402e-03
3.163976e-03
3.169556e-03
3.175140e-03
3.180729e-03
3.186323e-03
3.191922e-03
3.197526e-03
3.203135e-03
3.208749e-03
3.214367e-03
3.219991e-03
3.225619e-03
3.231253e-03
3.236891e-03
3.242534e-03
3.248183e-03
3.253836e-03
3.259494e-03
3.265157e-03
3.270824e-03
3.276497e-03
3.282175e-03
3.287857e-03
3.293545e-03
3.299237e-03
3.304934e-03
3.310637e-03
3.316344e-03
3.322056e-03
3.327773e-03
3.333494e-03
3.339221e-03
3.344953e-03
3.350690e-03
3.356431e-03
3.362177e-03
3.367929e-03
3.373685e-03
3.379446e-03
3.385212e-03
3.390983e-03
3.396759e-03
3.402540e-03
3.408326e-03
3.414116e-03
3.419912e-03
3.425712e-03
3.431518e-03
3.437328e-03
3.443143e-03
3.448963e-03
3.454788e-03
3.460618e-03
3.466453e-03
3.472293e-03
3.478137e-03
3.483987e-03
3.489842e-03
3.495701e-03
3.501565e-03
3.507435e-03
3.513309e-03
3.519188e-03
3.525072e-03
3.530961e-03
3.536854e-03
3.542753e-03
3.548657e-03
3.554565e-03
3.560479e-03
3.566397e-03
3.572321e-03
3.578249e-03
3.584182e-03
3.590120e-03
3.596063e-03
3.602011e-03
3.607963e-03
3.613921e-03
3.619884e-03
3.625851e-03
3.631824e-03
3.637801e-03
3.643783e-03
3.649770e-03
3.655762e-03
3.661759e-03
3.667761e-03
3.673768e-03
3.679780e-03
3.685796e-03
3.691818e-03
3.697845e-03
3.703876e-03
3.709912e-03
3.715953e-03
3.721999e-03
3.728051e-03
3.734106e-03
3.740167e-03
3.746233e-03
3.752304e-03
3.758379e-03
3.764460e-03
3.770545e-03
3.776636e-03
3.782731e-03
3.788831e-03
3.794936e-03
3.801046e-03
3.807161e-03
3.813281e-03
3.819406e-03
3.825535e-03
3.831670e-03
3.837809e-03
3.843954e-03
3.850103e-03
3.856257e-03
3.862416e-03
3.868580e-03
3.874749e-03
3.880923e-03
3.887102e-03
3.893285e-03
3.899474e-03
3.905668e-03
3.911866e-03
3.918069e-03
3.924278e-03
3.930491e-03
3.936709e-03
3.942932e-03
3.949160e-03
3.955393e-03
3.961630e-03
3.967873e-03
3.974120e-03
3.980373e-03
3.986630e-03
3.992893e-03
3.999160e-03
4.005432e-03
4.011709e-03
4.017991e-03
4.024278e-03
4.030570e-03
4.036866e-03
4.043168e-03
4.049474e-03
4.055786e-03
4.062102e-03
4.068423e-03
4.074750e-03
4.081081e-03
4.087417e-03
4.093758e-03
4.100103e-03
4.106454e-03
4.112810e-03
4.119170e-03
4.125536e-03
4.131906e-03
4.138281e-03
4.144662e-03
4.151047e-03
4.157437e-03
4.163832e-03
4.170232e-03
4.176636e-03
4.183046e-03
4.189461e-03
4.195880e-03
4.202305e-03
4.208734e-03
4.215168e-03
4.221607e-03
4.228052e-03
4.234501e-03
4.240954e-03
4.247413e-03
4.253877e-03
4.260346e-03
4.266819e-03
4.273298e-03
4.279781e-03
4.286269e-03
4.292763e-03
4.299261e-03
4.305764e-03
4.312272e-03
4.318785e-03
4.325302e-03
4.331825e-03
4.338353e-03
4.344885e-03
4.351423e-03
4.357965e-03
4.364512e-03
4.371064e-03
4.377621e-03
4.384183e-03
4.390750e-03
4.397322e-03
4.403899e-03
4.410481e-03
4.417067e-03
4.423659e-03
4.430255e-03
4.436856e-03
4.443462e-03
4.450074e-03
4.456690e-03
4.463311e-03
4.469936e-03
4.476567e-03
4.483203e-03
4.489844e-03
4.496489e-03
4.503139e-03
4.509795e-03
4.516455e-03
4.523120e-03
4.529790e-03
4.536465e-03
4.543145e-03
4.549830e-03
4.556520e-03
4.563214e-03
4.569914e-03
4.576619e-03
4.583328e-03
4.590042e-03
4.596761e-03
4.603486e-03
4.610215e-03
4.616949e-03
4.623687e-03
4.630431e-03
4.637180e-03
4.643934e-03
4.650692e-03
4.657456e-03
4.664224e-03
4.670997e-03
4.677775e-03
4.684558e-03
4.691346e-03
4.698139e-03
4.704937e-03
4.711740e-03
4.718548e-03
4.725360e-03
4.732178e-03
4.739000e-03
4.745827e-03
4.752659e-03
4.759497e-03
4.766339e-03
4.773186e-03
4.780037e-03
4.786894e-03
4.793756e-03
4.800623e-03
4.807494e-03
4.814371e-03
4.821252e-03
4.828138e-03
4.835029e-03
4.841925e-03
4.848826e-03
4.855732e-03
4.862643e-03
4.869559e-03
4.876480e-03
4.883405e-03
4.890336e-03
4.897271e-03
4.904211e-03
4.911157e-03
4.918107e-03
4.925062e-03
4.932022e-03
4.938987e-03
4.945956e-03
4.952931e-03
4.959911e-03
4.966895e-03
4.973885e-03
4.980879e-03
4.987878e-03
4.994882e-03
5.001892e-03
5.008906e-03
5.015924e-03
5.022948e-03
5.029977e-03
5.037011e-03
5.044049e-03
5.051093e-03
5.058141e-03
5.065194e-03
5.072253e-03
5.079316e-03
5.086384e-03
5.093457e-03
5.100535e-03
5.107618e-03
5.114705e-03
5.121798e-03
5.128895e-03
5.135998e-03
5.143105e-03
5.150217e-03
5.157335e-03
5.164457e-03
5.171584e-03
5.178716e-03
5.185852e-03
5.192994e-03
5.200141e-03
5.207292e-03
5.214449e-03
5.221610e-03
5.228777e-03
5.235948e-03
5.243124e-03
5.250305e-03
5.257491e-03
5.264682e-03
5.271878e-03
5.279078e-03
5.286284e-03
5.293495e-03
5.300710e-03
5.307930e-03
5.315156e-03
5.322386e-03
5.329621e-03
5.336861e-03
5.344106e-03
5.351356e-03
5.358610e-03
5.365870e-03
5.373135e-03
5.380404e-03
5.387679e-03
5.394958e-03
5.402242e-03
5.409531e-03
5.416825e-03
5.424124e-03
5.431428e-03
5.438737e-03
5.446051e-03
5.453369e-03
5.460693e-03
5.468021e-03
5.475355e-03
5.482693e-03
5.490036e-03
5.497384e-03
5.504737e-03
5.512095e-03
5.519458e-03
5.526826e-03
5.534198e-03
5.541576e-03
5.548959e-03
5.556346e-03
5.563738e-03
5.571135e-03
5.578538e-03
5.585945e-03
5.593357e-03
5.600774e-03
5.608195e-03
5.615622e-03
5.623054e-03
5.630490e-03
5.637932e-03
5.645378e-03
5.652829e-03
5.660285e-03
5.667747e-03
5.675213e-03
5.682684e-03
5.689495e-03
5.696281e-03
5.703043e-03
5.709781e-03
5.716494e-03
5.723183e-03
5.729847e-03
5.736486e-03
5.743101e-03
5.749692e-03
5.756258e-03
5.762800e-03
5.769317e-03
5.775809e-03
5.782277e-03
5.788721e-03
5.795140e-03
5.801535e-03
5.807905e-03
5.814250e-03
5.820571e-03
5.826868e-03
5.833140e-03
5.839388e-03
5.845611e-03
5.851809e-03
5.857983e-03
5.864133e-03
5.870258e-03
5.876359e-03
5.882435e-03
5.888486e-03
5.894513e-03
5.900516e-03
5.906494e-03
5.912448e-03
5.918377e-03
5.924281e-03
5.930161e-03
5.936017e-03
5.941848e-03
5.947655e-03
5.953437e-03
5.959194e-03
5.964927e-03
5.970636e-03
5.976320e-03
5.981980e-03
5.987615e-03
5.993225e-03
5.998811e-03
6.004373e-03
6.009910e-03
6.015423e-03
6.020911e-03
6.026374e-03
6.031813e-03
6.037228e-03
6.042618e-03
6.047983e-03
6.053325e-03
6.058641e-03
6.063933e-03
6.069201e-03
6.074444e-03
6.079662e-03
6.084856e-03
6.090026e-03
6.095171e-03
6.100292e-03
6.105388e-03
6.110459e-03
6.115506e-03
6.120529e-03
6.125527e-03
6.130501e-03
6.135450e-03
6.140374e-03
6.145274e-03
6.150150e-03
6.155001e-03
6.159827e-03
6.164629e-03
6.169407e-03
6.174160e-03
6.178889e-03
6.183593e-03
6.188272e-03
6.192927e-03
6.197558e-03
6.202164e-03
6.206745e-03
6.211303e-03
6.215835e-03
6.220343e-03
6.224827e-03
6.229286e-03
6.233720e-03
6.238130e-03
6.242516e-03
6.246877e-03
6.251213e-03
6.255526e-03
6.259813e-03
6.264076e-03
6.268315e-03
6.272529e-03
6.276718e-03
6.280883e-03
6.285024e-03
6.289140e-03
6.293231e-03
6.297299e-03
6.301341e-03
6.305359e-03
6.309353e-03
6.313322e-03
6.317266e-03
6.321186e-03
6.325082e-03
6.328953e-03
6.332799e-03
6.336621e-03
6.340419e-03
6.344192e-03
6.347941e-03
6.351665e-03
6.355364e-03
6.359039e-03
6.362690e-03
6.366316e-03
6.369917e-03
6.373494e-03
6.377047e-03
6.380575e-03
6.384078e-03
6.387557e-03
6.391012e-03
6.394442e-03
6.397848e-03
6.401229e-03
6.404585e-03
6.407917e-03
6.411225e-03
6.414508e-03
6.417766e-03
6.421000e-03
6.424210e-03
6.427395e-03
6.430555e-03
6.433691e-03
6.436803e-03
6.439890e-03
6.442953e-03
6.445991e-03
6.449004e-03
6.451993e-03
6.454958e-03
6.457898e-03
6.460813e-03
6.463704e-03
6.466571e-03
6.469413e-03
6.472230e-03
6.475023e-03
6.477792e-03
6.480536e-03
6.483255e-03
6.485950e-03
6.488621e-03
6.491267e-03
6.493888e-03
6.496485e-03
6.499058e-03
6.501606e-03
6.504130e-03
6.506629e-03
6.509103e-03
6.511553e-03
6.513979e-03
6.516380e-03
6.518756e-03
6.521108e-03
6.523436e-03
6.525739e-03
6.528017e-03
6.530271e-03
6.532501e-03
6.534706e-03
6.536886e-03
6.539042e-03
6.541174e-03
6.543281e-03
6.545363e-03
6.547421e-03
6.549455e-03
6.551464e-03
6.553448e-03
6.555408e-03
6.557344e-03
6.559255e-03
6.561141e-03
6.563003e-03
6.564841e-03
6.566654e-03
6.568442e-03
6.570206e-03
6.571946e-03
6.573661e-03
6.575351e-03
6.577017e-03
6.578659e-03
6.580276e-03
6.581868e-03
6.583436e-03
6.584980e-03
6.586499e-03
6.587993e-03
6.589463e-03
6.590909e-03
6.592330e-03
6.593726e-03
6.595098e-03
6.596446e-03
6.597769e-03
6.599067e-03
6.600341e-03
6.601591e-03
6.602816e-03
6.604016e-03
6.605192e-03
6.606344e-03
6.607471e-03
6.608573e-03
6.609651e-03
6.610705e-03
6.611734e-03
6.612738e-03
6.613718e-03
6.614674e-03
6.615605e-03
6.616511e-03
6.617393e-03
6.618251e-03
6.619084e-03
6.619892e-03
6.620676e-03
6.621436e-03
6.622171e-03
6.622881e-03
6.623567e-03
6.624229e-03
6.624866e-03
6.625478e-03
6.626066e-03
6.626630e-03
6.627169e-03
6.627683e-03
6.628173e-03
6.628639e-03
6.629080e-03
6.629496e-03
6.629888e-03
6.630255e-03
6.630598e-03
6.630917e-03
6.631211e-03
6.631480e-03
6.631725e-03
6.631946e-03
6.632142e-03
6.632313e-03
6.632460e-03
6.632583e-03
6.632681e-03
6.632754e-03
6.632803e-03
6.632828e-03
6.632828e-03
6.632803e-03
6.632754e-03
6.632681e-03
6.632583e-03
6.632460e-03
6.632313e-03
6.632141e-03
6.631945e-03
6.631725e-03
6.631480e-03
6.631210e-03
6.630916e-03
6.630598e-03
6.630255e-03
6.629887e-03
6.629495e-03
6.629079e-03
6.628638e-03
6.628172e-03
6.627682e-03
6.627167e-03
6.626851e-03
6.626851e-03
6.626851e-03
6.626851e-03
6.626851e-03
6.626851e-03
6.626851e-03
6.626851e-03
6.626851e-03
6.626851e-03
6.626851e-03
6.626851e-03
6.626851e-03
6.626851e-03
6.626851e-03
6.626851e-03
6.626851e-03
6.626851e-03
6.626851e-03
6.626851e-03
6.626851e-03
6.626851e-03
6.626851e-03
6.626851e-03
6.626851e-03
6.626851e-03
6.626851e-03
6.626851e-03
6.626851e-03
6.626851e-03
6.626851e-03
6.626851e-03
6.626851e-03
6.626851e-03
6.626851e-03
6.626851e-03
6.626851e-03
6.626851e-03
6.626851e-03
6.626851e-03
6.626851e-03
6.626851e-03
6.626851e-03
6.626851e-03
6.626851e-03
6.626851e-03
6.626851e-03
6.626851e-03
6.626851e-03
6.626851e-03
6.626851e-03
6.626851e-03
6.626851e-03
6.626851e-03
6.626851e-03
6.626851e-03
6.626851e-03
6.626851e-03
6.626851e-03
6.626851e-03
6.626851e-03
6.626851e-03
6.626851e-03
6.626851e-03
6.626851e-03
6.626851e-03
6.626851e-03
6.626851e-03
6.626851e-03
6.626851e-03
6.626851e-03
6.626851e-03
6.626851e-03
6.626851e-03
6.626851e-03
6.626851e-03
6.626851e-03
6.626851e-03
6.626851e-03
6.626851e-03
6.626851e-03
6.626851e-03
6.626851e-03
6.626851e-03
6.626851e-03
6.626851e-03
6.626851e-03
6.626851e-03
6.626851e-03
6.626851e-03
6.626851e-03
6.626851e-03
6.626851e-03
6.626851e-03
6.626851e-03
6.626851e-03
6.626851e-03
6.626851e-03
6.626851e-03
6.626851e-03
6.626851e-03
6.626851e-03
6.626851e-03
6.626851e-03
6.626851e-03
6.626851e-03
6.626851e-03
6.626851e-03
6.626851e-03
6.626851e-03
6.626851e-03
6.626851e-03
6.626851e-03
6.626851e-03
6.626851e-03
6.626851e-03
6.626851e-03
6.626851e-03
6.626851e-03
6.626851e-03
6.626851e-03
6.626851e-03
6.626851e-03
6.626851e-03
6.626851e-03
6.626851e-03
6.626851e-03
6.626851e-03
6.626851e-03
6.626851e-03
6.626851e-03
6.626851e-03
6.626851e-03
6.626851e-03
6.626851e-03
6.626851e-03
6.626851e-03
6.626851e-03
6.626851e-03
6.626851e-03
6.626851e-03
6.626851e-03
6.626851e-03
6.626851e-03
6.626851e-03
6.626851e-03
6.626851e-03
6.626851e-03
6.626851e-03
6.626851e-03
6.626851e-03
6.626851e-03
6.626851e-03
6.626851e-03
6.626851e-03
6.626851e-03
6.626851e-03
6.626851e-03
6.626851e-03
6.626851e-03
6.626851e-03
6.626851e-03
6.626851e-03
6.626851e-03
6.626851e-03
6.626851e-03
6.626851e-03
6.626851e-03
6.626851e-03
6.626851e-03
6.626851e-03
6.626851e-03
6.626851e-03
6.626851e-03
6.626851e-03
6.626851e-03
6.626851e-03
6.626851e-03
6.626851e-03
6.626851e-03
6.626851e-03
6.626851e-03
6.626851e-03
6.626851e-03
6.626851e-03
6.626851e-03
6.626851e-03
6.626851e-03
6.626851e-03
6.626851e-03
6.626851e-03
6.626851e-03
6.626851e-03
6.626851e-03
6.626851e-03
6.626851e-03
6.626851e-03
6.626851e-03
6.626851e-03
6.626851e-03
6.626851e-03
