0.000000e+00
1.110371e-07
2.274383e-07
3.492036e-07
4.763330e-07
6.088265e-07
7.466842e-07
8.899059e-07
1.038492e-06
1.192442e-06
1.351756e-06
1.516434e-06
1.686476e-06
1.861883e-06
2.042653e-06
2.228788e-06
2.420287e-06
2.617149e-06
2.819376e-06
3.026968e-06
3.239923e-06
3.458242e-06
3.681925e-06
3.910973e-06
4.145385e-06
4.385160e-06
4.630300e-06
4.880804e-06
5.136672e-06
5.397904e-06
5.664501e-06
5.936461e-06
6.213786e-06
6.496474e-06
6.784527e-06
7.077944e-06
7.376725e-06
7.680870e-06
7.990379e-06
8.305252e-06
8.625490e-06
8.951091e-06
9.282057e-06
9.618386e-06
9.960080e-06
1.030714e-05
1.065956e-05
1.101735e-05
1.138050e-05
1.174901e-05
1.212289e-05
1.250213e-05
1.288674e-05
1.327671e-05
1.367204e-05
1.407274e-05
1.447881e-05
1.489023e-05
1.530703e-05
1.572918e-05
1.615670e-05
1.658958e-05
1.702783e-05
1.747144e-05
1.792042e-05
1.837476e-05
1.883446e-05
1.929953e-05
1.976997e-05
2.024576e-05
2.072692e-05
2.121345e-05
2.170534e-05
2.220259e-05
2.270521e-05
2.321319e-05
2.372653e-05
2.424524e-05
2.476932e-05
2.529875e-05
2.583356e-05
2.637372e-05
2.691925e-05
2.747015e-05
2.802640e-05
2.858803e-05
2.915501e-05
2.972736e-05
3.030508e-05
3.088816e-05
3.147660e-05
3.207041e-05
3.266958e-05
3.327411e-05
3.388401e-05
3.449928e-05
3.511990e-05
3.574590e-05
3.637725e-05
3.701397e-05
3.765606e-05
3.830350e-05
3.895632e-05
3.961449e-05
4.027803e-05
4.094694e-05
4.162121e-05
4.230084e-05
4.298584e-05
4.367620e-05
4.437192e-05
4.507301e-05
4.577946e-05
4.649128e-05
4.720846e-05
4.793101e-05
4.865892e-05
4.939219e-05
5.013083e-05
5.087483e-05
5.162420e-05
5.237893e-05
5.313902e-05
5.390448e-05
5.467531e-05
5.545149e-05
5.623304e-05
5.701996e-05
5.781224e-05
5.860988e-05
5.941289e-05
6.022126e-05
6.103499e-05
6.185409e-05
6.267856e-05
6.350839e-05
6.434358e-05
6.518413e-05
6.603005e-05
6.688134e-05
6.773799e-05
6.860000e-05
6.946738e-05
7.034012e-05
7.121822e-05
7.210169e-05
7.299052e-05
7.388472e-05
7.478428e-05
7.568921e-05
7.659950e-05
7.751515e-05
7.843617e-05
7.936255e-05
8.029430e-05
8.123141e-05
8.217388e-05
8.312172e-05
8.407492e-05
8.503349e-05
8.599742e-05
8.696671e-05
8.794137e-05
8.892140e-05
8.990678e-05
9.089753e-05
9.189365e-05
9.289513e-05
9.390197e-05
9.491418e-05
9.593175e-05
9.695469e-05
9.798299e-05
9.901665e-05
1.000557e-04
1.011001e-04
1.021498e-04
1.032049e-04
1.042654e-04
1.053313e-04
1.064025e-04
1.074791e-04
1.085610e-04
1.096483e-04
1.107410e-04
1.118390e-04
1.129424e-04
1.140512e-04
1.151653e-04
1.162848e-04
1.174096e-04
1.185399e-04
1.196754e-04
1.208164e-04
1.219627e-04
1.231144e-04
1.242714e-04
1.254338e-04
1.266016e-04
1.277747e-04
1.289532e-04
1.301371e-04
1.313263e-04
1.325209e-04
1.337208e-04
1.349262e-04
1.361368e-04
1.373529e-04
1.385743e-04
1.398011e-04
1.410332e-04
1.422707e-04
1.435136e-04
1.447618e-04
1.460154e-04
1.472743e-04
1.485387e-04
1.498083e-04
1.510834e-04
1.523638e-04
1.536496e-04
1.549407e-04
1.562372e-04
1.575391e-04
1.588463e-04
1.601589e-04
1.614769e-04
1.628002e-04
1.641289e-04
1.654630e-04
1.668024e-04
1.681472e-04
1.694973e-04
1.708528e-04
1.722137e-04
1.735799e-04
1.749515e-04
1.763285e-04
1.777108e-04
1.790985e-04
1.804916e-04
1.818900e-04
1.832938e-04
1.847030e-04
1.861175e-04
1.875373e-04
1.889626e-04
1.903932e-04
1.918292e-04
1.932705e-04
1.947172e-04
1.961693e-04
1.976267e-04
1.990895e-04
2.005577e-04
2.020312e-04
2.035101e-04
2.049943e-04
2.064839e-04
2.079789e-04
2.094792e-04
2.109849e-04
2.124960e-04
2.140125e-04
2.155342e-04
2.170614e-04
2.185939e-04
2.201318e-04
2.216751e-04
2.232237e-04
2.247777e-04
2.263370e-04
2.279017e-04
2.294718e-04
2.310473e-04
2.326281e-04
2.342142e-04
2.358058e-04
2.374027e-04
2.390049e-04
2.406125e-04
2.422255e-04
2.438439e-04
2.454676e-04
2.470967e-04
2.487311e-04
2.503709e-04
2.520161e-04
2.536666e-04
2.553225e-04
2.569838e-04
2.586504e-04
2.603224e-04
2.619998e-04
2.636825e-04
2.653706e-04
2.670640e-04
2.687629e-04
2.704670e-04
2.721766e-04
2.738915e-04
2.756117e-04
2.773374e-04
2.790684e-04
2.808047e-04
2.825465e-04
2.842936e-04
2.860460e-04
2.878038e-04
2.895670e-04
2.913356e-04
2.931095e-04
2.948888e-04
2.966734e-04
2.984634e-04
3.002588e-04
3.020595e-04
3.038656e-04
3.056771e-04
3.074939e-04
3.093161e-04
3.111436e-04
3.129765e-04
3.148148e-04
3.166585e-04
3.185075e-04
3.203618e-04
3.222216e-04
3.240867e-04
3.259571e-04
3.278330e-04
3.297142e-04
3.316007e-04
3.334926e-04
3.353899e-04
3.372926e-04
3.392006e-04
3.411140e-04
3.430327e-04
3.449568e-04
3.468863e-04
3.488211e-04
3.507613e-04
3.527069e-04
3.546578e-04
3.566141e-04
3.585758e-04
3.605428e-04
3.625152e-04
3.644929e-04
3.664760e-04
3.684645e-04
3.704583e-04
3.724575e-04
3.744621e-04
3.764720e-04
3.784873e-04
3.805080e-04
3.825340e-04
3.845654e-04
3.866022e-04
3.886443e-04
3.906918e-04
3.927446e-04
3.948028e-04
3.968664e-04
3.989353e-04
4.010096e-04
4.030893e-04
4.051743e-04
4.072647e-04
4.093605e-04
4.114616e-04
4.135681e-04
4.156799e-04
4.177972e-04
4.199197e-04
4.220477e-04
4.241810e-04
4.263197e-04
4.284637e-04
4.306131e-04
4.327678e-04
4.349280e-04
4.370935e-04
4.392643e-04
4.414405e-04
4.436221e-04
4.458091e-04
4.480014e-04
4.501991e-04
4.524021e-04
4.546105e-04
4.568243e-04
4.590434e-04
4.612679e-04
4.634978e-04
4.657330e-04
4.679736e-04
4.702195e-04
4.724708e-04
4.747275e-04
4.769896e-04
4.792570e-04
4.815298e-04
4.838079e-04
4.860914e-04
4.883803e-04
4.906745e-04
4.929741e-04
4.952790e-04
4.975894e-04
4.999051e-04
5.022261e-04
5.045525e-04
5.068843e-04
5.092214e-04
5.115639e-04
5.139118e-04
5.162651e-04
5.186237e-04
5.209876e-04
5.233569e-04
5.257316e-04
5.281117e-04
5.304971e-04
5.328879e-04
5.352840e-04
5.376856e-04
5.400924e-04
5.425047e-04
5.449223e-04
5.473452e-04
5.497736e-04
5.522073e-04
5.546463e-04
5.570908e-04
5.595406e-04
5.619957e-04
5.644562e-04
5.669221e-04
5.693934e-04
5.718700e-04
5.743519e-04
5.768393e-04
5.793320e-04
5.818300e-04
5.843335e-04
5.868423e-04
5.893564e-04
5.918759e-04
5.944008e-04
5.969311e-04
5.994667e-04
6.020077e-04
6.045540e-04
6.071057e-04
6.096628e-04
6.122252e-04
6.147930e-04
6.173662e-04
6.199447e-04
6.225286e-04
6.251179e-04
6.277125e-04
6.303125e-04
6.329178e-04
6.355285e-04
6.381446e-04
6.407661e-04
6.433929e-04
6.460250e-04
6.486626e-04
6.513055e-04
6.539537e-04
6.566074e-04
6.592663e-04
6.619307e-04
6.646004e-04
6.672755e-04
6.699559e-04
6.726417e-04
6.753329e-04
6.780295e-04
6.807314e-04
6.834386e-04
6.861513e-04
6.888693e-04
6.915926e-04
6.943213e-04
6.970554e-04
6.997949e-04
7.025397e-04
7.052899e-04
7.080454e-04
7.108063e-04
7.135726e-04
7.163442e-04
7.191212e-04
7.219036e-04
7.246913e-04
7.274844e-04
7.302829e-04
7.330867e-04
7.358959e-04
7.387104e-04
7.415303e-04
7.443556e-04
7.471863e-04
7.500223e-04
7.528636e-04
7.557104e-04
7.585625e-04
7.614199e-04
7.642827e-04
7.671509e-04
7.700245e-04
7.729034e-04
7.757877e-04
7.786773e-04
7.815723e-04
7.844727e-04
7.873785e-04
7.902896e-04
7.932060e-04
7.961279e-04
7.990551e-04
8.019876e-04
8.049255e-04
8.078688e-04
8.108175e-04
8.137715e-04
8.167309e-04
8.196956e-04
8.226657e-04
8.256412e-04
8.286220e-04
8.316082e-04
8.345998e-04
8.375967e-04
8.405990e-04
8.436067e-04
8.466197e-04
8.496381e-04
8.526618e-04
8.556909e-04
8.587254e-04
8.617653e-04
8.648105e-04
8.678610e-04
8.709170e-04
8.739783e-04
8.770449e-04
8.801170e-04
8.831943e-04
8.862771e-04
8.893652e-04
8.924587e-04
8.955576e-04
8.986618e-04
9.017713e-04
9.048863e-04
9.080066e-04
9.111322e-04
9.142633e-04
9.173997e-04
9.205414e-04
9.236886e-04
9.268410e-04
9.299989e-04
9.331621e-04
9.363307e-04
9.395046e-04
9.426839e-04
9.458686e-04
9.490587e-04
9.522541e-04
9.554548e-04
9.586609e-04
9.618724e-04
9.650893e-04
9.683115e-04
9.715391e-04
9.747721e-04
9.780104e-04
9.812540e-04
9.845031e-04
9.877575e-04
9.910173e-04
9.942824e-04
9.975529e-04
1.000829e-03
1.004110e-03
1.007397e-03
1.010689e-03
1.013986e-03
1.017289e-03
1.020597e-03
1.023910e-03
1.027229e-03
1.030553e-03
1.033882e-03
1.037217e-03
1.040558e-03
1.043903e-03
1.047254e-03
1.050610e-03
1.053972e-03
1.057339e-03
1.060712e-03
1.064089e-03
1.067472e-03
1.070861e-03
1.074255e-03
1.077654e-03
1.081059e-03
1.084469e-03
1.087884e-03
1.091305e-03
1.094731e-03
1.098162e-03
1.101599e-03
1.105041e-03
1.108489e-03
1.111941e-03
1.115400e-03
1.118863e-03
1.122332e-03
1.125807e-03
1.129286e-03
1.132771e-03
1.136262e-03
1.139758e-03
1.143259e-03
1.146765e-03
1.150277e-03
1.153794e-03
1.157317e-03
1.160845e-03
1.164378e-03
1.167917e-03
1.171461e-03
1.175011e-03
1.178565e-03
1.182125e-03
1.185691e-03
1.189262e-03
1.192838e-03
1.196420e-03
1.200007e-03
1.203599e-03
1.207197e-03
1.210800e-03
1.214408e-03
1.218022e-03
1.221641e-03
1.225266e-03
1.228896e-03
1.232531e-03
1.236172e-03
1.239818e-03
1.243469e-03
1.247126e-03
1.250788e-03
1.254455e-03
1.258128e-03
1.261806e-03
1.265490e-03
1.269179e-03
1.272873e-03
1.276572e-03
1.280277e-03
1.283988e-03
1.287704e-03
1.291425e-03
1.295151e-03
1.298883e-03
1.302620e-03
1.306363e-03
1.310110e-03
1.313864e-03
1.317622e-03
1.321386e-03
1.325156e-03
1.328930e-03
1.332711e-03
1.336496e-03
1.340287e-03
1.344083e-03
1.347885e-03
1.351691e-03
1.355504e-03
1.359321e-03
1.363144e-03
1.366973e-03
1.370806e-03
1.374646e-03
1.378490e-03
1.382340e-03
1.386195e-03
1.390056e-03
1.393921e-03
1.397793e-03
1.401669e-03
1.405551e-03
1.409439e-03
1.413332e-03
1.417230e-03
1.421133e-03
1.425042e-03
1.428956e-03
1.432876e-03
1.436801e-03
1.440731e-03
1.444667e-03
1.448608e-03
1.452554e-03
1.456506e-03
1.460463e-03
1.464425e-03
1.468393e-03
1.472366e-03
1.476345e-03
1.480329e-03
1.484318e-03
1.488313e-03
1.492313e-03
1.496318e-03
1.500329e-03
1.504345e-03
1.508366e-03
1.512393e-03
1.516425e-03
1.520463e-03
1.524506e-03
1.528554e-03
1.532608e-03
1.536667e-03
1.540731e-03
1.544801e-03
1.548876e-03
1.552957e-03
1.557042e-03
1.561134e-03
1.565230e-03
1.569332e-03
1.573439e-03
1.577552e-03
1.581670e-03
1.585794e-03
1.589922e-03
1.594056e-03
1.598196e-03
1.602341e-03
1.606491e-03
1.610647e-03
1.614808e-03
1.618974e-03
1.623145e-03
1.627323e-03
1.631505e-03
1.635693e-03
1.639886e-03
1.644084e-03
1.648288e-03
1.652497e-03
1.656712e-03
1.660932e-03
1.665157e-03
1.669388e-03
1.673624e-03
1.677865e-03
1.682112e-03
1.686364e-03
1.690622e-03
1.694885e-03
1.699153e-03
1.703426e-03
1.707705e-03
1.711990e-03
1.716279e-03
1.720574e-03
1.724875e-03
1.729181e-03
1.733492e-03
1.737808e-03
1.742130e-03
1.746457e-03
1.750790e-03
1.755128e-03
1.759471e-03
1.763820e-03
1.768174e-03
1.772533e-03
1.776898e-03
1.781268e-03
1.785644e-03
1.790025e-03
1.794411e-03
1.798802e-03
1.803199e-03
1.807602e-03
1.812009e-03
1.816422e-03
1.820841e-03
1.825265e-03
1.829694e-03
1.834128e-03
1.838568e-03
1.843013e-03
1.847464e-03
1.851920e-03
1.856381e-03
1.860848e-03
1.865320e-03
1.869797e-03
1.874280e-03
1.878768e-03
1.883262e-03
1.887761e-03
1.892265e-03
1.896775e-03
1.901290e-03
1.905810e-03
1.910336e-03
1.914867e-03
1.919403e-03
1.923945e-03
1.928492e-03
1.933045e-03
1.937603e-03
1.942166e-03
1.946734e-03
1.951308e-03
1.955888e-03
1.960472e-03
1.965062e-03
1.969658e-03
1.974259e-03
1.978865e-03
1.983476e-03
1.988093e-03
1.992716e-03
1.997343e-03
2.001976e-03
2.006614e-03
2.011258e-03
2.015907e-03
2.020562e-03
2.025222e-03
2.029887e-03
2.034557e-03
2.039233e-03
2.043914e-03
2.048601e-03
2.053293e-03
2.057990e-03
2.062693e-03
2.067401e-03
2.072115e-03
2.076833e-03
2.081558e-03
2.086287e-03
2.091022e-03
2.095762e-03
2.100508e-03
2.105259e-03
2.110015e-03
2.114777e-03
2.119544e-03
2.124316e-03
2.129094e-03
2.133877e-03
2.138666e-03
2.143460e-03
2.148259e-03
2.153064e-03
2.157874e-03
2.162689e-03
2.167510e-03
2.172336e-03
2.177167e-03
2.182004e-03
2.186846e-03
2.191694e-03
2.196547e-03
2.201405e-03
2.206269e-03
2.211138e-03
2.216012e-03
2.220892e-03
2.225777e-03
2.230667e-03
2.235563e-03
2.240464e-03
2.245371e-03
2.250283e-03
2.255200e-03
2.260123e-03
2.265051e-03
2.269984e-03
2.274923e-03
2.279867e-03
2.284817e-03
2.289771e-03
2.294732e-03
2.299697e-03
2.304668e-03
2.309644e-03
2.314626e-03
2.319613e-03
2.324605e-03
2.329603e-03
2.334606e-03
2.339615e-03
2.344629e-03
2.349648e-03
2.354672e-03
2.359702e-03
2.364738e-03
2.369778e-03
2.374824e-03
2.379876e-03
2.384932e-03
2.389994e-03
2.395062e-03
2.400135e-03
2.405213e-03
2.410297e-03
2.415385e-03
2.420480e-03
2.425579e-03
2.430684e-03
2.435795e-03
2.440911e-03
2.446032e-03
2.451158e-03
2.456290e-03
2.461427e-03
2.466570e-03
2.471718e-03
2.476871e-03
2.482030e-03
2.487194e-03
2.492363e-03
2.497538e-03
2.502718e-03
2.507903e-03
2.513094e-03
2.518291e-03
2.523492e-03
2.528699e-03
2.533911e-03
2.539129e-03
2.544352e-03
2.549580e-03
2.554814e-03
2.560053e-03
2.565298e-03
2.570548e-03
2.575803e-03
2.581064e-03
2.586329e-03
2.591601e-03
2.596877e-03
2.602159e-03
2.607447e-03
2.612740e-03
2.618038e-03
2.623341e-03
2.628650e-03
2.633964e-03
2.639284e-03
2.644609e-03
2.649939e-03
2.655275e-03
2.660616e-03
2.665962e-03
2.671314e-03
2.676671e-03
2.682034e-03
2.687402e-03
2.692775e-03
2.698153e-03
2.703537e-03
2.708927e-03
2.714321e-03
2.719721e-03
2.725127e-03
2.730538e-03
2.735954e-03
2.741375e-03
2.746802e-03
2.752234e-03
2.757672e-03
2.763115e-03
2.768563e-03
2.774017e-03
2.779476e-03
2.784940e-03
2.790410e-03
2.795885e-03
2.801366e-03
2.806852e-03
2.812343e-03
2.817840e-03
2.823342e-03
2.828849e-03
2.834362e-03
2.839880e-03
2.845403e-03
2.850932e-03
2.856466e-03
2.862006e-03
2.867550e-03
2.873101e-03
2.878656e-03
2.884217e-03
2.889784e-03
2.895355e-03
2.900932e-03
2.906515e-03
2.912103e-03
2.917696e-03
2.923294e-03
2.928898e-03
2.934507e-03
2.940122e-03
2.945742e-03
2.951367e-03
2.956998e-03
2.962634e-03
2.968276e-03
2.973922e-03
2.979575e-03
2.985232e-03
2.990895e-03
2.996563e-03
3.002237e-03
3.007916e-03
3.013600e-03
3.019290e-03
3.024985e-03
3.030685e-03
3.036391e-03
3.042102e-03
3.047819e-03
3.053541e-03
3.059268e-03
3.065001e-03
3.070739e-03
3.076482e-03
3.082231e-03
3.087985e-03
3.093744e-03
3.099509e-03
3.105279e-03
3.111055e-03
3.116836e-03
3.122622e-03
3.128414e-03
3.134211e-03
3.140013e-03
3.145821e-03
3.151634e-03
3.157452e-03
3.163276e-03
3.169105e-03
3.174940e-03
3.180780e-03
3.186625e-03
3.192476e-03
3.198332e-03
3.204193e-03
3.210060e-03
3.215932e-03
3.221809e-03
3.227692e-03
3.233580e-03
3.239474e-03
3.245373e-03
3.251277e-03
3.257187e-03
3.263102e-03
3.269022e-03
3.274948e-03
3.280879e-03
3.286815e-03
3.292757e-03
3.298704e-03
3.304657e-03
3.310615e-03
3.316578e-03
3.322547e-03
3.328521e-03
3.334500e-03
3.340485e-03
3.346475e-03
3.352470e-03
3.358471e-03
3.364477e-03
3.370489e-03
3.376506e-03
3.382528e-03
3.388556e-03
3.394589e-03
3.400627e-03
3.406671e-03
3.412720e-03
3.418774e-03
3.424834e-03
3.430900e-03
3.436970e-03
3.443046e-03
3.449127e-03
3.455214e-03
3.461306e-03
3.467403e-03
3.473506e-03
3.479614e-03
3.485728e-03
3.491847e-03
3.497971e-03
3.504100e-03
3.510235e-03
3.516376e-03
3.522521e-03
3.528672e-03
3.534829e-03
3.540990e-03
3.547158e-03
3.553330e-03
3.559508e-03
3.565691e-03
3.571880e-03
3.578074e-03
3.584273e-03
3.590478e-03
3.596688e-03
3.602903e-03
3.609124e-03
3.615350e-03
3.621581e-03
3.627818e-03
3.634060e-03
3.640308e-03
3.646561e-03
3.652819e-03
3.659083e-03
3.665352e-03
3.671626e-03
3.677906e-03
3.684191e-03
3.690482e-03
3.696778e-03
3.703079e-03
3.709385e-03
3.715697e-03
3.722015e-03
3.728337e-03
3.734665e-03
3.740999e-03
3.747338e-03
3.753682e-03
3.760031e-03
3.766386e-03
3.772746e-03
3.779112e-03
3.785483e-03
3.791859e-03
3.798241e-03
3.804628e-03
3.811020e-03
3.817418e-03
3.823821e-03
3.830230e-03
3.836644e-03
3.843063e-03
3.849487e-03
3.855917e-03
3.862353e-03
3.868793e-03
3.875239e-03
3.881691e-03
3.888148e-03
3.894610e-03
3.901077e-03
3.907550e-03
3.914028e-03
3.920512e-03
3.927001e-03
3.933495e-03
3.939995e-03
3.946500e-03
3.953010e-03
3.959526e-03
3.966047e-03
3.972574e-03
3.979106e-03
3.985643e-03
3.992186e-03
3.998734e-03
4.005287e-03
4.011846e-03
4.018410e-03
4.024979e-03
4.031554e-03
4.038134e-03
4.044720e-03
4.051310e-03
4.057907e-03
4.064508e-03
4.071115e-03
4.077728e-03
4.084345e-03
4.090968e-03
4.097597e-03
4.104231e-03
4.110870e-03
4.117514e-03
4.124164e-03
4.130819e-03
4.137480e-03
4.144146e-03
4.150817e-03
4.157494e-03
4.164176e-03
4.170864e-03
4.177556e-03
4.184255e-03
4.190958e-03
4.197667e-03
4.204381e-03
4.211101e-03
4.217826e-03
4.224556e-03
4.231292e-03
4.238033e-03
4.244779e-03
4.251531e-03
4.258288e-03
4.265051e-03
4.271819e-03
4.278592e-03
4.285371e-03
4.292155e-03
4.298944e-03
4.305739e-03
4.312539e-03
4.319344e-03
4.326155e-03
4.332971e-03
4.339793e-03
4.346620e-03
4.353452e-03
4.360290e-03
4.367133e-03
4.373981e-03
4.380835e-03
4.387694e-03
4.394558e-03
4.401428e-03
4.408303e-03
4.415184e-03
4.422070e-03
4.428961e-03
4.435858e-03
4.442760e-03
4.449667e-03
4.456580e-03
4.463498e-03
4.470421e-03
4.477350e-03
4.484284e-03
4.491224e-03
4.498169e-03
4.505119e-03
4.512075e-03
4.519036e-03
4.526002e-03
4.532974e-03
4.539951e-03
4.546933e-03
4.553921e-03
4.560914e-03
4.567913e-03
4.574917e-03
4.581926e-03
4.588941e-03
4.595961e-03
4.602986e-03
4.610017e-03
4.617053e-03
4.624094e-03
4.631141e-03
4.638193e-03
4.645251e-03
4.652314e-03
4.659382e-03
4.666456e-03
4.673535e-03
4.680619e-03
4.687709e-03
4.694804e-03
4.701905e-03
4.709010e-03
4.716122e-03
4.723238e-03
4.730360e-03
4.737487e-03
4.744620e-03
4.751758e-03
4.758901e-03
4.766050e-03
4.773204e-03
4.780364e-03
4.787529e-03
4.794699e-03
4.801874e-03
4.809055e-03
4.816242e-03
4.823433e-03
4.830630e-03
4.837833e-03
4.845041e-03
4.852254e-03
4.859472e-03
4.866696e-03
4.873925e-03
4.881160e-03
4.888400e-03
4.895645e-03
4.902896e-03
4.910152e-03
4.917413e-03
4.924680e-03
4.931952e-03
4.939229e-03
4.946512e-03
4.953801e-03
4.961094e-03
4.968393e-03
4.975697e-03
4.983007e-03
4.990322e-03
4.997642e-03
5.004968e-03
5.012299e-03
5.019636e-03
5.026978e-03
5.034325e-03
5.041678e-03
5.049035e-03
5.056399e-03
5.063767e-03
5.071142e-03
5.078521e-03
5.085906e-03
5.093296e-03
5.100691e-03
5.108092e-03
5.115498e-03
5.122910e-03
5.130327e-03
5.137749e-03
5.145177e-03
5.152610e-03
5.160048e-03
5.167492e-03
5.174941e-03
5.182396e-03
5.189856e-03
5.197321e-03
5.204792e-03
5.212268e-03
5.219749e-03
5.227236e-03
5.234728e-03
5.242225e-03
5.249728e-03
5.257236e-03
5.264749e-03
5.272268e-03
5.279793e-03
5.287322e-03
5.294857e-03
5.302397e-03
5.309943e-03
5.317494e-03
5.325051e-03
5.332612e-03
5.340180e-03
5.347752e-03
5.355330e-03
5.362913e-03
5.370502e-03
5.378096e-03
5.385695e-03
5.393300e-03
5.400910e-03
5.408525e-03
5.416146e-03
5.423772e-03
5.431404e-03
5.439041e-03
5.446683e-03
5.454331e-03
5.461983e-03
5.469642e-03
5.477306e-03
5.484975e-03
5.492649e-03
5.500329e-03
5.508014e-03
5.515705e-03
5.523400e-03
5.531102e-03
5.538808e-03
5.546520e-03
5.554238e-03
5.561960e-03
5.569688e-03
5.577422e-03
5.585161e-03
5.592905e-03
5.600654e-03
5.608409e-03
5.616169e-03
5.623935e-03
5.631706e-03
5.639482e-03
5.647264e-03
5.655051e-03
5.662844e-03
5.670641e-03
5.678445e-03
5.686253e-03
5.694067e-03
5.701886e-03
5.709711e-03
5.717541e-03
5.725376e-03
5.733217e-03
5.741063e-03
5.748915e-03
5.756771e-03
5.764634e-03
5.772501e-03
5.780374e-03
5.788252e-03
5.796136e-03
5.804025e-03
5.811919e-03
5.819819e-03
5.827724e-03
5.835635e-03
5.843550e-03
5.851472e-03
5.859398e-03
5.867330e-03
5.875267e-03
5.883210e-03
5.891158e-03
5.899111e-03
5.907070e-03
5.915034e-03
5.923004e-03
5.930978e-03
5.938959e-03
5.946944e-03
5.954935e-03
5.962931e-03
5.970933e-03
5.978940e-03
5.986952e-03
5.994970e-03
6.002993e-03
6.011022e-03
6.019055e-03
6.027095e-03
6.035139e-03
6.043189e-03
6.051244e-03
6.059305e-03
6.067371e-03
6.075442e-03
6.083519e-03
6.091601e-03
6.099689e-03
6.107782e-03
6.115880e-03
6.123983e-03
6.132092e-03
6.140207e-03
6.148326e-03
6.156451e-03
6.164582e-03
6.172717e-03
6.180858e-03
6.189005e-03
6.196492e-03
6.203952e-03
6.211386e-03
6.218793e-03
6.226173e-03
6.233526e-03
6.240853e-03
6.248153e-03
6.255426e-03
6.262672e-03
6.269892e-03
6.277085e-03
6.284251e-03
6.291390e-03
6.298503e-03
6.305589e-03
6.312648e-03
6.319680e-03
6.326686e-03
6.333664e-03
6.340617e-03
6.347542e-03
6.354441e-03
6.361312e-03
6.368157e-03
6.374976e-03
6.381767e-03
6.388532e-03
6.395270e-03
6.401982e-03
6.408666e-03
6.415324e-03
6.421955e-03
6.428560e-03
6.435137e-03
6.441688e-03
6.448212e-03
6.454710e-03
6.461180e-03
6.467624e-03
6.474041e-03
6.480432e-03
6.486795e-03
6.493132e-03
6.499442e-03
6.505726e-03
6.511982e-03
6.518212e-03
6.524415e-03
6.530592e-03
6.536741e-03
6.542864e-03
6.548960e-03
6.555030e-03
6.561072e-03
6.567088e-03
6.573077e-03
6.579040e-03
6.584975e-03
6.590884e-03
6.596766e-03
6.602622e-03
6.608450e-03
6.614252e-03
6.620027e-03
6.625776e-03
6.631497e-03
6.637192e-03
6.642861e-03
6.648502e-03
6.654117e-03
6.659704e-03
6.665266e-03
6.670800e-03
6.676308e-03
6.681789e-03
6.687243e-03
6.692670e-03
6.698071e-03
6.703445e-03
6.708792e-03
6.714112e-03
6.719406e-03
6.724673e-03
6.729913e-03
6.735126e-03
6.740313e-03
6.745473e-03
6.750606e-03
6.755712e-03
6.760792e-03
6.765845e-03
6.770871e-03
6.775871e-03
6.780843e-03
6.785789e-03
6.790708e-03
6.795601e-03
6.800466e-03
6.805305e-03
6.810117e-03
6.814903e-03
6.819662e-03
6.824393e-03
6.829099e-03
6.833777e-03
6.838429e-03
6.843054e-03
6.847652e-03
6.852223e-03
6.856768e-03
6.861286e-03
6.865777e-03
6.870241e-03
6.874679e-03
6.879090e-03
6.883474e-03
6.887832e-03
6.892162e-03
6.896466e-03
6.900743e-03
6.904994e-03
6.909217e-03
6.913414e-03
6.917585e-03
6.921728e-03
6.925845e-03
6.929935e-03
6.933998e-03
6.938034e-03
6.942044e-03
6.946027e-03
6.949983e-03
6.953913e-03
6.957815e-03
6.961691e-03
6.965540e-03
6.969363e-03
6.973158e-03
6.976927e-03
6.980670e-03
6.984385e-03
6.988074e-03
6.991736e-03
6.995371e-03
6.998979e-03
7.002561e-03
7.006116e-03
7.009644e-03
7.013146e-03
7.016620e-03
7.020068e-03
7.023490e-03
7.026884e-03
7.030252e-03
7.033593e-03
7.036907e-03
7.040194e-03
7.043455e-03
7.046689e-03
7.049896e-03
7.053077e-03
7.056230e-03
7.059357e-03
7.062457e-03
7.065531e-03
7.068578e-03
7.071598e-03
7.074591e-03
7.077557e-03
7.080497e-03
7.083410e-03
7.086296e-03
7.089156e-03
7.091988e-03
7.094794e-03
7.097574e-03
7.100326e-03
7.103052e-03
7.105751e-03
7.108423e-03
7.111068e-03
7.113687e-03
7.116279e-03
7.118844e-03
7.121383e-03
7.123895e-03
7.126380e-03
7.128838e-03
7.131269e-03
7.133674e-03
7.136052e-03
7.138403e-03
7.140728e-03
7.143025e-03
7.145296e-03
7.147541e-03
7.149758e-03
7.151949e-03
7.154113e-03
7.156250e-03
7.158361e-03
7.160444e-03
7.162501e-03
7.164532e-03
7.166535e-03
7.168512e-03
7.170462e-03
7.172385e-03
7.174282e-03
7.176151e-03
7.177994e-03
7.179811e-03
7.181600e-03
7.183363e-03
7.185099e-03
7.186808e-03
7.188491e-03
7.190146e-03
7.191775e-03
7.193378e-03
7.194953e-03
7.196502e-03
7.198024e-03
7.199519e-03
7.200988e-03
7.202429e-03
7.203844e-03
7.205233e-03
7.206594e-03
7.207929e-03
7.209237e-03
7.210518e-03
7.211773e-03
7.213000e-03
7.214201e-03
7.215376e-03
7.216523e-03
7.217644e-03
7.218738e-03
7.219805e-03
7.220846e-03
7.221860e-03
7.222847e-03
7.223807e-03
7.224740e-03
7.225647e-03
7.226527e-03
7.227380e-03
7.228207e-03
7.229007e-03
7.229780e-03
7.230526e-03
7.231246e-03
7.231938e-03
7.232604e-03
7.233244e-03
7.233856e-03
7.234442e-03
7.235001e-03
7.235533e-03
7.236039e-03
7.236518e-03
7.236970e-03
7.237395e-03
7.237793e-03
7.238165e-03
7.238510e-03
7.238829e-03
7.239120e-03
7.239385e-03
7.239623e-03
7.239834e-03
7.240019e-03
7.240177e-03
7.240308e-03
7.240412e-03
7.240489e-03
7.240540e-03
7.240564e-03
7.240562e-03
7.240532e-03
7.240476e-03
7.240393e-03
7.240283e-03
7.240147e-03
7.239984e-03
7.239794e-03
7.239577e-03
7.239333e-03
7.239063e-03
7.238766e-03
7.238443e-03
7.238092e-03
7.237715e-03
7.237311e-03
7.236880e-03
7.236423e-03
7.235939e-03
7.235428e-03
7.235112e-03
7.235112e-03
7.235112e-03
7.235112e-03
7.235112e-03
7.235112e-03
7.235112e-03
7.235112e-03
7.235112e-03
7.235112e-03
7.235112e-03
7.235112e-03
7.235112e-03
7.235112e-03
7.235112e-03
7.235112e-03
7.235112e-03
7.235112e-03
7.235112e-03
7.235112e-03
7.235112e-03
7.235112e-03
7.235112e-03
7.235112e-03
7.235112e-03
7.235112e-03
7.235112e-03
7.235112e-03
7.235112e-03
7.235112e-03
7.235112e-03
7.235112e-03
7.235112e-03
7.235112e-03
7.235112e-03
7.235112e-03
7.235112e-03
7.235112e-03
7.235112e-03
7.235112e-03
7.235112e-03
7.235112e-03
7.235112e-03
7.235112e-03
7.235112e-03
7.235112e-03
7.235112e-03
7.235112e-03
7.235112e-03
7.235112e-03
7.235112e-03
7.235112e-03
7.235112e-03
7.235112e-03
7.235112e-03
7.235112e-03
7.235112e-03
7.235112e-03
7.235112e-03
7.235112e-03
7.235112e-03
7.235112e-03
7.235112e-03
7.235112e-03
7.235112e-03
7.235112e-03
7.235112e-03
7.235112e-03
7.235112e-03
7.235112e-03
7.235112e-03
7.235112e-03
7.235112e-03
7.235112e-03
7.235112e-03
7.235112e-03
7.235112e-03
7.235112e-03
7.235112e-03
7.235112e-03
7.235112e-03
7.235112e-03
7.235112e-03
7.235112e-03
7.235112e-03
7.235112e-03
7.235112e-03
7.235112e-03
7.235112e-03
7.235112e-03
7.235112e-03
7.235112e-03
7.235112e-03
7.235112e-03
7.235112e-03
7.235112e-03
7.235112e-03
7.235112e-03
7.235112e-03
7.235112e-03
7.235112e-03
7.235112e-03
7.235112e-03
7.235112e-03
7.235112e-03
7.235112e-03
7.235112e-03
7.235112e-03
7.235112e-03
7.235112e-03
7.235112e-03
7.235112e-03
7.235112e-03
7.235112e-03
7.235112e-03
7.235112e-03
7.235112e-03
7.235112e-03
7.235112e-03
7.235112e-03
7.235112e-03
7.235112e-03
7.235112e-03
7.235112e-03
7.235112e-03
7.235112e-03
7.235112e-03
7.235112e-03
7.235112e-03
7.235112e-03
7.235112e-03
7.235112e-03
7.235112e-03
7.235112e-03
7.235112e-03
7.235112e-03
7.235112e-03
7.235112e-03
7.235112e-03
7.235112e-03
7.235112e-03
7.235112e-03
7.235112e-03
7.235112e-03
7.235112e-03
7.235112e-03
7.235112e-03
7.235112e-03
7.235112e-03
7.235112e-03
7.235112e-03
7.235112e-03
7.235112e-03
7.235112e-03
7.235112e-03
7.235112e-03
7.235112e-03
7.235112e-03
7.235112e-03
7.235112e-03
7.235112e-03
7.235112e-03
7.235112e-03
7.235112e-03
7.235112e-03
7.235112e-03
7.235112e-03
7.235112e-03
7.235112e-03
7.235112e-03
7.235112e-03
7.235112e-03
7.235112e-03
7.235112e-03
7.235112e-03
7.235112e-03
7.235112e-03
7.235112e-03
7.235112e-03
7.235112e-03
7.235112e-03
7.235112e-03
7.235112e-03
7.235112e-03
7.235112e-03
7.235112e-03
7.235112e-03
7.235112e-03
7.235112e-03
7.235112e-03
7.235112e-03
7.235112e-03
7.235112e-03
7.235112e-03
7.235112e-03
7.235112e-03
7.235112e-03
7.235112e-03
7.235112e-03
7.235112e-03
7.235112e-03
