0.000000e+00
1.110371e-07
2.321685e-07
3.633941e-07
5.047140e-07
6.561282e-07
8.176367e-07
9.892395e-07
1.170937e-06
1.362728e-06
1.564613e-06
1.776593e-06
1.998668e-06
2.230836e-06
2.473099e-06
2.725456e-06
2.987907e-06
3.260453e-06
3.543092e-06
3.835827e-06
4.138655e-06
4.451578e-06
4.774595e-06
5.107706e-06
5.450912e-06
5.804211e-06
6.167605e-06
6.541094e-06
6.924676e-06
7.318353e-06
7.722125e-06
8.135990e-06
8.559950e-06
8.994004e-06
9.438152e-06
9.892395e-06
1.035673e-05
1.083116e-05
1.131569e-05
1.181031e-05
1.231502e-05
1.282983e-05
1.335473e-05
1.388973e-05
1.443482e-05
1.499001e-05
1.555529e-05
1.613066e-05
1.671613e-05
1.731169e-05
1.791735e-05
1.853310e-05
1.915894e-05
1.979488e-05
2.044092e-05
2.109705e-05
2.176327e-05
2.243959e-05
2.312600e-05
2.382250e-05
2.452910e-05
2.524580e-05
2.597258e-05
2.670947e-05
2.745644e-05
2.821351e-05
2.898068e-05
2.975794e-05
3.054529e-05
3.134274e-05
3.215028e-05
3.296792e-05
3.379565e-05
3.463348e-05
3.548140e-05
3.633941e-05
3.720752e-05
3.808572e-05
3.897402e-05
3.987241e-05
4.078089e-05
4.169947e-05
4.262815e-05
4.356691e-05
4.451578e-05
4.547473e-05
4.644378e-05
4.742293e-05
4.841217e-05
4.941150e-05
5.042093e-05
5.144045e-05
5.247007e-05
5.350978e-05
5.455959e-05
5.561949e-05
5.668948e-05
5.776957e-05
5.885975e-05
5.996003e-05
6.107040e-05
6.219086e-05
6.332142e-05
6.446208e-05
6.561282e-05
6.677367e-05
6.794460e-05
6.912563e-05
7.031676e-05
7.151798e-05
7.272929e-05
7.395070e-05
7.518220e-05
7.642380e-05
7.767549e-05
7.893727e-05
8.020915e-05
8.149113e-05
8.278320e-05
8.408536e-05
8.539761e-05
8.671996e-05
8.805241e-05
8.939495e-05
9.074758e-05
9.211031e-05
9.348313e-05
9.486605e-05
9.625906e-05
9.766216e-05
9.907536e-05
1.004987e-04
1.019320e-04
1.033755e-04
1.048291e-04
1.062928e-04
1.077665e-04
1.092504e-04
1.107444e-04
1.122484e-04
1.137625e-04
1.152868e-04
1.168211e-04
1.183655e-04
1.199201e-04
1.214847e-04
1.230594e-04
1.246442e-04
1.262391e-04
1.278441e-04
1.294591e-04
1.310843e-04
1.327196e-04
1.343650e-04
1.360204e-04
1.376860e-04
1.393616e-04
1.410474e-04
1.427432e-04
1.444492e-04
1.461652e-04
1.478913e-04
1.496275e-04
1.513738e-04
1.531302e-04
1.548967e-04
1.566733e-04
1.584600e-04
1.602568e-04
1.620637e-04
1.638806e-04
1.657077e-04
1.675449e-04
1.693921e-04
1.712495e-04
1.731169e-04
1.749944e-04
1.768821e-04
1.787798e-04
1.806876e-04
1.826055e-04
1.845335e-04
1.864716e-04
1.884198e-04
1.903781e-04
1.923465e-04
1.943250e-04
1.963136e-04
1.983122e-04
2.003210e-04
2.023399e-04
2.043688e-04
2.064078e-04
2.084570e-04
2.105162e-04
2.125855e-04
2.146650e-04
2.167545e-04
2.188541e-04
2.209638e-04
2.230836e-04
2.252135e-04
2.273535e-04
2.295036e-04
2.316637e-04
2.338340e-04
2.360144e-04
2.382048e-04
2.404054e-04
2.426160e-04
2.448368e-04
2.470676e-04
2.493085e-04
2.515596e-04
2.538207e-04
2.560919e-04
2.583732e-04
2.606646e-04
2.629661e-04
2.652777e-04
2.675994e-04
2.699312e-04
2.722730e-04
2.746250e-04
2.769871e-04
2.793592e-04
2.817415e-04
2.841338e-04
2.865362e-04
2.889488e-04
2.913714e-04
2.938041e-04
2.962469e-04
2.986999e-04
3.011629e-04
3.036360e-04
3.061192e-04
3.086124e-04
3.111158e-04
3.136293e-04
3.161529e-04
3.186865e-04
3.212303e-04
3.237841e-04
3.263481e-04
3.289221e-04
3.315063e-04
3.341005e-04
3.367048e-04
3.393192e-04
3.419438e-04
3.445784e-04
3.472231e-04
3.498779e-04
3.525427e-04
3.552177e-04
3.579028e-04
3.605980e-04
3.633033e-04
3.660186e-04
3.687441e-04
3.714796e-04
3.742253e-04
3.769810e-04
3.797468e-04
3.825228e-04
3.853088e-04
3.881049e-04
3.909111e-04
3.937274e-04
3.965538e-04
3.993903e-04
4.022369e-04
4.050936e-04
4.079603e-04
4.108372e-04
4.137242e-04
4.166212e-04
4.195284e-04
4.224456e-04
4.253730e-04
4.283104e-04
4.312579e-04
4.342156e-04
4.371833e-04
4.401611e-04
4.431490e-04
4.461470e-04
4.491551e-04
4.521733e-04
4.552016e-04
4.582400e-04
4.612884e-04
4.643470e-04
4.674157e-04
4.704944e-04
4.735833e-04
4.766822e-04
4.797913e-04
4.829104e-04
4.860396e-04
4.891789e-04
4.923283e-04
4.954879e-04
4.986575e-04
5.018372e-04
5.050270e-04
5.082268e-04
5.114368e-04
5.146569e-04
5.178871e-04
5.211273e-04
5.243777e-04
5.276381e-04
5.309087e-04
5.341893e-04
5.374801e-04
5.407809e-04
5.440918e-04
5.474128e-04
5.507439e-04
5.540852e-04
5.574365e-04
5.607979e-04
5.641693e-04
5.675509e-04
5.709426e-04
5.743444e-04
5.777562e-04
5.811782e-04
5.846103e-04
5.880524e-04
5.915047e-04
5.949670e-04
5.984394e-04
6.019220e-04
6.054146e-04
6.089173e-04
6.124301e-04
6.159530e-04
6.194860e-04
6.230291e-04
6.265823e-04
6.301456e-04
6.337189e-04
6.373024e-04
6.408960e-04
6.444996e-04
6.481134e-04
6.517372e-04
6.553712e-04
6.590152e-04
6.626693e-04
6.663336e-04
6.700079e-04
6.736923e-04
6.773868e-04
6.810914e-04
6.848061e-04
6.885309e-04
6.922658e-04
6.960107e-04
6.997658e-04
7.035310e-04
7.073062e-04
7.110916e-04
7.148870e-04
7.186926e-04
7.225082e-04
7.263340e-04
7.301698e-04
7.340157e-04
7.378717e-04
7.417378e-04
7.456140e-04
7.495003e-04
7.533967e-04
7.573032e-04
7.612198e-04
7.651465e-04
7.690832e-04
7.730301e-04
7.769871e-04
7.809541e-04
7.849313e-04
7.889185e-04
7.929158e-04
7.969233e-04
8.009408e-04
8.049684e-04
8.090061e-04
8.130539e-04
8.171118e-04
8.211798e-04
8.252579e-04
8.293461e-04
8.334444e-04
8.375527e-04
8.416712e-04
8.457998e-04
8.499384e-04
8.540872e-04
8.582460e-04
8.624150e-04
8.665940e-04
8.707831e-04
8.749823e-04
8.791917e-04
8.834111e-04
8.876406e-04
8.918802e-04
8.961299e-04
9.003896e-04
9.046595e-04
9.089395e-04
9.132296e-04
9.175297e-04
9.218400e-04
9.261603e-04
9.304908e-04
9.348313e-04
9.391820e-04
9.435427e-04
9.479135e-04
9.522944e-04
9.566854e-04
9.610865e-04
9.654977e-04
9.699190e-04
9.743504e-04
9.787919e-04
9.832435e-04
9.877052e-04
9.921769e-04
9.966588e-04
1.001151e-03
1.005653e-03
1.010165e-03
1.014687e-03
1.019220e-03
1.023762e-03
1.028314e-03
1.032877e-03
1.037450e-03
1.042033e-03
1.046625e-03
1.051228e-03
1.055842e-03
1.060465e-03
1.065098e-03
1.069741e-03
1.074395e-03
1.079058e-03
1.083732e-03
1.088416e-03
1.093110e-03
1.097814e-03
1.102528e-03
1.107252e-03
1.111986e-03
1.116730e-03
1.121485e-03
1.126249e-03
1.131024e-03
1.135808e-03
1.140603e-03
1.145408e-03
1.150223e-03
1.155048e-03
1.159883e-03
1.164729e-03
1.169584e-03
1.174449e-03
1.179325e-03
1.184211e-03
1.189106e-03
1.194012e-03
1.198928e-03
1.203854e-03
1.208790e-03
1.213736e-03
1.218693e-03
1.223659e-03
1.228635e-03
1.233622e-03
1.238619e-03
1.243625e-03
1.248642e-03
1.253669e-03
1.258706e-03
1.263753e-03
1.268811e-03
1.273878e-03
1.278955e-03
1.284043e-03
1.289141e-03
1.294248e-03
1.299366e-03
1.304494e-03
1.309632e-03
1.314780e-03
1.319938e-03
1.325106e-03
1.330285e-03
1.335473e-03
1.340672e-03
1.345881e-03
1.351099e-03
1.356328e-03
1.361567e-03
1.366816e-03
1.372075e-03
1.377344e-03
1.382624e-03
1.387913e-03
1.393213e-03
1.398522e-03
1.403842e-03
1.409172e-03
1.414512e-03
1.419862e-03
1.425222e-03
1.430592e-03
1.435972e-03
1.441362e-03
1.446763e-03
1.452173e-03
1.457594e-03
1.463025e-03
1.468465e-03
1.473916e-03
1.479377e-03
1.484848e-03
1.490330e-03
1.495821e-03
1.501322e-03
1.506834e-03
1.512355e-03
1.517887e-03
1.523429e-03
1.528981e-03
1.534543e-03
1.540115e-03
1.545697e-03
1.551289e-03
1.556891e-03
1.562504e-03
1.568126e-03
1.573759e-03
1.579402e-03
1.585054e-03
1.590717e-03
1.596390e-03
1.602073e-03
1.607767e-03
1.613470e-03
1.619183e-03
1.624907e-03
1.630640e-03
1.636384e-03
1.642138e-03
1.647901e-03
1.653675e-03
1.659459e-03
1.665253e-03
1.671058e-03
1.676872e-03
1.682696e-03
1.688531e-03
1.694375e-03
1.700230e-03
1.706095e-03
1.711970e-03
1.717855e-03
1.723750e-03
1.729655e-03
1.735570e-03
1.741496e-03
1.747431e-03
1.753377e-03
1.759332e-03
1.765298e-03
1.771274e-03
1.777260e-03
1.783256e-03
1.789262e-03
1.795278e-03
1.801304e-03
1.807341e-03
1.813387e-03
1.819444e-03
1.825510e-03
1.831587e-03
1.837674e-03
1.843771e-03
1.849878e-03
1.855995e-03
1.862122e-03
1.868260e-03
1.874407e-03
1.880564e-03
1.886732e-03
1.892910e-03
1.899098e-03
1.905295e-03
1.911503e-03
1.917722e-03
1.923950e-03
1.930188e-03
1.936436e-03
1.942695e-03
1.948963e-03
1.955242e-03
1.961531e-03
1.967830e-03
1.974138e-03
1.980457e-03
1.986787e-03
1.993126e-03
1.999475e-03
2.005834e-03
2.012204e-03
2.018584e-03
2.024973e-03
2.031373e-03
2.037783e-03
2.044203e-03
2.050633e-03
2.057073e-03
2.063523e-03
2.069984e-03
2.076454e-03
2.082935e-03
2.089425e-03
2.095926e-03
2.102437e-03
2.108958e-03
2.115489e-03
2.122030e-03
2.128581e-03
2.135142e-03
2.141714e-03
2.148295e-03
2.154887e-03
2.161488e-03
2.168100e-03
2.174722e-03
2.181354e-03
2.187996e-03
2.194648e-03
2.201310e-03
2.207983e-03
2.214665e-03
2.221357e-03
2.228060e-03
2.234773e-03
2.241496e-03
2.248228e-03
2.254971e-03
2.261725e-03
2.268488e-03
2.275261e-03
2.282044e-03
2.288838e-03
2.295641e-03
2.302455e-03
2.309279e-03
2.316112e-03
2.322956e-03
2.329810e-03
2.336675e-03
2.343549e-03
2.350433e-03
2.357327e-03
2.364232e-03
2.371147e-03
2.378071e-03
2.385006e-03
2.391951e-03
2.398906e-03
2.405871e-03
2.412846e-03
2.419831e-03
2.426827e-03
2.433832e-03
2.440848e-03
2.447873e-03
2.454909e-03
2.461955e-03
2.469011e-03
2.476077e-03
2.483153e-03
2.490239e-03
2.497335e-03
2.504441e-03
2.511558e-03
2.518685e-03
2.525821e-03
2.532968e-03
2.540125e-03
2.547292e-03
2.554469e-03
2.561656e-03
2.568853e-03
2.576060e-03
2.583278e-03
2.590505e-03
2.597743e-03
2.604991e-03
2.612248e-03
2.619516e-03
2.626794e-03
2.634082e-03
2.641380e-03
2.648689e-03
2.656007e-03
2.663336e-03
2.670674e-03
2.678023e-03
2.685381e-03
2.692750e-03
2.700129e-03
2.707518e-03
2.714917e-03
2.722327e-03
2.729746e-03
2.737175e-03
2.744615e-03
2.752064e-03
2.759524e-03
2.766994e-03
2.774474e-03
2.781964e-03
2.789464e-03
2.796974e-03
2.804494e-03
2.812024e-03
2.819565e-03
2.827115e-03
2.834676e-03
2.842247e-03
2.849827e-03
2.857418e-03
2.865019e-03
2.872630e-03
2.880252e-03
2.887883e-03
2.895524e-03
2.903176e-03
2.910837e-03
2.918509e-03
2.926191e-03
2.933882e-03
2.941584e-03
2.949296e-03
2.957019e-03
2.964751e-03
2.972493e-03
2.980245e-03
2.988008e-03
2.995781e-03
3.003563e-03
3.011356e-03
3.019159e-03
3.026972e-03
3.034795e-03
3.042628e-03
3.050471e-03
3.058325e-03
3.066188e-03
3.074062e-03
3.081945e-03
3.089839e-03
3.097743e-03
3.105657e-03
3.113581e-03
3.121515e-03
3.129459e-03
3.137413e-03
3.145378e-03
3.153352e-03
3.161337e-03
3.169332e-03
3.177336e-03
3.185351e-03
3.193376e-03
3.201411e-03
3.209456e-03
3.217512e-03
3.225577e-03
3.233652e-03
3.241738e-03
3.249833e-03
3.257939e-03
3.266055e-03
3.274181e-03
3.282317e-03
3.290463e-03
3.298619e-03
3.306785e-03
3.314962e-03
3.323148e-03
3.331345e-03
3.339551e-03
3.347768e-03
3.355995e-03
3.364232e-03
3.372479e-03
3.380736e-03
3.389003e-03
3.397281e-03
3.405568e-03
3.413866e-03
3.422173e-03
3.430491e-03
3.438819e-03
3.447156e-03
3.455504e-03
3.463862e-03
3.472231e-03
3.480609e-03
3.488997e-03
3.497396e-03
3.505804e-03
3.514223e-03
3.522652e-03
3.531090e-03
3.539539e-03
3.547998e-03
3.556467e-03
3.564947e-03
3.573436e-03
3.581935e-03
3.590445e-03
3.598964e-03
3.607494e-03
3.616034e-03
3.624584e-03
3.633144e-03
3.641714e-03
3.650294e-03
3.658884e-03
3.667484e-03
3.676095e-03
3.684715e-03
3.693346e-03
3.701987e-03
3.710637e-03
3.719298e-03
3.727969e-03
3.736650e-03
3.745341e-03
3.754043e-03
3.762754e-03
3.771476e-03
3.780207e-03
3.788949e-03
3.797701e-03
3.806462e-03
3.815234e-03
3.824016e-03
3.832808e-03
3.841611e-03
3.850423e-03
3.859245e-03
3.868078e-03
3.876920e-03
3.885773e-03
3.894636e-03
3.903509e-03
3.912392e-03
3.921285e-03
3.930188e-03
3.939101e-03
3.948025e-03
3.956958e-03
3.965902e-03
3.974855e-03
3.983819e-03
3.992793e-03
4.001777e-03
4.010771e-03
4.019775e-03
4.028789e-03
4.037813e-03
4.046848e-03
4.055892e-03
4.064947e-03
4.074011e-03
4.083086e-03
4.092171e-03
4.101266e-03
4.110371e-03
4.119486e-03
4.128611e-03
4.137747e-03
4.146892e-03
4.156047e-03
4.165213e-03
4.174389e-03
4.183575e-03
4.192770e-03
4.201976e-03
4.211193e-03
4.220419e-03
4.229655e-03
4.238901e-03
4.248158e-03
4.257424e-03
4.266701e-03
4.275988e-03
4.285285e-03
4.294591e-03
4.303909e-03
4.313236e-03
4.322573e-03
4.331920e-03
4.341278e-03
4.350645e-03
4.360023e-03
4.369410e-03
4.378808e-03
4.388216e-03
4.397634e-03
4.407062e-03
4.416500e-03
4.425948e-03
4.435407e-03
4.444875e-03
4.454354e-03
4.463842e-03
4.473341e-03
4.482850e-03
4.492369e-03
4.501898e-03
4.511437e-03
4.520986e-03
4.530545e-03
4.540115e-03
4.549694e-03
4.559284e-03
4.568883e-03
4.578493e-03
4.588113e-03
4.597743e-03
4.607383e-03
4.617033e-03
4.626693e-03
4.636364e-03
4.646044e-03
4.655735e-03
4.665435e-03
4.675146e-03
4.684867e-03
4.694598e-03
4.704339e-03
4.714090e-03
4.723851e-03
4.733622e-03
4.743403e-03
4.753195e-03
4.762996e-03
4.772808e-03
4.782630e-03
4.792462e-03
4.802304e-03
4.812156e-03
4.822018e-03
4.831890e-03
4.841772e-03
4.851665e-03
4.861567e-03
4.871480e-03
4.881402e-03
4.891335e-03
4.901278e-03
4.911231e-03
4.921194e-03
4.931167e-03
4.941150e-03
4.951144e-03
4.961147e-03
4.971161e-03
4.981184e-03
4.991218e-03
5.001262e-03
5.011316e-03
5.021380e-03
5.031454e-03
5.041538e-03
5.051632e-03
5.061737e-03
5.071851e-03
5.081976e-03
5.092110e-03
5.102255e-03
5.112410e-03
5.122575e-03
5.132750e-03
5.142935e-03
5.153130e-03
5.163336e-03
5.173551e-03
5.183776e-03
5.194012e-03
5.204258e-03
5.214514e-03
5.224779e-03
5.235055e-03
5.245341e-03
5.255638e-03
5.265944e-03
5.276260e-03
5.286587e-03
5.296923e-03
5.307270e-03
5.317627e-03
5.327993e-03
5.338370e-03
5.348757e-03
5.359155e-03
5.369562e-03
5.379979e-03
5.390406e-03
5.400844e-03
5.411291e-03
5.421749e-03
5.432217e-03
5.442695e-03
5.453183e-03
5.463681e-03
5.474189e-03
5.484707e-03
5.495235e-03
5.505774e-03
5.516322e-03
5.526881e-03
5.537450e-03
5.548029e-03
5.558617e-03
5.569216e-03
5.579826e-03
5.590445e-03
5.601074e-03
5.611713e-03
5.622363e-03
5.633022e-03
5.643692e-03
5.654372e-03
5.665062e-03
5.675762e-03
5.686472e-03
5.697192e-03
5.707922e-03
5.718662e-03
5.729413e-03
5.740173e-03
5.750944e-03
5.761725e-03
5.772515e-03
5.783316e-03
5.794127e-03
5.804948e-03
5.815779e-03
5.826621e-03
5.837472e-03
5.848333e-03
5.859205e-03
5.870087e-03
5.880978e-03
5.891880e-03
5.902792e-03
5.913714e-03
5.924646e-03
5.935588e-03
5.946541e-03
5.957503e-03
5.968476e-03
5.979458e-03
5.990451e-03
6.001454e-03
6.012466e-03
6.023489e-03
6.034522e-03
6.045566e-03
6.056619e-03
6.067682e-03
6.078756e-03
6.089839e-03
6.100933e-03
6.112036e-03
6.123150e-03
6.134274e-03
6.145408e-03
6.156552e-03
6.167706e-03
6.178871e-03
6.190045e-03
6.201229e-03
6.212424e-03
6.223629e-03
6.234843e-03
6.246068e-03
6.257303e-03
6.268548e-03
6.279803e-03
6.291069e-03
6.302344e-03
6.313629e-03
6.324925e-03
6.336230e-03
6.347546e-03
6.358872e-03
6.370208e-03
6.381554e-03
6.392910e-03
6.404276e-03
6.415652e-03
6.427039e-03
6.438435e-03
6.449842e-03
6.461258e-03
6.472685e-03
6.484122e-03
6.495569e-03
6.507026e-03
6.518493e-03
6.529970e-03
6.541457e-03
6.552955e-03
6.564462e-03
6.575980e-03
6.587507e-03
6.599045e-03
6.610593e-03
6.622151e-03
6.633719e-03
6.645297e-03
6.656885e-03
6.668484e-03
6.680092e-03
6.691711e-03
6.703339e-03
6.714978e-03
6.726627e-03
6.738286e-03
6.749955e-03
6.761634e-03
6.773323e-03
6.785022e-03
6.796731e-03
6.808451e-03
6.820180e-03
6.831920e-03
6.843670e-03
6.855430e-03
6.867200e-03
6.878980e-03
6.890770e-03
6.902570e-03
6.914380e-03
6.926201e-03
6.938031e-03
6.949872e-03
6.961722e-03
6.973583e-03
6.985454e-03
6.997335e-03
7.009226e-03
7.021127e-03
7.033039e-03
7.044960e-03
7.056891e-03
7.068833e-03
7.080785e-03
7.092746e-03
7.104718e-03
7.116700e-03
7.128692e-03
7.140694e-03
7.152706e-03
7.164729e-03
7.176761e-03
7.188803e-03
7.200856e-03
7.212919e-03
7.224991e-03
7.237074e-03
7.249167e-03
7.261270e-03
7.273383e-03
7.285507e-03
7.297640e-03
7.309783e-03
7.321937e-03
7.334100e-03
7.346274e-03
7.358458e-03
7.370652e-03
7.382856e-03
7.395070e-03
7.407294e-03
7.419528e-03
7.431773e-03
7.444027e-03
7.456292e-03
7.468566e-03
7.480851e-03
7.493146e-03
7.505451e-03
7.517766e-03
7.530091e-03
7.542426e-03
7.554772e-03
7.567127e-03
7.579492e-03
7.591868e-03
7.604254e-03
7.616650e-03
7.629055e-03
7.641471e-03
7.653897e-03
7.666334e-03
7.678780e-03
7.691236e-03
7.703703e-03
7.716179e-03
7.728666e-03
7.741162e-03
7.753669e-03
7.766186e-03
7.778713e-03
7.791250e-03
7.803797e-03
7.816355e-03
7.828922e-03
7.841500e-03
7.854087e-03
7.866685e-03
7.879293e-03
7.891910e-03
7.904538e-03
7.917176e-03
7.929825e-03
7.942483e-03
7.955151e-03
7.967830e-03
7.980518e-03
7.993217e-03
8.005925e-03
8.018644e-03
8.031373e-03
8.044112e-03
8.056861e-03
8.069620e-03
8.082390e-03
8.095169e-03
8.107958e-03
8.120758e-03
8.133568e-03
8.146387e-03
8.159217e-03
8.172057e-03
8.184907e-03
8.197767e-03
8.210637e-03
8.223518e-03
8.236408e-03
8.249309e-03
8.262219e-03
8.275140e-03
8.288071e-03
8.301011e-03
8.313962e-03
8.326923e-03
8.339895e-03
8.352876e-03
8.365867e-03
8.378869e-03
8.391880e-03
8.404902e-03
8.417933e-03
8.430975e-03
8.444027e-03
8.457089e-03
8.470161e-03
8.483243e-03
8.496336e-03
8.509438e-03
8.522551e-03
8.535673e-03
8.548806e-03
8.561949e-03
8.575101e-03
8.588264e-03
8.601437e-03
8.614621e-03
8.627814e-03
8.641017e-03
8.654231e-03
8.667454e-03
8.680688e-03
8.693931e-03
8.707185e-03
8.720449e-03
8.733723e-03
8.747007e-03
8.760301e-03
8.773605e-03
8.786920e-03
8.800244e-03
8.813579e-03
8.826923e-03
8.840278e-03
8.853643e-03
8.867018e-03
8.880403e-03
8.893798e-03
8.907203e-03
8.920619e-03
8.934044e-03
8.947479e-03
8.960925e-03
8.974381e-03
8.987846e-03
9.001322e-03
9.014808e-03
9.028304e-03
9.041811e-03
9.055327e-03
9.068853e-03
9.082390e-03
9.095936e-03
9.109493e-03
9.123059e-03
9.136636e-03
9.150223e-03
9.163820e-03
9.177427e-03
9.191044e-03
9.204672e-03
9.218309e-03
9.231956e-03
9.245614e-03
9.259282e-03
9.272959e-03
9.286647e-03
9.300345e-03
9.314053e-03
9.327771e-03
9.341500e-03
9.355238e-03
9.368986e-03
9.382745e-03
9.396513e-03
9.410292e-03
9.424081e-03
9.437880e-03
9.451689e-03
9.465508e-03
9.479337e-03
9.493176e-03
9.507026e-03
9.520885e-03
9.534755e-03
9.548634e-03
9.562524e-03
9.576424e-03
9.590334e-03
9.604254e-03
9.618184e-03
9.632124e-03
9.646074e-03
9.660035e-03
9.674005e-03
9.687986e-03
9.701976e-03
9.715977e-03
9.729988e-03
9.744009e-03
9.758040e-03
9.772081e-03
9.786132e-03
9.800194e-03
9.814265e-03
9.828347e-03
9.842438e-03
9.856540e-03
9.870652e-03
9.884774e-03
9.898906e-03
9.913048e-03
9.927200e-03
9.941362e-03
9.955535e-03
9.969717e-03
9.983910e-03
9.998112e-03
1.001233e-02
1.002655e-02
1.004078e-02
1.005502e-02
1.006928e-02
1.008354e-02
1.009781e-02
1.011210e-02
1.012639e-02
1.014069e-02
1.015501e-02
1.016933e-02
1.018367e-02
1.019801e-02
1.021236e-02
1.022673e-02
1.024110e-02
1.025549e-02
1.026988e-02
1.028429e-02
1.029870e-02
1.031312e-02
1.032756e-02
1.034200e-02
1.035646e-02
1.037092e-02
1.038540e-02
1.039988e-02
1.041438e-02
1.042889e-02
1.044340e-02
1.045793e-02
1.047246e-02
1.048701e-02
1.050156e-02
1.051613e-02
1.053071e-02
1.054529e-02
1.055989e-02
1.057450e-02
1.058911e-02
1.060374e-02
1.061838e-02
1.063302e-02
1.064768e-02
1.066235e-02
1.067702e-02
1.069171e-02
1.070641e-02
1.072112e-02
1.073583e-02
1.075056e-02
1.076530e-02
1.078005e-02
1.079480e-02
1.080957e-02
1.082435e-02
1.083914e-02
1.085394e-02
1.086874e-02
1.088356e-02
1.089839e-02
1.091323e-02
1.092808e-02
1.094294e-02
1.095781e-02
1.097268e-02
1.098757e-02
1.100247e-02
1.101738e-02
1.103230e-02
1.104723e-02
1.106217e-02
1.107712e-02
1.109208e-02
1.110705e-02
1.112203e-02
1.113702e-02
1.115202e-02
1.116703e-02
1.118205e-02
1.119708e-02
1.121212e-02
1.122717e-02
1.124223e-02
1.125730e-02
1.127238e-02
1.128748e-02
1.130258e-02
1.131769e-02
1.133281e-02
1.134794e-02
1.136308e-02
1.137823e-02
1.139339e-02
1.140857e-02
1.142375e-02
1.143894e-02
1.145414e-02
1.146935e-02
1.148458e-02
1.149981e-02
1.151439e-02
1.152891e-02
1.154339e-02
1.155782e-02
1.157219e-02
1.158652e-02
1.160079e-02
1.161502e-02
1.162919e-02
1.164332e-02
1.165739e-02
1.167142e-02
1.168539e-02
1.169931e-02
1.171319e-02
1.172701e-02
1.174078e-02
1.175450e-02
1.176818e-02
1.178180e-02
1.179537e-02
1.180889e-02
1.182236e-02
1.183578e-02
1.184915e-02
1.186247e-02
1.187574e-02
1.188895e-02
1.190212e-02
1.191524e-02
1.192831e-02
1.194132e-02
1.195429e-02
1.196721e-02
1.198007e-02
1.199289e-02
1.200566e-02
1.201837e-02
1.203104e-02
1.204365e-02
1.205621e-02
1.206873e-02
1.208119e-02
1.209360e-02
1.210597e-02
1.211828e-02
1.213054e-02
1.214275e-02
1.215491e-02
1.216703e-02
1.217909e-02
1.219110e-02
1.220306e-02
1.221497e-02
1.222683e-02
1.223864e-02
1.225039e-02
1.226210e-02
1.227376e-02
1.228537e-02
1.229693e-02
1.230843e-02
1.231989e-02
1.233130e-02
1.234265e-02
1.235396e-02
1.236521e-02
1.237642e-02
1.238757e-02
1.239868e-02
1.240973e-02
1.242073e-02
1.243169e-02
1.244259e-02
1.245344e-02
1.246425e-02
1.247500e-02
1.248570e-02
1.249635e-02
1.250695e-02
1.251750e-02
1.252800e-02
1.253845e-02
1.254885e-02
1.255920e-02
1.256950e-02
1.257975e-02
1.258995e-02
1.260010e-02
1.261019e-02
1.262024e-02
1.263024e-02
1.264018e-02
1.265008e-02
1.265993e-02
1.266972e-02
1.267947e-02
1.268916e-02
1.269881e-02
1.270840e-02
1.271794e-02
1.272744e-02
1.273688e-02
1.274627e-02
1.275562e-02
1.276491e-02
1.277415e-02
1.278334e-02
1.279248e-02
1.280157e-02
1.281061e-02
1.281960e-02
1.282854e-02
1.283743e-02
1.284627e-02
1.285506e-02
1.286380e-02
1.287249e-02
1.288113e-02
1.288971e-02
1.289825e-02
1.290674e-02
1.291517e-02
1.292356e-02
1.293190e-02
1.294018e-02
1.294842e-02
1.295660e-02
1.296474e-02
1.297282e-02
1.298085e-02
1.298884e-02
1.299677e-02
1.300465e-02
1.301249e-02
1.302027e-02
1.302800e-02
1.303568e-02
1.304331e-02
1.305089e-02
1.305842e-02
1.306590e-02
1.307333e-02
1.308071e-02
1.308804e-02
1.309532e-02
1.310255e-02
1.310973e-02
1.311685e-02
1.312393e-02
1.313096e-02
1.313794e-02
1.314486e-02
1.315174e-02
1.315856e-02
1.316534e-02
1.317206e-02
1.317874e-02
1.318536e-02
1.319194e-02
1.319846e-02
1.320493e-02
1.321136e-02
1.321773e-02
1.322405e-02
1.323032e-02
1.323655e-02
1.324272e-02
1.324884e-02
1.325491e-02
1.326093e-02
1.326690e-02
1.327282e-02
1.327869e-02
1.328451e-02
1.329027e-02
1.329599e-02
1.330166e-02
1.330728e-02
1.331285e-02
1.331836e-02
1.332383e-02
1.332925e-02
1.333461e-02
1.333993e-02
1.334519e-02
1.335041e-02
1.335557e-02
1.336069e-02
1.336575e-02
1.337076e-02
1.337573e-02
1.338064e-02
1.338550e-02
1.339031e-02
1.339508e-02
1.339979e-02
1.340445e-02
1.340906e-02
1.341362e-02
1.341813e-02
1.342259e-02
1.342700e-02
1.343136e-02
1.343567e-02
1.343993e-02
1.344413e-02
1.344829e-02
1.345240e-02
1.345646e-02
1.346046e-02
1.346442e-02
1.346833e-02
1.347218e-02
1.347599e-02
1.347974e-02
1.348345e-02
1.348710e-02
1.349071e-02
1.349426e-02
1.349776e-02
1.350122e-02
1.350462e-02
1.350797e-02
1.351127e-02
1.351452e-02
1.351773e-02
1.352088e-02
1.352398e-02
1.352703e-02
1.353003e-02
1.353298e-02
1.353588e-02
1.353873e-02
1.354153e-02
1.354427e-02
1.354697e-02
1.354962e-02
1.355222e-02
1.355476e-02
1.355726e-02
1.355971e-02
1.356210e-02
1.356445e-02
1.356674e-02
1.356899e-02
1.357118e-02
1.357333e-02
1.357542e-02
1.357747e-02
1.357946e-02
1.358140e-02
1.358329e-02
1.358514e-02
1.358693e-02
1.358867e-02
1.359036e-02
1.359200e-02
1.359359e-02
1.359513e-02
1.359662e-02
1.359806e-02
1.359945e-02
1.360079e-02
1.360208e-02
1.360332e-02
1.360451e-02
1.360564e-02
1.360673e-02
1.360777e-02
1.360875e-02
1.360969e-02
1.361058e-02
1.361141e-02
1.361220e-02
1.361293e-02
1.361362e-02
1.361425e-02
1.361483e-02
1.361537e-02
1.361585e-02
1.361628e-02
1.361667e-02
1.361700e-02
1.361728e-02
1.361751e-02
1.361769e-02
1.361782e-02
1.361790e-02
1.361793e-02
1.361791e-02
1.361784e-02
1.361772e-02
1.361755e-02
1.361733e-02
1.361706e-02
1.361674e-02
1.361636e-02
1.361594e-02
1.361547e-02
1.361517e-02
1.361517e-02
1.361517e-02
1.361517e-02
1.361517e-02
1.361517e-02
1.361517e-02
1.361517e-02
1.361517e-02
1.361517e-02
1.361517e-02
1.361517e-02
1.361517e-02
1.361517e-02
1.361517e-02
1.361517e-02
1.361517e-02
1.361517e-02
1.361517e-02
1.361517e-02
1.361517e-02
1.361517e-02
1.361517e-02
1.361517e-02
1.361517e-02
1.361517e-02
1.361517e-02
1.361517e-02
1.361517e-02
1.361517e-02
1.361517e-02
1.361517e-02
1.361517e-02
1.361517e-02
1.361517e-02
1.361517e-02
1.361517e-02
1.361517e-02
1.361517e-02
1.361517e-02
1.361517e-02
1.361517e-02
1.361517e-02
1.361517e-02
1.361517e-02
1.361517e-02
1.361517e-02
1.361517e-02
1.361517e-02
1.361517e-02
1.361517e-02
1.361517e-02
1.361517e-02
1.361517e-02
1.361517e-02
1.361517e-02
1.361517e-02
1.361517e-02
1.361517e-02
1.361517e-02
1.361517e-02
1.361517e-02
1.361517e-02
1.361517e-02
1.361517e-02
1.361517e-02
1.361517e-02
1.361517e-02
1.361517e-02
1.361517e-02
1.361517e-02
1.361517e-02
1.361517e-02
1.361517e-02
1.361517e-02
1.361517e-02
1.361517e-02
1.361517e-02
1.361517e-02
1.361517e-02
1.361517e-02
1.361517e-02
1.361517e-02
1.361517e-02
1.361517e-02
1.361517e-02
1.361517e-02
1.361517e-02
1.361517e-02
1.361517e-02
1.361517e-02
1.361517e-02
1.361517e-02
1.361517e-02
1.361517e-02
1.361517e-02
1.361517e-02
1.361517e-02
1.361517e-02
1.361517e-02
1.361517e-02
1.361517e-02
1.361517e-02
1.361517e-02
1.361517e-02
1.361517e-02
1.361517e-02
1.361517e-02
1.361517e-02
1.361517e-02
1.361517e-02
1.361517e-02
1.361517e-02
1.361517e-02
1.361517e-02
1.361517e-02
1.361517e-02
1.361517e-02
1.361517e-02
1.361517e-02
1.361517e-02
1.361517e-02
1.361517e-02
1.361517e-02
1.361517e-02
1.361517e-02
1.361517e-02
1.361517e-02
1.361517e-02
1.361517e-02
1.361517e-02
1.361517e-02
1.361517e-02
1.361517e-02
1.361517e-02
1.361517e-02
1.361517e-02
1.361517e-02
1.361517e-02
1.361517e-02
1.361517e-02
1.361517e-02
1.361517e-02
1.361517e-02
1.361517e-02
1.361517e-02
1.361517e-02
1.361517e-02
1.361517e-02
1.361517e-02
1.361517e-02
1.361517e-02
1.361517e-02
1.361517e-02
1.361517e-02
1.361517e-02
1.361517e-02
1.361517e-02
1.361517e-02
1.361517e-02
1.361517e-02
1.361517e-02
1.361517e-02
1.361517e-02
1.361517e-02
1.361517e-02
1.361517e-02
1.361517e-02
1.361517e-02
1.361517e-02
1.361517e-02
1.361517e-02
1.361517e-02
1.361517e-02
1.361517e-02
1.361517e-02
1.361517e-02
1.361517e-02
1.361517e-02
1.361517e-02
1.361517e-02
1.361517e-02
1.361517e-02
1.361517e-02
1.361517e-02
1.361517e-02
1.361517e-02
1.361517e-02
1.361517e-02
1.361517e-02
1.361517e-02
1.361517e-02
1.361517e-02
1.361517e-02
1.361517e-02
1.361517e-02
1.361517e-02
1.361517e-02
1.361517e-02
1.361517e-02
1.361517e-02
