0.000000e+00
1.110371e-07
2.254492e-07
3.432362e-07
4.643983e-07
5.889353e-07
7.168473e-07
8.481343e-07
9.827963e-07
1.120833e-06
1.262245e-06
1.407032e-06
1.555194e-06
1.706731e-06
1.861643e-06
2.019930e-06
2.181592e-06
2.346629e-06
2.515041e-06
2.686827e-06
2.861989e-06
3.040526e-06
3.222438e-06
3.407725e-06
3.596387e-06
3.788423e-06
3.983835e-06
4.182622e-06
4.384784e-06
4.590320e-06
4.799232e-06
5.011519e-06
5.227181e-06
5.446217e-06
5.668629e-06
5.894416e-06
6.123577e-06
6.356114e-06
6.592025e-06
6.831312e-06
7.073974e-06
7.320010e-06
7.569422e-06
7.822208e-06
8.078370e-06
8.337906e-06
8.600818e-06
8.867104e-06
9.136766e-06
9.409802e-06
9.686214e-06
9.966000e-06
1.024916e-05
1.053570e-05
1.082561e-05
1.111890e-05
1.141556e-05
1.171559e-05
1.201901e-05
1.232579e-05
1.263595e-05
1.294949e-05
1.326640e-05
1.358669e-05
1.391035e-05
1.423738e-05
1.456780e-05
1.490158e-05
1.523874e-05
1.557928e-05
1.592319e-05
1.627048e-05
1.662114e-05
1.697517e-05
1.733259e-05
1.769337e-05
1.805753e-05
1.842507e-05
1.879598e-05
1.917027e-05
1.954793e-05
1.992896e-05
2.031337e-05
2.070116e-05
2.109232e-05
2.148686e-05
2.188477e-05
2.228605e-05
2.269072e-05
2.309875e-05
2.351016e-05
2.392495e-05
2.434311e-05
2.476465e-05
2.518956e-05
2.561784e-05
2.604950e-05
2.648454e-05
2.692295e-05
2.736474e-05
2.780990e-05
2.825843e-05
2.871034e-05
2.916563e-05
2.962429e-05
3.008633e-05
3.055174e-05
3.102052e-05
3.149268e-05
3.196822e-05
3.244713e-05
3.292941e-05
3.341508e-05
3.390411e-05
3.439652e-05
3.489231e-05
3.539147e-05
3.589400e-05
3.639991e-05
3.690920e-05
3.742186e-05
3.793790e-05
3.845731e-05
3.898009e-05
3.950625e-05
4.003579e-05
4.056870e-05
4.110498e-05
4.164464e-05
4.218768e-05
4.273409e-05
4.328388e-05
4.383704e-05
4.439357e-05
4.495348e-05
4.551677e-05
4.608343e-05
4.665346e-05
4.722687e-05
4.780366e-05
4.838382e-05
4.896736e-05
4.955427e-05
5.014455e-05
5.073821e-05
5.133525e-05
5.193566e-05
5.253944e-05
5.314660e-05
5.375714e-05
5.437105e-05
5.498833e-05
5.560899e-05
5.623303e-05
5.686044e-05
5.749122e-05
5.812538e-05
5.876292e-05
5.940383e-05
6.004811e-05
6.069577e-05
6.134681e-05
6.200122e-05
6.265900e-05
6.332016e-05
6.398470e-05
6.465261e-05
6.532389e-05
6.599855e-05
6.667659e-05
6.735800e-05
6.804278e-05
6.873094e-05
6.942248e-05
7.011739e-05
7.081567e-05
7.151733e-05
7.222237e-05
7.293078e-05
7.364256e-05
7.435772e-05
7.507626e-05
7.579817e-05
7.652345e-05
7.725211e-05
7.798415e-05
7.871956e-05
7.945834e-05
8.020050e-05
8.094604e-05
8.169495e-05
8.244723e-05
8.320289e-05
8.396192e-05
8.472433e-05
8.549012e-05
8.625928e-05
8.703181e-05
8.780772e-05
8.858701e-05
8.936967e-05
9.015570e-05
9.094511e-05
9.173790e-05
9.253406e-05
9.333359e-05
9.413650e-05
9.494278e-05
9.575244e-05
9.656548e-05
9.738189e-05
9.820167e-05
9.902483e-05
9.985137e-05
1.006813e-04
1.015146e-04
1.023512e-04
1.031913e-04
1.040347e-04
1.048814e-04
1.057316e-04
1.065851e-04
1.074420e-04
1.083023e-04
1.091660e-04
1.100330e-04
1.109034e-04
1.117772e-04
1.126544e-04
1.135349e-04
1.144188e-04
1.153061e-04
1.161968e-04
1.170908e-04
1.179882e-04
1.188890e-04
1.197932e-04
1.207007e-04
1.216116e-04
1.225259e-04
1.234435e-04
1.243646e-04
1.252890e-04
1.262168e-04
1.271479e-04
1.280825e-04
1.290204e-04
1.299617e-04
1.309063e-04
1.318543e-04
1.328058e-04
1.337605e-04
1.347187e-04
1.356802e-04
1.366451e-04
1.376134e-04
1.385851e-04
1.395601e-04
1.405385e-04
1.415203e-04
1.425055e-04
1.434940e-04
1.444859e-04
1.454812e-04
1.464799e-04
1.474819e-04
1.484873e-04
1.494961e-04
1.505082e-04
1.515238e-04
1.525427e-04
1.535650e-04
1.545906e-04
1.556197e-04
1.566521e-04
1.576879e-04
1.587270e-04
1.597695e-04
1.608155e-04
1.618647e-04
1.629174e-04
1.639734e-04
1.650328e-04
1.660956e-04
1.671618e-04
1.682313e-04
1.693042e-04
1.703805e-04
1.714602e-04
1.725432e-04
1.736296e-04
1.747194e-04
1.758125e-04
1.769091e-04
1.780090e-04
1.791123e-04
1.802189e-04
1.813290e-04
1.824424e-04
1.835592e-04
1.846793e-04
1.858028e-04
1.869298e-04
1.880600e-04
1.891937e-04
1.903307e-04
1.914711e-04
1.926149e-04
1.937621e-04
1.949126e-04
1.960665e-04
1.972238e-04
1.983845e-04
1.995485e-04
2.007159e-04
2.018867e-04
2.030608e-04
2.042384e-04
2.054193e-04
2.066036e-04
2.077912e-04
2.089823e-04
2.101767e-04
2.113745e-04
2.125756e-04
2.137801e-04
2.149880e-04
2.161993e-04
2.174140e-04
2.186320e-04
2.198534e-04
2.210782e-04
2.223064e-04
2.235379e-04
2.247728e-04
2.260111e-04
2.272528e-04
2.284978e-04
2.297462e-04
2.309980e-04
2.322531e-04
2.335117e-04
2.347736e-04
2.360389e-04
2.373075e-04
2.385795e-04
2.398550e-04
2.411337e-04
2.424159e-04
2.437014e-04
2.449903e-04
2.462826e-04
2.475783e-04
2.488773e-04
2.501797e-04
2.514855e-04
2.527947e-04
2.541072e-04
2.554231e-04
2.567424e-04
2.580650e-04
2.593911e-04
2.607205e-04
2.620533e-04
2.633894e-04
2.647290e-04
2.660719e-04
2.674181e-04
2.687678e-04
2.701208e-04
2.714772e-04
2.728370e-04
2.742002e-04
2.755667e-04
2.769366e-04
2.783099e-04
2.796866e-04
2.810666e-04
2.824500e-04
2.838368e-04
2.852269e-04
2.866205e-04
2.880174e-04
2.894177e-04
2.908213e-04
2.922283e-04
2.936388e-04
2.950525e-04
2.964697e-04
2.978902e-04
2.993141e-04
3.007414e-04
3.021721e-04
3.036061e-04
3.050435e-04
3.064843e-04
3.079285e-04
3.093760e-04
3.108269e-04
3.122812e-04
3.137388e-04
3.151999e-04
3.166643e-04
3.181321e-04
3.196032e-04
3.210777e-04
3.225556e-04
3.240369e-04
3.255216e-04
3.270096e-04
3.285010e-04
3.299958e-04
3.314940e-04
3.329955e-04
3.345004e-04
3.360087e-04
3.375203e-04
3.390354e-04
3.405538e-04
3.420756e-04
3.436007e-04
3.451293e-04
3.466612e-04
3.481964e-04
3.497351e-04
3.512771e-04
3.528225e-04
3.543713e-04
3.559235e-04
3.574790e-04
3.590379e-04
3.606002e-04
3.621659e-04
3.637349e-04
3.653073e-04
3.668831e-04
3.684622e-04
3.700448e-04
3.716307e-04
3.732199e-04
3.748126e-04
3.764086e-04
3.780080e-04
3.796108e-04
3.812170e-04
3.828265e-04
3.844394e-04
3.860557e-04
3.876754e-04
3.892984e-04
3.909248e-04
3.925546e-04
3.941877e-04
3.958243e-04
3.974642e-04
3.991075e-04
4.007541e-04
4.024041e-04
4.040575e-04
4.057143e-04
4.073745e-04
4.090380e-04
4.107049e-04
4.123752e-04
4.140489e-04
4.157259e-04
4.174063e-04
4.190901e-04
4.207772e-04
4.224678e-04
4.241617e-04
4.258590e-04
4.275596e-04
4.292636e-04
4.309710e-04
4.326818e-04
4.343960e-04
4.361135e-04
4.378344e-04
4.395587e-04
4.412864e-04
4.430174e-04
4.447518e-04
4.464896e-04
4.482307e-04
4.499753e-04
4.517232e-04
4.534744e-04
4.552291e-04
4.569871e-04
4.587485e-04
4.605133e-04
4.622815e-04
4.640530e-04
4.658279e-04
4.676062e-04
4.693879e-04
4.711729e-04
4.729613e-04
4.747531e-04
4.765482e-04
4.783468e-04
4.801487e-04
4.819539e-04
4.837626e-04
4.855746e-04
4.873900e-04
4.892088e-04
4.910310e-04
4.928565e-04
4.946854e-04
4.965177e-04
4.983533e-04
5.001924e-04
5.020348e-04
5.038806e-04
5.057297e-04
5.075822e-04
5.094382e-04
5.112974e-04
5.131601e-04
5.150261e-04
5.168955e-04
5.187683e-04
5.206445e-04
5.225240e-04
5.244069e-04
5.262932e-04
5.281828e-04
5.300759e-04
5.319723e-04
5.338720e-04
5.357752e-04
5.376817e-04
5.395916e-04
5.415049e-04
5.434216e-04
5.453416e-04
5.472650e-04
5.491918e-04
5.511219e-04
5.530555e-04
5.549924e-04
5.569327e-04
5.588763e-04
5.608233e-04
5.627738e-04
5.647275e-04
5.666847e-04
5.686452e-04
5.706091e-04
5.725764e-04
5.745471e-04
5.765211e-04
5.784985e-04
5.804793e-04
5.824634e-04
5.844510e-04
5.864419e-04
5.884361e-04
5.904338e-04
5.924348e-04
5.944392e-04
5.964470e-04
5.984582e-04
6.004727e-04
6.024906e-04
6.045119e-04
6.065365e-04
6.085646e-04
6.105960e-04
6.126308e-04
6.146689e-04
6.167104e-04
6.187553e-04
6.208036e-04
6.228553e-04
6.249103e-04
6.269687e-04
6.290305e-04
6.310956e-04
6.331642e-04
6.352361e-04
6.373114e-04
6.393900e-04
6.414720e-04
6.435575e-04
6.456462e-04
6.477384e-04
6.498339e-04
6.519328e-04
6.540351e-04
6.561408e-04
6.582498e-04
6.603622e-04
6.624780e-04
6.645971e-04
6.667197e-04
6.688456e-04
6.709748e-04
6.731075e-04
6.752435e-04
6.773829e-04
6.795257e-04
6.816719e-04
6.838214e-04
6.859743e-04
6.881306e-04
6.902902e-04
6.924533e-04
6.946197e-04
6.967894e-04
6.989626e-04
7.011391e-04
7.033190e-04
7.055023e-04
7.076890e-04
7.098790e-04
7.120724e-04
7.142692e-04
7.164693e-04
7.186729e-04
7.208798e-04
7.230900e-04
7.253037e-04
7.275207e-04
7.297411e-04
7.319649e-04
7.341921e-04
7.364226e-04
7.386565e-04
7.408938e-04
7.431344e-04
7.453785e-04
7.476259e-04
7.498766e-04
7.521308e-04
7.543883e-04
7.566492e-04
7.589135e-04
7.611812e-04
7.634522e-04
7.657266e-04
7.680044e-04
7.702855e-04
7.725701e-04
7.748580e-04
7.771492e-04
7.794439e-04
7.817419e-04
7.840433e-04
7.863481e-04
7.886563e-04
7.909678e-04
7.932827e-04
7.956010e-04
7.979226e-04
8.002477e-04
8.025761e-04
8.049078e-04
8.072430e-04
8.095815e-04
8.119234e-04
8.142687e-04
8.166174e-04
8.189694e-04
8.213248e-04
8.236836e-04
8.260457e-04
8.284113e-04
8.307802e-04
8.331524e-04
8.355281e-04
8.379071e-04
8.402895e-04
8.426753e-04
8.450645e-04
8.474570e-04
8.498529e-04
8.522522e-04
8.546548e-04
8.570608e-04
8.594702e-04
8.618830e-04
8.642992e-04
8.667187e-04
8.691416e-04
8.715679e-04
8.739975e-04
8.764306e-04
8.788670e-04
8.813068e-04
8.837499e-04
8.861964e-04
8.886463e-04
8.910996e-04
8.935563e-04
8.960163e-04
8.984797e-04
9.009465e-04
9.034166e-04
9.058902e-04
9.083671e-04
9.108473e-04
9.133310e-04
9.158180e-04
9.183084e-04
9.208022e-04
9.232994e-04
9.257999e-04
9.283038e-04
9.308111e-04
9.333217e-04
9.358358e-04
9.383532e-04
9.408739e-04
9.433981e-04
9.459256e-04
9.484565e-04
9.509908e-04
9.535284e-04
9.560695e-04
9.586139e-04
9.611617e-04
9.637128e-04
9.662673e-04
9.688252e-04
9.713865e-04
9.739512e-04
9.765192e-04
9.790906e-04
9.816654e-04
9.842435e-04
9.868251e-04
9.894100e-04
9.919982e-04
9.945899e-04
9.971849e-04
9.997833e-04
1.002385e-03
1.004990e-03
1.007599e-03
1.010211e-03
1.012826e-03
1.015445e-03
1.018067e-03
1.020692e-03
1.023321e-03
1.025953e-03
1.028589e-03
1.031227e-03
1.033870e-03
1.036515e-03
1.039164e-03
1.041817e-03
1.044473e-03
1.047132e-03
1.049794e-03
1.052460e-03
1.055129e-03
1.057802e-03
1.060478e-03
1.063157e-03
1.065840e-03
1.068526e-03
1.071216e-03
1.073909e-03
1.076605e-03
1.079305e-03
1.082008e-03
1.084714e-03
1.087424e-03
1.090137e-03
1.092854e-03
1.095574e-03
1.098297e-03
1.101023e-03
1.103754e-03
1.106487e-03
1.109224e-03
1.111964e-03
1.114707e-03
1.117454e-03
1.120205e-03
1.122958e-03
1.125715e-03
1.128476e-03
1.131239e-03
1.134007e-03
1.136777e-03
1.139551e-03
1.142328e-03
1.145109e-03
1.147893e-03
1.150680e-03
1.153471e-03
1.156265e-03
1.159063e-03
1.161864e-03
1.164668e-03
1.167476e-03
1.170287e-03
1.173101e-03
1.175919e-03
1.178740e-03
1.181565e-03
1.184392e-03
1.187224e-03
1.190058e-03
1.192896e-03
1.195738e-03
1.198583e-03
1.201431e-03
1.204282e-03
1.207137e-03
1.209995e-03
1.212857e-03
1.215722e-03
1.218591e-03
1.221462e-03
1.224337e-03
1.227216e-03
1.230098e-03
1.232983e-03
1.235872e-03
1.238764e-03
1.241659e-03
1.244558e-03
1.247460e-03
1.250366e-03
1.253275e-03
1.256187e-03
1.259103e-03
1.262022e-03
1.264944e-03
1.267870e-03
1.270799e-03
1.273731e-03
1.276667e-03
1.279607e-03
1.282549e-03
1.285495e-03
1.288445e-03
1.291397e-03
1.294354e-03
1.297313e-03
1.300276e-03
1.303242e-03
1.306212e-03
1.309185e-03
1.312161e-03
1.315141e-03
1.318124e-03
1.321111e-03
1.324101e-03
1.327094e-03
1.330091e-03
1.333091e-03
1.336094e-03
1.339101e-03
1.342111e-03
1.345125e-03
1.348141e-03
1.351162e-03
1.354185e-03
1.357212e-03
1.360243e-03
1.363277e-03
1.366314e-03
1.369354e-03
1.372398e-03
1.375445e-03
1.378496e-03
1.381550e-03
1.384607e-03
1.387668e-03
1.390732e-03
1.393800e-03
1.396871e-03
1.399945e-03
1.403023e-03
1.406104e-03
1.409188e-03
1.412276e-03
1.415367e-03
1.418462e-03
1.421560e-03
1.424661e-03
1.427765e-03
1.430874e-03
1.433985e-03
1.437100e-03
1.440218e-03
1.443339e-03
1.446464e-03
1.449593e-03
1.452724e-03
1.455859e-03
1.458998e-03
1.462139e-03
1.465285e-03
1.468433e-03
1.471585e-03
1.474740e-03
1.477899e-03
1.481061e-03
1.484226e-03
1.487395e-03
1.490567e-03
1.493743e-03
1.496922e-03
1.500104e-03
1.503290e-03
1.506479e-03
1.509671e-03
1.512867e-03
1.516066e-03
1.519268e-03
1.522474e-03
1.525684e-03
1.528896e-03
1.532112e-03
1.535332e-03
1.538555e-03
1.541781e-03
1.545010e-03
1.548243e-03
1.551479e-03
1.554719e-03
1.557962e-03
1.561208e-03
1.564458e-03
1.567711e-03
1.570968e-03
1.574228e-03
1.577491e-03
1.580758e-03
1.584028e-03
1.587301e-03
1.590578e-03
1.593858e-03
1.597142e-03
1.600428e-03
1.603719e-03
1.607012e-03
1.610309e-03
1.613610e-03
1.616914e-03
1.620221e-03
1.623531e-03
1.626845e-03
1.630162e-03
1.633483e-03
1.636807e-03
1.640135e-03
1.643465e-03
1.646799e-03
1.650137e-03
1.653478e-03
1.656822e-03
1.660170e-03
1.663521e-03
1.666875e-03
1.670233e-03
1.673594e-03
1.676959e-03
1.680327e-03
1.683698e-03
1.687073e-03
1.690451e-03
1.693832e-03
1.697217e-03
1.700605e-03
1.703996e-03
1.707391e-03
1.710790e-03
1.714191e-03
1.717596e-03
1.721005e-03
1.724416e-03
1.727832e-03
1.731250e-03
1.734672e-03
1.738097e-03
1.741526e-03
1.744958e-03
1.748393e-03
1.751832e-03
1.755274e-03
1.758720e-03
1.762169e-03
1.765621e-03
1.769077e-03
1.772536e-03
1.775998e-03
1.779464e-03
1.782933e-03
1.786405e-03
1.789881e-03
1.793361e-03
1.796843e-03
1.800329e-03
1.803819e-03
1.807312e-03
1.810808e-03
1.814307e-03
1.817810e-03
1.821316e-03
1.824826e-03
1.828339e-03
1.831855e-03
1.835375e-03
1.838898e-03
1.842425e-03
1.845955e-03
1.849488e-03
1.853025e-03
1.856565e-03
1.860108e-03
1.863655e-03
1.867205e-03
1.870759e-03
1.874315e-03
1.877876e-03
1.881439e-03
1.885006e-03
1.888577e-03
1.892151e-03
1.895728e-03
1.899308e-03
1.902892e-03
1.906479e-03
1.910070e-03
1.913664e-03
1.917262e-03
1.920862e-03
1.924466e-03
1.928074e-03
1.931685e-03
1.935299e-03
1.938917e-03
1.942538e-03
1.946162e-03
1.949790e-03
1.953421e-03
1.957056e-03
1.960694e-03
1.964335e-03
1.967979e-03
1.971627e-03
1.975279e-03
1.978934e-03
1.982592e-03
1.986253e-03
1.989918e-03
1.993587e-03
1.997258e-03
2.000933e-03
2.004612e-03
2.008293e-03
2.011979e-03
2.015667e-03
2.019359e-03
2.023054e-03
2.026753e-03
2.030455e-03
2.034160e-03
2.037869e-03
2.041581e-03
2.045297e-03
2.049016e-03
2.052738e-03
2.056464e-03
2.060193e-03
2.063925e-03
2.067661e-03
2.071400e-03
2.075142e-03
2.078888e-03
2.082638e-03
2.086390e-03
2.090146e-03
2.093906e-03
2.097668e-03
2.101435e-03
2.105204e-03
2.108977e-03
2.112753e-03
2.116533e-03
2.120316e-03
2.124102e-03
2.127892e-03
2.131685e-03
2.135482e-03
2.139282e-03
2.143085e-03
2.146892e-03
2.150702e-03
2.154515e-03
2.158332e-03
2.162152e-03
2.165975e-03
2.169802e-03
2.173633e-03
2.177466e-03
2.181303e-03
2.185144e-03
2.188987e-03
2.192835e-03
2.196685e-03
2.200539e-03
2.204396e-03
2.208257e-03
2.212121e-03
2.215988e-03
2.219859e-03
2.223733e-03
2.227611e-03
2.231492e-03
2.235376e-03
2.239264e-03
2.243155e-03
2.247049e-03
2.250947e-03
2.254848e-03
2.258753e-03
2.262660e-03
2.266572e-03
2.270486e-03
2.274404e-03
2.278326e-03
2.282251e-03
2.286179e-03
2.290110e-03
2.294045e-03
2.297983e-03
2.301925e-03
2.305870e-03
2.309818e-03
2.313770e-03
2.317725e-03
2.321684e-03
2.325646e-03
2.329611e-03
2.333580e-03
2.337552e-03
2.341527e-03
2.345506e-03
2.349488e-03
2.353474e-03
2.357462e-03
2.361455e-03
2.365450e-03
2.369449e-03
2.373452e-03
2.377458e-03
2.381467e-03
2.385479e-03
2.389495e-03
2.393514e-03
2.397537e-03
2.401563e-03
2.405592e-03
2.409625e-03
2.413661e-03
2.417701e-03
2.421744e-03
2.425790e-03
2.429840e-03
2.433893e-03
2.437949e-03
2.442009e-03
2.446072e-03
2.450139e-03
2.454209e-03
2.458282e-03
2.462358e-03
2.466438e-03
2.470522e-03
2.474609e-03
2.478699e-03
2.482792e-03
2.486889e-03
2.490989e-03
2.495093e-03
2.499200e-03
2.503311e-03
2.507424e-03
2.511541e-03
2.515662e-03
2.519786e-03
2.523913e-03
2.528044e-03
2.532178e-03
2.536315e-03
2.540456e-03
2.544600e-03
2.548748e-03
2.552899e-03
2.557053e-03
2.561210e-03
2.565371e-03
2.569536e-03
2.573704e-03
2.577875e-03
2.582049e-03
2.586227e-03
2.590408e-03
2.594593e-03
2.598781e-03
2.602973e-03
2.607167e-03
2.611365e-03
2.615567e-03
2.619772e-03
2.623980e-03
2.628192e-03
2.632407e-03
2.636625e-03
2.640847e-03
2.645072e-03
2.649301e-03
2.653533e-03
2.657768e-03
2.662006e-03
2.666249e-03
2.670494e-03
2.674743e-03
2.678995e-03
2.683250e-03
2.687509e-03
2.691772e-03
2.696037e-03
2.700306e-03
2.704579e-03
2.708854e-03
2.713133e-03
2.717416e-03
2.721702e-03
2.725991e-03
2.730284e-03
2.734580e-03
2.738879e-03
2.743182e-03
2.747488e-03
2.751798e-03
2.756111e-03
2.760427e-03
2.764747e-03
2.769070e-03
2.773396e-03
2.777726e-03
2.782059e-03
2.786395e-03
2.790735e-03
2.795079e-03
2.799425e-03
2.803775e-03
2.808129e-03
2.812485e-03
2.816846e-03
2.821209e-03
2.825576e-03
2.829946e-03
2.834320e-03
2.838697e-03
2.843077e-03
2.847461e-03
2.851848e-03
2.856239e-03
2.860633e-03
2.865030e-03
2.869431e-03
2.873835e-03
2.878242e-03
2.882653e-03
2.887067e-03
2.891484e-03
2.895905e-03
2.900330e-03
2.904757e-03
2.909188e-03
2.913623e-03
2.918060e-03
2.922502e-03
2.926946e-03
2.931394e-03
2.935845e-03
2.940300e-03
2.944758e-03
2.949219e-03
2.953684e-03
2.958152e-03
2.962624e-03
2.967099e-03
2.971577e-03
2.976059e-03
2.980544e-03
2.985032e-03
2.989524e-03
2.994019e-03
2.998517e-03
3.003019e-03
3.007525e-03
3.012033e-03
3.016545e-03
3.021061e-03
3.025579e-03
3.030102e-03
3.034627e-03
3.039156e-03
3.043688e-03
3.048224e-03
3.052763e-03
3.057305e-03
3.061851e-03
3.066400e-03
3.070953e-03
3.075509e-03
3.080068e-03
3.084631e-03
3.089197e-03
3.093766e-03
3.098339e-03
3.102915e-03
3.107494e-03
3.112077e-03
3.116664e-03
3.121253e-03
3.125846e-03
3.130443e-03
3.135042e-03
3.139646e-03
3.144252e-03
3.148862e-03
3.153475e-03
3.158092e-03
3.162712e-03
3.167335e-03
3.171962e-03
3.176592e-03
3.181226e-03
3.185863e-03
3.190503e-03
3.195146e-03
3.199794e-03
3.204444e-03
3.209098e-03
3.213755e-03
3.218415e-03
3.223079e-03
3.227747e-03
3.232417e-03
3.237091e-03
3.241769e-03
3.246449e-03
3.251133e-03
3.255821e-03
3.260512e-03
3.265206e-03
3.269904e-03
3.274605e-03
3.279309e-03
3.284017e-03
3.288728e-03
3.293443e-03
3.298161e-03
3.302882e-03
3.307606e-03
3.312334e-03
3.317066e-03
3.321801e-03
3.326539e-03
3.331280e-03
3.336025e-03
3.340773e-03
3.345525e-03
3.350280e-03
3.355039e-03
3.359800e-03
3.364565e-03
3.369334e-03
3.374106e-03
3.378881e-03
3.383660e-03
3.388442e-03
3.393227e-03
3.398016e-03
3.402808e-03
3.407604e-03
3.412403e-03
3.417205e-03
3.422010e-03
3.426819e-03
3.431632e-03
3.436448e-03
3.441267e-03
3.446089e-03
3.450915e-03
3.455744e-03
3.460577e-03
3.465413e-03
3.470253e-03
3.475095e-03
3.479941e-03
3.484791e-03
3.489644e-03
3.494500e-03
3.499360e-03
3.504223e-03
3.509089e-03
3.513959e-03
3.518832e-03
3.523709e-03
3.528589e-03
3.533472e-03
3.538358e-03
3.543248e-03
3.548142e-03
3.553039e-03
3.557939e-03
3.562842e-03
3.567749e-03
3.572659e-03
3.577573e-03
3.582490e-03
3.587410e-03
3.592334e-03
3.597261e-03
3.602192e-03
3.607126e-03
3.612063e-03
3.617004e-03
3.621948e-03
3.626895e-03
3.631846e-03
3.636800e-03
3.641758e-03
3.646718e-03
3.651683e-03
3.656650e-03
3.661621e-03
3.666596e-03
3.671574e-03
3.676555e-03
3.681539e-03
3.686527e-03
3.691518e-03
3.696513e-03
3.701511e-03
3.706512e-03
3.711517e-03
3.716525e-03
3.721537e-03
3.726552e-03
3.731570e-03
3.736592e-03
3.741617e-03
3.746645e-03
3.751677e-03
3.756712e-03
3.761751e-03
3.766792e-03
3.771838e-03
3.776886e-03
3.781938e-03
3.786994e-03
3.792053e-03
3.797115e-03
3.802180e-03
3.807249e-03
3.812321e-03
3.817397e-03
3.822476e-03
3.827558e-03
3.832644e-03
3.837733e-03
3.842826e-03
3.847922e-03
3.853021e-03
3.858124e-03
3.863230e-03
3.868339e-03
3.873452e-03
3.878568e-03
3.883687e-03
3.888810e-03
3.893937e-03
3.899066e-03
3.904199e-03
3.909336e-03
3.914475e-03
3.919619e-03
3.924765e-03
3.929915e-03
3.935068e-03
3.940225e-03
3.945385e-03
3.950548e-03
3.955715e-03
3.960220e-03
3.964709e-03
3.969181e-03
3.973636e-03
3.978074e-03
3.982495e-03
3.986899e-03
3.991287e-03
3.995658e-03
4.000012e-03
4.004349e-03
4.008669e-03
4.012973e-03
4.017259e-03
4.021529e-03
4.025782e-03
4.030018e-03
4.034237e-03
4.038440e-03
4.042625e-03
4.046794e-03
4.050946e-03
4.055081e-03
4.059200e-03
4.063301e-03
4.067386e-03
4.071453e-03
4.075504e-03
4.079539e-03
4.083556e-03
4.087556e-03
4.091540e-03
4.095507e-03
4.099457e-03
4.103390e-03
4.107306e-03
4.111206e-03
4.115089e-03
4.118954e-03
4.122803e-03
4.126636e-03
4.130451e-03
4.134250e-03
4.138031e-03
4.141796e-03
4.145544e-03
4.149275e-03
4.152990e-03
4.156687e-03
4.160368e-03
4.164032e-03
4.167679e-03
4.171309e-03
4.174923e-03
4.178519e-03
4.182099e-03
4.185662e-03
4.189208e-03
4.192737e-03
4.196250e-03
4.199745e-03
4.203224e-03
4.206686e-03
4.210131e-03
4.213559e-03
4.216971e-03
4.220365e-03
4.223743e-03
4.227104e-03
4.230448e-03
4.233775e-03
4.237086e-03
4.240380e-03
4.243656e-03
4.246916e-03
4.250159e-03
4.253386e-03
4.256595e-03
4.259788e-03
4.262964e-03
4.266123e-03
4.269265e-03
4.272390e-03
4.275499e-03
4.278590e-03
4.281665e-03
4.284723e-03
4.287764e-03
4.290789e-03
4.293796e-03
4.296787e-03
4.299761e-03
4.302718e-03
4.305658e-03
4.308581e-03
4.311488e-03
4.314378e-03
4.317251e-03
4.320107e-03
4.322946e-03
4.325768e-03
4.328574e-03
4.331362e-03
4.334134e-03
4.336889e-03
4.339628e-03
4.342349e-03
4.345054e-03
4.347741e-03
4.350412e-03
4.353066e-03
4.355704e-03
4.358324e-03
4.360928e-03
4.363514e-03
4.366084e-03
4.368638e-03
4.371174e-03
4.373693e-03
4.376196e-03
4.378682e-03
4.381151e-03
4.383603e-03
4.386038e-03
4.388456e-03
4.390858e-03
4.393243e-03
4.395611e-03
4.397962e-03
4.400296e-03
4.402614e-03
4.404914e-03
4.407198e-03
4.409465e-03
4.411715e-03
4.413949e-03
4.416165e-03
4.418365e-03
4.420548e-03
4.422714e-03
4.424863e-03
4.426995e-03
4.429111e-03
4.431210e-03
4.433291e-03
4.435356e-03
4.437405e-03
4.439436e-03
4.441451e-03
4.443448e-03
4.445429e-03
4.447393e-03
4.449340e-03
4.451271e-03
4.453184e-03
4.455081e-03
4.456961e-03
4.458824e-03
4.460670e-03
4.462500e-03
4.464312e-03
4.466108e-03
4.467887e-03
4.469649e-03
4.471394e-03
4.473123e-03
4.474834e-03
4.476529e-03
4.478207e-03
4.479868e-03
4.481513e-03
4.483140e-03
4.484751e-03
4.486344e-03
4.487921e-03
4.489482e-03
4.491025e-03
4.492551e-03
4.494061e-03
4.495554e-03
4.497030e-03
4.498489e-03
4.499931e-03
4.501357e-03
4.502765e-03
4.504157e-03
4.505532e-03
4.506890e-03
4.508232e-03
4.509556e-03
4.510864e-03
4.512155e-03
4.513429e-03
4.514686e-03
4.515926e-03
4.517150e-03
4.518357e-03
4.519546e-03
4.520719e-03
4.521876e-03
4.523015e-03
4.524138e-03
4.525243e-03
4.526332e-03
4.527404e-03
4.528459e-03
4.529498e-03
4.530519e-03
4.531524e-03
4.532512e-03
4.533483e-03
4.534437e-03
4.535375e-03
4.536295e-03
4.537199e-03
4.538086e-03
4.538956e-03
4.539809e-03
4.540646e-03
4.541465e-03
4.542268e-03
4.543054e-03
4.543823e-03
4.544576e-03
4.545311e-03
4.546030e-03
4.546732e-03
4.547416e-03
4.548085e-03
4.548736e-03
4.549370e-03
4.549988e-03
4.550589e-03
4.551173e-03
4.551740e-03
4.552290e-03
4.552824e-03
4.553340e-03
4.553840e-03
4.554323e-03
4.554789e-03
4.555239e-03
4.555671e-03
4.556087e-03
4.556486e-03
4.556868e-03
4.557233e-03
4.557581e-03
4.557913e-03
4.558228e-03
4.558526e-03
4.558807e-03
4.559071e-03
4.559318e-03
4.559549e-03
4.559763e-03
4.559959e-03
4.560139e-03
4.560303e-03
4.560449e-03
4.560579e-03
4.560691e-03
4.560787e-03
4.560866e-03
4.560929e-03
4.560974e-03
4.561003e-03
4.561014e-03
4.561009e-03
4.560988e-03
4.560949e-03
4.560893e-03
4.560821e-03
4.560732e-03
4.560626e-03
4.560503e-03
4.560363e-03
4.560206e-03
4.560033e-03
4.559843e-03
4.559636e-03
4.559412e-03
4.559171e-03
4.558914e-03
4.558639e-03
4.558348e-03
4.558040e-03
4.557715e-03
4.557374e-03
4.557015e-03
4.556640e-03
4.556248e-03
4.555839e-03
4.555413e-03
4.554970e-03
4.554511e-03
4.554035e-03
4.553541e-03
4.553031e-03
4.552505e-03
4.552183e-03
4.552183e-03
4.552183e-03
4.552183e-03
4.552183e-03
4.552183e-03
4.552183e-03
4.552183e-03
4.552183e-03
4.552183e-03
4.552183e-03
4.552183e-03
4.552183e-03
4.552183e-03
4.552183e-03
4.552183e-03
4.552183e-03
4.552183e-03
4.552183e-03
4.552183e-03
4.552183e-03
4.552183e-03
4.552183e-03
4.552183e-03
4.552183e-03
4.552183e-03
4.552183e-03
4.552183e-03
4.552183e-03
4.552183e-03
4.552183e-03
4.552183e-03
4.552183e-03
4.552183e-03
4.552183e-03
4.552183e-03
4.552183e-03
4.552183e-03
4.552183e-03
4.552183e-03
4.552183e-03
4.552183e-03
4.552183e-03
4.552183e-03
4.552183e-03
4.552183e-03
4.552183e-03
4.552183e-03
4.552183e-03
4.552183e-03
4.552183e-03
4.552183e-03
4.552183e-03
4.552183e-03
4.552183e-03
4.552183e-03
4.552183e-03
4.552183e-03
4.552183e-03
4.552183e-03
4.552183e-03
4.552183e-03
4.552183e-03
4.552183e-03
4.552183e-03
4.552183e-03
4.552183e-03
4.552183e-03
4.552183e-03
4.552183e-03
4.552183e-03
4.552183e-03
4.552183e-03
4.552183e-03
4.552183e-03
4.552183e-03
4.552183e-03
4.552183e-03
4.552183e-03
4.552183e-03
4.552183e-03
4.552183e-03
4.552183e-03
4.552183e-03
4.552183e-03
4.552183e-03
4.552183e-03
4.552183e-03
4.552183e-03
4.552183e-03
4.552183e-03
4.552183e-03
4.552183e-03
4.552183e-03
4.552183e-03
4.552183e-03
4.552183e-03
4.552183e-03
4.552183e-03
4.552183e-03
4.552183e-03
4.552183e-03
4.552183e-03
4.552183e-03
4.552183e-03
4.552183e-03
4.552183e-03
4.552183e-03
4.552183e-03
4.552183e-03
4.552183e-03
4.552183e-03
4.552183e-03
4.552183e-03
4.552183e-03
4.552183e-03
4.552183e-03
4.552183e-03
4.552183e-03
4.552183e-03
4.552183e-03
4.552183e-03
4.552183e-03
4.552183e-03
4.552183e-03
4.552183e-03
4.552183e-03
4.552183e-03
4.552183e-03
4.552183e-03
4.552183e-03
4.552183e-03
4.552183e-03
4.552183e-03
4.552183e-03
4.552183e-03
4.552183e-03
4.552183e-03
4.552183e-03
4.552183e-03
4.552183e-03
4.552183e-03
4.552183e-03
4.552183e-03
4.552183e-03
4.552183e-03
4.552183e-03
4.552183e-03
4.552183e-03
4.552183e-03
4.552183e-03
4.552183e-03
4.552183e-03
4.552183e-03
4.552183e-03
4.552183e-03
4.552183e-03
4.552183e-03
4.552183e-03
4.552183e-03
4.552183e-03
4.552183e-03
4.552183e-03
4.552183e-03
4.552183e-03
4.552183e-03
4.552183e-03
4.552183e-03
4.552183e-03
4.552183e-03
4.552183e-03
4.552183e-03
4.552183e-03
4.552183e-03
4.552183e-03
4.552183e-03
4.552183e-03
4.552183e-03
4.552183e-03
4.552183e-03
4.552183e-03
4.552183e-03
4.552183e-03
4.552183e-03
4.552183e-03
4.552183e-03
4.552183e-03
4.552183e-03
4.552183e-03
4.552183e-03
4.552183e-03
4.552183e-03
4.552183e-03
4.552183e-03
4.552183e-03
4.552183e-03
4.552183e-03
4.552183e-03
4.552183e-03
4.552183e-03
4.552183e-03
