0.000000e+00
1.110371e-07
2.252558e-07
3.426560e-07
4.632378e-07
5.870012e-07
7.139462e-07
8.440728e-07
9.773809e-07
1.113871e-06
1.253542e-06
1.396395e-06
1.542429e-06
1.691645e-06
1.844043e-06
1.999622e-06
2.158383e-06
2.320325e-06
2.485449e-06
2.653755e-06
2.825242e-06
2.999910e-06
3.177761e-06
3.358792e-06
3.543006e-06
3.730401e-06
3.920977e-06
4.114735e-06
4.311675e-06
4.511796e-06
4.715099e-06
4.921584e-06
5.131250e-06
5.344097e-06
5.560126e-06
5.779337e-06
6.001730e-06
6.227303e-06
6.456059e-06
6.687996e-06
6.923115e-06
7.161415e-06
7.402897e-06
7.647560e-06
7.895405e-06
8.146432e-06
8.400640e-06
8.658029e-06
8.918601e-06
9.182353e-06
9.449288e-06
9.719404e-06
9.992701e-06
1.026918e-05
1.054884e-05
1.083168e-05
1.111771e-05
1.140691e-05
1.169930e-05
1.199487e-05
1.229362e-05
1.259555e-05
1.290066e-05
1.320896e-05
1.352044e-05
1.383509e-05
1.415293e-05
1.447395e-05
1.479816e-05
1.512554e-05
1.545611e-05
1.578986e-05
1.612678e-05
1.646690e-05
1.681019e-05
1.715666e-05
1.750632e-05
1.785915e-05
1.821517e-05
1.857437e-05
1.893675e-05
1.930232e-05
1.967106e-05
2.004299e-05
2.041810e-05
2.079639e-05
2.117786e-05
2.156251e-05
2.195035e-05
2.234136e-05
2.273556e-05
2.313294e-05
2.353350e-05
2.393724e-05
2.434417e-05
2.475427e-05
2.516756e-05
2.558403e-05
2.600368e-05
2.642651e-05
2.685252e-05
2.728172e-05
2.771409e-05
2.814965e-05
2.858839e-05
2.903031e-05
2.947541e-05
2.992370e-05
3.037517e-05
3.082981e-05
3.128764e-05
3.174865e-05
3.221285e-05
3.268022e-05
3.315077e-05
3.362451e-05
3.410143e-05
3.458153e-05
3.506481e-05
3.555128e-05
3.604092e-05
3.653375e-05
3.702975e-05
3.752894e-05
3.803132e-05
3.853687e-05
3.904560e-05
3.955752e-05
4.007262e-05
4.059090e-05
4.111236e-05
4.163700e-05
4.216482e-05
4.269583e-05
4.323001e-05
4.376738e-05
4.430793e-05
4.485167e-05
4.539858e-05
4.594867e-05
4.650195e-05
4.705841e-05
4.761805e-05
4.818087e-05
4.874687e-05
4.931606e-05
4.988842e-05
5.046397e-05
5.104270e-05
5.162461e-05
5.220970e-05
5.279798e-05
5.338943e-05
5.398407e-05
5.458189e-05
5.518289e-05
5.578707e-05
5.639443e-05
5.700498e-05
5.761870e-05
5.823561e-05
5.885570e-05
5.947897e-05
6.010542e-05
6.073506e-05
6.136788e-05
6.200387e-05
6.264305e-05
6.328541e-05
6.393095e-05
6.457968e-05
6.523158e-05
6.588667e-05
6.654494e-05
6.720639e-05
6.787102e-05
6.853883e-05
6.920983e-05
6.988401e-05
7.056136e-05
7.124190e-05
7.192562e-05
7.261253e-05
7.330261e-05
7.399588e-05
7.469233e-05
7.539195e-05
7.609477e-05
7.680076e-05
7.750993e-05
7.822229e-05
7.893782e-05
7.965654e-05
8.037844e-05
8.110352e-05
8.183179e-05
8.256323e-05
8.329786e-05
8.403567e-05
8.477666e-05
8.552083e-05
8.626818e-05
8.701871e-05
8.777243e-05
8.852933e-05
8.928941e-05
9.005267e-05
9.081911e-05
9.158873e-05
9.236154e-05
9.313753e-05
9.391669e-05
9.469904e-05
9.548458e-05
9.627329e-05
9.706518e-05
9.786026e-05
9.865852e-05
9.945996e-05
1.002646e-04
1.010724e-04
1.018834e-04
1.026975e-04
1.035149e-04
1.043354e-04
1.051591e-04
1.059860e-04
1.068161e-04
1.076493e-04
1.084858e-04
1.093254e-04
1.101682e-04
1.110142e-04
1.118633e-04
1.127157e-04
1.135712e-04
1.144299e-04
1.152918e-04
1.161569e-04
1.170251e-04
1.178966e-04
1.187712e-04
1.196490e-04
1.205300e-04
1.214141e-04
1.223015e-04
1.231920e-04
1.240857e-04
1.249826e-04
1.258826e-04
1.267859e-04
1.276923e-04
1.286019e-04
1.295147e-04
1.304307e-04
1.313499e-04
1.322722e-04
1.331977e-04
1.341264e-04
1.350583e-04
1.359934e-04
1.369316e-04
1.378731e-04
1.388177e-04
1.397655e-04
1.407164e-04
1.416706e-04
1.426279e-04
1.435885e-04
1.445522e-04
1.455190e-04
1.464891e-04
1.474623e-04
1.484388e-04
1.494184e-04
1.504012e-04
1.513871e-04
1.523763e-04
1.533686e-04
1.543641e-04
1.553628e-04
1.563647e-04
1.573698e-04
1.583780e-04
1.593894e-04
1.604040e-04
1.614218e-04
1.624428e-04
1.634670e-04
1.644943e-04
1.655248e-04
1.665585e-04
1.675954e-04
1.686354e-04
1.696787e-04
1.707251e-04
1.717747e-04
1.728275e-04
1.738834e-04
1.749426e-04
1.760049e-04
1.770704e-04
1.781391e-04
1.792110e-04
1.802860e-04
1.813643e-04
1.824457e-04
1.835303e-04
1.846181e-04
1.857090e-04
1.868032e-04
1.879005e-04
1.890010e-04
1.901047e-04
1.912116e-04
1.923216e-04
1.934349e-04
1.945513e-04
1.956709e-04
1.967937e-04
1.979196e-04
1.990488e-04
2.001811e-04
2.013166e-04
2.024553e-04
2.035972e-04
2.047422e-04
2.058904e-04
2.070419e-04
2.081964e-04
2.093542e-04
2.105152e-04
2.116793e-04
2.128466e-04
2.140171e-04
2.151908e-04
2.163677e-04
2.175477e-04
2.187310e-04
2.199174e-04
2.211070e-04
2.222997e-04
2.234957e-04
2.246948e-04
2.258972e-04
2.271027e-04
2.283113e-04
2.295232e-04
2.307382e-04
2.319565e-04
2.331779e-04
2.344025e-04
2.356302e-04
2.368612e-04
2.380953e-04
2.393326e-04
2.405731e-04
2.418168e-04
2.430637e-04
2.443137e-04
2.455669e-04
2.468234e-04
2.480829e-04
2.493457e-04
2.506117e-04
2.518808e-04
2.531531e-04
2.544286e-04
2.557073e-04
2.569891e-04
2.582742e-04
2.595624e-04
2.608538e-04
2.621484e-04
2.634461e-04
2.647471e-04
2.660512e-04
2.673585e-04
2.686690e-04
2.699827e-04
2.712996e-04
2.726196e-04
2.739428e-04
2.752692e-04
2.765988e-04
2.779316e-04
2.792675e-04
2.806066e-04
2.819489e-04
2.832944e-04
2.846431e-04
2.859949e-04
2.873500e-04
2.887082e-04
2.900696e-04
2.914342e-04
2.928019e-04
2.941729e-04
2.955470e-04
2.969243e-04
2.983048e-04
2.996885e-04
3.010753e-04
3.024653e-04
3.038586e-04
3.052549e-04
3.066545e-04
3.080573e-04
3.094632e-04
3.108723e-04
3.122846e-04
3.137001e-04
3.151188e-04
3.165406e-04
3.179657e-04
3.193939e-04
3.208253e-04
3.222598e-04
3.236976e-04
3.251385e-04
3.265827e-04
3.280300e-04
3.294804e-04
3.309341e-04
3.323909e-04
3.338510e-04
3.353142e-04
3.367806e-04
3.382501e-04
3.397229e-04
3.411988e-04
3.426779e-04
3.441602e-04
3.456457e-04
3.471344e-04
3.486262e-04
3.501212e-04
3.516195e-04
3.531208e-04
3.546254e-04
3.561332e-04
3.576441e-04
3.591582e-04
3.606755e-04
3.621960e-04
3.637196e-04
3.652465e-04
3.667765e-04
3.683097e-04
3.698461e-04
3.713856e-04
3.729284e-04
3.744743e-04
3.760234e-04
3.775757e-04
3.791312e-04
3.806899e-04
3.822517e-04
3.838167e-04
3.853849e-04
3.869563e-04
3.885309e-04
3.901086e-04
3.916895e-04
3.932736e-04
3.948609e-04
3.964514e-04
3.980450e-04
3.996419e-04
4.012419e-04
4.028451e-04
4.044515e-04
4.060610e-04
4.076738e-04
4.092897e-04
4.109088e-04
4.125311e-04
4.141566e-04
4.157852e-04
4.174170e-04
4.190521e-04
4.206902e-04
4.223316e-04
4.239762e-04
4.256239e-04
4.272748e-04
4.289289e-04
4.305862e-04
4.322467e-04
4.339103e-04
4.355772e-04
4.372472e-04
4.389204e-04
4.405967e-04
4.422763e-04
4.439590e-04
4.456450e-04
4.473341e-04
4.490263e-04
4.507218e-04
4.524204e-04
4.541223e-04
4.558273e-04
4.575355e-04
4.592468e-04
4.609614e-04
4.626791e-04
4.644000e-04
4.661241e-04
4.678514e-04
4.695819e-04
4.713155e-04
4.730523e-04
4.747924e-04
4.765355e-04
4.782819e-04
4.800315e-04
4.817842e-04
4.835401e-04
4.852992e-04
4.870615e-04
4.888269e-04
4.905956e-04
4.923674e-04
4.941424e-04
4.959206e-04
4.977019e-04
4.994865e-04
5.012742e-04
5.030651e-04
5.048592e-04
5.066565e-04
5.084570e-04
5.102606e-04
5.120674e-04
5.138774e-04
5.156906e-04
5.175070e-04
5.193265e-04
5.211492e-04
5.229751e-04
5.248042e-04
5.266365e-04
5.284719e-04
5.303106e-04
5.321524e-04
5.339974e-04
5.358456e-04
5.376969e-04
5.395515e-04
5.414092e-04
5.432701e-04
5.451342e-04
5.470015e-04
5.488719e-04
5.507455e-04
5.526224e-04
5.545023e-04
5.563855e-04
5.582719e-04
5.601614e-04
5.620541e-04
5.639500e-04
5.658491e-04
5.677514e-04
5.696568e-04
5.715655e-04
5.734773e-04
5.753923e-04
5.773104e-04
5.792318e-04
5.811563e-04
5.830841e-04
5.850150e-04
5.869490e-04
5.888863e-04
5.908267e-04
5.927704e-04
5.947172e-04
5.966672e-04
5.986203e-04
6.005767e-04
6.025362e-04
6.044989e-04
6.064648e-04
6.084339e-04
6.104062e-04
6.123816e-04
6.143602e-04
6.163421e-04
6.183270e-04
6.203152e-04
6.223066e-04
6.243011e-04
6.262988e-04
6.282997e-04
6.303038e-04
6.323110e-04
6.343215e-04
6.363351e-04
6.383519e-04
6.403719e-04
6.423950e-04
6.444214e-04
6.464509e-04
6.484836e-04
6.505195e-04
6.525586e-04
6.546008e-04
6.566463e-04
6.586949e-04
6.607467e-04
6.628017e-04
6.648598e-04
6.669212e-04
6.689857e-04
6.710534e-04
6.731243e-04
6.751984e-04
6.772756e-04
6.793561e-04
6.814397e-04
6.835265e-04
6.856165e-04
6.877096e-04
6.898060e-04
6.919055e-04
6.940082e-04
6.961141e-04
6.982232e-04
7.003354e-04
7.024508e-04
7.045694e-04
7.066912e-04
7.088162e-04
7.109444e-04
7.130757e-04
7.152102e-04
7.173479e-04
7.194888e-04
7.216329e-04
7.237801e-04
7.259306e-04
7.280842e-04
7.302410e-04
7.324009e-04
7.345641e-04
7.367304e-04
7.389000e-04
7.410727e-04
7.432485e-04
7.454276e-04
7.476098e-04
7.497953e-04
7.519839e-04
7.541757e-04
7.563706e-04
7.585688e-04
7.607701e-04
7.629746e-04
7.651823e-04
7.673932e-04
7.696073e-04
7.718245e-04
7.740449e-04
7.762685e-04
7.784953e-04
7.807253e-04
7.829584e-04
7.851948e-04
7.874343e-04
7.896770e-04
7.919229e-04
7.941719e-04
7.964242e-04
7.986796e-04
8.009382e-04
8.032000e-04
8.054649e-04
8.077331e-04
8.100044e-04
8.122789e-04
8.145566e-04
8.168375e-04
8.191215e-04
8.214088e-04
8.236992e-04
8.259928e-04
8.282896e-04
8.305895e-04
8.328927e-04
8.351990e-04
8.375085e-04
8.398212e-04
8.421371e-04
8.444561e-04
8.467784e-04
8.491038e-04
8.514324e-04
8.537642e-04
8.560991e-04
8.584373e-04
8.607786e-04
8.631231e-04
8.654708e-04
8.678216e-04
8.701757e-04
8.725329e-04
8.748933e-04
8.772569e-04
8.796237e-04
8.819937e-04
8.843668e-04
8.867431e-04
8.891226e-04
8.915053e-04
8.938912e-04
8.962802e-04
8.986725e-04
9.010679e-04
9.034665e-04
9.058682e-04
9.082732e-04
9.106813e-04
9.130926e-04
9.155071e-04
9.179248e-04
9.203457e-04
9.227697e-04
9.251970e-04
9.276274e-04
9.300610e-04
9.324977e-04
9.349377e-04
9.373808e-04
9.398271e-04
9.422766e-04
9.447293e-04
9.471852e-04
9.496442e-04
9.521064e-04
9.545718e-04
9.570404e-04
9.595122e-04
9.619871e-04
9.644653e-04
9.669466e-04
9.694311e-04
9.719188e-04
9.744096e-04
9.769036e-04
9.794009e-04
9.819013e-04
9.844049e-04
9.869116e-04
9.894216e-04
9.919347e-04
9.944510e-04
9.969705e-04
9.994932e-04
1.002019e-03
1.004548e-03
1.007080e-03
1.009616e-03
1.012154e-03
1.014696e-03
1.017241e-03
1.019789e-03
1.022340e-03
1.024895e-03
1.027453e-03
1.030013e-03
1.032577e-03
1.035145e-03
1.037715e-03
1.040289e-03
1.042865e-03
1.045445e-03
1.048028e-03
1.050615e-03
1.053204e-03
1.055797e-03
1.058393e-03
1.060992e-03
1.063594e-03
1.066199e-03
1.068808e-03
1.071420e-03
1.074035e-03
1.076653e-03
1.079274e-03
1.081899e-03
1.084526e-03
1.087157e-03
1.089791e-03
1.092428e-03
1.095069e-03
1.097712e-03
1.100359e-03
1.103009e-03
1.105662e-03
1.108318e-03
1.110978e-03
1.113641e-03
1.116306e-03
1.118975e-03
1.121648e-03
1.124323e-03
1.127002e-03
1.129683e-03
1.132368e-03
1.135056e-03
1.137748e-03
1.140442e-03
1.143140e-03
1.145841e-03
1.148545e-03
1.151252e-03
1.153962e-03
1.156676e-03
1.159393e-03
1.162113e-03
1.164836e-03
1.167562e-03
1.170291e-03
1.173024e-03
1.175760e-03
1.178499e-03
1.181241e-03
1.183987e-03
1.186735e-03
1.189487e-03
1.192242e-03
1.195000e-03
1.197761e-03
1.200526e-03
1.203293e-03
1.206064e-03
1.208838e-03
1.211615e-03
1.214396e-03
1.217179e-03
1.219966e-03
1.222756e-03
1.225549e-03
1.228345e-03
1.231145e-03
1.233948e-03
1.236753e-03
1.239562e-03
1.242375e-03
1.245190e-03
1.248008e-03
1.250830e-03
1.253655e-03
1.256483e-03
1.259315e-03
1.262149e-03
1.264987e-03
1.267827e-03
1.270672e-03
1.273519e-03
1.276369e-03
1.279223e-03
1.282079e-03
1.284939e-03
1.287802e-03
1.290669e-03
1.293538e-03
1.296411e-03
1.299287e-03
1.302166e-03
1.305048e-03
1.307933e-03
1.310822e-03
1.313713e-03
1.316608e-03
1.319507e-03
1.322408e-03
1.325312e-03
1.328220e-03
1.331131e-03
1.334045e-03
1.336962e-03
1.339882e-03
1.342806e-03
1.345733e-03
1.348662e-03
1.351596e-03
1.354532e-03
1.357471e-03
1.360414e-03
1.363360e-03
1.366309e-03
1.369261e-03
1.372216e-03
1.375175e-03
1.378137e-03
1.381102e-03
1.384070e-03
1.387041e-03
1.390015e-03
1.392993e-03
1.395974e-03
1.398958e-03
1.401945e-03
1.404935e-03
1.407929e-03
1.410926e-03
1.413926e-03
1.416929e-03
1.419935e-03
1.422944e-03
1.425957e-03
1.428973e-03
1.431992e-03
1.435014e-03
1.438039e-03
1.441068e-03
1.444100e-03
1.447135e-03
1.450173e-03
1.453214e-03
1.456258e-03
1.459306e-03
1.462357e-03
1.465411e-03
1.468468e-03
1.471528e-03
1.474592e-03
1.477659e-03
1.480729e-03
1.483802e-03
1.486878e-03
1.489957e-03
1.493040e-03
1.496126e-03
1.499215e-03
1.502307e-03
1.505402e-03
1.508501e-03
1.511603e-03
1.514707e-03
1.517816e-03
1.520927e-03
1.524041e-03
1.527159e-03
1.530280e-03
1.533404e-03
1.536531e-03
1.539661e-03
1.542795e-03
1.545931e-03
1.549071e-03
1.552214e-03
1.555361e-03
1.558510e-03
1.561663e-03
1.564819e-03
1.567978e-03
1.571140e-03
1.574305e-03
1.577474e-03
1.580645e-03
1.583820e-03
1.586998e-03
1.590180e-03
1.593364e-03
1.596552e-03
1.599742e-03
1.602936e-03
1.606134e-03
1.609334e-03
1.612538e-03
1.615744e-03
1.618954e-03
1.622167e-03
1.625383e-03
1.628603e-03
1.631826e-03
1.635051e-03
1.638280e-03
1.641512e-03
1.644748e-03
1.647986e-03
1.651228e-03
1.654473e-03
1.657721e-03
1.660972e-03
1.664227e-03
1.667484e-03
1.670745e-03
1.674009e-03
1.677276e-03
1.680547e-03
1.683820e-03
1.687097e-03
1.690377e-03
1.693660e-03
1.696946e-03
1.700236e-03
1.703528e-03
1.706824e-03
1.710123e-03
1.713425e-03
1.716730e-03
1.720039e-03
1.723351e-03
1.726666e-03
1.729984e-03
1.733305e-03
1.736629e-03
1.739957e-03
1.743288e-03
1.746622e-03
1.749959e-03
1.753299e-03
1.756643e-03
1.759989e-03
1.763339e-03
1.766692e-03
1.770049e-03
1.773408e-03
1.776771e-03
1.780136e-03
1.783505e-03
1.786878e-03
1.790253e-03
1.793631e-03
1.797013e-03
1.800398e-03
1.803786e-03
1.807177e-03
1.810572e-03
1.813969e-03
1.817370e-03
1.820774e-03
1.824181e-03
1.827592e-03
1.831005e-03
1.834422e-03
1.837842e-03
1.841265e-03
1.844691e-03
1.848120e-03
1.851553e-03
1.854989e-03
1.858428e-03
1.861870e-03
1.865315e-03
1.868764e-03
1.872215e-03
1.875670e-03
1.879128e-03
1.882590e-03
1.886054e-03
1.889522e-03
1.892992e-03
1.896466e-03
1.899943e-03
1.903424e-03
1.906907e-03
1.910394e-03
1.913884e-03
1.917377e-03
1.920873e-03
1.924373e-03
1.927875e-03
1.931381e-03
1.934890e-03
1.938402e-03
1.941917e-03
1.945436e-03
1.948958e-03
1.952482e-03
1.956011e-03
1.959542e-03
1.963076e-03
1.966614e-03
1.970155e-03
1.973699e-03
1.977246e-03
1.980796e-03
1.984349e-03
1.987906e-03
1.991466e-03
1.995029e-03
1.998595e-03
2.002165e-03
2.005737e-03
2.009313e-03
2.012892e-03
2.016474e-03
2.020060e-03
2.023648e-03
2.027240e-03
2.030835e-03
2.034433e-03
2.038034e-03
2.041638e-03
2.045246e-03
2.048857e-03
2.052471e-03
2.056088e-03
2.059708e-03
2.063332e-03
2.066958e-03
2.070588e-03
2.074221e-03
2.077857e-03
2.081497e-03
2.085139e-03
2.088785e-03
2.092434e-03
2.096086e-03
2.099742e-03
2.103400e-03
2.107062e-03
2.110727e-03
2.114395e-03
2.118066e-03
2.121740e-03
2.125418e-03
2.129099e-03
2.132783e-03
2.136470e-03
2.140160e-03
2.143853e-03
2.147550e-03
2.151250e-03
2.154953e-03
2.158659e-03
2.162369e-03
2.166081e-03
2.169797e-03
2.173516e-03
2.177238e-03
2.180963e-03
2.184692e-03
2.188424e-03
2.192158e-03
2.195896e-03
2.199638e-03
2.203382e-03
2.207130e-03
2.210880e-03
2.214634e-03
2.218391e-03
2.222152e-03
2.225915e-03
2.229682e-03
2.233452e-03
2.237225e-03
2.241001e-03
2.244780e-03
2.248563e-03
2.252349e-03
2.256138e-03
2.259930e-03
2.263725e-03
2.267524e-03
2.271325e-03
2.275130e-03
2.278938e-03
2.282749e-03
2.286564e-03
2.290381e-03
2.294202e-03
2.298026e-03
2.301853e-03
2.305684e-03
2.309517e-03
2.313354e-03
2.317194e-03
2.321037e-03
2.324883e-03
2.328732e-03
2.332585e-03
2.336440e-03
2.340299e-03
2.344162e-03
2.348027e-03
2.351895e-03
2.355767e-03
2.359642e-03
2.363520e-03
2.367401e-03
2.371285e-03
2.375173e-03
2.379064e-03
2.382958e-03
2.386855e-03
2.390755e-03
2.394659e-03
2.398565e-03
2.402475e-03
2.406388e-03
2.410304e-03
2.414224e-03
2.418146e-03
2.422072e-03
2.426001e-03
2.429933e-03
2.433868e-03
2.437807e-03
2.441748e-03
2.445693e-03
2.449641e-03
2.453593e-03
2.457547e-03
2.461504e-03
2.465465e-03
2.469429e-03
2.473396e-03
2.477367e-03
2.481340e-03
2.485317e-03
2.489297e-03
2.493280e-03
2.497266e-03
2.501255e-03
2.505248e-03
2.509243e-03
2.513242e-03
2.517244e-03
2.521250e-03
2.525258e-03
2.529270e-03
2.533285e-03
2.537303e-03
2.541324e-03
2.545348e-03
2.549376e-03
2.553407e-03
2.557441e-03
2.561478e-03
2.565518e-03
2.569561e-03
2.573608e-03
2.577658e-03
2.581711e-03
2.585767e-03
2.589826e-03
2.593889e-03
2.597955e-03
2.602024e-03
2.606096e-03
2.610171e-03
2.614250e-03
2.618331e-03
2.622416e-03
2.626504e-03
2.630595e-03
2.634690e-03
2.638787e-03
2.642888e-03
2.646992e-03
2.651099e-03
2.655209e-03
2.659323e-03
2.663439e-03
2.667559e-03
2.671682e-03
2.675808e-03
2.679938e-03
2.684070e-03
2.688206e-03
2.692345e-03
2.696487e-03
2.700632e-03
2.704781e-03
2.708932e-03
2.713087e-03
2.717245e-03
2.721406e-03
2.725571e-03
2.729738e-03
2.733909e-03
2.738083e-03
2.742260e-03
2.746440e-03
2.750624e-03
2.754810e-03
2.759000e-03
2.763193e-03
2.767389e-03
2.771589e-03
2.775791e-03
2.779997e-03
2.784206e-03
2.788418e-03
2.792633e-03
2.796852e-03
2.801073e-03
2.805298e-03
2.809526e-03
2.813757e-03
2.817992e-03
2.822229e-03
2.826470e-03
2.830714e-03
2.834961e-03
2.839211e-03
2.843465e-03
2.847721e-03
2.851981e-03
2.856244e-03
2.860510e-03
2.864780e-03
2.869052e-03
2.873328e-03
2.877607e-03
2.881889e-03
2.886174e-03
2.890463e-03
2.894754e-03
2.899049e-03
2.903347e-03
2.907648e-03
2.911953e-03
2.916260e-03
2.920571e-03
2.924885e-03
2.929202e-03
2.933522e-03
2.937846e-03
2.942172e-03
2.946502e-03
2.950835e-03
2.955171e-03
2.959511e-03
2.963853e-03
2.968199e-03
2.972548e-03
2.976900e-03
2.981255e-03
2.985614e-03
2.989975e-03
2.994340e-03
2.998708e-03
3.003079e-03
3.007453e-03
3.011831e-03
3.016212e-03
3.020596e-03
3.024983e-03
3.029373e-03
3.033766e-03
3.038163e-03
3.042563e-03
3.046966e-03
3.051372e-03
3.055781e-03
3.060194e-03
3.064610e-03
3.069028e-03
3.073451e-03
3.077876e-03
3.082304e-03
3.086736e-03
3.091171e-03
3.095609e-03
3.100050e-03
3.104494e-03
3.108942e-03
3.113392e-03
3.117846e-03
3.122303e-03
3.126764e-03
3.131227e-03
3.135694e-03
3.140163e-03
3.144636e-03
3.149113e-03
3.153592e-03
3.158074e-03
3.162560e-03
3.167049e-03
3.171541e-03
3.176036e-03
3.180535e-03
3.185036e-03
3.189541e-03
3.194049e-03
3.198560e-03
3.203075e-03
3.207592e-03
3.212113e-03
3.216637e-03
3.221164e-03
3.225694e-03
3.230228e-03
3.234764e-03
3.239304e-03
3.243847e-03
3.248393e-03
3.252942e-03
3.257495e-03
3.262051e-03
3.266610e-03
3.271172e-03
3.275737e-03
3.280305e-03
3.284877e-03
3.289452e-03
3.294030e-03
3.298611e-03
3.303195e-03
3.307783e-03
3.312373e-03
3.316967e-03
3.321564e-03
3.326165e-03
3.330768e-03
3.335375e-03
3.339984e-03
3.344597e-03
3.349214e-03
3.353833e-03
3.358455e-03
3.363081e-03
3.367710e-03
3.372342e-03
3.376977e-03
3.381616e-03
3.386257e-03
3.390902e-03
3.395550e-03
3.400201e-03
3.404856e-03
3.409513e-03
3.414174e-03
3.418838e-03
3.423505e-03
3.428175e-03
3.432848e-03
3.437525e-03
3.442205e-03
3.446888e-03
3.451574e-03
3.456263e-03
3.460956e-03
3.465651e-03
3.470350e-03
3.475052e-03
3.479758e-03
3.484466e-03
3.489178e-03
3.493892e-03
3.498610e-03
3.503331e-03
3.508056e-03
3.512783e-03
3.517514e-03
3.522248e-03
3.526985e-03
3.531725e-03
3.536469e-03
3.541215e-03
3.545965e-03
3.550718e-03
3.555474e-03
3.560233e-03
3.564996e-03
3.569762e-03
3.574530e-03
3.579302e-03
3.584078e-03
3.588856e-03
3.593638e-03
3.598422e-03
3.603210e-03
3.608002e-03
3.612796e-03
3.617593e-03
3.622394e-03
3.627198e-03
3.632005e-03
3.636815e-03
3.641629e-03
3.646445e-03
3.651265e-03
3.656088e-03
3.660914e-03
3.665743e-03
3.670576e-03
3.675412e-03
3.680250e-03
3.685092e-03
3.689938e-03
3.694786e-03
3.699638e-03
3.704492e-03
3.709350e-03
3.714212e-03
3.719076e-03
3.723943e-03
3.728814e-03
3.733688e-03
3.738565e-03
3.742780e-03
3.746980e-03
3.751164e-03
3.755332e-03
3.759484e-03
3.763620e-03
3.767740e-03
3.771845e-03
3.775933e-03
3.780006e-03
3.784063e-03
3.788104e-03
3.792129e-03
3.796138e-03
3.800131e-03
3.804109e-03
3.808070e-03
3.812016e-03
3.815946e-03
3.819860e-03
3.823758e-03
3.827640e-03
3.831507e-03
3.835357e-03
3.839192e-03
3.843011e-03
3.846814e-03
3.850601e-03
3.854372e-03
3.858128e-03
3.861867e-03
3.865591e-03
3.869299e-03
3.872991e-03
3.876667e-03
3.880327e-03
3.883971e-03
3.887599e-03
3.891212e-03
3.894809e-03
3.898390e-03
3.901955e-03
3.905504e-03
3.909037e-03
3.912554e-03
3.916056e-03
3.919542e-03
3.923011e-03
3.926465e-03
3.929903e-03
3.933326e-03
3.936732e-03
3.940122e-03
3.943497e-03
3.946856e-03
3.950199e-03
3.953526e-03
3.956837e-03
3.960132e-03
3.963411e-03
3.966675e-03
3.969923e-03
3.973154e-03
3.976370e-03
3.979570e-03
3.982755e-03
3.985923e-03
3.989075e-03
3.992212e-03
3.995333e-03
3.998438e-03
4.001527e-03
4.004600e-03
4.007657e-03
4.010699e-03
4.013724e-03
4.016734e-03
4.019728e-03
4.022706e-03
4.025668e-03
4.028614e-03
4.031544e-03
4.034459e-03
4.037357e-03
4.040240e-03
4.043107e-03
4.045958e-03
4.048793e-03
4.051613e-03
4.054416e-03
4.057204e-03
4.059975e-03
4.062731e-03
4.065471e-03
4.068195e-03
4.070903e-03
4.073596e-03
4.076272e-03
4.078933e-03
4.081578e-03
4.084207e-03
4.086820e-03
4.089417e-03
4.091998e-03
4.094564e-03
4.097113e-03
4.099647e-03
4.102165e-03
4.104667e-03
4.107153e-03
4.109623e-03
4.112078e-03
4.114516e-03
4.116939e-03
4.119346e-03
4.121737e-03
4.124112e-03
4.126471e-03
4.128814e-03
4.131142e-03
4.133453e-03
4.135749e-03
4.138029e-03
4.140293e-03
4.142541e-03
4.144773e-03
4.146990e-03
4.149190e-03
4.151375e-03
4.153544e-03
4.155697e-03
4.157834e-03
4.159955e-03
4.162060e-03
4.164150e-03
4.166223e-03
4.168281e-03
4.170323e-03
4.172349e-03
4.174359e-03
4.176353e-03
4.178332e-03
4.180294e-03
4.182241e-03
4.184172e-03
4.186087e-03
4.187986e-03
4.189869e-03
4.191737e-03
4.193588e-03
4.195424e-03
4.197244e-03
4.199047e-03
4.200835e-03
4.202608e-03
4.204364e-03
4.206104e-03
4.207829e-03
4.209538e-03
4.211231e-03
4.212908e-03
4.214569e-03
4.216214e-03
4.217843e-03
4.219457e-03
4.221054e-03
4.222636e-03
4.224202e-03
4.225752e-03
4.227286e-03
4.228805e-03
4.230307e-03
4.231794e-03
4.233264e-03
4.234719e-03
4.236158e-03
4.237581e-03
4.238989e-03
4.240380e-03
4.241756e-03
4.243115e-03
4.244459e-03
4.245787e-03
4.247099e-03
4.248395e-03
4.249676e-03
4.250940e-03
4.252189e-03
4.253421e-03
4.254638e-03
4.255839e-03
4.257024e-03
4.258194e-03
4.259347e-03
4.260485e-03
4.261606e-03
4.262712e-03
4.263802e-03
4.264876e-03
4.265934e-03
4.266977e-03
4.268003e-03
4.269014e-03
4.270009e-03
4.270988e-03
4.271951e-03
4.272898e-03
4.273829e-03
4.274745e-03
4.275644e-03
4.276528e-03
4.277396e-03
4.278248e-03
4.279084e-03
4.279904e-03
4.280708e-03
4.281497e-03
4.282269e-03
4.283026e-03
4.283767e-03
4.284492e-03
4.285201e-03
4.285895e-03
4.286572e-03
4.287234e-03
4.287879e-03
4.288509e-03
4.289123e-03
4.289721e-03
4.290304e-03
4.290870e-03
4.291420e-03
4.291955e-03
4.292474e-03
4.292977e-03
4.293464e-03
4.293935e-03
4.294390e-03
4.294830e-03
4.295253e-03
4.295661e-03
4.296053e-03
4.296429e-03
4.296789e-03
4.297133e-03
4.297462e-03
4.297774e-03
4.298071e-03
4.298352e-03
4.298617e-03
4.298866e-03
4.299099e-03
4.299316e-03
4.299518e-03
4.299704e-03
4.299873e-03
4.300027e-03
4.300165e-03
4.300287e-03
4.300394e-03
4.300484e-03
4.300559e-03
4.300617e-03
4.300660e-03
4.300687e-03
4.300698e-03
4.300693e-03
4.300673e-03
4.300636e-03
4.300584e-03
4.300516e-03
4.300431e-03
4.300331e-03
4.300216e-03
4.300084e-03
4.299936e-03
4.299773e-03
4.299594e-03
4.299398e-03
4.299187e-03
4.298961e-03
4.298718e-03
4.298459e-03
4.298185e-03
4.297894e-03
4.297588e-03
4.297266e-03
4.296928e-03
4.296574e-03
4.296205e-03
4.295819e-03
4.295418e-03
4.295000e-03
4.294567e-03
4.294118e-03
4.293653e-03
4.293173e-03
4.292676e-03
4.292163e-03
4.291635e-03
4.291313e-03
4.291313e-03
4.291313e-03
4.291313e-03
4.291313e-03
4.291313e-03
4.291313e-03
4.291313e-03
4.291313e-03
4.291313e-03
4.291313e-03
4.291313e-03
4.291313e-03
4.291313e-03
4.291313e-03
4.291313e-03
4.291313e-03
4.291313e-03
4.291313e-03
4.291313e-03
4.291313e-03
4.291313e-03
4.291313e-03
4.291313e-03
4.291313e-03
4.291313e-03
4.291313e-03
4.291313e-03
4.291313e-03
4.291313e-03
4.291313e-03
4.291313e-03
4.291313e-03
4.291313e-03
4.291313e-03
4.291313e-03
4.291313e-03
4.291313e-03
4.291313e-03
4.291313e-03
4.291313e-03
4.291313e-03
4.291313e-03
4.291313e-03
4.291313e-03
4.291313e-03
4.291313e-03
4.291313e-03
4.291313e-03
4.291313e-03
4.291313e-03
4.291313e-03
4.291313e-03
4.291313e-03
4.291313e-03
4.291313e-03
4.291313e-03
4.291313e-03
4.291313e-03
4.291313e-03
4.291313e-03
4.291313e-03
4.291313e-03
4.291313e-03
4.291313e-03
4.291313e-03
4.291313e-03
4.291313e-03
4.291313e-03
4.291313e-03
4.291313e-03
4.291313e-03
4.291313e-03
4.291313e-03
4.291313e-03
4.291313e-03
4.291313e-03
4.291313e-03
4.291313e-03
4.291313e-03
4.291313e-03
4.291313e-03
4.291313e-03
4.291313e-03
4.291313e-03
4.291313e-03
4.291313e-03
4.291313e-03
4.291313e-03
4.291313e-03
4.291313e-03
4.291313e-03
4.291313e-03
4.291313e-03
4.291313e-03
4.291313e-03
4.291313e-03
4.291313e-03
4.291313e-03
4.291313e-03
4.291313e-03
4.291313e-03
4.291313e-03
4.291313e-03
4.291313e-03
4.291313e-03
4.291313e-03
4.291313e-03
4.291313e-03
4.291313e-03
4.291313e-03
4.291313e-03
4.291313e-03
4.291313e-03
4.291313e-03
4.291313e-03
4.291313e-03
4.291313e-03
4.291313e-03
4.291313e-03
4.291313e-03
4.291313e-03
4.291313e-03
4.291313e-03
4.291313e-03
4.291313e-03
4.291313e-03
4.291313e-03
4.291313e-03
4.291313e-03
4.291313e-03
4.291313e-03
4.291313e-03
4.291313e-03
4.291313e-03
4.291313e-03
4.291313e-03
4.291313e-03
4.291313e-03
4.291313e-03
4.291313e-03
4.291313e-03
4.291313e-03
4.291313e-03
4.291313e-03
4.291313e-03
4.291313e-03
4.291313e-03
4.291313e-03
4.291313e-03
4.291313e-03
4.291313e-03
4.291313e-03
4.291313e-03
4.291313e-03
4.291313e-03
4.291313e-03
4.291313e-03
4.291313e-03
4.291313e-03
4.291313e-03
4.291313e-03
4.291313e-03
4.291313e-03
4.291313e-03
4.291313e-03
4.291313e-03
4.291313e-03
4.291313e-03
4.291313e-03
4.291313e-03
4.291313e-03
4.291313e-03
4.291313e-03
4.291313e-03
4.291313e-03
4.291313e-03
4.291313e-03
4.291313e-03
4.291313e-03
4.291313e-03
4.291313e-03
4.291313e-03
4.291313e-03
4.291313e-03
4.291313e-03
4.291313e-03
4.291313e-03
4.291313e-03
4.291313e-03
4.291313e-03
4.291313e-03
4.291313e-03
4.291313e-03
4.291313e-03
4.291313e-03
4.291313e-03
4.291313e-03
4.291313e-03
4.291313e-03
4.291313e-03
