0.000000e+00
1.110371e-07
2.253887e-07
3.430549e-07
4.640356e-07
5.883308e-07
7.159406e-07
8.468649e-07
9.811038e-07
1.118657e-06
1.259525e-06
1.403708e-06
1.551205e-06
1.702016e-06
1.856142e-06
2.013583e-06
2.174338e-06
2.338408e-06
2.505792e-06
2.676491e-06
2.850504e-06
3.027832e-06
3.208475e-06
3.392432e-06
3.579703e-06
3.770289e-06
3.964190e-06
4.161405e-06
4.361934e-06
4.565779e-06
4.772937e-06
4.983411e-06
5.197199e-06
5.414301e-06
5.634718e-06
5.858449e-06
6.085495e-06
6.315856e-06
6.549531e-06
6.786520e-06
7.026825e-06
7.270443e-06
7.517376e-06
7.767624e-06
8.021187e-06
8.278063e-06
8.538255e-06
8.801761e-06
9.068581e-06
9.338716e-06
9.612166e-06
9.888930e-06
1.016901e-05
1.045240e-05
1.073911e-05
1.102913e-05
1.132247e-05
1.161912e-05
1.191909e-05
1.222237e-05
1.252896e-05
1.283887e-05
1.315209e-05
1.346863e-05
1.378849e-05
1.411165e-05
1.443814e-05
1.476793e-05
1.510104e-05
1.543747e-05
1.577721e-05
1.612026e-05
1.646663e-05
1.681632e-05
1.716932e-05
1.752563e-05
1.788526e-05
1.824820e-05
1.861446e-05
1.898403e-05
1.935691e-05
1.973311e-05
2.011263e-05
2.049546e-05
2.088160e-05
2.127106e-05
2.166383e-05
2.205992e-05
2.245932e-05
2.286204e-05
2.326807e-05
2.367742e-05
2.409008e-05
2.450605e-05
2.492534e-05
2.534794e-05
2.577386e-05
2.620310e-05
2.663564e-05
2.707150e-05
2.751068e-05
2.795317e-05
2.839898e-05
2.884810e-05
2.930053e-05
2.975628e-05
3.021535e-05
3.067772e-05
3.114342e-05
3.161242e-05
3.208475e-05
3.256038e-05
3.303933e-05
3.352160e-05
3.400718e-05
3.449607e-05
3.498828e-05
3.548381e-05
3.598265e-05
3.648480e-05
3.699027e-05
3.749905e-05
3.801114e-05
3.852655e-05
3.904528e-05
3.956732e-05
4.009267e-05
4.062134e-05
4.115333e-05
4.168863e-05
4.222724e-05
4.276917e-05
4.331441e-05
4.386296e-05
4.441483e-05
4.497002e-05
4.552852e-05
4.609033e-05
4.665546e-05
4.722391e-05
4.779567e-05
4.837074e-05
4.894913e-05
4.953083e-05
5.011584e-05
5.070417e-05
5.129582e-05
5.189078e-05
5.248905e-05
5.309064e-05
5.369555e-05
5.430376e-05
5.491530e-05
5.553014e-05
5.614831e-05
5.676978e-05
5.739457e-05
5.802268e-05
5.865410e-05
5.928883e-05
5.992688e-05
6.056824e-05
6.121292e-05
6.186092e-05
6.251222e-05
6.316684e-05
6.382478e-05
6.448603e-05
6.515060e-05
6.581848e-05
6.648967e-05
6.716418e-05
6.784200e-05
6.852314e-05
6.920759e-05
6.989536e-05
7.058644e-05
7.128084e-05
7.197855e-05
7.267957e-05
7.338391e-05
7.409157e-05
7.480254e-05
7.551682e-05
7.623442e-05
7.695533e-05
7.767956e-05
7.840710e-05
7.913795e-05
7.987213e-05
8.060961e-05
8.135041e-05
8.209452e-05
8.284195e-05
8.359270e-05
8.434675e-05
8.510413e-05
8.586481e-05
8.662881e-05
8.739613e-05
8.816676e-05
8.894071e-05
8.971797e-05
9.049854e-05
9.128243e-05
9.206963e-05
9.286015e-05
9.365398e-05
9.445113e-05
9.525159e-05
9.605537e-05
9.686246e-05
9.767286e-05
9.848658e-05
9.930362e-05
1.001240e-04
1.009476e-04
1.017746e-04
1.026049e-04
1.034385e-04
1.042754e-04
1.051157e-04
1.059592e-04
1.068061e-04
1.076563e-04
1.085097e-04
1.093666e-04
1.102267e-04
1.110901e-04
1.119569e-04
1.128269e-04
1.137003e-04
1.145770e-04
1.154570e-04
1.163404e-04
1.172270e-04
1.181169e-04
1.190102e-04
1.199068e-04
1.208067e-04
1.217099e-04
1.226164e-04
1.235263e-04
1.244394e-04
1.253559e-04
1.262757e-04
1.271988e-04
1.281252e-04
1.290549e-04
1.299880e-04
1.309243e-04
1.318640e-04
1.328070e-04
1.337533e-04
1.347029e-04
1.356558e-04
1.366121e-04
1.375716e-04
1.385345e-04
1.395007e-04
1.404702e-04
1.414430e-04
1.424192e-04
1.433986e-04
1.443814e-04
1.453674e-04
1.463568e-04
1.473495e-04
1.483455e-04
1.493449e-04
1.503475e-04
1.513535e-04
1.523628e-04
1.533754e-04
1.543913e-04
1.554105e-04
1.564330e-04
1.574589e-04
1.584880e-04
1.595205e-04
1.605563e-04
1.615954e-04
1.626378e-04
1.636836e-04
1.647326e-04
1.657850e-04
1.668407e-04
1.678997e-04
1.689620e-04
1.700276e-04
1.710965e-04
1.721688e-04
1.732444e-04
1.743233e-04
1.754055e-04
1.764910e-04
1.775798e-04
1.786719e-04
1.797674e-04
1.808662e-04
1.819682e-04
1.830736e-04
1.841824e-04
1.852944e-04
1.864097e-04
1.875284e-04
1.886504e-04
1.897756e-04
1.909042e-04
1.920362e-04
1.931714e-04
1.943099e-04
1.954518e-04
1.965970e-04
1.977454e-04
1.988973e-04
2.000524e-04
2.012108e-04
2.023725e-04
2.035376e-04
2.047060e-04
2.058777e-04
2.070527e-04
2.082310e-04
2.094126e-04
2.105976e-04
2.117858e-04
2.129774e-04
2.141723e-04
2.153705e-04
2.165720e-04
2.177769e-04
2.189850e-04
2.201965e-04
2.214113e-04
2.226294e-04
2.238508e-04
2.250755e-04
2.263035e-04
2.275349e-04
2.287695e-04
2.300075e-04
2.312488e-04
2.324934e-04
2.337414e-04
2.349926e-04
2.362471e-04
2.375050e-04
2.387662e-04
2.400307e-04
2.412985e-04
2.425696e-04
2.438441e-04
2.451218e-04
2.464029e-04
2.476873e-04
2.489750e-04
2.502660e-04
2.515603e-04
2.528580e-04
2.541589e-04
2.554632e-04
2.567708e-04
2.580817e-04
2.593959e-04
2.607134e-04
2.620343e-04
2.633584e-04
2.646859e-04
2.660167e-04
2.673508e-04
2.686882e-04
2.700289e-04
2.713730e-04
2.727203e-04
2.740710e-04
2.754250e-04
2.767823e-04
2.781429e-04
2.795069e-04
2.808741e-04
2.822447e-04
2.836185e-04
2.849957e-04
2.863762e-04
2.877601e-04
2.891472e-04
2.905377e-04
2.919314e-04
2.933285e-04
2.947289e-04
2.961326e-04
2.975396e-04
2.989500e-04
3.003636e-04
3.017806e-04
3.032009e-04
3.046244e-04
3.060514e-04
3.074816e-04
3.089151e-04
3.103520e-04
3.117921e-04
3.132356e-04
3.146824e-04
3.161325e-04
3.175860e-04
3.190427e-04
3.205027e-04
3.219661e-04
3.234328e-04
3.249028e-04
3.263761e-04
3.278527e-04
3.293327e-04
3.308159e-04
3.323025e-04
3.337924e-04
3.352856e-04
3.367821e-04
3.382819e-04
3.397851e-04
3.412915e-04
3.428013e-04
3.443144e-04
3.458308e-04
3.473505e-04
3.488736e-04
3.503999e-04
3.519296e-04
3.534625e-04
3.549988e-04
3.565384e-04
3.580813e-04
3.596276e-04
3.611771e-04
3.627300e-04
3.642862e-04
3.658457e-04
3.674085e-04
3.689746e-04
3.705440e-04
3.721168e-04
3.736928e-04
3.752722e-04
3.768549e-04
3.784409e-04
3.800302e-04
3.816229e-04
3.832188e-04
3.848181e-04
3.864207e-04
3.880266e-04
3.896358e-04
3.912483e-04
3.928641e-04
3.944833e-04
3.961057e-04
3.977315e-04
3.993606e-04
4.009930e-04
4.026288e-04
4.042678e-04
4.059102e-04
4.075558e-04
4.092048e-04
4.108571e-04
4.125127e-04
4.141716e-04
4.158339e-04
4.174994e-04
4.191683e-04
4.208405e-04
4.225160e-04
4.241948e-04
4.258769e-04
4.275624e-04
4.292511e-04
4.309432e-04
4.326386e-04
4.343373e-04
4.360393e-04
4.377447e-04
4.394533e-04
4.411653e-04
4.428805e-04
4.445991e-04
4.463210e-04
4.480462e-04
4.497748e-04
4.515066e-04
4.532418e-04
4.549803e-04
4.567221e-04
4.584672e-04
4.602156e-04
4.619673e-04
4.637224e-04
4.654807e-04
4.672424e-04
4.690074e-04
4.707757e-04
4.725473e-04
4.743223e-04
4.761005e-04
4.778821e-04
4.796670e-04
4.814551e-04
4.832467e-04
4.850415e-04
4.868396e-04
4.886411e-04
4.904458e-04
4.922539e-04
4.940653e-04
4.958800e-04
4.976981e-04
4.995194e-04
5.013440e-04
5.031720e-04
5.050033e-04
5.068379e-04
5.086758e-04
5.105170e-04
5.123616e-04
5.142094e-04
5.160606e-04
5.179151e-04
5.197729e-04
5.216340e-04
5.234984e-04
5.253662e-04
5.272372e-04
5.291116e-04
5.309893e-04
5.328703e-04
5.347546e-04
5.366422e-04
5.385332e-04
5.404274e-04
5.423250e-04
5.442259e-04
5.461301e-04
5.480376e-04
5.499485e-04
5.518626e-04
5.537801e-04
5.557008e-04
5.576249e-04
5.595523e-04
5.614831e-04
5.634171e-04
5.653544e-04
5.672951e-04
5.692391e-04
5.711864e-04
5.731370e-04
5.750909e-04
5.770481e-04
5.790087e-04
5.809726e-04
5.829397e-04
5.849102e-04
5.868840e-04
5.888612e-04
5.908416e-04
5.928253e-04
5.948124e-04
5.968028e-04
5.987965e-04
6.007935e-04
6.027938e-04
6.047975e-04
6.068044e-04
6.088147e-04
6.108283e-04
6.128452e-04
6.148654e-04
6.168889e-04
6.189157e-04
6.209459e-04
6.229794e-04
6.250162e-04
6.270563e-04
6.290997e-04
6.311464e-04
6.331964e-04
6.352498e-04
6.373065e-04
6.393665e-04
6.414298e-04
6.434964e-04
6.455663e-04
6.476396e-04
6.497161e-04
6.517960e-04
6.538792e-04
6.559657e-04
6.580555e-04
6.601486e-04
6.622451e-04
6.643448e-04
6.664479e-04
6.685543e-04
6.706640e-04
6.727770e-04
6.748934e-04
6.770130e-04
6.791360e-04
6.812622e-04
6.833918e-04
6.855247e-04
6.876610e-04
6.898005e-04
6.919433e-04
6.940895e-04
6.962390e-04
6.983918e-04
7.005479e-04
7.027073e-04
7.048701e-04
7.070361e-04
7.092055e-04
7.113782e-04
7.135541e-04
7.157335e-04
7.179161e-04
7.201020e-04
7.222913e-04
7.244838e-04
7.266797e-04
7.288789e-04
7.310814e-04
7.332873e-04
7.354964e-04
7.377089e-04
7.399246e-04
7.421437e-04
7.443661e-04
7.465918e-04
7.488209e-04
7.510532e-04
7.532889e-04
7.555278e-04
7.577701e-04
7.600157e-04
7.622646e-04
7.645169e-04
7.667724e-04
7.690313e-04
7.712934e-04
7.735589e-04
7.758277e-04
7.780998e-04
7.803753e-04
7.826540e-04
7.849361e-04
7.872215e-04
7.895101e-04
7.918021e-04
7.940975e-04
7.963961e-04
7.986980e-04
8.010033e-04
8.033119e-04
8.056238e-04
8.079390e-04
8.102575e-04
8.125793e-04
8.149045e-04
8.172330e-04
8.195647e-04
8.218998e-04
8.242382e-04
8.265800e-04
8.289250e-04
8.312733e-04
8.336250e-04
8.359800e-04
8.383383e-04
8.406999e-04
8.430648e-04
8.454331e-04
8.478046e-04
8.501795e-04
8.525577e-04
8.549392e-04
8.573240e-04
8.597121e-04
8.621035e-04
8.644983e-04
8.668964e-04
8.692977e-04
8.717024e-04
8.741105e-04
8.765218e-04
8.789364e-04
8.813544e-04
8.837757e-04
8.862002e-04
8.886281e-04
8.910594e-04
8.934939e-04
8.959317e-04
8.983729e-04
9.008174e-04
9.032652e-04
9.057163e-04
9.081707e-04
9.106284e-04
9.130894e-04
9.155538e-04
9.180215e-04
9.204925e-04
9.229668e-04
9.254444e-04
9.279253e-04
9.304096e-04
9.328971e-04
9.353880e-04
9.378822e-04
9.403797e-04
9.428805e-04
9.453847e-04
9.478921e-04
9.504029e-04
9.529170e-04
9.554344e-04
9.579551e-04
9.604791e-04
9.630064e-04
9.655371e-04
9.680710e-04
9.706083e-04
9.731489e-04
9.756928e-04
9.782400e-04
9.807906e-04
9.833444e-04
9.859016e-04
9.884621e-04
9.910259e-04
9.935930e-04
9.961634e-04
9.987372e-04
1.001314e-03
1.003895e-03
1.006478e-03
1.009065e-03
1.011656e-03
1.014249e-03
1.016846e-03
1.019446e-03
1.022050e-03
1.024657e-03
1.027267e-03
1.029881e-03
1.032497e-03
1.035118e-03
1.037741e-03
1.040368e-03
1.042998e-03
1.045631e-03
1.048268e-03
1.050908e-03
1.053551e-03
1.056198e-03
1.058848e-03
1.061501e-03
1.064158e-03
1.066818e-03
1.069481e-03
1.072148e-03
1.074817e-03
1.077491e-03
1.080167e-03
1.082847e-03
1.085530e-03
1.088216e-03
1.090906e-03
1.093599e-03
1.096296e-03
1.098995e-03
1.101698e-03
1.104405e-03
1.107114e-03
1.109827e-03
1.112544e-03
1.115263e-03
1.117986e-03
1.120712e-03
1.123442e-03
1.126175e-03
1.128911e-03
1.131650e-03
1.134393e-03
1.137139e-03
1.139888e-03
1.142641e-03
1.145397e-03
1.148157e-03
1.150919e-03
1.153685e-03
1.156455e-03
1.159227e-03
1.162003e-03
1.164782e-03
1.167565e-03
1.170351e-03
1.173140e-03
1.175932e-03
1.178728e-03
1.181527e-03
1.184330e-03
1.187136e-03
1.189945e-03
1.192757e-03
1.195573e-03
1.198392e-03
1.201214e-03
1.204040e-03
1.206869e-03
1.209701e-03
1.212537e-03
1.215375e-03
1.218218e-03
1.221063e-03
1.223912e-03
1.226764e-03
1.229620e-03
1.232479e-03
1.235341e-03
1.238206e-03
1.241075e-03
1.243947e-03
1.246822e-03
1.249701e-03
1.252583e-03
1.255468e-03
1.258357e-03
1.261249e-03
1.264144e-03
1.267043e-03
1.269944e-03
1.272850e-03
1.275758e-03
1.278670e-03
1.281585e-03
1.284504e-03
1.287425e-03
1.290350e-03
1.293279e-03
1.296210e-03
1.299146e-03
1.302084e-03
1.305026e-03
1.307970e-03
1.310919e-03
1.313870e-03
1.316825e-03
1.319783e-03
1.322745e-03
1.325710e-03
1.328678e-03
1.331650e-03
1.334624e-03
1.337602e-03
1.340584e-03
1.343569e-03
1.346557e-03
1.349548e-03
1.352543e-03
1.355541e-03
1.358542e-03
1.361547e-03
1.364555e-03
1.367566e-03
1.370580e-03
1.373598e-03
1.376620e-03
1.379644e-03
1.382672e-03
1.385703e-03
1.388738e-03
1.391775e-03
1.394816e-03
1.397861e-03
1.400909e-03
1.403960e-03
1.407014e-03
1.410072e-03
1.413133e-03
1.416197e-03
1.419264e-03
1.422335e-03
1.425410e-03
1.428487e-03
1.431568e-03
1.434652e-03
1.437740e-03
1.440830e-03
1.443925e-03
1.447022e-03
1.450123e-03
1.453227e-03
1.456334e-03
1.459445e-03
1.462559e-03
1.465676e-03
1.468797e-03
1.471921e-03
1.475048e-03
1.478179e-03
1.481313e-03
1.484450e-03
1.487590e-03
1.490734e-03
1.493881e-03
1.497032e-03
1.500186e-03
1.503343e-03
1.506503e-03
1.509667e-03
1.512834e-03
1.516004e-03
1.519178e-03
1.522355e-03
1.525535e-03
1.528719e-03
1.531906e-03
1.535096e-03
1.538290e-03
1.541486e-03
1.544687e-03
1.547890e-03
1.551097e-03
1.554307e-03
1.557521e-03
1.560737e-03
1.563957e-03
1.567181e-03
1.570407e-03
1.573637e-03
1.576871e-03
1.580107e-03
1.583347e-03
1.586591e-03
1.589837e-03
1.593087e-03
1.596340e-03
1.599597e-03
1.602857e-03
1.606120e-03
1.609386e-03
1.612656e-03
1.615929e-03
1.619206e-03
1.622486e-03
1.625769e-03
1.629055e-03
1.632345e-03
1.635638e-03
1.638934e-03
1.642234e-03
1.645536e-03
1.648843e-03
1.652152e-03
1.655465e-03
1.658781e-03
1.662101e-03
1.665424e-03
1.668750e-03
1.672079e-03
1.675412e-03
1.678748e-03
1.682088e-03
1.685430e-03
1.688776e-03
1.692126e-03
1.695478e-03
1.698834e-03
1.702194e-03
1.705556e-03
1.708922e-03
1.712291e-03
1.715664e-03
1.719040e-03
1.722419e-03
1.725801e-03
1.729187e-03
1.732576e-03
1.735969e-03
1.739364e-03
1.742764e-03
1.746166e-03
1.749572e-03
1.752981e-03
1.756393e-03
1.759809e-03
1.763228e-03
1.766650e-03
1.770075e-03
1.773504e-03
1.776936e-03
1.780372e-03
1.783811e-03
1.787253e-03
1.790698e-03
1.794147e-03
1.797599e-03
1.801055e-03
1.804513e-03
1.807975e-03
1.811441e-03
1.814909e-03
1.818381e-03
1.821857e-03
1.825335e-03
1.828817e-03
1.832303e-03
1.835791e-03
1.839283e-03
1.842778e-03
1.846277e-03
1.849778e-03
1.853284e-03
1.856792e-03
1.860304e-03
1.863819e-03
1.867337e-03
1.870859e-03
1.874384e-03
1.877912e-03
1.881444e-03
1.884979e-03
1.888517e-03
1.892059e-03
1.895604e-03
1.899152e-03
1.902703e-03
1.906258e-03
1.909816e-03
1.913378e-03
1.916943e-03
1.920511e-03
1.924082e-03
1.927657e-03
1.931235e-03
1.934816e-03
1.938401e-03
1.941989e-03
1.945580e-03
1.949175e-03
1.952773e-03
1.956374e-03
1.959979e-03
1.963586e-03
1.967198e-03
1.970812e-03
1.974430e-03
1.978051e-03
1.981676e-03
1.985303e-03
1.988934e-03
1.992569e-03
1.996207e-03
1.999848e-03
2.003492e-03
2.007140e-03
2.010790e-03
2.014445e-03
2.018102e-03
2.021763e-03
2.025427e-03
2.029095e-03
2.032766e-03
2.036440e-03
2.040118e-03
2.043798e-03
2.047482e-03
2.051170e-03
2.054861e-03
2.058555e-03
2.062252e-03
2.065953e-03
2.069657e-03
2.073364e-03
2.077075e-03
2.080789e-03
2.084506e-03
2.088226e-03
2.091950e-03
2.095678e-03
2.099408e-03
2.103142e-03
2.106879e-03
2.110619e-03
2.114363e-03
2.118110e-03
2.121861e-03
2.125614e-03
2.129371e-03
2.133132e-03
2.136895e-03
2.140662e-03
2.144433e-03
2.148206e-03
2.151983e-03
2.155763e-03
2.159547e-03
2.163334e-03
2.167124e-03
2.170918e-03
2.174714e-03
2.178514e-03
2.182318e-03
2.186125e-03
2.189935e-03
2.193748e-03
2.197565e-03
2.201385e-03
2.205208e-03
2.209035e-03
2.212865e-03
2.216698e-03
2.220535e-03
2.224374e-03
2.228218e-03
2.232064e-03
2.235914e-03
2.239767e-03
2.243624e-03
2.247483e-03
2.251347e-03
2.255213e-03
2.259083e-03
2.262956e-03
2.266832e-03
2.270712e-03
2.274595e-03
2.278481e-03
2.282371e-03
2.286264e-03
2.290160e-03
2.294059e-03
2.297962e-03
2.301868e-03
2.305778e-03
2.309691e-03
2.313607e-03
2.317526e-03
2.321449e-03
2.325375e-03
2.329305e-03
2.333237e-03
2.337173e-03
2.341113e-03
2.345055e-03
2.349001e-03
2.352950e-03
2.356903e-03
2.360859e-03
2.364818e-03
2.368781e-03
2.372747e-03
2.376716e-03
2.380688e-03
2.384664e-03
2.388643e-03
2.392625e-03
2.396611e-03
2.400600e-03
2.404593e-03
2.408588e-03
2.412587e-03
2.416590e-03
2.420595e-03
2.424604e-03
2.428616e-03
2.432632e-03
2.436651e-03
2.440673e-03
2.444699e-03
2.448727e-03
2.452760e-03
2.456795e-03
2.460834e-03
2.464876e-03
2.468921e-03
2.472970e-03
2.477022e-03
2.481077e-03
2.485136e-03
2.489198e-03
2.493263e-03
2.497332e-03
2.501404e-03
2.505479e-03
2.509557e-03
2.513639e-03
2.517725e-03
2.521813e-03
2.525905e-03
2.530000e-03
2.534098e-03
2.538200e-03
2.542305e-03
2.546414e-03
2.550525e-03
2.554640e-03
2.558759e-03
2.562880e-03
2.567005e-03
2.571133e-03
2.575265e-03
2.579400e-03
2.583538e-03
2.587680e-03
2.591824e-03
2.595973e-03
2.600124e-03
2.604279e-03
2.608437e-03
2.612598e-03
2.616763e-03
2.620931e-03
2.625102e-03
2.629277e-03
2.633455e-03
2.637636e-03
2.641821e-03
2.646009e-03
2.650200e-03
2.654395e-03
2.658592e-03
2.662794e-03
2.666998e-03
2.671206e-03
2.675417e-03
2.679631e-03
2.683849e-03
2.688070e-03
2.692295e-03
2.696522e-03
2.700753e-03
2.704988e-03
2.709225e-03
2.713466e-03
2.717711e-03
2.721958e-03
2.726209e-03
2.730463e-03
2.734721e-03
2.738982e-03
2.743246e-03
2.747513e-03
2.751784e-03
2.756058e-03
2.760336e-03
2.764616e-03
2.768900e-03
2.773188e-03
2.777478e-03
2.781772e-03
2.786070e-03
2.790370e-03
2.794674e-03
2.798981e-03
2.803292e-03
2.807606e-03
2.811923e-03
2.816244e-03
2.820567e-03
2.824895e-03
2.829225e-03
2.833559e-03
2.837896e-03
2.842236e-03
2.846580e-03
2.850927e-03
2.855277e-03
2.859631e-03
2.863988e-03
2.868348e-03
2.872712e-03
2.877079e-03
2.881449e-03
2.885822e-03
2.890199e-03
2.894579e-03
2.898963e-03
2.903350e-03
2.907740e-03
2.912133e-03
2.916530e-03
2.920930e-03
2.925333e-03
2.929740e-03
2.934150e-03
2.938563e-03
2.942980e-03
2.947400e-03
2.951823e-03
2.956250e-03
2.960680e-03
2.965113e-03
2.969549e-03
2.973989e-03
2.978432e-03
2.982879e-03
2.987329e-03
2.991782e-03
2.996238e-03
3.000698e-03
3.005161e-03
3.009627e-03
3.014097e-03
3.018570e-03
3.023046e-03
3.027526e-03
3.032009e-03
3.036495e-03
3.040984e-03
3.045477e-03
3.049973e-03
3.054473e-03
3.058976e-03
3.063482e-03
3.067991e-03
3.072504e-03
3.077020e-03
3.081539e-03
3.086062e-03
3.090588e-03
3.095117e-03
3.099650e-03
3.104186e-03
3.108725e-03
3.113268e-03
3.117814e-03
3.122363e-03
3.126915e-03
3.131471e-03
3.136030e-03
3.140593e-03
3.145159e-03
3.149728e-03
3.154300e-03
3.158876e-03
3.163455e-03
3.168037e-03
3.172623e-03
3.177212e-03
3.181804e-03
3.186400e-03
3.190999e-03
3.195601e-03
3.200206e-03
3.204815e-03
3.209428e-03
3.214043e-03
3.218662e-03
3.223284e-03
3.227909e-03
3.232538e-03
3.237170e-03
3.241806e-03
3.246444e-03
3.251086e-03
3.255732e-03
3.260380e-03
3.265032e-03
3.269688e-03
3.274346e-03
3.279008e-03
3.283673e-03
3.288342e-03
3.293014e-03
3.297689e-03
3.302367e-03
3.307049e-03
3.311734e-03
3.316423e-03
3.321114e-03
3.325809e-03
3.330508e-03
3.335209e-03
3.339914e-03
3.344623e-03
3.349334e-03
3.354049e-03
3.358767e-03
3.363489e-03
3.368214e-03
3.372942e-03
3.377674e-03
3.382408e-03
3.387147e-03
3.391888e-03
3.396633e-03
3.401381e-03
3.406132e-03
3.410887e-03
3.415645e-03
3.420406e-03
3.425171e-03
3.429939e-03
3.434710e-03
3.439485e-03
3.444263e-03
3.449044e-03
3.453828e-03
3.458616e-03
3.463407e-03
3.468202e-03
3.473000e-03
3.477801e-03
3.482605e-03
3.487413e-03
3.492224e-03
3.497038e-03
3.501856e-03
3.506677e-03
3.511501e-03
3.516329e-03
3.521160e-03
3.525994e-03
3.530832e-03
3.535673e-03
3.540517e-03
3.545364e-03
3.550215e-03
3.555069e-03
3.559927e-03
3.564788e-03
3.569652e-03
3.574519e-03
3.579390e-03
3.584264e-03
3.589141e-03
3.594022e-03
3.598906e-03
3.603793e-03
3.608684e-03
3.613578e-03
3.618475e-03
3.623375e-03
3.628279e-03
3.633186e-03
3.638097e-03
3.643011e-03
3.647928e-03
3.652848e-03
3.657772e-03
3.662699e-03
3.667630e-03
3.672563e-03
3.677500e-03
3.682441e-03
3.687384e-03
3.692331e-03
3.697281e-03
3.702235e-03
3.707192e-03
3.712152e-03
3.717116e-03
3.722082e-03
3.727053e-03
3.732026e-03
3.737003e-03
3.741983e-03
3.746966e-03
3.751953e-03
3.756943e-03
3.761936e-03
3.766933e-03
3.771933e-03
3.776936e-03
3.781943e-03
3.786953e-03
3.791966e-03
3.796983e-03
3.802003e-03
3.807026e-03
3.812052e-03
3.817082e-03
3.822115e-03
3.827152e-03
3.832191e-03
3.837235e-03
3.842281e-03
3.847331e-03
3.852384e-03
3.857440e-03
3.862500e-03
3.867563e-03
3.872629e-03
3.877698e-03
3.882771e-03
3.887848e-03
3.892262e-03
3.896661e-03
3.901042e-03
3.905408e-03
3.909756e-03
3.914088e-03
3.918404e-03
3.922703e-03
3.926986e-03
3.931252e-03
3.935501e-03
3.939734e-03
3.943951e-03
3.948150e-03
3.952334e-03
3.956501e-03
3.960651e-03
3.964785e-03
3.968902e-03
3.973003e-03
3.977087e-03
3.981155e-03
3.985206e-03
3.989241e-03
3.993259e-03
3.997260e-03
4.001245e-03
4.005214e-03
4.009166e-03
4.013101e-03
4.017020e-03
4.020922e-03
4.024808e-03
4.028678e-03
4.032531e-03
4.036367e-03
4.040187e-03
4.043990e-03
4.047776e-03
4.051547e-03
4.055300e-03
4.059037e-03
4.062758e-03
4.066462e-03
4.070150e-03
4.073821e-03
4.077475e-03
4.081113e-03
4.084734e-03
4.088339e-03
4.091928e-03
4.095499e-03
4.099055e-03
4.102593e-03
4.106116e-03
4.109621e-03
4.113111e-03
4.116583e-03
4.120039e-03
4.123479e-03
4.126902e-03
4.130309e-03
4.133699e-03
4.137072e-03
4.140429e-03
4.143769e-03
4.147093e-03
4.150401e-03
4.153692e-03
4.156966e-03
4.160224e-03
4.163465e-03
4.166690e-03
4.169898e-03
4.173089e-03
4.176265e-03
4.179423e-03
4.182565e-03
4.185691e-03
4.188800e-03
4.191892e-03
4.194968e-03
4.198028e-03
4.201071e-03
4.204097e-03
4.207107e-03
4.210100e-03
4.213077e-03
4.216037e-03
4.218981e-03
4.221908e-03
4.224819e-03
4.227713e-03
4.230591e-03
4.233452e-03
4.236296e-03
4.239124e-03
4.241936e-03
4.244731e-03
4.247509e-03
4.250271e-03
4.253017e-03
4.255745e-03
4.258458e-03
4.261154e-03
4.263833e-03
4.266496e-03
4.269142e-03
4.271772e-03
4.274385e-03
4.276981e-03
4.279561e-03
4.282125e-03
4.284672e-03
4.287203e-03
4.289717e-03
4.292214e-03
4.294695e-03
4.297159e-03
4.299607e-03
4.302039e-03
4.304453e-03
4.306852e-03
4.309233e-03
4.311599e-03
4.313947e-03
4.316280e-03
4.318595e-03
4.320894e-03
4.323177e-03
4.325443e-03
4.327693e-03
4.329926e-03
4.332142e-03
4.334342e-03
4.336525e-03
4.338692e-03
4.340843e-03
4.342976e-03
4.345094e-03
4.347195e-03
4.349279e-03
4.351346e-03
4.353398e-03
4.355432e-03
4.357450e-03
4.359452e-03
4.361437e-03
4.363406e-03
4.365358e-03
4.367293e-03
4.369212e-03
4.371115e-03
4.373000e-03
4.374870e-03
4.376723e-03
4.378559e-03
4.380379e-03
4.382182e-03
4.383969e-03
4.385739e-03
4.387493e-03
4.389230e-03
4.390950e-03
4.392655e-03
4.394342e-03
4.396013e-03
4.397668e-03
4.399306e-03
4.400927e-03
4.402532e-03
4.404120e-03
4.405692e-03
4.407247e-03
4.408786e-03
4.410309e-03
4.411814e-03
4.413304e-03
4.414776e-03
4.416232e-03
4.417672e-03
4.419095e-03
4.420502e-03
4.421892e-03
4.423265e-03
4.424622e-03
4.425963e-03
4.427287e-03
4.428594e-03
4.429885e-03
4.431159e-03
4.432417e-03
4.433658e-03
4.434883e-03
4.436091e-03
4.437283e-03
4.438458e-03
4.439617e-03
4.440759e-03
4.441884e-03
4.442994e-03
4.444086e-03
4.445162e-03
4.446222e-03
4.447264e-03
4.448291e-03
4.449301e-03
4.450294e-03
4.451271e-03
4.452231e-03
4.453175e-03
4.454102e-03
4.455013e-03
4.455907e-03
4.456785e-03
4.457646e-03
4.458491e-03
4.459319e-03
4.460130e-03
4.460925e-03
4.461704e-03
4.462466e-03
4.463211e-03
4.463940e-03
4.464652e-03
4.465348e-03
4.466027e-03
4.466690e-03
4.467336e-03
4.467966e-03
4.468579e-03
4.469176e-03
4.469756e-03
4.470320e-03
4.470867e-03
4.471397e-03
4.471911e-03
4.472409e-03
4.472890e-03
4.473354e-03
4.473802e-03
4.474234e-03
4.474648e-03
4.475047e-03
4.475429e-03
4.475794e-03
4.476143e-03
4.476475e-03
4.476790e-03
4.477090e-03
4.477372e-03
4.477638e-03
4.477888e-03
4.478121e-03
4.478337e-03
4.478537e-03
4.478721e-03
4.478888e-03
4.479038e-03
4.479172e-03
4.479289e-03
4.479390e-03
4.479474e-03
4.479542e-03
4.479593e-03
4.479628e-03
4.479646e-03
4.479648e-03
4.479633e-03
4.479602e-03
4.479554e-03
4.479489e-03
4.479408e-03
4.479311e-03
4.479197e-03
4.479066e-03
4.478919e-03
4.478755e-03
4.478575e-03
4.478378e-03
4.478165e-03
4.477935e-03
4.477689e-03
4.477426e-03
4.477147e-03
4.476851e-03
4.476539e-03
4.476210e-03
4.475864e-03
4.475502e-03
4.475124e-03
4.474729e-03
4.474317e-03
4.473889e-03
4.473444e-03
4.472983e-03
4.472505e-03
4.472011e-03
4.471500e-03
4.470973e-03
4.470651e-03
4.470651e-03
4.470651e-03
4.470651e-03
4.470651e-03
4.470651e-03
4.470651e-03
4.470651e-03
4.470651e-03
4.470651e-03
4.470651e-03
4.470651e-03
4.470651e-03
4.470651e-03
4.470651e-03
4.470651e-03
4.470651e-03
4.470651e-03
4.470651e-03
4.470651e-03
4.470651e-03
4.470651e-03
4.470651e-03
4.470651e-03
4.470651e-03
4.470651e-03
4.470651e-03
4.470651e-03
4.470651e-03
4.470651e-03
4.470651e-03
4.470651e-03
4.470651e-03
4.470651e-03
4.470651e-03
4.470651e-03
4.470651e-03
4.470651e-03
4.470651e-03
4.470651e-03
4.470651e-03
4.470651e-03
4.470651e-03
4.470651e-03
4.470651e-03
4.470651e-03
4.470651e-03
4.470651e-03
4.470651e-03
4.470651e-03
4.470651e-03
4.470651e-03
4.470651e-03
4.470651e-03
4.470651e-03
4.470651e-03
4.470651e-03
4.470651e-03
4.470651e-03
4.470651e-03
4.470651e-03
4.470651e-03
4.470651e-03
4.470651e-03
4.470651e-03
4.470651e-03
4.470651e-03
4.470651e-03
4.470651e-03
4.470651e-03
4.470651e-03
4.470651e-03
4.470651e-03
4.470651e-03
4.470651e-03
4.470651e-03
4.470651e-03
4.470651e-03
4.470651e-03
4.470651e-03
4.470651e-03
4.470651e-03
4.470651e-03
4.470651e-03
4.470651e-03
4.470651e-03
4.470651e-03
4.470651e-03
4.470651e-03
4.470651e-03
4.470651e-03
4.470651e-03
4.470651e-03
4.470651e-03
4.470651e-03
4.470651e-03
4.470651e-03
4.470651e-03
4.470651e-03
4.470651e-03
4.470651e-03
4.470651e-03
4.470651e-03
4.470651e-03
4.470651e-03
4.470651e-03
4.470651e-03
4.470651e-03
4.470651e-03
4.470651e-03
4.470651e-03
4.470651e-03
4.470651e-03
4.470651e-03
4.470651e-03
4.470651e-03
4.470651e-03
4.470651e-03
4.470651e-03
4.470651e-03
4.470651e-03
4.470651e-03
4.470651e-03
4.470651e-03
4.470651e-03
4.470651e-03
4.470651e-03
4.470651e-03
4.470651e-03
4.470651e-03
4.470651e-03
4.470651e-03
4.470651e-03
4.470651e-03
4.470651e-03
4.470651e-03
4.470651e-03
4.470651e-03
4.470651e-03
4.470651e-03
4.470651e-03
4.470651e-03
4.470651e-03
4.470651e-03
4.470651e-03
4.470651e-03
4.470651e-03
4.470651e-03
4.470651e-03
4.470651e-03
4.470651e-03
4.470651e-03
4.470651e-03
4.470651e-03
4.470651e-03
4.470651e-03
4.470651e-03
4.470651e-03
4.470651e-03
4.470651e-03
4.470651e-03
4.470651e-03
4.470651e-03
4.470651e-03
4.470651e-03
4.470651e-03
4.470651e-03
4.470651e-03
4.470651e-03
4.470651e-03
4.470651e-03
4.470651e-03
4.470651e-03
4.470651e-03
4.470651e-03
4.470651e-03
4.470651e-03
4.470651e-03
4.470651e-03
4.470651e-03
4.470651e-03
4.470651e-03
4.470651e-03
4.470651e-03
4.470651e-03
4.470651e-03
4.470651e-03
4.470651e-03
4.470651e-03
4.470651e-03
4.470651e-03
4.470651e-03
4.470651e-03
4.470651e-03
4.470651e-03
4.470651e-03
4.470651e-03
4.470651e-03
4.470651e-03
4.470651e-03
4.470651e-03
