0.000000e+00
1.110371e-07
2.250590e-07
3.420659e-07
4.620576e-07
5.850341e-07
7.109955e-07
8.399418e-07
9.718730e-07
1.106789e-06
1.244690e-06
1.385576e-06
1.529446e-06
1.676302e-06
1.826142e-06
1.978967e-06
2.134778e-06
2.293573e-06
2.455352e-06
2.620117e-06
2.787867e-06
2.958601e-06
3.132320e-06
3.309025e-06
3.488714e-06
3.671388e-06
3.857046e-06
4.045690e-06
4.237318e-06
4.431932e-06
4.629530e-06
4.830113e-06
5.033681e-06
5.240234e-06
5.449772e-06
5.662294e-06
5.877802e-06
6.096294e-06
6.317771e-06
6.542233e-06
6.769680e-06
7.000112e-06
7.233529e-06
7.469930e-06
7.709317e-06
7.951688e-06
8.197044e-06
8.445385e-06
8.696711e-06
8.951022e-06
9.208318e-06
9.468598e-06
9.731863e-06
9.998114e-06
1.026735e-05
1.053957e-05
1.081477e-05
1.109296e-05
1.137414e-05
1.165830e-05
1.194544e-05
1.223557e-05
1.252868e-05
1.282478e-05
1.312387e-05
1.342594e-05
1.373099e-05
1.403903e-05
1.435005e-05
1.466406e-05
1.498105e-05
1.530103e-05
1.562399e-05
1.594994e-05
1.627887e-05
1.661079e-05
1.694569e-05
1.728358e-05
1.762445e-05
1.796831e-05
1.831515e-05
1.866498e-05
1.901779e-05
1.937358e-05
1.973236e-05
2.009413e-05
2.045888e-05
2.082662e-05
2.119734e-05
2.157104e-05
2.194773e-05
2.232741e-05
2.271007e-05
2.309571e-05
2.348434e-05
2.387596e-05
2.427056e-05
2.466814e-05
2.506871e-05
2.547227e-05
2.587880e-05
2.628833e-05
2.670084e-05
2.711633e-05
2.753481e-05
2.795627e-05
2.838072e-05
2.880815e-05
2.923857e-05
2.967197e-05
3.010836e-05
3.054774e-05
3.099009e-05
3.143543e-05
3.188376e-05
3.233507e-05
3.278937e-05
3.324665e-05
3.370692e-05
3.417017e-05
3.463641e-05
3.510563e-05
3.557783e-05
3.605303e-05
3.653120e-05
3.701236e-05
3.749651e-05
3.798364e-05
3.847375e-05
3.896685e-05
3.946294e-05
3.996201e-05
4.046406e-05
4.096910e-05
4.147713e-05
4.198814e-05
4.250213e-05
4.301911e-05
4.353907e-05
4.406202e-05
4.458796e-05
4.511688e-05
4.564878e-05
4.618367e-05
4.672154e-05
4.726240e-05
4.780624e-05
4.835307e-05
4.890288e-05
4.945568e-05
5.001146e-05
5.057023e-05
5.113198e-05
5.169672e-05
5.226444e-05
5.283515e-05
5.340884e-05
5.398552e-05
5.456518e-05
5.514782e-05
5.573345e-05
5.632207e-05
5.691367e-05
5.750826e-05
5.810583e-05
5.870638e-05
5.930992e-05
5.991645e-05
6.052596e-05
6.113845e-05
6.175393e-05
6.237240e-05
6.299385e-05
6.361828e-05
6.424570e-05
6.487610e-05
6.550949e-05
6.614587e-05
6.678523e-05
6.742757e-05
6.807290e-05
6.872121e-05
6.937251e-05
7.002679e-05
7.068406e-05
7.134431e-05
7.200755e-05
7.267377e-05
7.334298e-05
7.401517e-05
7.469035e-05
7.536851e-05
7.604966e-05
7.673379e-05
7.742091e-05
7.811101e-05
7.880409e-05
7.950017e-05
8.019922e-05
8.090126e-05
8.160629e-05
8.231430e-05
8.302529e-05
8.373928e-05
8.445624e-05
8.517619e-05
8.589913e-05
8.662505e-05
8.735395e-05
8.808584e-05
8.882071e-05
8.955857e-05
9.029942e-05
9.104325e-05
9.179006e-05
9.253986e-05
9.329264e-05
9.404841e-05
9.480717e-05
9.556890e-05
9.633363e-05
9.710134e-05
9.787203e-05
9.864571e-05
9.942237e-05
1.002020e-04
1.009846e-04
1.017703e-04
1.025589e-04
1.033505e-04
1.041450e-04
1.049426e-04
1.057431e-04
1.065467e-04
1.073532e-04
1.081627e-04
1.089751e-04
1.097906e-04
1.106091e-04
1.114305e-04
1.122549e-04
1.130823e-04
1.139127e-04
1.147461e-04
1.155824e-04
1.164218e-04
1.172641e-04
1.181094e-04
1.189577e-04
1.198090e-04
1.206633e-04
1.215205e-04
1.223808e-04
1.232440e-04
1.241102e-04
1.249794e-04
1.258516e-04
1.267267e-04
1.276049e-04
1.284860e-04
1.293701e-04
1.302572e-04
1.311473e-04
1.320404e-04
1.329365e-04
1.338355e-04
1.347375e-04
1.356425e-04
1.365505e-04
1.374615e-04
1.383755e-04
1.392924e-04
1.402124e-04
1.411353e-04
1.420612e-04
1.429901e-04
1.439220e-04
1.448568e-04
1.457947e-04
1.467355e-04
1.476793e-04
1.486261e-04
1.495759e-04
1.505287e-04
1.514844e-04
1.524432e-04
1.534049e-04
1.543696e-04
1.553373e-04
1.563080e-04
1.572816e-04
1.582583e-04
1.592379e-04
1.602205e-04
1.612061e-04
1.621947e-04
1.631863e-04
1.641809e-04
1.651784e-04
1.661789e-04
1.671825e-04
1.681889e-04
1.691984e-04
1.702109e-04
1.712264e-04
1.722448e-04
1.732662e-04
1.742906e-04
1.753180e-04
1.763484e-04
1.773817e-04
1.784181e-04
1.794574e-04
1.804997e-04
1.815450e-04
1.825933e-04
1.836446e-04
1.846989e-04
1.857561e-04
1.868163e-04
1.878795e-04
1.889457e-04
1.900149e-04
1.910871e-04
1.921622e-04
1.932403e-04
1.943215e-04
1.954056e-04
1.964927e-04
1.975827e-04
1.986758e-04
1.997718e-04
2.008709e-04
2.019729e-04
2.030779e-04
2.041859e-04
2.052968e-04
2.064108e-04
2.075277e-04
2.086476e-04
2.097705e-04
2.108964e-04
2.120253e-04
2.131572e-04
2.142920e-04
2.154299e-04
2.165707e-04
2.177145e-04
2.188613e-04
2.200110e-04
2.211638e-04
2.223195e-04
2.234783e-04
2.246400e-04
2.258047e-04
2.269723e-04
2.281430e-04
2.293167e-04
2.304933e-04
2.316729e-04
2.328555e-04
2.340411e-04
2.352297e-04
2.364212e-04
2.376158e-04
2.388133e-04
2.400138e-04
2.412173e-04
2.424238e-04
2.436333e-04
2.448457e-04
2.460612e-04
2.472796e-04
2.485010e-04
2.497254e-04
2.509528e-04
2.521831e-04
2.534165e-04
2.546528e-04
2.558921e-04
2.571344e-04
2.583797e-04
2.596280e-04
2.608792e-04
2.621335e-04
2.633907e-04
2.646509e-04
2.659141e-04
2.671803e-04
2.684495e-04
2.697216e-04
2.709968e-04
2.722749e-04
2.735560e-04
2.748401e-04
2.761271e-04
2.774172e-04
2.787103e-04
2.800063e-04
2.813053e-04
2.826073e-04
2.839123e-04
2.852202e-04
2.865312e-04
2.878451e-04
2.891621e-04
2.904820e-04
2.918049e-04
2.931307e-04
2.944596e-04
2.957915e-04
2.971263e-04
2.984641e-04
2.998049e-04
3.011487e-04
3.024955e-04
3.038452e-04
3.051980e-04
3.065537e-04
3.079124e-04
3.092741e-04
3.106388e-04
3.120065e-04
3.133771e-04
3.147507e-04
3.161274e-04
3.175070e-04
3.188896e-04
3.202751e-04
3.216637e-04
3.230552e-04
3.244498e-04
3.258473e-04
3.272478e-04
3.286513e-04
3.300577e-04
3.314672e-04
3.328796e-04
3.342951e-04
3.357135e-04
3.371349e-04
3.385592e-04
3.399866e-04
3.414170e-04
3.428503e-04
3.442866e-04
3.457259e-04
3.471682e-04
3.486135e-04
3.500617e-04
3.515130e-04
3.529672e-04
3.544244e-04
3.558846e-04
3.573478e-04
3.588140e-04
3.602831e-04
3.617552e-04
3.632304e-04
3.647085e-04
3.661896e-04
3.676736e-04
3.691607e-04
3.706507e-04
3.721438e-04
3.736398e-04
3.751388e-04
3.766408e-04
3.781458e-04
3.796537e-04
3.811646e-04
3.826786e-04
3.841955e-04
3.857154e-04
3.872383e-04
3.887641e-04
3.902930e-04
3.918248e-04
3.933596e-04
3.948974e-04
3.964382e-04
3.979820e-04
3.995287e-04
4.010785e-04
4.026312e-04
4.041869e-04
4.057456e-04
4.073073e-04
4.088720e-04
4.104396e-04
4.120103e-04
4.135839e-04
4.151605e-04
4.167401e-04
4.183227e-04
4.199082e-04
4.214968e-04
4.230883e-04
4.246828e-04
4.262803e-04
4.278808e-04
4.294843e-04
4.310907e-04
4.327002e-04
4.343126e-04
4.359280e-04
4.375464e-04
4.391678e-04
4.407922e-04
4.424195e-04
4.440498e-04
4.456832e-04
4.473195e-04
4.489588e-04
4.506010e-04
4.522463e-04
4.538945e-04
4.555458e-04
4.572000e-04
4.588572e-04
4.605174e-04
4.621805e-04
4.638467e-04
4.655158e-04
4.671879e-04
4.688631e-04
4.705411e-04
4.722222e-04
4.739063e-04
4.755933e-04
4.772834e-04
4.789764e-04
4.806724e-04
4.823714e-04
4.840733e-04
4.857783e-04
4.874862e-04
4.891972e-04
4.909111e-04
4.926280e-04
4.943479e-04
4.960707e-04
4.977966e-04
4.995254e-04
5.012572e-04
5.029920e-04
5.047298e-04
5.064706e-04
5.082144e-04
5.099611e-04
5.117108e-04
5.134635e-04
5.152192e-04
5.169779e-04
5.187396e-04
5.205043e-04
5.222719e-04
5.240425e-04
5.258161e-04
5.275927e-04
5.293723e-04
5.311549e-04
5.329404e-04
5.347289e-04
5.365205e-04
5.383150e-04
5.401124e-04
5.419129e-04
5.437164e-04
5.455228e-04
5.473322e-04
5.491447e-04
5.509601e-04
5.527784e-04
5.545998e-04
5.564242e-04
5.582515e-04
5.600818e-04
5.619151e-04
5.637514e-04
5.655907e-04
5.674329e-04
5.692782e-04
5.711264e-04
5.729776e-04
5.748318e-04
5.766890e-04
5.785492e-04
5.804123e-04
5.822785e-04
5.841476e-04
5.860197e-04
5.878948e-04
5.897729e-04
5.916540e-04
5.935380e-04
5.954250e-04
5.973151e-04
5.992081e-04
6.011040e-04
6.030030e-04
6.049050e-04
6.068099e-04
6.087178e-04
6.106288e-04
6.125427e-04
6.144595e-04
6.163794e-04
6.183023e-04
6.202281e-04
6.221569e-04
6.240887e-04
6.260235e-04
6.279613e-04
6.299020e-04
6.318458e-04
6.337925e-04
6.357422e-04
6.376949e-04
6.396506e-04
6.416093e-04
6.435710e-04
6.455356e-04
6.475032e-04
6.494738e-04
6.514474e-04
6.534240e-04
6.554036e-04
6.573861e-04
6.593716e-04
6.613602e-04
6.633517e-04
6.653462e-04
6.673436e-04
6.693441e-04
6.713475e-04
6.733540e-04
6.753634e-04
6.773758e-04
6.793912e-04
6.814095e-04
6.834309e-04
6.854552e-04
6.874825e-04
6.895128e-04
6.915461e-04
6.935824e-04
6.956217e-04
6.976639e-04
6.997092e-04
7.017574e-04
7.038086e-04
7.058628e-04
7.079199e-04
7.099801e-04
7.120432e-04
7.141094e-04
7.161785e-04
7.182506e-04
7.203256e-04
7.224037e-04
7.244848e-04
7.265688e-04
7.286558e-04
7.307458e-04
7.328388e-04
7.349348e-04
7.370337e-04
7.391357e-04
7.412406e-04
7.433485e-04
7.454594e-04
7.475733e-04
7.496902e-04
7.518100e-04
7.539329e-04
7.560587e-04
7.581875e-04
7.603193e-04
7.624541e-04
7.645918e-04
7.667326e-04
7.688763e-04
7.710230e-04
7.731727e-04
7.753254e-04
7.774811e-04
7.796397e-04
7.818014e-04
7.839660e-04
7.861336e-04
7.883042e-04
7.904778e-04
7.926544e-04
7.948339e-04
7.970164e-04
7.992020e-04
8.013905e-04
8.035820e-04
8.057764e-04
8.079739e-04
8.101743e-04
8.123778e-04
8.145842e-04
8.167936e-04
8.190060e-04
8.212213e-04
8.234397e-04
8.256610e-04
8.278854e-04
8.301127e-04
8.323430e-04
8.345762e-04
8.368125e-04
8.390517e-04
8.412940e-04
8.435392e-04
8.457874e-04
8.480386e-04
8.502928e-04
8.525499e-04
8.548101e-04
8.570732e-04
8.593393e-04
8.616084e-04
8.638805e-04
8.661555e-04
8.684336e-04
8.707146e-04
8.729986e-04
8.752857e-04
8.775756e-04
8.798686e-04
8.821646e-04
8.844635e-04
8.867655e-04
8.890704e-04
8.913783e-04
8.936892e-04
8.960030e-04
8.983199e-04
9.006397e-04
9.029625e-04
9.052884e-04
9.076171e-04
9.099489e-04
9.122837e-04
9.146214e-04
9.169622e-04
9.193059e-04
9.216526e-04
9.240023e-04
9.263550e-04
9.287106e-04
9.310693e-04
9.334309e-04
9.357955e-04
9.381631e-04
9.405337e-04
9.429072e-04
9.452838e-04
9.476633e-04
9.500458e-04
9.524314e-04
9.548198e-04
9.572113e-04
9.596058e-04
9.620032e-04
9.644037e-04
9.668071e-04
9.692135e-04
9.716229e-04
9.740352e-04
9.764506e-04
9.788689e-04
9.812903e-04
9.837146e-04
9.861419e-04
9.885721e-04
9.910054e-04
9.934416e-04
9.958809e-04
9.983231e-04
1.000768e-03
1.003216e-03
1.005668e-03
1.008122e-03
1.010579e-03
1.013039e-03
1.015502e-03
1.017968e-03
1.020437e-03
1.022909e-03
1.025385e-03
1.027863e-03
1.030344e-03
1.032828e-03
1.035315e-03
1.037805e-03
1.040298e-03
1.042793e-03
1.045292e-03
1.047794e-03
1.050299e-03
1.052807e-03
1.055318e-03
1.057832e-03
1.060349e-03
1.062868e-03
1.065391e-03
1.067917e-03
1.070446e-03
1.072978e-03
1.075512e-03
1.078050e-03
1.080591e-03
1.083135e-03
1.085681e-03
1.088231e-03
1.090784e-03
1.093339e-03
1.095898e-03
1.098459e-03
1.101024e-03
1.103592e-03
1.106162e-03
1.108736e-03
1.111312e-03
1.113892e-03
1.116474e-03
1.119060e-03
1.121648e-03
1.124240e-03
1.126834e-03
1.129432e-03
1.132032e-03
1.134635e-03
1.137242e-03
1.139851e-03
1.142464e-03
1.145079e-03
1.147697e-03
1.150319e-03
1.152943e-03
1.155570e-03
1.158200e-03
1.160834e-03
1.163470e-03
1.166109e-03
1.168751e-03
1.171396e-03
1.174045e-03
1.176696e-03
1.179350e-03
1.182007e-03
1.184667e-03
1.187330e-03
1.189996e-03
1.192665e-03
1.195338e-03
1.198013e-03
1.200691e-03
1.203372e-03
1.206056e-03
1.208743e-03
1.211433e-03
1.214125e-03
1.216821e-03
1.219520e-03
1.222222e-03
1.224927e-03
1.227635e-03
1.230346e-03
1.233060e-03
1.235777e-03
1.238496e-03
1.241219e-03
1.243945e-03
1.246674e-03
1.249405e-03
1.252140e-03
1.254878e-03
1.257619e-03
1.260362e-03
1.263109e-03
1.265859e-03
1.268611e-03
1.271367e-03
1.274125e-03
1.276887e-03
1.279652e-03
1.282419e-03
1.285190e-03
1.287963e-03
1.290740e-03
1.293519e-03
1.296302e-03
1.299087e-03
1.301876e-03
1.304667e-03
1.307462e-03
1.310259e-03
1.313060e-03
1.315863e-03
1.318669e-03
1.321479e-03
1.324291e-03
1.327106e-03
1.329925e-03
1.332746e-03
1.335570e-03
1.338397e-03
1.341228e-03
1.344061e-03
1.346897e-03
1.349736e-03
1.352579e-03
1.355424e-03
1.358272e-03
1.361123e-03
1.363977e-03
1.366834e-03
1.369694e-03
1.372557e-03
1.375424e-03
1.378293e-03
1.381165e-03
1.384040e-03
1.386918e-03
1.389799e-03
1.392683e-03
1.395570e-03
1.398460e-03
1.401353e-03
1.404248e-03
1.407147e-03
1.410049e-03
1.412954e-03
1.415862e-03
1.418773e-03
1.421687e-03
1.424603e-03
1.427523e-03
1.430446e-03
1.433372e-03
1.436301e-03
1.439232e-03
1.442167e-03
1.445105e-03
1.448045e-03
1.450989e-03
1.453936e-03
1.456885e-03
1.459838e-03
1.462794e-03
1.465752e-03
1.468714e-03
1.471678e-03
1.474646e-03
1.477616e-03
1.480590e-03
1.483567e-03
1.486546e-03
1.489528e-03
1.492514e-03
1.495502e-03
1.498494e-03
1.501488e-03
1.504486e-03
1.507486e-03
1.510489e-03
1.513496e-03
1.516505e-03
1.519517e-03
1.522533e-03
1.525551e-03
1.528572e-03
1.531597e-03
1.534624e-03
1.537654e-03
1.540687e-03
1.543724e-03
1.546763e-03
1.549805e-03
1.552850e-03
1.555898e-03
1.558949e-03
1.562003e-03
1.565061e-03
1.568121e-03
1.571184e-03
1.574250e-03
1.577319e-03
1.580391e-03
1.583466e-03
1.586544e-03
1.589625e-03
1.592709e-03
1.595796e-03
1.598886e-03
1.601979e-03
1.605075e-03
1.608173e-03
1.611275e-03
1.614380e-03
1.617488e-03
1.620599e-03
1.623713e-03
1.626829e-03
1.629949e-03
1.633072e-03
1.636198e-03
1.639326e-03
1.642458e-03
1.645593e-03
1.648731e-03
1.651871e-03
1.655015e-03
1.658162e-03
1.661311e-03
1.664464e-03
1.667619e-03
1.670778e-03
1.673940e-03
1.677104e-03
1.680272e-03
1.683442e-03
1.686616e-03
1.689792e-03
1.692972e-03
1.696154e-03
1.699340e-03
1.702528e-03
1.705719e-03
1.708914e-03
1.712111e-03
1.715312e-03
1.718515e-03
1.721721e-03
1.724931e-03
1.728143e-03
1.731358e-03
1.734577e-03
1.737798e-03
1.741022e-03
1.744249e-03
1.747480e-03
1.750713e-03
1.753949e-03
1.757188e-03
1.760430e-03
1.763675e-03
1.766924e-03
1.770175e-03
1.773429e-03
1.776686e-03
1.779946e-03
1.783209e-03
1.786475e-03
1.789744e-03
1.793016e-03
1.796291e-03
1.799569e-03
1.802850e-03
1.806134e-03
1.809421e-03
1.812711e-03
1.816004e-03
1.819300e-03
1.822599e-03
1.825900e-03
1.829205e-03
1.832513e-03
1.835824e-03
1.839138e-03
1.842454e-03
1.845774e-03
1.849097e-03
1.852423e-03
1.855751e-03
1.859083e-03
1.862418e-03
1.865756e-03
1.869096e-03
1.872440e-03
1.875787e-03
1.879136e-03
1.882489e-03
1.885844e-03
1.889203e-03
1.892564e-03
1.895929e-03
1.899297e-03
1.902667e-03
1.906041e-03
1.909417e-03
1.912796e-03
1.916179e-03
1.919564e-03
1.922953e-03
1.926344e-03
1.929739e-03
1.933136e-03
1.936536e-03
1.939940e-03
1.943346e-03
1.946755e-03
1.950168e-03
1.953583e-03
1.957001e-03
1.960422e-03
1.963847e-03
1.967274e-03
1.970704e-03
1.974137e-03
1.977573e-03
1.981013e-03
1.984455e-03
1.987900e-03
1.991348e-03
1.994799e-03
1.998253e-03
2.001710e-03
2.005170e-03
2.008633e-03
2.012099e-03
2.015568e-03
2.019040e-03
2.022515e-03
2.025993e-03
2.029474e-03
2.032958e-03
2.036445e-03
2.039935e-03
2.043428e-03
2.046924e-03
2.050423e-03
2.053925e-03
2.057429e-03
2.060937e-03
2.064448e-03
2.067962e-03
2.071479e-03
2.074998e-03
2.078521e-03
2.082047e-03
2.085576e-03
2.089107e-03
2.092642e-03
2.096180e-03
2.099720e-03
2.103264e-03
2.106811e-03
2.110360e-03
2.113913e-03
2.117468e-03
2.121027e-03
2.124588e-03
2.128153e-03
2.131720e-03
2.135291e-03
2.138864e-03
2.142441e-03
2.146020e-03
2.149603e-03
2.153188e-03
2.156777e-03
2.160368e-03
2.163962e-03
2.167560e-03
2.171160e-03
2.174763e-03
2.178370e-03
2.181979e-03
2.185591e-03
2.189207e-03
2.192825e-03
2.196446e-03
2.200070e-03
2.203698e-03
2.207328e-03
2.210961e-03
2.214597e-03
2.218236e-03
2.221878e-03
2.225523e-03
2.229172e-03
2.232823e-03
2.236477e-03
2.240134e-03
2.243794e-03
2.247457e-03
2.251123e-03
2.254792e-03
2.258464e-03
2.262139e-03
2.265817e-03
2.269498e-03
2.273182e-03
2.276869e-03
2.280558e-03
2.284251e-03
2.287947e-03
2.291646e-03
2.295348e-03
2.299053e-03
2.302761e-03
2.306471e-03
2.310185e-03
2.313902e-03
2.317622e-03
2.321344e-03
2.325070e-03
2.328799e-03
2.332530e-03
2.336265e-03
2.340003e-03
2.343743e-03
2.347487e-03
2.351234e-03
2.354983e-03
2.358736e-03
2.362491e-03
2.366250e-03
2.370011e-03
2.373776e-03
2.377543e-03
2.381314e-03
2.385087e-03
2.388864e-03
2.392643e-03
2.396426e-03
2.400211e-03
2.403999e-03
2.407791e-03
2.411585e-03
2.415383e-03
2.419183e-03
2.422986e-03
2.426793e-03
2.430602e-03
2.434414e-03
2.438229e-03
2.442048e-03
2.445869e-03
2.449693e-03
2.453520e-03
2.457350e-03
2.461184e-03
2.465020e-03
2.468859e-03
2.472701e-03
2.476546e-03
2.480394e-03
2.484245e-03
2.488099e-03
2.491956e-03
2.495816e-03
2.499679e-03
2.503545e-03
2.507414e-03
2.511286e-03
2.515161e-03
2.519039e-03
2.522920e-03
2.526804e-03
2.530691e-03
2.534581e-03
2.538474e-03
2.542370e-03
2.546268e-03
2.550170e-03
2.554075e-03
2.557983e-03
2.561894e-03
2.565807e-03
2.569724e-03
2.573644e-03
2.577567e-03
2.581492e-03
2.585421e-03
2.589353e-03
2.593287e-03
2.597225e-03
2.601166e-03
2.605109e-03
2.609056e-03
2.613005e-03
2.616958e-03
2.620913e-03
2.624872e-03
2.628833e-03
2.632798e-03
2.636765e-03
2.640736e-03
2.644709e-03
2.648686e-03
2.652665e-03
2.656648e-03
2.660633e-03
2.664621e-03
2.668613e-03
2.672607e-03
2.676604e-03
2.680605e-03
2.684608e-03
2.688614e-03
2.692624e-03
2.696636e-03
2.700651e-03
2.704669e-03
2.708691e-03
2.712715e-03
2.716742e-03
2.720772e-03
2.724805e-03
2.728841e-03
2.732881e-03
2.736923e-03
2.740968e-03
2.745016e-03
2.749067e-03
2.753121e-03
2.757178e-03
2.761238e-03
2.765301e-03
2.769367e-03
2.773436e-03
2.777508e-03
2.781583e-03
2.785661e-03
2.789742e-03
2.793826e-03
2.797913e-03
2.802002e-03
2.806095e-03
2.810191e-03
2.814290e-03
2.818392e-03
2.822496e-03
2.826604e-03
2.830715e-03
2.834829e-03
2.838945e-03
2.843065e-03
2.847188e-03
2.851314e-03
2.855442e-03
2.859574e-03
2.863709e-03
2.867846e-03
2.871987e-03
2.876130e-03
2.880277e-03
2.884427e-03
2.888579e-03
2.892735e-03
2.896893e-03
2.901055e-03
2.905219e-03
2.909387e-03
2.913557e-03
2.917730e-03
2.921907e-03
2.926086e-03
2.930269e-03
2.934454e-03
2.938642e-03
2.942834e-03
2.947028e-03
2.951225e-03
2.955426e-03
2.959629e-03
2.963835e-03
2.968045e-03
2.972257e-03
2.976472e-03
2.980690e-03
2.984911e-03
2.989136e-03
2.993363e-03
2.997593e-03
3.001826e-03
3.006062e-03
3.010301e-03
3.014543e-03
3.018789e-03
3.023037e-03
3.027288e-03
3.031542e-03
3.035799e-03
3.040059e-03
3.044322e-03
3.048588e-03
3.052857e-03
3.057129e-03
3.061404e-03
3.065681e-03
3.069962e-03
3.074246e-03
3.078533e-03
3.082823e-03
3.087116e-03
3.091412e-03
3.095710e-03
3.100012e-03
3.104317e-03
3.108625e-03
3.112935e-03
3.117249e-03
3.121566e-03
3.125886e-03
3.130208e-03
3.134534e-03
3.138863e-03
3.143194e-03
3.147529e-03
3.151866e-03
3.156207e-03
3.160551e-03
3.164897e-03
3.169247e-03
3.173599e-03
3.177955e-03
3.182313e-03
3.186675e-03
3.191039e-03
3.195407e-03
3.199777e-03
3.204151e-03
3.208527e-03
3.212906e-03
3.217289e-03
3.221674e-03
3.226063e-03
3.230454e-03
3.234848e-03
3.239246e-03
3.243646e-03
3.248049e-03
3.252455e-03
3.256865e-03
3.261277e-03
3.265692e-03
3.270110e-03
3.274531e-03
3.278956e-03
3.283383e-03
3.287813e-03
3.292246e-03
3.296682e-03
3.301121e-03
3.305563e-03
3.310008e-03
3.314456e-03
3.318907e-03
3.323361e-03
3.327818e-03
3.332278e-03
3.336741e-03
3.341207e-03
3.345676e-03
3.350148e-03
3.354623e-03
3.359101e-03
3.363582e-03
3.368066e-03
3.372553e-03
3.377043e-03
3.381535e-03
3.386031e-03
3.390530e-03
3.395032e-03
3.399537e-03
3.404044e-03
3.408555e-03
3.413069e-03
3.417585e-03
3.422105e-03
3.426628e-03
3.431153e-03
3.435682e-03
3.440214e-03
3.444748e-03
3.449286e-03
3.453826e-03
3.458370e-03
3.462917e-03
3.467466e-03
3.472019e-03
3.476574e-03
3.481133e-03
3.485694e-03
3.490259e-03
3.494826e-03
3.499396e-03
3.503970e-03
3.508546e-03
3.513126e-03
3.517708e-03
3.521629e-03
3.525534e-03
3.529425e-03
3.533301e-03
3.537162e-03
3.541008e-03
3.544840e-03
3.548656e-03
3.552458e-03
3.556244e-03
3.560016e-03
3.563773e-03
3.567515e-03
3.571242e-03
3.574954e-03
3.578652e-03
3.582334e-03
3.586002e-03
3.589654e-03
3.593292e-03
3.596915e-03
3.600523e-03
3.604116e-03
3.607694e-03
3.611258e-03
3.614806e-03
3.618340e-03
3.621859e-03
3.625362e-03
3.628851e-03
3.632325e-03
3.635785e-03
3.639229e-03
3.642658e-03
3.646073e-03
3.649473e-03
3.652857e-03
3.656227e-03
3.659582e-03
3.662922e-03
3.666247e-03
3.669558e-03
3.672853e-03
3.676134e-03
3.679400e-03
3.682650e-03
3.685886e-03
3.689107e-03
3.692313e-03
3.695505e-03
3.698681e-03
3.701843e-03
3.704989e-03
3.708121e-03
3.711238e-03
3.714340e-03
3.717427e-03
3.720499e-03
3.723556e-03
3.726599e-03
3.729626e-03
3.732639e-03
3.735637e-03
3.738619e-03
3.741587e-03
3.744540e-03
3.747479e-03
3.750402e-03
3.753310e-03
3.756204e-03
3.759083e-03
3.761947e-03
3.764795e-03
3.767629e-03
3.770449e-03
3.773253e-03
3.776042e-03
3.778817e-03
3.781576e-03
3.784321e-03
3.787051e-03
3.789766e-03
3.792466e-03
3.795151e-03
3.797821e-03
3.800477e-03
3.803117e-03
3.805743e-03
3.808354e-03
3.810950e-03
3.813531e-03
3.816097e-03
3.818648e-03
3.821184e-03
3.823706e-03
3.826212e-03
3.828704e-03
3.831181e-03
3.833643e-03
3.836090e-03
3.838522e-03
3.840939e-03
3.843341e-03
3.845729e-03
3.848101e-03
3.850459e-03
3.852802e-03
3.855130e-03
3.857443e-03
3.859741e-03
3.862024e-03
3.864293e-03
3.866546e-03
3.868785e-03
3.871009e-03
3.873218e-03
3.875412e-03
3.877591e-03
3.879755e-03
3.881904e-03
3.884039e-03
3.886158e-03
3.888263e-03
3.890353e-03
3.892428e-03
3.894488e-03
3.896533e-03
3.898563e-03
3.900578e-03
3.902579e-03
3.904565e-03
3.906535e-03
3.908491e-03
3.910432e-03
3.912358e-03
3.914269e-03
3.916166e-03
3.918047e-03
3.919914e-03
3.921765e-03
3.923602e-03
3.925424e-03
3.927231e-03
3.929023e-03
3.930800e-03
3.932562e-03
3.934310e-03
3.936042e-03
3.937760e-03
3.939463e-03
3.941151e-03
3.942824e-03
3.944482e-03
3.946125e-03
3.947754e-03
3.949367e-03
3.950966e-03
3.952549e-03
3.954118e-03
3.955672e-03
3.957211e-03
3.958735e-03
3.960245e-03
3.961739e-03
3.963219e-03
3.964683e-03
3.966133e-03
3.967568e-03
3.968988e-03
3.970393e-03
3.971783e-03
3.973158e-03
3.974519e-03
3.975864e-03
3.977195e-03
3.978511e-03
3.979812e-03
3.981098e-03
3.982369e-03
3.983625e-03
3.984867e-03
3.986093e-03
3.987305e-03
3.988501e-03
3.989683e-03
3.990850e-03
3.992002e-03
3.993139e-03
3.994262e-03
3.995369e-03
3.996462e-03
3.997539e-03
3.998602e-03
3.999650e-03
4.000683e-03
4.001701e-03
4.002704e-03
4.003692e-03
4.004666e-03
4.005624e-03
4.006568e-03
4.007497e-03
4.008411e-03
4.009310e-03
4.010194e-03
4.011063e-03
4.011918e-03
4.012757e-03
4.013582e-03
4.014391e-03
4.015186e-03
4.015966e-03
4.016731e-03
4.017481e-03
4.018217e-03
4.018937e-03
4.019643e-03
4.020333e-03
4.021009e-03
4.021670e-03
4.022316e-03
4.022947e-03
4.023563e-03
4.024164e-03
4.024751e-03
4.025322e-03
4.025879e-03
4.026421e-03
4.026948e-03
4.027460e-03
4.027957e-03
4.028439e-03
4.028907e-03
4.029359e-03
4.029797e-03
4.030219e-03
4.030627e-03
4.031020e-03
4.031398e-03
4.031761e-03
4.032110e-03
4.032443e-03
4.032762e-03
4.033065e-03
4.033354e-03
4.033628e-03
4.033887e-03
4.034131e-03
4.034360e-03
4.034574e-03
4.034774e-03
4.034958e-03
4.035128e-03
4.035283e-03
4.035423e-03
4.035548e-03
4.035658e-03
4.035753e-03
4.035833e-03
4.035899e-03
4.035950e-03
4.035985e-03
4.036006e-03
4.036012e-03
4.036003e-03
4.035979e-03
4.035940e-03
4.035887e-03
4.035818e-03
4.035735e-03
4.035637e-03
4.035524e-03
4.035396e-03
4.035253e-03
4.035095e-03
4.034922e-03
4.034735e-03
4.034532e-03
4.034315e-03
4.034083e-03
4.033836e-03
4.033574e-03
4.033297e-03
4.033005e-03
4.032698e-03
4.032377e-03
4.032040e-03
4.031689e-03
4.031323e-03
4.030942e-03
4.030546e-03
4.030135e-03
4.029709e-03
4.029269e-03
4.028813e-03
4.028343e-03
4.027858e-03
4.027357e-03
4.026842e-03
4.026313e-03
4.025990e-03
4.025990e-03
4.025990e-03
4.025990e-03
4.025990e-03
4.025990e-03
4.025990e-03
4.025990e-03
4.025990e-03
4.025990e-03
4.025990e-03
4.025990e-03
4.025990e-03
4.025990e-03
4.025990e-03
4.025990e-03
4.025990e-03
4.025990e-03
4.025990e-03
4.025990e-03
4.025990e-03
4.025990e-03
4.025990e-03
4.025990e-03
4.025990e-03
4.025990e-03
4.025990e-03
4.025990e-03
4.025990e-03
4.025990e-03
4.025990e-03
4.025990e-03
4.025990e-03
4.025990e-03
4.025990e-03
4.025990e-03
4.025990e-03
4.025990e-03
4.025990e-03
4.025990e-03
4.025990e-03
4.025990e-03
4.025990e-03
4.025990e-03
4.025990e-03
4.025990e-03
4.025990e-03
4.025990e-03
4.025990e-03
4.025990e-03
4.025990e-03
4.025990e-03
4.025990e-03
4.025990e-03
4.025990e-03
4.025990e-03
4.025990e-03
4.025990e-03
4.025990e-03
4.025990e-03
4.025990e-03
4.025990e-03
4.025990e-03
4.025990e-03
4.025990e-03
4.025990e-03
4.025990e-03
4.025990e-03
4.025990e-03
4.025990e-03
4.025990e-03
4.025990e-03
4.025990e-03
4.025990e-03
4.025990e-03
4.025990e-03
4.025990e-03
4.025990e-03
4.025990e-03
4.025990e-03
4.025990e-03
4.025990e-03
4.025990e-03
4.025990e-03
4.025990e-03
4.025990e-03
4.025990e-03
4.025990e-03
4.025990e-03
4.025990e-03
4.025990e-03
4.025990e-03
4.025990e-03
4.025990e-03
4.025990e-03
4.025990e-03
4.025990e-03
4.025990e-03
4.025990e-03
4.025990e-03
4.025990e-03
4.025990e-03
4.025990e-03
4.025990e-03
4.025990e-03
4.025990e-03
4.025990e-03
4.025990e-03
4.025990e-03
4.025990e-03
4.025990e-03
4.025990e-03
4.025990e-03
4.025990e-03
4.025990e-03
4.025990e-03
4.025990e-03
4.025990e-03
4.025990e-03
4.025990e-03
4.025990e-03
4.025990e-03
4.025990e-03
4.025990e-03
4.025990e-03
4.025990e-03
4.025990e-03
4.025990e-03
4.025990e-03
4.025990e-03
4.025990e-03
4.025990e-03
4.025990e-03
4.025990e-03
4.025990e-03
4.025990e-03
4.025990e-03
4.025990e-03
4.025990e-03
4.025990e-03
4.025990e-03
4.025990e-03
4.025990e-03
4.025990e-03
4.025990e-03
4.025990e-03
4.025990e-03
4.025990e-03
4.025990e-03
4.025990e-03
4.025990e-03
4.025990e-03
4.025990e-03
4.025990e-03
4.025990e-03
4.025990e-03
4.025990e-03
4.025990e-03
4.025990e-03
4.025990e-03
4.025990e-03
4.025990e-03
4.025990e-03
4.025990e-03
4.025990e-03
4.025990e-03
4.025990e-03
4.025990e-03
4.025990e-03
4.025990e-03
4.025990e-03
4.025990e-03
4.025990e-03
4.025990e-03
4.025990e-03
4.025990e-03
4.025990e-03
4.025990e-03
4.025990e-03
4.025990e-03
4.025990e-03
4.025990e-03
4.025990e-03
4.025990e-03
4.025990e-03
4.025990e-03
4.025990e-03
4.025990e-03
4.025990e-03
4.025990e-03
4.025990e-03
4.025990e-03
4.025990e-03
4.025990e-03
4.025990e-03
4.025990e-03
4.025990e-03
4.025990e-03
4.025990e-03
4.025990e-03
4.025990e-03
