0.000000e+00
1.110371e-07
2.254389e-07
3.432055e-07
4.643369e-07
5.888330e-07
7.166939e-07
8.479196e-07
9.825100e-07
1.120465e-06
1.261785e-06
1.406470e-06
1.554519e-06
1.705933e-06
1.860712e-06
2.018856e-06
2.180365e-06
2.345238e-06
2.513476e-06
2.685079e-06
2.860046e-06
3.038378e-06
3.220076e-06
3.405137e-06
3.593564e-06
3.785355e-06
3.980511e-06
4.179032e-06
4.380918e-06
4.586168e-06
4.794783e-06
5.006763e-06
5.222108e-06
5.440817e-06
5.662891e-06
5.888330e-06
6.117134e-06
6.349302e-06
6.584836e-06
6.823734e-06
7.065996e-06
7.311624e-06
7.560616e-06
7.812973e-06
8.068695e-06
8.327781e-06
8.590233e-06
8.856049e-06
9.125230e-06
9.397775e-06
9.673686e-06
9.952961e-06
1.023560e-05
1.052161e-05
1.081097e-05
1.110371e-05
1.139981e-05
1.169927e-05
1.200210e-05
1.230829e-05
1.261785e-05
1.293077e-05
1.324706e-05
1.356671e-05
1.388973e-05
1.421611e-05
1.454586e-05
1.487897e-05
1.521545e-05
1.555529e-05
1.589849e-05
1.624506e-05
1.659500e-05
1.694830e-05
1.730496e-05
1.766499e-05
1.802839e-05
1.839514e-05
1.876527e-05
1.913876e-05
1.951561e-05
1.989583e-05
2.027941e-05
2.066636e-05
2.105667e-05
2.145035e-05
2.184739e-05
2.224779e-05
2.265157e-05
2.305870e-05
2.346920e-05
2.388307e-05
2.430030e-05
2.472089e-05
2.514485e-05
2.557218e-05
2.600287e-05
2.643692e-05
2.687434e-05
2.731512e-05
2.775927e-05
2.820678e-05
2.865766e-05
2.911191e-05
2.956951e-05
3.003048e-05
3.049482e-05
3.096252e-05
3.143359e-05
3.190802e-05
3.238582e-05
3.286698e-05
3.335150e-05
3.383939e-05
3.433065e-05
3.482527e-05
3.532325e-05
3.582460e-05
3.632932e-05
3.683739e-05
3.734884e-05
3.786365e-05
3.838182e-05
3.890336e-05
3.942826e-05
3.995653e-05
4.048816e-05
4.102316e-05
4.156152e-05
4.210324e-05
4.264834e-05
4.319679e-05
4.374861e-05
4.430380e-05
4.486235e-05
4.542426e-05
4.598954e-05
4.655819e-05
4.713020e-05
4.770557e-05
4.828431e-05
4.886641e-05
4.945188e-05
5.004071e-05
5.063291e-05
5.122847e-05
5.182740e-05
5.242969e-05
5.303535e-05
5.364437e-05
5.425676e-05
5.487251e-05
5.549163e-05
5.611411e-05
5.673995e-05
5.736916e-05
5.800174e-05
5.863768e-05
5.927698e-05
5.991965e-05
6.056568e-05
6.121508e-05
6.186785e-05
6.252397e-05
6.318347e-05
6.384632e-05
6.451255e-05
6.518213e-05
6.585509e-05
6.653140e-05
6.721108e-05
6.789413e-05
6.858054e-05
6.927032e-05
6.996346e-05
7.065996e-05
7.135983e-05
7.206307e-05
7.276967e-05
7.347963e-05
7.419296e-05
7.490966e-05
7.562971e-05
7.635314e-05
7.707993e-05
7.781008e-05
7.854360e-05
7.928048e-05
8.002073e-05
8.076434e-05
8.151132e-05
8.226166e-05
8.301536e-05
8.377243e-05
8.453287e-05
8.529667e-05
8.606384e-05
8.683437e-05
8.760826e-05
8.838552e-05
8.916615e-05
8.995013e-05
9.073749e-05
9.152821e-05
9.232229e-05
9.311974e-05
9.392055e-05
9.472473e-05
9.553227e-05
9.634318e-05
9.715745e-05
9.797509e-05
9.879609e-05
9.962046e-05
1.004482e-04
1.012793e-04
1.021137e-04
1.029516e-04
1.037928e-04
1.046373e-04
1.054852e-04
1.063365e-04
1.071912e-04
1.080492e-04
1.089106e-04
1.097753e-04
1.106434e-04
1.115149e-04
1.123897e-04
1.132679e-04
1.141495e-04
1.150344e-04
1.159227e-04
1.168144e-04
1.177094e-04
1.186078e-04
1.195096e-04
1.204147e-04
1.213232e-04
1.222350e-04
1.231502e-04
1.240688e-04
1.249907e-04
1.259161e-04
1.268447e-04
1.277768e-04
1.287122e-04
1.296509e-04
1.305931e-04
1.315386e-04
1.324874e-04
1.334397e-04
1.343953e-04
1.353542e-04
1.363165e-04
1.372822e-04
1.382513e-04
1.392237e-04
1.401995e-04
1.411786e-04
1.421611e-04
1.431470e-04
1.441362e-04
1.451288e-04
1.461248e-04
1.471241e-04
1.481268e-04
1.491329e-04
1.501423e-04
1.511551e-04
1.521713e-04
1.531908e-04
1.542137e-04
1.552399e-04
1.562696e-04
1.573025e-04
1.583389e-04
1.593786e-04
1.604217e-04
1.614681e-04
1.625179e-04
1.635711e-04
1.646276e-04
1.656875e-04
1.667508e-04
1.678174e-04
1.688874e-04
1.699608e-04
1.710375e-04
1.721176e-04
1.732010e-04
1.742878e-04
1.753780e-04
1.764716e-04
1.775685e-04
1.786688e-04
1.797724e-04
1.808794e-04
1.819898e-04
1.831035e-04
1.842206e-04
1.853411e-04
1.864649e-04
1.875921e-04
1.887227e-04
1.898566e-04
1.909939e-04
1.921345e-04
1.932786e-04
1.944259e-04
1.955767e-04
1.967308e-04
1.978883e-04
1.990491e-04
2.002133e-04
2.013809e-04
2.025518e-04
2.037261e-04
2.049038e-04
2.060848e-04
2.072692e-04
2.084570e-04
2.096481e-04
2.108426e-04
2.120405e-04
2.132417e-04
2.144463e-04
2.156542e-04
2.168655e-04
2.180802e-04
2.192982e-04
2.205197e-04
2.217444e-04
2.229726e-04
2.242041e-04
2.254389e-04
2.266772e-04
2.279188e-04
2.291637e-04
2.304120e-04
2.316637e-04
2.329188e-04
2.341772e-04
2.354390e-04
2.367042e-04
2.379727e-04
2.392445e-04
2.405198e-04
2.417984e-04
2.430804e-04
2.443657e-04
2.456544e-04
2.469465e-04
2.482419e-04
2.495407e-04
2.508429e-04
2.521484e-04
2.534573e-04
2.547695e-04
2.560852e-04
2.574042e-04
2.587265e-04
2.600522e-04
2.613813e-04
2.627137e-04
2.640496e-04
2.653887e-04
2.667313e-04
2.680772e-04
2.694264e-04
2.707791e-04
2.721351e-04
2.734944e-04
2.748572e-04
2.762233e-04
2.775927e-04
2.789655e-04
2.803417e-04
2.817213e-04
2.831042e-04
2.844905e-04
2.858801e-04
2.872731e-04
2.886695e-04
2.900692e-04
2.914724e-04
2.928788e-04
2.942887e-04
2.957019e-04
2.971184e-04
2.985383e-04
2.999616e-04
3.013883e-04
3.028183e-04
3.042517e-04
3.056885e-04
3.071286e-04
3.085721e-04
3.100189e-04
3.114691e-04
3.129227e-04
3.143796e-04
3.158399e-04
3.173036e-04
3.187707e-04
3.202411e-04
3.217148e-04
3.231919e-04
3.246724e-04
3.261563e-04
3.276435e-04
3.291341e-04
3.306281e-04
3.321254e-04
3.336261e-04
3.351301e-04
3.366375e-04
3.381483e-04
3.396624e-04
3.411800e-04
3.427008e-04
3.442251e-04
3.457527e-04
3.472836e-04
3.488180e-04
3.503557e-04
3.518967e-04
3.534411e-04
3.549889e-04
3.565401e-04
3.580946e-04
3.596525e-04
3.612137e-04
3.627783e-04
3.643463e-04
3.659177e-04
3.674924e-04
3.690705e-04
3.706519e-04
3.722367e-04
3.738249e-04
3.754164e-04
3.770113e-04
3.786095e-04
3.802112e-04
3.818162e-04
3.834245e-04
3.850362e-04
3.866513e-04
3.882698e-04
3.898916e-04
3.915168e-04
3.931453e-04
3.947772e-04
3.964125e-04
3.980511e-04
3.996931e-04
4.013385e-04
4.029872e-04
4.046393e-04
4.062948e-04
4.079536e-04
4.096158e-04
4.112814e-04
4.129503e-04
4.146226e-04
4.162982e-04
4.179772e-04
4.196596e-04
4.213454e-04
4.230345e-04
4.247269e-04
4.264228e-04
4.281220e-04
4.298246e-04
4.315305e-04
4.332398e-04
4.349525e-04
4.366685e-04
4.383879e-04
4.401106e-04
4.418368e-04
4.435662e-04
4.452991e-04
4.470353e-04
4.487749e-04
4.505178e-04
4.522641e-04
4.540138e-04
4.557669e-04
4.575233e-04
4.592830e-04
4.610462e-04
4.628127e-04
4.645825e-04
4.663558e-04
4.681324e-04
4.699123e-04
4.716956e-04
4.734823e-04
4.752724e-04
4.770658e-04
4.788626e-04
4.806627e-04
4.824662e-04
4.842731e-04
4.860834e-04
4.878970e-04
4.897139e-04
4.915343e-04
4.933580e-04
4.951850e-04
4.970155e-04
4.988493e-04
5.006864e-04
5.025269e-04
5.043708e-04
5.062181e-04
5.080687e-04
5.099227e-04
5.117800e-04
5.136407e-04
5.155048e-04
5.173723e-04
5.192431e-04
5.211172e-04
5.229948e-04
5.248757e-04
5.267599e-04
5.286476e-04
5.305386e-04
5.324329e-04
5.343306e-04
5.362317e-04
5.381362e-04
5.400440e-04
5.419552e-04
5.438697e-04
5.457877e-04
5.477089e-04
5.496336e-04
5.515616e-04
5.534930e-04
5.554277e-04
5.573658e-04
5.593073e-04
5.612521e-04
5.632003e-04
5.651519e-04
5.671068e-04
5.690651e-04
5.710267e-04
5.729917e-04
5.749601e-04
5.769319e-04
5.789070e-04
5.808855e-04
5.828673e-04
5.848525e-04
5.868411e-04
5.888330e-04
5.908283e-04
5.928270e-04
5.948290e-04
5.968344e-04
5.988432e-04
6.008553e-04
6.028708e-04
6.048897e-04
6.069119e-04
6.089375e-04
6.109664e-04
6.129987e-04
6.150344e-04
6.170735e-04
6.191159e-04
6.211616e-04
6.232108e-04
6.252633e-04
6.273192e-04
6.293784e-04
6.314410e-04
6.335070e-04
6.355763e-04
6.376490e-04
6.397250e-04
6.418045e-04
6.438872e-04
6.459734e-04
6.480629e-04
6.501558e-04
6.522520e-04
6.543516e-04
6.564546e-04
6.585610e-04
6.606707e-04
6.627837e-04
6.649002e-04
6.670200e-04
6.691431e-04
6.712697e-04
6.733996e-04
6.755328e-04
6.776694e-04
6.798094e-04
6.819528e-04
6.840995e-04
6.862496e-04
6.884030e-04
6.905598e-04
6.927200e-04
6.948835e-04
6.970505e-04
6.992207e-04
7.013944e-04
7.035714e-04
7.057517e-04
7.079355e-04
7.101225e-04
7.123130e-04
7.145068e-04
7.167040e-04
7.189046e-04
7.211085e-04
7.233158e-04
7.255264e-04
7.277404e-04
7.299578e-04
7.321785e-04
7.344027e-04
7.366301e-04
7.388610e-04
7.410952e-04
7.433327e-04
7.455737e-04
7.478180e-04
7.500656e-04
7.523166e-04
7.545710e-04
7.568288e-04
7.590899e-04
7.613544e-04
7.636222e-04
7.658934e-04
7.681680e-04
7.704460e-04
7.727273e-04
7.750119e-04
7.773000e-04
7.795914e-04
7.818861e-04
7.841843e-04
7.864858e-04
7.887906e-04
7.910989e-04
7.934105e-04
7.957254e-04
7.980437e-04
8.003654e-04
8.026905e-04
8.050189e-04
8.073507e-04
8.096858e-04
8.120243e-04
8.143662e-04
8.167114e-04
8.190600e-04
8.214120e-04
8.237673e-04
8.261260e-04
8.284881e-04
8.308535e-04
8.332223e-04
8.355945e-04
8.379700e-04
8.403489e-04
8.427311e-04
8.451167e-04
8.475057e-04
8.498980e-04
8.522938e-04
8.546928e-04
8.570953e-04
8.595011e-04
8.619102e-04
8.643228e-04
8.667387e-04
8.691579e-04
8.715806e-04
8.740066e-04
8.764359e-04
8.788686e-04
8.813047e-04
8.837442e-04
8.861870e-04
8.886332e-04
8.910827e-04
8.935356e-04
8.959919e-04
8.984515e-04
9.009145e-04
9.033809e-04
9.058506e-04
9.083237e-04
9.108002e-04
9.132800e-04
9.157632e-04
9.182498e-04
9.207397e-04
9.232330e-04
9.257296e-04
9.282297e-04
9.307330e-04
9.332398e-04
9.357499e-04
9.382634e-04
9.407802e-04
9.433004e-04
9.458240e-04
9.483509e-04
9.508812e-04
9.534149e-04
9.559519e-04
9.584923e-04
9.610361e-04
9.635832e-04
9.661337e-04
9.686875e-04
9.712448e-04
9.738053e-04
9.763693e-04
9.789366e-04
9.815073e-04
9.840813e-04
9.866587e-04
9.892395e-04
9.918236e-04
9.944111e-04
9.970020e-04
9.995962e-04
1.002194e-03
1.004795e-03
1.007399e-03
1.010007e-03
1.012618e-03
1.015232e-03
1.017850e-03
1.020471e-03
1.023096e-03
1.025724e-03
1.028355e-03
1.030989e-03
1.033627e-03
1.036269e-03
1.038913e-03
1.041562e-03
1.044213e-03
1.046868e-03
1.049526e-03
1.052187e-03
1.054852e-03
1.057521e-03
1.060192e-03
1.062867e-03
1.065546e-03
1.068227e-03
1.070912e-03
1.073601e-03
1.076293e-03
1.078988e-03
1.081686e-03
1.084388e-03
1.087093e-03
1.089802e-03
1.092514e-03
1.095229e-03
1.097948e-03
1.100670e-03
1.103396e-03
1.106125e-03
1.108857e-03
1.111592e-03
1.114331e-03
1.117073e-03
1.119819e-03
1.122568e-03
1.125320e-03
1.128076e-03
1.130835e-03
1.133598e-03
1.136364e-03
1.139133e-03
1.141905e-03
1.144681e-03
1.147461e-03
1.150243e-03
1.153029e-03
1.155819e-03
1.158611e-03
1.161408e-03
1.164207e-03
1.167010e-03
1.169816e-03
1.172626e-03
1.175439e-03
1.178255e-03
1.181075e-03
1.183898e-03
1.186724e-03
1.189554e-03
1.192387e-03
1.195223e-03
1.198063e-03
1.200906e-03
1.203753e-03
1.206603e-03
1.209456e-03
1.212313e-03
1.215173e-03
1.218036e-03
1.220903e-03
1.223773e-03
1.226647e-03
1.229524e-03
1.232404e-03
1.235288e-03
1.238175e-03
1.241065e-03
1.243959e-03
1.246856e-03
1.249756e-03
1.252660e-03
1.255567e-03
1.258478e-03
1.261391e-03
1.264309e-03
1.267229e-03
1.270153e-03
1.273081e-03
1.276011e-03
1.278945e-03
1.281883e-03
1.284824e-03
1.287768e-03
1.290715e-03
1.293666e-03
1.296620e-03
1.299578e-03
1.302539e-03
1.305503e-03
1.308471e-03
1.311442e-03
1.314417e-03
1.317394e-03
1.320376e-03
1.323360e-03
1.326348e-03
1.329339e-03
1.332334e-03
1.335332e-03
1.338333e-03
1.341338e-03
1.344346e-03
1.347358e-03
1.350372e-03
1.353391e-03
1.356412e-03
1.359437e-03
1.362465e-03
1.365497e-03
1.368532e-03
1.371570e-03
1.374612e-03
1.377657e-03
1.380706e-03
1.383758e-03
1.386813e-03
1.389871e-03
1.392933e-03
1.395999e-03
1.399067e-03
1.402139e-03
1.405215e-03
1.408293e-03
1.411376e-03
1.414461e-03
1.417550e-03
1.420642e-03
1.423738e-03
1.426837e-03
1.429939e-03
1.433045e-03
1.436154e-03
1.439266e-03
1.442382e-03
1.445501e-03
1.448623e-03
1.451749e-03
1.454879e-03
1.458011e-03
1.461147e-03
1.464286e-03
1.467429e-03
1.470575e-03
1.473725e-03
1.476877e-03
1.480034e-03
1.483193e-03
1.486356e-03
1.489522e-03
1.492692e-03
1.495865e-03
1.499041e-03
1.502221e-03
1.505404e-03
1.508590e-03
1.511780e-03
1.514973e-03
1.518170e-03
1.521370e-03
1.524573e-03
1.527779e-03
1.530989e-03
1.534203e-03
1.537419e-03
1.540640e-03
1.543863e-03
1.547090e-03
1.550320e-03
1.553554e-03
1.556790e-03
1.560031e-03
1.563274e-03
1.566521e-03
1.569772e-03
1.573025e-03
1.576282e-03
1.579543e-03
1.582807e-03
1.586074e-03
1.589344e-03
1.592618e-03
1.595896e-03
1.599176e-03
1.602460e-03
1.605748e-03
1.609038e-03
1.612333e-03
1.615630e-03
1.618931e-03
1.622235e-03
1.625543e-03
1.628853e-03
1.632168e-03
1.635485e-03
1.638806e-03
1.642131e-03
1.645459e-03
1.648790e-03
1.652124e-03
1.655462e-03
1.658803e-03
1.662148e-03
1.665496e-03
1.668847e-03
1.672202e-03
1.675560e-03
1.678921e-03
1.682286e-03
1.685654e-03
1.689025e-03
1.692400e-03
1.695779e-03
1.699160e-03
1.702545e-03
1.705933e-03
1.709325e-03
1.712720e-03
1.716119e-03
1.719520e-03
1.722925e-03
1.726334e-03
1.729746e-03
1.733161e-03
1.736580e-03
1.740002e-03
1.743427e-03
1.746856e-03
1.750288e-03
1.753723e-03
1.757162e-03
1.760604e-03
1.764050e-03
1.767498e-03
1.770951e-03
1.774406e-03
1.777865e-03
1.781328e-03
1.784793e-03
1.788262e-03
1.791735e-03
1.795211e-03
1.798690e-03
1.802172e-03
1.805658e-03
1.809147e-03
1.812640e-03
1.816136e-03
1.819635e-03
1.823138e-03
1.826644e-03
1.830154e-03
1.833666e-03
1.837183e-03
1.840702e-03
1.844225e-03
1.847751e-03
1.851281e-03
1.854814e-03
1.858350e-03
1.861890e-03
1.865433e-03
1.868980e-03
1.872529e-03
1.876083e-03
1.879639e-03
1.883199e-03
1.886762e-03
1.890329e-03
1.893899e-03
1.897472e-03
1.901049e-03
1.904629e-03
1.908213e-03
1.911800e-03
1.915390e-03
1.918983e-03
1.922580e-03
1.926181e-03
1.929784e-03
1.933391e-03
1.937002e-03
1.940615e-03
1.944232e-03
1.947853e-03
1.951477e-03
1.955104e-03
1.958735e-03
1.962369e-03
1.966006e-03
1.969646e-03
1.973291e-03
1.976938e-03
1.980589e-03
1.984243e-03
1.987900e-03
1.991561e-03
1.995225e-03
1.998893e-03
2.002564e-03
2.006238e-03
2.009916e-03
2.013597e-03
2.017281e-03
2.020969e-03
2.024660e-03
2.028355e-03
2.032053e-03
2.035754e-03
2.039459e-03
2.043167e-03
2.046878e-03
2.050593e-03
2.054311e-03
2.058032e-03
2.061757e-03
2.065485e-03
2.069216e-03
2.072951e-03
2.076690e-03
2.080431e-03
2.084176e-03
2.087925e-03
2.091676e-03
2.095431e-03
2.099190e-03
2.102952e-03
2.106717e-03
2.110485e-03
2.114257e-03
2.118032e-03
2.121811e-03
2.125593e-03
2.129378e-03
2.133167e-03
2.136959e-03
2.140755e-03
2.144553e-03
2.148356e-03
2.152161e-03
2.155970e-03
2.159782e-03
2.163598e-03
2.167417e-03
2.171239e-03
2.175065e-03
2.178894e-03
2.182727e-03
2.186562e-03
2.190402e-03
2.194244e-03
2.198090e-03
2.201939e-03
2.205792e-03
2.209648e-03
2.213507e-03
2.217370e-03
2.221236e-03
2.225106e-03
2.228979e-03
2.232855e-03
2.236734e-03
2.240617e-03
2.244504e-03
2.248393e-03
2.252286e-03
2.256183e-03
2.260083e-03
2.263986e-03
2.267892e-03
2.271802e-03
2.275715e-03
2.279632e-03
2.283552e-03
2.287475e-03
2.291402e-03
2.295332e-03
2.299265e-03
2.303202e-03
2.307142e-03
2.311086e-03
2.315032e-03
2.318983e-03
2.322936e-03
2.326893e-03
2.330854e-03
2.334817e-03
2.338784e-03
2.342755e-03
2.346728e-03
2.350706e-03
2.354686e-03
2.358670e-03
2.362657e-03
2.366648e-03
2.370642e-03
2.374639e-03
2.378640e-03
2.382644e-03
2.386651e-03
2.390662e-03
2.394676e-03
2.398694e-03
2.402715e-03
2.406739e-03
2.410767e-03
2.414798e-03
2.418832e-03
2.422870e-03
2.426911e-03
2.430955e-03
2.435003e-03
2.439054e-03
2.443109e-03
2.447167e-03
2.451228e-03
2.455292e-03
2.459360e-03
2.463432e-03
2.467507e-03
2.471585e-03
2.475666e-03
2.479751e-03
2.483839e-03
2.487931e-03
2.492026e-03
2.496124e-03
2.500225e-03
2.504330e-03
2.508439e-03
2.512551e-03
2.516666e-03
2.520784e-03
2.524906e-03
2.529031e-03
2.533160e-03
2.537292e-03
2.541427e-03
2.545566e-03
2.549708e-03
2.553853e-03
2.558002e-03
2.562154e-03
2.566309e-03
2.570468e-03
2.574630e-03
2.578796e-03
2.582965e-03
2.587137e-03
2.591313e-03
2.595492e-03
2.599674e-03
2.603860e-03
2.608049e-03
2.612242e-03
2.616438e-03
2.620637e-03
2.624839e-03
2.629045e-03
2.633255e-03
2.637467e-03
2.641683e-03
2.645903e-03
2.650126e-03
2.654352e-03
2.658581e-03
2.662814e-03
2.667050e-03
2.671290e-03
2.675533e-03
2.679779e-03
2.684029e-03
2.688282e-03
2.692538e-03
2.696798e-03
2.701061e-03
2.705328e-03
2.709598e-03
2.713871e-03
2.718147e-03
2.722427e-03
2.726711e-03
2.730998e-03
2.735288e-03
2.739581e-03
2.743878e-03
2.748178e-03
2.752482e-03
2.756788e-03
2.761099e-03
2.765412e-03
2.769729e-03
2.774050e-03
2.778373e-03
2.782700e-03
2.787031e-03
2.791365e-03
2.795702e-03
2.800042e-03
2.804386e-03
2.808734e-03
2.813084e-03
2.817438e-03
2.821796e-03
2.826156e-03
2.830520e-03
2.834888e-03
2.839259e-03
2.843633e-03
2.848010e-03
2.852391e-03
2.856776e-03
2.861163e-03
2.865554e-03
2.869949e-03
2.874346e-03
2.878748e-03
2.883152e-03
2.887560e-03
2.891971e-03
2.896386e-03
2.900804e-03
2.905225e-03
2.909649e-03
2.914077e-03
2.918509e-03
2.922944e-03
2.927382e-03
2.931823e-03
2.936268e-03
2.940716e-03
2.945168e-03
2.949623e-03
2.954081e-03
2.958543e-03
2.963008e-03
2.967476e-03
2.971948e-03
2.976423e-03
2.980902e-03
2.985383e-03
2.989869e-03
2.994357e-03
2.998849e-03
3.003345e-03
3.007843e-03
3.012345e-03
3.016851e-03
3.021359e-03
3.025872e-03
3.030387e-03
3.034906e-03
3.039428e-03
3.043954e-03
3.048483e-03
3.053015e-03
3.057551e-03
3.062090e-03
3.066632e-03
3.071178e-03
3.075727e-03
3.080280e-03
3.084836e-03
3.089395e-03
3.093958e-03
3.098524e-03
3.103093e-03
3.107666e-03
3.112242e-03
3.116821e-03
3.121404e-03
3.125990e-03
3.130580e-03
3.135173e-03
3.139769e-03
3.144368e-03
3.148971e-03
3.153578e-03
3.158187e-03
3.162801e-03
3.167417e-03
3.172037e-03
3.176660e-03
3.181287e-03
3.185916e-03
3.190550e-03
3.195186e-03
3.199826e-03
3.204470e-03
3.209116e-03
3.213767e-03
3.218420e-03
3.223077e-03
3.227737e-03
3.232401e-03
3.237068e-03
3.241738e-03
3.246411e-03
3.251088e-03
3.255769e-03
3.260453e-03
3.265140e-03
3.269830e-03
3.274524e-03
3.279221e-03
3.283922e-03
3.288626e-03
3.293333e-03
3.298044e-03
3.302758e-03
3.307475e-03
3.312196e-03
3.316920e-03
3.321648e-03
3.326378e-03
3.331113e-03
3.335850e-03
3.340591e-03
3.345335e-03
3.350083e-03
3.354834e-03
3.359589e-03
3.364346e-03
3.369107e-03
3.373872e-03
3.378640e-03
3.383411e-03
3.388186e-03
3.392964e-03
3.397745e-03
3.402530e-03
3.407318e-03
3.412109e-03
3.416904e-03
3.421702e-03
3.426504e-03
3.431308e-03
3.436117e-03
3.440928e-03
3.445743e-03
3.450562e-03
3.455383e-03
3.460208e-03
3.465037e-03
3.469869e-03
3.474704e-03
3.479542e-03
3.484384e-03
3.489229e-03
3.494078e-03
3.498930e-03
3.503785e-03
3.508644e-03
3.513506e-03
3.518372e-03
3.523240e-03
3.528113e-03
3.532988e-03
3.537867e-03
3.542749e-03
3.547635e-03
3.552524e-03
3.557416e-03
3.562312e-03
3.567211e-03
3.572114e-03
3.577019e-03
3.581929e-03
3.586841e-03
3.591757e-03
3.596676e-03
3.601599e-03
3.606525e-03
3.611454e-03
3.616387e-03
3.621323e-03
3.626263e-03
3.631205e-03
3.636152e-03
3.641101e-03
3.646054e-03
3.651010e-03
3.655970e-03
3.660933e-03
3.665900e-03
3.670869e-03
3.675842e-03
3.680819e-03
3.685799e-03
3.690782e-03
3.695768e-03
3.700758e-03
3.705752e-03
3.710748e-03
3.715748e-03
3.720752e-03
3.725759e-03
3.730769e-03
3.735782e-03
3.740799e-03
3.745819e-03
3.750843e-03
3.755870e-03
3.760900e-03
3.765934e-03
3.770971e-03
3.776011e-03
3.781055e-03
3.786102e-03
3.791153e-03
3.796207e-03
3.801264e-03
3.806324e-03
3.811388e-03
3.816456e-03
3.821526e-03
3.826600e-03
3.831678e-03
3.836759e-03
3.841843e-03
3.846930e-03
3.852021e-03
3.857115e-03
3.862213e-03
3.867314e-03
3.872418e-03
3.877526e-03
3.882637e-03
3.887752e-03
3.892869e-03
3.897991e-03
3.903115e-03
3.908243e-03
3.913374e-03
3.918509e-03
3.923647e-03
3.928788e-03
3.933933e-03
3.939081e-03
3.944232e-03
3.948723e-03
3.953196e-03
3.957652e-03
3.962092e-03
3.966515e-03
3.970921e-03
3.975311e-03
3.979683e-03
3.984039e-03
3.988378e-03
3.992700e-03
3.997006e-03
4.001295e-03
4.005566e-03
4.009822e-03
4.014060e-03
4.018282e-03
4.022486e-03
4.026674e-03
4.030846e-03
4.035000e-03
4.039138e-03
4.043259e-03
4.047363e-03
4.051450e-03
4.055521e-03
4.059575e-03
4.063612e-03
4.067632e-03
4.071636e-03
4.075622e-03
4.079592e-03
4.083545e-03
4.087482e-03
4.091401e-03
4.095304e-03
4.099190e-03
4.103059e-03
4.106912e-03
4.110747e-03
4.114566e-03
4.118368e-03
4.122154e-03
4.125922e-03
4.129674e-03
4.133409e-03
4.137127e-03
4.140829e-03
4.144513e-03
4.148181e-03
4.151832e-03
4.155467e-03
4.159084e-03
4.162685e-03
4.166269e-03
4.169836e-03
4.173387e-03
4.176920e-03
4.180437e-03
4.183937e-03
4.187421e-03
4.190887e-03
4.194337e-03
4.197770e-03
4.201186e-03
4.204586e-03
4.207968e-03
4.211334e-03
4.214683e-03
4.218016e-03
4.221331e-03
4.224630e-03
4.227912e-03
4.231177e-03
4.234425e-03
4.237657e-03
4.240872e-03
4.244070e-03
4.247251e-03
4.250416e-03
4.253564e-03
4.256695e-03
4.259809e-03
4.262906e-03
4.265987e-03
4.269051e-03
4.272098e-03
4.275128e-03
4.278141e-03
4.281138e-03
4.284118e-03
4.287081e-03
4.290028e-03
4.292957e-03
4.295870e-03
4.298766e-03
4.301645e-03
4.304508e-03
4.307354e-03
4.310183e-03
4.312995e-03
4.315790e-03
4.318569e-03
4.321331e-03
4.324076e-03
4.326804e-03
4.329515e-03
4.332210e-03
4.334888e-03
4.337549e-03
4.340193e-03
4.342821e-03
4.345432e-03
4.348026e-03
4.350603e-03
4.353164e-03
4.355707e-03
4.358234e-03
4.360744e-03
4.363238e-03
4.365714e-03
4.368174e-03
4.370617e-03
4.373043e-03
4.375453e-03
4.377845e-03
4.380221e-03
4.382580e-03
4.384923e-03
4.387248e-03
4.389557e-03
4.391849e-03
4.394124e-03
4.396383e-03
4.398624e-03
4.400849e-03
4.403057e-03
4.405249e-03
4.407423e-03
4.409581e-03
4.411722e-03
4.413846e-03
4.415954e-03
4.418044e-03
4.420118e-03
4.422175e-03
4.424216e-03
4.426239e-03
4.428246e-03
4.430236e-03
4.432209e-03
4.434166e-03
4.436105e-03
4.438028e-03
4.439934e-03
4.441824e-03
4.443696e-03
4.445552e-03
4.447391e-03
4.449213e-03
4.451018e-03
4.452807e-03
4.454579e-03
4.456334e-03
4.458072e-03
4.459794e-03
4.461499e-03
4.463186e-03
4.464858e-03
4.466512e-03
4.468150e-03
4.469771e-03
4.471375e-03
4.472962e-03
4.474532e-03
4.476086e-03
4.477623e-03
4.479143e-03
4.480647e-03
4.482133e-03
4.483603e-03
4.485056e-03
4.486492e-03
4.487912e-03
4.489315e-03
4.490700e-03
4.492070e-03
4.493422e-03
4.494758e-03
4.496076e-03
4.497378e-03
4.498664e-03
4.499932e-03
4.501184e-03
4.502419e-03
4.503637e-03
4.504838e-03
4.506023e-03
4.507191e-03
4.508342e-03
4.509476e-03
4.510593e-03
4.511694e-03
4.512778e-03
4.513845e-03
4.514896e-03
4.515929e-03
4.516946e-03
4.517946e-03
4.518929e-03
4.519896e-03
4.520845e-03
4.521778e-03
4.522694e-03
4.523594e-03
4.524476e-03
4.525342e-03
4.526191e-03
4.527023e-03
4.527839e-03
4.528637e-03
4.529419e-03
4.530184e-03
4.530933e-03
4.531664e-03
4.532379e-03
4.533077e-03
4.533758e-03
4.534423e-03
4.535070e-03
4.535701e-03
4.536315e-03
4.536913e-03
4.537493e-03
4.538057e-03
4.538604e-03
4.539134e-03
4.539648e-03
4.540144e-03
4.540624e-03
4.541087e-03
4.541533e-03
4.541963e-03
4.542376e-03
4.542772e-03
4.543151e-03
4.543513e-03
4.543859e-03
4.544188e-03
4.544500e-03
4.544795e-03
4.545074e-03
4.545335e-03
4.545580e-03
4.545808e-03
4.546020e-03
4.546215e-03
4.546392e-03
4.546553e-03
4.546698e-03
4.546825e-03
4.546936e-03
4.547030e-03
4.547107e-03
4.547167e-03
4.547211e-03
4.547238e-03
4.547248e-03
4.547241e-03
4.547218e-03
4.547177e-03
4.547120e-03
4.547046e-03
4.546956e-03
4.546848e-03
4.546724e-03
4.546583e-03
4.546426e-03
4.546251e-03
4.546060e-03
4.545852e-03
4.545627e-03
4.545385e-03
4.545127e-03
4.544852e-03
4.544560e-03
4.544251e-03
4.543925e-03
4.543583e-03
4.543224e-03
4.542848e-03
4.542455e-03
4.542046e-03
4.541620e-03
4.541177e-03
4.540717e-03
4.540240e-03
4.539747e-03
4.539237e-03
4.538710e-03
4.538389e-03
4.538389e-03
4.538389e-03
4.538389e-03
4.538389e-03
4.538389e-03
4.538389e-03
4.538389e-03
4.538389e-03
4.538389e-03
4.538389e-03
4.538389e-03
4.538389e-03
4.538389e-03
4.538389e-03
4.538389e-03
4.538389e-03
4.538389e-03
4.538389e-03
4.538389e-03
4.538389e-03
4.538389e-03
4.538389e-03
4.538389e-03
4.538389e-03
4.538389e-03
4.538389e-03
4.538389e-03
4.538389e-03
4.538389e-03
4.538389e-03
4.538389e-03
4.538389e-03
4.538389e-03
4.538389e-03
4.538389e-03
4.538389e-03
4.538389e-03
4.538389e-03
4.538389e-03
4.538389e-03
4.538389e-03
4.538389e-03
4.538389e-03
4.538389e-03
4.538389e-03
4.538389e-03
4.538389e-03
4.538389e-03
4.538389e-03
4.538389e-03
4.538389e-03
4.538389e-03
4.538389e-03
4.538389e-03
4.538389e-03
4.538389e-03
4.538389e-03
4.538389e-03
4.538389e-03
4.538389e-03
4.538389e-03
4.538389e-03
4.538389e-03
4.538389e-03
4.538389e-03
4.538389e-03
4.538389e-03
4.538389e-03
4.538389e-03
4.538389e-03
4.538389e-03
4.538389e-03
4.538389e-03
4.538389e-03
4.538389e-03
4.538389e-03
4.538389e-03
4.538389e-03
4.538389e-03
4.538389e-03
4.538389e-03
4.538389e-03
4.538389e-03
4.538389e-03
4.538389e-03
4.538389e-03
4.538389e-03
4.538389e-03
4.538389e-03
4.538389e-03
4.538389e-03
4.538389e-03
4.538389e-03
4.538389e-03
4.538389e-03
4.538389e-03
4.538389e-03
4.538389e-03
4.538389e-03
4.538389e-03
4.538389e-03
4.538389e-03
4.538389e-03
4.538389e-03
4.538389e-03
4.538389e-03
4.538389e-03
4.538389e-03
4.538389e-03
4.538389e-03
4.538389e-03
4.538389e-03
4.538389e-03
4.538389e-03
4.538389e-03
4.538389e-03
4.538389e-03
4.538389e-03
4.538389e-03
4.538389e-03
4.538389e-03
4.538389e-03
4.538389e-03
4.538389e-03
4.538389e-03
4.538389e-03
4.538389e-03
4.538389e-03
4.538389e-03
4.538389e-03
4.538389e-03
4.538389e-03
4.538389e-03
4.538389e-03
4.538389e-03
4.538389e-03
4.538389e-03
4.538389e-03
4.538389e-03
4.538389e-03
4.538389e-03
4.538389e-03
4.538389e-03
4.538389e-03
4.538389e-03
4.538389e-03
4.538389e-03
4.538389e-03
4.538389e-03
4.538389e-03
4.538389e-03
4.538389e-03
4.538389e-03
4.538389e-03
4.538389e-03
4.538389e-03
4.538389e-03
4.538389e-03
4.538389e-03
4.538389e-03
4.538389e-03
4.538389e-03
4.538389e-03
4.538389e-03
4.538389e-03
4.538389e-03
4.538389e-03
4.538389e-03
4.538389e-03
4.538389e-03
4.538389e-03
4.538389e-03
4.538389e-03
4.538389e-03
4.538389e-03
4.538389e-03
4.538389e-03
4.538389e-03
4.538389e-03
4.538389e-03
4.538389e-03
4.538389e-03
4.538389e-03
4.538389e-03
4.538389e-03
4.538389e-03
4.538389e-03
4.538389e-03
4.538389e-03
4.538389e-03
4.538389e-03
4.538389e-03
4.538389e-03
4.538389e-03
4.538389e-03
4.538389e-03
4.538389e-03
4.538389e-03
4.538389e-03
4.538389e-03
