0.000000e+00
1.110371e-07
2.253114e-07
3.428230e-07
4.635717e-07
5.875578e-07
7.147810e-07
8.452415e-07
9.789392e-07
1.115874e-06
1.256046e-06
1.399456e-06
1.546102e-06
1.695986e-06
1.849107e-06
2.005466e-06
2.165061e-06
2.327894e-06
2.493964e-06
2.663271e-06
2.835816e-06
3.011598e-06
3.190617e-06
3.372873e-06
3.558366e-06
3.747097e-06
3.939065e-06
4.134270e-06
4.332712e-06
4.534392e-06
4.739309e-06
4.947463e-06
5.158854e-06
5.373483e-06
5.591349e-06
5.812452e-06
6.036792e-06
6.264369e-06
6.495184e-06
6.729236e-06
6.966525e-06
7.207051e-06
7.450815e-06
7.697816e-06
7.948054e-06
8.201529e-06
8.458242e-06
8.718192e-06
8.981379e-06
9.247803e-06
9.517465e-06
9.790363e-06
1.006650e-05
1.034587e-05
1.062848e-05
1.091433e-05
1.120342e-05
1.149574e-05
1.179130e-05
1.209009e-05
1.239213e-05
1.269740e-05
1.300591e-05
1.331765e-05
1.363263e-05
1.395085e-05
1.427231e-05
1.459701e-05
1.492494e-05
1.525611e-05
1.559051e-05
1.592816e-05
1.626904e-05
1.661316e-05
1.696051e-05
1.731110e-05
1.766493e-05
1.802200e-05
1.838230e-05
1.874584e-05
1.911262e-05
1.948264e-05
1.985589e-05
2.023238e-05
2.061211e-05
2.099507e-05
2.138128e-05
2.177071e-05
2.216339e-05
2.255930e-05
2.295846e-05
2.336084e-05
2.376647e-05
2.417533e-05
2.458743e-05
2.500277e-05
2.542134e-05
2.584315e-05
2.626820e-05
2.669649e-05
2.712801e-05
2.756277e-05
2.800077e-05
2.844200e-05
2.888648e-05
2.933419e-05
2.978513e-05
3.023932e-05
3.069674e-05
3.115739e-05
3.162129e-05
3.208842e-05
3.255879e-05
3.303240e-05
3.350924e-05
3.398933e-05
3.447265e-05
3.495920e-05
3.544899e-05
3.594203e-05
3.643829e-05
3.693780e-05
3.744054e-05
3.794652e-05
3.845574e-05
3.896819e-05
3.948388e-05
4.000281e-05
4.052498e-05
4.105038e-05
4.157902e-05
4.211090e-05
4.264601e-05
4.318436e-05
4.372595e-05
4.427078e-05
4.481884e-05
4.537014e-05
4.592468e-05
4.648246e-05
4.704347e-05
4.760772e-05
4.817520e-05
4.874593e-05
4.931989e-05
4.989709e-05
5.047752e-05
5.106120e-05
5.164811e-05
5.223826e-05
5.283164e-05
5.342826e-05
5.402812e-05
5.463122e-05
5.523755e-05
5.584712e-05
5.645993e-05
5.707598e-05
5.769526e-05
5.831778e-05
5.894354e-05
5.957253e-05
6.020476e-05
6.084023e-05
6.147894e-05
6.212088e-05
6.276606e-05
6.341448e-05
6.406613e-05
6.472102e-05
6.537915e-05
6.604052e-05
6.670512e-05
6.737297e-05
6.804404e-05
6.871836e-05
6.939591e-05
7.007670e-05
7.076073e-05
7.144799e-05
7.213850e-05
7.283224e-05
7.352921e-05
7.422943e-05
7.493288e-05
7.563956e-05
7.634949e-05
7.706265e-05
7.777905e-05
7.849869e-05
7.922156e-05
7.994767e-05
8.067702e-05
8.140961e-05
8.214543e-05
8.288449e-05
8.362679e-05
8.437232e-05
8.512110e-05
8.587310e-05
8.662835e-05
8.738683e-05
8.814856e-05
8.891351e-05
8.968171e-05
9.045314e-05
9.122781e-05
9.200572e-05
9.278686e-05
9.357124e-05
9.435886e-05
9.514972e-05
9.594381e-05
9.674114e-05
9.754171e-05
9.834552e-05
9.915256e-05
9.996284e-05
1.007764e-04
1.015931e-04
1.024131e-04
1.032363e-04
1.040628e-04
1.048925e-04
1.057254e-04
1.065616e-04
1.074010e-04
1.082437e-04
1.090896e-04
1.099387e-04
1.107911e-04
1.116467e-04
1.125055e-04
1.133676e-04
1.142329e-04
1.151014e-04
1.159732e-04
1.168482e-04
1.177265e-04
1.186080e-04
1.194927e-04
1.203807e-04
1.212719e-04
1.221664e-04
1.230641e-04
1.239650e-04
1.248691e-04
1.257765e-04
1.266872e-04
1.276010e-04
1.285181e-04
1.294385e-04
1.303621e-04
1.312889e-04
1.322189e-04
1.331522e-04
1.340888e-04
1.350285e-04
1.359715e-04
1.369178e-04
1.378673e-04
1.388200e-04
1.397759e-04
1.407351e-04
1.416976e-04
1.426632e-04
1.436321e-04
1.446043e-04
1.455797e-04
1.465583e-04
1.475401e-04
1.485252e-04
1.495135e-04
1.505051e-04
1.514999e-04
1.524979e-04
1.534992e-04
1.545037e-04
1.555115e-04
1.565225e-04
1.575367e-04
1.585542e-04
1.595749e-04
1.605988e-04
1.616260e-04
1.626564e-04
1.636900e-04
1.647269e-04
1.657670e-04
1.668104e-04
1.678570e-04
1.689068e-04
1.699599e-04
1.710162e-04
1.720758e-04
1.731385e-04
1.742046e-04
1.752738e-04
1.763463e-04
1.774220e-04
1.785010e-04
1.795832e-04
1.806687e-04
1.817574e-04
1.828493e-04
1.839444e-04
1.850428e-04
1.861444e-04
1.872493e-04
1.883574e-04
1.894688e-04
1.905833e-04
1.917012e-04
1.928222e-04
1.939465e-04
1.950740e-04
1.962048e-04
1.973388e-04
1.984760e-04
1.996165e-04
2.007602e-04
2.019072e-04
2.030574e-04
2.042108e-04
2.053675e-04
2.065274e-04
2.076905e-04
2.088569e-04
2.100265e-04
2.111993e-04
2.123754e-04
2.135547e-04
2.147373e-04
2.159231e-04
2.171121e-04
2.183044e-04
2.194999e-04
2.206987e-04
2.219007e-04
2.231059e-04
2.243143e-04
2.255260e-04
2.267410e-04
2.279591e-04
2.291805e-04
2.304052e-04
2.316331e-04
2.328642e-04
2.340986e-04
2.353361e-04
2.365770e-04
2.378210e-04
2.390684e-04
2.403189e-04
2.415727e-04
2.428297e-04
2.440899e-04
2.453534e-04
2.466202e-04
2.478901e-04
2.491633e-04
2.504398e-04
2.517195e-04
2.530024e-04
2.542885e-04
2.555779e-04
2.568705e-04
2.581664e-04
2.594655e-04
2.607678e-04
2.620734e-04
2.633822e-04
2.646943e-04
2.660096e-04
2.673281e-04
2.686499e-04
2.699749e-04
2.713031e-04
2.726346e-04
2.739693e-04
2.753072e-04
2.766484e-04
2.779928e-04
2.793405e-04
2.806914e-04
2.820455e-04
2.834029e-04
2.847635e-04
2.861274e-04
2.874944e-04
2.888648e-04
2.902383e-04
2.916151e-04
2.929951e-04
2.943784e-04
2.957649e-04
2.971547e-04
2.985476e-04
2.999439e-04
3.013433e-04
3.027460e-04
3.041519e-04
3.055611e-04
3.069735e-04
3.083892e-04
3.098080e-04
3.112302e-04
3.126555e-04
3.140841e-04
3.155159e-04
3.169510e-04
3.183893e-04
3.198308e-04
3.212756e-04
3.227236e-04
3.241749e-04
3.256294e-04
3.270871e-04
3.285481e-04
3.300123e-04
3.314797e-04
3.329504e-04
3.344243e-04
3.359014e-04
3.373818e-04
3.388654e-04
3.403523e-04
3.418424e-04
3.433357e-04
3.448323e-04
3.463321e-04
3.478352e-04
3.493414e-04
3.508510e-04
3.523637e-04
3.538797e-04
3.553990e-04
3.569214e-04
3.584471e-04
3.599761e-04
3.615083e-04
3.630437e-04
3.645823e-04
3.661242e-04
3.676694e-04
3.692177e-04
3.707693e-04
3.723242e-04
3.738823e-04
3.754436e-04
3.770081e-04
3.785759e-04
3.801470e-04
3.817212e-04
3.832987e-04
3.848795e-04
3.864634e-04
3.880507e-04
3.896411e-04
3.912348e-04
3.928317e-04
3.944319e-04
3.960353e-04
3.976419e-04
3.992518e-04
4.008649e-04
4.024813e-04
4.041009e-04
4.057237e-04
4.073497e-04
4.089790e-04
4.106116e-04
4.122474e-04
4.138864e-04
4.155286e-04
4.171741e-04
4.188228e-04
4.204748e-04
4.221300e-04
4.237884e-04
4.254501e-04
4.271150e-04
4.287831e-04
4.304545e-04
4.321291e-04
4.338070e-04
4.354881e-04
4.371724e-04
4.388600e-04
4.405508e-04
4.422449e-04
4.439421e-04
4.456427e-04
4.473464e-04
4.490534e-04
4.507636e-04
4.524771e-04
4.541938e-04
4.559137e-04
4.576369e-04
4.593633e-04
4.610930e-04
4.628259e-04
4.645620e-04
4.663014e-04
4.680440e-04
4.697898e-04
4.715389e-04
4.732912e-04
4.750468e-04
4.768056e-04
4.785676e-04
4.803328e-04
4.821013e-04
4.838731e-04
4.856481e-04
4.874263e-04
4.892077e-04
4.909924e-04
4.927803e-04
4.945715e-04
4.963659e-04
4.981635e-04
4.999644e-04
5.017685e-04
5.035758e-04
5.053864e-04
5.072003e-04
5.090173e-04
5.108376e-04
5.126611e-04
5.144879e-04
5.163179e-04
5.181512e-04
5.199876e-04
5.218274e-04
5.236703e-04
5.255165e-04
5.273659e-04
5.292186e-04
5.310745e-04
5.329337e-04
5.347960e-04
5.366617e-04
5.385305e-04
5.404026e-04
5.422779e-04
5.441565e-04
5.460383e-04
5.479233e-04
5.498116e-04
5.517031e-04
5.535979e-04
5.554959e-04
5.573971e-04
5.593016e-04
5.612093e-04
5.631202e-04
5.650344e-04
5.669518e-04
5.688725e-04
5.707963e-04
5.727235e-04
5.746538e-04
5.765874e-04
5.785243e-04
5.804643e-04
5.824076e-04
5.843542e-04
5.863040e-04
5.882570e-04
5.902133e-04
5.921728e-04
5.941355e-04
5.961015e-04
5.980707e-04
6.000431e-04
6.020188e-04
6.039977e-04
6.059799e-04
6.079653e-04
6.099539e-04
6.119458e-04
6.139409e-04
6.159392e-04
6.179408e-04
6.199456e-04
6.219537e-04
6.239650e-04
6.259795e-04
6.279973e-04
6.300183e-04
6.320425e-04
6.340700e-04
6.361007e-04
6.381347e-04
6.401719e-04
6.422123e-04
6.442560e-04
6.463029e-04
6.483530e-04
6.504064e-04
6.524630e-04
6.545228e-04
6.565859e-04
6.586522e-04
6.607218e-04
6.627946e-04
6.648706e-04
6.669499e-04
6.690324e-04
6.711182e-04
6.732072e-04
6.752994e-04
6.773949e-04
6.794936e-04
6.815955e-04
6.837007e-04
6.858091e-04
6.879207e-04
6.900356e-04
6.921537e-04
6.942751e-04
6.963997e-04
6.985275e-04
7.006586e-04
7.027929e-04
7.049304e-04
7.070712e-04
7.092152e-04
7.113625e-04
7.135130e-04
7.156667e-04
7.178237e-04
7.199839e-04
7.221473e-04
7.243140e-04
7.264839e-04
7.286571e-04
7.308335e-04
7.330131e-04
7.351960e-04
7.373821e-04
7.395714e-04
7.417640e-04
7.439598e-04
7.461589e-04
7.483612e-04
7.505667e-04
7.527754e-04
7.549874e-04
7.572027e-04
7.594212e-04
7.616429e-04
7.638678e-04
7.660960e-04
7.683274e-04
7.705621e-04
7.728000e-04
7.750411e-04
7.772855e-04
7.795331e-04
7.817840e-04
7.840380e-04
7.862954e-04
7.885559e-04
7.908197e-04
7.930868e-04
7.953570e-04
7.976305e-04
7.999073e-04
8.021873e-04
8.044705e-04
8.067569e-04
8.090466e-04
8.113396e-04
8.136357e-04
8.159351e-04
8.182378e-04
8.205437e-04
8.228528e-04
8.251651e-04
8.274807e-04
8.297996e-04
8.321216e-04
8.344469e-04
8.367755e-04
8.391073e-04
8.414423e-04
8.437805e-04
8.461220e-04
8.484667e-04
8.508147e-04
8.531659e-04
8.555204e-04
8.578780e-04
8.602389e-04
8.626031e-04
8.649705e-04
8.673411e-04
8.697150e-04
8.720921e-04
8.744724e-04
8.768560e-04
8.792428e-04
8.816328e-04
8.840261e-04
8.864227e-04
8.888224e-04
8.912254e-04
8.936317e-04
8.960411e-04
8.984538e-04
9.008698e-04
9.032890e-04
9.057114e-04
9.081370e-04
9.105659e-04
9.129981e-04
9.154334e-04
9.178721e-04
9.203139e-04
9.227590e-04
9.252073e-04
9.276589e-04
9.301136e-04
9.325717e-04
9.350329e-04
9.374975e-04
9.399652e-04
9.424362e-04
9.449104e-04
9.473878e-04
9.498685e-04
9.523525e-04
9.548396e-04
9.573300e-04
9.598237e-04
9.623206e-04
9.648207e-04
9.673240e-04
9.698306e-04
9.723404e-04
9.748535e-04
9.773698e-04
9.798893e-04
9.824121e-04
9.849381e-04
9.874674e-04
9.899999e-04
9.925356e-04
9.950746e-04
9.976167e-04
1.000162e-03
1.002711e-03
1.005263e-03
1.007818e-03
1.010376e-03
1.012938e-03
1.015503e-03
1.018071e-03
1.020642e-03
1.023217e-03
1.025795e-03
1.028376e-03
1.030960e-03
1.033547e-03
1.036138e-03
1.038732e-03
1.041329e-03
1.043930e-03
1.046534e-03
1.049141e-03
1.051751e-03
1.054364e-03
1.056981e-03
1.059601e-03
1.062224e-03
1.064850e-03
1.067480e-03
1.070113e-03
1.072749e-03
1.075388e-03
1.078031e-03
1.080676e-03
1.083325e-03
1.085978e-03
1.088633e-03
1.091292e-03
1.093954e-03
1.096619e-03
1.099288e-03
1.101959e-03
1.104634e-03
1.107312e-03
1.109994e-03
1.112678e-03
1.115366e-03
1.118057e-03
1.120752e-03
1.123449e-03
1.126150e-03
1.128854e-03
1.131561e-03
1.134272e-03
1.136986e-03
1.139703e-03
1.142423e-03
1.145147e-03
1.147873e-03
1.150603e-03
1.153336e-03
1.156073e-03
1.158812e-03
1.161555e-03
1.164302e-03
1.167051e-03
1.169804e-03
1.172559e-03
1.175318e-03
1.178081e-03
1.180846e-03
1.183615e-03
1.186387e-03
1.189163e-03
1.191941e-03
1.194723e-03
1.197508e-03
1.200296e-03
1.203087e-03
1.205882e-03
1.208680e-03
1.211481e-03
1.214286e-03
1.217093e-03
1.219904e-03
1.222718e-03
1.225536e-03
1.228356e-03
1.231180e-03
1.234007e-03
1.236838e-03
1.239671e-03
1.242508e-03
1.245348e-03
1.248191e-03
1.251038e-03
1.253887e-03
1.256740e-03
1.259597e-03
1.262456e-03
1.265319e-03
1.268185e-03
1.271054e-03
1.273926e-03
1.276802e-03
1.279681e-03
1.282563e-03
1.285448e-03
1.288337e-03
1.291229e-03
1.294124e-03
1.297022e-03
1.299923e-03
1.302828e-03
1.305736e-03
1.308647e-03
1.311562e-03
1.314480e-03
1.317401e-03
1.320325e-03
1.323252e-03
1.326183e-03
1.329117e-03
1.332054e-03
1.334994e-03
1.337938e-03
1.340885e-03
1.343835e-03
1.346788e-03
1.349745e-03
1.352705e-03
1.355668e-03
1.358634e-03
1.361603e-03
1.364576e-03
1.367552e-03
1.370531e-03
1.373514e-03
1.376500e-03
1.379489e-03
1.382481e-03
1.385476e-03
1.388475e-03
1.391477e-03
1.394482e-03
1.397490e-03
1.400502e-03
1.403517e-03
1.406535e-03
1.409556e-03
1.412580e-03
1.415608e-03
1.418639e-03
1.421674e-03
1.424711e-03
1.427752e-03
1.430796e-03
1.433843e-03
1.436893e-03
1.439947e-03
1.443004e-03
1.446064e-03
1.449128e-03
1.452194e-03
1.455264e-03
1.458337e-03
1.461413e-03
1.464493e-03
1.467576e-03
1.470662e-03
1.473751e-03
1.476844e-03
1.479940e-03
1.483039e-03
1.486141e-03
1.489246e-03
1.492355e-03
1.495467e-03
1.498582e-03
1.501701e-03
1.504822e-03
1.507947e-03
1.511075e-03
1.514207e-03
1.517341e-03
1.520479e-03
1.523620e-03
1.526764e-03
1.529912e-03
1.533063e-03
1.536217e-03
1.539374e-03
1.542535e-03
1.545698e-03
1.548865e-03
1.552036e-03
1.555209e-03
1.558386e-03
1.561566e-03
1.564749e-03
1.567935e-03
1.571125e-03
1.574318e-03
1.577514e-03
1.580713e-03
1.583916e-03
1.587122e-03
1.590331e-03
1.593543e-03
1.596759e-03
1.599977e-03
1.603199e-03
1.606425e-03
1.609653e-03
1.612885e-03
1.616120e-03
1.619358e-03
1.622600e-03
1.625844e-03
1.629092e-03
1.632343e-03
1.635598e-03
1.638855e-03
1.642116e-03
1.645380e-03
1.648648e-03
1.651918e-03
1.655192e-03
1.658469e-03
1.661749e-03
1.665033e-03
1.668320e-03
1.671610e-03
1.674903e-03
1.678199e-03
1.681499e-03
1.684802e-03
1.688108e-03
1.691418e-03
1.694730e-03
1.698046e-03
1.701365e-03
1.704688e-03
1.708013e-03
1.711342e-03
1.714674e-03
1.718010e-03
1.721348e-03
1.724690e-03
1.728035e-03
1.731383e-03
1.734735e-03
1.738089e-03
1.741447e-03
1.744809e-03
1.748173e-03
1.751541e-03
1.754912e-03
1.758286e-03
1.761663e-03
1.765044e-03
1.768428e-03
1.771815e-03
1.775205e-03
1.778599e-03
1.781996e-03
1.785396e-03
1.788799e-03
1.792206e-03
1.795615e-03
1.799028e-03
1.802445e-03
1.805864e-03
1.809287e-03
1.812713e-03
1.816142e-03
1.819574e-03
1.823010e-03
1.826449e-03
1.829891e-03
1.833337e-03
1.836785e-03
1.840237e-03
1.843692e-03
1.847150e-03
1.850612e-03
1.854077e-03
1.857545e-03
1.861016e-03
1.864491e-03
1.867968e-03
1.871449e-03
1.874934e-03
1.878421e-03
1.881912e-03
1.885406e-03
1.888903e-03
1.892403e-03
1.895907e-03
1.899414e-03
1.902924e-03
1.906437e-03
1.909954e-03
1.913474e-03
1.916997e-03
1.920523e-03
1.924053e-03
1.927586e-03
1.931122e-03
1.934661e-03
1.938203e-03
1.941749e-03
1.945298e-03
1.948850e-03
1.952406e-03
1.955965e-03
1.959526e-03
1.963092e-03
1.966660e-03
1.970232e-03
1.973807e-03
1.977385e-03
1.980966e-03
1.984551e-03
1.988138e-03
1.991730e-03
1.995324e-03
1.998921e-03
2.002522e-03
2.006126e-03
2.009733e-03
2.013344e-03
2.016958e-03
2.020575e-03
2.024195e-03
2.027818e-03
2.031445e-03
2.035075e-03
2.038708e-03
2.042344e-03
2.045984e-03
2.049627e-03
2.053273e-03
2.056922e-03
2.060575e-03
2.064231e-03
2.067890e-03
2.071552e-03
2.075217e-03
2.078886e-03
2.082558e-03
2.086233e-03
2.089912e-03
2.093594e-03
2.097279e-03
2.100967e-03
2.104658e-03
2.108353e-03
2.112051e-03
2.115752e-03
2.119456e-03
2.123164e-03
2.126875e-03
2.130589e-03
2.134306e-03
2.138027e-03
2.141750e-03
2.145477e-03
2.149208e-03
2.152941e-03
2.156678e-03
2.160418e-03
2.164161e-03
2.167907e-03
2.171657e-03
2.175410e-03
2.179166e-03
2.182926e-03
2.186688e-03
2.190454e-03
2.194223e-03
2.197996e-03
2.201771e-03
2.205550e-03
2.209332e-03
2.213117e-03
2.216906e-03
2.220698e-03
2.224493e-03
2.228291e-03
2.232092e-03
2.235897e-03
2.239705e-03
2.243516e-03
2.247331e-03
2.251148e-03
2.254969e-03
2.258793e-03
2.262621e-03
2.266451e-03
2.270285e-03
2.274122e-03
2.277963e-03
2.281806e-03
2.285653e-03
2.289503e-03
2.293356e-03
2.297213e-03
2.301073e-03
2.304936e-03
2.308802e-03
2.312671e-03
2.316544e-03
2.320420e-03
2.324299e-03
2.328182e-03
2.332067e-03
2.335956e-03
2.339848e-03
2.343744e-03
2.347642e-03
2.351544e-03
2.355449e-03
2.359357e-03
2.363269e-03
2.367184e-03
2.371102e-03
2.375023e-03
2.378948e-03
2.382875e-03
2.386806e-03
2.390740e-03
2.394678e-03
2.398619e-03
2.402563e-03
2.406510e-03
2.410460e-03
2.414414e-03
2.418371e-03
2.422331e-03
2.426294e-03
2.430261e-03
2.434230e-03
2.438203e-03
2.442180e-03
2.446159e-03
2.450142e-03
2.454128e-03
2.458117e-03
2.462110e-03
2.466106e-03
2.470104e-03
2.474107e-03
2.478112e-03
2.482121e-03
2.486133e-03
2.490148e-03
2.494166e-03
2.498188e-03
2.502213e-03
2.506241e-03
2.510272e-03
2.514307e-03
2.518344e-03
2.522385e-03
2.526430e-03
2.530477e-03
2.534528e-03
2.538582e-03
2.542639e-03
2.546700e-03
2.550763e-03
2.554830e-03
2.558900e-03
2.562974e-03
2.567051e-03
2.571130e-03
2.575214e-03
2.579300e-03
2.583389e-03
2.587482e-03
2.591578e-03
2.595678e-03
2.599780e-03
2.603886e-03
2.607995e-03
2.612107e-03
2.616223e-03
2.620342e-03
2.624464e-03
2.628589e-03
2.632717e-03
2.636849e-03
2.640984e-03
2.645122e-03
2.649263e-03
2.653408e-03
2.657556e-03
2.661707e-03
2.665861e-03
2.670019e-03
2.674180e-03
2.678344e-03
2.682511e-03
2.686682e-03
2.690855e-03
2.695032e-03
2.699213e-03
2.703396e-03
2.707583e-03
2.711773e-03
2.715966e-03
2.720162e-03
2.724362e-03
2.728565e-03
2.732771e-03
2.736980e-03
2.741193e-03
2.745409e-03
2.749628e-03
2.753850e-03
2.758076e-03
2.762305e-03
2.766537e-03
2.770772e-03
2.775010e-03
2.779252e-03
2.783497e-03
2.787745e-03
2.791997e-03
2.796251e-03
2.800509e-03
2.804771e-03
2.809035e-03
2.813303e-03
2.817574e-03
2.821848e-03
2.826125e-03
2.830406e-03
2.834689e-03
2.838976e-03
2.843267e-03
2.847560e-03
2.851857e-03
2.856157e-03
2.860460e-03
2.864767e-03
2.869077e-03
2.873390e-03
2.877706e-03
2.882025e-03
2.886348e-03
2.890674e-03
2.895003e-03
2.899335e-03
2.903671e-03
2.908010e-03
2.912352e-03
2.916697e-03
2.921046e-03
2.925398e-03
2.929753e-03
2.934111e-03
2.938473e-03
2.942837e-03
2.947205e-03
2.951577e-03
2.955951e-03
2.960329e-03
2.964710e-03
2.969094e-03
2.973481e-03
2.977872e-03
2.982266e-03
2.986663e-03
2.991063e-03
2.995467e-03
2.999874e-03
3.004284e-03
3.008697e-03
3.013114e-03
3.017534e-03
3.021957e-03
3.026383e-03
3.030812e-03
3.035245e-03
3.039681e-03
3.044120e-03
3.048563e-03
3.053008e-03
3.057457e-03
3.061909e-03
3.066365e-03
3.070824e-03
3.075285e-03
3.079751e-03
3.084219e-03
3.088690e-03
3.093165e-03
3.097643e-03
3.102125e-03
3.106609e-03
3.111097e-03
3.115588e-03
3.120082e-03
3.124580e-03
3.129080e-03
3.133584e-03
3.138092e-03
3.142602e-03
3.147116e-03
3.151633e-03
3.156153e-03
3.160676e-03
3.165203e-03
3.169733e-03
3.174266e-03
3.178802e-03
3.183342e-03
3.187884e-03
3.192431e-03
3.196980e-03
3.201532e-03
3.206088e-03
3.210647e-03
3.215209e-03
3.219775e-03
3.224343e-03
3.228915e-03
3.233491e-03
3.238069e-03
3.242651e-03
3.247236e-03
3.251824e-03
3.256415e-03
3.261010e-03
3.265608e-03
3.270209e-03
3.274813e-03
3.279420e-03
3.284031e-03
3.288645e-03
3.293263e-03
3.297883e-03
3.302507e-03
3.307134e-03
3.311764e-03
3.316397e-03
3.321034e-03
3.325674e-03
3.330317e-03
3.334964e-03
3.339613e-03
3.344266e-03
3.348922e-03
3.353582e-03
3.358244e-03
3.362910e-03
3.367579e-03
3.372251e-03
3.376927e-03
3.381606e-03
3.386288e-03
3.390973e-03
3.395661e-03
3.400353e-03
3.405048e-03
3.409746e-03
3.414448e-03
3.419152e-03
3.423860e-03
3.428571e-03
3.433286e-03
3.438003e-03
3.442724e-03
3.447448e-03
3.452176e-03
3.456906e-03
3.461640e-03
3.466377e-03
3.471117e-03
3.475861e-03
3.480608e-03
3.485358e-03
3.490111e-03
3.494867e-03
3.499627e-03
3.504390e-03
3.509156e-03
3.513926e-03
3.518698e-03
3.523474e-03
3.528253e-03
3.533036e-03
3.537821e-03
3.542610e-03
3.547402e-03
3.552197e-03
3.556996e-03
3.561798e-03
3.566603e-03
3.571411e-03
3.576223e-03
3.581037e-03
3.585855e-03
3.590677e-03
3.595501e-03
3.600329e-03
3.605160e-03
3.609994e-03
3.614831e-03
3.619672e-03
3.624516e-03
3.629363e-03
3.634213e-03
3.639067e-03
3.643923e-03
3.648784e-03
3.653647e-03
3.658513e-03
3.663383e-03
3.668256e-03
3.673132e-03
3.678012e-03
3.682895e-03
3.687781e-03
3.692670e-03
3.697562e-03
3.702458e-03
3.707357e-03
3.712259e-03
3.717164e-03
3.722073e-03
3.726985e-03
3.731900e-03
3.736818e-03
3.741740e-03
3.746665e-03
3.751593e-03
3.756524e-03
3.761458e-03
3.766396e-03
3.771337e-03
3.776281e-03
3.781229e-03
3.786179e-03
3.791133e-03
3.796091e-03
3.801051e-03
3.805350e-03
3.809633e-03
3.813899e-03
3.818150e-03
3.822384e-03
3.826602e-03
3.830804e-03
3.834990e-03
3.839160e-03
3.843314e-03
3.847451e-03
3.851572e-03
3.855678e-03
3.859767e-03
3.863840e-03
3.867896e-03
3.871937e-03
3.875961e-03
3.879970e-03
3.883962e-03
3.887938e-03
3.891898e-03
3.895842e-03
3.899769e-03
3.903681e-03
3.907576e-03
3.911455e-03
3.915318e-03
3.919165e-03
3.922996e-03
3.926810e-03
3.930609e-03
3.934391e-03
3.938157e-03
3.941907e-03
3.945641e-03
3.949359e-03
3.953061e-03
3.956746e-03
3.960415e-03
3.964069e-03
3.967706e-03
3.971327e-03
3.974931e-03
3.978520e-03
3.982092e-03
3.985649e-03
3.989189e-03
3.992713e-03
3.996221e-03
3.999713e-03
4.003188e-03
4.006648e-03
4.010091e-03
4.013518e-03
4.016929e-03
4.020324e-03
4.023703e-03
4.027065e-03
4.030412e-03
4.033742e-03
4.037056e-03
4.040354e-03
4.043636e-03
4.046902e-03
4.050151e-03
4.053385e-03
4.056602e-03
4.059803e-03
4.062988e-03
4.066157e-03
4.069310e-03
4.072447e-03
4.075567e-03
4.078671e-03
4.081760e-03
4.084832e-03
4.087888e-03
4.090927e-03
4.093951e-03
4.096958e-03
4.099950e-03
4.102925e-03
4.105884e-03
4.108827e-03
4.111753e-03
4.114664e-03
4.117558e-03
4.120437e-03
4.123299e-03
4.126145e-03
4.128975e-03
4.131789e-03
4.134586e-03
4.137368e-03
4.140133e-03
4.142882e-03
4.145615e-03
4.148332e-03
4.151033e-03
4.153717e-03
4.156386e-03
4.159038e-03
4.161674e-03
4.164294e-03
4.166898e-03
4.169486e-03
4.172057e-03
4.174613e-03
4.177152e-03
4.179675e-03
4.182182e-03
4.184673e-03
4.187148e-03
4.189606e-03
4.192049e-03
4.194475e-03
4.196885e-03
4.199279e-03
4.201657e-03
4.204019e-03
4.206365e-03
4.208694e-03
4.211007e-03
4.213304e-03
4.215585e-03
4.217850e-03
4.220099e-03
4.222332e-03
4.224548e-03
4.226748e-03
4.228932e-03
4.231100e-03
4.233252e-03
4.235388e-03
4.237508e-03
4.239611e-03
4.241698e-03
4.243770e-03
4.245825e-03
4.247863e-03
4.249886e-03
4.251893e-03
4.253883e-03
4.255857e-03
4.257816e-03
4.259758e-03
4.261683e-03
4.263593e-03
4.265487e-03
4.267364e-03
4.269225e-03
4.271071e-03
4.272900e-03
4.274712e-03
4.276509e-03
4.278290e-03
4.280054e-03
4.281802e-03
4.283535e-03
4.285251e-03
4.286950e-03
4.288634e-03
4.290302e-03
4.291953e-03
4.293588e-03
4.295208e-03
4.296811e-03
4.298397e-03
4.299968e-03
4.301523e-03
4.303061e-03
4.304583e-03
4.306090e-03
4.307580e-03
4.309053e-03
4.310511e-03
4.311953e-03
4.313378e-03
4.314787e-03
4.316180e-03
4.317557e-03
4.318918e-03
4.320263e-03
4.321592e-03
4.322904e-03
4.324200e-03
4.325480e-03
4.326744e-03
4.327992e-03
4.329224e-03
4.330440e-03
4.331639e-03
4.332822e-03
4.333989e-03
4.335140e-03
4.336275e-03
4.337394e-03
4.338496e-03
4.339583e-03
4.340653e-03
4.341707e-03
4.342745e-03
4.343767e-03
4.344773e-03
4.345762e-03
4.346736e-03
4.347693e-03
4.348634e-03
4.349559e-03
4.350468e-03
4.351361e-03
4.352237e-03
4.353098e-03
4.353942e-03
4.354770e-03
4.355582e-03
4.356378e-03
4.357158e-03
4.357921e-03
4.358669e-03
4.359400e-03
4.360115e-03
4.360814e-03
4.361497e-03
4.362163e-03
4.362814e-03
4.363448e-03
4.364067e-03
4.364669e-03
4.365255e-03
4.365825e-03
4.366378e-03
4.366916e-03
4.367437e-03
4.367943e-03
4.368432e-03
4.368905e-03
4.369361e-03
4.369802e-03
4.370227e-03
4.370635e-03
4.371027e-03
4.371403e-03
4.371763e-03
4.372107e-03
4.372435e-03
4.372747e-03
4.373042e-03
4.373321e-03
4.373584e-03
4.373831e-03
4.374062e-03
4.374277e-03
4.374475e-03
4.374658e-03
4.374824e-03
4.374974e-03
4.375108e-03
4.375226e-03
4.375328e-03
4.375413e-03
4.375483e-03
4.375536e-03
4.375573e-03
4.375594e-03
4.375599e-03
4.375587e-03
4.375560e-03
4.375516e-03
4.375457e-03
4.375381e-03
4.375289e-03
4.375180e-03
4.375056e-03
4.374916e-03
4.374759e-03
4.374586e-03
4.374397e-03
4.374192e-03
4.373971e-03
4.373734e-03
4.373480e-03
4.373211e-03
4.372925e-03
4.372623e-03
4.372305e-03
4.371971e-03
4.371621e-03
4.371254e-03
4.370872e-03
4.370473e-03
4.370058e-03
4.369627e-03
4.369180e-03
4.368716e-03
4.368237e-03
4.367741e-03
4.367230e-03
4.366702e-03
4.366380e-03
4.366380e-03
4.366380e-03
4.366380e-03
4.366380e-03
4.366380e-03
4.366380e-03
4.366380e-03
4.366380e-03
4.366380e-03
4.366380e-03
4.366380e-03
4.366380e-03
4.366380e-03
4.366380e-03
4.366380e-03
4.366380e-03
4.366380e-03
4.366380e-03
4.366380e-03
4.366380e-03
4.366380e-03
4.366380e-03
4.366380e-03
4.366380e-03
4.366380e-03
4.366380e-03
4.366380e-03
4.366380e-03
4.366380e-03
4.366380e-03
4.366380e-03
4.366380e-03
4.366380e-03
4.366380e-03
4.366380e-03
4.366380e-03
4.366380e-03
4.366380e-03
4.366380e-03
4.366380e-03
4.366380e-03
4.366380e-03
4.366380e-03
4.366380e-03
4.366380e-03
4.366380e-03
4.366380e-03
4.366380e-03
4.366380e-03
4.366380e-03
4.366380e-03
4.366380e-03
4.366380e-03
4.366380e-03
4.366380e-03
4.366380e-03
4.366380e-03
4.366380e-03
4.366380e-03
4.366380e-03
4.366380e-03
4.366380e-03
4.366380e-03
4.366380e-03
4.366380e-03
4.366380e-03
4.366380e-03
4.366380e-03
4.366380e-03
4.366380e-03
4.366380e-03
4.366380e-03
4.366380e-03
4.366380e-03
4.366380e-03
4.366380e-03
4.366380e-03
4.366380e-03
4.366380e-03
4.366380e-03
4.366380e-03
4.366380e-03
4.366380e-03
4.366380e-03
4.366380e-03
4.366380e-03
4.366380e-03
4.366380e-03
4.366380e-03
4.366380e-03
4.366380e-03
4.366380e-03
4.366380e-03
4.366380e-03
4.366380e-03
4.366380e-03
4.366380e-03
4.366380e-03
4.366380e-03
4.366380e-03
4.366380e-03
4.366380e-03
4.366380e-03
4.366380e-03
4.366380e-03
4.366380e-03
4.366380e-03
4.366380e-03
4.366380e-03
4.366380e-03
4.366380e-03
4.366380e-03
4.366380e-03
4.366380e-03
4.366380e-03
4.366380e-03
4.366380e-03
4.366380e-03
4.366380e-03
4.366380e-03
4.366380e-03
4.366380e-03
4.366380e-03
4.366380e-03
4.366380e-03
4.366380e-03
4.366380e-03
4.366380e-03
4.366380e-03
4.366380e-03
4.366380e-03
4.366380e-03
4.366380e-03
4.366380e-03
4.366380e-03
4.366380e-03
4.366380e-03
4.366380e-03
4.366380e-03
4.366380e-03
4.366380e-03
4.366380e-03
4.366380e-03
4.366380e-03
4.366380e-03
4.366380e-03
4.366380e-03
4.366380e-03
4.366380e-03
4.366380e-03
4.366380e-03
4.366380e-03
4.366380e-03
4.366380e-03
4.366380e-03
4.366380e-03
4.366380e-03
4.366380e-03
4.366380e-03
4.366380e-03
4.366380e-03
4.366380e-03
4.366380e-03
4.366380e-03
4.366380e-03
4.366380e-03
4.366380e-03
4.366380e-03
4.366380e-03
4.366380e-03
4.366380e-03
4.366380e-03
4.366380e-03
4.366380e-03
4.366380e-03
4.366380e-03
4.366380e-03
4.366380e-03
4.366380e-03
4.366380e-03
4.366380e-03
4.366380e-03
4.366380e-03
4.366380e-03
4.366380e-03
4.366380e-03
4.366380e-03
4.366380e-03
4.366380e-03
4.366380e-03
4.366380e-03
4.366380e-03
4.366380e-03
4.366380e-03
4.366380e-03
4.366380e-03
4.366380e-03
4.366380e-03
4.366380e-03
4.366380e-03
