0.000000e+00
1.110371e-07
2.252926e-07
3.427667e-07
4.634591e-07
5.873701e-07
7.144995e-07
8.448474e-07
9.784137e-07
1.115199e-06
1.255202e-06
1.398424e-06
1.544864e-06
1.694522e-06
1.847400e-06
2.003495e-06
2.162809e-06
2.325342e-06
2.491093e-06
2.660062e-06
2.832250e-06
3.007657e-06
3.186282e-06
3.368125e-06
3.553187e-06
3.741467e-06
3.932966e-06
4.127683e-06
4.325619e-06
4.526773e-06
4.731145e-06
4.938736e-06
5.149546e-06
5.363574e-06
5.580821e-06
5.801285e-06
6.024969e-06
6.251871e-06
6.481991e-06
6.715330e-06
6.951887e-06
7.191663e-06
7.434657e-06
7.680870e-06
7.930301e-06
8.182950e-06
8.438819e-06
8.697905e-06
8.960210e-06
9.225734e-06
9.494476e-06
9.766436e-06
1.004161e-05
1.032001e-05
1.060163e-05
1.088646e-05
1.117451e-05
1.146579e-05
1.176028e-05
1.205798e-05
1.235891e-05
1.266306e-05
1.297042e-05
1.328100e-05
1.359480e-05
1.391182e-05
1.423206e-05
1.455551e-05
1.488219e-05
1.521208e-05
1.554519e-05
1.588152e-05
1.622107e-05
1.656384e-05
1.690982e-05
1.725903e-05
1.761145e-05
1.796709e-05
1.832595e-05
1.868802e-05
1.905332e-05
1.942183e-05
1.979357e-05
2.016852e-05
2.054669e-05
2.092808e-05
2.131268e-05
2.170051e-05
2.209155e-05
2.248581e-05
2.288330e-05
2.328399e-05
2.368791e-05
2.409505e-05
2.450540e-05
2.491898e-05
2.533577e-05
2.575578e-05
2.617900e-05
2.660545e-05
2.703512e-05
2.746800e-05
2.790410e-05
2.834342e-05
2.878596e-05
2.923172e-05
2.968070e-05
3.013289e-05
3.058830e-05
3.104693e-05
3.150878e-05
3.197385e-05
3.244214e-05
3.291365e-05
3.338837e-05
3.386631e-05
3.434747e-05
3.483185e-05
3.531945e-05
3.581026e-05
3.630430e-05
3.680155e-05
3.730202e-05
3.780571e-05
3.831262e-05
3.882275e-05
3.933609e-05
3.985266e-05
4.037244e-05
4.089544e-05
4.142166e-05
4.195110e-05
4.248375e-05
4.301963e-05
4.355872e-05
4.410103e-05
4.464656e-05
4.519531e-05
4.574728e-05
4.630247e-05
4.686087e-05
4.742249e-05
4.798733e-05
4.855539e-05
4.912667e-05
4.970117e-05
5.027888e-05
5.085981e-05
5.144396e-05
5.203133e-05
5.262192e-05
5.321573e-05
5.381276e-05
5.441300e-05
5.501646e-05
5.562314e-05
5.623304e-05
5.684616e-05
5.746250e-05
5.808205e-05
5.870482e-05
5.933082e-05
5.996003e-05
6.059246e-05
6.122810e-05
6.186697e-05
6.250905e-05
6.315435e-05
6.380288e-05
6.445461e-05
6.510957e-05
6.576775e-05
6.642914e-05
6.709376e-05
6.776159e-05
6.843264e-05
6.910691e-05
6.978439e-05
7.046510e-05
7.114902e-05
7.183617e-05
7.252653e-05
7.322011e-05
7.391691e-05
7.461692e-05
7.532016e-05
7.602661e-05
7.673628e-05
7.744917e-05
7.816528e-05
7.888461e-05
7.960715e-05
8.033292e-05
8.106190e-05
8.179410e-05
8.252952e-05
8.326816e-05
8.401002e-05
8.475509e-05
8.550338e-05
8.625490e-05
8.700963e-05
8.776758e-05
8.852874e-05
8.929313e-05
9.006073e-05
9.083156e-05
9.160560e-05
9.238286e-05
9.316333e-05
9.394703e-05
9.473395e-05
9.552408e-05
9.631743e-05
9.711400e-05
9.791379e-05
9.871680e-05
9.952302e-05
1.003325e-04
1.011451e-04
1.019610e-04
1.027801e-04
1.036024e-04
1.044280e-04
1.052567e-04
1.060887e-04
1.069239e-04
1.077623e-04
1.086039e-04
1.094488e-04
1.102968e-04
1.111481e-04
1.120026e-04
1.128603e-04
1.137213e-04
1.145854e-04
1.154528e-04
1.163234e-04
1.171972e-04
1.180743e-04
1.189545e-04
1.198380e-04
1.207247e-04
1.216146e-04
1.225077e-04
1.234040e-04
1.243036e-04
1.252064e-04
1.261124e-04
1.270216e-04
1.279340e-04
1.288497e-04
1.297686e-04
1.306907e-04
1.316160e-04
1.325445e-04
1.334762e-04
1.344112e-04
1.353494e-04
1.362908e-04
1.372354e-04
1.381832e-04
1.391343e-04
1.400886e-04
1.410461e-04
1.420068e-04
1.429707e-04
1.439379e-04
1.449082e-04
1.458818e-04
1.468586e-04
1.478386e-04
1.488219e-04
1.498083e-04
1.507980e-04
1.517909e-04
1.527870e-04
1.537864e-04
1.547889e-04
1.557947e-04
1.568037e-04
1.578159e-04
1.588313e-04
1.598500e-04
1.608718e-04
1.618969e-04
1.629252e-04
1.639567e-04
1.649915e-04
1.660294e-04
1.670706e-04
1.681150e-04
1.691626e-04
1.702134e-04
1.712675e-04
1.723247e-04
1.733852e-04
1.744489e-04
1.755158e-04
1.765860e-04
1.776593e-04
1.787359e-04
1.798157e-04
1.808987e-04
1.819850e-04
1.830744e-04
1.841671e-04
1.852630e-04
1.863621e-04
1.874644e-04
1.885699e-04
1.896787e-04
1.907907e-04
1.919059e-04
1.930243e-04
1.941459e-04
1.952708e-04
1.963989e-04
1.975301e-04
1.986647e-04
1.998024e-04
2.009433e-04
2.020875e-04
2.032349e-04
2.043855e-04
2.055393e-04
2.066963e-04
2.078566e-04
2.090201e-04
2.101868e-04
2.113567e-04
2.125298e-04
2.137062e-04
2.148857e-04
2.160685e-04
2.172545e-04
2.184437e-04
2.196362e-04
2.208318e-04
2.220307e-04
2.232328e-04
2.244381e-04
2.256467e-04
2.268584e-04
2.280734e-04
2.292916e-04
2.305130e-04
2.317376e-04
2.329655e-04
2.341965e-04
2.354308e-04
2.366683e-04
2.379090e-04
2.391530e-04
2.404001e-04
2.416505e-04
2.429041e-04
2.441609e-04
2.454209e-04
2.466842e-04
2.479506e-04
2.492203e-04
2.504932e-04
2.517694e-04
2.530487e-04
2.543313e-04
2.556170e-04
2.569060e-04
2.581982e-04
2.594937e-04
2.607923e-04
2.620942e-04
2.633993e-04
2.647076e-04
2.660191e-04
2.673339e-04
2.686518e-04
2.699730e-04
2.712974e-04
2.726250e-04
2.739558e-04
2.752899e-04
2.766272e-04
2.779677e-04
2.793114e-04
2.806583e-04
2.820085e-04
2.833618e-04
2.847184e-04
2.860782e-04
2.874412e-04
2.888075e-04
2.901769e-04
2.915496e-04
2.929255e-04
2.943046e-04
2.956869e-04
2.970725e-04
2.984613e-04
2.998532e-04
3.012484e-04
3.026469e-04
3.040485e-04
3.054534e-04
3.068614e-04
3.082727e-04
3.096873e-04
3.111050e-04
3.125259e-04
3.139501e-04
3.153775e-04
3.168081e-04
3.182419e-04
3.196790e-04
3.211193e-04
3.225627e-04
3.240094e-04
3.254594e-04
3.269125e-04
3.283688e-04
3.298284e-04
3.312912e-04
3.327572e-04
3.342265e-04
3.356989e-04
3.371746e-04
3.386535e-04
3.401356e-04
3.416209e-04
3.431094e-04
3.446012e-04
3.460962e-04
3.475944e-04
3.490958e-04
3.506004e-04
3.521083e-04
3.536193e-04
3.551336e-04
3.566511e-04
3.581718e-04
3.596958e-04
3.612230e-04
3.627533e-04
3.642869e-04
3.658238e-04
3.673638e-04
3.689070e-04
3.704535e-04
3.720032e-04
3.735561e-04
3.751122e-04
3.766716e-04
3.782342e-04
3.797999e-04
3.813689e-04
3.829412e-04
3.845166e-04
3.860953e-04
3.876771e-04
3.892622e-04
3.908505e-04
3.924421e-04
3.940368e-04
3.956348e-04
3.972360e-04
3.988404e-04
4.004480e-04
4.020589e-04
4.036729e-04
4.052902e-04
4.069107e-04
4.085344e-04
4.101613e-04
4.117915e-04
4.134249e-04
4.150615e-04
4.167013e-04
4.183443e-04
4.199905e-04
4.216400e-04
4.232927e-04
4.249486e-04
4.266077e-04
4.282700e-04
4.299356e-04
4.316044e-04
4.332764e-04
4.349516e-04
4.366300e-04
4.383117e-04
4.399965e-04
4.416846e-04
4.433759e-04
4.450704e-04
4.467682e-04
4.484691e-04
4.501733e-04
4.518807e-04
4.535913e-04
4.553052e-04
4.570222e-04
4.587425e-04
4.604660e-04
4.621927e-04
4.639226e-04
4.656557e-04
4.673921e-04
4.691317e-04
4.708745e-04
4.726205e-04
4.743697e-04
4.761222e-04
4.778779e-04
4.796368e-04
4.813989e-04
4.831642e-04
4.849328e-04
4.867045e-04
4.884795e-04
4.902577e-04
4.920391e-04
4.938238e-04
4.956116e-04
4.974027e-04
4.991970e-04
5.009945e-04
5.027952e-04
5.045992e-04
5.064064e-04
5.082167e-04
5.100304e-04
5.118472e-04
5.136672e-04
5.154905e-04
5.173170e-04
5.191467e-04
5.209796e-04
5.228157e-04
5.246551e-04
5.264976e-04
5.283434e-04
5.301924e-04
5.320447e-04
5.339001e-04
5.357588e-04
5.376207e-04
5.394858e-04
5.413541e-04
5.432256e-04
5.451004e-04
5.469783e-04
5.488595e-04
5.507439e-04
5.526316e-04
5.545224e-04
5.564165e-04
5.583138e-04
5.602143e-04
5.621180e-04
5.640249e-04
5.659351e-04
5.678485e-04
5.697651e-04
5.716849e-04
5.736079e-04
5.755342e-04
5.774637e-04
5.793963e-04
5.813323e-04
5.832714e-04
5.852137e-04
5.871593e-04
5.891081e-04
5.910601e-04
5.930153e-04
5.949737e-04
5.969354e-04
5.989003e-04
6.008683e-04
6.028397e-04
6.048142e-04
6.067919e-04
6.087729e-04
6.107571e-04
6.127445e-04
6.147351e-04
6.167289e-04
6.187260e-04
6.207263e-04
6.227298e-04
6.247365e-04
6.267464e-04
6.287596e-04
6.307759e-04
6.327955e-04
6.348183e-04
6.368444e-04
6.388736e-04
6.409061e-04
6.429417e-04
6.449806e-04
6.470228e-04
6.490681e-04
6.511166e-04
6.531684e-04
6.552234e-04
6.572816e-04
6.593430e-04
6.614077e-04
6.634756e-04
6.655466e-04
6.676209e-04
6.696985e-04
6.717792e-04
6.738632e-04
6.759503e-04
6.780407e-04
6.801343e-04
6.822312e-04
6.843312e-04
6.864345e-04
6.885410e-04
6.906507e-04
6.927636e-04
6.948797e-04
6.969991e-04
6.991217e-04
7.012475e-04
7.033765e-04
7.055087e-04
7.076442e-04
7.097829e-04
7.119247e-04
7.140698e-04
7.162182e-04
7.183697e-04
7.205245e-04
7.226825e-04
7.248437e-04
7.270081e-04
7.291757e-04
7.313466e-04
7.335206e-04
7.356979e-04
7.378785e-04
7.400622e-04
7.422491e-04
7.444393e-04
7.466327e-04
7.488293e-04
7.510291e-04
7.532321e-04
7.554384e-04
7.576479e-04
7.598606e-04
7.620765e-04
7.642956e-04
7.665180e-04
7.687435e-04
7.709723e-04
7.732043e-04
7.754396e-04
7.776780e-04
7.799197e-04
7.821645e-04
7.844126e-04
7.866640e-04
7.889185e-04
7.911763e-04
7.934372e-04
7.957014e-04
7.979688e-04
8.002395e-04
8.025133e-04
8.047904e-04
8.070706e-04
8.093542e-04
8.116409e-04
8.139308e-04
8.162240e-04
8.185203e-04
8.208199e-04
8.231227e-04
8.254288e-04
8.277380e-04
8.300505e-04
8.323662e-04
8.346851e-04
8.370072e-04
8.393326e-04
8.416611e-04
8.439929e-04
8.463279e-04
8.486661e-04
8.510075e-04
8.533522e-04
8.557001e-04
8.580512e-04
8.604055e-04
8.627630e-04
8.651237e-04
8.674877e-04
8.698549e-04
8.722253e-04
8.745989e-04
8.769757e-04
8.793558e-04
8.817391e-04
8.841256e-04
8.865153e-04
8.889082e-04
8.913043e-04
8.937037e-04
8.961063e-04
8.985121e-04
9.009211e-04
9.033334e-04
9.057488e-04
9.081675e-04
9.105894e-04
9.130145e-04
9.154428e-04
9.178744e-04
9.203092e-04
9.227472e-04
9.251884e-04
9.276328e-04
9.300804e-04
9.325313e-04
9.349854e-04
9.374427e-04
9.399032e-04
9.423669e-04
9.448339e-04
9.473041e-04
9.497774e-04
9.522541e-04
9.547339e-04
9.572169e-04
9.597032e-04
9.621927e-04
9.646854e-04
9.671813e-04
9.696804e-04
9.721828e-04
9.746884e-04
9.771972e-04
9.797092e-04
9.822244e-04
9.847429e-04
9.872645e-04
9.897894e-04
9.923175e-04
9.948488e-04
9.973834e-04
9.999211e-04
1.002462e-03
1.005006e-03
1.007554e-03
1.010104e-03
1.012658e-03
1.015215e-03
1.017776e-03
1.020339e-03
1.022906e-03
1.025476e-03
1.028049e-03
1.030625e-03
1.033205e-03
1.035788e-03
1.038374e-03
1.040963e-03
1.043556e-03
1.046151e-03
1.048750e-03
1.051352e-03
1.053958e-03
1.056566e-03
1.059178e-03
1.061793e-03
1.064411e-03
1.067033e-03
1.069657e-03
1.072285e-03
1.074916e-03
1.077551e-03
1.080188e-03
1.082829e-03
1.085473e-03
1.088120e-03
1.090770e-03
1.093424e-03
1.096081e-03
1.098741e-03
1.101404e-03
1.104071e-03
1.106740e-03
1.109413e-03
1.112090e-03
1.114769e-03
1.117451e-03
1.120137e-03
1.122826e-03
1.125519e-03
1.128214e-03
1.130913e-03
1.133615e-03
1.136320e-03
1.139028e-03
1.141740e-03
1.144454e-03
1.147172e-03
1.149894e-03
1.152618e-03
1.155346e-03
1.158077e-03
1.160811e-03
1.163548e-03
1.166288e-03
1.169032e-03
1.171779e-03
1.174529e-03
1.177283e-03
1.180039e-03
1.182799e-03
1.185562e-03
1.188329e-03
1.191098e-03
1.193871e-03
1.196647e-03
1.199426e-03
1.202208e-03
1.204994e-03
1.207783e-03
1.210575e-03
1.213370e-03
1.216168e-03
1.218970e-03
1.221775e-03
1.224583e-03
1.227394e-03
1.230209e-03
1.233027e-03
1.235848e-03
1.238672e-03
1.241499e-03
1.244330e-03
1.247164e-03
1.250001e-03
1.252841e-03
1.255685e-03
1.258531e-03
1.261381e-03
1.264234e-03
1.267091e-03
1.269950e-03
1.272813e-03
1.275679e-03
1.278549e-03
1.281421e-03
1.284297e-03
1.287176e-03
1.290058e-03
1.292943e-03
1.295832e-03
1.298724e-03
1.301619e-03
1.304517e-03
1.307418e-03
1.310323e-03
1.313231e-03
1.316142e-03
1.319056e-03
1.321974e-03
1.324895e-03
1.327818e-03
1.330746e-03
1.333676e-03
1.336610e-03
1.339547e-03
1.342487e-03
1.345430e-03
1.348376e-03
1.351326e-03
1.354279e-03
1.357235e-03
1.360195e-03
1.363157e-03
1.366123e-03
1.369092e-03
1.372064e-03
1.375040e-03
1.378019e-03
1.381000e-03
1.383986e-03
1.386974e-03
1.389965e-03
1.392960e-03
1.395958e-03
1.398959e-03
1.401964e-03
1.404972e-03
1.407982e-03
1.410997e-03
1.414014e-03
1.417034e-03
1.420058e-03
1.423085e-03
1.426115e-03
1.429149e-03
1.432185e-03
1.435225e-03
1.438268e-03
1.441314e-03
1.444364e-03
1.447417e-03
1.450473e-03
1.453532e-03
1.456594e-03
1.459660e-03
1.462729e-03
1.465801e-03
1.468876e-03
1.471954e-03
1.475036e-03
1.478121e-03
1.481209e-03
1.484300e-03
1.487395e-03
1.490493e-03
1.493594e-03
1.496698e-03
1.499805e-03
1.502916e-03
1.506030e-03
1.509147e-03
1.512267e-03
1.515391e-03
1.518517e-03
1.521647e-03
1.524781e-03
1.527917e-03
1.531057e-03
1.534199e-03
1.537345e-03
1.540495e-03
1.543647e-03
1.546803e-03
1.549962e-03
1.553124e-03
1.556289e-03
1.559458e-03
1.562630e-03
1.565805e-03
1.568983e-03
1.572164e-03
1.575349e-03
1.578537e-03
1.581728e-03
1.584922e-03
1.588120e-03
1.591321e-03
1.594525e-03
1.597732e-03
1.600942e-03
1.604156e-03
1.607373e-03
1.610593e-03
1.613816e-03
1.617043e-03
1.620272e-03
1.623505e-03
1.626742e-03
1.629981e-03
1.633224e-03
1.636469e-03
1.639718e-03
1.642971e-03
1.646226e-03
1.649485e-03
1.652747e-03
1.656012e-03
1.659280e-03
1.662552e-03
1.665827e-03
1.669105e-03
1.672386e-03
1.675670e-03
1.678958e-03
1.682249e-03
1.685543e-03
1.688840e-03
1.692141e-03
1.695445e-03
1.698752e-03
1.702062e-03
1.705375e-03
1.708692e-03
1.712012e-03
1.715335e-03
1.718661e-03
1.721990e-03
1.725323e-03
1.728659e-03
1.731998e-03
1.735341e-03
1.738686e-03
1.742035e-03
1.745387e-03
1.748742e-03
1.752101e-03
1.755463e-03
1.758827e-03
1.762196e-03
1.765567e-03
1.768941e-03
1.772319e-03
1.775700e-03
1.779084e-03
1.782472e-03
1.785863e-03
1.789256e-03
1.792654e-03
1.796054e-03
1.799457e-03
1.802864e-03
1.806274e-03
1.809687e-03
1.813104e-03
1.816523e-03
1.819946e-03
1.823372e-03
1.826801e-03
1.830234e-03
1.833670e-03
1.837109e-03
1.840551e-03
1.843996e-03
1.847445e-03
1.850897e-03
1.854352e-03
1.857810e-03
1.861271e-03
1.864736e-03
1.868204e-03
1.871675e-03
1.875149e-03
1.878627e-03
1.882108e-03
1.885592e-03
1.889079e-03
1.892569e-03
1.896063e-03
1.899560e-03
1.903060e-03
1.906563e-03
1.910070e-03
1.913579e-03
1.917092e-03
1.920608e-03
1.924128e-03
1.927650e-03
1.931176e-03
1.934705e-03
1.938238e-03
1.941773e-03
1.945312e-03
1.948854e-03
1.952399e-03
1.955947e-03
1.959499e-03
1.963054e-03
1.966612e-03
1.970173e-03
1.973737e-03
1.977305e-03
1.980876e-03
1.984450e-03
1.988027e-03
1.991608e-03
1.995192e-03
1.998779e-03
2.002369e-03
2.005962e-03
2.009559e-03
2.013159e-03
2.016762e-03
2.020368e-03
2.023978e-03
2.027590e-03
2.031206e-03
2.034825e-03
2.038448e-03
2.042073e-03
2.045702e-03
2.049334e-03
2.052970e-03
2.056608e-03
2.060250e-03
2.063895e-03
2.067543e-03
2.071194e-03
2.074849e-03
2.078506e-03
2.082167e-03
2.085832e-03
2.089499e-03
2.093170e-03
2.096844e-03
2.100521e-03
2.104201e-03
2.107885e-03
2.111571e-03
2.115261e-03
2.118955e-03
2.122651e-03
2.126351e-03
2.130053e-03
2.133759e-03
2.137469e-03
2.141181e-03
2.144897e-03
2.148616e-03
2.152338e-03
2.156063e-03
2.159792e-03
2.163524e-03
2.167259e-03
2.170997e-03
2.174739e-03
2.178483e-03
2.182231e-03
2.185982e-03
2.189737e-03
2.193494e-03
2.197255e-03
2.201019e-03
2.204786e-03
2.208557e-03
2.212330e-03
2.216107e-03
2.219887e-03
2.223671e-03
2.227457e-03
2.231247e-03
2.235040e-03
2.238836e-03
2.242635e-03
2.246438e-03
2.250244e-03
2.254053e-03
2.257865e-03
2.261681e-03
2.265499e-03
2.269321e-03
2.273146e-03
2.276975e-03
2.280806e-03
2.284641e-03
2.288479e-03
2.292320e-03
2.296165e-03
2.300013e-03
2.303863e-03
2.307718e-03
2.311575e-03
2.315435e-03
2.319299e-03
2.323166e-03
2.327036e-03
2.330910e-03
2.334786e-03
2.338666e-03
2.342549e-03
2.346436e-03
2.350325e-03
2.354218e-03
2.358114e-03
2.362013e-03
2.365915e-03
2.369821e-03
2.373730e-03
2.377642e-03
2.381557e-03
2.385476e-03
2.389397e-03
2.393322e-03
2.397250e-03
2.401182e-03
2.405116e-03
2.409054e-03
2.412995e-03
2.416939e-03
2.420887e-03
2.424838e-03
2.428791e-03
2.432749e-03
2.436709e-03
2.440672e-03
2.444639e-03
2.448609e-03
2.452582e-03
2.456559e-03
2.460538e-03
2.464521e-03
2.468507e-03
2.472497e-03
2.476489e-03
2.480485e-03
2.484484e-03
2.488486e-03
2.492491e-03
2.496500e-03
2.500512e-03
2.504527e-03
2.508545e-03
2.512567e-03
2.516591e-03
2.520619e-03
2.524650e-03
2.528685e-03
2.532722e-03
2.536763e-03
2.540807e-03
2.544854e-03
2.548905e-03
2.552958e-03
2.557015e-03
2.561075e-03
2.565139e-03
2.569205e-03
2.573275e-03
2.577348e-03
2.581424e-03
2.585503e-03
2.589586e-03
2.593672e-03
2.597761e-03
2.601853e-03
2.605949e-03
2.610047e-03
2.614149e-03
2.618254e-03
2.622363e-03
2.626474e-03
2.630589e-03
2.634707e-03
2.638829e-03
2.642953e-03
2.647081e-03
2.651212e-03
2.655346e-03
2.659483e-03
2.663624e-03
2.667767e-03
2.671914e-03
2.676065e-03
2.680218e-03
2.684375e-03
2.688535e-03
2.692698e-03
2.696864e-03
2.701033e-03
2.705206e-03
2.709382e-03
2.713561e-03
2.717744e-03
2.721929e-03
2.726118e-03
2.730310e-03
2.734505e-03
2.738704e-03
2.742906e-03
2.747111e-03
2.751319e-03
2.755530e-03
2.759745e-03
2.763963e-03
2.768184e-03
2.772408e-03
2.776635e-03
2.780866e-03
2.785100e-03
2.789337e-03
2.793577e-03
2.797821e-03
2.802068e-03
2.806318e-03
2.810571e-03
2.814827e-03
2.819087e-03
2.823350e-03
2.827616e-03
2.831885e-03
2.836158e-03
2.840433e-03
2.844712e-03
2.848994e-03
2.853280e-03
2.857568e-03
2.861860e-03
2.866155e-03
2.870454e-03
2.874755e-03
2.879060e-03
2.883368e-03
2.887679e-03
2.891993e-03
2.896311e-03
2.900631e-03
2.904955e-03
2.909283e-03
2.913613e-03
2.917947e-03
2.922284e-03
2.926624e-03
2.930967e-03
2.935314e-03
2.939663e-03
2.944016e-03
2.948373e-03
2.952732e-03
2.957095e-03
2.961460e-03
2.965830e-03
2.970202e-03
2.974577e-03
2.978956e-03
2.983338e-03
2.987723e-03
2.992112e-03
2.996503e-03
3.000898e-03
3.005296e-03
3.009697e-03
3.014102e-03
3.018509e-03
3.022920e-03
3.027334e-03
3.031752e-03
3.036172e-03
3.040596e-03
3.045023e-03
3.049453e-03
3.053887e-03
3.058323e-03
3.062763e-03
3.067206e-03
3.071653e-03
3.076102e-03
3.080555e-03
3.085011e-03
3.089470e-03
3.093933e-03
3.098398e-03
3.102867e-03
3.107339e-03
3.111814e-03
3.116293e-03
3.120775e-03
3.125259e-03
3.129748e-03
3.134239e-03
3.138734e-03
3.143231e-03
3.147732e-03
3.152237e-03
3.156744e-03
3.161255e-03
3.165769e-03
3.170286e-03
3.174806e-03
3.179330e-03
3.183856e-03
3.188386e-03
3.192920e-03
3.197456e-03
3.201996e-03
3.206539e-03
3.211085e-03
3.215634e-03
3.220187e-03
3.224742e-03
3.229301e-03
3.233863e-03
3.238429e-03
3.242997e-03
3.247569e-03
3.252144e-03
3.256723e-03
3.261304e-03
3.265889e-03
3.270477e-03
3.275068e-03
3.279662e-03
3.284260e-03
3.288861e-03
3.293465e-03
3.298072e-03
3.302682e-03
3.307296e-03
3.311913e-03
3.316533e-03
3.321156e-03
3.325783e-03
3.330413e-03
3.335046e-03
3.339682e-03
3.344321e-03
3.348964e-03
3.353610e-03
3.358259e-03
3.362911e-03
3.367567e-03
3.372225e-03
3.376887e-03
3.381552e-03
3.386221e-03
3.390892e-03
3.395567e-03
3.400245e-03
3.404927e-03
3.409611e-03
3.414299e-03
3.418990e-03
3.423684e-03
3.428381e-03
3.433082e-03
3.437785e-03
3.442492e-03
3.447203e-03
3.451916e-03
3.456633e-03
3.461353e-03
3.466076e-03
3.470802e-03
3.475532e-03
3.480264e-03
3.485000e-03
3.489740e-03
3.494482e-03
3.499228e-03
3.503976e-03
3.508728e-03
3.513484e-03
3.518242e-03
3.523004e-03
3.527769e-03
3.532537e-03
3.537308e-03
3.542083e-03
3.546861e-03
3.551642e-03
3.556426e-03
3.561214e-03
3.566004e-03
3.570798e-03
3.575595e-03
3.580396e-03
3.585199e-03
3.590006e-03
3.594816e-03
3.599629e-03
3.604446e-03
3.609265e-03
3.614088e-03
3.618914e-03
3.623744e-03
3.628576e-03
3.633412e-03
3.638251e-03
3.643093e-03
3.647938e-03
3.652787e-03
3.657639e-03
3.662494e-03
3.667352e-03
3.672214e-03
3.677078e-03
3.681946e-03
3.686817e-03
3.691692e-03
3.696569e-03
3.701450e-03
3.706334e-03
3.711222e-03
3.716112e-03
3.721006e-03
3.725903e-03
3.730803e-03
3.735706e-03
3.740613e-03
3.745522e-03
3.750435e-03
3.755352e-03
3.760271e-03
3.765194e-03
3.770119e-03
3.775049e-03
3.779981e-03
3.784252e-03
3.788506e-03
3.792745e-03
3.796968e-03
3.801174e-03
3.805365e-03
3.809539e-03
3.813698e-03
3.817840e-03
3.821966e-03
3.826077e-03
3.830171e-03
3.834249e-03
3.838311e-03
3.842357e-03
3.846387e-03
3.850401e-03
3.854399e-03
3.858381e-03
3.862347e-03
3.866297e-03
3.870230e-03
3.874148e-03
3.878050e-03
3.881935e-03
3.885805e-03
3.889658e-03
3.893496e-03
3.897317e-03
3.901122e-03
3.904912e-03
3.908685e-03
3.912442e-03
3.916183e-03
3.919908e-03
3.923617e-03
3.927310e-03
3.930987e-03
3.934648e-03
3.938293e-03
3.941922e-03
3.945535e-03
3.949131e-03
3.952712e-03
3.956276e-03
3.959825e-03
3.963357e-03
3.966874e-03
3.970374e-03
3.973859e-03
3.977327e-03
3.980779e-03
3.984215e-03
3.987636e-03
3.991040e-03
3.994428e-03
3.997800e-03
4.001156e-03
4.004496e-03
4.007819e-03
4.011127e-03
4.014419e-03
4.017695e-03
4.020954e-03
4.024198e-03
4.027425e-03
4.030637e-03
4.033832e-03
4.037012e-03
4.040175e-03
4.043322e-03
4.046454e-03
4.049569e-03
4.052668e-03
4.055751e-03
4.058818e-03
4.061869e-03
4.064904e-03
4.067923e-03
4.070926e-03
4.073913e-03
4.076883e-03
4.079838e-03
4.082777e-03
4.085699e-03
4.088606e-03
4.091496e-03
4.094371e-03
4.097229e-03
4.100072e-03
4.102898e-03
4.105708e-03
4.108503e-03
4.111281e-03
4.114043e-03
4.116789e-03
4.119519e-03
4.122233e-03
4.124931e-03
4.127613e-03
4.130278e-03
4.132928e-03
4.135562e-03
4.138180e-03
4.140781e-03
4.143367e-03
4.145936e-03
4.148490e-03
4.151027e-03
4.153549e-03
4.156054e-03
4.158543e-03
4.161016e-03
4.163473e-03
4.165915e-03
4.168340e-03
4.170749e-03
4.173142e-03
4.175519e-03
4.177879e-03
4.180224e-03
4.182553e-03
4.184866e-03
4.187162e-03
4.189443e-03
4.191708e-03
4.193956e-03
4.196189e-03
4.198405e-03
4.200605e-03
4.202790e-03
4.204958e-03
4.207110e-03
4.209247e-03
4.211367e-03
4.213471e-03
4.215559e-03
4.217631e-03
4.219687e-03
4.221727e-03
4.223750e-03
4.225758e-03
4.227750e-03
4.229726e-03
4.231685e-03
4.233629e-03
4.235556e-03
4.237468e-03
4.239363e-03
4.241243e-03
4.243106e-03
4.244953e-03
4.246784e-03
4.248600e-03
4.250399e-03
4.252182e-03
4.253949e-03
4.255700e-03
4.257435e-03
4.259154e-03
4.260857e-03
4.262543e-03
4.264214e-03
4.265869e-03
4.267507e-03
4.269130e-03
4.270737e-03
4.272327e-03
4.273902e-03
4.275460e-03
4.277002e-03
4.278529e-03
4.280039e-03
4.281533e-03
4.283011e-03
4.284473e-03
4.285919e-03
4.287349e-03
4.288763e-03
4.290161e-03
4.291543e-03
4.292909e-03
4.294259e-03
4.295592e-03
4.296910e-03
4.298212e-03
4.299497e-03
4.300767e-03
4.302020e-03
4.303257e-03
4.304479e-03
4.305684e-03
4.306873e-03
4.308047e-03
4.309204e-03
4.310345e-03
4.311470e-03
4.312579e-03
4.313672e-03
4.314749e-03
4.315810e-03
4.316854e-03
4.317883e-03
4.318896e-03
4.319893e-03
4.320873e-03
4.321838e-03
4.322786e-03
4.323719e-03
4.324635e-03
4.325535e-03
4.326420e-03
4.327288e-03
4.328140e-03
4.328976e-03
4.329797e-03
4.330601e-03
4.331389e-03
4.332161e-03
4.332917e-03
4.333656e-03
4.334380e-03
4.335088e-03
4.335780e-03
4.336455e-03
4.337115e-03
4.337759e-03
4.338386e-03
4.338998e-03
4.339593e-03
4.340172e-03
4.340736e-03
4.341283e-03
4.341814e-03
4.342329e-03
4.342828e-03
4.343312e-03
4.343779e-03
4.344230e-03
4.344664e-03
4.345083e-03
4.345486e-03
4.345873e-03
4.346244e-03
4.346598e-03
4.346937e-03
4.347260e-03
4.347566e-03
4.347857e-03
4.348131e-03
4.348389e-03
4.348632e-03
4.348858e-03
4.349068e-03
4.349262e-03
4.349441e-03
4.349603e-03
4.349749e-03
4.349879e-03
4.349993e-03
4.350090e-03
4.350172e-03
4.350238e-03
4.350288e-03
4.350322e-03
4.350339e-03
4.350341e-03
4.350326e-03
4.350296e-03
4.350249e-03
4.350187e-03
4.350108e-03
4.350013e-03
4.349902e-03
4.349776e-03
4.349633e-03
4.349474e-03
4.349299e-03
4.349108e-03
4.348901e-03
4.348678e-03
4.348439e-03
4.348183e-03
4.347912e-03
4.347625e-03
4.347321e-03
4.347002e-03
4.346667e-03
4.346315e-03
4.345948e-03
4.345564e-03
4.345164e-03
4.344749e-03
4.344317e-03
4.343869e-03
4.343405e-03
4.342925e-03
4.342429e-03
4.341917e-03
4.341389e-03
4.341067e-03
4.341067e-03
4.341067e-03
4.341067e-03
4.341067e-03
4.341067e-03
4.341067e-03
4.341067e-03
4.341067e-03
4.341067e-03
4.341067e-03
4.341067e-03
4.341067e-03
4.341067e-03
4.341067e-03
4.341067e-03
4.341067e-03
4.341067e-03
4.341067e-03
4.341067e-03
4.341067e-03
4.341067e-03
4.341067e-03
4.341067e-03
4.341067e-03
4.341067e-03
4.341067e-03
4.341067e-03
4.341067e-03
4.341067e-03
4.341067e-03
4.341067e-03
4.341067e-03
4.341067e-03
4.341067e-03
4.341067e-03
4.341067e-03
4.341067e-03
4.341067e-03
4.341067e-03
4.341067e-03
4.341067e-03
4.341067e-03
4.341067e-03
4.341067e-03
4.341067e-03
4.341067e-03
4.341067e-03
4.341067e-03
4.341067e-03
4.341067e-03
4.341067e-03
4.341067e-03
4.341067e-03
4.341067e-03
4.341067e-03
4.341067e-03
4.341067e-03
4.341067e-03
4.341067e-03
4.341067e-03
4.341067e-03
4.341067e-03
4.341067e-03
4.341067e-03
4.341067e-03
4.341067e-03
4.341067e-03
4.341067e-03
4.341067e-03
4.341067e-03
4.341067e-03
4.341067e-03
4.341067e-03
4.341067e-03
4.341067e-03
4.341067e-03
4.341067e-03
4.341067e-03
4.341067e-03
4.341067e-03
4.341067e-03
4.341067e-03
4.341067e-03
4.341067e-03
4.341067e-03
4.341067e-03
4.341067e-03
4.341067e-03
4.341067e-03
4.341067e-03
4.341067e-03
4.341067e-03
4.341067e-03
4.341067e-03
4.341067e-03
4.341067e-03
4.341067e-03
4.341067e-03
4.341067e-03
4.341067e-03
4.341067e-03
4.341067e-03
4.341067e-03
4.341067e-03
4.341067e-03
4.341067e-03
4.341067e-03
4.341067e-03
4.341067e-03
4.341067e-03
4.341067e-03
4.341067e-03
4.341067e-03
4.341067e-03
4.341067e-03
4.341067e-03
4.341067e-03
4.341067e-03
4.341067e-03
4.341067e-03
4.341067e-03
4.341067e-03
4.341067e-03
4.341067e-03
4.341067e-03
4.341067e-03
4.341067e-03
4.341067e-03
4.341067e-03
4.341067e-03
4.341067e-03
4.341067e-03
4.341067e-03
4.341067e-03
4.341067e-03
4.341067e-03
4.341067e-03
4.341067e-03
4.341067e-03
4.341067e-03
4.341067e-03
4.341067e-03
4.341067e-03
4.341067e-03
4.341067e-03
4.341067e-03
4.341067e-03
4.341067e-03
4.341067e-03
4.341067e-03
4.341067e-03
4.341067e-03
4.341067e-03
4.341067e-03
4.341067e-03
4.341067e-03
4.341067e-03
4.341067e-03
4.341067e-03
4.341067e-03
4.341067e-03
4.341067e-03
4.341067e-03
4.341067e-03
4.341067e-03
4.341067e-03
4.341067e-03
4.341067e-03
4.341067e-03
4.341067e-03
4.341067e-03
4.341067e-03
4.341067e-03
4.341067e-03
4.341067e-03
4.341067e-03
4.341067e-03
4.341067e-03
4.341067e-03
4.341067e-03
4.341067e-03
4.341067e-03
4.341067e-03
4.341067e-03
4.341067e-03
4.341067e-03
4.341067e-03
4.341067e-03
4.341067e-03
4.341067e-03
4.341067e-03
4.341067e-03
4.341067e-03
4.341067e-03
4.341067e-03
4.341067e-03
4.341067e-03
4.341067e-03
4.341067e-03
4.341067e-03
