0.000000e+00
1.110371e-07
2.257631e-07
3.441781e-07
4.662820e-07
5.920748e-07
7.215566e-07
8.547273e-07
9.915870e-07
1.132136e-06
1.276373e-06
1.424300e-06
1.575915e-06
1.731219e-06
1.890213e-06
2.052895e-06
2.219266e-06
2.389326e-06
2.563075e-06
2.740513e-06
2.921640e-06
3.106456e-06
3.294961e-06
3.487155e-06
3.683037e-06
3.882609e-06
4.085870e-06
4.292819e-06
4.503458e-06
4.717785e-06
4.935801e-06
5.157507e-06
5.382901e-06
5.611984e-06
5.844756e-06
6.081217e-06
6.321367e-06
6.565206e-06
6.812734e-06
7.063951e-06
7.318856e-06
7.577451e-06
7.839735e-06
8.105707e-06
8.375369e-06
8.648719e-06
8.925759e-06
9.206487e-06
9.490904e-06
9.779010e-06
1.007081e-05
1.036629e-05
1.066546e-05
1.096832e-05
1.127488e-05
1.158512e-05
1.189904e-05
1.221666e-05
1.253797e-05
1.286296e-05
1.319165e-05
1.352402e-05
1.386008e-05
1.419984e-05
1.454328e-05
1.489041e-05
1.524122e-05
1.559573e-05
1.595393e-05
1.631581e-05
1.668139e-05
1.705065e-05
1.742360e-05
1.780024e-05
1.818057e-05
1.856459e-05
1.895230e-05
1.934369e-05
1.973878e-05
2.013755e-05
2.054002e-05
2.094617e-05
2.135601e-05
2.176954e-05
2.218676e-05
2.260767e-05
2.303226e-05
2.346055e-05
2.389252e-05
2.432819e-05
2.476754e-05
2.521058e-05
2.565731e-05
2.610773e-05
2.656184e-05
2.701964e-05
2.748113e-05
2.794630e-05
2.841517e-05
2.888772e-05
2.936396e-05
2.984389e-05
3.032751e-05
3.081482e-05
3.130582e-05
3.180051e-05
3.229888e-05
3.280095e-05
3.330670e-05
3.381614e-05
3.432927e-05
3.484609e-05
3.536660e-05
3.589080e-05
3.641869e-05
3.695026e-05
3.748553e-05
3.802448e-05
3.856713e-05
3.911346e-05
3.966348e-05
4.021719e-05
4.077459e-05
4.133568e-05
4.190045e-05
4.246892e-05
4.304107e-05
4.361692e-05
4.419645e-05
4.477967e-05
4.536658e-05
4.595718e-05
4.655147e-05
4.714945e-05
4.775111e-05
4.835647e-05
4.896551e-05
4.957824e-05
5.019467e-05
5.081478e-05
5.143858e-05
5.206606e-05
5.269724e-05
5.333211e-05
5.397066e-05
5.461291e-05
5.525884e-05
5.590846e-05
5.656178e-05
5.721878e-05
5.787946e-05
5.854384e-05
5.921191e-05
5.988367e-05
6.055911e-05
6.123824e-05
6.192107e-05
6.260758e-05
6.329778e-05
6.399167e-05
6.468925e-05
6.539051e-05
6.609547e-05
6.680412e-05
6.751645e-05
6.823247e-05
6.895219e-05
6.967559e-05
7.040268e-05
7.113346e-05
7.186792e-05
7.260608e-05
7.334793e-05
7.409346e-05
7.484269e-05
7.559560e-05
7.635220e-05
7.711249e-05
7.787647e-05
7.864414e-05
7.941549e-05
8.019054e-05
8.096928e-05
8.175170e-05
8.253781e-05
8.332762e-05
8.412111e-05
8.491829e-05
8.571916e-05
8.652371e-05
8.733196e-05
8.814390e-05
8.895952e-05
8.977883e-05
9.060184e-05
9.142853e-05
9.225891e-05
9.309298e-05
9.393073e-05
9.477218e-05
9.561732e-05
9.646614e-05
9.731866e-05
9.817486e-05
9.903475e-05
9.989833e-05
1.007656e-04
1.016366e-04
1.025112e-04
1.033895e-04
1.042716e-04
1.051573e-04
1.060467e-04
1.069398e-04
1.078366e-04
1.087370e-04
1.096412e-04
1.105490e-04
1.114606e-04
1.123758e-04
1.132947e-04
1.142173e-04
1.151436e-04
1.160736e-04
1.170073e-04
1.179446e-04
1.188857e-04
1.198304e-04
1.207788e-04
1.217310e-04
1.226868e-04
1.236463e-04
1.246094e-04
1.255763e-04
1.265469e-04
1.275211e-04
1.284991e-04
1.294807e-04
1.304660e-04
1.314550e-04
1.324477e-04
1.334441e-04
1.344441e-04
1.354479e-04
1.364554e-04
1.374665e-04
1.384813e-04
1.394998e-04
1.405220e-04
1.415479e-04
1.425775e-04
1.436108e-04
1.446478e-04
1.456884e-04
1.467327e-04
1.477808e-04
1.488325e-04
1.498879e-04
1.509470e-04
1.520098e-04
1.530762e-04
1.541464e-04
1.552203e-04
1.562978e-04
1.573790e-04
1.584639e-04
1.595525e-04
1.606448e-04
1.617408e-04
1.628405e-04
1.639439e-04
1.650509e-04
1.661617e-04
1.672761e-04
1.683942e-04
1.695160e-04
1.706415e-04
1.717707e-04
1.729036e-04
1.740401e-04
1.751804e-04
1.763243e-04
1.774719e-04
1.786233e-04
1.797783e-04
1.809370e-04
1.820993e-04
1.832654e-04
1.844352e-04
1.856086e-04
1.867858e-04
1.879666e-04
1.891511e-04
1.903393e-04
1.915312e-04
1.927268e-04
1.939261e-04
1.951291e-04
1.963357e-04
1.975460e-04
1.987601e-04
1.999778e-04
2.011992e-04
2.024243e-04
2.036531e-04
2.048856e-04
2.061217e-04
2.073616e-04
2.086051e-04
2.098523e-04
2.111033e-04
2.123579e-04
2.136162e-04
2.148782e-04
2.161438e-04
2.174132e-04
2.186863e-04
2.199630e-04
2.212434e-04
2.225275e-04
2.238154e-04
2.251069e-04
2.264020e-04
2.277009e-04
2.290035e-04
2.303097e-04
2.316197e-04
2.329333e-04
2.342506e-04
2.355716e-04
2.368963e-04
2.382247e-04
2.395568e-04
2.408926e-04
2.422320e-04
2.435752e-04
2.449220e-04
2.462725e-04
2.476267e-04
2.489846e-04
2.503462e-04
2.517115e-04
2.530804e-04
2.544531e-04
2.558294e-04
2.572095e-04
2.585932e-04
2.599806e-04
2.613717e-04
2.627665e-04
2.641650e-04
2.655671e-04
2.669730e-04
2.683825e-04
2.697958e-04
2.712127e-04
2.726333e-04
2.740576e-04
2.754856e-04
2.769173e-04
2.783526e-04
2.797917e-04
2.812344e-04
2.826809e-04
2.841310e-04
2.855848e-04
2.870423e-04
2.885035e-04
2.899684e-04
2.914369e-04
2.929092e-04
2.943851e-04
2.958648e-04
2.973481e-04
2.988351e-04
3.003258e-04
3.018202e-04
3.033183e-04
3.048200e-04
3.063255e-04
3.078346e-04
3.093475e-04
3.108640e-04
3.123842e-04
3.139081e-04
3.154357e-04
3.169670e-04
3.185020e-04
3.200406e-04
3.215830e-04
3.231290e-04
3.246787e-04
3.262321e-04
3.277892e-04
3.293500e-04
3.309145e-04
3.324827e-04
3.340545e-04
3.356301e-04
3.372093e-04
3.387922e-04
3.403788e-04
3.419691e-04
3.435631e-04
3.451608e-04
3.467622e-04
3.483672e-04
3.499760e-04
3.515884e-04
3.532045e-04
3.548244e-04
3.564479e-04
3.580751e-04
3.597059e-04
3.613405e-04
3.629788e-04
3.646207e-04
3.662663e-04
3.679157e-04
3.695687e-04
3.712254e-04
3.728858e-04
3.745499e-04
3.762176e-04
3.778891e-04
3.795642e-04
3.812431e-04
3.829256e-04
3.846118e-04
3.863017e-04
3.879953e-04
3.896926e-04
3.913936e-04
3.930982e-04
3.948066e-04
3.965186e-04
3.982343e-04
3.999537e-04
4.016768e-04
4.034036e-04
4.051341e-04
4.068683e-04
4.086061e-04
4.103477e-04
4.120929e-04
4.138419e-04
4.155945e-04
4.173508e-04
4.191108e-04
4.208745e-04
4.226418e-04
4.244129e-04
4.261876e-04
4.279661e-04
4.297482e-04
4.315340e-04
4.333235e-04
4.351167e-04
4.369136e-04
4.387142e-04
4.405184e-04
4.423264e-04
4.441380e-04
4.459533e-04
4.477724e-04
4.495951e-04
4.514215e-04
4.532515e-04
4.550853e-04
4.569228e-04
4.587639e-04
4.606088e-04
4.624573e-04
4.643095e-04
4.661654e-04
4.680250e-04
4.698883e-04
4.717553e-04
4.736259e-04
4.755003e-04
4.773783e-04
4.792600e-04
4.811455e-04
4.830346e-04
4.849274e-04
4.868238e-04
4.887240e-04
4.906279e-04
4.925354e-04
4.944467e-04
4.963616e-04
4.982802e-04
5.002025e-04
5.021285e-04
5.040582e-04
5.059916e-04
5.079286e-04
5.098694e-04
5.118138e-04
5.137620e-04
5.157138e-04
5.176693e-04
5.196285e-04
5.215914e-04
5.235579e-04
5.255282e-04
5.275022e-04
5.294798e-04
5.314611e-04
5.334461e-04
5.354348e-04
5.374272e-04
5.394233e-04
5.414231e-04
5.434266e-04
5.454337e-04
5.474446e-04
5.494591e-04
5.514773e-04
5.534992e-04
5.555248e-04
5.575541e-04
5.595871e-04
5.616237e-04
5.636641e-04
5.657081e-04
5.677559e-04
5.698073e-04
5.718624e-04
5.739212e-04
5.759837e-04
5.780498e-04
5.801197e-04
5.821933e-04
5.842705e-04
5.863514e-04
5.884361e-04
5.905244e-04
5.926164e-04
5.947121e-04
5.968114e-04
5.989145e-04
6.010212e-04
6.031317e-04
6.052458e-04
6.073636e-04
6.094851e-04
6.116103e-04
6.137392e-04
6.158718e-04
6.180081e-04
6.201480e-04
6.222917e-04
6.244390e-04
6.265900e-04
6.287447e-04
6.309031e-04
6.330652e-04
6.352310e-04
6.374005e-04
6.395736e-04
6.417505e-04
6.439310e-04
6.461152e-04
6.483031e-04
6.504947e-04
6.526900e-04
6.548890e-04
6.570917e-04
6.592980e-04
6.615081e-04
6.637218e-04
6.659392e-04
6.681603e-04
6.703851e-04
6.726136e-04
6.748458e-04
6.770817e-04
6.793212e-04
6.815644e-04
6.838114e-04
6.860620e-04
6.883163e-04
6.905743e-04
6.928360e-04
6.951014e-04
6.973704e-04
6.996432e-04
7.019197e-04
7.041998e-04
7.064836e-04
7.087711e-04
7.110623e-04
7.133572e-04
7.156558e-04
7.179581e-04
7.202640e-04
7.225737e-04
7.248870e-04
7.272040e-04
7.295247e-04
7.318491e-04
7.341772e-04
7.365090e-04
7.388445e-04
7.411836e-04
7.435265e-04
7.458730e-04
7.482232e-04
7.505771e-04
7.529347e-04
7.552960e-04
7.576610e-04
7.600297e-04
7.624020e-04
7.647781e-04
7.671578e-04
7.695412e-04
7.719283e-04
7.743192e-04
7.767136e-04
7.791118e-04
7.815137e-04
7.839192e-04
7.863285e-04
7.887414e-04
7.911581e-04
7.935784e-04
7.960024e-04
7.984301e-04
8.008614e-04
8.032965e-04
8.057353e-04
8.081777e-04
8.106239e-04
8.130737e-04
8.155272e-04
8.179844e-04
8.204453e-04
8.229099e-04
8.253781e-04
8.278501e-04
8.303257e-04
8.328051e-04
8.352881e-04
8.377748e-04
8.402652e-04
8.427593e-04
8.452571e-04
8.477586e-04
8.502637e-04
8.527726e-04
8.552851e-04
8.578013e-04
8.603212e-04
8.628449e-04
8.653721e-04
8.679031e-04
8.704378e-04
8.729762e-04
8.755182e-04
8.780639e-04
8.806134e-04
8.831665e-04
8.857233e-04
8.882838e-04
8.908480e-04
8.934158e-04
8.959874e-04
8.985626e-04
9.011416e-04
9.037242e-04
9.063105e-04
9.089005e-04
9.114942e-04
9.140916e-04
9.166927e-04
9.192974e-04
9.219059e-04
9.245180e-04
9.271338e-04
9.297534e-04
9.323766e-04
9.350035e-04
9.376340e-04
9.402683e-04
9.429063e-04
9.455479e-04
9.481933e-04
9.508423e-04
9.534950e-04
9.561514e-04
9.588115e-04
9.614753e-04
9.641428e-04
9.668139e-04
9.694888e-04
9.721673e-04
9.748495e-04
9.775355e-04
9.802251e-04
9.829184e-04
9.856153e-04
9.883160e-04
9.910204e-04
9.937284e-04
9.964402e-04
9.991556e-04
1.001875e-03
1.004598e-03
1.007324e-03
1.010054e-03
1.012788e-03
1.015526e-03
1.018267e-03
1.021012e-03
1.023760e-03
1.026513e-03
1.029269e-03
1.032028e-03
1.034792e-03
1.037559e-03
1.040330e-03
1.043104e-03
1.045882e-03
1.048664e-03
1.051450e-03
1.054239e-03
1.057032e-03
1.059828e-03
1.062629e-03
1.065433e-03
1.068240e-03
1.071052e-03
1.073867e-03
1.076685e-03
1.079508e-03
1.082334e-03
1.085164e-03
1.087997e-03
1.090834e-03
1.093675e-03
1.096520e-03
1.099368e-03
1.102220e-03
1.105075e-03
1.107935e-03
1.110798e-03
1.113664e-03
1.116535e-03
1.119409e-03
1.122287e-03
1.125168e-03
1.128053e-03
1.130942e-03
1.133834e-03
1.136731e-03
1.139630e-03
1.142534e-03
1.145441e-03
1.148352e-03
1.151267e-03
1.154185e-03
1.157107e-03
1.160033e-03
1.162962e-03
1.165895e-03
1.168832e-03
1.171773e-03
1.174717e-03
1.177665e-03
1.180616e-03
1.183571e-03
1.186530e-03
1.189493e-03
1.192459e-03
1.195429e-03
1.198403e-03
1.201380e-03
1.204361e-03
1.207346e-03
1.210334e-03
1.213326e-03
1.216322e-03
1.219321e-03
1.222325e-03
1.225332e-03
1.228342e-03
1.231356e-03
1.234374e-03
1.237396e-03
1.240421e-03
1.243450e-03
1.246483e-03
1.249519e-03
1.252559e-03
1.255603e-03
1.258650e-03
1.261702e-03
1.264756e-03
1.267815e-03
1.270877e-03
1.273943e-03
1.277012e-03
1.280086e-03
1.283163e-03
1.286243e-03
1.289328e-03
1.292416e-03
1.295507e-03
1.298603e-03
1.301702e-03
1.304805e-03
1.307911e-03
1.311021e-03
1.314135e-03
1.317253e-03
1.320374e-03
1.323499e-03
1.326627e-03
1.329759e-03
1.332895e-03
1.336035e-03
1.339178e-03
1.342325e-03
1.345476e-03
1.348631e-03
1.351789e-03
1.354951e-03
1.358116e-03
1.361285e-03
1.364458e-03
1.367635e-03
1.370815e-03
1.373999e-03
1.377186e-03
1.380378e-03
1.383573e-03
1.386771e-03
1.389974e-03
1.393180e-03
1.396389e-03
1.399603e-03
1.402820e-03
1.406041e-03
1.409265e-03
1.412494e-03
1.415725e-03
1.418961e-03
1.422200e-03
1.425443e-03
1.428690e-03
1.431940e-03
1.435194e-03
1.438452e-03
1.441713e-03
1.444978e-03
1.448247e-03
1.451520e-03
1.454796e-03
1.458076e-03
1.461359e-03
1.464646e-03
1.467937e-03
1.471232e-03
1.474530e-03
1.477832e-03
1.481138e-03
1.484447e-03
1.487760e-03
1.491077e-03
1.494397e-03
1.497721e-03
1.501049e-03
1.504381e-03
1.507716e-03
1.511055e-03
1.514397e-03
1.517743e-03
1.521093e-03
1.524447e-03
1.527804e-03
1.531165e-03
1.534530e-03
1.537898e-03
1.541270e-03
1.544646e-03
1.548026e-03
1.551409e-03
1.554796e-03
1.558186e-03
1.561580e-03
1.564978e-03
1.568380e-03
1.571785e-03
1.575194e-03
1.578607e-03
1.582023e-03
1.585443e-03
1.588867e-03
1.592294e-03
1.595725e-03
1.599160e-03
1.602598e-03
1.606040e-03
1.609486e-03
1.612936e-03
1.616389e-03
1.619846e-03
1.623306e-03
1.626771e-03
1.630239e-03
1.633710e-03
1.637186e-03
1.640665e-03
1.644148e-03
1.647634e-03
1.651124e-03
1.654618e-03
1.658115e-03
1.661617e-03
1.665121e-03
1.668630e-03
1.672142e-03
1.675658e-03
1.679178e-03
1.682701e-03
1.686228e-03
1.689759e-03
1.693293e-03
1.696831e-03
1.700373e-03
1.703918e-03
1.707467e-03
1.711020e-03
1.714577e-03
1.718137e-03
1.721701e-03
1.725268e-03
1.728840e-03
1.732415e-03
1.735993e-03
1.739576e-03
1.743162e-03
1.746751e-03
1.750345e-03
1.753942e-03
1.757543e-03
1.761147e-03
1.764755e-03
1.768367e-03
1.771983e-03
1.775602e-03
1.779225e-03
1.782851e-03
1.786482e-03
1.790116e-03
1.793753e-03
1.797395e-03
1.801040e-03
1.804688e-03
1.808341e-03
1.811997e-03
1.815657e-03
1.819320e-03
1.822987e-03
1.826658e-03
1.830333e-03
1.834011e-03
1.837693e-03
1.841379e-03
1.845068e-03
1.848761e-03
1.852458e-03
1.856158e-03
1.859862e-03
1.863570e-03
1.867281e-03
1.870996e-03
1.874715e-03
1.878438e-03
1.882164e-03
1.885894e-03
1.889627e-03
1.893365e-03
1.897106e-03
1.900850e-03
1.904598e-03
1.908351e-03
1.912106e-03
1.915866e-03
1.919629e-03
1.923395e-03
1.927166e-03
1.930940e-03
1.934718e-03
1.938499e-03
1.942285e-03
1.946074e-03
1.949866e-03
1.953662e-03
1.957462e-03
1.961266e-03
1.965073e-03
1.968885e-03
1.972699e-03
1.976518e-03
1.980340e-03
1.984166e-03
1.987995e-03
1.991828e-03
1.995665e-03
1.999506e-03
2.003350e-03
2.007198e-03
2.011049e-03
2.014905e-03
2.018764e-03
2.022626e-03
2.026493e-03
2.030363e-03
2.034237e-03
2.038114e-03
2.041995e-03
2.045880e-03
2.049769e-03
2.053661e-03
2.057557e-03
2.061456e-03
2.065360e-03
2.069266e-03
2.073177e-03
2.077091e-03
2.081009e-03
2.084931e-03
2.088857e-03
2.092786e-03
2.096718e-03
2.100655e-03
2.104595e-03
2.108539e-03
2.112486e-03
2.116438e-03
2.120393e-03
2.124351e-03
2.128313e-03
2.132279e-03
2.136249e-03
2.140223e-03
2.144200e-03
2.148180e-03
2.152165e-03
2.156153e-03
2.160145e-03
2.164140e-03
2.168139e-03
2.172142e-03
2.176149e-03
2.180159e-03
2.184173e-03
2.188191e-03
2.192212e-03
2.196237e-03
2.200266e-03
2.204298e-03
2.208334e-03
2.212374e-03
2.216417e-03
2.220464e-03
2.224515e-03
2.228570e-03
2.232628e-03
2.236690e-03
2.240755e-03
2.244825e-03
2.248898e-03
2.252974e-03
2.257055e-03
2.261139e-03
2.265226e-03
2.269318e-03
2.273413e-03
2.277512e-03
2.281614e-03
2.285720e-03
2.289830e-03
2.293944e-03
2.298061e-03
2.302182e-03
2.306306e-03
2.310435e-03
2.314567e-03
2.318702e-03
2.322842e-03
2.326985e-03
2.331131e-03
2.335282e-03
2.339436e-03
2.343594e-03
2.347755e-03
2.351920e-03
2.356089e-03
2.360262e-03
2.364438e-03
2.368618e-03
2.372802e-03
2.376989e-03
2.381180e-03
2.385375e-03
2.389573e-03
2.393775e-03
2.397981e-03
2.402190e-03
2.406403e-03
2.410620e-03
2.414841e-03
2.419065e-03
2.423293e-03
2.427525e-03
2.431760e-03
2.435999e-03
2.440241e-03
2.444488e-03
2.448738e-03
2.452991e-03
2.457249e-03
2.461510e-03
2.465775e-03
2.470043e-03
2.474315e-03
2.478591e-03
2.482871e-03
2.487154e-03
2.491441e-03
2.495732e-03
2.500026e-03
2.504324e-03
2.508625e-03
2.512931e-03
2.517240e-03
2.521553e-03
2.525869e-03
2.530189e-03
2.534513e-03
2.538840e-03
2.543172e-03
2.547507e-03
2.551845e-03
2.556187e-03
2.560533e-03
2.564883e-03
2.569236e-03
2.573593e-03
2.577954e-03
2.582318e-03
2.586686e-03
2.591058e-03
2.595434e-03
2.599813e-03
2.604196e-03
2.608582e-03
2.612972e-03
2.617366e-03
2.621764e-03
2.626165e-03
2.630570e-03
2.634979e-03
2.639391e-03
2.643807e-03
2.648227e-03
2.652650e-03
2.657077e-03
2.661508e-03
2.665943e-03
2.670381e-03
2.674823e-03
2.679268e-03
2.683717e-03
2.688170e-03
2.692627e-03
2.697087e-03
2.701551e-03
2.706019e-03
2.710490e-03
2.714965e-03
2.719444e-03
2.723926e-03
2.728413e-03
2.732902e-03
2.737396e-03
2.741893e-03
2.746394e-03
2.750898e-03
2.755407e-03
2.759919e-03
2.764434e-03
2.768954e-03
2.773477e-03
2.778003e-03
2.782534e-03
2.787068e-03
2.791606e-03
2.796147e-03
2.800692e-03
2.805241e-03
2.809793e-03
2.814350e-03
2.818910e-03
2.823473e-03
2.828040e-03
2.832611e-03
2.837186e-03
2.841764e-03
2.846346e-03
2.850932e-03
2.855522e-03
2.860115e-03
2.864711e-03
2.869312e-03
2.873916e-03
2.878524e-03
2.883135e-03
2.887751e-03
2.892370e-03
2.896992e-03
2.901619e-03
2.906249e-03
2.910882e-03
2.915520e-03
2.920161e-03
2.924805e-03
2.929454e-03
2.934106e-03
2.938762e-03
2.943421e-03
2.948084e-03
2.952751e-03
2.957422e-03
2.962096e-03
2.966774e-03
2.971456e-03
2.976141e-03
2.980830e-03
2.985523e-03
2.990219e-03
2.994919e-03
2.999623e-03
3.004330e-03
3.009042e-03
3.013756e-03
3.018475e-03
3.023197e-03
3.027923e-03
3.032653e-03
3.037386e-03
3.042123e-03
3.046864e-03
3.051608e-03
3.056356e-03
3.061108e-03
3.065863e-03
3.070622e-03
3.075385e-03
3.080151e-03
3.084922e-03
3.089695e-03
3.094473e-03
3.099254e-03
3.104039e-03
3.108828e-03
3.113620e-03
3.118416e-03
3.123216e-03
3.128019e-03
3.132826e-03
3.137637e-03
3.142451e-03
3.147269e-03
3.152091e-03
3.156917e-03
3.161746e-03
3.166579e-03
3.171415e-03
3.176256e-03
3.181100e-03
3.185947e-03
3.190799e-03
3.195654e-03
3.200512e-03
3.205375e-03
3.210241e-03
3.215111e-03
3.219984e-03
3.224861e-03
3.229742e-03
3.234627e-03
3.239515e-03
3.244407e-03
3.249302e-03
3.254202e-03
3.259104e-03
3.264011e-03
3.268921e-03
3.273836e-03
3.278753e-03
3.283675e-03
3.288600e-03
3.293529e-03
3.298461e-03
3.303397e-03
3.308337e-03
3.313281e-03
3.318228e-03
3.323179e-03
3.328133e-03
3.333092e-03
3.338054e-03
3.343019e-03
3.347989e-03
3.352962e-03
3.357939e-03
3.362919e-03
3.367903e-03
3.372891e-03
3.377882e-03
3.382878e-03
3.387877e-03
3.392879e-03
3.397885e-03
3.402895e-03
3.407909e-03
3.412926e-03
3.417947e-03
3.422972e-03
3.428000e-03
3.433032e-03
3.438068e-03
3.443108e-03
3.448151e-03
3.453198e-03
3.458248e-03
3.463302e-03
3.468360e-03
3.473422e-03
3.478487e-03
3.483556e-03
3.488629e-03
3.493705e-03
3.498785e-03
3.503869e-03
3.508956e-03
3.514047e-03
3.519142e-03
3.524241e-03
3.529343e-03
3.534449e-03
3.539558e-03
3.544672e-03
3.549789e-03
3.554909e-03
3.560033e-03
3.565161e-03
3.570293e-03
3.575428e-03
3.580568e-03
3.585710e-03
3.590857e-03
3.596007e-03
3.601161e-03
3.606318e-03
3.611479e-03
3.616644e-03
3.621813e-03
3.626985e-03
3.632161e-03
3.637341e-03
3.642524e-03
3.647711e-03
3.652902e-03
3.658096e-03
3.663294e-03
3.668496e-03
3.673701e-03
3.678911e-03
3.684123e-03
3.689340e-03
3.694560e-03
3.699784e-03
3.705012e-03
3.710243e-03
3.715478e-03
3.720717e-03
3.725959e-03
3.731205e-03
3.736455e-03
3.741708e-03
3.746965e-03
3.752226e-03
3.757491e-03
3.762759e-03
3.768031e-03
3.773306e-03
3.778585e-03
3.783868e-03
3.789155e-03
3.794445e-03
3.799739e-03
3.805037e-03
3.810338e-03
3.815643e-03
3.820952e-03
3.826265e-03
3.831581e-03
3.836901e-03
3.842224e-03
3.847551e-03
3.852882e-03
3.858217e-03
3.863555e-03
3.868897e-03
3.874243e-03
3.879592e-03
3.884945e-03
3.890302e-03
3.895662e-03
3.901026e-03
3.906394e-03
3.911765e-03
3.917141e-03
3.922519e-03
3.927902e-03
3.933288e-03
3.938678e-03
3.944072e-03
3.949469e-03
3.954870e-03
3.960275e-03
3.965683e-03
3.971095e-03
3.976511e-03
3.981930e-03
3.987353e-03
3.992780e-03
3.998210e-03
4.003645e-03
4.009083e-03
4.014524e-03
4.019969e-03
4.025418e-03
4.030871e-03
4.036327e-03
4.041787e-03
4.047251e-03
4.052718e-03
4.058189e-03
4.063664e-03
4.069143e-03
4.074625e-03
4.080110e-03
4.085600e-03
4.091093e-03
4.096590e-03
4.102091e-03
4.107595e-03
4.113103e-03
4.118615e-03
4.124130e-03
4.129649e-03
4.135172e-03
4.140698e-03
4.146228e-03
4.151762e-03
4.157299e-03
4.162840e-03
4.168385e-03
4.173934e-03
4.179486e-03
4.185042e-03
4.190602e-03
4.196165e-03
4.201732e-03
4.207303e-03
4.212877e-03
4.218455e-03
4.224037e-03
4.229622e-03
4.235211e-03
4.240804e-03
4.246401e-03
4.252001e-03
4.257605e-03
4.263212e-03
4.268823e-03
4.274438e-03
4.280057e-03
4.285679e-03
4.291305e-03
4.296935e-03
4.302568e-03
4.308205e-03
4.313181e-03
4.318139e-03
4.323078e-03
4.327999e-03
4.332901e-03
4.337786e-03
4.342651e-03
4.347498e-03
4.352327e-03
4.357138e-03
4.361930e-03
4.366703e-03
4.371459e-03
4.376196e-03
4.380914e-03
4.385614e-03
4.390296e-03
4.394959e-03
4.399604e-03
4.404230e-03
4.408839e-03
4.413428e-03
4.418000e-03
4.422552e-03
4.427087e-03
4.431603e-03
4.436101e-03
4.440580e-03
4.445041e-03
4.449484e-03
4.453908e-03
4.458313e-03
4.462701e-03
4.467070e-03
4.471420e-03
4.475752e-03
4.480066e-03
4.484362e-03
4.488639e-03
4.492897e-03
4.497137e-03
4.501359e-03
4.505563e-03
4.509748e-03
4.513914e-03
4.518062e-03
4.522192e-03
4.526304e-03
4.530397e-03
4.534471e-03
4.538527e-03
4.542565e-03
4.546585e-03
4.550586e-03
4.554568e-03
4.558533e-03
4.562479e-03
4.566406e-03
4.570315e-03
4.574206e-03
4.578078e-03
4.581932e-03
4.585767e-03
4.589584e-03
4.593383e-03
4.597163e-03
4.600925e-03
4.604669e-03
4.608394e-03
4.612101e-03
4.615789e-03
4.619459e-03
4.623110e-03
4.626743e-03
4.630358e-03
4.633955e-03
4.637532e-03
4.641092e-03
4.644633e-03
4.648156e-03
4.651660e-03
4.655146e-03
4.658614e-03
4.662063e-03
4.665494e-03
4.668906e-03
4.672300e-03
4.675676e-03
4.679033e-03
4.682372e-03
4.685692e-03
4.688994e-03
4.692278e-03
4.695543e-03
4.698790e-03
4.702018e-03
4.705228e-03
4.708420e-03
4.711593e-03
4.714748e-03
4.717884e-03
4.721002e-03
4.724102e-03
4.727183e-03
4.730246e-03
4.733291e-03
4.736317e-03
4.739324e-03
4.742314e-03
4.745284e-03
4.748237e-03
4.751171e-03
4.754087e-03
4.756984e-03
4.759863e-03
4.762723e-03
4.765566e-03
4.768389e-03
4.771195e-03
4.773982e-03
4.776750e-03
4.779500e-03
4.782232e-03
4.784945e-03
4.787640e-03
4.790317e-03
4.792975e-03
4.795615e-03
4.798236e-03
4.800839e-03
4.803424e-03
4.805990e-03
4.808538e-03
4.811067e-03
4.813578e-03
4.816071e-03
4.818545e-03
4.821001e-03
4.823438e-03
4.825857e-03
4.828258e-03
4.830640e-03
4.833004e-03
4.835349e-03
4.837676e-03
4.839985e-03
4.842275e-03
4.844547e-03
4.846800e-03
4.849035e-03
4.851252e-03
4.853450e-03
4.855630e-03
4.857792e-03
4.859935e-03
4.862059e-03
4.864166e-03
4.866254e-03
4.868323e-03
4.870374e-03
4.872407e-03
4.874421e-03
4.876417e-03
4.878395e-03
4.880354e-03
4.882294e-03
4.884217e-03
4.886121e-03
4.888006e-03
4.889873e-03
4.891722e-03
4.893552e-03
4.895364e-03
4.897158e-03
4.898933e-03
4.900690e-03
4.902428e-03
4.904148e-03
4.905850e-03
4.907533e-03
4.909198e-03
4.910844e-03
4.912472e-03
4.914082e-03
4.915673e-03
4.917246e-03
4.918800e-03
4.920336e-03
4.921854e-03
4.923353e-03
4.924834e-03
4.926296e-03
4.927740e-03
4.929166e-03
4.930573e-03
4.931962e-03
4.933333e-03
4.934685e-03
4.936018e-03
4.937334e-03
4.938630e-03
4.939909e-03
4.941169e-03
4.942411e-03
4.943634e-03
4.944839e-03
4.946025e-03
4.947194e-03
4.948343e-03
4.949475e-03
4.950587e-03
4.951682e-03
4.952758e-03
4.953816e-03
4.954855e-03
4.955876e-03
4.956879e-03
4.957863e-03
4.958829e-03
4.959776e-03
4.960705e-03
4.961615e-03
4.962508e-03
4.963381e-03
4.964237e-03
4.965074e-03
4.965892e-03
4.966693e-03
4.967474e-03
4.968238e-03
4.968983e-03
4.969709e-03
4.970418e-03
4.971107e-03
4.971779e-03
4.972432e-03
4.973066e-03
4.973683e-03
4.974281e-03
4.974860e-03
4.975421e-03
4.975964e-03
4.976488e-03
4.976994e-03
4.977481e-03
4.977950e-03
4.978401e-03
4.978833e-03
4.979247e-03
4.979643e-03
4.980020e-03
4.980378e-03
4.980719e-03
4.981041e-03
4.981344e-03
4.981629e-03
4.981896e-03
4.982144e-03
4.982374e-03
4.982586e-03
4.982779e-03
4.982954e-03
4.983110e-03
4.983248e-03
4.983367e-03
4.983469e-03
4.983551e-03
4.983616e-03
4.983662e-03
4.983689e-03
4.983698e-03
4.983689e-03
4.983662e-03
4.983616e-03
4.983551e-03
4.983468e-03
4.983367e-03
4.983248e-03
4.983110e-03
4.982953e-03
4.982779e-03
4.982585e-03
4.982374e-03
4.982144e-03
4.981895e-03
4.981629e-03
4.981344e-03
4.981040e-03
4.980718e-03
4.980378e-03
4.980019e-03
4.979642e-03
4.979246e-03
4.978832e-03
4.978400e-03
4.977949e-03
4.977480e-03
4.976993e-03
4.976487e-03
4.975963e-03
4.975642e-03
4.975642e-03
4.975642e-03
4.975642e-03
4.975642e-03
4.975642e-03
4.975642e-03
4.975642e-03
4.975642e-03
4.975642e-03
4.975642e-03
4.975642e-03
4.975642e-03
4.975642e-03
4.975642e-03
4.975642e-03
4.975642e-03
4.975642e-03
4.975642e-03
4.975642e-03
4.975642e-03
4.975642e-03
4.975642e-03
4.975642e-03
4.975642e-03
4.975642e-03
4.975642e-03
4.975642e-03
4.975642e-03
4.975642e-03
4.975642e-03
4.975642e-03
4.975642e-03
4.975642e-03
4.975642e-03
4.975642e-03
4.975642e-03
4.975642e-03
4.975642e-03
4.975642e-03
4.975642e-03
4.975642e-03
4.975642e-03
4.975642e-03
4.975642e-03
4.975642e-03
4.975642e-03
4.975642e-03
4.975642e-03
4.975642e-03
4.975642e-03
4.975642e-03
4.975642e-03
4.975642e-03
4.975642e-03
4.975642e-03
4.975642e-03
4.975642e-03
4.975642e-03
4.975642e-03
4.975642e-03
4.975642e-03
4.975642e-03
4.975642e-03
4.975642e-03
4.975642e-03
4.975642e-03
4.975642e-03
4.975642e-03
4.975642e-03
4.975642e-03
4.975642e-03
4.975642e-03
4.975642e-03
4.975642e-03
4.975642e-03
4.975642e-03
4.975642e-03
4.975642e-03
4.975642e-03
4.975642e-03
4.975642e-03
4.975642e-03
4.975642e-03
4.975642e-03
4.975642e-03
4.975642e-03
4.975642e-03
4.975642e-03
4.975642e-03
4.975642e-03
4.975642e-03
4.975642e-03
4.975642e-03
4.975642e-03
4.975642e-03
4.975642e-03
4.975642e-03
4.975642e-03
4.975642e-03
4.975642e-03
4.975642e-03
4.975642e-03
4.975642e-03
4.975642e-03
4.975642e-03
4.975642e-03
4.975642e-03
4.975642e-03
4.975642e-03
4.975642e-03
4.975642e-03
4.975642e-03
4.975642e-03
4.975642e-03
4.975642e-03
4.975642e-03
4.975642e-03
4.975642e-03
4.975642e-03
4.975642e-03
4.975642e-03
4.975642e-03
4.975642e-03
4.975642e-03
4.975642e-03
4.975642e-03
4.975642e-03
4.975642e-03
4.975642e-03
4.975642e-03
4.975642e-03
4.975642e-03
4.975642e-03
4.975642e-03
4.975642e-03
4.975642e-03
4.975642e-03
4.975642e-03
4.975642e-03
4.975642e-03
4.975642e-03
4.975642e-03
4.975642e-03
4.975642e-03
4.975642e-03
4.975642e-03
4.975642e-03
4.975642e-03
4.975642e-03
4.975642e-03
4.975642e-03
4.975642e-03
4.975642e-03
4.975642e-03
4.975642e-03
4.975642e-03
4.975642e-03
4.975642e-03
4.975642e-03
4.975642e-03
4.975642e-03
4.975642e-03
4.975642e-03
4.975642e-03
4.975642e-03
4.975642e-03
4.975642e-03
4.975642e-03
4.975642e-03
4.975642e-03
4.975642e-03
4.975642e-03
4.975642e-03
4.975642e-03
4.975642e-03
4.975642e-03
4.975642e-03
4.975642e-03
4.975642e-03
4.975642e-03
4.975642e-03
4.975642e-03
4.975642e-03
4.975642e-03
4.975642e-03
4.975642e-03
4.975642e-03
4.975642e-03
4.975642e-03
4.975642e-03
4.975642e-03
4.975642e-03
4.975642e-03
4.975642e-03
4.975642e-03
4.975642e-03
4.975642e-03
4.975642e-03
4.975642e-03
4.975642e-03
