0.000000e+00
1.110371e-07
2.255659e-07
3.435865e-07
4.650987e-07
5.901028e-07
7.185985e-07
8.505860e-07
9.860652e-07
1.125036e-06
1.267499e-06
1.413453e-06
1.562899e-06
1.715837e-06
1.872267e-06
2.032188e-06
2.195601e-06
2.362506e-06
2.532903e-06
2.706791e-06
2.884171e-06
3.065043e-06
3.249406e-06
3.437261e-06
3.628608e-06
3.823447e-06
4.021777e-06
4.223599e-06
4.428913e-06
4.637719e-06
4.850016e-06
5.065805e-06
5.285086e-06
5.507858e-06
5.734123e-06
5.963879e-06
6.197126e-06
6.433866e-06
6.674097e-06
6.917820e-06
7.165035e-06
7.415741e-06
7.669939e-06
7.927629e-06
8.188811e-06
8.453484e-06
8.721649e-06
8.993306e-06
9.268454e-06
9.547094e-06
9.829226e-06
1.011485e-05
1.040397e-05
1.069657e-05
1.099267e-05
1.129226e-05
1.159534e-05
1.190192e-05
1.221198e-05
1.252554e-05
1.284259e-05
1.316313e-05
1.348717e-05
1.381469e-05
1.414571e-05
1.448021e-05
1.481821e-05
1.515970e-05
1.550469e-05
1.585316e-05
1.620513e-05
1.656059e-05
1.691954e-05
1.728198e-05
1.764791e-05
1.801734e-05
1.839026e-05
1.876666e-05
1.914656e-05
1.952996e-05
1.991684e-05
2.030722e-05
2.070108e-05
2.109844e-05
2.149929e-05
2.190364e-05
2.231147e-05
2.272280e-05
2.313761e-05
2.355592e-05
2.397773e-05
2.440302e-05
2.483180e-05
2.526408e-05
2.569985e-05
2.613911e-05
2.658186e-05
2.702810e-05
2.747784e-05
2.793106e-05
2.838778e-05
2.884799e-05
2.931170e-05
2.977889e-05
3.024958e-05
3.072375e-05
3.120142e-05
3.168258e-05
3.216723e-05
3.265538e-05
3.314701e-05
3.364214e-05
3.414076e-05
3.464287e-05
3.514848e-05
3.565757e-05
3.617016e-05
3.668623e-05
3.720580e-05
3.772887e-05
3.825542e-05
3.878546e-05
3.931900e-05
3.985603e-05
4.039655e-05
4.094056e-05
4.148806e-05
4.203906e-05
4.259355e-05
4.315153e-05
4.371300e-05
4.427796e-05
4.484641e-05
4.541836e-05
4.599380e-05
4.657273e-05
4.715515e-05
4.774106e-05
4.833046e-05
4.892336e-05
4.951975e-05
5.011963e-05
5.072300e-05
5.132986e-05
5.194022e-05
5.255406e-05
5.317140e-05
5.379223e-05
5.441655e-05
5.504437e-05
5.567567e-05
5.631047e-05
5.694876e-05
5.759054e-05
5.823581e-05
5.888457e-05
5.953683e-05
6.019258e-05
6.085182e-05
6.151455e-05
6.218077e-05
6.285048e-05
6.352369e-05
6.420039e-05
6.488058e-05
6.556426e-05
6.625143e-05
6.694209e-05
6.763625e-05
6.833390e-05
6.903504e-05
6.973967e-05
7.044779e-05
7.115941e-05
7.187452e-05
7.259311e-05
7.331520e-05
7.404079e-05
7.476986e-05
7.550243e-05
7.623848e-05
7.697803e-05
7.772107e-05
7.846760e-05
7.921763e-05
7.997114e-05
8.072815e-05
8.148865e-05
8.225264e-05
8.302012e-05
8.379110e-05
8.456557e-05
8.534352e-05
8.612497e-05
8.690991e-05
8.769835e-05
8.849027e-05
8.928569e-05
9.008460e-05
9.088700e-05
9.169289e-05
9.250227e-05
9.331515e-05
9.413152e-05
9.495137e-05
9.577472e-05
9.660157e-05
9.743190e-05
9.826573e-05
9.910304e-05
9.994385e-05
1.007882e-04
1.016359e-04
1.024872e-04
1.033420e-04
1.042003e-04
1.050620e-04
1.059273e-04
1.067960e-04
1.076683e-04
1.085440e-04
1.094232e-04
1.103059e-04
1.111921e-04
1.120818e-04
1.129750e-04
1.138717e-04
1.147718e-04
1.156755e-04
1.165827e-04
1.174933e-04
1.184074e-04
1.193251e-04
1.202462e-04
1.211708e-04
1.220989e-04
1.230305e-04
1.239656e-04
1.249042e-04
1.258462e-04
1.267918e-04
1.277408e-04
1.286934e-04
1.296494e-04
1.306089e-04
1.315720e-04
1.325385e-04
1.335085e-04
1.344820e-04
1.354590e-04
1.364394e-04
1.374234e-04
1.384109e-04
1.394018e-04
1.403963e-04
1.413942e-04
1.423956e-04
1.434006e-04
1.444090e-04
1.454209e-04
1.464363e-04
1.474552e-04
1.484775e-04
1.495034e-04
1.505328e-04
1.515656e-04
1.526020e-04
1.536418e-04
1.546851e-04
1.557320e-04
1.567823e-04
1.578361e-04
1.588934e-04
1.599542e-04
1.610184e-04
1.620862e-04
1.631575e-04
1.642322e-04
1.653105e-04
1.663922e-04
1.674774e-04
1.685662e-04
1.696584e-04
1.707541e-04
1.718533e-04
1.729560e-04
1.740622e-04
1.751718e-04
1.762850e-04
1.774016e-04
1.785218e-04
1.796454e-04
1.807726e-04
1.819032e-04
1.830373e-04
1.841749e-04
1.853160e-04
1.864606e-04
1.876087e-04
1.887603e-04
1.899153e-04
1.910739e-04
1.922359e-04
1.934015e-04
1.945705e-04
1.957430e-04
1.969190e-04
1.980985e-04
1.992815e-04
2.004680e-04
2.016580e-04
2.028515e-04
2.040485e-04
2.052489e-04
2.064529e-04
2.076603e-04
2.088712e-04
2.100857e-04
2.113036e-04
2.125250e-04
2.137499e-04
2.149783e-04
2.162102e-04
2.174455e-04
2.186844e-04
2.199268e-04
2.211726e-04
2.224219e-04
2.236748e-04
2.249311e-04
2.261909e-04
2.274542e-04
2.287210e-04
2.299913e-04
2.312651e-04
2.325424e-04
2.338232e-04
2.351074e-04
2.363952e-04
2.376864e-04
2.389811e-04
2.402794e-04
2.415811e-04
2.428863e-04
2.441950e-04
2.455072e-04
2.468229e-04
2.481420e-04
2.494647e-04
2.507909e-04
2.521205e-04
2.534537e-04
2.547903e-04
2.561304e-04
2.574741e-04
2.588212e-04
2.601718e-04
2.615259e-04
2.628834e-04
2.642445e-04
2.656091e-04
2.669772e-04
2.683487e-04
2.697237e-04
2.711023e-04
2.724843e-04
2.738698e-04
2.752588e-04
2.766513e-04
2.780473e-04
2.794468e-04
2.808498e-04
2.822563e-04
2.836662e-04
2.850797e-04
2.864966e-04
2.879171e-04
2.893410e-04
2.907684e-04
2.921993e-04
2.936337e-04
2.950716e-04
2.965130e-04
2.979579e-04
2.994063e-04
3.008581e-04
3.023135e-04
3.037723e-04
3.052347e-04
3.067005e-04
3.081698e-04
3.096426e-04
3.111189e-04
3.125987e-04
3.140820e-04
3.155688e-04
3.170591e-04
3.185528e-04
3.200501e-04
3.215508e-04
3.230551e-04
3.245628e-04
3.260740e-04
3.275887e-04
3.291069e-04
3.306286e-04
3.321538e-04
3.336825e-04
3.352147e-04
3.367503e-04
3.382895e-04
3.398321e-04
3.413783e-04
3.429279e-04
3.444810e-04
3.460377e-04
3.475978e-04
3.491614e-04
3.507284e-04
3.522990e-04
3.538731e-04
3.554507e-04
3.570317e-04
3.586163e-04
3.602043e-04
3.617958e-04
3.633909e-04
3.649894e-04
3.665914e-04
3.681969e-04
3.698059e-04
3.714184e-04
3.730343e-04
3.746538e-04
3.762768e-04
3.779032e-04
3.795331e-04
3.811666e-04
3.828035e-04
3.844439e-04
3.860878e-04
3.877352e-04
3.893861e-04
3.910405e-04
3.926984e-04
3.943597e-04
3.960246e-04
3.976929e-04
3.993648e-04
4.010401e-04
4.027189e-04
4.044013e-04
4.060871e-04
4.077764e-04
4.094692e-04
4.111654e-04
4.128652e-04
4.145685e-04
4.162752e-04
4.179855e-04
4.196992e-04
4.214165e-04
4.231372e-04
4.248614e-04
4.265891e-04
4.283203e-04
4.300550e-04
4.317932e-04
4.335349e-04
4.352800e-04
4.370287e-04
4.387809e-04
4.405365e-04
4.422956e-04
4.440583e-04
4.458244e-04
4.475940e-04
4.493671e-04
4.511437e-04
4.529238e-04
4.547073e-04
4.564944e-04
4.582850e-04
4.600790e-04
4.618766e-04
4.636776e-04
4.654821e-04
4.672902e-04
4.691017e-04
4.709167e-04
4.727352e-04
4.745571e-04
4.763826e-04
4.782116e-04
4.800441e-04
4.818800e-04
4.837194e-04
4.855624e-04
4.874088e-04
4.892587e-04
4.911121e-04
4.929690e-04
4.948294e-04
4.966933e-04
4.985607e-04
5.004316e-04
5.023059e-04
5.041838e-04
5.060651e-04
5.079500e-04
5.098383e-04
5.117301e-04
5.136254e-04
5.155242e-04
5.174265e-04
5.193323e-04
5.212416e-04
5.231544e-04
5.250706e-04
5.269904e-04
5.289136e-04
5.308404e-04
5.327706e-04
5.347043e-04
5.366415e-04
5.385822e-04
5.405264e-04
5.424741e-04
5.444253e-04
5.463800e-04
5.483381e-04
5.502998e-04
5.522649e-04
5.542336e-04
5.562057e-04
5.581813e-04
5.601605e-04
5.621431e-04
5.641292e-04
5.661187e-04
5.681118e-04
5.701084e-04
5.721085e-04
5.741120e-04
5.761191e-04
5.781296e-04
5.801436e-04
5.821612e-04
5.841822e-04
5.862067e-04
5.882347e-04
5.902662e-04
5.923011e-04
5.943396e-04
5.963816e-04
5.984270e-04
6.004760e-04
6.025284e-04
6.045844e-04
6.066438e-04
6.087067e-04
6.107731e-04
6.128430e-04
6.149164e-04
6.169933e-04
6.190737e-04
6.211575e-04
6.232449e-04
6.253357e-04
6.274301e-04
6.295279e-04
6.316292e-04
6.337340e-04
6.358424e-04
6.379542e-04
6.400694e-04
6.421882e-04
6.443105e-04
6.464363e-04
6.485655e-04
6.506983e-04
6.528345e-04
6.549743e-04
6.571175e-04
6.592642e-04
6.614144e-04
6.635681e-04
6.657253e-04
6.678860e-04
6.700502e-04
6.722178e-04
6.743890e-04
6.765636e-04
6.787418e-04
6.809234e-04
6.831085e-04
6.852972e-04
6.874893e-04
6.896849e-04
6.918840e-04
6.940865e-04
6.962926e-04
6.985022e-04
7.007152e-04
7.029318e-04
7.051518e-04
7.073754e-04
7.096024e-04
7.118329e-04
7.140669e-04
7.163044e-04
7.185454e-04
7.207899e-04
7.230379e-04
7.252894e-04
7.275443e-04
7.298028e-04
7.320647e-04
7.343302e-04
7.365991e-04
7.388715e-04
7.411474e-04
7.434268e-04
7.457097e-04
7.479961e-04
7.502860e-04
7.525793e-04
7.548762e-04
7.571766e-04
7.594804e-04
7.617877e-04
7.640986e-04
7.664129e-04
7.687307e-04
7.710520e-04
7.733768e-04
7.757051e-04
7.780369e-04
7.803721e-04
7.827109e-04
7.850532e-04
7.873989e-04
7.897481e-04
7.921009e-04
7.944571e-04
7.968168e-04
7.991800e-04
8.015467e-04
8.039169e-04
8.062906e-04
8.086677e-04
8.110484e-04
8.134326e-04
8.158202e-04
8.182113e-04
8.206060e-04
8.230041e-04
8.254057e-04
8.278108e-04
8.302194e-04
8.326315e-04
8.350471e-04
8.374661e-04
8.398887e-04
8.423148e-04
8.447443e-04
8.471774e-04
8.496139e-04
8.520539e-04
8.544974e-04
8.569444e-04
8.593949e-04
8.618489e-04
8.643064e-04
8.667674e-04
8.692318e-04
8.716998e-04
8.741712e-04
8.766462e-04
8.791246e-04
8.816065e-04
8.840919e-04
8.865809e-04
8.890733e-04
8.915691e-04
8.940685e-04
8.965714e-04
8.990778e-04
9.015876e-04
9.041010e-04
9.066178e-04
9.091381e-04
9.116620e-04
9.141893e-04
9.167201e-04
9.192544e-04
9.217922e-04
9.243335e-04
9.268782e-04
9.294265e-04
9.319783e-04
9.345335e-04
9.370923e-04
9.396545e-04
9.422202e-04
9.447894e-04
9.473621e-04
9.499383e-04
9.525180e-04
9.551012e-04
9.576879e-04
9.602781e-04
9.628717e-04
9.654689e-04
9.680695e-04
9.706736e-04
9.732813e-04
9.758924e-04
9.785070e-04
9.811251e-04
9.837467e-04
9.863718e-04
9.890003e-04
9.916324e-04
9.942680e-04
9.969070e-04
9.995496e-04
1.002196e-03
1.004845e-03
1.007498e-03
1.010155e-03
1.012815e-03
1.015478e-03
1.018145e-03
1.020816e-03
1.023490e-03
1.026167e-03
1.028848e-03
1.031532e-03
1.034220e-03
1.036912e-03
1.039607e-03
1.042305e-03
1.045007e-03
1.047712e-03
1.050421e-03
1.053134e-03
1.055850e-03
1.058569e-03
1.061292e-03
1.064018e-03
1.066748e-03
1.069481e-03
1.072218e-03
1.074958e-03
1.077702e-03
1.080450e-03
1.083200e-03
1.085955e-03
1.088712e-03
1.091474e-03
1.094238e-03
1.097007e-03
1.099778e-03
1.102554e-03
1.105332e-03
1.108115e-03
1.110900e-03
1.113689e-03
1.116482e-03
1.119278e-03
1.122078e-03
1.124881e-03
1.127688e-03
1.130498e-03
1.133312e-03
1.136129e-03
1.138949e-03
1.141773e-03
1.144601e-03
1.147432e-03
1.150267e-03
1.153105e-03
1.155946e-03
1.158791e-03
1.161640e-03
1.164492e-03
1.167348e-03
1.170207e-03
1.173069e-03
1.175935e-03
1.178805e-03
1.181678e-03
1.184554e-03
1.187434e-03
1.190318e-03
1.193205e-03
1.196095e-03
1.198989e-03
1.201886e-03
1.204787e-03
1.207692e-03
1.210600e-03
1.213511e-03
1.216426e-03
1.219344e-03
1.222266e-03
1.225192e-03
1.228120e-03
1.231053e-03
1.233989e-03
1.236928e-03
1.239871e-03
1.242817e-03
1.245767e-03
1.248720e-03
1.251677e-03
1.254637e-03
1.257601e-03
1.260568e-03
1.263539e-03
1.266513e-03
1.269491e-03
1.272472e-03
1.275457e-03
1.278445e-03
1.281437e-03
1.284432e-03
1.287431e-03
1.290433e-03
1.293439e-03
1.296448e-03
1.299461e-03
1.302477e-03
1.305497e-03
1.308520e-03
1.311546e-03
1.314576e-03
1.317610e-03
1.320647e-03
1.323688e-03
1.326732e-03
1.329779e-03
1.332831e-03
1.335885e-03
1.338943e-03
1.342005e-03
1.345070e-03
1.348138e-03
1.351210e-03
1.354286e-03
1.357365e-03
1.360447e-03
1.363533e-03
1.366623e-03
1.369716e-03
1.372812e-03
1.375912e-03
1.379016e-03
1.382123e-03
1.385233e-03
1.388347e-03
1.391464e-03
1.394585e-03
1.397710e-03
1.400838e-03
1.403969e-03
1.407104e-03
1.410242e-03
1.413384e-03
1.416529e-03
1.419678e-03
1.422831e-03
1.425986e-03
1.429146e-03
1.432309e-03
1.435475e-03
1.438645e-03
1.441818e-03
1.444995e-03
1.448175e-03
1.451359e-03
1.454546e-03
1.457737e-03
1.460931e-03
1.464129e-03
1.467330e-03
1.470535e-03
1.473743e-03
1.476955e-03
1.480170e-03
1.483388e-03
1.486611e-03
1.489836e-03
1.493065e-03
1.496298e-03
1.499534e-03
1.502774e-03
1.506017e-03
1.509264e-03
1.512514e-03
1.515767e-03
1.519024e-03
1.522285e-03
1.525549e-03
1.528817e-03
1.532088e-03
1.535362e-03
1.538640e-03
1.541922e-03
1.545207e-03
1.548495e-03
1.551787e-03
1.555083e-03
1.558382e-03
1.561684e-03
1.564990e-03
1.568300e-03
1.571613e-03
1.574929e-03
1.578249e-03
1.581572e-03
1.584899e-03
1.588230e-03
1.591564e-03
1.594901e-03
1.598242e-03
1.601586e-03
1.604934e-03
1.608286e-03
1.611640e-03
1.614999e-03
1.618361e-03
1.621726e-03
1.625095e-03
1.628467e-03
1.631843e-03
1.635222e-03
1.638605e-03
1.641991e-03
1.645381e-03
1.648774e-03
1.652171e-03
1.655571e-03
1.658975e-03
1.662382e-03
1.665793e-03
1.669207e-03
1.672625e-03
1.676046e-03
1.679471e-03
1.682899e-03
1.686331e-03
1.689766e-03
1.693205e-03
1.696647e-03
1.700092e-03
1.703541e-03
1.706994e-03
1.710450e-03
1.713910e-03
1.717373e-03
1.720839e-03
1.724310e-03
1.727783e-03
1.731260e-03
1.734741e-03
1.738225e-03
1.741712e-03
1.745203e-03
1.748698e-03
1.752196e-03
1.755697e-03
1.759202e-03
1.762711e-03
1.766223e-03
1.769738e-03
1.773257e-03
1.776780e-03
1.780306e-03
1.783835e-03
1.787368e-03
1.790905e-03
1.794445e-03
1.797988e-03
1.801535e-03
1.805085e-03
1.808639e-03
1.812196e-03
1.815757e-03
1.819322e-03
1.822890e-03
1.826461e-03
1.830036e-03
1.833614e-03
1.837196e-03
1.840781e-03
1.844370e-03
1.847962e-03
1.851558e-03
1.855157e-03
1.858760e-03
1.862366e-03
1.865976e-03
1.869589e-03
1.873206e-03
1.876826e-03
1.880450e-03
1.884077e-03
1.887708e-03
1.891342e-03
1.894980e-03
1.898621e-03
1.902266e-03
1.905914e-03
1.909566e-03
1.913221e-03
1.916879e-03
1.920541e-03
1.924207e-03
1.927876e-03
1.931549e-03
1.935225e-03
1.938904e-03
1.942588e-03
1.946274e-03
1.949964e-03
1.953658e-03
1.957355e-03
1.961055e-03
1.964759e-03
1.968467e-03
1.972178e-03
1.975892e-03
1.979610e-03
1.983332e-03
1.987057e-03
1.990785e-03
1.994517e-03
1.998253e-03
2.001992e-03
2.005734e-03
2.009480e-03
2.013229e-03
2.016982e-03
2.020739e-03
2.024499e-03
2.028262e-03
2.032029e-03
2.035799e-03
2.039573e-03
2.043351e-03
2.047131e-03
2.050916e-03
2.054704e-03
2.058495e-03
2.062290e-03
2.066088e-03
2.069890e-03
2.073695e-03
2.077504e-03
2.081316e-03
2.085132e-03
2.088951e-03
2.092774e-03
2.096600e-03
2.100430e-03
2.104263e-03
2.108100e-03
2.111940e-03
2.115784e-03
2.119631e-03
2.123482e-03
2.127336e-03
2.131193e-03
2.135055e-03
2.138919e-03
2.142787e-03
2.146659e-03
2.150534e-03
2.154413e-03
2.158295e-03
2.162180e-03
2.166070e-03
2.169962e-03
2.173858e-03
2.177758e-03
2.181661e-03
2.185567e-03
2.189477e-03
2.193391e-03
2.197308e-03
2.201229e-03
2.205153e-03
2.209080e-03
2.213011e-03
2.216946e-03
2.220883e-03
2.224825e-03
2.228770e-03
2.232718e-03
2.236670e-03
2.240626e-03
2.244585e-03
2.248547e-03
2.252513e-03
2.256482e-03
2.260455e-03
2.264432e-03
2.268412e-03
2.272395e-03
2.276382e-03
2.280372e-03
2.284366e-03
2.288363e-03
2.292364e-03
2.296368e-03
2.300376e-03
2.304388e-03
2.308402e-03
2.312421e-03
2.316442e-03
2.320468e-03
2.324496e-03
2.328529e-03
2.332564e-03
2.336604e-03
2.340646e-03
2.344693e-03
2.348742e-03
2.352796e-03
2.356852e-03
2.360912e-03
2.364976e-03
2.369043e-03
2.373114e-03
2.377188e-03
2.381266e-03
2.385347e-03
2.389432e-03
2.393520e-03
2.397611e-03
2.401706e-03
2.405805e-03
2.409907e-03
2.414013e-03
2.418122e-03
2.422234e-03
2.426350e-03
2.430470e-03
2.434593e-03
2.438719e-03
2.442849e-03
2.446983e-03
2.451120e-03
2.455260e-03
2.459404e-03
2.463552e-03
2.467703e-03
2.471857e-03
2.476015e-03
2.480177e-03
2.484342e-03
2.488510e-03
2.492682e-03
2.496857e-03
2.501036e-03
2.505219e-03
2.509405e-03
2.513594e-03
2.517787e-03
2.521983e-03
2.526183e-03
2.530386e-03
2.534593e-03
2.538804e-03
2.543017e-03
2.547235e-03
2.551456e-03
2.555680e-03
2.559908e-03
2.564139e-03
2.568374e-03
2.572612e-03
2.576854e-03
2.581099e-03
2.585348e-03
2.589600e-03
2.593856e-03
2.598115e-03
2.602378e-03
2.606644e-03
2.610913e-03
2.615187e-03
2.619463e-03
2.623744e-03
2.628027e-03
2.632314e-03
2.636605e-03
2.640899e-03
2.645197e-03
2.649498e-03
2.653802e-03
2.658111e-03
2.662422e-03
2.666737e-03
2.671056e-03
2.675378e-03
2.679703e-03
2.684032e-03
2.688365e-03
2.692701e-03
2.697041e-03
2.701384e-03
2.705730e-03
2.710080e-03
2.714434e-03
2.718791e-03
2.723151e-03
2.727515e-03
2.731882e-03
2.736253e-03
2.740628e-03
2.745006e-03
2.749387e-03
2.753772e-03
2.758161e-03
2.762552e-03
2.766948e-03
2.771347e-03
2.775749e-03
2.780155e-03
2.784564e-03
2.788977e-03
2.793394e-03
2.797813e-03
2.802237e-03
2.806663e-03
2.811094e-03
2.815528e-03
2.819965e-03
2.824406e-03
2.828850e-03
2.833298e-03
2.837749e-03
2.842204e-03
2.846662e-03
2.851124e-03
2.855589e-03
2.860058e-03
2.864530e-03
2.869006e-03
2.873485e-03
2.877967e-03
2.882454e-03
2.886943e-03
2.891436e-03
2.895933e-03
2.900433e-03
2.904937e-03
2.909444e-03
2.913955e-03
2.918469e-03
2.922986e-03
2.927507e-03
2.932032e-03
2.936560e-03
2.941092e-03
2.945627e-03
2.950165e-03
2.954707e-03
2.959253e-03
2.963802e-03
2.968354e-03
2.972910e-03
2.977470e-03
2.982033e-03
2.986599e-03
2.991169e-03
2.995743e-03
3.000320e-03
3.004900e-03
3.009484e-03
3.014072e-03
3.018663e-03
3.023257e-03
3.027855e-03
3.032456e-03
3.037061e-03
3.041670e-03
3.046282e-03
3.050897e-03
3.055516e-03
3.060138e-03
3.064764e-03
3.069393e-03
3.074026e-03
3.078662e-03
3.083302e-03
3.087946e-03
3.092592e-03
3.097243e-03
3.101896e-03
3.106554e-03
3.111214e-03
3.115879e-03
3.120546e-03
3.125218e-03
3.129892e-03
3.134571e-03
3.139252e-03
3.143938e-03
3.148626e-03
3.153318e-03
3.158014e-03
3.162713e-03
3.167416e-03
3.172122e-03
3.176832e-03
3.181545e-03
3.186262e-03
3.190982e-03
3.195705e-03
3.200432e-03
3.205163e-03
3.209897e-03
3.214635e-03
3.219376e-03
3.224120e-03
3.228868e-03
3.233620e-03
3.238375e-03
3.243134e-03
3.247896e-03
3.252661e-03
3.257430e-03
3.262203e-03
3.266979e-03
3.271758e-03
3.276541e-03
3.281327e-03
3.286117e-03
3.290911e-03
3.295708e-03
3.300508e-03
3.305312e-03
3.310120e-03
3.314931e-03
3.319745e-03
3.324563e-03
3.329384e-03
3.334209e-03
3.339037e-03
3.343869e-03
3.348705e-03
3.353543e-03
3.358386e-03
3.363232e-03
3.368081e-03
3.372934e-03
3.377790e-03
3.382650e-03
3.387513e-03
3.392380e-03
3.397250e-03
3.402124e-03
3.407001e-03
3.411882e-03
3.416766e-03
3.421654e-03
3.426545e-03
3.431440e-03
3.436338e-03
3.441240e-03
3.446145e-03
3.451054e-03
3.455966e-03
3.460881e-03
3.465801e-03
3.470723e-03
3.475649e-03
3.480579e-03
3.485512e-03
3.490449e-03
3.495389e-03
3.500332e-03
3.505279e-03
3.510230e-03
3.515184e-03
3.520142e-03
3.525103e-03
3.530067e-03
3.535035e-03
3.540007e-03
3.544982e-03
3.549960e-03
3.554942e-03
3.559928e-03
3.564917e-03
3.569909e-03
3.574905e-03
3.579905e-03
3.584908e-03
3.589914e-03
3.594924e-03
3.599938e-03
3.604954e-03
3.609975e-03
3.614999e-03
3.620026e-03
3.625057e-03
3.630091e-03
3.635129e-03
3.640171e-03
3.645216e-03
3.650264e-03
3.655316e-03
3.660371e-03
3.665430e-03
3.670492e-03
3.675558e-03
3.680627e-03
3.685700e-03
3.690776e-03
3.695856e-03
3.700939e-03
3.706026e-03
3.711116e-03
3.716210e-03
3.721307e-03
3.726408e-03
3.731512e-03
3.736620e-03
3.741731e-03
3.746846e-03
3.751964e-03
3.757086e-03
3.762211e-03
3.767340e-03
3.772472e-03
3.777607e-03
3.782747e-03
3.787889e-03
3.793035e-03
3.798185e-03
3.803338e-03
3.808495e-03
3.813655e-03
3.818818e-03
3.823985e-03
3.829156e-03
3.834330e-03
3.839507e-03
3.844688e-03
3.849873e-03
3.855061e-03
3.860252e-03
3.865447e-03
3.870646e-03
3.875848e-03
3.881053e-03
3.886262e-03
3.891475e-03
3.896691e-03
3.901910e-03
3.907133e-03
3.912360e-03
3.917590e-03
3.922823e-03
3.928060e-03
3.933300e-03
3.938544e-03
3.943791e-03
3.949042e-03
3.954297e-03
3.959555e-03
3.964816e-03
3.970081e-03
3.975349e-03
3.980621e-03
3.985896e-03
3.991175e-03
3.996457e-03
4.001743e-03
4.007032e-03
4.012325e-03
4.017621e-03
4.022921e-03
4.028224e-03
4.033531e-03
4.038841e-03
4.044155e-03
4.049472e-03
4.054793e-03
4.060117e-03
4.065445e-03
4.070776e-03
4.076111e-03
4.081449e-03
4.086790e-03
4.091471e-03
4.096134e-03
4.100779e-03
4.105408e-03
4.110018e-03
4.114612e-03
4.119188e-03
4.123746e-03
4.128287e-03
4.132811e-03
4.137317e-03
4.141806e-03
4.146277e-03
4.150732e-03
4.155168e-03
4.159587e-03
4.163989e-03
4.168374e-03
4.172741e-03
4.177090e-03
4.181422e-03
4.185737e-03
4.190034e-03
4.194314e-03
4.198577e-03
4.202822e-03
4.207050e-03
4.211260e-03
4.215453e-03
4.219628e-03
4.223786e-03
4.227927e-03
4.232050e-03
4.236156e-03
4.240244e-03
4.244315e-03
4.248369e-03
4.252405e-03
4.256423e-03
4.260425e-03
4.264409e-03
4.268375e-03
4.272324e-03
4.276256e-03
4.280170e-03
4.284067e-03
4.287946e-03
4.291809e-03
4.295653e-03
4.299480e-03
4.303290e-03
4.307082e-03
4.310857e-03
4.314615e-03
4.318355e-03
4.322078e-03
4.325783e-03
4.329471e-03
4.333142e-03
4.336795e-03
4.340430e-03
4.344049e-03
4.347649e-03
4.351233e-03
4.354799e-03
4.358347e-03
4.361879e-03
4.365392e-03
4.368889e-03
4.372368e-03
4.375829e-03
4.379273e-03
4.382700e-03
4.386109e-03
4.389501e-03
4.392876e-03
4.396233e-03
4.399572e-03
4.402895e-03
4.406200e-03
4.409487e-03
4.412757e-03
4.416010e-03
4.419245e-03
4.422462e-03
4.425663e-03
4.428846e-03
4.432011e-03
4.435159e-03
4.438290e-03
4.441403e-03
4.444499e-03
4.447578e-03
4.450639e-03
4.453682e-03
4.456709e-03
4.459718e-03
4.462709e-03
4.465683e-03
4.468639e-03
4.471579e-03
4.474500e-03
4.477405e-03
4.480292e-03
4.483161e-03
4.486013e-03
4.488848e-03
4.491665e-03
4.494465e-03
4.497248e-03
4.500013e-03
4.502760e-03
4.505491e-03
4.508203e-03
4.510899e-03
4.513577e-03
4.516237e-03
4.518880e-03
4.521506e-03
4.524115e-03
4.526706e-03
4.529279e-03
4.531835e-03
4.534374e-03
4.536895e-03
4.539399e-03
4.541885e-03
4.544354e-03
4.546806e-03
4.549240e-03
4.551657e-03
4.554056e-03
4.556438e-03
4.558803e-03
4.561150e-03
4.563480e-03
4.565792e-03
4.568087e-03
4.570365e-03
4.572625e-03
4.574867e-03
4.577093e-03
4.579301e-03
4.581491e-03
4.583664e-03
4.585820e-03
4.587958e-03
4.590079e-03
4.592182e-03
4.594268e-03
4.596337e-03
4.598388e-03
4.600421e-03
4.602438e-03
4.604437e-03
4.606418e-03
4.608382e-03
4.610329e-03
4.612258e-03
4.614170e-03
4.616064e-03
4.617942e-03
4.619801e-03
4.621643e-03
4.623468e-03
4.625275e-03
4.627065e-03
4.628838e-03
4.630593e-03
4.632331e-03
4.634051e-03
4.635754e-03
4.637440e-03
4.639108e-03
4.640758e-03
4.642392e-03
4.644007e-03
4.645606e-03
4.647187e-03
4.648750e-03
4.650297e-03
4.651825e-03
4.653337e-03
4.654831e-03
4.656307e-03
4.657766e-03
4.659208e-03
4.660632e-03
4.662039e-03
4.663429e-03
4.664801e-03
4.666155e-03
4.667493e-03
4.668813e-03
4.670115e-03
4.671400e-03
4.672668e-03
4.673918e-03
4.675151e-03
4.676366e-03
4.677564e-03
4.678744e-03
4.679907e-03
4.681053e-03
4.682181e-03
4.683292e-03
4.684386e-03
4.685462e-03
4.686521e-03
4.687562e-03
4.688586e-03
4.689592e-03
4.690581e-03
4.691553e-03
4.692507e-03
4.693444e-03
4.694363e-03
4.695265e-03
4.696149e-03
4.697016e-03
4.697866e-03
4.698698e-03
4.699513e-03
4.700311e-03
4.701091e-03
4.701853e-03
4.702599e-03
4.703327e-03
4.704037e-03
4.704730e-03
4.705405e-03
4.706064e-03
4.706704e-03
4.707328e-03
4.707934e-03
4.708522e-03
4.709093e-03
4.709647e-03
4.710183e-03
4.710702e-03
4.711204e-03
4.711688e-03
4.712154e-03
4.712603e-03
4.713035e-03
4.713450e-03
4.713847e-03
4.714226e-03
4.714588e-03
4.714933e-03
4.715260e-03
4.715570e-03
4.715863e-03
4.716138e-03
4.716396e-03
4.716636e-03
4.716859e-03
4.717064e-03
4.717252e-03
4.717423e-03
4.717576e-03
4.717712e-03
4.717830e-03
4.717931e-03
4.718015e-03
4.718081e-03
4.718130e-03
4.718161e-03
4.718175e-03
4.718171e-03
4.718151e-03
4.718112e-03
4.718056e-03
4.717983e-03
4.717893e-03
4.717785e-03
4.717659e-03
4.717517e-03
4.717356e-03
4.717179e-03
4.716984e-03
4.716771e-03
4.716541e-03
4.716294e-03
4.716029e-03
4.715747e-03
4.715448e-03
4.715131e-03
4.714797e-03
4.714445e-03
4.714076e-03
4.713689e-03
4.713285e-03
4.712864e-03
4.712425e-03
4.711969e-03
4.711495e-03
4.711004e-03
4.710496e-03
4.709970e-03
4.709648e-03
4.709648e-03
4.709648e-03
4.709648e-03
4.709648e-03
4.709648e-03
4.709648e-03
4.709648e-03
4.709648e-03
4.709648e-03
4.709648e-03
4.709648e-03
4.709648e-03
4.709648e-03
4.709648e-03
4.709648e-03
4.709648e-03
4.709648e-03
4.709648e-03
4.709648e-03
4.709648e-03
4.709648e-03
4.709648e-03
4.709648e-03
4.709648e-03
4.709648e-03
4.709648e-03
4.709648e-03
4.709648e-03
4.709648e-03
4.709648e-03
4.709648e-03
4.709648e-03
4.709648e-03
4.709648e-03
4.709648e-03
4.709648e-03
4.709648e-03
4.709648e-03
4.709648e-03
4.709648e-03
4.709648e-03
4.709648e-03
4.709648e-03
4.709648e-03
4.709648e-03
4.709648e-03
4.709648e-03
4.709648e-03
4.709648e-03
4.709648e-03
4.709648e-03
4.709648e-03
4.709648e-03
4.709648e-03
4.709648e-03
4.709648e-03
4.709648e-03
4.709648e-03
4.709648e-03
4.709648e-03
4.709648e-03
4.709648e-03
4.709648e-03
4.709648e-03
4.709648e-03
4.709648e-03
4.709648e-03
4.709648e-03
4.709648e-03
4.709648e-03
4.709648e-03
4.709648e-03
4.709648e-03
4.709648e-03
4.709648e-03
4.709648e-03
4.709648e-03
4.709648e-03
4.709648e-03
4.709648e-03
4.709648e-03
4.709648e-03
4.709648e-03
4.709648e-03
4.709648e-03
4.709648e-03
4.709648e-03
4.709648e-03
4.709648e-03
4.709648e-03
4.709648e-03
4.709648e-03
4.709648e-03
4.709648e-03
4.709648e-03
4.709648e-03
4.709648e-03
4.709648e-03
4.709648e-03
4.709648e-03
4.709648e-03
4.709648e-03
4.709648e-03
4.709648e-03
4.709648e-03
4.709648e-03
4.709648e-03
4.709648e-03
4.709648e-03
4.709648e-03
4.709648e-03
4.709648e-03
4.709648e-03
4.709648e-03
4.709648e-03
4.709648e-03
4.709648e-03
4.709648e-03
4.709648e-03
4.709648e-03
4.709648e-03
4.709648e-03
4.709648e-03
4.709648e-03
4.709648e-03
4.709648e-03
4.709648e-03
4.709648e-03
4.709648e-03
4.709648e-03
4.709648e-03
4.709648e-03
4.709648e-03
4.709648e-03
4.709648e-03
4.709648e-03
4.709648e-03
4.709648e-03
4.709648e-03
4.709648e-03
4.709648e-03
4.709648e-03
4.709648e-03
4.709648e-03
4.709648e-03
4.709648e-03
4.709648e-03
4.709648e-03
4.709648e-03
4.709648e-03
4.709648e-03
4.709648e-03
4.709648e-03
4.709648e-03
4.709648e-03
4.709648e-03
4.709648e-03
4.709648e-03
4.709648e-03
4.709648e-03
4.709648e-03
4.709648e-03
4.709648e-03
4.709648e-03
4.709648e-03
4.709648e-03
4.709648e-03
4.709648e-03
4.709648e-03
4.709648e-03
4.709648e-03
4.709648e-03
4.709648e-03
4.709648e-03
4.709648e-03
4.709648e-03
4.709648e-03
4.709648e-03
4.709648e-03
4.709648e-03
4.709648e-03
4.709648e-03
4.709648e-03
4.709648e-03
4.709648e-03
4.709648e-03
4.709648e-03
4.709648e-03
4.709648e-03
4.709648e-03
4.709648e-03
4.709648e-03
4.709648e-03
4.709648e-03
4.709648e-03
4.709648e-03
4.709648e-03
4.709648e-03
4.709648e-03
4.709648e-03
