0.000000e+00
1.110371e-07
2.256445e-07
3.438222e-07
4.655703e-07
5.908887e-07
7.197774e-07
8.522364e-07
9.882658e-07
1.127865e-06
1.271035e-06
1.417776e-06
1.568086e-06
1.721967e-06
1.879419e-06
2.040440e-06
2.205032e-06
2.373195e-06
2.544927e-06
2.720230e-06
2.899103e-06
3.081547e-06
3.267561e-06
3.457145e-06
3.650300e-06
3.847024e-06
4.047320e-06
4.251185e-06
4.458621e-06
4.669627e-06
4.884204e-06
5.102350e-06
5.324068e-06
5.549355e-06
5.778213e-06
6.010641e-06
6.246639e-06
6.486208e-06
6.729347e-06
6.976057e-06
7.226336e-06
7.480186e-06
7.737607e-06
7.998598e-06
8.263159e-06
8.531290e-06
8.802992e-06
9.078264e-06
9.357106e-06
9.639519e-06
9.925502e-06
1.021505e-05
1.050818e-05
1.080487e-05
1.110514e-05
1.140897e-05
1.171638e-05
1.202735e-05
1.234190e-05
1.266001e-05
1.298170e-05
1.330696e-05
1.363578e-05
1.396818e-05
1.430415e-05
1.464369e-05
1.498679e-05
1.533347e-05
1.568372e-05
1.603754e-05
1.639493e-05
1.675589e-05
1.712042e-05
1.748852e-05
1.786019e-05
1.823543e-05
1.861424e-05
1.899662e-05
1.938258e-05
1.977210e-05
2.016519e-05
2.056185e-05
2.096209e-05
2.136589e-05
2.177327e-05
2.218421e-05
2.259872e-05
2.301681e-05
2.343847e-05
2.386369e-05
2.429249e-05
2.472485e-05
2.516079e-05
2.560030e-05
2.604337e-05
2.649002e-05
2.694024e-05
2.739403e-05
2.785139e-05
2.831231e-05
2.877681e-05
2.924488e-05
2.971652e-05
3.019173e-05
3.067051e-05
3.115286e-05
3.163879e-05
3.212828e-05
3.262134e-05
3.311797e-05
3.361817e-05
3.412195e-05
3.462929e-05
3.514020e-05
3.565469e-05
3.617274e-05
3.669437e-05
3.721956e-05
3.774832e-05
3.828066e-05
3.881657e-05
3.935604e-05
3.989909e-05
4.044571e-05
4.099589e-05
4.154965e-05
4.210698e-05
4.266787e-05
4.323234e-05
4.380038e-05
4.437199e-05
4.494717e-05
4.552592e-05
4.610824e-05
4.669413e-05
4.728359e-05
4.787662e-05
4.847322e-05
4.907339e-05
4.967714e-05
5.028445e-05
5.089533e-05
5.150978e-05
5.212781e-05
5.274940e-05
5.337456e-05
5.400330e-05
5.463560e-05
5.527148e-05
5.591092e-05
5.655394e-05
5.720052e-05
5.785068e-05
5.850441e-05
5.916170e-05
5.982257e-05
6.048701e-05
6.115501e-05
6.182659e-05
6.250174e-05
6.318046e-05
6.386275e-05
6.454861e-05
6.523804e-05
6.593104e-05
6.662761e-05
6.732775e-05
6.803146e-05
6.873874e-05
6.944959e-05
7.016401e-05
7.088201e-05
7.160357e-05
7.232870e-05
7.305740e-05
7.378968e-05
7.452552e-05
7.526494e-05
7.600792e-05
7.675448e-05
7.750460e-05
7.825830e-05
7.901556e-05
7.977640e-05
8.054080e-05
8.130878e-05
8.208033e-05
8.285545e-05
8.363413e-05
8.441639e-05
8.520222e-05
8.599162e-05
8.678459e-05
8.758113e-05
8.838124e-05
8.918492e-05
8.999217e-05
9.080299e-05
9.161738e-05
9.243534e-05
9.325687e-05
9.408197e-05
9.491065e-05
9.574289e-05
9.657870e-05
9.741808e-05
9.826104e-05
9.910756e-05
9.995766e-05
1.008113e-04
1.016686e-04
1.025294e-04
1.033937e-04
1.042617e-04
1.051332e-04
1.060083e-04
1.068869e-04
1.077692e-04
1.086550e-04
1.095443e-04
1.104373e-04
1.113338e-04
1.122339e-04
1.131375e-04
1.140447e-04
1.149555e-04
1.158699e-04
1.167878e-04
1.177093e-04
1.186344e-04
1.195630e-04
1.204952e-04
1.214310e-04
1.223704e-04
1.233133e-04
1.242598e-04
1.252098e-04
1.261635e-04
1.271207e-04
1.280815e-04
1.290458e-04
1.300137e-04
1.309852e-04
1.319603e-04
1.329389e-04
1.339211e-04
1.349068e-04
1.358962e-04
1.368891e-04
1.378856e-04
1.388856e-04
1.398892e-04
1.408964e-04
1.419072e-04
1.429215e-04
1.439394e-04
1.449609e-04
1.459859e-04
1.470145e-04
1.480467e-04
1.490825e-04
1.501218e-04
1.511647e-04
1.522111e-04
1.532612e-04
1.543148e-04
1.553719e-04
1.564327e-04
1.574970e-04
1.585649e-04
1.596363e-04
1.607114e-04
1.617900e-04
1.628721e-04
1.639579e-04
1.650472e-04
1.661400e-04
1.672365e-04
1.683365e-04
1.694401e-04
1.705473e-04
1.716580e-04
1.727723e-04
1.738901e-04
1.750116e-04
1.761366e-04
1.772652e-04
1.783973e-04
1.795330e-04
1.806723e-04
1.818152e-04
1.829616e-04
1.841116e-04
1.852652e-04
1.864223e-04
1.875831e-04
1.887473e-04
1.899152e-04
1.910866e-04
1.922616e-04
1.934402e-04
1.946223e-04
1.958080e-04
1.969973e-04
1.981901e-04
1.993865e-04
2.005865e-04
2.017901e-04
2.029972e-04
2.042079e-04
2.054222e-04
2.066400e-04
2.078614e-04
2.090864e-04
2.103150e-04
2.115471e-04
2.127828e-04
2.140220e-04
2.152649e-04
2.165113e-04
2.177612e-04
2.190148e-04
2.202719e-04
2.215326e-04
2.227968e-04
2.240646e-04
2.253360e-04
2.266110e-04
2.278895e-04
2.291716e-04
2.304573e-04
2.317465e-04
2.330394e-04
2.343357e-04
2.356357e-04
2.369392e-04
2.382463e-04
2.395570e-04
2.408712e-04
2.421890e-04
2.435104e-04
2.448353e-04
2.461639e-04
2.474960e-04
2.488316e-04
2.501708e-04
2.515136e-04
2.528600e-04
2.542099e-04
2.555635e-04
2.569205e-04
2.582812e-04
2.596454e-04
2.610132e-04
2.623846e-04
2.637595e-04
2.651380e-04
2.665201e-04
2.679057e-04
2.692949e-04
2.706877e-04
2.720841e-04
2.734840e-04
2.748875e-04
2.762945e-04
2.777052e-04
2.791194e-04
2.805372e-04
2.819585e-04
2.833834e-04
2.848119e-04
2.862440e-04
2.876796e-04
2.891188e-04
2.905616e-04
2.920079e-04
2.934578e-04
2.949113e-04
2.963683e-04
2.978290e-04
2.992931e-04
3.007609e-04
3.022322e-04
3.037071e-04
3.051856e-04
3.066677e-04
3.081533e-04
3.096424e-04
3.111352e-04
3.126315e-04
3.141314e-04
3.156349e-04
3.171419e-04
3.186525e-04
3.201667e-04
3.216844e-04
3.232058e-04
3.247306e-04
3.262591e-04
3.277911e-04
3.293267e-04
3.308659e-04
3.324086e-04
3.339549e-04
3.355048e-04
3.370583e-04
3.386153e-04
3.401759e-04
3.417400e-04
3.433077e-04
3.448790e-04
3.464539e-04
3.480324e-04
3.496144e-04
3.512000e-04
3.527891e-04
3.543818e-04
3.559781e-04
3.575780e-04
3.591814e-04
3.607884e-04
3.623990e-04
3.640131e-04
3.656308e-04
3.672521e-04
3.688770e-04
3.705054e-04
3.721374e-04
3.737730e-04
3.754121e-04
3.770548e-04
3.787011e-04
3.803509e-04
3.820044e-04
3.836613e-04
3.853219e-04
3.869860e-04
3.886537e-04
3.903250e-04
3.919998e-04
3.936782e-04
3.953602e-04
3.970458e-04
3.987349e-04
4.004276e-04
4.021238e-04
4.038237e-04
4.055271e-04
4.072340e-04
4.089446e-04
4.106587e-04
4.123764e-04
4.140976e-04
4.158225e-04
4.175509e-04
4.192828e-04
4.210184e-04
4.227575e-04
4.245001e-04
4.262464e-04
4.279962e-04
4.297496e-04
4.315065e-04
4.332671e-04
4.350312e-04
4.367988e-04
4.385701e-04
4.403449e-04
4.421233e-04
4.439052e-04
4.456907e-04
4.474798e-04
4.492725e-04
4.510687e-04
4.528685e-04
4.546719e-04
4.564788e-04
4.582893e-04
4.601034e-04
4.619211e-04
4.637423e-04
4.655671e-04
4.673954e-04
4.692274e-04
4.710629e-04
4.729020e-04
4.747446e-04
4.765908e-04
4.784406e-04
4.802940e-04
4.821509e-04
4.840114e-04
4.858754e-04
4.877431e-04
4.896143e-04
4.914891e-04
4.933674e-04
4.952493e-04
4.971348e-04
4.990239e-04
5.009165e-04
5.028127e-04
5.047125e-04
5.066158e-04
5.085227e-04
5.104332e-04
5.123473e-04
5.142649e-04
5.161861e-04
5.181108e-04
5.200392e-04
5.219711e-04
5.239065e-04
5.258456e-04
5.277882e-04
5.297344e-04
5.316841e-04
5.336375e-04
5.355943e-04
5.375548e-04
5.395188e-04
5.414865e-04
5.434576e-04
5.454324e-04
5.474107e-04
5.493926e-04
5.513780e-04
5.533671e-04
5.553597e-04
5.573558e-04
5.593556e-04
5.613589e-04
5.633658e-04
5.653762e-04
5.673902e-04
5.694078e-04
5.714290e-04
5.734537e-04
5.754820e-04
5.775139e-04
5.795493e-04
5.815883e-04
5.836309e-04
5.856771e-04
5.877268e-04
5.897801e-04
5.918370e-04
5.938974e-04
5.959614e-04
5.980290e-04
6.001001e-04
6.021748e-04
6.042531e-04
6.063350e-04
6.084204e-04
6.105094e-04
6.126020e-04
6.146981e-04
6.167978e-04
6.189011e-04
6.210079e-04
6.231183e-04
6.252323e-04
6.273499e-04
6.294710e-04
6.315957e-04
6.337240e-04
6.358558e-04
6.379912e-04
6.401302e-04
6.422728e-04
6.444189e-04
6.465686e-04
6.487219e-04
6.508787e-04
6.530391e-04
6.552031e-04
6.573706e-04
6.595417e-04
6.617164e-04
6.638947e-04
6.660765e-04
6.682619e-04
6.704509e-04
6.726434e-04
6.748395e-04
6.770392e-04
6.792424e-04
6.814492e-04
6.836596e-04
6.858736e-04
6.880911e-04
6.903122e-04
6.925369e-04
6.947651e-04
6.969969e-04
6.992323e-04
7.014713e-04
7.037138e-04
7.059599e-04
7.082095e-04
7.104628e-04
7.127196e-04
7.149799e-04
7.172439e-04
7.195114e-04
7.217825e-04
7.240571e-04
7.263354e-04
7.286171e-04
7.309025e-04
7.331914e-04
7.354840e-04
7.377800e-04
7.400797e-04
7.423829e-04
7.446897e-04
7.470000e-04
7.493140e-04
7.516315e-04
7.539525e-04
7.562772e-04
7.586054e-04
7.609372e-04
7.632725e-04
7.656114e-04
7.679539e-04
7.703000e-04
7.726496e-04
7.750028e-04
7.773596e-04
7.797199e-04
7.820838e-04
7.844513e-04
7.868224e-04
7.891970e-04
7.915752e-04
7.939569e-04
7.963423e-04
7.987312e-04
8.011237e-04
8.035197e-04
8.059193e-04
8.083225e-04
8.107293e-04
8.131396e-04
8.155535e-04
8.179709e-04
8.203920e-04
8.228166e-04
8.252448e-04
8.276765e-04
8.301118e-04
8.325507e-04
8.349932e-04
8.374392e-04
8.398888e-04
8.423420e-04
8.447987e-04
8.472590e-04
8.497229e-04
8.521904e-04
8.546614e-04
8.571360e-04
8.596141e-04
8.620959e-04
8.645812e-04
8.670700e-04
8.695625e-04
8.720585e-04
8.745581e-04
8.770612e-04
8.795680e-04
8.820783e-04
8.845921e-04
8.871096e-04
8.896306e-04
8.921551e-04
8.946833e-04
8.972150e-04
8.997503e-04
9.022891e-04
9.048316e-04
9.073776e-04
9.099271e-04
9.124803e-04
9.150370e-04
9.175973e-04
9.201611e-04
9.227285e-04
9.252995e-04
9.278741e-04
9.304522e-04
9.330339e-04
9.356192e-04
9.382080e-04
9.408005e-04
9.433964e-04
9.459960e-04
9.485991e-04
9.512058e-04
9.538161e-04
9.564299e-04
9.590473e-04
9.616683e-04
9.642928e-04
9.669209e-04
9.695526e-04
9.721879e-04
9.748267e-04
9.774691e-04
9.801151e-04
9.827646e-04
9.854177e-04
9.880744e-04
9.907347e-04
9.933985e-04
9.960659e-04
9.987368e-04
1.001411e-03
1.004089e-03
1.006771e-03
1.009456e-03
1.012145e-03
1.014838e-03
1.017534e-03
1.020233e-03
1.022936e-03
1.025643e-03
1.028353e-03
1.031067e-03
1.033784e-03
1.036505e-03
1.039230e-03
1.041958e-03
1.044689e-03
1.047425e-03
1.050163e-03
1.052906e-03
1.055652e-03
1.058401e-03
1.061154e-03
1.063911e-03
1.066671e-03
1.069435e-03
1.072202e-03
1.074973e-03
1.077748e-03
1.080526e-03
1.083307e-03
1.086093e-03
1.088881e-03
1.091674e-03
1.094470e-03
1.097269e-03
1.100072e-03
1.102879e-03
1.105689e-03
1.108503e-03
1.111320e-03
1.114141e-03
1.116966e-03
1.119794e-03
1.122625e-03
1.125460e-03
1.128299e-03
1.131142e-03
1.133987e-03
1.136837e-03
1.139690e-03
1.142547e-03
1.145407e-03
1.148271e-03
1.151138e-03
1.154009e-03
1.156883e-03
1.159761e-03
1.162643e-03
1.165528e-03
1.168417e-03
1.171309e-03
1.174205e-03
1.177105e-03
1.180008e-03
1.182914e-03
1.185824e-03
1.188738e-03
1.191655e-03
1.194576e-03
1.197501e-03
1.200429e-03
1.203360e-03
1.206295e-03
1.209234e-03
1.212177e-03
1.215122e-03
1.218072e-03
1.221025e-03
1.223981e-03
1.226942e-03
1.229905e-03
1.232873e-03
1.235843e-03
1.238818e-03
1.241796e-03
1.244778e-03
1.247763e-03
1.250751e-03
1.253744e-03
1.256740e-03
1.259739e-03
1.262742e-03
1.265749e-03
1.268759e-03
1.271772e-03
1.274790e-03
1.277811e-03
1.280835e-03
1.283863e-03
1.286894e-03
1.289930e-03
1.292968e-03
1.296011e-03
1.299056e-03
1.302106e-03
1.305159e-03
1.308215e-03
1.311276e-03
1.314339e-03
1.317406e-03
1.320477e-03
1.323552e-03
1.326630e-03
1.329711e-03
1.332796e-03
1.335885e-03
1.338977e-03
1.342073e-03
1.345173e-03
1.348275e-03
1.351382e-03
1.354492e-03
1.357606e-03
1.360723e-03
1.363844e-03
1.366968e-03
1.370096e-03
1.373228e-03
1.376363e-03
1.379502e-03
1.382644e-03
1.385790e-03
1.388939e-03
1.392092e-03
1.395248e-03
1.398409e-03
1.401572e-03
1.404739e-03
1.407910e-03
1.411085e-03
1.414263e-03
1.417444e-03
1.420629e-03
1.423818e-03
1.427010e-03
1.430206e-03
1.433405e-03
1.436608e-03
1.439815e-03
1.443025e-03
1.446238e-03
1.449456e-03
1.452676e-03
1.455901e-03
1.459129e-03
1.462360e-03
1.465595e-03
1.468834e-03
1.472076e-03
1.475322e-03
1.478571e-03
1.481824e-03
1.485081e-03
1.488341e-03
1.491604e-03
1.494872e-03
1.498142e-03
1.501417e-03
1.504695e-03
1.507976e-03
1.511261e-03
1.514550e-03
1.517842e-03
1.521138e-03
1.524437e-03
1.527740e-03
1.531046e-03
1.534357e-03
1.537670e-03
1.540987e-03
1.544308e-03
1.547632e-03
1.550960e-03
1.554292e-03
1.557627e-03
1.560965e-03
1.564308e-03
1.567653e-03
1.571003e-03
1.574356e-03
1.577712e-03
1.581072e-03
1.584436e-03
1.587803e-03
1.591174e-03
1.594548e-03
1.597926e-03
1.601307e-03
1.604692e-03
1.608081e-03
1.611473e-03
1.614869e-03
1.618268e-03
1.621671e-03
1.625077e-03
1.628487e-03
1.631901e-03
1.635318e-03
1.638739e-03
1.642163e-03
1.645591e-03
1.649022e-03
1.652457e-03
1.655896e-03
1.659338e-03
1.662784e-03
1.666233e-03
1.669686e-03
1.673143e-03
1.676603e-03
1.680066e-03
1.683533e-03
1.687004e-03
1.690478e-03
1.693956e-03
1.697438e-03
1.700923e-03
1.704411e-03
1.707903e-03
1.711399e-03
1.714898e-03
1.718401e-03
1.721907e-03
1.725417e-03
1.728931e-03
1.732448e-03
1.735969e-03
1.739493e-03
1.743021e-03
1.746552e-03
1.750087e-03
1.753626e-03
1.757168e-03
1.760714e-03
1.764263e-03
1.767816e-03
1.771372e-03
1.774932e-03
1.778496e-03
1.782063e-03
1.785633e-03
1.789208e-03
1.792786e-03
1.796367e-03
1.799952e-03
1.803540e-03
1.807133e-03
1.810728e-03
1.814327e-03
1.817930e-03
1.821537e-03
1.825147e-03
1.828760e-03
1.832377e-03
1.835998e-03
1.839622e-03
1.843250e-03
1.846881e-03
1.850516e-03
1.854155e-03
1.857797e-03
1.861442e-03
1.865092e-03
1.868745e-03
1.872401e-03
1.876061e-03
1.879724e-03
1.883391e-03
1.887062e-03
1.890736e-03
1.894414e-03
1.898095e-03
1.901780e-03
1.905469e-03
1.909161e-03
1.912857e-03
1.916556e-03
1.920259e-03
1.923965e-03
1.927675e-03
1.931388e-03
1.935105e-03
1.938826e-03
1.942550e-03
1.946278e-03
1.950009e-03
1.953744e-03
1.957483e-03
1.961225e-03
1.964970e-03
1.968720e-03
1.972472e-03
1.976229e-03
1.979989e-03
1.983752e-03
1.987519e-03
1.991290e-03
1.995064e-03
1.998842e-03
2.002623e-03
2.006408e-03
2.010196e-03
2.013989e-03
2.017784e-03
2.021583e-03
2.025386e-03
2.029192e-03
2.033002e-03
2.036816e-03
2.040633e-03
2.044453e-03
2.048278e-03
2.052105e-03
2.055937e-03
2.059772e-03
2.063610e-03
2.067452e-03
2.071298e-03
2.075147e-03
2.078999e-03
2.082856e-03
2.086716e-03
2.090579e-03
2.094446e-03
2.098317e-03
2.102191e-03
2.106069e-03
2.109950e-03
2.113835e-03
2.117723e-03
2.121615e-03
2.125511e-03
2.129410e-03
2.133313e-03
2.137219e-03
2.141129e-03
2.145042e-03
2.148959e-03
2.152880e-03
2.156804e-03
2.160732e-03
2.164663e-03
2.168598e-03
2.172536e-03
2.176478e-03
2.180424e-03
2.184373e-03
2.188326e-03
2.192282e-03
2.196242e-03
2.200205e-03
2.204172e-03
2.208143e-03
2.212117e-03
2.216095e-03
2.220076e-03
2.224061e-03
2.228049e-03
2.232041e-03
2.236037e-03
2.240036e-03
2.244038e-03
2.248045e-03
2.252055e-03
2.256068e-03
2.260085e-03
2.264105e-03
2.268130e-03
2.272157e-03
2.276189e-03
2.280223e-03
2.284262e-03
2.288304e-03
2.292349e-03
2.296398e-03
2.300451e-03
2.304507e-03
2.308567e-03
2.312630e-03
2.316697e-03
2.320768e-03
2.324842e-03
2.328920e-03
2.333001e-03
2.337086e-03
2.341174e-03
2.345266e-03
2.349362e-03
2.353461e-03
2.357563e-03
2.361670e-03
2.365779e-03
2.369893e-03
2.374010e-03
2.378130e-03
2.382254e-03
2.386382e-03
2.390513e-03
2.394648e-03
2.398786e-03
2.402928e-03
2.407074e-03
2.411223e-03
2.415375e-03
2.419532e-03
2.423691e-03
2.427855e-03
2.432022e-03
2.436192e-03
2.440366e-03
2.444544e-03
2.448725e-03
2.452910e-03
2.457098e-03
2.461290e-03
2.465486e-03
2.469685e-03
2.473887e-03
2.478094e-03
2.482303e-03
2.486517e-03
2.490734e-03
2.494954e-03
2.499178e-03
2.503406e-03
2.507637e-03
2.511872e-03
2.516110e-03
2.520352e-03
2.524597e-03
2.528846e-03
2.533099e-03
2.537355e-03
2.541615e-03
2.545878e-03
2.550145e-03
2.554416e-03
2.558690e-03
2.562967e-03
2.567248e-03
2.571533e-03
2.575822e-03
2.580113e-03
2.584409e-03
2.588708e-03
2.593011e-03
2.597317e-03
2.601626e-03
2.605940e-03
2.610257e-03
2.614577e-03
2.618901e-03
2.623229e-03
2.627560e-03
2.631895e-03
2.636233e-03
2.640575e-03
2.644920e-03
2.649269e-03
2.653622e-03
2.657978e-03
2.662338e-03
2.666701e-03
2.671068e-03
2.675438e-03
2.679812e-03
2.684190e-03
2.688571e-03
2.692956e-03
2.697344e-03
2.701736e-03
2.706131e-03
2.710530e-03
2.714933e-03
2.719339e-03
2.723749e-03
2.728162e-03
2.732579e-03
2.736999e-03
2.741423e-03
2.745851e-03
2.750282e-03
2.754717e-03
2.759155e-03
2.763597e-03
2.768042e-03
2.772491e-03
2.776944e-03
2.781400e-03
2.785859e-03
2.790323e-03
2.794790e-03
2.799260e-03
2.803734e-03
2.808211e-03
2.812693e-03
2.817177e-03
2.821666e-03
2.826157e-03
2.830653e-03
2.835152e-03
2.839654e-03
2.844160e-03
2.848670e-03
2.853183e-03
2.857700e-03
2.862220e-03
2.866744e-03
2.871272e-03
2.875803e-03
2.880338e-03
2.884876e-03
2.889418e-03
2.893963e-03
2.898512e-03
2.903065e-03
2.907621e-03
2.912180e-03
2.916744e-03
2.921310e-03
2.925881e-03
2.930455e-03
2.935032e-03
2.939613e-03
2.944198e-03
2.948786e-03
2.953378e-03
2.957973e-03
2.962572e-03
2.967175e-03
2.971781e-03
2.976391e-03
2.981004e-03
2.985621e-03
2.990241e-03
2.994865e-03
2.999492e-03
3.004123e-03
3.008758e-03
3.013396e-03
3.018038e-03
3.022683e-03
3.027332e-03
3.031985e-03
3.036641e-03
3.041300e-03
3.045964e-03
3.050630e-03
3.055301e-03
3.059975e-03
3.064652e-03
3.069333e-03
3.074018e-03
3.078706e-03
3.083398e-03
3.088093e-03
3.092792e-03
3.097494e-03
3.102201e-03
3.106910e-03
3.111623e-03
3.116340e-03
3.121060e-03
3.125784e-03
3.130512e-03
3.135243e-03
3.139977e-03
3.144716e-03
3.149457e-03
3.154203e-03
3.158952e-03
3.163704e-03
3.168460e-03
3.173220e-03
3.177983e-03
3.182750e-03
3.187520e-03
3.192294e-03
3.197071e-03
3.201852e-03
3.206637e-03
3.211425e-03
3.216217e-03
3.221012e-03
3.225811e-03
3.230613e-03
3.235419e-03
3.240229e-03
3.245042e-03
3.249859e-03
3.254679e-03
3.259503e-03
3.264330e-03
3.269161e-03
3.273996e-03
3.278834e-03
3.283676e-03
3.288521e-03
3.293370e-03
3.298222e-03
3.303078e-03
3.307938e-03
3.312801e-03
3.317668e-03
3.322538e-03
3.327412e-03
3.332289e-03
3.337170e-03
3.342055e-03
3.346943e-03
3.351835e-03
3.356730e-03
3.361629e-03
3.366531e-03
3.371437e-03
3.376347e-03
3.381260e-03
3.386177e-03
3.391097e-03
3.396021e-03
3.400948e-03
3.405879e-03
3.410814e-03
3.415752e-03
3.420693e-03
3.425639e-03
3.430588e-03
3.435540e-03
3.440496e-03
3.445455e-03
3.450419e-03
3.455385e-03
3.460355e-03
3.465329e-03
3.470307e-03
3.475288e-03
3.480272e-03
3.485260e-03
3.490252e-03
3.495247e-03
3.500246e-03
3.505248e-03
3.510254e-03
3.515264e-03
3.520277e-03
3.525294e-03
3.530314e-03
3.535338e-03
3.540365e-03
3.545396e-03
3.550430e-03
3.555469e-03
3.560510e-03
3.565555e-03
3.570604e-03
3.575657e-03
3.580713e-03
3.585772e-03
3.590835e-03
3.595902e-03
3.600972e-03
3.606046e-03
3.611123e-03
3.616204e-03
3.621289e-03
3.626377e-03
3.631468e-03
3.636563e-03
3.641662e-03
3.646765e-03
3.651871e-03
3.656980e-03
3.662093e-03
3.667210e-03
3.672330e-03
3.677454e-03
3.682581e-03
3.687712e-03
3.692846e-03
3.697984e-03
3.703126e-03
3.708271e-03
3.713420e-03
3.718572e-03
3.723728e-03
3.728888e-03
3.734051e-03
3.739217e-03
3.744388e-03
3.749561e-03
3.754739e-03
3.759920e-03
3.765104e-03
3.770292e-03
3.775484e-03
3.780679e-03
3.785878e-03
3.791080e-03
3.796286e-03
3.801495e-03
3.806708e-03
3.811925e-03
3.817145e-03
3.822369e-03
3.827596e-03
3.832827e-03
3.838062e-03
3.843300e-03
3.848541e-03
3.853786e-03
3.859035e-03
3.864287e-03
3.869543e-03
3.874803e-03
3.880066e-03
3.885332e-03
3.890602e-03
3.895876e-03
3.901153e-03
3.906434e-03
3.911719e-03
3.917007e-03
3.922298e-03
3.927593e-03
3.932892e-03
3.938194e-03
3.943500e-03
3.948810e-03
3.954123e-03
3.959439e-03
3.964759e-03
3.970083e-03
3.975410e-03
3.980741e-03
3.986076e-03
3.991414e-03
3.996755e-03
4.002100e-03
4.007449e-03
4.012801e-03
4.018157e-03
4.023517e-03
4.028880e-03
4.034246e-03
4.039616e-03
4.044990e-03
4.050367e-03
4.055748e-03
4.061133e-03
4.066520e-03
4.071912e-03
4.077307e-03
4.082706e-03
4.088108e-03
4.093514e-03
4.098923e-03
4.104336e-03
4.109753e-03
4.115173e-03
4.120597e-03
4.126024e-03
4.131455e-03
4.136889e-03
4.142327e-03
4.147769e-03
4.153214e-03
4.158662e-03
4.164115e-03
4.169570e-03
4.175030e-03
4.179828e-03
4.184608e-03
4.189371e-03
4.194116e-03
4.198843e-03
4.203552e-03
4.208243e-03
4.212917e-03
4.217573e-03
4.222211e-03
4.226831e-03
4.231433e-03
4.236018e-03
4.240585e-03
4.245133e-03
4.249665e-03
4.254178e-03
4.258673e-03
4.263151e-03
4.267611e-03
4.272053e-03
4.276478e-03
4.280884e-03
4.285273e-03
4.289644e-03
4.293997e-03
4.298332e-03
4.302650e-03
4.306949e-03
4.311231e-03
4.315495e-03
4.319742e-03
4.323970e-03
4.328181e-03
4.332374e-03
4.336549e-03
4.340706e-03
4.344845e-03
4.348967e-03
4.353071e-03
4.357157e-03
4.361225e-03
4.365275e-03
4.369308e-03
4.373323e-03
4.377320e-03
4.381299e-03
4.385261e-03
4.389204e-03
4.393130e-03
4.397038e-03
4.400928e-03
4.404801e-03
4.408655e-03
4.412492e-03
4.416311e-03
4.420112e-03
4.423895e-03
4.427661e-03
4.431409e-03
4.435139e-03
4.438851e-03
4.442545e-03
4.446222e-03
4.449881e-03
4.453521e-03
4.457145e-03
4.460750e-03
4.464337e-03
4.467907e-03
4.471459e-03
4.474993e-03
4.478509e-03
4.482008e-03
4.485489e-03
4.488952e-03
4.492397e-03
4.495824e-03
4.499233e-03
4.502625e-03
4.505999e-03
4.509355e-03
4.512693e-03
4.516014e-03
4.519316e-03
4.522601e-03
4.525868e-03
4.529118e-03
4.532349e-03
4.535563e-03
4.538758e-03
4.541936e-03
4.545097e-03
4.548239e-03
4.551364e-03
4.554471e-03
4.557560e-03
4.560631e-03
4.563684e-03
4.566720e-03
4.569738e-03
4.572738e-03
4.575720e-03
4.578684e-03
4.581631e-03
4.584559e-03
4.587470e-03
4.590364e-03
4.593239e-03
4.596096e-03
4.598936e-03
4.601758e-03
4.604562e-03
4.607349e-03
4.610117e-03
4.612868e-03
4.615601e-03
4.618316e-03
4.621013e-03
4.623693e-03
4.626354e-03
4.628998e-03
4.631624e-03
4.634233e-03
4.636823e-03
4.639396e-03
4.641951e-03
4.644488e-03
4.647007e-03
4.649509e-03
4.651992e-03
4.654458e-03
4.656906e-03
4.659336e-03
4.661749e-03
4.664144e-03
4.666520e-03
4.668879e-03
4.671221e-03
4.673544e-03
4.675850e-03
4.678137e-03
4.680408e-03
4.682660e-03
4.684894e-03
4.687111e-03
4.689310e-03
4.691491e-03
4.693654e-03
4.695799e-03
4.697927e-03
4.700036e-03
4.702128e-03
4.704203e-03
4.706259e-03
4.708297e-03
4.710318e-03
4.712321e-03
4.714306e-03
4.716274e-03
4.718223e-03
4.720155e-03
4.722069e-03
4.723965e-03
4.725843e-03
4.727704e-03
4.729547e-03
4.731371e-03
4.733179e-03
4.734968e-03
4.736739e-03
4.738493e-03
4.740229e-03
4.741947e-03
4.743647e-03
4.745330e-03
4.746994e-03
4.748641e-03
4.750270e-03
4.751882e-03
4.753475e-03
4.755051e-03
4.756609e-03
4.758149e-03
4.759671e-03
4.761175e-03
4.762662e-03
4.764131e-03
4.765582e-03
4.767015e-03
4.768430e-03
4.769828e-03
4.771208e-03
4.772570e-03
4.773914e-03
4.775240e-03
4.776549e-03
4.777840e-03
4.779113e-03
4.780368e-03
4.781605e-03
4.782825e-03
4.784027e-03
4.785211e-03
4.786377e-03
4.787525e-03
4.788656e-03
4.789768e-03
4.790863e-03
4.791940e-03
4.793000e-03
4.794041e-03
4.795065e-03
4.796071e-03
4.797059e-03
4.798029e-03
4.798982e-03
4.799917e-03
4.800834e-03
4.801733e-03
4.802614e-03
4.803477e-03
4.804323e-03
4.805151e-03
4.805961e-03
4.806753e-03
4.807528e-03
4.808284e-03
4.809023e-03
4.809744e-03
4.810448e-03
4.811133e-03
4.811801e-03
4.812450e-03
4.813082e-03
4.813697e-03
4.814293e-03
4.814872e-03
4.815433e-03
4.815976e-03
4.816501e-03
4.817008e-03
4.817498e-03
4.817970e-03
4.818424e-03
4.818860e-03
4.819278e-03
4.819679e-03
4.820061e-03
4.820426e-03
4.820774e-03
4.821103e-03
4.821414e-03
4.821708e-03
4.821984e-03
4.822242e-03
4.822483e-03
4.822705e-03
4.822910e-03
4.823097e-03
4.823266e-03
4.823417e-03
4.823551e-03
4.823667e-03
4.823764e-03
4.823845e-03
4.823907e-03
4.823951e-03
4.823978e-03
4.823987e-03
4.823978e-03
4.823951e-03
4.823907e-03
4.823844e-03
4.823764e-03
4.823666e-03
4.823551e-03
4.823417e-03
4.823266e-03
4.823096e-03
4.822910e-03
4.822705e-03
4.822482e-03
4.822242e-03
4.821984e-03
4.821708e-03
4.821414e-03
4.821102e-03
4.820773e-03
4.820426e-03
4.820061e-03
4.819678e-03
4.819277e-03
4.818859e-03
4.818423e-03
4.817969e-03
4.817497e-03
4.817007e-03
4.816500e-03
4.815974e-03
4.815653e-03
4.815653e-03
4.815653e-03
4.815653e-03
4.815653e-03
4.815653e-03
4.815653e-03
4.815653e-03
4.815653e-03
4.815653e-03
4.815653e-03
4.815653e-03
4.815653e-03
4.815653e-03
4.815653e-03
4.815653e-03
4.815653e-03
4.815653e-03
4.815653e-03
4.815653e-03
4.815653e-03
4.815653e-03
4.815653e-03
4.815653e-03
4.815653e-03
4.815653e-03
4.815653e-03
4.815653e-03
4.815653e-03
4.815653e-03
4.815653e-03
4.815653e-03
4.815653e-03
4.815653e-03
4.815653e-03
4.815653e-03
4.815653e-03
4.815653e-03
4.815653e-03
4.815653e-03
4.815653e-03
4.815653e-03
4.815653e-03
4.815653e-03
4.815653e-03
4.815653e-03
4.815653e-03
4.815653e-03
4.815653e-03
4.815653e-03
4.815653e-03
4.815653e-03
4.815653e-03
4.815653e-03
4.815653e-03
4.815653e-03
4.815653e-03
4.815653e-03
4.815653e-03
4.815653e-03
4.815653e-03
4.815653e-03
4.815653e-03
4.815653e-03
4.815653e-03
4.815653e-03
4.815653e-03
4.815653e-03
4.815653e-03
4.815653e-03
4.815653e-03
4.815653e-03
4.815653e-03
4.815653e-03
4.815653e-03
4.815653e-03
4.815653e-03
4.815653e-03
4.815653e-03
4.815653e-03
4.815653e-03
4.815653e-03
4.815653e-03
4.815653e-03
4.815653e-03
4.815653e-03
4.815653e-03
4.815653e-03
4.815653e-03
4.815653e-03
4.815653e-03
4.815653e-03
4.815653e-03
4.815653e-03
4.815653e-03
4.815653e-03
4.815653e-03
4.815653e-03
4.815653e-03
4.815653e-03
4.815653e-03
4.815653e-03
4.815653e-03
4.815653e-03
4.815653e-03
4.815653e-03
4.815653e-03
4.815653e-03
4.815653e-03
4.815653e-03
4.815653e-03
4.815653e-03
4.815653e-03
4.815653e-03
4.815653e-03
4.815653e-03
4.815653e-03
4.815653e-03
4.815653e-03
4.815653e-03
4.815653e-03
4.815653e-03
4.815653e-03
4.815653e-03
4.815653e-03
4.815653e-03
4.815653e-03
4.815653e-03
4.815653e-03
4.815653e-03
4.815653e-03
4.815653e-03
4.815653e-03
4.815653e-03
4.815653e-03
4.815653e-03
4.815653e-03
4.815653e-03
4.815653e-03
4.815653e-03
4.815653e-03
4.815653e-03
4.815653e-03
4.815653e-03
4.815653e-03
4.815653e-03
4.815653e-03
4.815653e-03
4.815653e-03
4.815653e-03
4.815653e-03
4.815653e-03
4.815653e-03
4.815653e-03
4.815653e-03
4.815653e-03
4.815653e-03
4.815653e-03
4.815653e-03
4.815653e-03
4.815653e-03
4.815653e-03
4.815653e-03
4.815653e-03
4.815653e-03
4.815653e-03
4.815653e-03
4.815653e-03
4.815653e-03
4.815653e-03
4.815653e-03
4.815653e-03
4.815653e-03
4.815653e-03
4.815653e-03
4.815653e-03
4.815653e-03
4.815653e-03
4.815653e-03
4.815653e-03
4.815653e-03
4.815653e-03
4.815653e-03
4.815653e-03
4.815653e-03
4.815653e-03
4.815653e-03
4.815653e-03
4.815653e-03
4.815653e-03
4.815653e-03
4.815653e-03
4.815653e-03
4.815653e-03
4.815653e-03
4.815653e-03
4.815653e-03
4.815653e-03
4.815653e-03
4.815653e-03
4.815653e-03
