0.000000e+00
1.110371e-07
2.255550e-07
3.435536e-07
4.650331e-07
5.899933e-07
7.184343e-07
8.503561e-07
9.857587e-07
1.124642e-06
1.267006e-06
1.412851e-06
1.562177e-06
1.714983e-06
1.871271e-06
2.031039e-06
2.194288e-06
2.361017e-06
2.531228e-06
2.704919e-06
2.882091e-06
3.062744e-06
3.246878e-06
3.434492e-06
3.625587e-06
3.820163e-06
4.018220e-06
4.219757e-06
4.424776e-06
4.633275e-06
4.845255e-06
5.060715e-06
5.279657e-06
5.502079e-06
5.727982e-06
5.957366e-06
6.190231e-06
6.426576e-06
6.666402e-06
6.909709e-06
7.156497e-06
7.406765e-06
7.660515e-06
7.917745e-06
8.178456e-06
8.442647e-06
8.710320e-06
8.981473e-06
9.256107e-06
9.534222e-06
9.815818e-06
1.010089e-05
1.038945e-05
1.068149e-05
1.097701e-05
1.127601e-05
1.157849e-05
1.188445e-05
1.219389e-05
1.250681e-05
1.282322e-05
1.314310e-05
1.346647e-05
1.379331e-05
1.412364e-05
1.445745e-05
1.479473e-05
1.513550e-05
1.547975e-05
1.582748e-05
1.617870e-05
1.653339e-05
1.689156e-05
1.725321e-05
1.761835e-05
1.798696e-05
1.835906e-05
1.873464e-05
1.911369e-05
1.949623e-05
1.988225e-05
2.027175e-05
2.066473e-05
2.106119e-05
2.146114e-05
2.186456e-05
2.227146e-05
2.268185e-05
2.309571e-05
2.351306e-05
2.393389e-05
2.435820e-05
2.478598e-05
2.521725e-05
2.565200e-05
2.609023e-05
2.653195e-05
2.697714e-05
2.742581e-05
2.787797e-05
2.833360e-05
2.879272e-05
2.925531e-05
2.972139e-05
3.019095e-05
3.066399e-05
3.114051e-05
3.162051e-05
3.210399e-05
3.259095e-05
3.308139e-05
3.357532e-05
3.407272e-05
3.457361e-05
3.507797e-05
3.558582e-05
3.609715e-05
3.661196e-05
3.713024e-05
3.765201e-05
3.817727e-05
3.870600e-05
3.923821e-05
3.977390e-05
4.031308e-05
4.085573e-05
4.140187e-05
4.195148e-05
4.250458e-05
4.306116e-05
4.362122e-05
4.418475e-05
4.475177e-05
4.532228e-05
4.589626e-05
4.647372e-05
4.705466e-05
4.763909e-05
4.822699e-05
4.881838e-05
4.941324e-05
5.001159e-05
5.061342e-05
5.121873e-05
5.182752e-05
5.243979e-05
5.305554e-05
5.367477e-05
5.429748e-05
5.492368e-05
5.555335e-05
5.618651e-05
5.682314e-05
5.746326e-05
5.810686e-05
5.875393e-05
5.940449e-05
6.005853e-05
6.071605e-05
6.137705e-05
6.204154e-05
6.270950e-05
6.338094e-05
6.405587e-05
6.473427e-05
6.541616e-05
6.610153e-05
6.679037e-05
6.748270e-05
6.817851e-05
6.887780e-05
6.958057e-05
7.028682e-05
7.099656e-05
7.170977e-05
7.242646e-05
7.314664e-05
7.387029e-05
7.459743e-05
7.532805e-05
7.606214e-05
7.679972e-05
7.754078e-05
7.828532e-05
7.903334e-05
7.978485e-05
8.053983e-05
8.129829e-05
8.206024e-05
8.282566e-05
8.359457e-05
8.436695e-05
8.514282e-05
8.592217e-05
8.670500e-05
8.749131e-05
8.828110e-05
8.907437e-05
8.987112e-05
9.067135e-05
9.147507e-05
9.228226e-05
9.309294e-05
9.390709e-05
9.472473e-05
9.554585e-05
9.637044e-05
9.719852e-05
9.803008e-05
9.886512e-05
9.970365e-05
1.005456e-04
1.013911e-04
1.022401e-04
1.030925e-04
1.039485e-04
1.048079e-04
1.056708e-04
1.065371e-04
1.074070e-04
1.082803e-04
1.091571e-04
1.100374e-04
1.109212e-04
1.118084e-04
1.126992e-04
1.135934e-04
1.144911e-04
1.153922e-04
1.162969e-04
1.172050e-04
1.181167e-04
1.190318e-04
1.199503e-04
1.208724e-04
1.217979e-04
1.227270e-04
1.236595e-04
1.245954e-04
1.255349e-04
1.264779e-04
1.274243e-04
1.283742e-04
1.293276e-04
1.302844e-04
1.312448e-04
1.322086e-04
1.331759e-04
1.341467e-04
1.351210e-04
1.360987e-04
1.370800e-04
1.380647e-04
1.390529e-04
1.400446e-04
1.410397e-04
1.420384e-04
1.430405e-04
1.440461e-04
1.450552e-04
1.460677e-04
1.470838e-04
1.481033e-04
1.491263e-04
1.501528e-04
1.511827e-04
1.522162e-04
1.532531e-04
1.542935e-04
1.553374e-04
1.563848e-04
1.574356e-04
1.584900e-04
1.595478e-04
1.606091e-04
1.616738e-04
1.627421e-04
1.638138e-04
1.648890e-04
1.659677e-04
1.670499e-04
1.681356e-04
1.692247e-04
1.703173e-04
1.714134e-04
1.725130e-04
1.736161e-04
1.747226e-04
1.758326e-04
1.769461e-04
1.780631e-04
1.791836e-04
1.803075e-04
1.814349e-04
1.825659e-04
1.837002e-04
1.848381e-04
1.859795e-04
1.871243e-04
1.882726e-04
1.894244e-04
1.905797e-04
1.917384e-04
1.929007e-04
1.940664e-04
1.952356e-04
1.964082e-04
1.975844e-04
1.987640e-04
1.999472e-04
2.011338e-04
2.023238e-04
2.035174e-04
2.047144e-04
2.059150e-04
2.071190e-04
2.083265e-04
2.095374e-04
2.107519e-04
2.119698e-04
2.131912e-04
2.144161e-04
2.156445e-04
2.168763e-04
2.181116e-04
2.193505e-04
2.205928e-04
2.218385e-04
2.230878e-04
2.243405e-04
2.255967e-04
2.268564e-04
2.281196e-04
2.293863e-04
2.306564e-04
2.319300e-04
2.332071e-04
2.344877e-04
2.357718e-04
2.370593e-04
2.383503e-04
2.396448e-04
2.409428e-04
2.422443e-04
2.435492e-04
2.448577e-04
2.461696e-04
2.474850e-04
2.488038e-04
2.501262e-04
2.514520e-04
2.527813e-04
2.541141e-04
2.554504e-04
2.567901e-04
2.581334e-04
2.594801e-04
2.608303e-04
2.621840e-04
2.635411e-04
2.649018e-04
2.662659e-04
2.676335e-04
2.690046e-04
2.703791e-04
2.717572e-04
2.731387e-04
2.745237e-04
2.759122e-04
2.773042e-04
2.786996e-04
2.800985e-04
2.815009e-04
2.829068e-04
2.843162e-04
2.857291e-04
2.871454e-04
2.885652e-04
2.899885e-04
2.914153e-04
2.928455e-04
2.942793e-04
2.957165e-04
2.971572e-04
2.986014e-04
3.000490e-04
3.015001e-04
3.029548e-04
3.044129e-04
3.058745e-04
3.073395e-04
3.088081e-04
3.102801e-04
3.117556e-04
3.132346e-04
3.147170e-04
3.162030e-04
3.176924e-04
3.191853e-04
3.206817e-04
3.221816e-04
3.236849e-04
3.251918e-04
3.267021e-04
3.282159e-04
3.297332e-04
3.312539e-04
3.327781e-04
3.343059e-04
3.358371e-04
3.373717e-04
3.389099e-04
3.404515e-04
3.419967e-04
3.435453e-04
3.450973e-04
3.466529e-04
3.482120e-04
3.497745e-04
3.513405e-04
3.529100e-04
3.544829e-04
3.560594e-04
3.576393e-04
3.592227e-04
3.608096e-04
3.624000e-04
3.639938e-04
3.655912e-04
3.671920e-04
3.687963e-04
3.704041e-04
3.720153e-04
3.736300e-04
3.752483e-04
3.768700e-04
3.784951e-04
3.801238e-04
3.817559e-04
3.833916e-04
3.850307e-04
3.866733e-04
3.883193e-04
3.899689e-04
3.916219e-04
3.932784e-04
3.949384e-04
3.966018e-04
3.982688e-04
3.999392e-04
4.016131e-04
4.032905e-04
4.049714e-04
4.066558e-04
4.083436e-04
4.100349e-04
4.117297e-04
4.134280e-04
4.151297e-04
4.168350e-04
4.185437e-04
4.202559e-04
4.219716e-04
4.236907e-04
4.254134e-04
4.271395e-04
4.288691e-04
4.306022e-04
4.323387e-04
4.340788e-04
4.358223e-04
4.375693e-04
4.393198e-04
4.410738e-04
4.428312e-04
4.445921e-04
4.463566e-04
4.481244e-04
4.498958e-04
4.516707e-04
4.534490e-04
4.552308e-04
4.570161e-04
4.588049e-04
4.605971e-04
4.623929e-04
4.641921e-04
4.659948e-04
4.678010e-04
4.696106e-04
4.714238e-04
4.732404e-04
4.750605e-04
4.768841e-04
4.787112e-04
4.805417e-04
4.823757e-04
4.842132e-04
4.860542e-04
4.878987e-04
4.897466e-04
4.915981e-04
4.934530e-04
4.953114e-04
4.971733e-04
4.990386e-04
5.009074e-04
5.027798e-04
5.046556e-04
5.065348e-04
5.084176e-04
5.103038e-04
5.121935e-04
5.140867e-04
5.159834e-04
5.178836e-04
5.197872e-04
5.216943e-04
5.236050e-04
5.255190e-04
5.274366e-04
5.293576e-04
5.312822e-04
5.332102e-04
5.351417e-04
5.370766e-04
5.390151e-04
5.409570e-04
5.429024e-04
5.448513e-04
5.468037e-04
5.487596e-04
5.507189e-04
5.526817e-04
5.546480e-04
5.566178e-04
5.585910e-04
5.605678e-04
5.625480e-04
5.645317e-04
5.665189e-04
5.685095e-04
5.705037e-04
5.725013e-04
5.745024e-04
5.765070e-04
5.785151e-04
5.805266e-04
5.825416e-04
5.845601e-04
5.865821e-04
5.886076e-04
5.906365e-04
5.926690e-04
5.947049e-04
5.967443e-04
5.987872e-04
6.008335e-04
6.028833e-04
6.049367e-04
6.069935e-04
6.090537e-04
6.111175e-04
6.131847e-04
6.152555e-04
6.173297e-04
6.194073e-04
6.214885e-04
6.235731e-04
6.256613e-04
6.277529e-04
6.298480e-04
6.319465e-04
6.340486e-04
6.361541e-04
6.382631e-04
6.403756e-04
6.424916e-04
6.446110e-04
6.467339e-04
6.488604e-04
6.509902e-04
6.531236e-04
6.552605e-04
6.574008e-04
6.595446e-04
6.616919e-04
6.638427e-04
6.659970e-04
6.681547e-04
6.703159e-04
6.724806e-04
6.746488e-04
6.768205e-04
6.789956e-04
6.811742e-04
6.833563e-04
6.855419e-04
6.877310e-04
6.899235e-04
6.921196e-04
6.943191e-04
6.965221e-04
6.987285e-04
7.009385e-04
7.031519e-04
7.053688e-04
7.075892e-04
7.098131e-04
7.120405e-04
7.142713e-04
7.165056e-04
7.187434e-04
7.209847e-04
7.232294e-04
7.254777e-04
7.277294e-04
7.299846e-04
7.322433e-04
7.345055e-04
7.367711e-04
7.390402e-04
7.413128e-04
7.435889e-04
7.458685e-04
7.481515e-04
7.504381e-04
7.527281e-04
7.550216e-04
7.573185e-04
7.596190e-04
7.619229e-04
7.642303e-04
7.665412e-04
7.688556e-04
7.711734e-04
7.734948e-04
7.758196e-04
7.781479e-04
7.804797e-04
7.828149e-04
7.851537e-04
7.874959e-04
7.898416e-04
7.921908e-04
7.945434e-04
7.968996e-04
7.992592e-04
8.016223e-04
8.039889e-04
8.063590e-04
8.087325e-04
8.111096e-04
8.134901e-04
8.158741e-04
8.182615e-04
8.206525e-04
8.230469e-04
8.254448e-04
8.278462e-04
8.302511e-04
8.326595e-04
8.350713e-04
8.374866e-04
8.399054e-04
8.423277e-04
8.447534e-04
8.471827e-04
8.496154e-04
8.520516e-04
8.544913e-04
8.569345e-04
8.593811e-04
8.618312e-04
8.642848e-04
8.667419e-04
8.692025e-04
8.716665e-04
8.741341e-04
8.766051e-04
8.790796e-04
8.815575e-04
8.840390e-04
8.865239e-04
8.890123e-04
8.915042e-04
8.939996e-04
8.964985e-04
8.990008e-04
9.015066e-04
9.040159e-04
9.065287e-04
9.090450e-04
9.115647e-04
9.140879e-04
9.166146e-04
9.191448e-04
9.216785e-04
9.242156e-04
9.267562e-04
9.293004e-04
9.318479e-04
9.343990e-04
9.369536e-04
9.395116e-04
9.420731e-04
9.446381e-04
9.472066e-04
9.497785e-04
9.523540e-04
9.549329e-04
9.575153e-04
9.601011e-04
9.626905e-04
9.652833e-04
9.678797e-04
9.704795e-04
9.730827e-04
9.756895e-04
9.782997e-04
9.809135e-04
9.835307e-04
9.861513e-04
9.887755e-04
9.914032e-04
9.940343e-04
9.966689e-04
9.993070e-04
1.001949e-03
1.004594e-03
1.007242e-03
1.009894e-03
1.012550e-03
1.015209e-03
1.017871e-03
1.020537e-03
1.023206e-03
1.025879e-03
1.028556e-03
1.031236e-03
1.033919e-03
1.036606e-03
1.039296e-03
1.041990e-03
1.044687e-03
1.047388e-03
1.050092e-03
1.052800e-03
1.055511e-03
1.058226e-03
1.060944e-03
1.063665e-03
1.066390e-03
1.069119e-03
1.071851e-03
1.074587e-03
1.077326e-03
1.080068e-03
1.082814e-03
1.085564e-03
1.088317e-03
1.091073e-03
1.093833e-03
1.096596e-03
1.099363e-03
1.102134e-03
1.104907e-03
1.107685e-03
1.110466e-03
1.113250e-03
1.116038e-03
1.118829e-03
1.121624e-03
1.124422e-03
1.127223e-03
1.130029e-03
1.132837e-03
1.135649e-03
1.138465e-03
1.141284e-03
1.144107e-03
1.146933e-03
1.149762e-03
1.152595e-03
1.155432e-03
1.158272e-03
1.161115e-03
1.163962e-03
1.166813e-03
1.169666e-03
1.172524e-03
1.175385e-03
1.178249e-03
1.181117e-03
1.183988e-03
1.186863e-03
1.189741e-03
1.192623e-03
1.195508e-03
1.198397e-03
1.201289e-03
1.204185e-03
1.207084e-03
1.209986e-03
1.212893e-03
1.215802e-03
1.218715e-03
1.221632e-03
1.224552e-03
1.227475e-03
1.230402e-03
1.233333e-03
1.236267e-03
1.239204e-03
1.242145e-03
1.245089e-03
1.248037e-03
1.250989e-03
1.253944e-03
1.256902e-03
1.259864e-03
1.262829e-03
1.265798e-03
1.268770e-03
1.271746e-03
1.274725e-03
1.277708e-03
1.280694e-03
1.283683e-03
1.286677e-03
1.289673e-03
1.292673e-03
1.295677e-03
1.298684e-03
1.301694e-03
1.304708e-03
1.307726e-03
1.310747e-03
1.313771e-03
1.316799e-03
1.319831e-03
1.322866e-03
1.325904e-03
1.328946e-03
1.331991e-03
1.335040e-03
1.338092e-03
1.341148e-03
1.344207e-03
1.347270e-03
1.350336e-03
1.353406e-03
1.356479e-03
1.359556e-03
1.362636e-03
1.365720e-03
1.368807e-03
1.371897e-03
1.374991e-03
1.378089e-03
1.381190e-03
1.384294e-03
1.387402e-03
1.390514e-03
1.393629e-03
1.396747e-03
1.399869e-03
1.402995e-03
1.406124e-03
1.409256e-03
1.412392e-03
1.415531e-03
1.418674e-03
1.421820e-03
1.424970e-03
1.428123e-03
1.431280e-03
1.434440e-03
1.437604e-03
1.440771e-03
1.443942e-03
1.447116e-03
1.450293e-03
1.453474e-03
1.456659e-03
1.459847e-03
1.463039e-03
1.466234e-03
1.469432e-03
1.472634e-03
1.475840e-03
1.479048e-03
1.482261e-03
1.485477e-03
1.488696e-03
1.491919e-03
1.495145e-03
1.498375e-03
1.501608e-03
1.504845e-03
1.508086e-03
1.511329e-03
1.514576e-03
1.517827e-03
1.521081e-03
1.524339e-03
1.527600e-03
1.530865e-03
1.534133e-03
1.537405e-03
1.540680e-03
1.543958e-03
1.547240e-03
1.550526e-03
1.553815e-03
1.557107e-03
1.560403e-03
1.563703e-03
1.567005e-03
1.570312e-03
1.573622e-03
1.576935e-03
1.580252e-03
1.583572e-03
1.586896e-03
1.590223e-03
1.593554e-03
1.596888e-03
1.600226e-03
1.603567e-03
1.606912e-03
1.610260e-03
1.613612e-03
1.616967e-03
1.620326e-03
1.623688e-03
1.627053e-03
1.630422e-03
1.633795e-03
1.637171e-03
1.640550e-03
1.643933e-03
1.647320e-03
1.650710e-03
1.654103e-03
1.657500e-03
1.660900e-03
1.664304e-03
1.667712e-03
1.671122e-03
1.674537e-03
1.677955e-03
1.681376e-03
1.684801e-03
1.688229e-03
1.691660e-03
1.695096e-03
1.698534e-03
1.701976e-03
1.705422e-03
1.708871e-03
1.712324e-03
1.715780e-03
1.719239e-03
1.722702e-03
1.726169e-03
1.729639e-03
1.733112e-03
1.736589e-03
1.740070e-03
1.743554e-03
1.747041e-03
1.750532e-03
1.754026e-03
1.757524e-03
1.761026e-03
1.764530e-03
1.768039e-03
1.771550e-03
1.775066e-03
1.778584e-03
1.782107e-03
1.785632e-03
1.789161e-03
1.792694e-03
1.796230e-03
1.799770e-03
1.803313e-03
1.806860e-03
1.810410e-03
1.813963e-03
1.817520e-03
1.821081e-03
1.824645e-03
1.828212e-03
1.831783e-03
1.835357e-03
1.838935e-03
1.842517e-03
1.846102e-03
1.849690e-03
1.853282e-03
1.856877e-03
1.860476e-03
1.864078e-03
1.867684e-03
1.871293e-03
1.874906e-03
1.878522e-03
1.882142e-03
1.885765e-03
1.889391e-03
1.893022e-03
1.896655e-03
1.900292e-03
1.903933e-03
1.907577e-03
1.911224e-03
1.914875e-03
1.918530e-03
1.922188e-03
1.925849e-03
1.929514e-03
1.933182e-03
1.936854e-03
1.940530e-03
1.944209e-03
1.947891e-03
1.951577e-03
1.955266e-03
1.958959e-03
1.962655e-03
1.966355e-03
1.970058e-03
1.973765e-03
1.977475e-03
1.981188e-03
1.984906e-03
1.988626e-03
1.992350e-03
1.996078e-03
1.999809e-03
2.003543e-03
2.007281e-03
2.011023e-03
2.014768e-03
2.018516e-03
2.022268e-03
2.026024e-03
2.029783e-03
2.033545e-03
2.037311e-03
2.041080e-03
2.044853e-03
2.048629e-03
2.052409e-03
2.056192e-03
2.059979e-03
2.063769e-03
2.067563e-03
2.071360e-03
2.075161e-03
2.078965e-03
2.082773e-03
2.086584e-03
2.090398e-03
2.094217e-03
2.098038e-03
2.101863e-03
2.105692e-03
2.109524e-03
2.113359e-03
2.117198e-03
2.121041e-03
2.124886e-03
2.128736e-03
2.132589e-03
2.136445e-03
2.140305e-03
2.144168e-03
2.148035e-03
2.151905e-03
2.155779e-03
2.159656e-03
2.163537e-03
2.167421e-03
2.171309e-03
2.175200e-03
2.179095e-03
2.182993e-03
2.186895e-03
2.190800e-03
2.194708e-03
2.198620e-03
2.202536e-03
2.206455e-03
2.210377e-03
2.214303e-03
2.218233e-03
2.222166e-03
2.226102e-03
2.230042e-03
2.233985e-03
2.237932e-03
2.241883e-03
2.245836e-03
2.249794e-03
2.253755e-03
2.257719e-03
2.261687e-03
2.265658e-03
2.269633e-03
2.273611e-03
2.277592e-03
2.281578e-03
2.285566e-03
2.289558e-03
2.293554e-03
2.297553e-03
2.301555e-03
2.305562e-03
2.309571e-03
2.313584e-03
2.317601e-03
2.321620e-03
2.325644e-03
2.329671e-03
2.333701e-03
2.337735e-03
2.341772e-03
2.345813e-03
2.349858e-03
2.353905e-03
2.357957e-03
2.362012e-03
2.366070e-03
2.370132e-03
2.374197e-03
2.378265e-03
2.382338e-03
2.386413e-03
2.390492e-03
2.394575e-03
2.398661e-03
2.402751e-03
2.406844e-03
2.410940e-03
2.415040e-03
2.419144e-03
2.423251e-03
2.427361e-03
2.431475e-03
2.435593e-03
2.439713e-03
2.443838e-03
2.447966e-03
2.452097e-03
2.456232e-03
2.460370e-03
2.464512e-03
2.468657e-03
2.472806e-03
2.476958e-03
2.481114e-03
2.485273e-03
2.489436e-03
2.493602e-03
2.497772e-03
2.501945e-03
2.506121e-03
2.510301e-03
2.514485e-03
2.518672e-03
2.522863e-03
2.527057e-03
2.531254e-03
2.535455e-03
2.539659e-03
2.543867e-03
2.548079e-03
2.552294e-03
2.556512e-03
2.560734e-03
2.564959e-03
2.569188e-03
2.573420e-03
2.577656e-03
2.581895e-03
2.586138e-03
2.590384e-03
2.594634e-03
2.598887e-03
2.603144e-03
2.607404e-03
2.611667e-03
2.615935e-03
2.620205e-03
2.624479e-03
2.628757e-03
2.633038e-03
2.637322e-03
2.641610e-03
2.645902e-03
2.650197e-03
2.654495e-03
2.658797e-03
2.663102e-03
2.667411e-03
2.671724e-03
2.676039e-03
2.680359e-03
2.684681e-03
2.689008e-03
2.693337e-03
2.697671e-03
2.702007e-03
2.706348e-03
2.710691e-03
2.715038e-03
2.719389e-03
2.723743e-03
2.728101e-03
2.732462e-03
2.736826e-03
2.741194e-03
2.745566e-03
2.749941e-03
2.754319e-03
2.758701e-03
2.763087e-03
2.767476e-03
2.771868e-03
2.776264e-03
2.780663e-03
2.785066e-03
2.789473e-03
2.793882e-03
2.798296e-03
2.802713e-03
2.807133e-03
2.811556e-03
2.815984e-03
2.820414e-03
2.824849e-03
2.829286e-03
2.833727e-03
2.838172e-03
2.842620e-03
2.847072e-03
2.851527e-03
2.855985e-03
2.860447e-03
2.864913e-03
2.869382e-03
2.873854e-03
2.878330e-03
2.882810e-03
2.887292e-03
2.891779e-03
2.896269e-03
2.900762e-03
2.905259e-03
2.909759e-03
2.914263e-03
2.918770e-03
2.923281e-03
2.927795e-03
2.932313e-03
2.936834e-03
2.941359e-03
2.945887e-03
2.950419e-03
2.954954e-03
2.959492e-03
2.964034e-03
2.968580e-03
2.973129e-03
2.977682e-03
2.982238e-03
2.986797e-03
2.991360e-03
2.995926e-03
3.000496e-03
3.005070e-03
3.009647e-03
3.014227e-03
3.018811e-03
3.023398e-03
3.027989e-03
3.032583e-03
3.037181e-03
3.041782e-03
3.046387e-03
3.050995e-03
3.055607e-03
3.060222e-03
3.064841e-03
3.069463e-03
3.074089e-03
3.078718e-03
3.083350e-03
3.087986e-03
3.092626e-03
3.097269e-03
3.101915e-03
3.106565e-03
3.111219e-03
3.115876e-03
3.120536e-03
3.125200e-03
3.129867e-03
3.134538e-03
3.139213e-03
3.143890e-03
3.148572e-03
3.153257e-03
3.157945e-03
3.162637e-03
3.167332e-03
3.172031e-03
3.176733e-03
3.181438e-03
3.186148e-03
3.190860e-03
3.195576e-03
3.200296e-03
3.205019e-03
3.209746e-03
3.214476e-03
3.219209e-03
3.223946e-03
3.228687e-03
3.233431e-03
3.238178e-03
3.242929e-03
3.247683e-03
3.252441e-03
3.257203e-03
3.261967e-03
3.266736e-03
3.271508e-03
3.276283e-03
3.281062e-03
3.285844e-03
3.290630e-03
3.295419e-03
3.300212e-03
3.305008e-03
3.309807e-03
3.314611e-03
3.319417e-03
3.324227e-03
3.329041e-03
3.333858e-03
3.338678e-03
3.343502e-03
3.348330e-03
3.353161e-03
3.357995e-03
3.362833e-03
3.367675e-03
3.372520e-03
3.377368e-03
3.382220e-03
3.387075e-03
3.391934e-03
3.396796e-03
3.401662e-03
3.406531e-03
3.411404e-03
3.416280e-03
3.421160e-03
3.426043e-03
3.430930e-03
3.435820e-03
3.440714e-03
3.445611e-03
3.450512e-03
3.455416e-03
3.460323e-03
3.465234e-03
3.470149e-03
3.475067e-03
3.479988e-03
3.484913e-03
3.489842e-03
3.494774e-03
3.499709e-03
3.504648e-03
3.509590e-03
3.514536e-03
3.519485e-03
3.524438e-03
3.529395e-03
3.534354e-03
3.539318e-03
3.544284e-03
3.549255e-03
3.554228e-03
3.559205e-03
3.564186e-03
3.569170e-03
3.574158e-03
3.579149e-03
3.584143e-03
3.589142e-03
3.594143e-03
3.599148e-03
3.604157e-03
3.609169e-03
3.614184e-03
3.619203e-03
3.624225e-03
3.629251e-03
3.634281e-03
3.639314e-03
3.644350e-03
3.649390e-03
3.654433e-03
3.659480e-03
3.664530e-03
3.669584e-03
3.674641e-03
3.679702e-03
3.684766e-03
3.689834e-03
3.694905e-03
3.699980e-03
3.705058e-03
3.710139e-03
3.715224e-03
3.720313e-03
3.725405e-03
3.730500e-03
3.735599e-03
3.740702e-03
3.745808e-03
3.750917e-03
3.756030e-03
3.761147e-03
3.766267e-03
3.771390e-03
3.776517e-03
3.781647e-03
3.786781e-03
3.791918e-03
3.797059e-03
3.802203e-03
3.807351e-03
3.812502e-03
3.817657e-03
3.822815e-03
3.827977e-03
3.833142e-03
3.838311e-03
3.843483e-03
3.848658e-03
3.853837e-03
3.859020e-03
3.864206e-03
3.869395e-03
3.874588e-03
3.879785e-03
3.884985e-03
3.890188e-03
3.895395e-03
3.900605e-03
3.905819e-03
3.911037e-03
3.916258e-03
3.921482e-03
3.926710e-03
3.931941e-03
3.937176e-03
3.942414e-03
3.947656e-03
3.952901e-03
3.958149e-03
3.963402e-03
3.968657e-03
3.973916e-03
3.979179e-03
3.984445e-03
3.989715e-03
3.994988e-03
4.000264e-03
4.005544e-03
4.010828e-03
4.016115e-03
4.021405e-03
4.026699e-03
4.031996e-03
4.037297e-03
4.042602e-03
4.047910e-03
4.053221e-03
4.058536e-03
4.063854e-03
4.069176e-03
4.074501e-03
4.079165e-03
4.083812e-03
4.088441e-03
4.093053e-03
4.097647e-03
4.102225e-03
4.106784e-03
4.111327e-03
4.115852e-03
4.120360e-03
4.124850e-03
4.129323e-03
4.133779e-03
4.138217e-03
4.142638e-03
4.147042e-03
4.151428e-03
4.155797e-03
4.160149e-03
4.164483e-03
4.168800e-03
4.173099e-03
4.177381e-03
4.181646e-03
4.185893e-03
4.190123e-03
4.194336e-03
4.198532e-03
4.202709e-03
4.206870e-03
4.211013e-03
4.215139e-03
4.219248e-03
4.223339e-03
4.227413e-03
4.231469e-03
4.235508e-03
4.239530e-03
4.243535e-03
4.247522e-03
4.251491e-03
4.255444e-03
4.259379e-03
4.263296e-03
4.267196e-03
4.271079e-03
4.274945e-03
4.278793e-03
4.282624e-03
4.286437e-03
4.290233e-03
4.294012e-03
4.297774e-03
4.301518e-03
4.305244e-03
4.308954e-03
4.312646e-03
4.316320e-03
4.319977e-03
4.323617e-03
4.327240e-03
4.330845e-03
4.334433e-03
4.338003e-03
4.341556e-03
4.345092e-03
4.348610e-03
4.352111e-03
4.355595e-03
4.359061e-03
4.362510e-03
4.365942e-03
4.369356e-03
4.372753e-03
4.376133e-03
4.379495e-03
4.382840e-03
4.386167e-03
4.389477e-03
4.392770e-03
4.396045e-03
4.399303e-03
4.402544e-03
4.405767e-03
4.408973e-03
4.412162e-03
4.415333e-03
4.418487e-03
4.421623e-03
4.424743e-03
4.427844e-03
4.430929e-03
4.433996e-03
4.437046e-03
4.440078e-03
4.443093e-03
4.446091e-03
4.449071e-03
4.452034e-03
4.454979e-03
4.457908e-03
4.460818e-03
4.463712e-03
4.466588e-03
4.469447e-03
4.472288e-03
4.475112e-03
4.477919e-03
4.480709e-03
4.483481e-03
4.486235e-03
4.488972e-03
4.491692e-03
4.494395e-03
4.497080e-03
4.499748e-03
4.502399e-03
4.505032e-03
4.507647e-03
4.510246e-03
4.512827e-03
4.515391e-03
4.517937e-03
4.520466e-03
4.522978e-03
4.525472e-03
4.527949e-03
4.530408e-03
4.532851e-03
4.535275e-03
4.537683e-03
4.540073e-03
4.542446e-03
4.544801e-03
4.547139e-03
4.549460e-03
4.551763e-03
4.554049e-03
4.556318e-03
4.558569e-03
4.560803e-03
4.563020e-03
4.565219e-03
4.567401e-03
4.569565e-03
4.571712e-03
4.573842e-03
4.575955e-03
4.578050e-03
4.580127e-03
4.582188e-03
4.584231e-03
4.586256e-03
4.588265e-03
4.590255e-03
4.592229e-03
4.594185e-03
4.596124e-03
4.598045e-03
4.599950e-03
4.601836e-03
4.603706e-03
4.605558e-03
4.607393e-03
4.609210e-03
4.611010e-03
4.612792e-03
4.614558e-03
4.616306e-03
4.618036e-03
4.619749e-03
4.621445e-03
4.623124e-03
4.624785e-03
4.626428e-03
4.628055e-03
4.629664e-03
4.631256e-03
4.632830e-03
4.634387e-03
4.635926e-03
4.637449e-03
4.638954e-03
4.640441e-03
4.641911e-03
4.643364e-03
4.644800e-03
4.646218e-03
4.647618e-03
4.649002e-03
4.650368e-03
4.651717e-03
4.653048e-03
4.654362e-03
4.655658e-03
4.656938e-03
4.658200e-03
4.659444e-03
4.660671e-03
4.661881e-03
4.663074e-03
4.664249e-03
4.665406e-03
4.666547e-03
4.667670e-03
4.668775e-03
4.669864e-03
4.670935e-03
4.671988e-03
4.673025e-03
4.674043e-03
4.675045e-03
4.676029e-03
4.676996e-03
4.677945e-03
4.678877e-03
4.679792e-03
4.680690e-03
4.681570e-03
4.682432e-03
4.683277e-03
4.684105e-03
4.684916e-03
4.685709e-03
4.686485e-03
4.687244e-03
4.687985e-03
4.688709e-03
4.689415e-03
4.690104e-03
4.690776e-03
4.691430e-03
4.692067e-03
4.692687e-03
4.693289e-03
4.693874e-03
4.694442e-03
4.694992e-03
4.695525e-03
4.696040e-03
4.696538e-03
4.697019e-03
4.697483e-03
4.697929e-03
4.698357e-03
4.698769e-03
4.699163e-03
4.699539e-03
4.699899e-03
4.700241e-03
4.700565e-03
4.700872e-03
4.701162e-03
4.701435e-03
4.701690e-03
4.701928e-03
4.702148e-03
4.702351e-03
4.702537e-03
4.702705e-03
4.702856e-03
4.702990e-03
4.703106e-03
4.703205e-03
4.703287e-03
4.703351e-03
4.703398e-03
4.703427e-03
4.703439e-03
4.703434e-03
4.703411e-03
4.703372e-03
4.703314e-03
4.703240e-03
4.703148e-03
4.703038e-03
4.702911e-03
4.702767e-03
4.702606e-03
4.702427e-03
4.702231e-03
4.702017e-03
4.701787e-03
4.701538e-03
4.701273e-03
4.700990e-03
4.700689e-03
4.700372e-03
4.700037e-03
4.699684e-03
4.699315e-03
4.698928e-03
4.698523e-03
4.698101e-03
4.697662e-03
4.697206e-03
4.696732e-03
4.696240e-03
4.695732e-03
4.695206e-03
4.694885e-03
4.694885e-03
4.694885e-03
4.694885e-03
4.694885e-03
4.694885e-03
4.694885e-03
4.694885e-03
4.694885e-03
4.694885e-03
4.694885e-03
4.694885e-03
4.694885e-03
4.694885e-03
4.694885e-03
4.694885e-03
4.694885e-03
4.694885e-03
4.694885e-03
4.694885e-03
4.694885e-03
4.694885e-03
4.694885e-03
4.694885e-03
4.694885e-03
4.694885e-03
4.694885e-03
4.694885e-03
4.694885e-03
4.694885e-03
4.694885e-03
4.694885e-03
4.694885e-03
4.694885e-03
4.694885e-03
4.694885e-03
4.694885e-03
4.694885e-03
4.694885e-03
4.694885e-03
4.694885e-03
4.694885e-03
4.694885e-03
4.694885e-03
4.694885e-03
4.694885e-03
4.694885e-03
4.694885e-03
4.694885e-03
4.694885e-03
4.694885e-03
4.694885e-03
4.694885e-03
4.694885e-03
4.694885e-03
4.694885e-03
4.694885e-03
4.694885e-03
4.694885e-03
4.694885e-03
4.694885e-03
4.694885e-03
4.694885e-03
4.694885e-03
4.694885e-03
4.694885e-03
4.694885e-03
4.694885e-03
4.694885e-03
4.694885e-03
4.694885e-03
4.694885e-03
4.694885e-03
4.694885e-03
4.694885e-03
4.694885e-03
4.694885e-03
4.694885e-03
4.694885e-03
4.694885e-03
4.694885e-03
4.694885e-03
4.694885e-03
4.694885e-03
4.694885e-03
4.694885e-03
4.694885e-03
4.694885e-03
4.694885e-03
4.694885e-03
4.694885e-03
4.694885e-03
4.694885e-03
4.694885e-03
4.694885e-03
4.694885e-03
4.694885e-03
4.694885e-03
4.694885e-03
4.694885e-03
4.694885e-03
4.694885e-03
4.694885e-03
4.694885e-03
4.694885e-03
4.694885e-03
4.694885e-03
4.694885e-03
4.694885e-03
4.694885e-03
4.694885e-03
4.694885e-03
4.694885e-03
4.694885e-03
4.694885e-03
4.694885e-03
4.694885e-03
4.694885e-03
4.694885e-03
4.694885e-03
4.694885e-03
4.694885e-03
4.694885e-03
4.694885e-03
4.694885e-03
4.694885e-03
4.694885e-03
4.694885e-03
4.694885e-03
4.694885e-03
4.694885e-03
4.694885e-03
4.694885e-03
4.694885e-03
4.694885e-03
4.694885e-03
4.694885e-03
4.694885e-03
4.694885e-03
4.694885e-03
4.694885e-03
4.694885e-03
4.694885e-03
4.694885e-03
4.694885e-03
4.694885e-03
4.694885e-03
4.694885e-03
4.694885e-03
4.694885e-03
4.694885e-03
4.694885e-03
4.694885e-03
4.694885e-03
4.694885e-03
4.694885e-03
4.694885e-03
4.694885e-03
4.694885e-03
4.694885e-03
4.694885e-03
4.694885e-03
4.694885e-03
4.694885e-03
4.694885e-03
4.694885e-03
4.694885e-03
4.694885e-03
4.694885e-03
4.694885e-03
4.694885e-03
4.694885e-03
4.694885e-03
4.694885e-03
4.694885e-03
4.694885e-03
4.694885e-03
4.694885e-03
4.694885e-03
4.694885e-03
4.694885e-03
4.694885e-03
4.694885e-03
4.694885e-03
4.694885e-03
4.694885e-03
4.694885e-03
4.694885e-03
4.694885e-03
4.694885e-03
4.694885e-03
4.694885e-03
4.694885e-03
4.694885e-03
4.694885e-03
4.694885e-03
4.694885e-03
4.694885e-03
4.694885e-03
4.694885e-03
4.694885e-03
