0.000000e+00
1.110371e-07
2.250510e-07
3.420419e-07
4.620095e-07
5.849541e-07
7.108755e-07
8.397738e-07
9.716489e-07
1.106501e-06
1.244330e-06
1.385136e-06
1.528918e-06
1.675678e-06
1.825414e-06
1.978127e-06
2.133817e-06
2.292484e-06
2.454128e-06
2.618749e-06
2.786346e-06
2.956921e-06
3.130472e-06
3.307000e-06
3.486505e-06
3.668987e-06
3.854446e-06
4.042881e-06
4.234294e-06
4.428683e-06
4.626049e-06
4.826392e-06
5.029712e-06
5.236009e-06
5.445283e-06
5.657533e-06
5.872760e-06
6.090965e-06
6.312146e-06
6.536304e-06
6.763439e-06
6.993550e-06
7.226639e-06
7.462704e-06
7.701747e-06
7.943766e-06
8.188762e-06
8.436735e-06
8.687685e-06
8.941611e-06
9.198515e-06
9.458395e-06
9.721252e-06
9.987086e-06
1.025590e-05
1.052769e-05
1.080245e-05
1.108019e-05
1.136091e-05
1.164461e-05
1.193128e-05
1.222093e-05
1.251355e-05
1.280915e-05
1.310773e-05
1.340929e-05
1.371382e-05
1.402133e-05
1.433182e-05
1.464529e-05
1.496173e-05
1.528114e-05
1.560354e-05
1.592891e-05
1.625726e-05
1.658858e-05
1.692289e-05
1.726016e-05
1.760042e-05
1.794365e-05
1.828986e-05
1.863905e-05
1.899121e-05
1.934635e-05
1.970447e-05
2.006556e-05
2.042963e-05
2.079668e-05
2.116671e-05
2.153971e-05
2.191568e-05
2.229464e-05
2.267657e-05
2.306148e-05
2.344937e-05
2.384023e-05
2.423407e-05
2.463088e-05
2.503068e-05
2.543345e-05
2.583919e-05
2.624792e-05
2.665962e-05
2.707429e-05
2.749195e-05
2.791258e-05
2.833619e-05
2.876277e-05
2.919233e-05
2.962487e-05
3.006039e-05
3.049888e-05
3.094035e-05
3.138480e-05
3.183222e-05
3.228262e-05
3.273600e-05
3.319235e-05
3.365168e-05
3.411399e-05
3.457927e-05
3.504753e-05
3.551877e-05
3.599298e-05
3.647018e-05
3.695034e-05
3.743349e-05
3.791961e-05
3.840871e-05
3.890079e-05
3.939584e-05
3.989387e-05
4.039488e-05
4.089886e-05
4.140582e-05
4.191576e-05
4.242867e-05
4.294456e-05
4.346343e-05
4.398527e-05
4.451009e-05
4.503789e-05
4.556867e-05
4.610242e-05
4.663915e-05
4.717885e-05
4.772154e-05
4.826720e-05
4.881583e-05
4.936745e-05
4.992204e-05
5.047960e-05
5.104015e-05
5.160367e-05
5.217016e-05
5.273964e-05
5.331209e-05
5.388752e-05
5.446592e-05
5.504731e-05
5.563166e-05
5.621900e-05
5.680931e-05
5.740260e-05
5.799887e-05
5.859811e-05
5.920033e-05
5.980553e-05
6.041370e-05
6.102485e-05
6.163898e-05
6.225608e-05
6.287616e-05
6.349922e-05
6.412526e-05
6.475427e-05
6.538626e-05
6.602122e-05
6.665916e-05
6.730008e-05
6.794398e-05
6.859085e-05
6.924070e-05
6.989353e-05
7.054933e-05
7.120811e-05
7.186987e-05
7.253460e-05
7.320232e-05
7.387300e-05
7.454667e-05
7.522331e-05
7.590293e-05
7.658552e-05
7.727110e-05
7.795964e-05
7.865117e-05
7.934567e-05
8.004315e-05
8.074361e-05
8.144704e-05
8.215345e-05
8.286284e-05
8.357520e-05
8.429054e-05
8.500886e-05
8.573016e-05
8.645443e-05
8.718168e-05
8.791190e-05
8.864510e-05
8.938128e-05
9.012044e-05
9.086257e-05
9.160768e-05
9.235577e-05
9.310683e-05
9.386087e-05
9.461789e-05
9.537788e-05
9.614085e-05
9.690680e-05
9.767572e-05
9.844762e-05
9.922250e-05
1.000004e-04
1.007812e-04
1.015650e-04
1.023518e-04
1.031415e-04
1.039343e-04
1.047300e-04
1.055287e-04
1.063304e-04
1.071350e-04
1.079426e-04
1.087532e-04
1.095668e-04
1.103834e-04
1.112029e-04
1.120254e-04
1.128509e-04
1.136794e-04
1.145108e-04
1.153452e-04
1.161826e-04
1.170230e-04
1.178663e-04
1.187126e-04
1.195619e-04
1.204142e-04
1.212695e-04
1.221277e-04
1.229889e-04
1.238531e-04
1.247202e-04
1.255904e-04
1.264635e-04
1.273396e-04
1.282187e-04
1.291007e-04
1.299857e-04
1.308737e-04
1.317647e-04
1.326587e-04
1.335556e-04
1.344555e-04
1.353584e-04
1.362642e-04
1.371731e-04
1.380849e-04
1.389997e-04
1.399174e-04
1.408382e-04
1.417619e-04
1.426886e-04
1.436183e-04
1.445509e-04
1.454866e-04
1.464252e-04
1.473668e-04
1.483113e-04
1.492588e-04
1.502094e-04
1.511629e-04
1.521193e-04
1.530788e-04
1.540412e-04
1.550066e-04
1.559750e-04
1.569463e-04
1.579206e-04
1.588979e-04
1.598782e-04
1.608615e-04
1.618477e-04
1.628369e-04
1.638291e-04
1.648243e-04
1.658224e-04
1.668235e-04
1.678276e-04
1.688347e-04
1.698448e-04
1.708578e-04
1.718738e-04
1.728928e-04
1.739147e-04
1.749397e-04
1.759676e-04
1.769985e-04
1.780323e-04
1.790692e-04
1.801090e-04
1.811518e-04
1.821976e-04
1.832463e-04
1.842980e-04
1.853527e-04
1.864104e-04
1.874711e-04
1.885347e-04
1.896013e-04
1.906709e-04
1.917435e-04
1.928190e-04
1.938975e-04
1.949790e-04
1.960635e-04
1.971510e-04
1.982414e-04
1.993348e-04
2.004312e-04
2.015305e-04
2.026329e-04
2.037382e-04
2.048465e-04
2.059577e-04
2.070720e-04
2.081892e-04
2.093094e-04
2.104325e-04
2.115587e-04
2.126878e-04
2.138199e-04
2.149550e-04
2.160931e-04
2.172341e-04
2.183781e-04
2.195251e-04
2.206750e-04
2.218280e-04
2.229839e-04
2.241428e-04
2.253047e-04
2.264695e-04
2.276373e-04
2.288081e-04
2.299819e-04
2.311587e-04
2.323384e-04
2.335211e-04
2.347068e-04
2.358955e-04
2.370871e-04
2.382817e-04
2.394793e-04
2.406799e-04
2.418834e-04
2.430900e-04
2.442995e-04
2.455119e-04
2.467274e-04
2.479458e-04
2.491672e-04
2.503916e-04
2.516190e-04
2.528493e-04
2.540826e-04
2.553189e-04
2.565582e-04
2.578004e-04
2.590457e-04
2.602939e-04
2.615450e-04
2.627992e-04
2.640563e-04
2.653164e-04
2.665795e-04
2.678456e-04
2.691146e-04
2.703866e-04
2.716616e-04
2.729396e-04
2.742205e-04
2.755044e-04
2.767913e-04
2.780812e-04
2.793741e-04
2.806699e-04
2.819687e-04
2.832705e-04
2.845753e-04
2.858830e-04
2.871937e-04
2.885074e-04
2.898241e-04
2.911437e-04
2.924663e-04
2.937919e-04
2.951205e-04
2.964521e-04
2.977866e-04
2.991241e-04
3.004646e-04
3.018080e-04
3.031545e-04
3.045039e-04
3.058563e-04
3.072116e-04
3.085700e-04
3.099313e-04
3.112956e-04
3.126629e-04
3.140331e-04
3.154064e-04
3.167826e-04
3.181617e-04
3.195439e-04
3.209290e-04
3.223171e-04
3.237082e-04
3.251023e-04
3.264993e-04
3.278994e-04
3.293024e-04
3.307083e-04
3.321173e-04
3.335292e-04
3.349441e-04
3.363620e-04
3.377829e-04
3.392067e-04
3.406335e-04
3.420633e-04
3.434961e-04
3.449318e-04
3.463705e-04
3.478122e-04
3.492569e-04
3.507045e-04
3.521552e-04
3.536088e-04
3.550653e-04
3.565249e-04
3.579874e-04
3.594529e-04
3.609214e-04
3.623929e-04
3.638673e-04
3.653448e-04
3.668252e-04
3.683085e-04
3.697949e-04
3.712842e-04
3.727765e-04
3.742718e-04
3.757700e-04
3.772713e-04
3.787755e-04
3.802827e-04
3.817928e-04
3.833060e-04
3.848221e-04
3.863412e-04
3.878633e-04
3.893883e-04
3.909163e-04
3.924473e-04
3.939813e-04
3.955183e-04
3.970582e-04
3.986011e-04
4.001470e-04
4.016959e-04
4.032477e-04
4.048025e-04
4.063603e-04
4.079211e-04
4.094848e-04
4.110516e-04
4.126213e-04
4.141939e-04
4.157696e-04
4.173482e-04
4.189298e-04
4.205144e-04
4.221020e-04
4.236925e-04
4.252860e-04
4.268825e-04
4.284820e-04
4.300844e-04
4.316899e-04
4.332983e-04
4.349096e-04
4.365240e-04
4.381413e-04
4.397616e-04
4.413849e-04
4.430112e-04
4.446404e-04
4.462726e-04
4.479078e-04
4.495460e-04
4.511871e-04
4.528313e-04
4.544784e-04
4.561284e-04
4.577815e-04
4.594375e-04
4.610965e-04
4.627585e-04
4.644235e-04
4.660914e-04
4.677623e-04
4.694362e-04
4.711131e-04
4.727929e-04
4.744758e-04
4.761616e-04
4.778503e-04
4.795421e-04
4.812368e-04
4.829345e-04
4.846352e-04
4.863389e-04
4.880455e-04
4.897551e-04
4.914677e-04
4.931833e-04
4.949018e-04
4.966233e-04
4.983478e-04
5.000753e-04
5.018058e-04
5.035392e-04
5.052756e-04
5.070150e-04
5.087573e-04
5.105027e-04
5.122510e-04
5.140023e-04
5.157565e-04
5.175138e-04
5.192740e-04
5.210372e-04
5.228034e-04
5.245725e-04
5.263447e-04
5.281198e-04
5.298979e-04
5.316789e-04
5.334629e-04
5.352500e-04
5.370399e-04
5.388329e-04
5.406289e-04
5.424278e-04
5.442297e-04
5.460345e-04
5.478424e-04
5.496532e-04
5.514670e-04
5.532838e-04
5.551036e-04
5.569263e-04
5.587520e-04
5.605807e-04
5.624124e-04
5.642470e-04
5.660846e-04
5.679252e-04
5.697688e-04
5.716153e-04
5.734649e-04
5.753174e-04
5.771729e-04
5.790313e-04
5.808928e-04
5.827572e-04
5.846245e-04
5.864949e-04
5.883683e-04
5.902446e-04
5.921239e-04
5.940061e-04
5.958914e-04
5.977796e-04
5.996708e-04
6.015650e-04
6.034622e-04
6.053623e-04
6.072654e-04
6.091715e-04
6.110805e-04
6.129926e-04
6.149076e-04
6.168256e-04
6.187466e-04
6.206705e-04
6.225974e-04
6.245273e-04
6.264602e-04
6.283961e-04
6.303349e-04
6.322767e-04
6.342215e-04
6.361693e-04
6.381200e-04
6.400737e-04
6.420304e-04
6.439901e-04
6.459527e-04
6.479184e-04
6.498870e-04
6.518585e-04
6.538331e-04
6.558106e-04
6.577911e-04
6.597746e-04
6.617611e-04
6.637505e-04
6.657429e-04
6.677383e-04
6.697367e-04
6.717381e-04
6.737424e-04
6.757497e-04
6.777600e-04
6.797732e-04
6.817894e-04
6.838086e-04
6.858308e-04
6.878560e-04
6.898841e-04
6.919152e-04
6.939493e-04
6.959864e-04
6.980265e-04
7.000695e-04
7.021155e-04
7.041645e-04
7.062164e-04
7.082713e-04
7.103292e-04
7.123901e-04
7.144540e-04
7.165208e-04
7.185906e-04
7.206634e-04
7.227392e-04
7.248179e-04
7.268997e-04
7.289844e-04
7.310720e-04
7.331627e-04
7.352563e-04
7.373529e-04
7.394525e-04
7.415551e-04
7.436606e-04
7.457691e-04
7.478806e-04
7.499951e-04
7.521125e-04
7.542330e-04
7.563564e-04
7.584827e-04
7.606121e-04
7.627444e-04
7.648797e-04
7.670180e-04
7.691593e-04
7.713035e-04
7.734507e-04
7.756009e-04
7.777541e-04
7.799102e-04
7.820693e-04
7.842314e-04
7.863965e-04
7.885645e-04
7.907356e-04
7.929096e-04
7.950866e-04
7.972665e-04
7.994495e-04
8.016354e-04
8.038243e-04
8.060161e-04
8.082110e-04
8.104088e-04
8.126096e-04
8.148134e-04
8.170201e-04
8.192298e-04
8.214425e-04
8.236582e-04
8.258769e-04
8.280985e-04
8.303231e-04
8.325507e-04
8.347813e-04
8.370148e-04
8.392513e-04
8.414908e-04
8.437333e-04
8.459788e-04
8.482272e-04
8.504786e-04
8.527330e-04
8.549903e-04
8.572507e-04
8.595140e-04
8.617803e-04
8.640495e-04
8.663218e-04
8.685970e-04
8.708752e-04
8.731564e-04
8.754405e-04
8.777276e-04
8.800177e-04
8.823108e-04
8.846069e-04
8.869059e-04
8.892079e-04
8.915129e-04
8.938209e-04
8.961318e-04
8.984457e-04
9.007626e-04
9.030825e-04
9.054053e-04
9.077312e-04
9.100600e-04
9.123917e-04
9.147265e-04
9.170642e-04
9.194049e-04
9.217486e-04
9.240953e-04
9.264449e-04
9.287975e-04
9.311531e-04
9.335117e-04
9.358733e-04
9.382378e-04
9.406053e-04
9.429758e-04
9.453492e-04
9.477256e-04
9.501051e-04
9.524874e-04
9.548728e-04
9.572611e-04
9.596525e-04
9.620467e-04
9.644440e-04
9.668443e-04
9.692475e-04
9.716537e-04
9.740629e-04
9.764750e-04
9.788902e-04
9.813083e-04
9.837293e-04
9.861534e-04
9.885804e-04
9.910105e-04
9.934435e-04
9.958794e-04
9.983184e-04
1.000760e-03
1.003205e-03
1.005653e-03
1.008104e-03
1.010558e-03
1.013015e-03
1.015474e-03
1.017937e-03
1.020403e-03
1.022872e-03
1.025343e-03
1.027818e-03
1.030296e-03
1.032776e-03
1.035260e-03
1.037746e-03
1.040236e-03
1.042728e-03
1.045224e-03
1.047722e-03
1.050224e-03
1.052728e-03
1.055236e-03
1.057746e-03
1.060259e-03
1.062776e-03
1.065295e-03
1.067817e-03
1.070343e-03
1.072871e-03
1.075402e-03
1.077936e-03
1.080474e-03
1.083014e-03
1.085557e-03
1.088103e-03
1.090652e-03
1.093204e-03
1.095759e-03
1.098317e-03
1.100878e-03
1.103442e-03
1.106009e-03
1.108579e-03
1.111152e-03
1.113728e-03
1.116307e-03
1.118889e-03
1.121473e-03
1.124061e-03
1.126652e-03
1.129246e-03
1.131842e-03
1.134442e-03
1.137045e-03
1.139650e-03
1.142259e-03
1.144871e-03
1.147485e-03
1.150103e-03
1.152723e-03
1.155347e-03
1.157973e-03
1.160603e-03
1.163235e-03
1.165871e-03
1.168509e-03
1.171150e-03
1.173795e-03
1.176442e-03
1.179092e-03
1.181746e-03
1.184402e-03
1.187061e-03
1.189723e-03
1.192389e-03
1.195057e-03
1.197728e-03
1.200402e-03
1.203079e-03
1.205759e-03
1.208442e-03
1.211128e-03
1.213817e-03
1.216509e-03
1.219204e-03
1.221902e-03
1.224603e-03
1.227307e-03
1.230014e-03
1.232724e-03
1.235436e-03
1.238152e-03
1.240871e-03
1.243593e-03
1.246317e-03
1.249045e-03
1.251776e-03
1.254510e-03
1.257246e-03
1.259986e-03
1.262728e-03
1.265474e-03
1.268222e-03
1.270974e-03
1.273728e-03
1.276486e-03
1.279246e-03
1.282010e-03
1.284776e-03
1.287546e-03
1.290318e-03
1.293093e-03
1.295872e-03
1.298653e-03
1.301437e-03
1.304224e-03
1.307015e-03
1.309808e-03
1.312604e-03
1.315403e-03
1.318205e-03
1.321010e-03
1.323818e-03
1.326629e-03
1.329443e-03
1.332260e-03
1.335080e-03
1.337903e-03
1.340729e-03
1.343558e-03
1.346390e-03
1.349225e-03
1.352063e-03
1.354904e-03
1.357748e-03
1.360594e-03
1.363444e-03
1.366297e-03
1.369152e-03
1.372011e-03
1.374873e-03
1.377737e-03
1.380605e-03
1.383476e-03
1.386349e-03
1.389226e-03
1.392105e-03
1.394988e-03
1.397873e-03
1.400762e-03
1.403653e-03
1.406548e-03
1.409445e-03
1.412345e-03
1.415249e-03
1.418155e-03
1.421064e-03
1.423977e-03
1.426892e-03
1.429810e-03
1.432731e-03
1.435655e-03
1.438582e-03
1.441513e-03
1.444446e-03
1.447382e-03
1.450321e-03
1.453263e-03
1.456208e-03
1.459156e-03
1.462107e-03
1.465061e-03
1.468018e-03
1.470978e-03
1.473941e-03
1.476906e-03
1.479875e-03
1.482847e-03
1.485822e-03
1.488800e-03
1.491780e-03
1.494764e-03
1.497751e-03
1.500740e-03
1.503733e-03
1.506729e-03
1.509727e-03
1.512729e-03
1.515733e-03
1.518741e-03
1.521751e-03
1.524765e-03
1.527781e-03
1.530801e-03
1.533823e-03
1.536849e-03
1.539877e-03
1.542908e-03
1.545943e-03
1.548980e-03
1.552020e-03
1.555063e-03
1.558110e-03
1.561159e-03
1.564211e-03
1.567266e-03
1.570324e-03
1.573385e-03
1.576449e-03
1.579517e-03
1.582587e-03
1.585660e-03
1.588736e-03
1.591815e-03
1.594897e-03
1.597981e-03
1.601069e-03
1.604160e-03
1.607254e-03
1.610351e-03
1.613451e-03
1.616554e-03
1.619659e-03
1.622768e-03
1.625880e-03
1.628994e-03
1.632112e-03
1.635233e-03
1.638356e-03
1.641483e-03
1.644613e-03
1.647745e-03
1.650881e-03
1.654019e-03
1.657161e-03
1.660305e-03
1.663453e-03
1.666603e-03
1.669756e-03
1.672913e-03
1.676072e-03
1.679234e-03
1.682400e-03
1.685568e-03
1.688739e-03
1.691913e-03
1.695091e-03
1.698271e-03
1.701454e-03
1.704640e-03
1.707829e-03
1.711021e-03
1.714216e-03
1.717414e-03
1.720616e-03
1.723820e-03
1.727026e-03
1.730236e-03
1.733449e-03
1.736665e-03
1.739884e-03
1.743106e-03
1.746331e-03
1.749559e-03
1.752789e-03
1.756023e-03
1.759260e-03
1.762500e-03
1.765742e-03
1.768988e-03
1.772237e-03
1.775488e-03
1.778743e-03
1.782001e-03
1.785261e-03
1.788525e-03
1.791791e-03
1.795061e-03
1.798333e-03
1.801609e-03
1.804887e-03
1.808168e-03
1.811453e-03
1.814740e-03
1.818030e-03
1.821324e-03
1.824620e-03
1.827919e-03
1.831222e-03
1.834527e-03
1.837835e-03
1.841146e-03
1.844460e-03
1.847777e-03
1.851097e-03
1.854421e-03
1.857747e-03
1.861076e-03
1.864408e-03
1.867743e-03
1.871081e-03
1.874422e-03
1.877765e-03
1.881112e-03
1.884462e-03
1.887815e-03
1.891171e-03
1.894530e-03
1.897891e-03
1.901256e-03
1.904624e-03
1.907995e-03
1.911368e-03
1.914745e-03
1.918125e-03
1.921507e-03
1.924893e-03
1.928281e-03
1.931673e-03
1.935067e-03
1.938465e-03
1.941865e-03
1.945269e-03
1.948675e-03
1.952085e-03
1.955497e-03
1.958912e-03
1.962331e-03
1.965752e-03
1.969176e-03
1.972604e-03
1.976034e-03
1.979467e-03
1.982903e-03
1.986342e-03
1.989785e-03
1.993230e-03
1.996678e-03
2.000129e-03
2.003583e-03
2.007040e-03
2.010500e-03
2.013963e-03
2.017429e-03
2.020898e-03
2.024370e-03
2.027845e-03
2.031323e-03
2.034803e-03
2.038287e-03
2.041774e-03
2.045264e-03
2.048757e-03
2.052252e-03
2.055751e-03
2.059253e-03
2.062757e-03
2.066265e-03
2.069776e-03
2.073289e-03
2.076806e-03
2.080325e-03
2.083848e-03
2.087373e-03
2.090902e-03
2.094433e-03
2.097968e-03
2.101505e-03
2.105046e-03
2.108589e-03
2.112135e-03
2.115685e-03
2.119237e-03
2.122792e-03
2.126350e-03
2.129912e-03
2.133476e-03
2.137043e-03
2.140613e-03
2.144186e-03
2.147762e-03
2.151341e-03
2.154924e-03
2.158509e-03
2.162097e-03
2.165688e-03
2.169282e-03
2.172878e-03
2.176478e-03
2.180081e-03
2.183687e-03
2.187296e-03
2.190908e-03
2.194523e-03
2.198140e-03
2.201761e-03
2.205385e-03
2.209012e-03
2.212641e-03
2.216274e-03
2.219910e-03
2.223548e-03
2.227190e-03
2.230834e-03
2.234482e-03
2.238133e-03
2.241786e-03
2.245443e-03
2.249102e-03
2.252764e-03
2.256430e-03
2.260098e-03
2.263770e-03
2.267444e-03
2.271121e-03
2.274802e-03
2.278485e-03
2.282171e-03
2.285860e-03
2.289553e-03
2.293248e-03
2.296946e-03
2.300647e-03
2.304351e-03
2.308058e-03
2.311768e-03
2.315481e-03
2.319197e-03
2.322916e-03
2.326638e-03
2.330363e-03
2.334091e-03
2.337822e-03
2.341556e-03
2.345293e-03
2.349033e-03
2.352776e-03
2.356521e-03
2.360270e-03
2.364022e-03
2.367777e-03
2.371534e-03
2.375295e-03
2.379059e-03
2.382825e-03
2.386595e-03
2.390367e-03
2.394143e-03
2.397921e-03
2.401703e-03
2.405487e-03
2.409275e-03
2.413065e-03
2.416859e-03
2.420655e-03
2.424455e-03
2.428257e-03
2.432062e-03
2.435871e-03
2.439682e-03
2.443496e-03
2.447313e-03
2.451134e-03
2.454957e-03
2.458783e-03
2.462612e-03
2.466444e-03
2.470279e-03
2.474117e-03
2.477958e-03
2.481802e-03
2.485649e-03
2.489499e-03
2.493352e-03
2.497208e-03
2.501067e-03
2.504929e-03
2.508794e-03
2.512662e-03
2.516533e-03
2.520406e-03
2.524283e-03
2.528163e-03
2.532046e-03
2.535931e-03
2.539820e-03
2.543712e-03
2.547606e-03
2.551504e-03
2.555405e-03
2.559308e-03
2.563215e-03
2.567124e-03
2.571037e-03
2.574952e-03
2.578871e-03
2.582792e-03
2.586716e-03
2.590644e-03
2.594574e-03
2.598507e-03
2.602444e-03
2.606383e-03
2.610325e-03
2.614271e-03
2.618219e-03
2.622170e-03
2.626124e-03
2.630081e-03
2.634041e-03
2.638005e-03
2.641971e-03
2.645940e-03
2.649912e-03
2.653887e-03
2.657865e-03
2.661846e-03
2.665830e-03
2.669816e-03
2.673806e-03
2.677799e-03
2.681795e-03
2.685794e-03
2.689796e-03
2.693800e-03
2.697808e-03
2.701819e-03
2.705833e-03
2.709849e-03
2.713869e-03
2.717892e-03
2.721917e-03
2.725946e-03
2.729977e-03
2.734012e-03
2.738050e-03
2.742090e-03
2.746133e-03
2.750180e-03
2.754229e-03
2.758282e-03
2.762337e-03
2.766396e-03
2.770457e-03
2.774521e-03
2.778588e-03
2.782659e-03
2.786732e-03
2.790808e-03
2.794887e-03
2.798970e-03
2.803055e-03
2.807143e-03
2.811234e-03
2.815328e-03
2.819425e-03
2.823525e-03
2.827628e-03
2.831734e-03
2.835843e-03
2.839955e-03
2.844070e-03
2.848188e-03
2.852309e-03
2.856433e-03
2.860559e-03
2.864689e-03
2.868822e-03
2.872958e-03
2.877097e-03
2.881238e-03
2.885383e-03
2.889531e-03
2.893681e-03
2.897835e-03
2.901991e-03
2.906151e-03
2.910314e-03
2.914479e-03
2.918648e-03
2.922819e-03
2.926994e-03
2.931171e-03
2.935351e-03
2.939535e-03
2.943721e-03
2.947911e-03
2.952103e-03
2.956298e-03
2.960496e-03
2.964698e-03
2.968902e-03
2.973109e-03
2.977319e-03
2.981532e-03
2.985749e-03
2.989968e-03
2.994190e-03
2.998415e-03
3.002643e-03
3.006874e-03
3.011108e-03
3.015345e-03
3.019585e-03
3.023828e-03
3.028074e-03
3.032323e-03
3.036574e-03
3.040829e-03
3.045087e-03
3.049348e-03
3.053612e-03
3.057878e-03
3.062148e-03
3.066421e-03
3.070696e-03
3.074975e-03
3.079257e-03
3.083541e-03
3.087829e-03
3.092119e-03
3.096413e-03
3.100709e-03
3.105009e-03
3.109311e-03
3.113617e-03
3.117925e-03
3.122237e-03
3.126551e-03
3.130868e-03
3.135189e-03
3.139512e-03
3.143838e-03
3.148168e-03
3.152500e-03
3.156835e-03
3.161173e-03
3.165514e-03
3.169858e-03
3.174206e-03
3.178556e-03
3.182909e-03
3.187265e-03
3.191624e-03
3.195986e-03
3.200351e-03
3.204719e-03
3.209090e-03
3.213464e-03
3.217840e-03
3.222220e-03
3.226603e-03
3.230989e-03
3.235378e-03
3.239770e-03
3.244164e-03
3.248562e-03
3.252963e-03
3.257366e-03
3.261773e-03
3.266183e-03
3.270595e-03
3.275011e-03
3.279429e-03
3.283851e-03
3.288275e-03
3.292703e-03
3.297133e-03
3.301567e-03
3.306003e-03
3.310443e-03
3.314885e-03
3.319330e-03
3.323779e-03
3.328230e-03
3.332684e-03
3.337142e-03
3.341602e-03
3.346065e-03
3.350531e-03
3.355000e-03
3.359473e-03
3.363948e-03
3.368426e-03
3.372907e-03
3.377391e-03
3.381878e-03
3.386368e-03
3.390861e-03
3.395357e-03
3.399856e-03
3.404358e-03
3.408863e-03
3.413371e-03
3.417881e-03
3.422395e-03
3.426912e-03
3.431432e-03
3.435955e-03
3.440480e-03
3.445009e-03
3.449541e-03
3.454075e-03
3.458613e-03
3.463154e-03
3.467697e-03
3.472244e-03
3.476793e-03
3.481346e-03
3.485901e-03
3.490460e-03
3.495021e-03
3.499586e-03
3.504153e-03
3.508723e-03
3.512632e-03
3.516526e-03
3.520405e-03
3.524269e-03
3.528118e-03
3.531952e-03
3.535772e-03
3.539577e-03
3.543367e-03
3.547142e-03
3.550902e-03
3.554647e-03
3.558377e-03
3.562093e-03
3.565794e-03
3.569480e-03
3.573151e-03
3.576807e-03
3.580449e-03
3.584075e-03
3.587687e-03
3.591284e-03
3.594866e-03
3.598433e-03
3.601985e-03
3.605523e-03
3.609045e-03
3.612553e-03
3.616046e-03
3.619524e-03
3.622988e-03
3.626436e-03
3.629870e-03
3.633288e-03
3.636692e-03
3.640081e-03
3.643455e-03
3.646815e-03
3.650159e-03
3.653489e-03
3.656804e-03
3.660104e-03
3.663389e-03
3.666659e-03
3.669915e-03
3.673155e-03
3.676381e-03
3.679592e-03
3.682788e-03
3.685969e-03
3.689136e-03
3.692287e-03
3.695424e-03
3.698546e-03
3.701653e-03
3.704745e-03
3.707822e-03
3.710884e-03
3.713932e-03
3.716965e-03
3.719983e-03
3.722986e-03
3.725974e-03
3.728948e-03
3.731906e-03
3.734850e-03
3.737779e-03
3.740693e-03
3.743592e-03
3.746476e-03
3.749346e-03
3.752200e-03
3.755040e-03
3.757865e-03
3.760675e-03
3.763470e-03
3.766251e-03
3.769016e-03
3.771767e-03
3.774503e-03
3.777224e-03
3.779930e-03
3.782621e-03
3.785298e-03
3.787960e-03
3.790606e-03
3.793238e-03
3.795855e-03
3.798458e-03
3.801045e-03
3.803618e-03
3.806175e-03
3.808718e-03
3.811246e-03
3.813760e-03
3.816258e-03
3.818741e-03
3.821210e-03
3.823664e-03
3.826103e-03
3.828527e-03
3.830936e-03
3.833331e-03
3.835710e-03
3.838075e-03
3.840425e-03
3.842760e-03
3.845080e-03
3.847386e-03
3.849676e-03
3.851952e-03
3.854213e-03
3.856459e-03
3.858690e-03
3.860906e-03
3.863108e-03
3.865294e-03
3.867466e-03
3.869623e-03
3.871765e-03
3.873892e-03
3.876005e-03
3.878102e-03
3.880185e-03
3.882253e-03
3.884306e-03
3.886344e-03
3.888367e-03
3.890376e-03
3.892370e-03
3.894348e-03
3.896312e-03
3.898261e-03
3.900196e-03
3.902115e-03
3.904020e-03
3.905909e-03
3.907784e-03
3.909644e-03
3.911489e-03
3.913320e-03
3.915135e-03
3.916936e-03
3.918722e-03
3.920493e-03
3.922249e-03
3.923990e-03
3.925717e-03
3.927428e-03
3.929125e-03
3.930807e-03
3.932474e-03
3.934126e-03
3.935763e-03
3.937386e-03
3.938994e-03
3.940586e-03
3.942164e-03
3.943728e-03
3.945276e-03
3.946809e-03
3.948328e-03
3.949832e-03
3.951321e-03
3.952795e-03
3.954254e-03
3.955698e-03
3.957128e-03
3.958542e-03
3.959942e-03
3.961327e-03
3.962697e-03
3.964053e-03
3.965393e-03
3.966719e-03
3.968030e-03
3.969326e-03
3.970607e-03
3.971873e-03
3.973124e-03
3.974361e-03
3.975583e-03
3.976789e-03
3.977981e-03
3.979159e-03
3.980321e-03
3.981468e-03
3.982601e-03
3.983719e-03
3.984822e-03
3.985910e-03
3.986983e-03
3.988042e-03
3.989085e-03
3.990114e-03
3.991128e-03
3.992127e-03
3.993111e-03
3.994080e-03
3.995035e-03
3.995975e-03
3.996899e-03
3.997809e-03
3.998704e-03
3.999585e-03
4.000450e-03
4.001301e-03
4.002136e-03
4.002957e-03
4.003763e-03
4.004555e-03
4.005331e-03
4.006093e-03
4.006839e-03
4.007571e-03
4.008288e-03
4.008990e-03
4.009677e-03
4.010350e-03
4.011008e-03
4.011650e-03
4.012278e-03
4.012891e-03
4.013489e-03
4.014073e-03
4.014641e-03
4.015195e-03
4.015734e-03
4.016258e-03
4.016767e-03
4.017261e-03
4.017741e-03
4.018206e-03
4.018655e-03
4.019090e-03
4.019510e-03
4.019916e-03
4.020306e-03
4.020682e-03
4.021042e-03
4.021388e-03
4.021719e-03
4.022035e-03
4.022337e-03
4.022623e-03
4.022895e-03
4.023152e-03
4.023394e-03
4.023621e-03
4.023833e-03
4.024030e-03
4.024213e-03
4.024381e-03
4.024534e-03
4.024672e-03
4.024795e-03
4.024903e-03
4.024997e-03
4.025075e-03
4.025139e-03
4.025188e-03
4.025222e-03
4.025241e-03
4.025246e-03
4.025236e-03
4.025210e-03
4.025170e-03
4.025115e-03
4.025045e-03
4.024961e-03
4.024861e-03
4.024747e-03
4.024618e-03
4.024474e-03
4.024315e-03
4.024141e-03
4.023953e-03
4.023749e-03
4.023531e-03
4.023298e-03
4.023050e-03
4.022787e-03
4.022510e-03
4.022217e-03
4.021910e-03
4.021588e-03
4.021251e-03
4.020899e-03
4.020532e-03
4.020151e-03
4.019754e-03
4.019343e-03
4.018917e-03
4.018476e-03
4.018020e-03
4.017550e-03
4.017064e-03
4.016564e-03
4.016049e-03
4.015519e-03
4.015196e-03
4.015196e-03
4.015196e-03
4.015196e-03
4.015196e-03
4.015196e-03
4.015196e-03
4.015196e-03
4.015196e-03
4.015196e-03
4.015196e-03
4.015196e-03
4.015196e-03
4.015196e-03
4.015196e-03
4.015196e-03
4.015196e-03
4.015196e-03
4.015196e-03
4.015196e-03
4.015196e-03
4.015196e-03
4.015196e-03
4.015196e-03
4.015196e-03
4.015196e-03
4.015196e-03
4.015196e-03
4.015196e-03
4.015196e-03
4.015196e-03
4.015196e-03
4.015196e-03
4.015196e-03
4.015196e-03
4.015196e-03
4.015196e-03
4.015196e-03
4.015196e-03
4.015196e-03
4.015196e-03
4.015196e-03
4.015196e-03
4.015196e-03
4.015196e-03
4.015196e-03
4.015196e-03
4.015196e-03
4.015196e-03
4.015196e-03
4.015196e-03
4.015196e-03
4.015196e-03
4.015196e-03
4.015196e-03
4.015196e-03
4.015196e-03
4.015196e-03
4.015196e-03
4.015196e-03
4.015196e-03
4.015196e-03
4.015196e-03
4.015196e-03
4.015196e-03
4.015196e-03
4.015196e-03
4.015196e-03
4.015196e-03
4.015196e-03
4.015196e-03
4.015196e-03
4.015196e-03
4.015196e-03
4.015196e-03
4.015196e-03
4.015196e-03
4.015196e-03
4.015196e-03
4.015196e-03
4.015196e-03
4.015196e-03
4.015196e-03
4.015196e-03
4.015196e-03
4.015196e-03
4.015196e-03
4.015196e-03
4.015196e-03
4.015196e-03
4.015196e-03
4.015196e-03
4.015196e-03
4.015196e-03
4.015196e-03
4.015196e-03
4.015196e-03
4.015196e-03
4.015196e-03
4.015196e-03
4.015196e-03
4.015196e-03
4.015196e-03
4.015196e-03
4.015196e-03
4.015196e-03
4.015196e-03
4.015196e-03
4.015196e-03
4.015196e-03
4.015196e-03
4.015196e-03
4.015196e-03
4.015196e-03
4.015196e-03
4.015196e-03
4.015196e-03
4.015196e-03
4.015196e-03
4.015196e-03
4.015196e-03
4.015196e-03
4.015196e-03
4.015196e-03
4.015196e-03
4.015196e-03
4.015196e-03
4.015196e-03
4.015196e-03
4.015196e-03
4.015196e-03
4.015196e-03
4.015196e-03
4.015196e-03
4.015196e-03
4.015196e-03
4.015196e-03
4.015196e-03
4.015196e-03
4.015196e-03
4.015196e-03
4.015196e-03
4.015196e-03
4.015196e-03
4.015196e-03
4.015196e-03
4.015196e-03
4.015196e-03
4.015196e-03
4.015196e-03
4.015196e-03
4.015196e-03
4.015196e-03
4.015196e-03
4.015196e-03
4.015196e-03
4.015196e-03
4.015196e-03
4.015196e-03
4.015196e-03
4.015196e-03
4.015196e-03
4.015196e-03
4.015196e-03
4.015196e-03
4.015196e-03
4.015196e-03
4.015196e-03
4.015196e-03
4.015196e-03
4.015196e-03
4.015196e-03
4.015196e-03
4.015196e-03
4.015196e-03
4.015196e-03
4.015196e-03
4.015196e-03
4.015196e-03
4.015196e-03
4.015196e-03
4.015196e-03
4.015196e-03
4.015196e-03
4.015196e-03
4.015196e-03
4.015196e-03
4.015196e-03
4.015196e-03
4.015196e-03
4.015196e-03
4.015196e-03
4.015196e-03
4.015196e-03
4.015196e-03
4.015196e-03
4.015196e-03
4.015196e-03
4.015196e-03
4.015196e-03
4.015196e-03
