0.000000e+00
1.110371e-07
2.249433e-07
3.417188e-07
4.613634e-07
5.838772e-07
7.092601e-07
8.375123e-07
9.686336e-07
1.102624e-06
1.239484e-06
1.379213e-06
1.521811e-06
1.667278e-06
1.815614e-06
1.966820e-06
2.120894e-06
2.277838e-06
2.437651e-06
2.600334e-06
2.765885e-06
2.934306e-06
3.105595e-06
3.279754e-06
3.456782e-06
3.636680e-06
3.819446e-06
4.005082e-06
4.193587e-06
4.384961e-06
4.579204e-06
4.776316e-06
4.976298e-06
5.179148e-06
5.384868e-06
5.593457e-06
5.804916e-06
6.019243e-06
6.236440e-06
6.456505e-06
6.679440e-06
6.905244e-06
7.133918e-06
7.365460e-06
7.599872e-06
7.837152e-06
8.077302e-06
8.320322e-06
8.566210e-06
8.814967e-06
9.066594e-06
9.321090e-06
9.578455e-06
9.838689e-06
1.010179e-05
1.036777e-05
1.063661e-05
1.090832e-05
1.118290e-05
1.146035e-05
1.174067e-05
1.202385e-05
1.230991e-05
1.259884e-05
1.289063e-05
1.318530e-05
1.348283e-05
1.378323e-05
1.408650e-05
1.439264e-05
1.470165e-05
1.501353e-05
1.532828e-05
1.564590e-05
1.596639e-05
1.628974e-05
1.661597e-05
1.694506e-05
1.727703e-05
1.761186e-05
1.794956e-05
1.829013e-05
1.863357e-05
1.897988e-05
1.932906e-05
1.968111e-05
2.003603e-05
2.039381e-05
2.075447e-05
2.111799e-05
2.148439e-05
2.185365e-05
2.222578e-05
2.260078e-05
2.297865e-05
2.335939e-05
2.374300e-05
2.412948e-05
2.451882e-05
2.491104e-05
2.530613e-05
2.570408e-05
2.610491e-05
2.650860e-05
2.691516e-05
2.732459e-05
2.773689e-05
2.815206e-05
2.857010e-05
2.899101e-05
2.941479e-05
2.984143e-05
3.027095e-05
3.070333e-05
3.113859e-05
3.157671e-05
3.201770e-05
3.246156e-05
3.290829e-05
3.335789e-05
3.381036e-05
3.426570e-05
3.472391e-05
3.518498e-05
3.564893e-05
3.611574e-05
3.658543e-05
3.705798e-05
3.753340e-05
3.801170e-05
3.849286e-05
3.897689e-05
3.946379e-05
3.995355e-05
4.044619e-05
4.094170e-05
4.144007e-05
4.194132e-05
4.244543e-05
4.295242e-05
4.346227e-05
4.397499e-05
4.449058e-05
4.500904e-05
4.553037e-05
4.605457e-05
4.658164e-05
4.711157e-05
4.764438e-05
4.818005e-05
4.871860e-05
4.926001e-05
4.980429e-05
5.035145e-05
5.090147e-05
5.145436e-05
5.201012e-05
5.256874e-05
5.313024e-05
5.369461e-05
5.426184e-05
5.483195e-05
5.540492e-05
5.598077e-05
5.655948e-05
5.714106e-05
5.772551e-05
5.831283e-05
5.890302e-05
5.949608e-05
6.009201e-05
6.069081e-05
6.129247e-05
6.189701e-05
6.250441e-05
6.311468e-05
6.372783e-05
6.434384e-05
6.496272e-05
6.558447e-05
6.620909e-05
6.683658e-05
6.746694e-05
6.810016e-05
6.873626e-05
6.937523e-05
7.001706e-05
7.066176e-05
7.130934e-05
7.195978e-05
7.261309e-05
7.326927e-05
7.392832e-05
7.459024e-05
7.525503e-05
7.592268e-05
7.659321e-05
7.726661e-05
7.794287e-05
7.862200e-05
7.930401e-05
7.998888e-05
8.067662e-05
8.136723e-05
8.206071e-05
8.275706e-05
8.345628e-05
8.415836e-05
8.486332e-05
8.557115e-05
8.628184e-05
8.699541e-05
8.771184e-05
8.843114e-05
8.915331e-05
8.987835e-05
9.060626e-05
9.133704e-05
9.207069e-05
9.280721e-05
9.354659e-05
9.428885e-05
9.503397e-05
9.578197e-05
9.653283e-05
9.728656e-05
9.804317e-05
9.880264e-05
9.956498e-05
1.003302e-04
1.010983e-04
1.018692e-04
1.026430e-04
1.034197e-04
1.041993e-04
1.049817e-04
1.057670e-04
1.065551e-04
1.073462e-04
1.081401e-04
1.089369e-04
1.097365e-04
1.105390e-04
1.113444e-04
1.121526e-04
1.129637e-04
1.137777e-04
1.145946e-04
1.154143e-04
1.162369e-04
1.170624e-04
1.178907e-04
1.187219e-04
1.195560e-04
1.203929e-04
1.212327e-04
1.220754e-04
1.229209e-04
1.237693e-04
1.246206e-04
1.254748e-04
1.263318e-04
1.271917e-04
1.280545e-04
1.289201e-04
1.297886e-04
1.306600e-04
1.315342e-04
1.324113e-04
1.332913e-04
1.341741e-04
1.350598e-04
1.359484e-04
1.368399e-04
1.377342e-04
1.386314e-04
1.395314e-04
1.404344e-04
1.413402e-04
1.422488e-04
1.431604e-04
1.440748e-04
1.449921e-04
1.459122e-04
1.468352e-04
1.477611e-04
1.486898e-04
1.496215e-04
1.505560e-04
1.514933e-04
1.524335e-04
1.533766e-04
1.543226e-04
1.552714e-04
1.562232e-04
1.571777e-04
1.581352e-04
1.590955e-04
1.600587e-04
1.610247e-04
1.619936e-04
1.629654e-04
1.639401e-04
1.649176e-04
1.658980e-04
1.668813e-04
1.678674e-04
1.688564e-04
1.698483e-04
1.708430e-04
1.718407e-04
1.728411e-04
1.738445e-04
1.748507e-04
1.758598e-04
1.768717e-04
1.778866e-04
1.789043e-04
1.799248e-04
1.809483e-04
1.819746e-04
1.830038e-04
1.840358e-04
1.850707e-04
1.861085e-04
1.871491e-04
1.881927e-04
1.892390e-04
1.902883e-04
1.913404e-04
1.923954e-04
1.934533e-04
1.945140e-04
1.955776e-04
1.966441e-04
1.977134e-04
1.987857e-04
1.998607e-04
2.009387e-04
2.020195e-04
2.031032e-04
2.041897e-04
2.052792e-04
2.063715e-04
2.074666e-04
2.085647e-04
2.096656e-04
2.107693e-04
2.118760e-04
2.129855e-04
2.140979e-04
2.152131e-04
2.163312e-04
2.174522e-04
2.185761e-04
2.197028e-04
2.208324e-04
2.219649e-04
2.231002e-04
2.242384e-04
2.253795e-04
2.265234e-04
2.276702e-04
2.288199e-04
2.299724e-04
2.311279e-04
2.322861e-04
2.334473e-04
2.346113e-04
2.357782e-04
2.369480e-04
2.381206e-04
2.392961e-04
2.404745e-04
2.416557e-04
2.428398e-04
2.440268e-04
2.452167e-04
2.464094e-04
2.476050e-04
2.488034e-04
2.500047e-04
2.512089e-04
2.524160e-04
2.536259e-04
2.548387e-04
2.560544e-04
2.572729e-04
2.584943e-04
2.597186e-04
2.609458e-04
2.621758e-04
2.634087e-04
2.646444e-04
2.658830e-04
2.671245e-04
2.683689e-04
2.696161e-04
2.708662e-04
2.721192e-04
2.733750e-04
2.746337e-04
2.758953e-04
2.771598e-04
2.784271e-04
2.796973e-04
2.809703e-04
2.822462e-04
2.835250e-04
2.848067e-04
2.860912e-04
2.873786e-04
2.886689e-04
2.899620e-04
2.912580e-04
2.925569e-04
2.938586e-04
2.951633e-04
2.964707e-04
2.977811e-04
2.990943e-04
3.004104e-04
3.017294e-04
3.030512e-04
3.043759e-04
3.057035e-04
3.070339e-04
3.083672e-04
3.097034e-04
3.110424e-04
3.123843e-04
3.137291e-04
3.150768e-04
3.164273e-04
3.177807e-04
3.191369e-04
3.204961e-04
3.218581e-04
3.232229e-04
3.245907e-04
3.259613e-04
3.273347e-04
3.287111e-04
3.300903e-04
3.314724e-04
3.328573e-04
3.342452e-04
3.356358e-04
3.370294e-04
3.384258e-04
3.398251e-04
3.412273e-04
3.426323e-04
3.440402e-04
3.454510e-04
3.468647e-04
3.482812e-04
3.497005e-04
3.511228e-04
3.525479e-04
3.539759e-04
3.554068e-04
3.568405e-04
3.582771e-04
3.597165e-04
3.611589e-04
3.626041e-04
3.640522e-04
3.655031e-04
3.669569e-04
3.684136e-04
3.698731e-04
3.713356e-04
3.728008e-04
3.742690e-04
3.757400e-04
3.772139e-04
3.786907e-04
3.801703e-04
3.816528e-04
3.831382e-04
3.846264e-04
3.861176e-04
3.876115e-04
3.891084e-04
3.906081e-04
3.921107e-04
3.936161e-04
3.951245e-04
3.966357e-04
3.981497e-04
3.996667e-04
4.011865e-04
4.027091e-04
4.042347e-04
4.057631e-04
4.072944e-04
4.088285e-04
4.103655e-04
4.119054e-04
4.134482e-04
4.149938e-04
4.165423e-04
4.180937e-04
4.196479e-04
4.212050e-04
4.227650e-04
4.243278e-04
4.258935e-04
4.274621e-04
4.290335e-04
4.306078e-04
4.321850e-04
4.337651e-04
4.353480e-04
4.369338e-04
4.385225e-04
4.401140e-04
4.417084e-04
4.433057e-04
4.449058e-04
4.465088e-04
4.481147e-04
4.497234e-04
4.513351e-04
4.529495e-04
4.545669e-04
4.561871e-04
4.578102e-04
4.594362e-04
4.610650e-04
4.626967e-04
4.643313e-04
4.659687e-04
4.676090e-04
4.692522e-04
4.708982e-04
4.725472e-04
4.741989e-04
4.758536e-04
4.775111e-04
4.791715e-04
4.808348e-04
4.825009e-04
4.841699e-04
4.858418e-04
4.875165e-04
4.891941e-04
4.908746e-04
4.925579e-04
4.942441e-04
4.959332e-04
4.976252e-04
4.993200e-04
5.010177e-04
5.027183e-04
5.044217e-04
5.061280e-04
5.078372e-04
5.095492e-04
5.112641e-04
5.129819e-04
5.147025e-04
5.164260e-04
5.181524e-04
5.198817e-04
5.216138e-04
5.233488e-04
5.250866e-04
5.268274e-04
5.285710e-04
5.303174e-04
5.320668e-04
5.338190e-04
5.355740e-04
5.373320e-04
5.390928e-04
5.408565e-04
5.426230e-04
5.443925e-04
5.461647e-04
5.479399e-04
5.497179e-04
5.514988e-04
5.532826e-04
5.550692e-04
5.568587e-04
5.586511e-04
5.604464e-04
5.622445e-04
5.640454e-04
5.658493e-04
5.676560e-04
5.694656e-04
5.712781e-04
5.730934e-04
5.749116e-04
5.767327e-04
5.785566e-04
5.803834e-04
5.822131e-04
5.840456e-04
5.858810e-04
5.877193e-04
5.895604e-04
5.914045e-04
5.932514e-04
5.951011e-04
5.969537e-04
5.988092e-04
6.006676e-04
6.025288e-04
6.043929e-04
6.062599e-04
6.081298e-04
6.100025e-04
6.118780e-04
6.137565e-04
6.156378e-04
6.175220e-04
6.194091e-04
6.212990e-04
6.231918e-04
6.250874e-04
6.269860e-04
6.288874e-04
6.307916e-04
6.326988e-04
6.346088e-04
6.365217e-04
6.384374e-04
6.403560e-04
6.422775e-04
6.442019e-04
6.461291e-04
6.480592e-04
6.499922e-04
6.519280e-04
6.538667e-04
6.558083e-04
6.577527e-04
6.597000e-04
6.616502e-04
6.636032e-04
6.655592e-04
6.675180e-04
6.694796e-04
6.714441e-04
6.734115e-04
6.753818e-04
6.773549e-04
6.793309e-04
6.813098e-04
6.832915e-04
6.852761e-04
6.872636e-04
6.892540e-04
6.912472e-04
6.932433e-04
6.952422e-04
6.972440e-04
6.992487e-04
7.012563e-04
7.032667e-04
7.052800e-04
7.072962e-04
7.093152e-04
7.113371e-04
7.133619e-04
7.153896e-04
7.174201e-04
7.194535e-04
7.214897e-04
7.235288e-04
7.255708e-04
7.276157e-04
7.296634e-04
7.317140e-04
7.337675e-04
7.358238e-04
7.378830e-04
7.399451e-04
7.420101e-04
7.440779e-04
7.461486e-04
7.482221e-04
7.502985e-04
7.523778e-04
7.544600e-04
7.565450e-04
7.586329e-04
7.607237e-04
7.628173e-04
7.649138e-04
7.670132e-04
7.691155e-04
7.712206e-04
7.733285e-04
7.754394e-04
7.775531e-04
7.796697e-04
7.817892e-04
7.839115e-04
7.860367e-04
7.881648e-04
7.902957e-04
7.924295e-04
7.945662e-04
7.967057e-04
7.988481e-04
8.009934e-04
8.031416e-04
8.052926e-04
8.074465e-04
8.096032e-04
8.117629e-04
8.139254e-04
8.160907e-04
8.182590e-04
8.204301e-04
8.226041e-04
8.247809e-04
8.269606e-04
8.291432e-04
8.313286e-04
8.335170e-04
8.357081e-04
8.379022e-04
8.400991e-04
8.422989e-04
8.445016e-04
8.467071e-04
8.489155e-04
8.511268e-04
8.533410e-04
8.555580e-04
8.577778e-04
8.600006e-04
8.622262e-04
8.644547e-04
8.666861e-04
8.689203e-04
8.711574e-04
8.733974e-04
8.756402e-04
8.778859e-04
8.801345e-04
8.823859e-04
8.846402e-04
8.868974e-04
8.891574e-04
8.914204e-04
8.936862e-04
8.959548e-04
8.982263e-04
9.005007e-04
9.027780e-04
9.050581e-04
9.073411e-04
9.096270e-04
9.119157e-04
9.142074e-04
9.165018e-04
9.187992e-04
9.210994e-04
9.234025e-04
9.257084e-04
9.280173e-04
9.303290e-04
9.326435e-04
9.349610e-04
9.372813e-04
9.396044e-04
9.419305e-04
9.442594e-04
9.465912e-04
9.489258e-04
9.512633e-04
9.536037e-04
9.559470e-04
9.582931e-04
9.606421e-04
9.629940e-04
9.653487e-04
9.677063e-04
9.700668e-04
9.724301e-04
9.747963e-04
9.771654e-04
9.795373e-04
9.819121e-04
9.842898e-04
9.866704e-04
9.890538e-04
9.914401e-04
9.938293e-04
9.962213e-04
9.986162e-04
1.001014e-03
1.003415e-03
1.005818e-03
1.008224e-03
1.010634e-03
1.013046e-03
1.015461e-03
1.017879e-03
1.020299e-03
1.022723e-03
1.025149e-03
1.027579e-03
1.030011e-03
1.032446e-03
1.034884e-03
1.037325e-03
1.039768e-03
1.042215e-03
1.044664e-03
1.047117e-03
1.049572e-03
1.052030e-03
1.054491e-03
1.056955e-03
1.059421e-03
1.061891e-03
1.064363e-03
1.066838e-03
1.069316e-03
1.071797e-03
1.074281e-03
1.076768e-03
1.079258e-03
1.081750e-03
1.084245e-03
1.086743e-03
1.089245e-03
1.091748e-03
1.094255e-03
1.096765e-03
1.099277e-03
1.101793e-03
1.104311e-03
1.106832e-03
1.109356e-03
1.111883e-03
1.114413e-03
1.116946e-03
1.119481e-03
1.122019e-03
1.124561e-03
1.127105e-03
1.129652e-03
1.132202e-03
1.134754e-03
1.137310e-03
1.139868e-03
1.142430e-03
1.144994e-03
1.147561e-03
1.150131e-03
1.152704e-03
1.155279e-03
1.157858e-03
1.160439e-03
1.163023e-03
1.165611e-03
1.168201e-03
1.170793e-03
1.173389e-03
1.175988e-03
1.178589e-03
1.181194e-03
1.183801e-03
1.186411e-03
1.189024e-03
1.191640e-03
1.194258e-03
1.196880e-03
1.199504e-03
1.202132e-03
1.204762e-03
1.207395e-03
1.210031e-03
1.212670e-03
1.215311e-03
1.217956e-03
1.220603e-03
1.223253e-03
1.225907e-03
1.228563e-03
1.231221e-03
1.233883e-03
1.236548e-03
1.239215e-03
1.241886e-03
1.244559e-03
1.247235e-03
1.249914e-03
1.252596e-03
1.255280e-03
1.257968e-03
1.260658e-03
1.263352e-03
1.266048e-03
1.268747e-03
1.271449e-03
1.274153e-03
1.276861e-03
1.279572e-03
1.282285e-03
1.285001e-03
1.287720e-03
1.290442e-03
1.293167e-03
1.295895e-03
1.298625e-03
1.301359e-03
1.304095e-03
1.306834e-03
1.309577e-03
1.312322e-03
1.315069e-03
1.317820e-03
1.320574e-03
1.323330e-03
1.326089e-03
1.328851e-03
1.331616e-03
1.334384e-03
1.337155e-03
1.339929e-03
1.342705e-03
1.345485e-03
1.348267e-03
1.351052e-03
1.353840e-03
1.356631e-03
1.359424e-03
1.362221e-03
1.365021e-03
1.367823e-03
1.370628e-03
1.373436e-03
1.376247e-03
1.379061e-03
1.381877e-03
1.384697e-03
1.387519e-03
1.390345e-03
1.393173e-03
1.396004e-03
1.398838e-03
1.401675e-03
1.404514e-03
1.407357e-03
1.410202e-03
1.413050e-03
1.415901e-03
1.418755e-03
1.421612e-03
1.424472e-03
1.427334e-03
1.430200e-03
1.433068e-03
1.435939e-03
1.438813e-03
1.441690e-03
1.444570e-03
1.447453e-03
1.450338e-03
1.453227e-03
1.456118e-03
1.459012e-03
1.461909e-03
1.464809e-03
1.467712e-03
1.470617e-03
1.473526e-03
1.476437e-03
1.479351e-03
1.482268e-03
1.485188e-03
1.488111e-03
1.491037e-03
1.493966e-03
1.496897e-03
1.499831e-03
1.502768e-03
1.505709e-03
1.508651e-03
1.511597e-03
1.514546e-03
1.517497e-03
1.520452e-03
1.523409e-03
1.526369e-03
1.529332e-03
1.532298e-03
1.535267e-03
1.538238e-03
1.541213e-03
1.544190e-03
1.547170e-03
1.550153e-03
1.553139e-03
1.556128e-03
1.559120e-03
1.562114e-03
1.565112e-03
1.568112e-03
1.571115e-03
1.574121e-03
1.577130e-03
1.580142e-03
1.583157e-03
1.586174e-03
1.589195e-03
1.592218e-03
1.595244e-03
1.598273e-03
1.601305e-03
1.604340e-03
1.607377e-03
1.610418e-03
1.613461e-03
1.616507e-03
1.619556e-03
1.622608e-03
1.625663e-03
1.628721e-03
1.631781e-03
1.634845e-03
1.637911e-03
1.640980e-03
1.644052e-03
1.647127e-03
1.650205e-03
1.653285e-03
1.656369e-03
1.659455e-03
1.662545e-03
1.665637e-03
1.668732e-03
1.671829e-03
1.674930e-03
1.678034e-03
1.681140e-03
1.684250e-03
1.687362e-03
1.690477e-03
1.693595e-03
1.696716e-03
1.699839e-03
1.702966e-03
1.706095e-03
1.709227e-03
1.712363e-03
1.715501e-03
1.718641e-03
1.721785e-03
1.724932e-03
1.728081e-03
1.731234e-03
1.734389e-03
1.737547e-03
1.740708e-03
1.743872e-03
1.747039e-03
1.750208e-03
1.753381e-03
1.756556e-03
1.759734e-03
1.762915e-03
1.766099e-03
1.769286e-03
1.772476e-03
1.775668e-03
1.778863e-03
1.782062e-03
1.785263e-03
1.788467e-03
1.791674e-03
1.794884e-03
1.798096e-03
1.801312e-03
1.804530e-03
1.807751e-03
1.810975e-03
1.814202e-03
1.817432e-03
1.820665e-03
1.823900e-03
1.827139e-03
1.830380e-03
1.833624e-03
1.836871e-03
1.840121e-03
1.843374e-03
1.846630e-03
1.849888e-03
1.853150e-03
1.856414e-03
1.859681e-03
1.862951e-03
1.866224e-03
1.869500e-03
1.872778e-03
1.876060e-03
1.879344e-03
1.882631e-03
1.885921e-03
1.889214e-03
1.892510e-03
1.895809e-03
1.899110e-03
1.902415e-03
1.905722e-03
1.909032e-03
1.912345e-03
1.915661e-03
1.918980e-03
1.922302e-03
1.925626e-03
1.928953e-03
1.932284e-03
1.935617e-03
1.938953e-03
1.942292e-03
1.945633e-03
1.948978e-03
1.952325e-03
1.955676e-03
1.959029e-03
1.962385e-03
1.965744e-03
1.969106e-03
1.972471e-03
1.975838e-03
1.979209e-03
1.982582e-03
1.985958e-03
1.989337e-03
1.992719e-03
1.996104e-03
1.999491e-03
2.002882e-03
2.006275e-03
2.009671e-03
2.013071e-03
2.016473e-03
2.019877e-03
2.023285e-03
2.026696e-03
2.030109e-03
2.033525e-03
2.036945e-03
2.040367e-03
2.043792e-03
2.047219e-03
2.050650e-03
2.054084e-03
2.057520e-03
2.060959e-03
2.064402e-03
2.067847e-03
2.071294e-03
2.074745e-03
2.078199e-03
2.081655e-03
2.085115e-03
2.088577e-03
2.092042e-03
2.095510e-03
2.098981e-03
2.102455e-03
2.105931e-03
2.109411e-03
2.112893e-03
2.116378e-03
2.119866e-03
2.123357e-03
2.126851e-03
2.130347e-03
2.133847e-03
2.137349e-03
2.140855e-03
2.144363e-03
2.147874e-03
2.151388e-03
2.154904e-03
2.158424e-03
2.161947e-03
2.165472e-03
2.169000e-03
2.172531e-03
2.176065e-03
2.179602e-03
2.183142e-03
2.186684e-03
2.190230e-03
2.193778e-03
2.197329e-03
2.200883e-03
2.204440e-03
2.208000e-03
2.211563e-03
2.215128e-03
2.218697e-03
2.222268e-03
2.225842e-03
2.229419e-03
2.232999e-03
2.236582e-03
2.240167e-03
2.243756e-03
2.247347e-03
2.250941e-03
2.254538e-03
2.258138e-03
2.261741e-03
2.265347e-03
2.268955e-03
2.272567e-03
2.276181e-03
2.279798e-03
2.283418e-03
2.287041e-03
2.290667e-03
2.294296e-03
2.297927e-03
2.301562e-03
2.305199e-03
2.308839e-03
2.312482e-03
2.316128e-03
2.319776e-03
2.323428e-03
2.327083e-03
2.330740e-03
2.334400e-03
2.338063e-03
2.341729e-03
2.345398e-03
2.349070e-03
2.352744e-03
2.356422e-03
2.360102e-03
2.363785e-03
2.367471e-03
2.371160e-03
2.374852e-03
2.378546e-03
2.382244e-03
2.385944e-03
2.389647e-03
2.393354e-03
2.397063e-03
2.400774e-03
2.404489e-03
2.408207e-03
2.411927e-03
2.415651e-03
2.419377e-03
2.423106e-03
2.426838e-03
2.430573e-03
2.434310e-03
2.438051e-03
2.441794e-03
2.445540e-03
2.449290e-03
2.453042e-03
2.456797e-03
2.460554e-03
2.464315e-03
2.468078e-03
2.471845e-03
2.475614e-03
2.479386e-03
2.483161e-03
2.486939e-03
2.490720e-03
2.494503e-03
2.498290e-03
2.502079e-03
2.505871e-03
2.509666e-03
2.513464e-03
2.517265e-03
2.521069e-03
2.524875e-03
2.528685e-03
2.532497e-03
2.536312e-03
2.540130e-03
2.543951e-03
2.547775e-03
2.551601e-03
2.555431e-03
2.559263e-03
2.563098e-03
2.566936e-03
2.570777e-03
2.574621e-03
2.578468e-03
2.582318e-03
2.586170e-03
2.590025e-03
2.593883e-03
2.597744e-03
2.601608e-03
2.605475e-03
2.609345e-03
2.613217e-03
2.617093e-03
2.620971e-03
2.624852e-03
2.628736e-03
2.632623e-03
2.636513e-03
2.640405e-03
2.644301e-03
2.648199e-03
2.652100e-03
2.656005e-03
2.659911e-03
2.663821e-03
2.667734e-03
2.671650e-03
2.675568e-03
2.679489e-03
2.683413e-03
2.687341e-03
2.691270e-03
2.695203e-03
2.699139e-03
2.703077e-03
2.707019e-03
2.710963e-03
2.714910e-03
2.718860e-03
2.722813e-03
2.726769e-03
2.730727e-03
2.734689e-03
2.738653e-03
2.742620e-03
2.746590e-03
2.750563e-03
2.754539e-03
2.758518e-03
2.762499e-03
2.766484e-03
2.770471e-03
2.774461e-03
2.778454e-03
2.782450e-03
2.786449e-03
2.790451e-03
2.794455e-03
2.798463e-03
2.802473e-03
2.806486e-03
2.810502e-03
2.814521e-03
2.818542e-03
2.822567e-03
2.826595e-03
2.830625e-03
2.834658e-03
2.838694e-03
2.842733e-03
2.846775e-03
2.850820e-03
2.854867e-03
2.858917e-03
2.862971e-03
2.867027e-03
2.871086e-03
2.875148e-03
2.879213e-03
2.883280e-03
2.887351e-03
2.891424e-03
2.895500e-03
2.899579e-03
2.903661e-03
2.907746e-03
2.911834e-03
2.915925e-03
2.920018e-03
2.924114e-03
2.928214e-03
2.932316e-03
2.936421e-03
2.940528e-03
2.944639e-03
2.948753e-03
2.952869e-03
2.956988e-03
2.961110e-03
2.965235e-03
2.969363e-03
2.973494e-03
2.977628e-03
2.981764e-03
2.985903e-03
2.990046e-03
2.994191e-03
2.998339e-03
3.002490e-03
3.006643e-03
3.010800e-03
3.014959e-03
3.019122e-03
3.023287e-03
3.027455e-03
3.031626e-03
3.035800e-03
3.039976e-03
3.044156e-03
3.048338e-03
3.052523e-03
3.056712e-03
3.060903e-03
3.065096e-03
3.069293e-03
3.073493e-03
3.077695e-03
3.081901e-03
3.086109e-03
3.090320e-03
3.094534e-03
3.098751e-03
3.102970e-03
3.107193e-03
3.111418e-03
3.115647e-03
3.119878e-03
3.124112e-03
3.128349e-03
3.132589e-03
3.136831e-03
3.141077e-03
3.145325e-03
3.149576e-03
3.153831e-03
3.158088e-03
3.162347e-03
3.166610e-03
3.170876e-03
3.175144e-03
3.179416e-03
3.183690e-03
3.187967e-03
3.192247e-03
3.196530e-03
3.200815e-03
3.205104e-03
3.209395e-03
3.213690e-03
3.217987e-03
3.222287e-03
3.226590e-03
3.230895e-03
3.235204e-03
3.239516e-03
3.243830e-03
3.248147e-03
3.252467e-03
3.256790e-03
3.261116e-03
3.265445e-03
3.269777e-03
3.274111e-03
3.278448e-03
3.282789e-03
3.287132e-03
3.291478e-03
3.295826e-03
3.300178e-03
3.304533e-03
3.308890e-03
3.313250e-03
3.317613e-03
3.321979e-03
3.326348e-03
3.330720e-03
3.335095e-03
3.339472e-03
3.343853e-03
3.348236e-03
3.352622e-03
3.357011e-03
3.361403e-03
3.365797e-03
3.370195e-03
3.374596e-03
3.378999e-03
3.383405e-03
3.387814e-03
3.391561e-03
3.395294e-03
3.399013e-03
3.402717e-03
3.406407e-03
3.410083e-03
3.413744e-03
3.417391e-03
3.421024e-03
3.424642e-03
3.428246e-03
3.431836e-03
3.435411e-03
3.438973e-03
3.442520e-03
3.446052e-03
3.449570e-03
3.453074e-03
3.456564e-03
3.460039e-03
3.463500e-03
3.466947e-03
3.470379e-03
3.473798e-03
3.477201e-03
3.480591e-03
3.483966e-03
3.487327e-03
3.490673e-03
3.494006e-03
3.497324e-03
3.500627e-03
3.503917e-03
3.507192e-03
3.510452e-03
3.513699e-03
3.516931e-03
3.520149e-03
3.523352e-03
3.526541e-03
3.529716e-03
3.532877e-03
3.536023e-03
3.539155e-03
3.542273e-03
3.545376e-03
3.548465e-03
3.551540e-03
3.554600e-03
3.557646e-03
3.560678e-03
3.563696e-03
3.566699e-03
3.569688e-03
3.572662e-03
3.575622e-03
3.578568e-03
3.581500e-03
3.584417e-03
3.587320e-03
3.590209e-03
3.593084e-03
3.595944e-03
3.598789e-03
3.601621e-03
3.604438e-03
3.607241e-03
3.610030e-03
3.612804e-03
3.615564e-03
3.618309e-03
3.621041e-03
3.623758e-03
3.626460e-03
3.629149e-03
3.631823e-03
3.634483e-03
3.637128e-03
3.639759e-03
3.642376e-03
3.644979e-03
3.647567e-03
3.650141e-03
3.652701e-03
3.655246e-03
3.657777e-03
3.660294e-03
3.662796e-03
3.665284e-03
3.667758e-03
3.670218e-03
3.672663e-03
3.675094e-03
3.677510e-03
3.679912e-03
3.682300e-03
3.684674e-03
3.687033e-03
3.689378e-03
3.691709e-03
3.694026e-03
3.696328e-03
3.698615e-03
3.700889e-03
3.703148e-03
3.705393e-03
3.707624e-03
3.709840e-03
3.712042e-03
3.714229e-03
3.716403e-03
3.718562e-03
3.720706e-03
3.722837e-03
3.724953e-03
3.727055e-03
3.729142e-03
3.731215e-03
3.733274e-03
3.735319e-03
3.737349e-03
3.739365e-03
3.741367e-03
3.743354e-03
3.745327e-03
3.747286e-03
3.749230e-03
3.751160e-03
3.753076e-03
3.754978e-03
3.756865e-03
3.758738e-03
3.760596e-03
3.762440e-03
3.764270e-03
3.766086e-03
3.767887e-03
3.769674e-03
3.771447e-03
3.773205e-03
3.774950e-03
3.776679e-03
3.778395e-03
3.780096e-03
3.781783e-03
3.783455e-03
3.785114e-03
3.786758e-03
3.788387e-03
3.790003e-03
3.791604e-03
3.793190e-03
3.794763e-03
3.796321e-03
3.797865e-03
3.799394e-03
3.800909e-03
3.802410e-03
3.803897e-03
3.805369e-03
3.806827e-03
3.808271e-03
3.809700e-03
3.811115e-03
3.812516e-03
3.813902e-03
3.815274e-03
3.816632e-03
3.817975e-03
3.819305e-03
3.820619e-03
3.821920e-03
3.823206e-03
3.824478e-03
3.825736e-03
3.826979e-03
3.828208e-03
3.829423e-03
3.830623e-03
3.831809e-03
3.832981e-03
3.834139e-03
3.835282e-03
3.836411e-03
3.837525e-03
3.838626e-03
3.839711e-03
3.840783e-03
3.841840e-03
3.842883e-03
3.843912e-03
3.844927e-03
3.845927e-03
3.846912e-03
3.847884e-03
3.848841e-03
3.849784e-03
3.850713e-03
3.851627e-03
3.852527e-03
3.853412e-03
3.854284e-03
3.855141e-03
3.855983e-03
3.856812e-03
3.857626e-03
3.858426e-03
3.859211e-03
3.859982e-03
3.860739e-03
3.861482e-03
3.862210e-03
3.862924e-03
3.863624e-03
3.864309e-03
3.864980e-03
3.865637e-03
3.866279e-03
3.866907e-03
3.867521e-03
3.868120e-03
3.868706e-03
3.869276e-03
3.869833e-03
3.870375e-03
3.870903e-03
3.871417e-03
3.871916e-03
3.872401e-03
3.872872e-03
3.873328e-03
3.873770e-03
3.874198e-03
3.874612e-03
3.875011e-03
3.875396e-03
3.875766e-03
3.876122e-03
3.876464e-03
3.876792e-03
3.877105e-03
3.877404e-03
3.877689e-03
3.877959e-03
3.878216e-03
3.878457e-03
3.878685e-03
3.878898e-03
3.879097e-03
3.879281e-03
3.879452e-03
3.879608e-03
3.879749e-03
3.879877e-03
3.879990e-03
3.880088e-03
3.880173e-03
3.880243e-03
3.880299e-03
3.880340e-03
3.880367e-03
3.880380e-03
3.880379e-03
3.880363e-03
3.880333e-03
3.880288e-03
3.880230e-03
3.880157e-03
3.880070e-03
3.879968e-03
3.879852e-03
3.879722e-03
3.879577e-03
3.879418e-03
3.879245e-03
3.879058e-03
3.878856e-03
3.878640e-03
3.878410e-03
3.878165e-03
3.877906e-03
3.877633e-03
3.877345e-03
3.877043e-03
3.876727e-03
3.876396e-03
3.876052e-03
3.875692e-03
3.875319e-03
3.874931e-03
3.874529e-03
3.874113e-03
3.873682e-03
3.873237e-03
3.872778e-03
3.872304e-03
3.871816e-03
3.871314e-03
3.870798e-03
3.870267e-03
3.869944e-03
3.869944e-03
3.869944e-03
3.869944e-03
3.869944e-03
3.869944e-03
3.869944e-03
3.869944e-03
3.869944e-03
3.869944e-03
3.869944e-03
3.869944e-03
3.869944e-03
3.869944e-03
3.869944e-03
3.869944e-03
3.869944e-03
3.869944e-03
3.869944e-03
3.869944e-03
3.869944e-03
3.869944e-03
3.869944e-03
3.869944e-03
3.869944e-03
3.869944e-03
3.869944e-03
3.869944e-03
3.869944e-03
3.869944e-03
3.869944e-03
3.869944e-03
3.869944e-03
3.869944e-03
3.869944e-03
3.869944e-03
3.869944e-03
3.869944e-03
3.869944e-03
3.869944e-03
3.869944e-03
3.869944e-03
3.869944e-03
3.869944e-03
3.869944e-03
3.869944e-03
3.869944e-03
3.869944e-03
3.869944e-03
3.869944e-03
3.869944e-03
3.869944e-03
3.869944e-03
3.869944e-03
3.869944e-03
3.869944e-03
3.869944e-03
3.869944e-03
3.869944e-03
3.869944e-03
3.869944e-03
3.869944e-03
3.869944e-03
3.869944e-03
3.869944e-03
3.869944e-03
3.869944e-03
3.869944e-03
3.869944e-03
3.869944e-03
3.869944e-03
3.869944e-03
3.869944e-03
3.869944e-03
3.869944e-03
3.869944e-03
3.869944e-03
3.869944e-03
3.869944e-03
3.869944e-03
3.869944e-03
3.869944e-03
3.869944e-03
3.869944e-03
3.869944e-03
3.869944e-03
3.869944e-03
3.869944e-03
3.869944e-03
3.869944e-03
3.869944e-03
3.869944e-03
3.869944e-03
3.869944e-03
3.869944e-03
3.869944e-03
3.869944e-03
3.869944e-03
3.869944e-03
3.869944e-03
3.869944e-03
3.869944e-03
3.869944e-03
3.869944e-03
3.869944e-03
3.869944e-03
3.869944e-03
3.869944e-03
3.869944e-03
3.869944e-03
3.869944e-03
3.869944e-03
3.869944e-03
3.869944e-03
3.869944e-03
3.869944e-03
3.869944e-03
3.869944e-03
3.869944e-03
3.869944e-03
3.869944e-03
3.869944e-03
3.869944e-03
3.869944e-03
3.869944e-03
3.869944e-03
3.869944e-03
3.869944e-03
3.869944e-03
3.869944e-03
3.869944e-03
3.869944e-03
3.869944e-03
3.869944e-03
3.869944e-03
3.869944e-03
3.869944e-03
3.869944e-03
3.869944e-03
3.869944e-03
3.869944e-03
3.869944e-03
3.869944e-03
3.869944e-03
3.869944e-03
3.869944e-03
3.869944e-03
3.869944e-03
3.869944e-03
3.869944e-03
3.869944e-03
3.869944e-03
3.869944e-03
3.869944e-03
3.869944e-03
3.869944e-03
3.869944e-03
3.869944e-03
3.869944e-03
3.869944e-03
3.869944e-03
3.869944e-03
3.869944e-03
3.869944e-03
3.869944e-03
3.869944e-03
3.869944e-03
3.869944e-03
3.869944e-03
3.869944e-03
3.869944e-03
3.869944e-03
3.869944e-03
3.869944e-03
3.869944e-03
3.869944e-03
3.869944e-03
3.869944e-03
3.869944e-03
3.869944e-03
3.869944e-03
3.869944e-03
3.869944e-03
3.869944e-03
3.869944e-03
3.869944e-03
3.869944e-03
3.869944e-03
3.869944e-03
3.869944e-03
3.869944e-03
3.869944e-03
3.869944e-03
3.869944e-03
3.869944e-03
3.869944e-03
3.869944e-03
3.869944e-03
3.869944e-03
3.869944e-03
3.869944e-03
