0.000000e+00
1.110371e-07
2.254698e-07
3.432981e-07
4.645221e-07
5.891417e-07
7.171570e-07
8.485678e-07
9.833743e-07
1.121576e-06
1.263174e-06
1.408168e-06
1.556557e-06
1.708341e-06
1.863521e-06
2.022097e-06
2.184069e-06
2.349436e-06
2.518199e-06
2.690357e-06
2.865911e-06
3.044861e-06
3.227206e-06
3.412947e-06
3.602084e-06
3.794616e-06
3.990544e-06
4.189867e-06
4.392586e-06
4.598701e-06
4.808211e-06
5.021117e-06
5.237419e-06
5.457116e-06
5.680209e-06
5.906698e-06
6.136582e-06
6.369861e-06
6.606537e-06
6.846608e-06
7.090075e-06
7.336937e-06
7.587195e-06
7.840848e-06
8.097897e-06
8.358342e-06
8.622183e-06
8.889419e-06
9.160050e-06
9.434078e-06
9.711501e-06
9.992319e-06
1.027653e-05
1.056414e-05
1.085515e-05
1.114955e-05
1.144735e-05
1.174854e-05
1.205313e-05
1.236111e-05
1.267249e-05
1.298726e-05
1.330543e-05
1.362700e-05
1.395196e-05
1.428032e-05
1.461207e-05
1.494722e-05
1.528577e-05
1.562771e-05
1.597304e-05
1.632177e-05
1.667390e-05
1.702942e-05
1.738834e-05
1.775065e-05
1.811636e-05
1.848547e-05
1.885797e-05
1.923386e-05
1.961316e-05
1.999584e-05
2.038193e-05
2.077141e-05
2.116428e-05
2.156055e-05
2.196022e-05
2.236328e-05
2.276973e-05
2.317959e-05
2.359283e-05
2.400948e-05
2.442952e-05
2.485295e-05
2.527978e-05
2.571001e-05
2.614363e-05
2.658065e-05
2.702106e-05
2.746487e-05
2.791207e-05
2.836267e-05
2.881667e-05
2.927406e-05
2.973485e-05
3.019903e-05
3.066661e-05
3.113758e-05
3.161195e-05
3.208972e-05
3.257088e-05
3.305544e-05
3.354339e-05
3.403473e-05
3.452948e-05
3.502762e-05
3.552915e-05
3.603408e-05
3.654241e-05
3.705413e-05
3.756925e-05
3.808776e-05
3.860967e-05
3.913497e-05
3.966367e-05
4.019576e-05
4.073126e-05
4.127014e-05
4.181242e-05
4.235810e-05
4.290718e-05
4.345964e-05
4.401551e-05
4.457477e-05
4.513742e-05
4.570348e-05
4.627292e-05
4.684577e-05
4.742200e-05
4.800164e-05
4.858467e-05
4.917109e-05
4.976091e-05
5.035413e-05
5.095074e-05
5.155075e-05
5.215415e-05
5.276095e-05
5.337115e-05
5.398474e-05
5.460172e-05
5.522210e-05
5.584588e-05
5.647305e-05
5.710362e-05
5.773759e-05
5.837495e-05
5.901570e-05
5.965985e-05
6.030740e-05
6.095834e-05
6.161268e-05
6.227041e-05
6.293154e-05
6.359607e-05
6.426399e-05
6.493530e-05
6.561001e-05
6.628812e-05
6.696962e-05
6.765452e-05
6.834282e-05
6.903451e-05
6.972959e-05
7.042807e-05
7.112995e-05
7.183522e-05
7.254389e-05
7.325595e-05
7.397141e-05
7.469027e-05
7.541252e-05
7.613816e-05
7.686721e-05
7.759964e-05
7.833548e-05
7.907470e-05
7.981733e-05
8.056335e-05
8.131276e-05
8.206558e-05
8.282178e-05
8.358138e-05
8.434438e-05
8.511078e-05
8.588056e-05
8.665375e-05
8.743033e-05
8.821031e-05
8.899368e-05
8.978045e-05
9.057061e-05
9.136417e-05
9.216112e-05
9.296147e-05
9.376522e-05
9.457236e-05
9.538289e-05
9.619683e-05
9.701416e-05
9.783488e-05
9.865900e-05
9.948651e-05
1.003174e-04
1.011517e-04
1.019894e-04
1.028305e-04
1.036750e-04
1.045229e-04
1.053742e-04
1.062289e-04
1.070870e-04
1.079484e-04
1.088133e-04
1.096816e-04
1.105532e-04
1.114283e-04
1.123067e-04
1.131886e-04
1.140738e-04
1.149624e-04
1.158545e-04
1.167499e-04
1.176487e-04
1.185509e-04
1.194565e-04
1.203656e-04
1.212780e-04
1.221938e-04
1.231130e-04
1.240356e-04
1.249615e-04
1.258909e-04
1.268237e-04
1.277599e-04
1.286995e-04
1.296424e-04
1.305888e-04
1.315385e-04
1.324917e-04
1.334482e-04
1.344082e-04
1.353715e-04
1.363383e-04
1.373084e-04
1.382819e-04
1.392588e-04
1.402392e-04
1.412229e-04
1.422100e-04
1.432005e-04
1.441944e-04
1.451917e-04
1.461924e-04
1.471965e-04
1.482039e-04
1.492148e-04
1.502291e-04
1.512468e-04
1.522678e-04
1.532923e-04
1.543202e-04
1.553514e-04
1.563861e-04
1.574241e-04
1.584655e-04
1.595104e-04
1.605586e-04
1.616102e-04
1.626653e-04
1.637237e-04
1.647855e-04
1.658507e-04
1.669193e-04
1.679913e-04
1.690667e-04
1.701455e-04
1.712277e-04
1.723133e-04
1.734022e-04
1.744946e-04
1.755904e-04
1.766895e-04
1.777921e-04
1.788981e-04
1.800074e-04
1.811202e-04
1.822363e-04
1.833558e-04
1.844788e-04
1.856051e-04
1.867348e-04
1.878680e-04
1.890045e-04
1.901444e-04
1.912877e-04
1.924344e-04
1.935845e-04
1.947380e-04
1.958949e-04
1.970552e-04
1.982189e-04
1.993859e-04
2.005564e-04
2.017303e-04
2.029075e-04
2.040882e-04
2.052723e-04
2.064597e-04
2.076506e-04
2.088448e-04
2.100424e-04
2.112435e-04
2.124479e-04
2.136557e-04
2.148669e-04
2.160816e-04
2.172996e-04
2.185210e-04
2.197458e-04
2.209740e-04
2.222056e-04
2.234406e-04
2.246790e-04
2.259207e-04
2.271659e-04
2.284145e-04
2.296665e-04
2.309218e-04
2.321806e-04
2.334427e-04
2.347083e-04
2.359772e-04
2.372496e-04
2.385253e-04
2.398045e-04
2.410870e-04
2.423729e-04
2.436622e-04
2.449549e-04
2.462511e-04
2.475506e-04
2.488535e-04
2.501598e-04
2.514695e-04
2.527825e-04
2.540990e-04
2.554189e-04
2.567422e-04
2.580689e-04
2.593989e-04
2.607324e-04
2.620693e-04
2.634095e-04
2.647532e-04
2.661002e-04
2.674506e-04
2.688045e-04
2.701617e-04
2.715223e-04
2.728864e-04
2.742538e-04
2.756246e-04
2.769988e-04
2.783764e-04
2.797574e-04
2.811418e-04
2.825296e-04
2.839208e-04
2.853154e-04
2.867134e-04
2.881148e-04
2.895195e-04
2.909277e-04
2.923393e-04
2.937542e-04
2.951726e-04
2.965943e-04
2.980195e-04
2.994480e-04
3.008799e-04
3.023153e-04
3.037540e-04
3.051961e-04
3.066416e-04
3.080906e-04
3.095429e-04
3.109986e-04
3.124577e-04
3.139202e-04
3.153861e-04
3.168554e-04
3.183280e-04
3.198041e-04
3.212836e-04
3.227665e-04
3.242527e-04
3.257424e-04
3.272355e-04
3.287319e-04
3.302318e-04
3.317350e-04
3.332417e-04
3.347517e-04
3.362651e-04
3.377819e-04
3.393022e-04
3.408258e-04
3.423528e-04
3.438832e-04
3.454170e-04
3.469542e-04
3.484948e-04
3.500388e-04
3.515862e-04
3.531370e-04
3.546912e-04
3.562487e-04
3.578097e-04
3.593741e-04
3.609418e-04
3.625130e-04
3.640876e-04
3.656655e-04
3.672468e-04
3.688316e-04
3.704197e-04
3.720113e-04
3.736062e-04
3.752045e-04
3.768062e-04
3.784113e-04
3.800198e-04
3.816317e-04
3.832471e-04
3.848657e-04
3.864878e-04
3.881133e-04
3.897422e-04
3.913745e-04
3.930102e-04
3.946492e-04
3.962917e-04
3.979376e-04
3.995868e-04
4.012395e-04
4.028955e-04
4.045550e-04
4.062178e-04
4.078840e-04
4.095537e-04
4.112267e-04
4.129031e-04
4.145829e-04
4.162662e-04
4.179528e-04
4.196428e-04
4.213362e-04
4.230330e-04
4.247332e-04
4.264367e-04
4.281437e-04
4.298541e-04
4.315679e-04
4.332850e-04
4.350056e-04
4.367296e-04
4.384569e-04
4.401877e-04
4.419218e-04
4.436594e-04
4.454003e-04
4.471446e-04
4.488924e-04
4.506435e-04
4.523980e-04
4.541559e-04
4.559173e-04
4.576820e-04
4.594501e-04
4.612216e-04
4.629965e-04
4.647748e-04
4.665564e-04
4.683415e-04
4.701300e-04
4.719219e-04
4.737171e-04
4.755158e-04
4.773179e-04
4.791233e-04
4.809322e-04
4.827444e-04
4.845601e-04
4.863791e-04
4.882015e-04
4.900274e-04
4.918566e-04
4.936892e-04
4.955252e-04
4.973647e-04
4.992075e-04
5.010537e-04
5.029033e-04
5.047563e-04
5.066126e-04
5.084724e-04
5.103356e-04
5.122022e-04
5.140722e-04
5.159455e-04
5.178223e-04
5.197025e-04
5.215860e-04
5.234730e-04
5.253633e-04
5.272571e-04
5.291542e-04
5.310547e-04
5.329587e-04
5.348660e-04
5.367767e-04
5.386908e-04
5.406083e-04
5.425292e-04
5.444535e-04
5.463812e-04
5.483123e-04
5.502468e-04
5.521847e-04
5.541260e-04
5.560707e-04
5.580187e-04
5.599702e-04
5.619251e-04
5.638833e-04
5.658450e-04
5.678100e-04
5.697785e-04
5.717503e-04
5.737256e-04
5.757042e-04
5.776862e-04
5.796717e-04
5.816605e-04
5.836527e-04
5.856483e-04
5.876473e-04
5.896497e-04
5.916555e-04
5.936647e-04
5.956773e-04
5.976933e-04
5.997127e-04
6.017354e-04
6.037616e-04
6.057912e-04
6.078241e-04
6.098605e-04
6.119003e-04
6.139434e-04
6.159900e-04
6.180399e-04
6.200932e-04
6.221500e-04
6.242101e-04
6.262736e-04
6.283405e-04
6.304109e-04
6.324846e-04
6.345617e-04
6.366422e-04
6.387261e-04
6.408134e-04
6.429041e-04
6.449981e-04
6.470956e-04
6.491965e-04
6.513008e-04
6.534084e-04
6.555195e-04
6.576340e-04
6.597518e-04
6.618731e-04
6.639977e-04
6.661257e-04
6.682572e-04
6.703920e-04
6.725302e-04
6.746719e-04
6.768169e-04
6.789653e-04
6.811171e-04
6.832723e-04
6.854309e-04
6.875929e-04
6.897583e-04
6.919271e-04
6.940993e-04
6.962749e-04
6.984538e-04
7.006362e-04
7.028220e-04
7.050111e-04
7.072037e-04
7.093996e-04
7.115990e-04
7.138017e-04
7.160079e-04
7.182174e-04
7.204303e-04
7.226467e-04
7.248664e-04
7.270895e-04
7.293160e-04
7.315459e-04
7.337792e-04
7.360159e-04
7.382560e-04
7.404995e-04
7.427464e-04
7.449967e-04
7.472504e-04
7.495075e-04
7.517679e-04
7.540318e-04
7.562991e-04
7.585697e-04
7.608438e-04
7.631212e-04
7.654021e-04
7.676863e-04
7.699739e-04
7.722650e-04
7.745594e-04
7.768572e-04
7.791584e-04
7.814631e-04
7.837711e-04
7.860825e-04
7.883973e-04
7.907155e-04
7.930371e-04
7.953620e-04
7.976904e-04
8.000222e-04
8.023574e-04
8.046960e-04
8.070379e-04
8.093833e-04
8.117320e-04
8.140842e-04
8.164397e-04
8.187987e-04
8.211610e-04
8.235268e-04
8.258959e-04
8.282684e-04
8.306443e-04
8.330237e-04
8.354064e-04
8.377925e-04
8.401820e-04
8.425749e-04
8.449712e-04
8.473709e-04
8.497740e-04
8.521804e-04
8.545903e-04
8.570036e-04
8.594203e-04
8.618403e-04
8.642638e-04
8.666906e-04
8.691209e-04
8.715545e-04
8.739916e-04
8.764320e-04
8.788759e-04
8.813231e-04
8.837737e-04
8.862277e-04
8.886852e-04
8.911460e-04
8.936102e-04
8.960778e-04
8.985488e-04
9.010232e-04
9.035010e-04
9.059821e-04
9.084667e-04
9.109547e-04
9.134461e-04
9.159409e-04
9.184390e-04
9.209406e-04
9.234455e-04
9.259539e-04
9.284656e-04
9.309808e-04
9.334993e-04
9.360212e-04
9.385466e-04
9.410753e-04
9.436074e-04
9.461429e-04
9.486819e-04
9.512242e-04
9.537699e-04
9.563190e-04
9.588715e-04
9.614273e-04
9.639866e-04
9.665493e-04
9.691154e-04
9.716849e-04
9.742577e-04
9.768340e-04
9.794137e-04
9.819967e-04
9.845832e-04
9.871730e-04
9.897663e-04
9.923629e-04
9.949629e-04
9.975664e-04
1.000173e-03
1.002783e-03
1.005397e-03
1.008014e-03
1.010634e-03
1.013258e-03
1.015885e-03
1.018516e-03
1.021150e-03
1.023787e-03
1.026428e-03
1.029072e-03
1.031720e-03
1.034371e-03
1.037025e-03
1.039683e-03
1.042344e-03
1.045009e-03
1.047677e-03
1.050348e-03
1.053023e-03
1.055701e-03
1.058382e-03
1.061067e-03
1.063756e-03
1.066447e-03
1.069142e-03
1.071841e-03
1.074543e-03
1.077248e-03
1.079957e-03
1.082669e-03
1.085384e-03
1.088103e-03
1.090826e-03
1.093551e-03
1.096280e-03
1.099013e-03
1.101749e-03
1.104488e-03
1.107231e-03
1.109977e-03
1.112726e-03
1.115479e-03
1.118235e-03
1.120995e-03
1.123758e-03
1.126524e-03
1.129294e-03
1.132067e-03
1.134844e-03
1.137624e-03
1.140407e-03
1.143194e-03
1.145984e-03
1.148778e-03
1.151575e-03
1.154375e-03
1.157179e-03
1.159986e-03
1.162797e-03
1.165611e-03
1.168428e-03
1.171249e-03
1.174073e-03
1.176900e-03
1.179731e-03
1.182566e-03
1.185403e-03
1.188245e-03
1.191089e-03
1.193937e-03
1.196788e-03
1.199643e-03
1.202501e-03
1.205363e-03
1.208227e-03
1.211096e-03
1.213967e-03
1.216843e-03
1.219721e-03
1.222603e-03
1.225488e-03
1.228377e-03
1.231269e-03
1.234164e-03
1.237063e-03
1.239965e-03
1.242871e-03
1.245780e-03
1.248693e-03
1.251608e-03
1.254528e-03
1.257450e-03
1.260376e-03
1.263306e-03
1.266238e-03
1.269175e-03
1.272114e-03
1.275057e-03
1.278004e-03
1.280953e-03
1.283907e-03
1.286863e-03
1.289823e-03
1.292786e-03
1.295753e-03
1.298723e-03
1.301697e-03
1.304674e-03
1.307654e-03
1.310638e-03
1.313625e-03
1.316616e-03
1.319610e-03
1.322607e-03
1.325608e-03
1.328612e-03
1.331619e-03
1.334630e-03
1.337644e-03
1.340662e-03
1.343683e-03
1.346708e-03
1.349736e-03
1.352767e-03
1.355802e-03
1.358840e-03
1.361881e-03
1.364926e-03
1.367974e-03
1.371026e-03
1.374081e-03
1.377139e-03
1.380201e-03
1.383266e-03
1.386335e-03
1.389407e-03
1.392482e-03
1.395561e-03
1.398644e-03
1.401729e-03
1.404818e-03
1.407911e-03
1.411006e-03
1.414106e-03
1.417208e-03
1.420314e-03
1.423423e-03
1.426536e-03
1.429652e-03
1.432772e-03
1.435895e-03
1.439021e-03
1.442151e-03
1.445284e-03
1.448421e-03
1.451561e-03
1.454704e-03
1.457851e-03
1.461001e-03
1.464154e-03
1.467311e-03
1.470472e-03
1.473635e-03
1.476802e-03
1.479973e-03
1.483147e-03
1.486324e-03
1.489505e-03
1.492689e-03
1.495876e-03
1.499067e-03
1.502261e-03
1.505459e-03
1.508660e-03
1.511865e-03
1.515073e-03
1.518284e-03
1.521498e-03
1.524716e-03
1.527938e-03
1.531163e-03
1.534391e-03
1.537623e-03
1.540858e-03
1.544096e-03
1.547338e-03
1.550583e-03
1.553832e-03
1.557084e-03
1.560339e-03
1.563598e-03
1.566860e-03
1.570126e-03
1.573394e-03
1.576667e-03
1.579943e-03
1.583222e-03
1.586504e-03
1.589790e-03
1.593080e-03
1.596372e-03
1.599669e-03
1.602968e-03
1.606271e-03
1.609577e-03
1.612887e-03
1.616200e-03
1.619517e-03
1.622837e-03
1.626160e-03
1.629487e-03
1.632817e-03
1.636150e-03
1.639487e-03
1.642827e-03
1.646171e-03
1.649518e-03
1.652869e-03
1.656222e-03
1.659580e-03
1.662940e-03
1.666304e-03
1.669672e-03
1.673043e-03
1.676417e-03
1.679795e-03
1.683176e-03
1.686560e-03
1.689948e-03
1.693339e-03
1.696734e-03
1.700132e-03
1.703533e-03
1.706938e-03
1.710346e-03
1.713758e-03
1.717173e-03
1.720591e-03
1.724013e-03
1.727438e-03
1.730866e-03
1.734298e-03
1.737734e-03
1.741173e-03
1.744615e-03
1.748060e-03
1.751509e-03
1.754962e-03
1.758417e-03
1.761876e-03
1.765339e-03
1.768805e-03
1.772274e-03
1.775747e-03
1.779223e-03
1.782702e-03
1.786185e-03
1.789672e-03
1.793161e-03
1.796654e-03
1.800151e-03
1.803651e-03
1.807154e-03
1.810661e-03
1.814171e-03
1.817684e-03
1.821201e-03
1.824721e-03
1.828245e-03
1.831772e-03
1.835302e-03
1.838836e-03
1.842374e-03
1.845914e-03
1.849458e-03
1.853006e-03
1.856556e-03
1.860111e-03
1.863668e-03
1.867229e-03
1.870794e-03
1.874361e-03
1.877933e-03
1.881507e-03
1.885085e-03
1.888666e-03
1.892251e-03
1.895839e-03
1.899431e-03
1.903026e-03
1.906624e-03
1.910226e-03
1.913831e-03
1.917440e-03
1.921052e-03
1.924667e-03
1.928286e-03
1.931908e-03
1.935533e-03
1.939162e-03
1.942795e-03
1.946430e-03
1.950069e-03
1.953712e-03
1.957358e-03
1.961007e-03
1.964660e-03
1.968316e-03
1.971975e-03
1.975638e-03
1.979304e-03
1.982974e-03
1.986647e-03
1.990323e-03
1.994003e-03
1.997687e-03
2.001373e-03
2.005063e-03
2.008757e-03
2.012453e-03
2.016154e-03
2.019857e-03
2.023564e-03
2.027275e-03
2.030989e-03
2.034706e-03
2.038426e-03
2.042150e-03
2.045878e-03
2.049608e-03
2.053343e-03
2.057080e-03
2.060821e-03
2.064566e-03
2.068313e-03
2.072064e-03
2.075819e-03
2.079577e-03
2.083338e-03
2.087103e-03
2.090871e-03
2.094643e-03
2.098418e-03
2.102196e-03
2.105978e-03
2.109763e-03
2.113551e-03
2.117343e-03
2.121138e-03
2.124937e-03
2.128739e-03
2.132545e-03
2.136354e-03
2.140166e-03
2.143981e-03
2.147801e-03
2.151623e-03
2.155449e-03
2.159278e-03
2.163111e-03
2.166947e-03
2.170786e-03
2.174629e-03
2.178475e-03
2.182325e-03
2.186178e-03
2.190034e-03
2.193894e-03
2.197757e-03
2.201624e-03
2.205494e-03
2.209367e-03
2.213244e-03
2.217124e-03
2.221008e-03
2.224895e-03
2.228785e-03
2.232679e-03
2.236576e-03
2.240477e-03
2.244381e-03
2.248288e-03
2.252199e-03
2.256113e-03
2.260031e-03
2.263951e-03
2.267876e-03
2.271804e-03
2.275735e-03
2.279669e-03
2.283607e-03
2.287548e-03
2.291493e-03
2.295441e-03
2.299393e-03
2.303348e-03
2.307306e-03
2.311268e-03
2.315233e-03
2.319201e-03
2.323173e-03
2.327148e-03
2.331127e-03
2.335109e-03
2.339094e-03
2.343083e-03
2.347075e-03
2.351071e-03
2.355070e-03
2.359073e-03
2.363078e-03
2.367088e-03
2.371100e-03
2.375116e-03
2.379136e-03
2.383158e-03
2.387185e-03
2.391214e-03
2.395247e-03
2.399284e-03
2.403323e-03
2.407367e-03
2.411413e-03
2.415463e-03
2.419516e-03
2.423573e-03
2.427633e-03
2.431697e-03
2.435764e-03
2.439834e-03
2.443908e-03
2.447985e-03
2.452066e-03
2.456150e-03
2.460237e-03
2.464328e-03
2.468422e-03
2.472519e-03
2.476620e-03
2.480724e-03
2.484832e-03
2.488943e-03
2.493058e-03
2.497176e-03
2.501297e-03
2.505421e-03
2.509550e-03
2.513681e-03
2.517816e-03
2.521954e-03
2.526096e-03
2.530241e-03
2.534389e-03
2.538541e-03
2.542696e-03
2.546855e-03
2.551017e-03
2.555182e-03
2.559351e-03
2.563523e-03
2.567699e-03
2.571878e-03
2.576060e-03
2.580246e-03
2.584435e-03
2.588628e-03
2.592824e-03
2.597023e-03
2.601226e-03
2.605432e-03
2.609642e-03
2.613855e-03
2.618071e-03
2.622291e-03
2.626514e-03
2.630741e-03
2.634971e-03
2.639204e-03
2.643441e-03
2.647681e-03
2.651924e-03
2.656171e-03
2.660421e-03
2.664675e-03
2.668932e-03
2.673193e-03
2.677457e-03
2.681724e-03
2.685995e-03
2.690269e-03
2.694546e-03
2.698827e-03
2.703111e-03
2.707399e-03
2.711690e-03
2.715984e-03
2.720282e-03
2.724584e-03
2.728888e-03
2.733196e-03
2.737508e-03
2.741822e-03
2.746141e-03
2.750462e-03
2.754787e-03
2.759116e-03
2.763448e-03
2.767783e-03
2.772121e-03
2.776463e-03
2.780809e-03
2.785157e-03
2.789510e-03
2.793865e-03
2.798224e-03
2.802587e-03
2.806952e-03
2.811322e-03
2.815694e-03
2.820070e-03
2.824449e-03
2.828832e-03
2.833218e-03
2.837608e-03
2.842001e-03
2.846397e-03
2.850797e-03
2.855200e-03
2.859606e-03
2.864016e-03
2.868430e-03
2.872846e-03
2.877266e-03
2.881690e-03
2.886117e-03
2.890547e-03
2.894981e-03
2.899418e-03
2.903858e-03
2.908302e-03
2.912749e-03
2.917200e-03
2.921654e-03
2.926111e-03
2.930572e-03
2.935037e-03
2.939504e-03
2.943975e-03
2.948450e-03
2.952927e-03
2.957409e-03
2.961893e-03
2.966381e-03
2.970873e-03
2.975367e-03
2.979866e-03
2.984367e-03
2.988872e-03
2.993381e-03
2.997892e-03
3.002408e-03
3.006926e-03
3.011448e-03
3.015973e-03
3.020502e-03
3.025034e-03
3.029570e-03
3.034109e-03
3.038651e-03
3.043197e-03
3.047746e-03
3.052298e-03
3.056854e-03
3.061414e-03
3.065976e-03
3.070543e-03
3.075112e-03
3.079685e-03
3.084261e-03
3.088841e-03
3.093424e-03
3.098010e-03
3.102600e-03
3.107194e-03
3.111790e-03
3.116390e-03
3.120994e-03
3.125601e-03
3.130211e-03
3.134824e-03
3.139442e-03
3.144062e-03
3.148686e-03
3.153313e-03
3.157944e-03
3.162578e-03
3.167215e-03
3.171856e-03
3.176500e-03
3.181148e-03
3.185799e-03
3.190453e-03
3.195111e-03
3.199772e-03
3.204437e-03
3.209105e-03
3.213776e-03
3.218451e-03
3.223129e-03
3.227810e-03
3.232495e-03
3.237184e-03
3.241875e-03
3.246571e-03
3.251269e-03
3.255971e-03
3.260676e-03
3.265385e-03
3.270097e-03
3.274813e-03
3.279532e-03
3.284254e-03
3.288980e-03
3.293709e-03
3.298441e-03
3.303177e-03
3.307916e-03
3.312659e-03
3.317405e-03
3.322155e-03
3.326907e-03
3.331664e-03
3.336423e-03
3.341186e-03
3.345953e-03
3.350723e-03
3.355496e-03
3.360273e-03
3.365053e-03
3.369836e-03
3.374623e-03
3.379413e-03
3.384207e-03
3.389004e-03
3.393804e-03
3.398608e-03
3.403415e-03
3.408226e-03
3.413040e-03
3.417857e-03
3.422678e-03
3.427502e-03
3.432330e-03
3.437160e-03
3.441995e-03
3.446833e-03
3.451674e-03
3.456518e-03
3.461366e-03
3.466218e-03
3.471072e-03
3.475930e-03
3.480792e-03
3.485657e-03
3.490525e-03
3.495397e-03
3.500272e-03
3.505150e-03
3.510032e-03
3.514918e-03
3.519806e-03
3.524698e-03
3.529594e-03
3.534493e-03
3.539395e-03
3.544301e-03
3.549210e-03
3.554122e-03
3.559038e-03
3.563957e-03
3.568880e-03
3.573806e-03
3.578735e-03
3.583668e-03
3.588605e-03
3.593544e-03
3.598487e-03
3.603434e-03
3.608383e-03
3.613337e-03
3.618293e-03
3.623253e-03
3.628217e-03
3.633183e-03
3.638154e-03
3.643127e-03
3.648104e-03
3.653084e-03
3.658068e-03
3.663055e-03
3.668046e-03
3.673040e-03
3.678037e-03
3.683038e-03
3.688042e-03
3.693050e-03
3.698061e-03
3.703075e-03
3.708093e-03
3.713114e-03
3.718138e-03
3.723166e-03
3.728198e-03
3.733232e-03
3.738270e-03
3.743312e-03
3.748357e-03
3.753405e-03
3.758457e-03
3.763512e-03
3.768570e-03
3.773632e-03
3.778697e-03
3.783766e-03
3.788838e-03
3.793913e-03
3.798992e-03
3.804075e-03
3.809160e-03
3.814249e-03
3.819342e-03
3.824437e-03
3.829537e-03
3.834639e-03
3.839745e-03
3.844855e-03
3.849968e-03
3.855084e-03
3.860203e-03
3.865326e-03
3.870453e-03
3.875582e-03
3.880716e-03
3.885852e-03
3.890992e-03
3.896136e-03
3.901282e-03
3.906432e-03
3.911586e-03
3.916743e-03
3.921903e-03
3.927067e-03
3.932234e-03
3.937405e-03
3.942579e-03
3.947756e-03
3.952937e-03
3.958121e-03
3.963308e-03
3.968499e-03
3.973693e-03
3.978891e-03
3.983427e-03
3.987947e-03
3.992449e-03
3.996935e-03
4.001403e-03
4.005855e-03
4.010290e-03
4.014708e-03
4.019109e-03
4.023492e-03
4.027859e-03
4.032210e-03
4.036543e-03
4.040859e-03
4.045158e-03
4.049441e-03
4.053706e-03
4.057954e-03
4.062186e-03
4.066401e-03
4.070598e-03
4.074779e-03
4.078943e-03
4.083090e-03
4.087220e-03
4.091333e-03
4.095429e-03
4.099508e-03
4.103570e-03
4.107615e-03
4.111644e-03
4.115655e-03
4.119650e-03
4.123627e-03
4.127588e-03
4.131531e-03
4.135458e-03
4.139368e-03
4.143261e-03
4.147137e-03
4.150996e-03
4.154838e-03
4.158663e-03
4.162471e-03
4.166263e-03
4.170037e-03
4.173794e-03
4.177535e-03
4.181258e-03
4.184965e-03
4.188655e-03
4.192328e-03
4.195983e-03
4.199622e-03
4.203244e-03
4.206849e-03
4.210437e-03
4.214008e-03
4.217563e-03
4.221100e-03
4.224620e-03
4.228124e-03
4.231610e-03
4.235080e-03
4.238532e-03
4.241968e-03
4.245387e-03
4.248789e-03
4.252174e-03
4.255542e-03
4.258893e-03
4.262227e-03
4.265544e-03
4.268844e-03
4.272127e-03
4.275394e-03
4.278643e-03
4.281876e-03
4.285091e-03
4.288290e-03
4.291472e-03
4.294636e-03
4.297784e-03
4.300915e-03
4.304029e-03
4.307126e-03
4.310206e-03
4.313269e-03
4.316316e-03
4.319345e-03
4.322357e-03
4.325353e-03
4.328331e-03
4.331293e-03
4.334237e-03
4.337165e-03
4.340076e-03
4.342970e-03
4.345847e-03
4.348706e-03
4.351550e-03
4.354376e-03
4.357185e-03
4.359977e-03
4.362752e-03
4.365511e-03
4.368252e-03
4.370977e-03
4.373684e-03
4.376375e-03
4.379049e-03
4.381705e-03
4.384345e-03
4.386968e-03
4.389574e-03
4.392163e-03
4.394735e-03
4.397290e-03
4.399829e-03
4.402350e-03
4.404854e-03
4.407342e-03
4.409812e-03
4.412266e-03
4.414702e-03
4.417122e-03
4.419525e-03
4.421911e-03
4.424280e-03
4.426632e-03
4.428967e-03
4.431285e-03
4.433586e-03
4.435870e-03
4.438138e-03
4.440388e-03
4.442621e-03
4.444838e-03
4.447038e-03
4.449220e-03
4.451386e-03
4.453535e-03
4.455667e-03
4.457781e-03
4.459879e-03
4.461960e-03
4.464025e-03
4.466072e-03
4.468102e-03
4.470115e-03
4.472112e-03
4.474091e-03
4.476054e-03
4.477999e-03
4.479928e-03
4.481840e-03
4.483734e-03
4.485612e-03
4.487473e-03
4.489317e-03
4.491144e-03
4.492954e-03
4.494748e-03
4.496524e-03
4.498283e-03
4.500026e-03
4.501751e-03
4.503460e-03
4.505151e-03
4.506826e-03
4.508484e-03
4.510124e-03
4.511748e-03
4.513355e-03
4.514945e-03
4.516518e-03
4.518074e-03
4.519613e-03
4.521136e-03
4.522641e-03
4.524129e-03
4.525601e-03
4.527055e-03
4.528493e-03
4.529914e-03
4.531317e-03
4.532704e-03
4.534074e-03
4.535427e-03
4.536763e-03
4.538082e-03
4.539384e-03
4.540669e-03
4.541938e-03
4.543189e-03
4.544423e-03
4.545641e-03
4.546841e-03
4.548025e-03
4.549192e-03
4.550341e-03
4.551474e-03
4.552590e-03
4.553689e-03
4.554771e-03
4.555836e-03
4.556884e-03
4.557915e-03
4.558930e-03
4.559927e-03
4.560907e-03
4.561871e-03
4.562817e-03
4.563747e-03
4.564660e-03
4.565555e-03
4.566434e-03
4.567296e-03
4.568141e-03
4.568969e-03
4.569780e-03
4.570574e-03
4.571352e-03
4.572112e-03
4.572855e-03
4.573582e-03
4.574291e-03
4.574984e-03
4.575659e-03
4.576318e-03
4.576960e-03
4.577584e-03
4.578192e-03
4.578783e-03
4.579357e-03
4.579914e-03
4.580454e-03
4.580978e-03
4.581484e-03
4.581973e-03
4.582446e-03
4.582901e-03
4.583340e-03
4.583761e-03
4.584166e-03
4.584554e-03
4.584925e-03
4.585278e-03
4.585615e-03
4.585935e-03
4.586239e-03
4.586525e-03
4.586794e-03
4.587046e-03
4.587282e-03
4.587500e-03
4.587701e-03
4.587886e-03
4.588054e-03
4.588204e-03
4.588338e-03
4.588455e-03
4.588555e-03
4.588638e-03
4.588704e-03
4.588753e-03
4.588785e-03
4.588800e-03
4.588798e-03
4.588780e-03
4.588744e-03
4.588692e-03
4.588622e-03
4.588536e-03
4.588433e-03
4.588312e-03
4.588175e-03
4.588021e-03
4.587850e-03
4.587662e-03
4.587457e-03
4.587235e-03
4.586997e-03
4.586741e-03
4.586468e-03
4.586179e-03
4.585872e-03
4.585549e-03
4.585208e-03
4.584851e-03
4.584477e-03
4.584086e-03
4.583677e-03
4.583252e-03
4.582810e-03
4.582352e-03
4.581876e-03
4.581383e-03
4.580873e-03
4.580347e-03
4.580025e-03
4.580025e-03
4.580025e-03
4.580025e-03
4.580025e-03
4.580025e-03
4.580025e-03
4.580025e-03
4.580025e-03
4.580025e-03
4.580025e-03
4.580025e-03
4.580025e-03
4.580025e-03
4.580025e-03
4.580025e-03
4.580025e-03
4.580025e-03
4.580025e-03
4.580025e-03
4.580025e-03
4.580025e-03
4.580025e-03
4.580025e-03
4.580025e-03
4.580025e-03
4.580025e-03
4.580025e-03
4.580025e-03
4.580025e-03
4.580025e-03
4.580025e-03
4.580025e-03
4.580025e-03
4.580025e-03
4.580025e-03
4.580025e-03
4.580025e-03
4.580025e-03
4.580025e-03
4.580025e-03
4.580025e-03
4.580025e-03
4.580025e-03
4.580025e-03
4.580025e-03
4.580025e-03
4.580025e-03
4.580025e-03
4.580025e-03
4.580025e-03
4.580025e-03
4.580025e-03
4.580025e-03
4.580025e-03
4.580025e-03
4.580025e-03
4.580025e-03
4.580025e-03
4.580025e-03
4.580025e-03
4.580025e-03
4.580025e-03
4.580025e-03
4.580025e-03
4.580025e-03
4.580025e-03
4.580025e-03
4.580025e-03
4.580025e-03
4.580025e-03
4.580025e-03
4.580025e-03
4.580025e-03
4.580025e-03
4.580025e-03
4.580025e-03
4.580025e-03
4.580025e-03
4.580025e-03
4.580025e-03
4.580025e-03
4.580025e-03
4.580025e-03
4.580025e-03
4.580025e-03
4.580025e-03
4.580025e-03
4.580025e-03
4.580025e-03
4.580025e-03
4.580025e-03
4.580025e-03
4.580025e-03
4.580025e-03
4.580025e-03
4.580025e-03
4.580025e-03
4.580025e-03
4.580025e-03
4.580025e-03
4.580025e-03
4.580025e-03
4.580025e-03
4.580025e-03
4.580025e-03
4.580025e-03
4.580025e-03
4.580025e-03
4.580025e-03
4.580025e-03
4.580025e-03
4.580025e-03
4.580025e-03
4.580025e-03
4.580025e-03
4.580025e-03
4.580025e-03
4.580025e-03
4.580025e-03
4.580025e-03
4.580025e-03
4.580025e-03
4.580025e-03
4.580025e-03
4.580025e-03
4.580025e-03
4.580025e-03
4.580025e-03
4.580025e-03
4.580025e-03
4.580025e-03
4.580025e-03
4.580025e-03
4.580025e-03
4.580025e-03
4.580025e-03
4.580025e-03
4.580025e-03
4.580025e-03
4.580025e-03
4.580025e-03
4.580025e-03
4.580025e-03
4.580025e-03
4.580025e-03
4.580025e-03
4.580025e-03
4.580025e-03
4.580025e-03
4.580025e-03
4.580025e-03
4.580025e-03
4.580025e-03
4.580025e-03
4.580025e-03
4.580025e-03
4.580025e-03
4.580025e-03
4.580025e-03
4.580025e-03
4.580025e-03
4.580025e-03
4.580025e-03
4.580025e-03
4.580025e-03
4.580025e-03
4.580025e-03
4.580025e-03
4.580025e-03
4.580025e-03
4.580025e-03
4.580025e-03
4.580025e-03
4.580025e-03
4.580025e-03
4.580025e-03
4.580025e-03
4.580025e-03
4.580025e-03
4.580025e-03
4.580025e-03
4.580025e-03
4.580025e-03
4.580025e-03
4.580025e-03
4.580025e-03
4.580025e-03
4.580025e-03
4.580025e-03
4.580025e-03
4.580025e-03
4.580025e-03
4.580025e-03
4.580025e-03
4.580025e-03
4.580025e-03
4.580025e-03
4.580025e-03
4.580025e-03
4.580025e-03
