0.000000e+00
1.110371e-07
2.255880e-07
3.436528e-07
4.652313e-07
5.903238e-07
7.189300e-07
8.510501e-07
9.866840e-07
1.125832e-06
1.268493e-06
1.414669e-06
1.564358e-06
1.717561e-06
1.874278e-06
2.034509e-06
2.198253e-06
2.365512e-06
2.536284e-06
2.710570e-06
2.888370e-06
3.069684e-06
3.254511e-06
3.442852e-06
3.634708e-06
3.830077e-06
4.028960e-06
4.231356e-06
4.437267e-06
4.646691e-06
4.859629e-06
5.076081e-06
5.296047e-06
5.519527e-06
5.746521e-06
5.977028e-06
6.211049e-06
6.448584e-06
6.689633e-06
6.934196e-06
7.182272e-06
7.433863e-06
7.688967e-06
7.947585e-06
8.209717e-06
8.475362e-06
8.744522e-06
9.017195e-06
9.293382e-06
9.573083e-06
9.856298e-06
1.014303e-05
1.043327e-05
1.072703e-05
1.102430e-05
1.132508e-05
1.162938e-05
1.193719e-05
1.224852e-05
1.256335e-05
1.288171e-05
1.320357e-05
1.352896e-05
1.385785e-05
1.419026e-05
1.452618e-05
1.486562e-05
1.520857e-05
1.555503e-05
1.590501e-05
1.625850e-05
1.661551e-05
1.697602e-05
1.734006e-05
1.770760e-05
1.807866e-05
1.845324e-05
1.883133e-05
1.921293e-05
1.959805e-05
1.998668e-05
2.037882e-05
2.077448e-05
2.117365e-05
2.157633e-05
2.198253e-05
2.239224e-05
2.280547e-05
2.322221e-05
2.364247e-05
2.406623e-05
2.449352e-05
2.492431e-05
2.535862e-05
2.579645e-05
2.623778e-05
2.668263e-05
2.713100e-05
2.758288e-05
2.803827e-05
2.849718e-05
2.895960e-05
2.942553e-05
2.989498e-05
3.036794e-05
3.084442e-05
3.132441e-05
3.180791e-05
3.229493e-05
3.278546e-05
3.327950e-05
3.377706e-05
3.427813e-05
3.478272e-05
3.529082e-05
3.580243e-05
3.631756e-05
3.683620e-05
3.735836e-05
3.788403e-05
3.841321e-05
3.894591e-05
3.948212e-05
4.002184e-05
4.056508e-05
4.111183e-05
4.166210e-05
4.221588e-05
4.277317e-05
4.333398e-05
4.389830e-05
4.446614e-05
4.503749e-05
4.561235e-05
4.619073e-05
4.677262e-05
4.735802e-05
4.794694e-05
4.853937e-05
4.913532e-05
4.973478e-05
5.033775e-05
5.094424e-05
5.155424e-05
5.216775e-05
5.278478e-05
5.340532e-05
5.402938e-05
5.465695e-05
5.528804e-05
5.592263e-05
5.656075e-05
5.720237e-05
5.784751e-05
5.849616e-05
5.914833e-05
5.980401e-05
6.046321e-05
6.112592e-05
6.179214e-05
6.246187e-05
6.313513e-05
6.381189e-05
6.449217e-05
6.517596e-05
6.586326e-05
6.655408e-05
6.724842e-05
6.794626e-05
6.864762e-05
6.935250e-05
7.006089e-05
7.077279e-05
7.148821e-05
7.220714e-05
7.292958e-05
7.365554e-05
7.438501e-05
7.511799e-05
7.585449e-05
7.659451e-05
7.733803e-05
7.808507e-05
7.883563e-05
7.958970e-05
8.034728e-05
8.110838e-05
8.187298e-05
8.264111e-05
8.341275e-05
8.418790e-05
8.496656e-05
8.574874e-05
8.653443e-05
8.732364e-05
8.811636e-05
8.891260e-05
8.971234e-05
9.051561e-05
9.132238e-05
9.213267e-05
9.294647e-05
9.376379e-05
9.458462e-05
9.540897e-05
9.623683e-05
9.706820e-05
9.790309e-05
9.874149e-05
9.958340e-05
1.004288e-04
1.012778e-04
1.021302e-04
1.029862e-04
1.038457e-04
1.047087e-04
1.055752e-04
1.064452e-04
1.073187e-04
1.081958e-04
1.090764e-04
1.099604e-04
1.108480e-04
1.117391e-04
1.126338e-04
1.135319e-04
1.144336e-04
1.153387e-04
1.162474e-04
1.171596e-04
1.180753e-04
1.189945e-04
1.199172e-04
1.208435e-04
1.217732e-04
1.227065e-04
1.236433e-04
1.245836e-04
1.255274e-04
1.264748e-04
1.274256e-04
1.283800e-04
1.293378e-04
1.302992e-04
1.312641e-04
1.322325e-04
1.332044e-04
1.341799e-04
1.351588e-04
1.361413e-04
1.371273e-04
1.381168e-04
1.391098e-04
1.401063e-04
1.411064e-04
1.421099e-04
1.431170e-04
1.441275e-04
1.451416e-04
1.461592e-04
1.471804e-04
1.482050e-04
1.492331e-04
1.502648e-04
1.513000e-04
1.523387e-04
1.533809e-04
1.544266e-04
1.554758e-04
1.565286e-04
1.575848e-04
1.586446e-04
1.597079e-04
1.607747e-04
1.618450e-04
1.629188e-04
1.639962e-04
1.650770e-04
1.661614e-04
1.672493e-04
1.683407e-04
1.694356e-04
1.705340e-04
1.716359e-04
1.727414e-04
1.738503e-04
1.749628e-04
1.760788e-04
1.771983e-04
1.783213e-04
1.794479e-04
1.805779e-04
1.817115e-04
1.828486e-04
1.839892e-04
1.851333e-04
1.862809e-04
1.874320e-04
1.885867e-04
1.897448e-04
1.909065e-04
1.920717e-04
1.932404e-04
1.944126e-04
1.955883e-04
1.967676e-04
1.979503e-04
1.991366e-04
2.003264e-04
2.015197e-04
2.027165e-04
2.039168e-04
2.051206e-04
2.063280e-04
2.075389e-04
2.087532e-04
2.099711e-04
2.111925e-04
2.124175e-04
2.136459e-04
2.148778e-04
2.161133e-04
2.173523e-04
2.185948e-04
2.198408e-04
2.210903e-04
2.223433e-04
2.235999e-04
2.248599e-04
2.261235e-04
2.273906e-04
2.286612e-04
2.299353e-04
2.312129e-04
2.324941e-04
2.337787e-04
2.350669e-04
2.363586e-04
2.376538e-04
2.389525e-04
2.402547e-04
2.415605e-04
2.428697e-04
2.441825e-04
2.454988e-04
2.468186e-04
2.481419e-04
2.494687e-04
2.507990e-04
2.521329e-04
2.534703e-04
2.548111e-04
2.561555e-04
2.575034e-04
2.588549e-04
2.602098e-04
2.615682e-04
2.629302e-04
2.642957e-04
2.656647e-04
2.670372e-04
2.684132e-04
2.697927e-04
2.711758e-04
2.725623e-04
2.739524e-04
2.753460e-04
2.767431e-04
2.781437e-04
2.795478e-04
2.809555e-04
2.823666e-04
2.837813e-04
2.851995e-04
2.866212e-04
2.880464e-04
2.894751e-04
2.909073e-04
2.923431e-04
2.937823e-04
2.952251e-04
2.966714e-04
2.981212e-04
2.995745e-04
3.010314e-04
3.024917e-04
3.039556e-04
3.054230e-04
3.068939e-04
3.083683e-04
3.098462e-04
3.113276e-04
3.128126e-04
3.143010e-04
3.157930e-04
3.172885e-04
3.187875e-04
3.202900e-04
3.217960e-04
3.233056e-04
3.248186e-04
3.263352e-04
3.278553e-04
3.293789e-04
3.309060e-04
3.324366e-04
3.339707e-04
3.355084e-04
3.370496e-04
3.385942e-04
3.401424e-04
3.416941e-04
3.432494e-04
3.448081e-04
3.463704e-04
3.479361e-04
3.495054e-04
3.510782e-04
3.526545e-04
3.542343e-04
3.558176e-04
3.574045e-04
3.589948e-04
3.605887e-04
3.621861e-04
3.637870e-04
3.653914e-04
3.669994e-04
3.686108e-04
3.702258e-04
3.718442e-04
3.734662e-04
3.750917e-04
3.767207e-04
3.783532e-04
3.799893e-04
3.816288e-04
3.832719e-04
3.849185e-04
3.865686e-04
3.882222e-04
3.898793e-04
3.915400e-04
3.932041e-04
3.948718e-04
3.965430e-04
3.982176e-04
3.998959e-04
4.015776e-04
4.032628e-04
4.049516e-04
4.066438e-04
4.083396e-04
4.100389e-04
4.117417e-04
4.134480e-04
4.151578e-04
4.168712e-04
4.185880e-04
4.203084e-04
4.220323e-04
4.237597e-04
4.254906e-04
4.272250e-04
4.289630e-04
4.307044e-04
4.324494e-04
4.341979e-04
4.359499e-04
4.377054e-04
4.394644e-04
4.412269e-04
4.429930e-04
4.447626e-04
4.465356e-04
4.483122e-04
4.500923e-04
4.518760e-04
4.536631e-04
4.554537e-04
4.572479e-04
4.590456e-04
4.608468e-04
4.626515e-04
4.644597e-04
4.662714e-04
4.680867e-04
4.699054e-04
4.717277e-04
4.735535e-04
4.753828e-04
4.772156e-04
4.790519e-04
4.808918e-04
4.827351e-04
4.845820e-04
4.864324e-04
4.882863e-04
4.901437e-04
4.920046e-04
4.938691e-04
4.957370e-04
4.976085e-04
4.994835e-04
5.013620e-04
5.032440e-04
5.051295e-04
5.070185e-04
5.089111e-04
5.108071e-04
5.127067e-04
5.146098e-04
5.165164e-04
5.184265e-04
5.203402e-04
5.222573e-04
5.241780e-04
5.261021e-04
5.280298e-04
5.299610e-04
5.318958e-04
5.338340e-04
5.357757e-04
5.377210e-04
5.396698e-04
5.416220e-04
5.435778e-04
5.455372e-04
5.475000e-04
5.494663e-04
5.514362e-04
5.534095e-04
5.553864e-04
5.573668e-04
5.593507e-04
5.613382e-04
5.633291e-04
5.653235e-04
5.673215e-04
5.693230e-04
5.713280e-04
5.733365e-04
5.753485e-04
5.773640e-04
5.793831e-04
5.814056e-04
5.834317e-04
5.854613e-04
5.874944e-04
5.895310e-04
5.915712e-04
5.936148e-04
5.956620e-04
5.977126e-04
5.997668e-04
6.018245e-04
6.038857e-04
6.059505e-04
6.080187e-04
6.100905e-04
6.121657e-04
6.142445e-04
6.163268e-04
6.184126e-04
6.205019e-04
6.225948e-04
6.246911e-04
6.267910e-04
6.288944e-04
6.310013e-04
6.331117e-04
6.352256e-04
6.373430e-04
6.394640e-04
6.415884e-04
6.437164e-04
6.458479e-04
6.479829e-04
6.501214e-04
6.522635e-04
6.544090e-04
6.565581e-04
6.587106e-04
6.608667e-04
6.630263e-04
6.651895e-04
6.673561e-04
6.695262e-04
6.716999e-04
6.738770e-04
6.760577e-04
6.782419e-04
6.804296e-04
6.826209e-04
6.848156e-04
6.870139e-04
6.892156e-04
6.914209e-04
6.936297e-04
6.958420e-04
6.980578e-04
7.002772e-04
7.025000e-04
7.047264e-04
7.069563e-04
7.091897e-04
7.114266e-04
7.136670e-04
7.159109e-04
7.181584e-04
7.204093e-04
7.226638e-04
7.249218e-04
7.271833e-04
7.294483e-04
7.317168e-04
7.339889e-04
7.362644e-04
7.385435e-04
7.408261e-04
7.431122e-04
7.454018e-04
7.476949e-04
7.499916e-04
7.522917e-04
7.545954e-04
7.569026e-04
7.592133e-04
7.615275e-04
7.638452e-04
7.661664e-04
7.684912e-04
7.708195e-04
7.731512e-04
7.754865e-04
7.778253e-04
7.801677e-04
7.825135e-04
7.848628e-04
7.872157e-04
7.895721e-04
7.919320e-04
7.942954e-04
7.966623e-04
7.990327e-04
8.014067e-04
8.037841e-04
8.061651e-04
8.085496e-04
8.109376e-04
8.133291e-04
8.157241e-04
8.181227e-04
8.205247e-04
8.229303e-04
8.253394e-04
8.277520e-04
8.301681e-04
8.325877e-04
8.350108e-04
8.374375e-04
8.398677e-04
8.423013e-04
8.447385e-04
8.471792e-04
8.496235e-04
8.520712e-04
8.545224e-04
8.569772e-04
8.594355e-04
8.618973e-04
8.643626e-04
8.668314e-04
8.693037e-04
8.717796e-04
8.742589e-04
8.767418e-04
8.792282e-04
8.817181e-04
8.842115e-04
8.867084e-04
8.892089e-04
8.917128e-04
8.942203e-04
8.967313e-04
8.992458e-04
9.017638e-04
9.042853e-04
9.068104e-04
9.093389e-04
9.118710e-04
9.144066e-04
9.169457e-04
9.194883e-04
9.220344e-04
9.245840e-04
9.271372e-04
9.296938e-04
9.322540e-04
9.348177e-04
9.373849e-04
9.399556e-04
9.425299e-04
9.451076e-04
9.476889e-04
9.502737e-04
9.528619e-04
9.554537e-04
9.580491e-04
9.606479e-04
9.632502e-04
9.658561e-04
9.684655e-04
9.710784e-04
9.736948e-04
9.763147e-04
9.789381e-04
9.815650e-04
9.841955e-04
9.868295e-04
9.894669e-04
9.921079e-04
9.947524e-04
9.974005e-04
1.000052e-03
1.002707e-03
1.005366e-03
1.008028e-03
1.010693e-03
1.013362e-03
1.016035e-03
1.018711e-03
1.021391e-03
1.024074e-03
1.026761e-03
1.029451e-03
1.032145e-03
1.034842e-03
1.037542e-03
1.040247e-03
1.042954e-03
1.045666e-03
1.048381e-03
1.051099e-03
1.053821e-03
1.056546e-03
1.059275e-03
1.062007e-03
1.064743e-03
1.067482e-03
1.070225e-03
1.072972e-03
1.075722e-03
1.078475e-03
1.081232e-03
1.083993e-03
1.086757e-03
1.089524e-03
1.092295e-03
1.095070e-03
1.097848e-03
1.100629e-03
1.103414e-03
1.106203e-03
1.108995e-03
1.111790e-03
1.114590e-03
1.117392e-03
1.120198e-03
1.123008e-03
1.125821e-03
1.128638e-03
1.131458e-03
1.134282e-03
1.137109e-03
1.139940e-03
1.142774e-03
1.145612e-03
1.148453e-03
1.151298e-03
1.154146e-03
1.156998e-03
1.159853e-03
1.162712e-03
1.165575e-03
1.168440e-03
1.171310e-03
1.174183e-03
1.177059e-03
1.179939e-03
1.182823e-03
1.185710e-03
1.188600e-03
1.191494e-03
1.194392e-03
1.197293e-03
1.200197e-03
1.203105e-03
1.206017e-03
1.208932e-03
1.211850e-03
1.214772e-03
1.217698e-03
1.220627e-03
1.223560e-03
1.226496e-03
1.229436e-03
1.232379e-03
1.235326e-03
1.238276e-03
1.241229e-03
1.244187e-03
1.247147e-03
1.250112e-03
1.253080e-03
1.256051e-03
1.259026e-03
1.262004e-03
1.264986e-03
1.267971e-03
1.270960e-03
1.273952e-03
1.276948e-03
1.279948e-03
1.282951e-03
1.285957e-03
1.288967e-03
1.291980e-03
1.294997e-03
1.298018e-03
1.301042e-03
1.304069e-03
1.307100e-03
1.310135e-03
1.313173e-03
1.316215e-03
1.319260e-03
1.322308e-03
1.325360e-03
1.328416e-03
1.331475e-03
1.334538e-03
1.337604e-03
1.340674e-03
1.343747e-03
1.346824e-03
1.349904e-03
1.352988e-03
1.356075e-03
1.359166e-03
1.362260e-03
1.365358e-03
1.368459e-03
1.371564e-03
1.374672e-03
1.377784e-03
1.380899e-03
1.384018e-03
1.387141e-03
1.390267e-03
1.393396e-03
1.396529e-03
1.399665e-03
1.402805e-03
1.405949e-03
1.409096e-03
1.412246e-03
1.415400e-03
1.418558e-03
1.421719e-03
1.424883e-03
1.428051e-03
1.431223e-03
1.434398e-03
1.437577e-03
1.440759e-03
1.443945e-03
1.447134e-03
1.450326e-03
1.453523e-03
1.456722e-03
1.459925e-03
1.463132e-03
1.466342e-03
1.469556e-03
1.472773e-03
1.475994e-03
1.479218e-03
1.482446e-03
1.485678e-03
1.488912e-03
1.492151e-03
1.495393e-03
1.498638e-03
1.501887e-03
1.505139e-03
1.508395e-03
1.511655e-03
1.514918e-03
1.518184e-03
1.521454e-03
1.524728e-03
1.528005e-03
1.531285e-03
1.534569e-03
1.537857e-03
1.541148e-03
1.544442e-03
1.547740e-03
1.551042e-03
1.554347e-03
1.557656e-03
1.560968e-03
1.564283e-03
1.567603e-03
1.570925e-03
1.574251e-03
1.577581e-03
1.580914e-03
1.584251e-03
1.587591e-03
1.590935e-03
1.594282e-03
1.597633e-03
1.600988e-03
1.604345e-03
1.607707e-03
1.611072e-03
1.614440e-03
1.617812e-03
1.621187e-03
1.624566e-03
1.627948e-03
1.631334e-03
1.634724e-03
1.638117e-03
1.641513e-03
1.644913e-03
1.648317e-03
1.651724e-03
1.655134e-03
1.658548e-03
1.661966e-03
1.665387e-03
1.668812e-03
1.672240e-03
1.675671e-03
1.679106e-03
1.682545e-03
1.685987e-03
1.689433e-03
1.692882e-03
1.696335e-03
1.699791e-03
1.703251e-03
1.706714e-03
1.710181e-03
1.713651e-03
1.717125e-03
1.720602e-03
1.724083e-03
1.727567e-03
1.731055e-03
1.734546e-03
1.738041e-03
1.741539e-03
1.745041e-03
1.748547e-03
1.752056e-03
1.755568e-03
1.759084e-03
1.762603e-03
1.766126e-03
1.769653e-03
1.773183e-03
1.776716e-03
1.780253e-03
1.783794e-03
1.787338e-03
1.790886e-03
1.794437e-03
1.797991e-03
1.801549e-03
1.805111e-03
1.808676e-03
1.812245e-03
1.815817e-03
1.819393e-03
1.822972e-03
1.826554e-03
1.830141e-03
1.833730e-03
1.837324e-03
1.840920e-03
1.844521e-03
1.848124e-03
1.851732e-03
1.855343e-03
1.858957e-03
1.862575e-03
1.866196e-03
1.869821e-03
1.873449e-03
1.877081e-03
1.880717e-03
1.884356e-03
1.887998e-03
1.891644e-03
1.895293e-03
1.898946e-03
1.902603e-03
1.906263e-03
1.909926e-03
1.913593e-03
1.917264e-03
1.920938e-03
1.924616e-03
1.928297e-03
1.931981e-03
1.935669e-03
1.939361e-03
1.943056e-03
1.946755e-03
1.950457e-03
1.954163e-03
1.957872e-03
1.961585e-03
1.965301e-03
1.969021e-03
1.972744e-03
1.976471e-03
1.980201e-03
1.983935e-03
1.987672e-03
1.991413e-03
1.995157e-03
1.998905e-03
2.002656e-03
2.006411e-03
2.010170e-03
2.013932e-03
2.017697e-03
2.021466e-03
2.025238e-03
2.029014e-03
2.032794e-03
2.036577e-03
2.040363e-03
2.044153e-03
2.047947e-03
2.051744e-03
2.055545e-03
2.059349e-03
2.063156e-03
2.066967e-03
2.070782e-03
2.074600e-03
2.078422e-03
2.082247e-03
2.086076e-03
2.089908e-03
2.093743e-03
2.097583e-03
2.101425e-03
2.105272e-03
2.109121e-03
2.112975e-03
2.116831e-03
2.120692e-03
2.124556e-03
2.128423e-03
2.132294e-03
2.136168e-03
2.140046e-03
2.143927e-03
2.147812e-03
2.151701e-03
2.155592e-03
2.159488e-03
2.163387e-03
2.167289e-03
2.171195e-03
2.175105e-03
2.179018e-03
2.182934e-03
2.186854e-03
2.190778e-03
2.194705e-03
2.198636e-03
2.202570e-03
2.206507e-03
2.210448e-03
2.214393e-03
2.218341e-03
2.222293e-03
2.226248e-03
2.230207e-03
2.234169e-03
2.238134e-03
2.242104e-03
2.246076e-03
2.250053e-03
2.254032e-03
2.258016e-03
2.262003e-03
2.265993e-03
2.269987e-03
2.273984e-03
2.277985e-03
2.281989e-03
2.285997e-03
2.290008e-03
2.294023e-03
2.298042e-03
2.302064e-03
2.306089e-03
2.310118e-03
2.314151e-03
2.318187e-03
2.322226e-03
2.326269e-03
2.330316e-03
2.334366e-03
2.338419e-03
2.342476e-03
2.346537e-03
2.350601e-03
2.354669e-03
2.358740e-03
2.362814e-03
2.366893e-03
2.370974e-03
2.375059e-03
2.379148e-03
2.383240e-03
2.387336e-03
2.391435e-03
2.395538e-03
2.399644e-03
2.403754e-03
2.407867e-03
2.411984e-03
2.416104e-03
2.420228e-03
2.424356e-03
2.428486e-03
2.432621e-03
2.436759e-03
2.440900e-03
2.445045e-03
2.449194e-03
2.453345e-03
2.457501e-03
2.461660e-03
2.465822e-03
2.469988e-03
2.474158e-03
2.478331e-03
2.482507e-03
2.486687e-03
2.490871e-03
2.495058e-03
2.499249e-03
2.503443e-03
2.507640e-03
2.511842e-03
2.516046e-03
2.520254e-03
2.524466e-03
2.528681e-03
2.532900e-03
2.537122e-03
2.541348e-03
2.545577e-03
2.549810e-03
2.554046e-03
2.558286e-03
2.562529e-03
2.566776e-03
2.571026e-03
2.575280e-03
2.579538e-03
2.583799e-03
2.588063e-03
2.592331e-03
2.596602e-03
2.600877e-03
2.605156e-03
2.609438e-03
2.613723e-03
2.618012e-03
2.622305e-03
2.626601e-03
2.630900e-03
2.635203e-03
2.639510e-03
2.643820e-03
2.648133e-03
2.652450e-03
2.656771e-03
2.661095e-03
2.665423e-03
2.669754e-03
2.674089e-03
2.678427e-03
2.682768e-03
2.687114e-03
2.691462e-03
2.695815e-03
2.700170e-03
2.704530e-03
2.708892e-03
2.713259e-03
2.717628e-03
2.722002e-03
2.726379e-03
2.730759e-03
2.735143e-03
2.739530e-03
2.743921e-03
2.748315e-03
2.752713e-03
2.757115e-03
2.761520e-03
2.765928e-03
2.770340e-03
2.774756e-03
2.779175e-03
2.783597e-03
2.788023e-03
2.792453e-03
2.796886e-03
2.801322e-03
2.805762e-03
2.810206e-03
2.814653e-03
2.819104e-03
2.823558e-03
2.828016e-03
2.832477e-03
2.836941e-03
2.841410e-03
2.845881e-03
2.850356e-03
2.854835e-03
2.859317e-03
2.863803e-03
2.868292e-03
2.872785e-03
2.877282e-03
2.881781e-03
2.886285e-03
2.890792e-03
2.895302e-03
2.899816e-03
2.904333e-03
2.908854e-03
2.913378e-03
2.917906e-03
2.922438e-03
2.926973e-03
2.931511e-03
2.936053e-03
2.940599e-03
2.945148e-03
2.949700e-03
2.954256e-03
2.958816e-03
2.963379e-03
2.967945e-03
2.972516e-03
2.977089e-03
2.981666e-03
2.986247e-03
2.990831e-03
2.995419e-03
3.000010e-03
3.004605e-03
3.009203e-03
3.013804e-03
3.018410e-03
3.023018e-03
3.027631e-03
3.032246e-03
3.036866e-03
3.041489e-03
3.046115e-03
3.050745e-03
3.055378e-03
3.060015e-03
3.064655e-03
3.069299e-03
3.073946e-03
3.078597e-03
3.083252e-03
3.087910e-03
3.092571e-03
3.097236e-03
3.101905e-03
3.106577e-03
3.111252e-03
3.115931e-03
3.120614e-03
3.125300e-03
3.129989e-03
3.134682e-03
3.139379e-03
3.144079e-03
3.148783e-03
3.153490e-03
3.158200e-03
3.162915e-03
3.167632e-03
3.172353e-03
3.177078e-03
3.181806e-03
3.186538e-03
3.191273e-03
3.196012e-03
3.200754e-03
3.205500e-03
3.210249e-03
3.215002e-03
3.219759e-03
3.224518e-03
3.229282e-03
3.234049e-03
3.238819e-03
3.243593e-03
3.248370e-03
3.253151e-03
3.257936e-03
3.262724e-03
3.267515e-03
3.272310e-03
3.277109e-03
3.281911e-03
3.286716e-03
3.291525e-03
3.296338e-03
3.301154e-03
3.305973e-03
3.310796e-03
3.315623e-03
3.320453e-03
3.325287e-03
3.330124e-03
3.334964e-03
3.339809e-03
3.344656e-03
3.349508e-03
3.354362e-03
3.359220e-03
3.364082e-03
3.368947e-03
3.373816e-03
3.378688e-03
3.383564e-03
3.388444e-03
3.393326e-03
3.398213e-03
3.403103e-03
3.407996e-03
3.412893e-03
3.417793e-03
3.422697e-03
3.427605e-03
3.432515e-03
3.437430e-03
3.442348e-03
3.447269e-03
3.452194e-03
3.457123e-03
3.462055e-03
3.466990e-03
3.471929e-03
3.476872e-03
3.481818e-03
3.486768e-03
3.491721e-03
3.496677e-03
3.501637e-03
3.506601e-03
3.511568e-03
3.516539e-03
3.521513e-03
3.526491e-03
3.531472e-03
3.536457e-03
3.541445e-03
3.546437e-03
3.551432e-03
3.556431e-03
3.561433e-03
3.566439e-03
3.571448e-03
3.576461e-03
3.581477e-03
3.586497e-03
3.591521e-03
3.596547e-03
3.601578e-03
3.606612e-03
3.611649e-03
3.616690e-03
3.621735e-03
3.626783e-03
3.631834e-03
3.636889e-03
3.641948e-03
3.647010e-03
3.652075e-03
3.657144e-03
3.662217e-03
3.667293e-03
3.672372e-03
3.677456e-03
3.682542e-03
3.687632e-03
3.692726e-03
3.697823e-03
3.702924e-03
3.708028e-03
3.713136e-03
3.718247e-03
3.723362e-03
3.728480e-03
3.733602e-03
3.738727e-03
3.743856e-03
3.748988e-03
3.754124e-03
3.759263e-03
3.764406e-03
3.769552e-03
3.774702e-03
3.779856e-03
3.785013e-03
3.790173e-03
3.795337e-03
3.800504e-03
3.805675e-03
3.810850e-03
3.816028e-03
3.821209e-03
3.826394e-03
3.831583e-03
3.836775e-03
3.841970e-03
3.847169e-03
3.852372e-03
3.857578e-03
3.862788e-03
3.868001e-03
3.873217e-03
3.878438e-03
3.883661e-03
3.888888e-03
3.894119e-03
3.899353e-03
3.904591e-03
3.909832e-03
3.915077e-03
3.920325e-03
3.925577e-03
3.930832e-03
3.936091e-03
3.941353e-03
3.946619e-03
3.951889e-03
3.957161e-03
3.962438e-03
3.967718e-03
3.973001e-03
3.978288e-03
3.983578e-03
3.988872e-03
3.994170e-03
3.999471e-03
4.004775e-03
4.010083e-03
4.015395e-03
4.020710e-03
4.026028e-03
4.031350e-03
4.036676e-03
4.042005e-03
4.047338e-03
4.052674e-03
4.058013e-03
4.063356e-03
4.068703e-03
4.074053e-03
4.079407e-03
4.084764e-03
4.090125e-03
4.095489e-03
4.100857e-03
4.106228e-03
4.111603e-03
4.116316e-03
4.121012e-03
4.125691e-03
4.130352e-03
4.134995e-03
4.139621e-03
4.144230e-03
4.148820e-03
4.153394e-03
4.157950e-03
4.162488e-03
4.167009e-03
4.171512e-03
4.175998e-03
4.180466e-03
4.184917e-03
4.189350e-03
4.193765e-03
4.198163e-03
4.202544e-03
4.206907e-03
4.211253e-03
4.215581e-03
4.219891e-03
4.224184e-03
4.228460e-03
4.232718e-03
4.236958e-03
4.241181e-03
4.245386e-03
4.249574e-03
4.253744e-03
4.257897e-03
4.262033e-03
4.266150e-03
4.270251e-03
4.274333e-03
4.278398e-03
4.282446e-03
4.286476e-03
4.290489e-03
4.294484e-03
4.298462e-03
4.302422e-03
4.306364e-03
4.310289e-03
4.314197e-03
4.318087e-03
4.321959e-03
4.325814e-03
4.329651e-03
4.333471e-03
4.337274e-03
4.341058e-03
4.344826e-03
4.348576e-03
4.352308e-03
4.356023e-03
4.359720e-03
4.363399e-03
4.367062e-03
4.370706e-03
4.374333e-03
4.377943e-03
4.381535e-03
4.385110e-03
4.388667e-03
4.392206e-03
4.395728e-03
4.399233e-03
4.402720e-03
4.406189e-03
4.409641e-03
4.413075e-03
4.416492e-03
4.419892e-03
4.423273e-03
4.426638e-03
4.429985e-03
4.433314e-03
4.436625e-03
4.439920e-03
4.443196e-03
4.446456e-03
4.449697e-03
4.452921e-03
4.456128e-03
4.459317e-03
4.462488e-03
4.465643e-03
4.468779e-03
4.471898e-03
4.474999e-03
4.478083e-03
4.481150e-03
4.484199e-03
4.487230e-03
4.490244e-03
4.493240e-03
4.496219e-03
4.499180e-03
4.502124e-03
4.505050e-03
4.507959e-03
4.510850e-03
4.513724e-03
4.516580e-03
4.519419e-03
4.522240e-03
4.525043e-03
4.527829e-03
4.530598e-03
4.533349e-03
4.536082e-03
4.538798e-03
4.541497e-03
4.544178e-03
4.546841e-03
4.549487e-03
4.552115e-03
4.554726e-03
4.557319e-03
4.559895e-03
4.562453e-03
4.564994e-03
4.567517e-03
4.570023e-03
4.572511e-03
4.574982e-03
4.577435e-03
4.579871e-03
4.582289e-03
4.584689e-03
4.587072e-03
4.589438e-03
4.591786e-03
4.594116e-03
4.596429e-03
4.598725e-03
4.601003e-03
4.603263e-03
4.605506e-03
4.607731e-03
4.609939e-03
4.612129e-03
4.614302e-03
4.616457e-03
4.618595e-03
4.620715e-03
4.622818e-03
4.624903e-03
4.626971e-03
4.629021e-03
4.631053e-03
4.633068e-03
4.635066e-03
4.637046e-03
4.639009e-03
4.640953e-03
4.642881e-03
4.644791e-03
4.646683e-03
4.648558e-03
4.650416e-03
4.652255e-03
4.654078e-03
4.655882e-03
4.657670e-03
4.659439e-03
4.661192e-03
4.662926e-03
4.664644e-03
4.666343e-03
4.668025e-03
4.669690e-03
4.671337e-03
4.672967e-03
4.674579e-03
4.676173e-03
4.677750e-03
4.679310e-03
4.680852e-03
4.682376e-03
4.683883e-03
4.685372e-03
4.686844e-03
4.688299e-03
4.689735e-03
4.691155e-03
4.692557e-03
4.693941e-03
4.695308e-03
4.696657e-03
4.697988e-03
4.699303e-03
4.700599e-03
4.701878e-03
4.703140e-03
4.704384e-03
4.705611e-03
4.706820e-03
4.708011e-03
4.709185e-03
4.710342e-03
4.711481e-03
4.712602e-03
4.713706e-03
4.714792e-03
4.715861e-03
4.716912e-03
4.717946e-03
4.718962e-03
4.719961e-03
4.720942e-03
4.721906e-03
4.722852e-03
4.723781e-03
4.724692e-03
4.725586e-03
4.726462e-03
4.727321e-03
4.728162e-03
4.728985e-03
4.729791e-03
4.730580e-03
4.731351e-03
4.732104e-03
4.732840e-03
4.733558e-03
4.734259e-03
4.734943e-03
4.735608e-03
4.736257e-03
4.736888e-03
4.737501e-03
4.738097e-03
4.738675e-03
4.739235e-03
4.739779e-03
4.740304e-03
4.740812e-03
4.741303e-03
4.741776e-03
4.742232e-03
4.742670e-03
4.743090e-03
4.743493e-03
4.743879e-03
4.744247e-03
4.744597e-03
4.744930e-03
4.745245e-03
4.745543e-03
4.745824e-03
4.746086e-03
4.746332e-03
4.746560e-03
4.746770e-03
4.746963e-03
4.747138e-03
4.747295e-03
4.747436e-03
4.747558e-03
4.747663e-03
4.747751e-03
4.747821e-03
4.747874e-03
4.747909e-03
4.747926e-03
4.747926e-03
4.747909e-03
4.747873e-03
4.747821e-03
4.747751e-03
4.747663e-03
4.747558e-03
4.747435e-03
4.747295e-03
4.747137e-03
4.746962e-03
4.746769e-03
4.746559e-03
4.746331e-03
4.746086e-03
4.745823e-03
4.745543e-03
4.745245e-03
4.744929e-03
4.744596e-03
4.744246e-03
4.743878e-03
4.743492e-03
4.743089e-03
4.742669e-03
4.742231e-03
4.741775e-03
4.741302e-03
4.740811e-03
4.740303e-03
4.739778e-03
4.739456e-03
4.739456e-03
4.739456e-03
4.739456e-03
4.739456e-03
4.739456e-03
4.739456e-03
4.739456e-03
4.739456e-03
4.739456e-03
4.739456e-03
4.739456e-03
4.739456e-03
4.739456e-03
4.739456e-03
4.739456e-03
4.739456e-03
4.739456e-03
4.739456e-03
4.739456e-03
4.739456e-03
4.739456e-03
4.739456e-03
4.739456e-03
4.739456e-03
4.739456e-03
4.739456e-03
4.739456e-03
4.739456e-03
4.739456e-03
4.739456e-03
4.739456e-03
4.739456e-03
4.739456e-03
4.739456e-03
4.739456e-03
4.739456e-03
4.739456e-03
4.739456e-03
4.739456e-03
4.739456e-03
4.739456e-03
4.739456e-03
4.739456e-03
4.739456e-03
4.739456e-03
4.739456e-03
4.739456e-03
4.739456e-03
4.739456e-03
4.739456e-03
4.739456e-03
4.739456e-03
4.739456e-03
4.739456e-03
4.739456e-03
4.739456e-03
4.739456e-03
4.739456e-03
4.739456e-03
4.739456e-03
4.739456e-03
4.739456e-03
4.739456e-03
4.739456e-03
4.739456e-03
4.739456e-03
4.739456e-03
4.739456e-03
4.739456e-03
4.739456e-03
4.739456e-03
4.739456e-03
4.739456e-03
4.739456e-03
4.739456e-03
4.739456e-03
4.739456e-03
4.739456e-03
4.739456e-03
4.739456e-03
4.739456e-03
4.739456e-03
4.739456e-03
4.739456e-03
4.739456e-03
4.739456e-03
4.739456e-03
4.739456e-03
4.739456e-03
4.739456e-03
4.739456e-03
4.739456e-03
4.739456e-03
4.739456e-03
4.739456e-03
4.739456e-03
4.739456e-03
4.739456e-03
4.739456e-03
4.739456e-03
4.739456e-03
4.739456e-03
4.739456e-03
4.739456e-03
4.739456e-03
4.739456e-03
4.739456e-03
4.739456e-03
4.739456e-03
4.739456e-03
4.739456e-03
4.739456e-03
4.739456e-03
4.739456e-03
4.739456e-03
4.739456e-03
4.739456e-03
4.739456e-03
4.739456e-03
4.739456e-03
4.739456e-03
4.739456e-03
4.739456e-03
4.739456e-03
4.739456e-03
4.739456e-03
4.739456e-03
4.739456e-03
4.739456e-03
4.739456e-03
4.739456e-03
4.739456e-03
4.739456e-03
4.739456e-03
4.739456e-03
4.739456e-03
4.739456e-03
4.739456e-03
4.739456e-03
4.739456e-03
4.739456e-03
4.739456e-03
4.739456e-03
4.739456e-03
4.739456e-03
4.739456e-03
4.739456e-03
4.739456e-03
4.739456e-03
4.739456e-03
4.739456e-03
4.739456e-03
4.739456e-03
4.739456e-03
4.739456e-03
4.739456e-03
4.739456e-03
4.739456e-03
4.739456e-03
4.739456e-03
4.739456e-03
4.739456e-03
4.739456e-03
4.739456e-03
4.739456e-03
4.739456e-03
4.739456e-03
4.739456e-03
4.739456e-03
4.739456e-03
4.739456e-03
4.739456e-03
4.739456e-03
4.739456e-03
4.739456e-03
4.739456e-03
4.739456e-03
4.739456e-03
4.739456e-03
4.739456e-03
4.739456e-03
4.739456e-03
4.739456e-03
4.739456e-03
4.739456e-03
4.739456e-03
4.739456e-03
4.739456e-03
4.739456e-03
4.739456e-03
4.739456e-03
4.739456e-03
4.739456e-03
4.739456e-03
4.739456e-03
4.739456e-03
4.739456e-03
4.739456e-03
4.739456e-03
4.739456e-03
