0.000000e+00
1.110371e-07
2.256331e-07
3.437879e-07
4.655016e-07
5.907742e-07
7.196057e-07
8.519961e-07
9.879454e-07
1.127453e-06
1.270521e-06
1.417146e-06
1.567331e-06
1.721075e-06
1.878377e-06
2.039239e-06
2.203659e-06
2.371638e-06
2.543176e-06
2.718273e-06
2.896929e-06
3.079144e-06
3.264917e-06
3.454250e-06
3.647141e-06
3.843591e-06
4.043601e-06
4.247169e-06
4.454295e-06
4.664981e-06
4.879226e-06
5.097029e-06
5.318392e-06
5.543313e-06
5.771793e-06
6.003832e-06
6.239430e-06
6.478587e-06
6.721303e-06
6.967577e-06
7.217411e-06
7.470803e-06
7.727754e-06
7.988264e-06
8.252333e-06
8.519961e-06
8.791148e-06
9.065893e-06
9.344198e-06
9.626061e-06
9.911484e-06
1.020046e-05
1.049300e-05
1.078910e-05
1.108876e-05
1.139198e-05
1.169875e-05
1.200909e-05
1.232298e-05
1.264043e-05
1.296144e-05
1.328601e-05
1.361414e-05
1.394583e-05
1.428108e-05
1.461988e-05
1.496225e-05
1.530817e-05
1.565765e-05
1.601069e-05
1.636729e-05
1.672745e-05
1.709117e-05
1.745845e-05
1.782928e-05
1.820368e-05
1.858163e-05
1.896314e-05
1.934821e-05
1.973684e-05
2.012903e-05
2.052478e-05
2.092408e-05
2.132695e-05
2.173337e-05
2.214336e-05
2.255690e-05
2.297400e-05
2.339466e-05
2.381888e-05
2.424666e-05
2.467799e-05
2.511289e-05
2.555134e-05
2.599335e-05
2.643893e-05
2.688806e-05
2.734075e-05
2.779700e-05
2.825680e-05
2.872017e-05
2.918709e-05
2.965758e-05
3.013162e-05
3.060922e-05
3.109038e-05
3.157510e-05
3.206338e-05
3.255522e-05
3.305062e-05
3.354957e-05
3.405208e-05
3.455816e-05
3.506779e-05
3.558098e-05
3.609773e-05
3.661804e-05
3.714191e-05
3.766933e-05
3.820032e-05
3.873486e-05
3.927296e-05
3.981463e-05
4.035985e-05
4.090863e-05
4.146096e-05
4.201686e-05
4.257632e-05
4.313933e-05
4.370591e-05
4.427604e-05
4.484973e-05
4.542698e-05
4.600779e-05
4.659216e-05
4.718009e-05
4.777157e-05
4.836662e-05
4.896522e-05
4.956738e-05
5.017310e-05
5.078238e-05
5.139522e-05
5.201162e-05
5.263158e-05
5.325509e-05
5.388217e-05
5.451280e-05
5.514700e-05
5.578475e-05
5.642606e-05
5.707093e-05
5.771936e-05
5.837134e-05
5.902689e-05
5.968599e-05
6.034866e-05
6.101488e-05
6.168466e-05
6.235800e-05
6.303490e-05
6.371536e-05
6.439937e-05
6.508695e-05
6.577809e-05
6.647278e-05
6.717103e-05
6.787284e-05
6.857821e-05
6.928714e-05
6.999963e-05
7.071568e-05
7.143528e-05
7.215845e-05
7.288517e-05
7.361545e-05
7.434929e-05
7.508669e-05
7.582765e-05
7.657217e-05
7.732025e-05
7.807188e-05
7.882708e-05
7.958583e-05
8.034814e-05
8.111402e-05
8.188345e-05
8.265643e-05
8.343298e-05
8.421309e-05
8.499675e-05
8.578398e-05
8.657476e-05
8.736910e-05
8.816701e-05
8.896847e-05
8.977348e-05
9.058206e-05
9.139420e-05
9.220989e-05
9.302915e-05
9.385196e-05
9.467833e-05
9.550827e-05
9.634176e-05
9.717880e-05
9.801941e-05
9.886358e-05
9.971130e-05
1.005626e-04
1.014174e-04
1.022758e-04
1.031378e-04
1.040033e-04
1.048724e-04
1.057450e-04
1.066212e-04
1.075010e-04
1.083843e-04
1.092712e-04
1.101616e-04
1.110556e-04
1.119531e-04
1.128543e-04
1.137589e-04
1.146671e-04
1.155789e-04
1.164943e-04
1.174132e-04
1.183356e-04
1.192617e-04
1.201912e-04
1.211244e-04
1.220611e-04
1.230013e-04
1.239451e-04
1.248925e-04
1.258435e-04
1.267979e-04
1.277560e-04
1.287176e-04
1.296828e-04
1.306515e-04
1.316238e-04
1.325996e-04
1.335790e-04
1.345620e-04
1.355485e-04
1.365386e-04
1.375322e-04
1.385294e-04
1.395302e-04
1.405345e-04
1.415424e-04
1.425538e-04
1.435688e-04
1.445874e-04
1.456095e-04
1.466351e-04
1.476644e-04
1.486972e-04
1.497335e-04
1.507734e-04
1.518169e-04
1.528639e-04
1.539145e-04
1.549686e-04
1.560263e-04
1.570876e-04
1.581524e-04
1.592208e-04
1.602927e-04
1.613682e-04
1.624473e-04
1.635299e-04
1.646160e-04
1.657058e-04
1.667991e-04
1.678959e-04
1.689963e-04
1.701003e-04
1.712078e-04
1.723189e-04
1.734335e-04
1.745517e-04
1.756735e-04
1.767988e-04
1.779277e-04
1.790601e-04
1.801961e-04
1.813357e-04
1.824788e-04
1.836254e-04
1.847757e-04
1.859295e-04
1.870868e-04
1.882477e-04
1.894122e-04
1.905802e-04
1.917518e-04
1.929269e-04
1.941056e-04
1.952879e-04
1.964737e-04
1.976631e-04
1.988560e-04
2.000525e-04
2.012526e-04
2.024562e-04
2.036634e-04
2.048741e-04
2.060884e-04
2.073062e-04
2.085276e-04
2.097526e-04
2.109811e-04
2.122132e-04
2.134489e-04
2.146881e-04
2.159308e-04
2.171772e-04
2.184270e-04
2.196805e-04
2.209375e-04
2.221980e-04
2.234621e-04
2.247298e-04
2.260010e-04
2.272758e-04
2.285542e-04
2.298361e-04
2.311216e-04
2.324106e-04
2.337032e-04
2.349993e-04
2.362990e-04
2.376023e-04
2.389091e-04
2.402195e-04
2.415334e-04
2.428509e-04
2.441720e-04
2.454966e-04
2.468248e-04
2.481565e-04
2.494918e-04
2.508306e-04
2.521731e-04
2.535190e-04
2.548685e-04
2.562216e-04
2.575783e-04
2.589385e-04
2.603022e-04
2.616696e-04
2.630405e-04
2.644149e-04
2.657929e-04
2.671744e-04
2.685596e-04
2.699482e-04
2.713405e-04
2.727363e-04
2.741356e-04
2.755385e-04
2.769450e-04
2.783550e-04
2.797686e-04
2.811858e-04
2.826065e-04
2.840307e-04
2.854586e-04
2.868899e-04
2.883249e-04
2.897634e-04
2.912054e-04
2.926511e-04
2.941002e-04
2.955530e-04
2.970093e-04
2.984691e-04
2.999325e-04
3.013995e-04
3.028700e-04
3.043441e-04
3.058218e-04
3.073030e-04
3.087877e-04
3.102761e-04
3.117679e-04
3.132634e-04
3.147624e-04
3.162649e-04
3.177711e-04
3.192807e-04
3.207940e-04
3.223108e-04
3.238311e-04
3.253550e-04
3.268825e-04
3.284135e-04
3.299481e-04
3.314863e-04
3.330280e-04
3.345732e-04
3.361221e-04
3.376745e-04
3.392304e-04
3.407899e-04
3.423530e-04
3.439196e-04
3.454898e-04
3.470635e-04
3.486408e-04
3.502216e-04
3.518061e-04
3.533940e-04
3.549856e-04
3.565807e-04
3.581793e-04
3.597815e-04
3.613873e-04
3.629966e-04
3.646095e-04
3.662259e-04
3.678459e-04
3.694695e-04
3.710966e-04
3.727273e-04
3.743615e-04
3.759993e-04
3.776407e-04
3.792856e-04
3.809341e-04
3.825861e-04
3.842417e-04
3.859009e-04
3.875636e-04
3.892298e-04
3.908997e-04
3.925730e-04
3.942500e-04
3.959305e-04
3.976146e-04
3.993022e-04
4.009934e-04
4.026881e-04
4.043864e-04
4.060882e-04
4.077937e-04
4.095026e-04
4.112152e-04
4.129313e-04
4.146509e-04
4.163741e-04
4.181009e-04
4.198312e-04
4.215651e-04
4.233026e-04
4.250436e-04
4.267881e-04
4.285362e-04
4.302879e-04
4.320432e-04
4.338020e-04
4.355643e-04
4.373302e-04
4.390997e-04
4.408728e-04
4.426493e-04
4.444295e-04
4.462132e-04
4.480005e-04
4.497913e-04
4.515857e-04
4.533836e-04
4.551851e-04
4.569902e-04
4.587988e-04
4.606110e-04
4.624268e-04
4.642461e-04
4.660689e-04
4.678953e-04
4.697253e-04
4.715588e-04
4.733959e-04
4.752366e-04
4.770808e-04
4.789286e-04
4.807799e-04
4.826348e-04
4.844932e-04
4.863553e-04
4.882208e-04
4.900899e-04
4.919626e-04
4.938389e-04
4.957187e-04
4.976020e-04
4.994889e-04
5.013794e-04
5.032735e-04
5.051711e-04
5.070722e-04
5.089769e-04
5.108852e-04
5.127970e-04
5.147124e-04
5.166314e-04
5.185539e-04
5.204799e-04
5.224096e-04
5.243427e-04
5.262795e-04
5.282198e-04
5.301637e-04
5.321111e-04
5.340620e-04
5.360166e-04
5.379747e-04
5.399363e-04
5.419016e-04
5.438703e-04
5.458427e-04
5.478185e-04
5.497980e-04
5.517810e-04
5.537676e-04
5.557577e-04
5.577514e-04
5.597486e-04
5.617494e-04
5.637538e-04
5.657617e-04
5.677732e-04
5.697882e-04
5.718068e-04
5.738290e-04
5.758547e-04
5.778840e-04
5.799168e-04
5.819532e-04
5.839931e-04
5.860367e-04
5.880837e-04
5.901344e-04
5.921885e-04
5.942463e-04
5.963076e-04
5.983725e-04
6.004409e-04
6.025129e-04
6.045884e-04
6.066675e-04
6.087501e-04
6.108364e-04
6.129261e-04
6.150195e-04
6.171164e-04
6.192168e-04
6.213208e-04
6.234284e-04
6.255395e-04
6.276542e-04
6.297725e-04
6.318943e-04
6.340196e-04
6.361486e-04
6.382810e-04
6.404171e-04
6.425567e-04
6.446998e-04
6.468465e-04
6.489968e-04
6.511507e-04
6.533081e-04
6.554690e-04
6.576335e-04
6.598016e-04
6.619732e-04
6.641484e-04
6.663271e-04
6.685095e-04
6.706953e-04
6.728847e-04
6.750777e-04
6.772743e-04
6.794744e-04
6.816780e-04
6.838852e-04
6.860960e-04
6.883104e-04
6.905283e-04
6.927497e-04
6.949747e-04
6.972033e-04
6.994354e-04
7.016711e-04
7.039104e-04
7.061532e-04
7.083995e-04
7.106495e-04
7.129029e-04
7.151600e-04
7.174206e-04
7.196847e-04
7.219525e-04
7.242237e-04
7.264986e-04
7.287770e-04
7.310589e-04
7.333444e-04
7.356335e-04
7.379261e-04
7.402223e-04
7.425221e-04
7.448254e-04
7.471323e-04
7.494427e-04
7.517567e-04
7.540742e-04
7.563953e-04
7.587200e-04
7.610482e-04
7.633800e-04
7.657153e-04
7.680542e-04
7.703967e-04
7.727427e-04
7.750922e-04
7.774454e-04
7.798021e-04
7.821623e-04
7.845261e-04
7.868935e-04
7.892644e-04
7.916389e-04
7.940170e-04
7.963986e-04
7.987837e-04
8.011724e-04
8.035647e-04
8.059606e-04
8.083600e-04
8.107629e-04
8.131694e-04
8.155795e-04
8.179931e-04
8.204103e-04
8.228311e-04
8.252554e-04
8.276833e-04
8.301147e-04
8.325497e-04
8.349882e-04
8.374303e-04
8.398760e-04
8.423252e-04
8.447780e-04
8.472343e-04
8.496942e-04
8.521577e-04
8.546247e-04
8.570953e-04
8.595694e-04
8.620471e-04
8.645283e-04
8.670132e-04
8.695015e-04
8.719935e-04
8.744889e-04
8.769880e-04
8.794906e-04
8.819968e-04
8.845065e-04
8.870198e-04
8.895366e-04
8.920570e-04
8.945810e-04
8.971085e-04
8.996396e-04
9.021742e-04
9.047124e-04
9.072541e-04
9.097994e-04
9.123483e-04
9.149007e-04
9.174567e-04
9.200163e-04
9.225794e-04
9.251461e-04
9.277163e-04
9.302901e-04
9.328674e-04
9.354483e-04
9.380328e-04
9.406208e-04
9.432124e-04
9.458075e-04
9.484062e-04
9.510084e-04
9.536143e-04
9.562236e-04
9.588366e-04
9.614530e-04
9.640731e-04
9.666967e-04
9.693239e-04
9.719546e-04
9.745889e-04
9.772267e-04
9.798681e-04
9.825131e-04
9.851616e-04
9.878137e-04
9.904693e-04
9.931285e-04
9.957913e-04
9.984576e-04
1.001127e-03
1.003801e-03
1.006478e-03
1.009158e-03
1.011843e-03
1.014530e-03
1.017221e-03
1.019916e-03
1.022615e-03
1.025316e-03
1.028022e-03
1.030731e-03
1.033444e-03
1.036160e-03
1.038879e-03
1.041603e-03
1.044329e-03
1.047060e-03
1.049794e-03
1.052531e-03
1.055272e-03
1.058017e-03
1.060765e-03
1.063517e-03
1.066272e-03
1.069031e-03
1.071793e-03
1.074559e-03
1.077329e-03
1.080102e-03
1.082879e-03
1.085659e-03
1.088442e-03
1.091230e-03
1.094021e-03
1.096815e-03
1.099613e-03
1.102415e-03
1.105220e-03
1.108028e-03
1.110841e-03
1.113656e-03
1.116476e-03
1.119299e-03
1.122125e-03
1.124955e-03
1.127789e-03
1.130626e-03
1.133467e-03
1.136311e-03
1.139159e-03
1.142010e-03
1.144865e-03
1.147723e-03
1.150586e-03
1.153451e-03
1.156320e-03
1.159193e-03
1.162069e-03
1.164949e-03
1.167833e-03
1.170720e-03
1.173610e-03
1.176504e-03
1.179402e-03
1.182303e-03
1.185208e-03
1.188116e-03
1.191028e-03
1.193943e-03
1.196862e-03
1.199785e-03
1.202711e-03
1.205641e-03
1.208574e-03
1.211511e-03
1.214451e-03
1.217395e-03
1.220342e-03
1.223293e-03
1.226248e-03
1.229206e-03
1.232168e-03
1.235133e-03
1.238102e-03
1.241074e-03
1.244050e-03
1.247030e-03
1.250013e-03
1.252999e-03
1.255990e-03
1.258983e-03
1.261981e-03
1.264981e-03
1.267986e-03
1.270994e-03
1.274005e-03
1.277020e-03
1.280039e-03
1.283061e-03
1.286087e-03
1.289116e-03
1.292149e-03
1.295186e-03
1.298226e-03
1.301269e-03
1.304316e-03
1.307367e-03
1.310421e-03
1.313479e-03
1.316540e-03
1.319605e-03
1.322674e-03
1.325746e-03
1.328821e-03
1.331901e-03
1.334983e-03
1.338069e-03
1.341159e-03
1.344253e-03
1.347350e-03
1.350450e-03
1.353554e-03
1.356662e-03
1.359773e-03
1.362888e-03
1.366006e-03
1.369128e-03
1.372253e-03
1.375382e-03
1.378515e-03
1.381651e-03
1.384790e-03
1.387934e-03
1.391080e-03
1.394231e-03
1.397385e-03
1.400542e-03
1.403703e-03
1.406868e-03
1.410036e-03
1.413207e-03
1.416383e-03
1.419561e-03
1.422744e-03
1.425930e-03
1.429119e-03
1.432312e-03
1.435509e-03
1.438709e-03
1.441913e-03
1.445120e-03
1.448331e-03
1.451545e-03
1.454763e-03
1.457985e-03
1.461210e-03
1.464438e-03
1.467670e-03
1.470906e-03
1.474145e-03
1.477388e-03
1.480635e-03
1.483885e-03
1.487138e-03
1.490395e-03
1.493656e-03
1.496920e-03
1.500188e-03
1.503459e-03
1.506734e-03
1.510013e-03
1.513295e-03
1.516580e-03
1.519869e-03
1.523162e-03
1.526458e-03
1.529758e-03
1.533061e-03
1.536368e-03
1.539679e-03
1.542993e-03
1.546310e-03
1.549631e-03
1.552956e-03
1.556284e-03
1.559616e-03
1.562952e-03
1.566291e-03
1.569633e-03
1.572979e-03
1.576329e-03
1.579682e-03
1.583039e-03
1.586399e-03
1.589763e-03
1.593130e-03
1.596501e-03
1.599876e-03
1.603254e-03
1.606635e-03
1.610021e-03
1.613409e-03
1.616802e-03
1.620198e-03
1.623597e-03
1.627000e-03
1.630407e-03
1.633817e-03
1.637230e-03
1.640648e-03
1.644068e-03
1.647493e-03
1.650921e-03
1.654352e-03
1.657787e-03
1.661226e-03
1.664668e-03
1.668114e-03
1.671563e-03
1.675016e-03
1.678472e-03
1.681932e-03
1.685396e-03
1.688863e-03
1.692333e-03
1.695807e-03
1.699285e-03
1.702767e-03
1.706251e-03
1.709740e-03
1.713232e-03
1.716727e-03
1.720226e-03
1.723729e-03
1.727235e-03
1.730745e-03
1.734258e-03
1.737775e-03
1.741296e-03
1.744820e-03
1.748347e-03
1.751878e-03
1.755413e-03
1.758951e-03
1.762493e-03
1.766038e-03
1.769587e-03
1.773140e-03
1.776696e-03
1.780255e-03
1.783819e-03
1.787385e-03
1.790956e-03
1.794529e-03
1.798107e-03
1.801688e-03
1.805272e-03
1.808860e-03
1.812452e-03
1.816047e-03
1.819646e-03
1.823248e-03
1.826854e-03
1.830463e-03
1.834076e-03
1.837693e-03
1.841313e-03
1.844937e-03
1.848564e-03
1.852195e-03
1.855829e-03
1.859467e-03
1.863108e-03
1.866753e-03
1.870402e-03
1.874054e-03
1.877710e-03
1.881369e-03
1.885032e-03
1.888698e-03
1.892368e-03
1.896042e-03
1.899719e-03
1.903399e-03
1.907083e-03
1.910771e-03
1.914462e-03
1.918157e-03
1.921856e-03
1.925557e-03
1.929263e-03
1.932972e-03
1.936685e-03
1.940401e-03
1.944121e-03
1.947844e-03
1.951571e-03
1.955301e-03
1.959035e-03
1.962773e-03
1.966514e-03
1.970258e-03
1.974007e-03
1.977758e-03
1.981514e-03
1.985273e-03
1.989035e-03
1.992801e-03
1.996571e-03
2.000344e-03
2.004120e-03
2.007901e-03
2.011685e-03
2.015472e-03
2.019263e-03
2.023057e-03
2.026855e-03
2.030657e-03
2.034462e-03
2.038271e-03
2.042083e-03
2.045899e-03
2.049718e-03
2.053541e-03
2.057368e-03
2.061198e-03
2.065031e-03
2.068869e-03
2.072709e-03
2.076554e-03
2.080402e-03
2.084253e-03
2.088108e-03
2.091966e-03
2.095829e-03
2.099694e-03
2.103563e-03
2.107436e-03
2.111313e-03
2.115192e-03
2.119076e-03
2.122963e-03
2.126853e-03
2.130748e-03
2.134645e-03
2.138547e-03
2.142451e-03
2.146360e-03
2.150272e-03
2.154187e-03
2.158106e-03
2.162029e-03
2.165955e-03
2.169885e-03
2.173818e-03
2.177755e-03
2.181695e-03
2.185639e-03
2.189587e-03
2.193538e-03
2.197492e-03
2.201450e-03
2.205412e-03
2.209378e-03
2.213346e-03
2.217319e-03
2.221295e-03
2.225274e-03
2.229257e-03
2.233244e-03
2.237234e-03
2.241228e-03
2.245225e-03
2.249226e-03
2.253231e-03
2.257239e-03
2.261250e-03
2.265265e-03
2.269284e-03
2.273306e-03
2.277332e-03
2.281362e-03
2.285394e-03
2.289431e-03
2.293471e-03
2.297515e-03
2.301562e-03
2.305612e-03
2.309667e-03
2.313725e-03
2.317786e-03
2.321851e-03
2.325919e-03
2.329992e-03
2.334067e-03
2.338146e-03
2.342229e-03
2.346315e-03
2.350405e-03
2.354499e-03
2.358596e-03
2.362696e-03
2.366800e-03
2.370908e-03
2.375019e-03
2.379134e-03
2.383252e-03
2.387374e-03
2.391500e-03
2.395629e-03
2.399761e-03
2.403897e-03
2.408037e-03
2.412180e-03
2.416327e-03
2.420478e-03
2.424631e-03
2.428789e-03
2.432950e-03
2.437115e-03
2.441283e-03
2.445454e-03
2.449630e-03
2.453809e-03
2.457991e-03
2.462177e-03
2.466366e-03
2.470560e-03
2.474756e-03
2.478956e-03
2.483160e-03
2.487367e-03
2.491578e-03
2.495793e-03
2.500011e-03
2.504232e-03
2.508457e-03
2.512686e-03
2.516918e-03
2.521154e-03
2.525393e-03
2.529636e-03
2.533883e-03
2.538133e-03
2.542386e-03
2.546643e-03
2.550904e-03
2.555168e-03
2.559436e-03
2.563708e-03
2.567982e-03
2.572261e-03
2.576543e-03
2.580829e-03
2.585118e-03
2.589410e-03
2.593707e-03
2.598007e-03
2.602310e-03
2.606617e-03
2.610927e-03
2.615242e-03
2.619559e-03
2.623880e-03
2.628205e-03
2.632533e-03
2.636865e-03
2.641201e-03
2.645540e-03
2.649882e-03
2.654228e-03
2.658578e-03
2.662931e-03
2.667288e-03
2.671648e-03
2.676012e-03
2.680380e-03
2.684751e-03
2.689125e-03
2.693503e-03
2.697885e-03
2.702270e-03
2.706659e-03
2.711052e-03
2.715448e-03
2.719847e-03
2.724250e-03
2.728657e-03
2.733067e-03
2.737481e-03
2.741898e-03
2.746319e-03
2.750743e-03
2.755171e-03
2.759603e-03
2.764038e-03
2.768476e-03
2.772918e-03
2.777364e-03
2.781814e-03
2.786266e-03
2.790723e-03
2.795183e-03
2.799646e-03
2.804113e-03
2.808584e-03
2.813058e-03
2.817536e-03
2.822018e-03
2.826502e-03
2.830991e-03
2.835483e-03
2.839978e-03
2.844478e-03
2.848980e-03
2.853487e-03
2.857996e-03
2.862510e-03
2.867027e-03
2.871547e-03
2.876071e-03
2.880599e-03
2.885130e-03
2.889665e-03
2.894203e-03
2.898745e-03
2.903290e-03
2.907839e-03
2.912392e-03
2.916948e-03
2.921507e-03
2.926071e-03
2.930637e-03
2.935208e-03
2.939782e-03
2.944359e-03
2.948940e-03
2.953525e-03
2.958113e-03
2.962704e-03
2.967300e-03
2.971898e-03
2.976501e-03
2.981107e-03
2.985716e-03
2.990329e-03
2.994946e-03
2.999566e-03
3.004190e-03
3.008817e-03
3.013448e-03
3.018082e-03
3.022720e-03
3.027361e-03
3.032006e-03
3.036655e-03
3.041307e-03
3.045963e-03
3.050622e-03
3.055285e-03
3.059951e-03
3.064621e-03
3.069295e-03
3.073972e-03
3.078653e-03
3.083337e-03
3.088025e-03
3.092716e-03
3.097411e-03
3.102109e-03
3.106811e-03
3.111517e-03
3.116226e-03
3.120939e-03
3.125655e-03
3.130375e-03
3.135098e-03
3.139825e-03
3.144555e-03
3.149289e-03
3.154027e-03
3.158768e-03
3.163513e-03
3.168261e-03
3.173013e-03
3.177768e-03
3.182527e-03
3.187290e-03
3.192056e-03
3.196825e-03
3.201599e-03
3.206375e-03
3.211156e-03
3.215939e-03
3.220727e-03
3.225518e-03
3.230312e-03
3.235110e-03
3.239912e-03
3.244717e-03
3.249526e-03
3.254338e-03
3.259154e-03
3.263974e-03
3.268797e-03
3.273623e-03
3.278453e-03
3.283287e-03
3.288124e-03
3.292965e-03
3.297809e-03
3.302657e-03
3.307509e-03
3.312364e-03
3.317222e-03
3.322084e-03
3.326950e-03
3.331819e-03
3.336692e-03
3.341569e-03
3.346449e-03
3.351332e-03
3.356219e-03
3.361110e-03
3.366004e-03
3.370902e-03
3.375803e-03
3.380708e-03
3.385616e-03
3.390528e-03
3.395444e-03
3.400363e-03
3.405285e-03
3.410212e-03
3.415141e-03
3.420075e-03
3.425012e-03
3.429952e-03
3.434896e-03
3.439844e-03
3.444795e-03
3.449749e-03
3.454708e-03
3.459669e-03
3.464635e-03
3.469604e-03
3.474576e-03
3.479552e-03
3.484532e-03
3.489515e-03
3.494502e-03
3.499492e-03
3.504486e-03
3.509483e-03
3.514484e-03
3.519488e-03
3.524496e-03
3.529508e-03
3.534523e-03
3.539542e-03
3.544564e-03
3.549590e-03
3.554620e-03
3.559653e-03
3.564689e-03
3.569729e-03
3.574773e-03
3.579820e-03
3.584871e-03
3.589925e-03
3.594983e-03
3.600044e-03
3.605109e-03
3.610178e-03
3.615250e-03
3.620326e-03
3.625405e-03
3.630488e-03
3.635574e-03
3.640664e-03
3.645758e-03
3.650855e-03
3.655955e-03
3.661059e-03
3.666167e-03
3.671278e-03
3.676393e-03
3.681511e-03
3.686633e-03
3.691759e-03
3.696888e-03
3.702021e-03
3.707157e-03
3.712297e-03
3.717440e-03
3.722587e-03
3.727737e-03
3.732891e-03
3.738049e-03
3.743210e-03
3.748374e-03
3.753543e-03
3.758714e-03
3.763890e-03
3.769068e-03
3.774251e-03
3.779437e-03
3.784626e-03
3.789820e-03
3.795016e-03
3.800217e-03
3.805420e-03
3.810628e-03
3.815839e-03
3.821053e-03
3.826271e-03
3.831493e-03
3.836718e-03
3.841947e-03
3.847179e-03
3.852415e-03
3.857654e-03
3.862897e-03
3.868143e-03
3.873394e-03
3.878647e-03
3.883904e-03
3.889165e-03
3.894429e-03
3.899697e-03
3.904969e-03
3.910244e-03
3.915522e-03
3.920804e-03
3.926090e-03
3.931379e-03
3.936672e-03
3.941968e-03
3.947268e-03
3.952572e-03
3.957879e-03
3.963189e-03
3.968503e-03
3.973821e-03
3.979142e-03
3.984467e-03
3.989795e-03
3.995127e-03
4.000463e-03
4.005802e-03
4.011144e-03
4.016490e-03
4.021840e-03
4.027193e-03
4.032550e-03
4.037911e-03
4.043275e-03
4.048642e-03
4.054013e-03
4.059388e-03
4.064766e-03
4.070148e-03
4.075533e-03
4.080922e-03
4.086314e-03
4.091710e-03
4.097110e-03
4.102513e-03
4.107920e-03
4.113330e-03
4.118743e-03
4.124161e-03
4.129582e-03
4.135006e-03
4.140434e-03
4.145866e-03
4.151301e-03
4.156740e-03
4.162182e-03
4.166963e-03
4.171726e-03
4.176472e-03
4.181199e-03
4.185910e-03
4.190602e-03
4.195276e-03
4.199933e-03
4.204572e-03
4.209194e-03
4.213797e-03
4.218383e-03
4.222951e-03
4.227502e-03
4.232034e-03
4.236549e-03
4.241046e-03
4.245525e-03
4.249987e-03
4.254431e-03
4.258857e-03
4.263265e-03
4.267656e-03
4.272029e-03
4.276384e-03
4.280721e-03
4.285041e-03
4.289343e-03
4.293627e-03
4.297893e-03
4.302142e-03
4.306373e-03
4.310586e-03
4.314781e-03
4.318959e-03
4.323119e-03
4.327261e-03
4.331386e-03
4.335492e-03
4.339581e-03
4.343652e-03
4.347706e-03
4.351741e-03
4.355759e-03
4.359759e-03
4.363742e-03
4.367707e-03
4.371654e-03
4.375583e-03
4.379494e-03
4.383388e-03
4.387264e-03
4.391122e-03
4.394962e-03
4.398785e-03
4.402590e-03
4.406377e-03
4.410147e-03
4.413899e-03
4.417633e-03
4.421349e-03
4.425047e-03
4.428728e-03
4.432391e-03
4.436036e-03
4.439664e-03
4.443273e-03
4.446865e-03
4.450440e-03
4.453996e-03
4.457535e-03
4.461056e-03
4.464559e-03
4.468045e-03
4.471512e-03
4.474963e-03
4.478395e-03
4.481809e-03
4.485206e-03
4.488585e-03
4.491946e-03
4.495290e-03
4.498616e-03
4.501924e-03
4.505214e-03
4.508487e-03
4.511741e-03
4.514978e-03
4.518198e-03
4.521399e-03
4.524583e-03
4.527749e-03
4.530898e-03
4.534028e-03
4.537141e-03
4.540236e-03
4.543313e-03
4.546373e-03
4.549415e-03
4.552439e-03
4.555445e-03
4.558434e-03
4.561405e-03
4.564358e-03
4.567293e-03
4.570211e-03
4.573111e-03
4.575993e-03
4.578857e-03
4.581704e-03
4.584533e-03
4.587344e-03
4.590137e-03
4.592913e-03
4.595671e-03
4.598411e-03
4.601133e-03
4.603838e-03
4.606525e-03
4.609194e-03
4.611845e-03
4.614479e-03
4.617095e-03
4.619693e-03
4.622273e-03
4.624836e-03
4.627381e-03
4.629908e-03
4.632417e-03
4.634909e-03
4.637383e-03
4.639839e-03
4.642278e-03
4.644698e-03
4.647101e-03
4.649486e-03
4.651854e-03
4.654204e-03
4.656536e-03
4.658850e-03
4.661146e-03
4.663425e-03
4.665686e-03
4.667929e-03
4.670155e-03
4.672362e-03
4.674552e-03
4.676724e-03
4.678879e-03
4.681016e-03
4.683135e-03
4.685236e-03
4.687319e-03
4.689385e-03
4.691433e-03
4.693463e-03
4.695476e-03
4.697471e-03
4.699448e-03
4.701407e-03
4.703348e-03
4.705272e-03
4.707178e-03
4.709067e-03
4.710937e-03
4.712790e-03
4.714625e-03
4.716442e-03
4.718242e-03
4.720023e-03
4.721788e-03
4.723534e-03
4.725262e-03
4.726973e-03
4.728666e-03
4.730342e-03
4.731999e-03
4.733639e-03
4.735261e-03
4.736865e-03
4.738452e-03
4.740021e-03
4.741572e-03
4.743105e-03
4.744621e-03
4.746119e-03
4.747599e-03
4.749061e-03
4.750506e-03
4.751932e-03
4.753342e-03
4.754733e-03
4.756106e-03
4.757462e-03
4.758800e-03
4.760121e-03
4.761423e-03
4.762708e-03
4.763975e-03
4.765225e-03
4.766456e-03
4.767670e-03
4.768866e-03
4.770045e-03
4.771205e-03
4.772348e-03
4.773474e-03
4.774581e-03
4.775671e-03
4.776742e-03
4.777797e-03
4.778833e-03
4.779852e-03
4.780853e-03
4.781836e-03
4.782801e-03
4.783749e-03
4.784679e-03
4.785591e-03
4.786485e-03
4.787362e-03
4.788221e-03
4.789062e-03
4.789886e-03
4.790691e-03
4.791479e-03
4.792250e-03
4.793002e-03
4.793737e-03
4.794454e-03
4.795153e-03
4.795834e-03
4.796498e-03
4.797144e-03
4.797772e-03
4.798383e-03
4.798976e-03
4.799551e-03
4.800108e-03
4.800647e-03
4.801169e-03
4.801673e-03
4.802159e-03
4.802628e-03
4.803079e-03
4.803512e-03
4.803927e-03
4.804324e-03
4.804704e-03
4.805066e-03
4.805410e-03
4.805737e-03
4.806046e-03
4.806337e-03
4.806610e-03
4.806866e-03
4.807103e-03
4.807323e-03
4.807526e-03
4.807710e-03
4.807877e-03
4.808026e-03
4.808157e-03
4.808271e-03
4.808367e-03
4.808445e-03
4.808505e-03
4.808548e-03
4.808573e-03
4.808580e-03
4.808569e-03
4.808541e-03
4.808494e-03
4.808431e-03
4.808349e-03
4.808249e-03
4.808132e-03
4.807997e-03
4.807845e-03
4.807674e-03
4.807486e-03
4.807280e-03
4.807057e-03
4.806815e-03
4.806556e-03
4.806279e-03
4.805985e-03
4.805672e-03
4.805342e-03
4.804994e-03
4.804629e-03
4.804245e-03
4.803844e-03
4.803425e-03
4.802989e-03
4.802535e-03
4.802062e-03
4.801573e-03
4.801065e-03
4.800540e-03
4.800219e-03
4.800219e-03
4.800219e-03
4.800219e-03
4.800219e-03
4.800219e-03
4.800219e-03
4.800219e-03
4.800219e-03
4.800219e-03
4.800219e-03
4.800219e-03
4.800219e-03
4.800219e-03
4.800219e-03
4.800219e-03
4.800219e-03
4.800219e-03
4.800219e-03
4.800219e-03
4.800219e-03
4.800219e-03
4.800219e-03
4.800219e-03
4.800219e-03
4.800219e-03
4.800219e-03
4.800219e-03
4.800219e-03
4.800219e-03
4.800219e-03
4.800219e-03
4.800219e-03
4.800219e-03
4.800219e-03
4.800219e-03
4.800219e-03
4.800219e-03
4.800219e-03
4.800219e-03
4.800219e-03
4.800219e-03
4.800219e-03
4.800219e-03
4.800219e-03
4.800219e-03
4.800219e-03
4.800219e-03
4.800219e-03
4.800219e-03
4.800219e-03
4.800219e-03
4.800219e-03
4.800219e-03
4.800219e-03
4.800219e-03
4.800219e-03
4.800219e-03
4.800219e-03
4.800219e-03
4.800219e-03
4.800219e-03
4.800219e-03
4.800219e-03
4.800219e-03
4.800219e-03
4.800219e-03
4.800219e-03
4.800219e-03
4.800219e-03
4.800219e-03
4.800219e-03
4.800219e-03
4.800219e-03
4.800219e-03
4.800219e-03
4.800219e-03
4.800219e-03
4.800219e-03
4.800219e-03
4.800219e-03
4.800219e-03
4.800219e-03
4.800219e-03
4.800219e-03
4.800219e-03
4.800219e-03
4.800219e-03
4.800219e-03
4.800219e-03
4.800219e-03
4.800219e-03
4.800219e-03
4.800219e-03
4.800219e-03
4.800219e-03
4.800219e-03
4.800219e-03
4.800219e-03
4.800219e-03
4.800219e-03
4.800219e-03
4.800219e-03
4.800219e-03
4.800219e-03
4.800219e-03
4.800219e-03
4.800219e-03
4.800219e-03
4.800219e-03
4.800219e-03
4.800219e-03
4.800219e-03
4.800219e-03
4.800219e-03
4.800219e-03
4.800219e-03
4.800219e-03
4.800219e-03
4.800219e-03
4.800219e-03
4.800219e-03
4.800219e-03
4.800219e-03
4.800219e-03
4.800219e-03
4.800219e-03
4.800219e-03
4.800219e-03
4.800219e-03
4.800219e-03
4.800219e-03
4.800219e-03
4.800219e-03
4.800219e-03
4.800219e-03
4.800219e-03
4.800219e-03
4.800219e-03
4.800219e-03
4.800219e-03
4.800219e-03
4.800219e-03
4.800219e-03
4.800219e-03
4.800219e-03
4.800219e-03
4.800219e-03
4.800219e-03
4.800219e-03
4.800219e-03
4.800219e-03
4.800219e-03
4.800219e-03
4.800219e-03
4.800219e-03
4.800219e-03
4.800219e-03
4.800219e-03
4.800219e-03
4.800219e-03
4.800219e-03
4.800219e-03
4.800219e-03
4.800219e-03
4.800219e-03
4.800219e-03
4.800219e-03
4.800219e-03
4.800219e-03
4.800219e-03
4.800219e-03
4.800219e-03
4.800219e-03
4.800219e-03
4.800219e-03
4.800219e-03
4.800219e-03
4.800219e-03
4.800219e-03
4.800219e-03
4.800219e-03
4.800219e-03
4.800219e-03
4.800219e-03
4.800219e-03
4.800219e-03
4.800219e-03
4.800219e-03
4.800219e-03
4.800219e-03
4.800219e-03
4.800219e-03
4.800219e-03
4.800219e-03
4.800219e-03
4.800219e-03
4.800219e-03
4.800219e-03
4.800219e-03
4.800219e-03
