0.000000e+00
1.110371e-07
2.255119e-07
3.434243e-07
4.647744e-07
5.895622e-07
7.177877e-07
8.494509e-07
9.845518e-07
1.123090e-06
1.265066e-06
1.410480e-06
1.559332e-06
1.711621e-06
1.867348e-06
2.026513e-06
2.189115e-06
2.355155e-06
2.524633e-06
2.697548e-06
2.873901e-06
3.053692e-06
3.236920e-06
3.423586e-06
3.613690e-06
3.807231e-06
4.004210e-06
4.204627e-06
4.408482e-06
4.615774e-06
4.826504e-06
5.040671e-06
5.258276e-06
5.479319e-06
5.703800e-06
5.931718e-06
6.163074e-06
6.397868e-06
6.636099e-06
6.877768e-06
7.122874e-06
7.371419e-06
7.623401e-06
7.878820e-06
8.137678e-06
8.399973e-06
8.665705e-06
8.934876e-06
9.207484e-06
9.483530e-06
9.763013e-06
1.004593e-05
1.033229e-05
1.062209e-05
1.091532e-05
1.121200e-05
1.151211e-05
1.181565e-05
1.212264e-05
1.243306e-05
1.274692e-05
1.306422e-05
1.338495e-05
1.370913e-05
1.403674e-05
1.436779e-05
1.470227e-05
1.504020e-05
1.538156e-05
1.572636e-05
1.607459e-05
1.642627e-05
1.678138e-05
1.713993e-05
1.750192e-05
1.786735e-05
1.823621e-05
1.860851e-05
1.898425e-05
1.936342e-05
1.974604e-05
2.013209e-05
2.052158e-05
2.091451e-05
2.131087e-05
2.171067e-05
2.211391e-05
2.252059e-05
2.293071e-05
2.334426e-05
2.376125e-05
2.418168e-05
2.460554e-05
2.503285e-05
2.546359e-05
2.589777e-05
2.633538e-05
2.677644e-05
2.722093e-05
2.766886e-05
2.812023e-05
2.857503e-05
2.903328e-05
2.949496e-05
2.996007e-05
3.042863e-05
3.090062e-05
3.137606e-05
3.185492e-05
3.233723e-05
3.282298e-05
3.331216e-05
3.380478e-05
3.430083e-05
3.480033e-05
3.530326e-05
3.580963e-05
3.631944e-05
3.683269e-05
3.734937e-05
3.786949e-05
3.839305e-05
3.892005e-05
3.945048e-05
3.998435e-05
4.052166e-05
4.106241e-05
4.160659e-05
4.215422e-05
4.270528e-05
4.325977e-05
4.381771e-05
4.437908e-05
4.494389e-05
4.551214e-05
4.608383e-05
4.665895e-05
4.723751e-05
4.781951e-05
4.840495e-05
4.899383e-05
4.958614e-05
5.018189e-05
5.078108e-05
5.138370e-05
5.198976e-05
5.259926e-05
5.321220e-05
5.382858e-05
5.444839e-05
5.507164e-05
5.569833e-05
5.632846e-05
5.696203e-05
5.759903e-05
5.823947e-05
5.888335e-05
5.953066e-05
6.018141e-05
6.083560e-05
6.149323e-05
6.215430e-05
6.281880e-05
6.348674e-05
6.415812e-05
6.483294e-05
6.551119e-05
6.619289e-05
6.687802e-05
6.756658e-05
6.825859e-05
6.895403e-05
6.965291e-05
7.035523e-05
7.106099e-05
7.177018e-05
7.248281e-05
7.319888e-05
7.391839e-05
7.464133e-05
7.536771e-05
7.609753e-05
7.683079e-05
7.756748e-05
7.830762e-05
7.905119e-05
7.979819e-05
8.054864e-05
8.130252e-05
8.205984e-05
8.282060e-05
8.358480e-05
8.435243e-05
8.512351e-05
8.589802e-05
8.667596e-05
8.745735e-05
8.824217e-05
8.903043e-05
8.982213e-05
9.061726e-05
9.141584e-05
9.221785e-05
9.302330e-05
9.383218e-05
9.464451e-05
9.546027e-05
9.627947e-05
9.710210e-05
9.792818e-05
9.875769e-05
9.959064e-05
1.004270e-04
1.012669e-04
1.021101e-04
1.029568e-04
1.038070e-04
1.046605e-04
1.055175e-04
1.063780e-04
1.072419e-04
1.081092e-04
1.089800e-04
1.098542e-04
1.107318e-04
1.116129e-04
1.124974e-04
1.133854e-04
1.142768e-04
1.151716e-04
1.160699e-04
1.169716e-04
1.178767e-04
1.187853e-04
1.196973e-04
1.206127e-04
1.215316e-04
1.224540e-04
1.233797e-04
1.243089e-04
1.252416e-04
1.261777e-04
1.271172e-04
1.280601e-04
1.290065e-04
1.299564e-04
1.309096e-04
1.318663e-04
1.328265e-04
1.337901e-04
1.347571e-04
1.357275e-04
1.367014e-04
1.376788e-04
1.386595e-04
1.396437e-04
1.406314e-04
1.416225e-04
1.426170e-04
1.436150e-04
1.446164e-04
1.456212e-04
1.466295e-04
1.476412e-04
1.486563e-04
1.496749e-04
1.506969e-04
1.517224e-04
1.527513e-04
1.537836e-04
1.548194e-04
1.558586e-04
1.569012e-04
1.579473e-04
1.589969e-04
1.600498e-04
1.611062e-04
1.621661e-04
1.632293e-04
1.642960e-04
1.653662e-04
1.664398e-04
1.675168e-04
1.685973e-04
1.696812e-04
1.707685e-04
1.718593e-04
1.729535e-04
1.740511e-04
1.751522e-04
1.762568e-04
1.773647e-04
1.784761e-04
1.795910e-04
1.807092e-04
1.818310e-04
1.829561e-04
1.840847e-04
1.852167e-04
1.863522e-04
1.874911e-04
1.886334e-04
1.897792e-04
1.909284e-04
1.920811e-04
1.932372e-04
1.943967e-04
1.955597e-04
1.967261e-04
1.978959e-04
1.990692e-04
2.002459e-04
2.014261e-04
2.026097e-04
2.037967e-04
2.049872e-04
2.061811e-04
2.073784e-04
2.085792e-04
2.097834e-04
2.109911e-04
2.122022e-04
2.134167e-04
2.146347e-04
2.158561e-04
2.170809e-04
2.183092e-04
2.195409e-04
2.207761e-04
2.220147e-04
2.232567e-04
2.245022e-04
2.257511e-04
2.270035e-04
2.282592e-04
2.295185e-04
2.307811e-04
2.320472e-04
2.333168e-04
2.345897e-04
2.358661e-04
2.371460e-04
2.384293e-04
2.397160e-04
2.410062e-04
2.422998e-04
2.435968e-04
2.448973e-04
2.462012e-04
2.475085e-04
2.488193e-04
2.501336e-04
2.514512e-04
2.527723e-04
2.540969e-04
2.554248e-04
2.567562e-04
2.580911e-04
2.594294e-04
2.607711e-04
2.621163e-04
2.634649e-04
2.648169e-04
2.661724e-04
2.675313e-04
2.688937e-04
2.702595e-04
2.716287e-04
2.730013e-04
2.743775e-04
2.757570e-04
2.771400e-04
2.785264e-04
2.799162e-04
2.813095e-04
2.827063e-04
2.841064e-04
2.855100e-04
2.869171e-04
2.883276e-04
2.897415e-04
2.911588e-04
2.925796e-04
2.940039e-04
2.954315e-04
2.968626e-04
2.982972e-04
2.997352e-04
3.011766e-04
3.026214e-04
3.040697e-04
3.055215e-04
3.069766e-04
3.084352e-04
3.098973e-04
3.113628e-04
3.128317e-04
3.143041e-04
3.157798e-04
3.172591e-04
3.187418e-04
3.202279e-04
3.217174e-04
3.232104e-04
3.247068e-04
3.262067e-04
3.277100e-04
3.292167e-04
3.307269e-04
3.322405e-04
3.337575e-04
3.352780e-04
3.368020e-04
3.383293e-04
3.398601e-04
3.413944e-04
3.429320e-04
3.444731e-04
3.460177e-04
3.475657e-04
3.491171e-04
3.506720e-04
3.522303e-04
3.537920e-04
3.553572e-04
3.569258e-04
3.584978e-04
3.600733e-04
3.616523e-04
3.632346e-04
3.648204e-04
3.664097e-04
3.680023e-04
3.695985e-04
3.711980e-04
3.728010e-04
3.744074e-04
3.760173e-04
3.776306e-04
3.792473e-04
3.808675e-04
3.824911e-04
3.841182e-04
3.857487e-04
3.873826e-04
3.890200e-04
3.906608e-04
3.923050e-04
3.939527e-04
3.956038e-04
3.972584e-04
3.989164e-04
4.005778e-04
4.022427e-04
4.039110e-04
4.055827e-04
4.072579e-04
4.089365e-04
4.106186e-04
4.123041e-04
4.139930e-04
4.156854e-04
4.173812e-04
4.190804e-04
4.207831e-04
4.224892e-04
4.241988e-04
4.259118e-04
4.276282e-04
4.293481e-04
4.310714e-04
4.327982e-04
4.345283e-04
4.362620e-04
4.379990e-04
4.397395e-04
4.414835e-04
4.432308e-04
4.449816e-04
4.467359e-04
4.484936e-04
4.502547e-04
4.520193e-04
4.537873e-04
4.555587e-04
4.573336e-04
4.591119e-04
4.608936e-04
4.626788e-04
4.644674e-04
4.662595e-04
4.680550e-04
4.698539e-04
4.716563e-04
4.734621e-04
4.752714e-04
4.770841e-04
4.789002e-04
4.807198e-04
4.825428e-04
4.843692e-04
4.861991e-04
4.880324e-04
4.898692e-04
4.917093e-04
4.935530e-04
4.954000e-04
4.972505e-04
4.991045e-04
5.009619e-04
5.028227e-04
5.046869e-04
5.065546e-04
5.084258e-04
5.103003e-04
5.121783e-04
5.140598e-04
5.159447e-04
5.178330e-04
5.197247e-04
5.216199e-04
5.235185e-04
5.254206e-04
5.273261e-04
5.292351e-04
5.311474e-04
5.330633e-04
5.349825e-04
5.369052e-04
5.388314e-04
5.407609e-04
5.426939e-04
5.446304e-04
5.465703e-04
5.485136e-04
5.504603e-04
5.524105e-04
5.543642e-04
5.563212e-04
5.582818e-04
5.602457e-04
5.622131e-04
5.641839e-04
5.661582e-04
5.681359e-04
5.701170e-04
5.721016e-04
5.740896e-04
5.760810e-04
5.780759e-04
5.800742e-04
5.820760e-04
5.840812e-04
5.860898e-04
5.881019e-04
5.901174e-04
5.921364e-04
5.941588e-04
5.961846e-04
5.982138e-04
6.002466e-04
6.022827e-04
6.043223e-04
6.063653e-04
6.084117e-04
6.104616e-04
6.125149e-04
6.145717e-04
6.166319e-04
6.186956e-04
6.207626e-04
6.228331e-04
6.249071e-04
6.269845e-04
6.290653e-04
6.311496e-04
6.332373e-04
6.353284e-04
6.374230e-04
6.395210e-04
6.416225e-04
6.437274e-04
6.458357e-04
6.479475e-04
6.500627e-04
6.521813e-04
6.543034e-04
6.564289e-04
6.585579e-04
6.606903e-04
6.628261e-04
6.649654e-04
6.671081e-04
6.692542e-04
6.714038e-04
6.735568e-04
6.757133e-04
6.778732e-04
6.800365e-04
6.822033e-04
6.843735e-04
6.865471e-04
6.887242e-04
6.909047e-04
6.930887e-04
6.952761e-04
6.974669e-04
6.996612e-04
7.018589e-04
7.040600e-04
7.062646e-04
7.084726e-04
7.106841e-04
7.128990e-04
7.151173e-04
7.173391e-04
7.195643e-04
7.217930e-04
7.240251e-04
7.262606e-04
7.284995e-04
7.307419e-04
7.329878e-04
7.352371e-04
7.374898e-04
7.397459e-04
7.420055e-04
7.442685e-04
7.465350e-04
7.488049e-04
7.510782e-04
7.533550e-04
7.556352e-04
7.579189e-04
7.602060e-04
7.624965e-04
7.647904e-04
7.670879e-04
7.693887e-04
7.716930e-04
7.740007e-04
7.763118e-04
7.786264e-04
7.809445e-04
7.832659e-04
7.855908e-04
7.879192e-04
7.902509e-04
7.925862e-04
7.949248e-04
7.972669e-04
7.996124e-04
8.019614e-04
8.043138e-04
8.066697e-04
8.090289e-04
8.113916e-04
8.137578e-04
8.161274e-04
8.185004e-04
8.208769e-04
8.232568e-04
8.256401e-04
8.280269e-04
8.304171e-04
8.328108e-04
8.352079e-04
8.376084e-04
8.400124e-04
8.424198e-04
8.448307e-04
8.472449e-04
8.496627e-04
8.520838e-04
8.545084e-04
8.569364e-04
8.593679e-04
8.618028e-04
8.642412e-04
8.666830e-04
8.691282e-04
8.715768e-04
8.740289e-04
8.764845e-04
8.789434e-04
8.814059e-04
8.838717e-04
8.863410e-04
8.888137e-04
8.912899e-04
8.937695e-04
8.962525e-04
8.987390e-04
9.012289e-04
9.037223e-04
9.062190e-04
9.087193e-04
9.112229e-04
9.137300e-04
9.162406e-04
9.187545e-04
9.212720e-04
9.237928e-04
9.263171e-04
9.288448e-04
9.313760e-04
9.339106e-04
9.364486e-04
9.389901e-04
9.415350e-04
9.440834e-04
9.466352e-04
9.491904e-04
9.517491e-04
9.543112e-04
9.568767e-04
9.594457e-04
9.620181e-04
9.645940e-04
9.671732e-04
9.697560e-04
9.723421e-04
9.749317e-04
9.775248e-04
9.801213e-04
9.827212e-04
9.853245e-04
9.879313e-04
9.905416e-04
9.931552e-04
9.957723e-04
9.983929e-04
1.001017e-03
1.003644e-03
1.006275e-03
1.008909e-03
1.011547e-03
1.014188e-03
1.016833e-03
1.019481e-03
1.022132e-03
1.024787e-03
1.027446e-03
1.030108e-03
1.032773e-03
1.035441e-03
1.038114e-03
1.040789e-03
1.043468e-03
1.046151e-03
1.048836e-03
1.051526e-03
1.054218e-03
1.056915e-03
1.059614e-03
1.062317e-03
1.065024e-03
1.067734e-03
1.070447e-03
1.073164e-03
1.075884e-03
1.078608e-03
1.081335e-03
1.084065e-03
1.086799e-03
1.089537e-03
1.092278e-03
1.095022e-03
1.097770e-03
1.100521e-03
1.103275e-03
1.106034e-03
1.108795e-03
1.111560e-03
1.114328e-03
1.117100e-03
1.119875e-03
1.122654e-03
1.125436e-03
1.128222e-03
1.131011e-03
1.133803e-03
1.136599e-03
1.139398e-03
1.142201e-03
1.145007e-03
1.147817e-03
1.150630e-03
1.153446e-03
1.156266e-03
1.159090e-03
1.161916e-03
1.164747e-03
1.167580e-03
1.170418e-03
1.173258e-03
1.176102e-03
1.178949e-03
1.181800e-03
1.184655e-03
1.187512e-03
1.190374e-03
1.193238e-03
1.196106e-03
1.198978e-03
1.201853e-03
1.204731e-03
1.207613e-03
1.210498e-03
1.213387e-03
1.216279e-03
1.219174e-03
1.222073e-03
1.224976e-03
1.227882e-03
1.230791e-03
1.233704e-03
1.236620e-03
1.239540e-03
1.242463e-03
1.245389e-03
1.248319e-03
1.251253e-03
1.254189e-03
1.257130e-03
1.260073e-03
1.263020e-03
1.265971e-03
1.268925e-03
1.271882e-03
1.274843e-03
1.277808e-03
1.280775e-03
1.283747e-03
1.286721e-03
1.289699e-03
1.292681e-03
1.295666e-03
1.298654e-03
1.301646e-03
1.304641e-03
1.307640e-03
1.310642e-03
1.313647e-03
1.316656e-03
1.319669e-03
1.322685e-03
1.325704e-03
1.328727e-03
1.331753e-03
1.334783e-03
1.337816e-03
1.340852e-03
1.343892e-03
1.346936e-03
1.349982e-03
1.353033e-03
1.356086e-03
1.359143e-03
1.362204e-03
1.365268e-03
1.368335e-03
1.371406e-03
1.374481e-03
1.377558e-03
1.380640e-03
1.383724e-03
1.386812e-03
1.389904e-03
1.392999e-03
1.396097e-03
1.399199e-03
1.402304e-03
1.405413e-03
1.408525e-03
1.411641e-03
1.414760e-03
1.417882e-03
1.421008e-03
1.424137e-03
1.427270e-03
1.430406e-03
1.433546e-03
1.436689e-03
1.439835e-03
1.442985e-03
1.446139e-03
1.449296e-03
1.452456e-03
1.455620e-03
1.458787e-03
1.461957e-03
1.465131e-03
1.468309e-03
1.471490e-03
1.474674e-03
1.477862e-03
1.481053e-03
1.484248e-03
1.487446e-03
1.490647e-03
1.493852e-03
1.497060e-03
1.500272e-03
1.503488e-03
1.506706e-03
1.509928e-03
1.513154e-03
1.516383e-03
1.519615e-03
1.522851e-03
1.526091e-03
1.529333e-03
1.532580e-03
1.535829e-03
1.539082e-03
1.542339e-03
1.545599e-03
1.548862e-03
1.552129e-03
1.555399e-03
1.558673e-03
1.561950e-03
1.565231e-03
1.568515e-03
1.571802e-03
1.575093e-03
1.578387e-03
1.581685e-03
1.584986e-03
1.588291e-03
1.591599e-03
1.594911e-03
1.598226e-03
1.601544e-03
1.604866e-03
1.608191e-03
1.611520e-03
1.614852e-03
1.618187e-03
1.621526e-03
1.624869e-03
1.628215e-03
1.631564e-03
1.634917e-03
1.638273e-03
1.641633e-03
1.644996e-03
1.648362e-03
1.651732e-03
1.655106e-03
1.658483e-03
1.661863e-03
1.665247e-03
1.668634e-03
1.672024e-03
1.675418e-03
1.678816e-03
1.682217e-03
1.685621e-03
1.689029e-03
1.692440e-03
1.695855e-03
1.699273e-03
1.702694e-03
1.706119e-03
1.709548e-03
1.712979e-03
1.716415e-03
1.719853e-03
1.723296e-03
1.726741e-03
1.730190e-03
1.733643e-03
1.737099e-03
1.740558e-03
1.744021e-03
1.747487e-03
1.750957e-03
1.754430e-03
1.757906e-03
1.761386e-03
1.764870e-03
1.768356e-03
1.771847e-03
1.775340e-03
1.778838e-03
1.782338e-03
1.785842e-03
1.789350e-03
1.792860e-03
1.796375e-03
1.799893e-03
1.803414e-03
1.806938e-03
1.810467e-03
1.813998e-03
1.817533e-03
1.821071e-03
1.824613e-03
1.828159e-03
1.831707e-03
1.835259e-03
1.838815e-03
1.842374e-03
1.845937e-03
1.849502e-03
1.853072e-03
1.856645e-03
1.860221e-03
1.863800e-03
1.867384e-03
1.870970e-03
1.874560e-03
1.878153e-03
1.881750e-03
1.885351e-03
1.888954e-03
1.892561e-03
1.896172e-03
1.899786e-03
1.903404e-03
1.907024e-03
1.910649e-03
1.914277e-03
1.917908e-03
1.921543e-03
1.925181e-03
1.928822e-03
1.932467e-03
1.936116e-03
1.939767e-03
1.943423e-03
1.947081e-03
1.950744e-03
1.954409e-03
1.958078e-03
1.961751e-03
1.965427e-03
1.969106e-03
1.972789e-03
1.976475e-03
1.980165e-03
1.983858e-03
1.987554e-03
1.991254e-03
1.994958e-03
1.998664e-03
2.002375e-03
2.006088e-03
2.009806e-03
2.013526e-03
2.017250e-03
2.020978e-03
2.024709e-03
2.028443e-03
2.032181e-03
2.035922e-03
2.039667e-03
2.043415e-03
2.047166e-03
2.050921e-03
2.054680e-03
2.058442e-03
2.062207e-03
2.065976e-03
2.069748e-03
2.073523e-03
2.077302e-03
2.081085e-03
2.084871e-03
2.088660e-03
2.092453e-03
2.096249e-03
2.100049e-03
2.103852e-03
2.107659e-03
2.111469e-03
2.115282e-03
2.119099e-03
2.122919e-03
2.126743e-03
2.130570e-03
2.134401e-03
2.138235e-03
2.142072e-03
2.145913e-03
2.149757e-03
2.153605e-03
2.157456e-03
2.161311e-03
2.165169e-03
2.169031e-03
2.172896e-03
2.176764e-03
2.180636e-03
2.184511e-03
2.188390e-03
2.192272e-03
2.196158e-03
2.200047e-03
2.203939e-03
2.207835e-03
2.211735e-03
2.215637e-03
2.219544e-03
2.223453e-03
2.227366e-03
2.231283e-03
2.235203e-03
2.239126e-03
2.243053e-03
2.246984e-03
2.250917e-03
2.254855e-03
2.258795e-03
2.262739e-03
2.266687e-03
2.270638e-03
2.274592e-03
2.278550e-03
2.282511e-03
2.286476e-03
2.290444e-03
2.294415e-03
2.298390e-03
2.302369e-03
2.306351e-03
2.310336e-03
2.314325e-03
2.318317e-03
2.322312e-03
2.326312e-03
2.330314e-03
2.334320e-03
2.338329e-03
2.342342e-03
2.346358e-03
2.350378e-03
2.354401e-03
2.358428e-03
2.362458e-03
2.366491e-03
2.370528e-03
2.374568e-03
2.378612e-03
2.382659e-03
2.386710e-03
2.390764e-03
2.394821e-03
2.398882e-03
2.402947e-03
2.407015e-03
2.411086e-03
2.415160e-03
2.419239e-03
2.423320e-03
2.427405e-03
2.431494e-03
2.435585e-03
2.439681e-03
2.443779e-03
2.447882e-03
2.451987e-03
2.456096e-03
2.460209e-03
2.464325e-03
2.468444e-03
2.472567e-03
2.476693e-03
2.480823e-03
2.484956e-03
2.489093e-03
2.493233e-03
2.497376e-03
2.501523e-03
2.505673e-03
2.509827e-03
2.513984e-03
2.518145e-03
2.522309e-03
2.526476e-03
2.530647e-03
2.534822e-03
2.538999e-03
2.543181e-03
2.547365e-03
2.551554e-03
2.555745e-03
2.559940e-03
2.564139e-03
2.568340e-03
2.572546e-03
2.576754e-03
2.580967e-03
2.585182e-03
2.589401e-03
2.593624e-03
2.597850e-03
2.602079e-03
2.606312e-03
2.610548e-03
2.614788e-03
2.619031e-03
2.623278e-03
2.627528e-03
2.631781e-03
2.636038e-03
2.640298e-03
2.644562e-03
2.648829e-03
2.653100e-03
2.657374e-03
2.661651e-03
2.665932e-03
2.670217e-03
2.674505e-03
2.678796e-03
2.683091e-03
2.687389e-03
2.691690e-03
2.695995e-03
2.700304e-03
2.704616e-03
2.708931e-03
2.713250e-03
2.717572e-03
2.721897e-03
2.726227e-03
2.730559e-03
2.734895e-03
2.739234e-03
2.743577e-03
2.747923e-03
2.752273e-03
2.756626e-03
2.760983e-03
2.765343e-03
2.769706e-03
2.774073e-03
2.778444e-03
2.782817e-03
2.787195e-03
2.791575e-03
2.795959e-03
2.800347e-03
2.804738e-03
2.809132e-03
2.813530e-03
2.817931e-03
2.822336e-03
2.826744e-03
2.831156e-03
2.835571e-03
2.839989e-03
2.844411e-03
2.848836e-03
2.853265e-03
2.857697e-03
2.862133e-03
2.866572e-03
2.871014e-03
2.875460e-03
2.879910e-03
2.884363e-03
2.888819e-03
2.893279e-03
2.897742e-03
2.902208e-03
2.906678e-03
2.911152e-03
2.915629e-03
2.920109e-03
2.924593e-03
2.929080e-03
2.933571e-03
2.938065e-03
2.942562e-03
2.947063e-03
2.951568e-03
2.956075e-03
2.960587e-03
2.965101e-03
2.969619e-03
2.974141e-03
2.978666e-03
2.983195e-03
2.987726e-03
2.992262e-03
2.996801e-03
3.001343e-03
3.005888e-03
3.010437e-03
3.014990e-03
3.019546e-03
3.024105e-03
3.028668e-03
3.033234e-03
3.037804e-03
3.042377e-03
3.046954e-03
3.051534e-03
3.056117e-03
3.060704e-03
3.065295e-03
3.069888e-03
3.074486e-03
3.079086e-03
3.083690e-03
3.088298e-03
3.092909e-03
3.097523e-03
3.102141e-03
3.106762e-03
3.111387e-03
3.116015e-03
3.120647e-03
3.125282e-03
3.129920e-03
3.134562e-03
3.139208e-03
3.143856e-03
3.148508e-03
3.153164e-03
3.157823e-03
3.162486e-03
3.167152e-03
3.171821e-03
3.176494e-03
3.181170e-03
3.185850e-03
3.190533e-03
3.195220e-03
3.199910e-03
3.204603e-03
3.209300e-03
3.214000e-03
3.218704e-03
3.223411e-03
3.228122e-03
3.232836e-03
3.237554e-03
3.242275e-03
3.246999e-03
3.251727e-03
3.256458e-03
3.261193e-03
3.265931e-03
3.270673e-03
3.275418e-03
3.280166e-03
3.284918e-03
3.289673e-03
3.294432e-03
3.299194e-03
3.303960e-03
3.308729e-03
3.313502e-03
3.318278e-03
3.323057e-03
3.327840e-03
3.332626e-03
3.337416e-03
3.342209e-03
3.347006e-03
3.351806e-03
3.356609e-03
3.361416e-03
3.366226e-03
3.371040e-03
3.375857e-03
3.380678e-03
3.385502e-03
3.390330e-03
3.395161e-03
3.399995e-03
3.404833e-03
3.409674e-03
3.414519e-03
3.419367e-03
3.424219e-03
3.429074e-03
3.433932e-03
3.438794e-03
3.443660e-03
3.448528e-03
3.453401e-03
3.458276e-03
3.463155e-03
3.468038e-03
3.472924e-03
3.477813e-03
3.482706e-03
3.487602e-03
3.492502e-03
3.497405e-03
3.502312e-03
3.507222e-03
3.512135e-03
3.517052e-03
3.521973e-03
3.526896e-03
3.531824e-03
3.536754e-03
3.541688e-03
3.546626e-03
3.551567e-03
3.556511e-03
3.561459e-03
3.566410e-03
3.571365e-03
3.576323e-03
3.581285e-03
3.586250e-03
3.591219e-03
3.596190e-03
3.601166e-03
3.606145e-03
3.611127e-03
3.616112e-03
3.621102e-03
3.626094e-03
3.631090e-03
3.636090e-03
3.641092e-03
3.646099e-03
3.651108e-03
3.656122e-03
3.661138e-03
3.666158e-03
3.671182e-03
3.676209e-03
3.681239e-03
3.686273e-03
3.691310e-03
3.696351e-03
3.701395e-03
3.706442e-03
3.711493e-03
3.716548e-03
3.721606e-03
3.726667e-03
3.731732e-03
3.736800e-03
3.741871e-03
3.746946e-03
3.752025e-03
3.757107e-03
3.762192e-03
3.767281e-03
3.772373e-03
3.777469e-03
3.782568e-03
3.787671e-03
3.792777e-03
3.797886e-03
3.802999e-03
3.808115e-03
3.813235e-03
3.818358e-03
3.823485e-03
3.828615e-03
3.833748e-03
3.838885e-03
3.844026e-03
3.849169e-03
3.854317e-03
3.859467e-03
3.864621e-03
3.869779e-03
3.874940e-03
3.880104e-03
3.885272e-03
3.890444e-03
3.895618e-03
3.900796e-03
3.905978e-03
3.911163e-03
3.916352e-03
3.921544e-03
3.926739e-03
3.931938e-03
3.937140e-03
3.942346e-03
3.947555e-03
3.952767e-03
3.957983e-03
3.963203e-03
3.968426e-03
3.973652e-03
3.978882e-03
3.984115e-03
3.989351e-03
3.994591e-03
3.999835e-03
4.005082e-03
4.010332e-03
4.015586e-03
4.020843e-03
4.026104e-03
4.030703e-03
4.035286e-03
4.039851e-03
4.044399e-03
4.048929e-03
4.053443e-03
4.057940e-03
4.062419e-03
4.066881e-03
4.071326e-03
4.075754e-03
4.080165e-03
4.084559e-03
4.088935e-03
4.093295e-03
4.097637e-03
4.101962e-03
4.106270e-03
4.110561e-03
4.114834e-03
4.119091e-03
4.123330e-03
4.127553e-03
4.131758e-03
4.135946e-03
4.140116e-03
4.144270e-03
4.148407e-03
4.152526e-03
4.156628e-03
4.160713e-03
4.164781e-03
4.168832e-03
4.172866e-03
4.176882e-03
4.180882e-03
4.184864e-03
4.188829e-03
4.192777e-03
4.196708e-03
4.200621e-03
4.204518e-03
4.208397e-03
4.212259e-03
4.216105e-03
4.219932e-03
4.223743e-03
4.227537e-03
4.231313e-03
4.235073e-03
4.238815e-03
4.242540e-03
4.246248e-03
4.249939e-03
4.253613e-03
4.257269e-03
4.260909e-03
4.264531e-03
4.268136e-03
4.271724e-03
4.275295e-03
4.278848e-03
4.282385e-03
4.285904e-03
4.289406e-03
4.292892e-03
4.296359e-03
4.299810e-03
4.303244e-03
4.306661e-03
4.310060e-03
4.313442e-03
4.316807e-03
4.320155e-03
4.323486e-03
4.326800e-03
4.330096e-03
4.333376e-03
4.336638e-03
4.339883e-03
4.343111e-03
4.346322e-03
4.349515e-03
4.352692e-03
4.355851e-03
4.358994e-03
4.362119e-03
4.365227e-03
4.368317e-03
4.371391e-03
4.374448e-03
4.377487e-03
4.380509e-03
4.383514e-03
4.386502e-03
4.389473e-03
4.392427e-03
4.395363e-03
4.398283e-03
4.401185e-03
4.404070e-03
4.406938e-03
4.409789e-03
4.412622e-03
4.415439e-03
4.418238e-03
4.421021e-03
4.423786e-03
4.426534e-03
4.429265e-03
4.431978e-03
4.434675e-03
4.437354e-03
4.440016e-03
4.442661e-03
4.445289e-03
4.447900e-03
4.450494e-03
4.453070e-03
4.455630e-03
4.458172e-03
4.460697e-03
4.463205e-03
4.465696e-03
4.468170e-03
4.470626e-03
4.473066e-03
4.475488e-03
4.477893e-03
4.480281e-03
4.482652e-03
4.485005e-03
4.487342e-03
4.489661e-03
4.491964e-03
4.494249e-03
4.496517e-03
4.498767e-03
4.501001e-03
4.503218e-03
4.505417e-03
4.507599e-03
4.509764e-03
4.511912e-03
4.514043e-03
4.516157e-03
4.518253e-03
4.520333e-03
4.522395e-03
4.524440e-03
4.526468e-03
4.528479e-03
4.530473e-03
4.532449e-03
4.534409e-03
4.536351e-03
4.538276e-03
4.540184e-03
4.542075e-03
4.543948e-03
4.545805e-03
4.547644e-03
4.549467e-03
4.551272e-03
4.553060e-03
4.554830e-03
4.556584e-03
4.558321e-03
4.560040e-03
4.561742e-03
4.563427e-03
4.565095e-03
4.566746e-03
4.568380e-03
4.569996e-03
4.571596e-03
4.573178e-03
4.574743e-03
4.576291e-03
4.577822e-03
4.579336e-03
4.580832e-03
4.582312e-03
4.583774e-03
4.585219e-03
4.586647e-03
4.588058e-03
4.589452e-03
4.590828e-03
4.592187e-03
4.593530e-03
4.594855e-03
4.596163e-03
4.597454e-03
4.598727e-03
4.599984e-03
4.601223e-03
4.602446e-03
4.603651e-03
4.604839e-03
4.606009e-03
4.607163e-03
4.608300e-03
4.609419e-03
4.610521e-03
4.611606e-03
4.612674e-03
4.613725e-03
4.614759e-03
4.615775e-03
4.616775e-03
4.617757e-03
4.618722e-03
4.619670e-03
4.620601e-03
4.621515e-03
4.622411e-03
4.623291e-03
4.624153e-03
4.624998e-03
4.625826e-03
4.626637e-03
4.627431e-03
4.628207e-03
4.628967e-03
4.629709e-03
4.630434e-03
4.631142e-03
4.631833e-03
4.632506e-03
4.633163e-03
4.633802e-03
4.634425e-03
4.635030e-03
4.635618e-03
4.636189e-03
4.636742e-03
4.637279e-03
4.637798e-03
4.638300e-03
4.638786e-03
4.639254e-03
4.639704e-03
4.640138e-03
4.640555e-03
4.640954e-03
4.641336e-03
4.641701e-03
4.642049e-03
4.642380e-03
4.642694e-03
4.642990e-03
4.643270e-03
4.643532e-03
4.643777e-03
4.644005e-03
4.644216e-03
4.644410e-03
4.644586e-03
4.644746e-03
4.644888e-03
4.645013e-03
4.645121e-03
4.645212e-03
4.645286e-03
4.645342e-03
4.645382e-03
4.645404e-03
4.645409e-03
4.645397e-03
4.645368e-03
4.645322e-03
4.645258e-03
4.645177e-03
4.645080e-03
4.644965e-03
4.644833e-03
4.644684e-03
4.644517e-03
4.644334e-03
4.644133e-03
4.643916e-03
4.643681e-03
4.643429e-03
4.643160e-03
4.642873e-03
4.642570e-03
4.642249e-03
4.641912e-03
4.641557e-03
4.641185e-03
4.640795e-03
4.640389e-03
4.639966e-03
4.639525e-03
4.639067e-03
4.638593e-03
4.638101e-03
4.637591e-03
4.637065e-03
4.636744e-03
4.636744e-03
4.636744e-03
4.636744e-03
4.636744e-03
4.636744e-03
4.636744e-03
4.636744e-03
4.636744e-03
4.636744e-03
4.636744e-03
4.636744e-03
4.636744e-03
4.636744e-03
4.636744e-03
4.636744e-03
4.636744e-03
4.636744e-03
4.636744e-03
4.636744e-03
4.636744e-03
4.636744e-03
4.636744e-03
4.636744e-03
4.636744e-03
4.636744e-03
4.636744e-03
4.636744e-03
4.636744e-03
4.636744e-03
4.636744e-03
4.636744e-03
4.636744e-03
4.636744e-03
4.636744e-03
4.636744e-03
4.636744e-03
4.636744e-03
4.636744e-03
4.636744e-03
4.636744e-03
4.636744e-03
4.636744e-03
4.636744e-03
4.636744e-03
4.636744e-03
4.636744e-03
4.636744e-03
4.636744e-03
4.636744e-03
4.636744e-03
4.636744e-03
4.636744e-03
4.636744e-03
4.636744e-03
4.636744e-03
4.636744e-03
4.636744e-03
4.636744e-03
4.636744e-03
4.636744e-03
4.636744e-03
4.636744e-03
4.636744e-03
4.636744e-03
4.636744e-03
4.636744e-03
4.636744e-03
4.636744e-03
4.636744e-03
4.636744e-03
4.636744e-03
4.636744e-03
4.636744e-03
4.636744e-03
4.636744e-03
4.636744e-03
4.636744e-03
4.636744e-03
4.636744e-03
4.636744e-03
4.636744e-03
4.636744e-03
4.636744e-03
4.636744e-03
4.636744e-03
4.636744e-03
4.636744e-03
4.636744e-03
4.636744e-03
4.636744e-03
4.636744e-03
4.636744e-03
4.636744e-03
4.636744e-03
4.636744e-03
4.636744e-03
4.636744e-03
4.636744e-03
4.636744e-03
4.636744e-03
4.636744e-03
4.636744e-03
4.636744e-03
4.636744e-03
4.636744e-03
4.636744e-03
4.636744e-03
4.636744e-03
4.636744e-03
4.636744e-03
4.636744e-03
4.636744e-03
4.636744e-03
4.636744e-03
4.636744e-03
4.636744e-03
4.636744e-03
4.636744e-03
4.636744e-03
4.636744e-03
4.636744e-03
4.636744e-03
4.636744e-03
4.636744e-03
4.636744e-03
4.636744e-03
4.636744e-03
4.636744e-03
4.636744e-03
4.636744e-03
4.636744e-03
4.636744e-03
4.636744e-03
4.636744e-03
4.636744e-03
4.636744e-03
4.636744e-03
4.636744e-03
4.636744e-03
4.636744e-03
4.636744e-03
4.636744e-03
4.636744e-03
4.636744e-03
4.636744e-03
4.636744e-03
4.636744e-03
4.636744e-03
4.636744e-03
4.636744e-03
4.636744e-03
4.636744e-03
4.636744e-03
4.636744e-03
4.636744e-03
4.636744e-03
4.636744e-03
4.636744e-03
4.636744e-03
4.636744e-03
4.636744e-03
4.636744e-03
4.636744e-03
4.636744e-03
4.636744e-03
4.636744e-03
4.636744e-03
4.636744e-03
4.636744e-03
4.636744e-03
4.636744e-03
4.636744e-03
4.636744e-03
4.636744e-03
4.636744e-03
4.636744e-03
4.636744e-03
4.636744e-03
4.636744e-03
4.636744e-03
4.636744e-03
4.636744e-03
4.636744e-03
4.636744e-03
4.636744e-03
4.636744e-03
4.636744e-03
4.636744e-03
4.636744e-03
4.636744e-03
4.636744e-03
4.636744e-03
4.636744e-03
4.636744e-03
4.636744e-03
4.636744e-03
4.636744e-03
4.636744e-03
4.636744e-03
4.636744e-03
