0.000000e+00
1.110371e-07
2.255769e-07
3.436195e-07
4.651648e-07
5.902129e-07
7.187637e-07
8.508173e-07
9.863736e-07
1.125433e-06
1.267994e-06
1.414059e-06
1.563626e-06
1.716696e-06
1.873269e-06
2.033345e-06
2.196923e-06
2.364004e-06
2.534588e-06
2.708674e-06
2.886264e-06
3.067356e-06
3.251951e-06
3.440048e-06
3.631648e-06
3.826751e-06
4.025357e-06
4.227466e-06
4.433077e-06
4.642191e-06
4.854808e-06
5.070927e-06
5.290549e-06
5.513674e-06
5.740302e-06
5.970433e-06
6.204066e-06
6.441202e-06
6.681841e-06
6.925982e-06
7.173626e-06
7.424773e-06
7.679423e-06
7.937575e-06
8.199231e-06
8.464389e-06
8.733049e-06
9.005213e-06
9.280879e-06
9.560048e-06
9.842720e-06
1.012889e-05
1.041857e-05
1.071175e-05
1.100843e-05
1.130862e-05
1.161231e-05
1.191950e-05
1.223019e-05
1.254439e-05
1.286209e-05
1.318329e-05
1.350799e-05
1.383620e-05
1.416791e-05
1.450312e-05
1.484184e-05
1.518406e-05
1.552978e-05
1.587900e-05
1.623173e-05
1.658796e-05
1.694769e-05
1.731093e-05
1.767766e-05
1.804790e-05
1.842165e-05
1.879889e-05
1.917964e-05
1.956389e-05
1.995165e-05
2.034290e-05
2.073766e-05
2.113593e-05
2.153769e-05
2.194296e-05
2.235173e-05
2.276400e-05
2.317978e-05
2.359906e-05
2.402184e-05
2.444812e-05
2.487791e-05
2.531120e-05
2.574799e-05
2.618829e-05
2.663209e-05
2.707939e-05
2.753019e-05
2.798450e-05
2.844231e-05
2.890362e-05
2.936843e-05
2.983675e-05
3.030857e-05
3.078389e-05
3.126272e-05
3.174505e-05
3.223088e-05
3.272021e-05
3.321305e-05
3.370939e-05
3.420923e-05
3.471258e-05
3.521942e-05
3.572977e-05
3.624363e-05
3.676098e-05
3.728184e-05
3.780620e-05
3.833407e-05
3.886543e-05
3.940030e-05
3.993867e-05
4.048055e-05
4.102593e-05
4.157481e-05
4.212719e-05
4.268308e-05
4.324247e-05
4.380536e-05
4.437175e-05
4.494165e-05
4.551505e-05
4.609195e-05
4.667236e-05
4.725626e-05
4.784367e-05
4.843459e-05
4.902900e-05
4.962692e-05
5.022834e-05
5.083327e-05
5.144170e-05
5.205363e-05
5.266906e-05
5.328799e-05
5.391043e-05
5.453637e-05
5.516582e-05
5.579876e-05
5.643521e-05
5.707516e-05
5.771862e-05
5.836558e-05
5.901604e-05
5.967000e-05
6.032746e-05
6.098843e-05
6.165290e-05
6.232088e-05
6.299235e-05
6.366733e-05
6.434582e-05
6.502780e-05
6.571329e-05
6.640228e-05
6.709477e-05
6.779077e-05
6.849027e-05
6.919327e-05
6.989977e-05
7.060978e-05
7.132329e-05
7.204030e-05
7.276082e-05
7.348483e-05
7.421235e-05
7.494338e-05
7.567790e-05
7.641593e-05
7.715746e-05
7.790250e-05
7.865104e-05
7.940308e-05
8.015862e-05
8.091766e-05
8.168021e-05
8.244626e-05
8.321582e-05
8.398887e-05
8.476543e-05
8.554549e-05
8.632906e-05
8.711613e-05
8.790670e-05
8.870077e-05
8.949834e-05
9.029942e-05
9.110400e-05
9.191209e-05
9.272367e-05
9.353876e-05
9.435735e-05
9.517945e-05
9.600505e-05
9.683415e-05
9.766675e-05
9.850286e-05
9.934246e-05
1.001856e-04
1.010322e-04
1.018823e-04
1.027359e-04
1.035930e-04
1.044537e-04
1.053178e-04
1.061854e-04
1.070566e-04
1.079312e-04
1.088093e-04
1.096910e-04
1.105761e-04
1.114648e-04
1.123569e-04
1.132526e-04
1.141517e-04
1.150544e-04
1.159605e-04
1.168702e-04
1.177834e-04
1.187000e-04
1.196202e-04
1.205439e-04
1.214711e-04
1.224017e-04
1.233359e-04
1.242736e-04
1.252148e-04
1.261595e-04
1.271077e-04
1.280594e-04
1.290146e-04
1.299733e-04
1.309355e-04
1.319012e-04
1.328704e-04
1.338431e-04
1.348193e-04
1.357991e-04
1.367823e-04
1.377690e-04
1.387592e-04
1.397530e-04
1.407502e-04
1.417509e-04
1.427552e-04
1.437629e-04
1.447741e-04
1.457889e-04
1.468071e-04
1.478289e-04
1.488541e-04
1.498829e-04
1.509152e-04
1.519509e-04
1.529902e-04
1.540330e-04
1.550792e-04
1.561290e-04
1.571823e-04
1.582391e-04
1.592993e-04
1.603631e-04
1.614304e-04
1.625012e-04
1.635755e-04
1.646533e-04
1.657346e-04
1.668194e-04
1.679077e-04
1.689995e-04
1.700948e-04
1.711936e-04
1.722959e-04
1.734017e-04
1.745111e-04
1.756239e-04
1.767402e-04
1.778600e-04
1.789834e-04
1.801102e-04
1.812405e-04
1.823744e-04
1.835117e-04
1.846526e-04
1.857969e-04
1.869448e-04
1.880961e-04
1.892510e-04
1.904093e-04
1.915712e-04
1.927366e-04
1.939054e-04
1.950778e-04
1.962537e-04
1.974330e-04
1.986159e-04
1.998023e-04
2.009922e-04
2.021856e-04
2.033825e-04
2.045829e-04
2.057867e-04
2.069941e-04
2.082050e-04
2.094194e-04
2.106374e-04
2.118588e-04
2.130837e-04
2.143121e-04
2.155440e-04
2.167794e-04
2.180183e-04
2.192608e-04
2.205067e-04
2.217561e-04
2.230091e-04
2.242655e-04
2.255254e-04
2.267889e-04
2.280558e-04
2.293263e-04
2.306002e-04
2.318777e-04
2.331586e-04
2.344431e-04
2.357310e-04
2.370225e-04
2.383175e-04
2.396159e-04
2.409179e-04
2.422234e-04
2.435324e-04
2.448448e-04
2.461608e-04
2.474803e-04
2.488033e-04
2.501298e-04
2.514598e-04
2.527933e-04
2.541303e-04
2.554708e-04
2.568148e-04
2.581623e-04
2.595133e-04
2.608678e-04
2.622258e-04
2.635873e-04
2.649524e-04
2.663209e-04
2.676929e-04
2.690684e-04
2.704475e-04
2.718300e-04
2.732160e-04
2.746056e-04
2.759986e-04
2.773952e-04
2.787952e-04
2.801988e-04
2.816058e-04
2.830164e-04
2.844304e-04
2.858480e-04
2.872691e-04
2.886936e-04
2.901217e-04
2.915533e-04
2.929883e-04
2.944269e-04
2.958690e-04
2.973146e-04
2.987637e-04
3.002163e-04
3.016724e-04
3.031319e-04
3.045950e-04
3.060616e-04
3.075317e-04
3.090054e-04
3.104825e-04
3.119631e-04
3.134472e-04
3.149348e-04
3.164259e-04
3.179205e-04
3.194187e-04
3.209203e-04
3.224254e-04
3.239341e-04
3.254462e-04
3.269618e-04
3.284810e-04
3.300036e-04
3.315298e-04
3.330594e-04
3.345926e-04
3.361292e-04
3.376694e-04
3.392130e-04
3.407602e-04
3.423109e-04
3.438650e-04
3.454227e-04
3.469839e-04
3.485486e-04
3.501167e-04
3.516884e-04
3.532636e-04
3.548423e-04
3.564245e-04
3.580102e-04
3.595994e-04
3.611921e-04
3.627883e-04
3.643880e-04
3.659912e-04
3.675979e-04
3.692081e-04
3.708218e-04
3.724391e-04
3.740598e-04
3.756840e-04
3.773117e-04
3.789430e-04
3.805777e-04
3.822159e-04
3.838577e-04
3.855029e-04
3.871516e-04
3.888039e-04
3.904596e-04
3.921189e-04
3.937816e-04
3.954479e-04
3.971177e-04
3.987909e-04
4.004677e-04
4.021480e-04
4.038317e-04
4.055190e-04
4.072098e-04
4.089041e-04
4.106018e-04
4.123031e-04
4.140079e-04
4.157162e-04
4.174280e-04
4.191433e-04
4.208621e-04
4.225844e-04
4.243102e-04
4.260395e-04
4.277723e-04
4.295086e-04
4.312484e-04
4.329917e-04
4.347386e-04
4.364889e-04
4.382427e-04
4.400000e-04
4.417609e-04
4.435252e-04
4.452930e-04
4.470644e-04
4.488392e-04
4.506176e-04
4.523994e-04
4.541848e-04
4.559736e-04
4.577660e-04
4.595618e-04
4.613612e-04
4.631641e-04
4.649704e-04
4.667803e-04
4.685937e-04
4.704105e-04
4.722309e-04
4.740548e-04
4.758822e-04
4.777131e-04
4.795475e-04
4.813854e-04
4.832267e-04
4.850716e-04
4.869200e-04
4.887719e-04
4.906273e-04
4.924863e-04
4.943487e-04
4.962146e-04
4.980840e-04
4.999569e-04
5.018333e-04
5.037133e-04
5.055967e-04
5.074836e-04
5.093741e-04
5.112680e-04
5.131654e-04
5.150664e-04
5.169708e-04
5.188788e-04
5.207902e-04
5.227052e-04
5.246236e-04
5.265456e-04
5.284710e-04
5.304000e-04
5.323325e-04
5.342684e-04
5.362079e-04
5.381509e-04
5.400973e-04
5.420473e-04
5.440008e-04
5.459578e-04
5.479183e-04
5.498823e-04
5.518498e-04
5.538208e-04
5.557953e-04
5.577733e-04
5.597548e-04
5.617398e-04
5.637283e-04
5.657203e-04
5.677158e-04
5.697148e-04
5.717173e-04
5.737234e-04
5.757329e-04
5.777459e-04
5.797625e-04
5.817825e-04
5.838060e-04
5.858331e-04
5.878636e-04
5.898977e-04
5.919352e-04
5.939763e-04
5.960208e-04
5.980689e-04
6.001204e-04
6.021755e-04
6.042341e-04
6.062961e-04
6.083617e-04
6.104308e-04
6.125033e-04
6.145794e-04
6.166590e-04
6.187421e-04
6.208287e-04
6.229188e-04
6.250123e-04
6.271094e-04
6.292100e-04
6.313141e-04
6.334217e-04
6.355328e-04
6.376475e-04
6.397656e-04
6.418872e-04
6.440123e-04
6.461409e-04
6.482730e-04
6.504087e-04
6.525478e-04
6.546904e-04
6.568366e-04
6.589862e-04
6.611393e-04
6.632960e-04
6.654561e-04
6.676198e-04
6.697869e-04
6.719576e-04
6.741317e-04
6.763094e-04
6.784905e-04
6.806752e-04
6.828634e-04
6.850550e-04
6.872502e-04
6.894489e-04
6.916511e-04
6.938567e-04
6.960659e-04
6.982786e-04
7.004948e-04
7.027145e-04
7.049377e-04
7.071644e-04
7.093946e-04
7.116283e-04
7.138655e-04
7.161062e-04
7.183504e-04
7.205981e-04
7.228493e-04
7.251040e-04
7.273623e-04
7.296240e-04
7.318892e-04
7.341580e-04
7.364302e-04
7.387059e-04
7.409852e-04
7.432679e-04
7.455541e-04
7.478439e-04
7.501371e-04
7.524339e-04
7.547341e-04
7.570379e-04
7.593452e-04
7.616559e-04
7.639702e-04
7.662879e-04
7.686092e-04
7.709340e-04
7.732623e-04
7.755940e-04
7.779293e-04
7.802681e-04
7.826104e-04
7.849562e-04
7.873055e-04
7.896583e-04
7.920146e-04
7.943744e-04
7.967377e-04
7.991045e-04
8.014748e-04
8.038486e-04
8.062259e-04
8.086067e-04
8.109911e-04
8.133789e-04
8.157702e-04
8.181650e-04
8.205634e-04
8.229652e-04
8.253705e-04
8.277794e-04
8.301917e-04
8.326076e-04
8.350269e-04
8.374498e-04
8.398761e-04
8.423060e-04
8.447393e-04
8.471762e-04
8.496166e-04
8.520604e-04
8.545078e-04
8.569587e-04
8.594130e-04
8.618709e-04
8.643323e-04
8.667972e-04
8.692656e-04
8.717375e-04
8.742128e-04
8.766917e-04
8.791741e-04
8.816600e-04
8.841494e-04
8.866423e-04
8.891388e-04
8.916387e-04
8.941421e-04
8.966490e-04
8.991594e-04
9.016733e-04
9.041908e-04
9.067117e-04
9.092361e-04
9.117640e-04
9.142955e-04
9.168304e-04
9.193689e-04
9.219108e-04
9.244563e-04
9.270052e-04
9.295577e-04
9.321136e-04
9.346731e-04
9.372360e-04
9.398025e-04
9.423725e-04
9.449459e-04
9.475229e-04
9.501034e-04
9.526873e-04
9.552748e-04
9.578658e-04
9.604603e-04
9.630583e-04
9.656598e-04
9.682648e-04
9.708733e-04
9.734853e-04
9.761008e-04
9.787198e-04
9.813423e-04
9.839683e-04
9.865978e-04
9.892308e-04
9.918673e-04
9.945073e-04
9.971509e-04
9.997979e-04
1.002448e-03
1.005102e-03
1.007760e-03
1.010421e-03
1.013086e-03
1.015754e-03
1.018425e-03
1.021100e-03
1.023779e-03
1.026461e-03
1.029146e-03
1.031835e-03
1.034528e-03
1.037224e-03
1.039924e-03
1.042627e-03
1.045333e-03
1.048043e-03
1.050757e-03
1.053474e-03
1.056195e-03
1.058919e-03
1.061646e-03
1.064377e-03
1.067112e-03
1.069850e-03
1.072592e-03
1.075337e-03
1.078085e-03
1.080837e-03
1.083593e-03
1.086352e-03
1.089115e-03
1.091881e-03
1.094651e-03
1.097424e-03
1.100200e-03
1.102980e-03
1.105764e-03
1.108551e-03
1.111342e-03
1.114136e-03
1.116934e-03
1.119735e-03
1.122539e-03
1.125348e-03
1.128159e-03
1.130974e-03
1.133793e-03
1.136615e-03
1.139441e-03
1.142270e-03
1.145103e-03
1.147939e-03
1.150779e-03
1.153622e-03
1.156468e-03
1.159319e-03
1.162172e-03
1.165029e-03
1.167890e-03
1.170754e-03
1.173622e-03
1.176493e-03
1.179368e-03
1.182246e-03
1.185128e-03
1.188013e-03
1.190902e-03
1.193794e-03
1.196690e-03
1.199589e-03
1.202492e-03
1.205398e-03
1.208308e-03
1.211221e-03
1.214138e-03
1.217058e-03
1.219982e-03
1.222909e-03
1.225840e-03
1.228774e-03
1.231712e-03
1.234653e-03
1.237598e-03
1.240546e-03
1.243498e-03
1.246453e-03
1.249412e-03
1.252374e-03
1.255340e-03
1.258309e-03
1.261282e-03
1.264258e-03
1.267238e-03
1.270221e-03
1.273208e-03
1.276198e-03
1.279192e-03
1.282189e-03
1.285190e-03
1.288194e-03
1.291202e-03
1.294214e-03
1.297228e-03
1.300247e-03
1.303269e-03
1.306294e-03
1.309323e-03
1.312355e-03
1.315391e-03
1.318430e-03
1.321473e-03
1.324519e-03
1.327569e-03
1.330623e-03
1.333679e-03
1.336740e-03
1.339804e-03
1.342871e-03
1.345942e-03
1.349016e-03
1.352094e-03
1.355175e-03
1.358260e-03
1.361349e-03
1.364441e-03
1.367536e-03
1.370635e-03
1.373737e-03
1.376843e-03
1.379952e-03
1.383065e-03
1.386182e-03
1.389302e-03
1.392425e-03
1.395552e-03
1.398682e-03
1.401816e-03
1.404954e-03
1.408095e-03
1.411239e-03
1.414387e-03
1.417538e-03
1.420693e-03
1.423852e-03
1.427014e-03
1.430179e-03
1.433348e-03
1.436520e-03
1.439696e-03
1.442876e-03
1.446059e-03
1.449245e-03
1.452435e-03
1.455629e-03
1.458826e-03
1.462026e-03
1.465230e-03
1.468437e-03
1.471648e-03
1.474863e-03
1.478081e-03
1.481302e-03
1.484527e-03
1.487756e-03
1.490988e-03
1.494223e-03
1.497462e-03
1.500705e-03
1.503951e-03
1.507200e-03
1.510453e-03
1.513710e-03
1.516970e-03
1.520233e-03
1.523500e-03
1.526771e-03
1.530045e-03
1.533322e-03
1.536603e-03
1.539888e-03
1.543176e-03
1.546467e-03
1.549762e-03
1.553061e-03
1.556363e-03
1.559669e-03
1.562978e-03
1.566290e-03
1.569606e-03
1.572926e-03
1.576249e-03
1.579575e-03
1.582905e-03
1.586239e-03
1.589576e-03
1.592917e-03
1.596261e-03
1.599608e-03
1.602959e-03
1.606314e-03
1.609672e-03
1.613034e-03
1.616399e-03
1.619767e-03
1.623139e-03
1.626515e-03
1.629894e-03
1.633277e-03
1.636663e-03
1.640052e-03
1.643446e-03
1.646842e-03
1.650242e-03
1.653646e-03
1.657053e-03
1.660464e-03
1.663878e-03
1.667295e-03
1.670717e-03
1.674141e-03
1.677569e-03
1.681001e-03
1.684436e-03
1.687875e-03
1.691317e-03
1.694763e-03
1.698212e-03
1.701664e-03
1.705121e-03
1.708580e-03
1.712043e-03
1.715510e-03
1.718980e-03
1.722454e-03
1.725931e-03
1.729412e-03
1.732896e-03
1.736384e-03
1.739875e-03
1.743369e-03
1.746868e-03
1.750369e-03
1.753875e-03
1.757383e-03
1.760895e-03
1.764411e-03
1.767930e-03
1.771453e-03
1.774979e-03
1.778509e-03
1.782042e-03
1.785579e-03
1.789119e-03
1.792663e-03
1.796210e-03
1.799761e-03
1.803315e-03
1.806873e-03
1.810434e-03
1.813999e-03
1.817567e-03
1.821139e-03
1.824714e-03
1.828293e-03
1.831875e-03
1.835461e-03
1.839050e-03
1.842643e-03
1.846239e-03
1.849839e-03
1.853442e-03
1.857049e-03
1.860659e-03
1.864273e-03
1.867890e-03
1.871511e-03
1.875135e-03
1.878763e-03
1.882395e-03
1.886029e-03
1.889668e-03
1.893309e-03
1.896955e-03
1.900604e-03
1.904256e-03
1.907912e-03
1.911571e-03
1.915234e-03
1.918900e-03
1.922570e-03
1.926243e-03
1.929920e-03
1.933601e-03
1.937284e-03
1.940972e-03
1.944663e-03
1.948357e-03
1.952055e-03
1.955756e-03
1.959461e-03
1.963169e-03
1.966881e-03
1.970597e-03
1.974315e-03
1.978038e-03
1.981764e-03
1.985493e-03
1.989226e-03
1.992962e-03
1.996702e-03
2.000446e-03
2.004192e-03
2.007943e-03
2.011697e-03
2.015454e-03
2.019215e-03
2.022979e-03
2.026747e-03
2.030519e-03
2.034294e-03
2.038072e-03
2.041854e-03
2.045639e-03
2.049428e-03
2.053221e-03
2.057017e-03
2.060816e-03
2.064619e-03
2.068425e-03
2.072235e-03
2.076049e-03
2.079866e-03
2.083686e-03
2.087510e-03
2.091338e-03
2.095169e-03
2.099003e-03
2.102841e-03
2.106682e-03
2.110527e-03
2.114376e-03
2.118228e-03
2.122083e-03
2.125942e-03
2.129805e-03
2.133671e-03
2.137540e-03
2.141413e-03
2.145290e-03
2.149170e-03
2.153053e-03
2.156940e-03
2.160831e-03
2.164725e-03
2.168622e-03
2.172523e-03
2.176428e-03
2.180336e-03
2.184247e-03
2.188162e-03
2.192081e-03
2.196003e-03
2.199928e-03
2.203857e-03
2.207790e-03
2.211726e-03
2.215666e-03
2.219609e-03
2.223555e-03
2.227505e-03
2.231459e-03
2.235416e-03
2.239376e-03
2.243340e-03
2.247308e-03
2.251279e-03
2.255254e-03
2.259232e-03
2.263213e-03
2.267198e-03
2.271187e-03
2.275179e-03
2.279175e-03
2.283174e-03
2.287176e-03
2.291182e-03
2.295192e-03
2.299205e-03
2.303222e-03
2.307242e-03
2.311265e-03
2.315292e-03
2.319323e-03
2.323357e-03
2.327395e-03
2.331436e-03
2.335481e-03
2.339529e-03
2.343580e-03
2.347635e-03
2.351694e-03
2.355756e-03
2.359822e-03
2.363891e-03
2.367964e-03
2.372040e-03
2.376119e-03
2.380203e-03
2.384289e-03
2.388379e-03
2.392473e-03
2.396570e-03
2.400671e-03
2.404775e-03
2.408883e-03
2.412994e-03
2.417109e-03
2.421227e-03
2.425348e-03
2.429474e-03
2.433602e-03
2.437734e-03
2.441870e-03
2.446009e-03
2.450152e-03
2.454298e-03
2.458448e-03
2.462601e-03
2.466758e-03
2.470918e-03
2.475082e-03
2.479249e-03
2.483420e-03
2.487594e-03
2.491772e-03
2.495953e-03
2.500138e-03
2.504326e-03
2.508518e-03
2.512713e-03
2.516912e-03
2.521114e-03
2.525320e-03
2.529529e-03
2.533742e-03
2.537958e-03
2.542178e-03
2.546401e-03
2.550628e-03
2.554858e-03
2.559092e-03
2.563329e-03
2.567570e-03
2.571814e-03
2.576062e-03
2.580313e-03
2.584568e-03
2.588826e-03
2.593088e-03
2.597353e-03
2.601622e-03
2.605894e-03
2.610170e-03
2.614449e-03
2.618732e-03
2.623019e-03
2.627308e-03
2.631602e-03
2.635899e-03
2.640199e-03
2.644503e-03
2.648810e-03
2.653121e-03
2.657435e-03
2.661753e-03
2.666074e-03
2.670399e-03
2.674728e-03
2.679059e-03
2.683395e-03
2.687734e-03
2.692076e-03
2.696422e-03
2.700771e-03
2.705124e-03
2.709480e-03
2.713840e-03
2.718204e-03
2.722571e-03
2.726941e-03
2.731315e-03
2.735692e-03
2.740073e-03
2.744457e-03
2.748845e-03
2.753237e-03
2.757632e-03
2.762030e-03
2.766432e-03
2.770837e-03
2.775246e-03
2.779659e-03
2.784075e-03
2.788494e-03
2.792917e-03
2.797343e-03
2.801773e-03
2.806207e-03
2.810644e-03
2.815084e-03
2.819528e-03
2.823975e-03
2.828426e-03
2.832881e-03
2.837339e-03
2.841800e-03
2.846265e-03
2.850734e-03
2.855206e-03
2.859681e-03
2.864160e-03
2.868642e-03
2.873128e-03
2.877618e-03
2.882111e-03
2.886607e-03
2.891107e-03
2.895611e-03
2.900118e-03
2.904628e-03
2.909142e-03
2.913660e-03
2.918181e-03
2.922705e-03
2.927233e-03
2.931765e-03
2.936300e-03
2.940838e-03
2.945380e-03
2.949926e-03
2.954475e-03
2.959027e-03
2.963583e-03
2.968143e-03
2.972706e-03
2.977272e-03
2.981842e-03
2.986416e-03
2.990993e-03
2.995574e-03
3.000158e-03
3.004745e-03
3.009336e-03
3.013931e-03
3.018529e-03
3.023130e-03
3.027735e-03
3.032344e-03
3.036956e-03
3.041572e-03
3.046191e-03
3.050813e-03
3.055439e-03
3.060069e-03
3.064702e-03
3.069339e-03
3.073979e-03
3.078622e-03
3.083269e-03
3.087920e-03
3.092574e-03
3.097232e-03
3.101893e-03
3.106557e-03
3.111226e-03
3.115897e-03
3.120572e-03
3.125251e-03
3.129933e-03
3.134619e-03
3.139308e-03
3.144000e-03
3.148697e-03
3.153396e-03
3.158099e-03
3.162806e-03
3.167516e-03
3.172230e-03
3.176947e-03
3.181668e-03
3.186392e-03
3.191119e-03
3.195851e-03
3.200585e-03
3.205323e-03
3.210065e-03
3.214810e-03
3.219559e-03
3.224311e-03
3.229067e-03
3.233826e-03
3.238589e-03
3.243355e-03
3.248124e-03
3.252898e-03
3.257674e-03
3.262455e-03
3.267238e-03
3.272025e-03
3.276816e-03
3.281610e-03
3.286408e-03
3.291209e-03
3.296014e-03
3.300822e-03
3.305634e-03
3.310449e-03
3.315268e-03
3.320090e-03
3.324916e-03
3.329745e-03
3.334578e-03
3.339414e-03
3.344254e-03
3.349097e-03
3.353944e-03
3.358794e-03
3.363648e-03
3.368505e-03
3.373366e-03
3.378230e-03
3.383098e-03
3.387969e-03
3.392844e-03
3.397722e-03
3.402604e-03
3.407489e-03
3.412378e-03
3.417270e-03
3.422166e-03
3.427065e-03
3.431968e-03
3.436875e-03
3.441784e-03
3.446698e-03
3.451614e-03
3.456535e-03
3.461459e-03
3.466386e-03
3.471317e-03
3.476251e-03
3.481189e-03
3.486130e-03
3.491075e-03
3.496023e-03
3.500975e-03
3.505931e-03
3.510889e-03
3.515852e-03
3.520818e-03
3.525787e-03
3.530760e-03
3.535736e-03
3.540716e-03
3.545699e-03
3.550686e-03
3.555677e-03
3.560670e-03
3.565668e-03
3.570669e-03
3.575673e-03
3.580681e-03
3.585692e-03
3.590707e-03
3.595726e-03
3.600747e-03
3.605773e-03
3.610802e-03
3.615834e-03
3.620870e-03
3.625909e-03
3.630952e-03
3.635999e-03
3.641049e-03
3.646102e-03
3.651159e-03
3.656219e-03
3.661283e-03
3.666351e-03
3.671422e-03
3.676496e-03
3.681574e-03
3.686655e-03
3.691740e-03
3.696829e-03
3.701921e-03
3.707016e-03
3.712115e-03
3.717218e-03
3.722324e-03
3.727433e-03
3.732546e-03
3.737662e-03
3.742782e-03
3.747906e-03
3.753033e-03
3.758163e-03
3.763297e-03
3.768435e-03
3.773576e-03
3.778720e-03
3.783868e-03
3.789020e-03
3.794175e-03
3.799333e-03
3.804495e-03
3.809661e-03
3.814830e-03
3.820002e-03
3.825178e-03
3.830358e-03
3.835541e-03
3.840727e-03
3.845917e-03
3.851111e-03
3.856308e-03
3.861508e-03
3.866712e-03
3.871920e-03
3.877131e-03
3.882346e-03
3.887564e-03
3.892785e-03
3.898010e-03
3.903239e-03
3.908471e-03
3.913706e-03
3.918945e-03
3.924188e-03
3.929434e-03
3.934684e-03
3.939937e-03
3.945193e-03
3.950453e-03
3.955717e-03
3.960984e-03
3.966255e-03
3.971529e-03
3.976806e-03
3.982087e-03
3.987372e-03
3.992660e-03
3.997952e-03
4.003247e-03
4.008545e-03
4.013847e-03
4.019153e-03
4.024462e-03
4.029775e-03
4.035091e-03
4.040410e-03
4.045734e-03
4.051060e-03
4.056390e-03
4.061724e-03
4.067061e-03
4.072402e-03
4.077746e-03
4.083094e-03
4.088445e-03
4.093799e-03
4.099158e-03
4.103854e-03
4.108534e-03
4.113196e-03
4.117840e-03
4.122467e-03
4.127077e-03
4.131669e-03
4.136244e-03
4.140801e-03
4.145341e-03
4.149863e-03
4.154368e-03
4.158855e-03
4.163325e-03
4.167777e-03
4.172212e-03
4.176629e-03
4.181029e-03
4.185412e-03
4.189777e-03
4.194124e-03
4.198455e-03
4.202767e-03
4.207062e-03
4.211340e-03
4.215600e-03
4.219843e-03
4.224068e-03
4.228276e-03
4.232467e-03
4.236639e-03
4.240795e-03
4.244933e-03
4.249053e-03
4.253156e-03
4.257242e-03
4.261310e-03
4.265361e-03
4.269394e-03
4.273409e-03
4.277408e-03
4.281388e-03
4.285352e-03
4.289298e-03
4.293226e-03
4.297137e-03
4.301030e-03
4.304906e-03
4.308765e-03
4.312606e-03
4.316429e-03
4.320235e-03
4.324024e-03
4.327795e-03
4.331549e-03
4.335285e-03
4.339004e-03
4.342705e-03
4.346389e-03
4.350055e-03
4.353704e-03
4.357335e-03
4.360949e-03
4.364546e-03
4.368125e-03
4.371686e-03
4.375230e-03
4.378757e-03
4.382266e-03
4.385758e-03
4.389232e-03
4.392689e-03
4.396128e-03
4.399550e-03
4.402954e-03
4.406341e-03
4.409710e-03
4.413062e-03
4.416397e-03
4.419714e-03
4.423013e-03
4.426295e-03
4.429560e-03
4.432807e-03
4.436037e-03
4.439249e-03
4.442444e-03
4.445621e-03
4.448781e-03
4.451923e-03
4.455048e-03
4.458155e-03
4.461245e-03
4.464318e-03
4.467373e-03
4.470410e-03
4.473430e-03
4.476433e-03
4.479418e-03
4.482386e-03
4.485336e-03
4.488269e-03
4.491184e-03
4.494082e-03
4.496962e-03
4.499825e-03
4.502670e-03
4.505498e-03
4.508309e-03
4.511102e-03
4.513877e-03
4.516635e-03
4.519376e-03
4.522099e-03
4.524805e-03
4.527493e-03
4.530163e-03
4.532817e-03
4.535452e-03
4.538071e-03
4.540672e-03
4.543255e-03
4.545821e-03
4.548369e-03
4.550900e-03
4.553414e-03
4.555910e-03
4.558388e-03
4.560850e-03
4.563293e-03
4.565719e-03
4.568128e-03
4.570519e-03
4.572893e-03
4.575249e-03
4.577588e-03
4.579910e-03
4.582214e-03
4.584500e-03
4.586769e-03
4.589020e-03
4.591254e-03
4.593471e-03
4.595670e-03
4.597852e-03
4.600016e-03
4.602163e-03
4.604292e-03
4.606404e-03
4.608498e-03
4.610575e-03
4.612634e-03
4.614676e-03
4.616700e-03
4.618707e-03
4.620697e-03
4.622669e-03
4.624623e-03
4.626561e-03
4.628480e-03
4.630382e-03
4.632267e-03
4.634134e-03
4.635984e-03
4.637816e-03
4.639631e-03
4.641428e-03
4.643208e-03
4.644971e-03
4.646716e-03
4.648443e-03
4.650153e-03
4.651846e-03
4.653521e-03
4.655179e-03
4.656819e-03
4.658441e-03
4.660047e-03
4.661634e-03
4.663205e-03
4.664757e-03
4.666293e-03
4.667811e-03
4.669311e-03
4.670794e-03
4.672259e-03
4.673707e-03
4.675138e-03
4.676551e-03
4.677947e-03
4.679325e-03
4.680686e-03
4.682029e-03
4.683354e-03
4.684663e-03
4.685954e-03
4.687227e-03
4.688483e-03
4.689721e-03
4.690942e-03
4.692146e-03
4.693332e-03
4.694500e-03
4.695651e-03
4.696785e-03
4.697901e-03
4.699000e-03
4.700081e-03
4.701145e-03
4.702191e-03
4.703220e-03
4.704231e-03
4.705225e-03
4.706201e-03
4.707160e-03
4.708102e-03
4.709026e-03
4.709932e-03
4.710821e-03
4.711693e-03
4.712547e-03
4.713384e-03
4.714203e-03
4.715004e-03
4.715789e-03
4.716556e-03
4.717305e-03
4.718037e-03
4.718751e-03
4.719448e-03
4.720127e-03
4.720789e-03
4.721434e-03
4.722061e-03
4.722671e-03
4.723263e-03
4.723837e-03
4.724395e-03
4.724934e-03
4.725457e-03
4.725961e-03
4.726449e-03
4.726918e-03
4.727371e-03
4.727806e-03
4.728223e-03
4.728623e-03
4.729006e-03
4.729371e-03
4.729718e-03
4.730048e-03
4.730361e-03
4.730656e-03
4.730934e-03
4.731194e-03
4.731437e-03
4.731662e-03
4.731870e-03
4.732061e-03
4.732233e-03
4.732389e-03
4.732527e-03
4.732647e-03
4.732750e-03
4.732836e-03
4.732904e-03
4.732955e-03
4.732988e-03
4.733004e-03
4.733002e-03
4.732983e-03
4.732946e-03
4.732892e-03
4.732820e-03
4.732731e-03
4.732624e-03
4.732500e-03
4.732359e-03
4.732200e-03
4.732023e-03
4.731830e-03
4.731618e-03
4.731389e-03
4.731143e-03
4.730879e-03
4.730598e-03
4.730299e-03
4.729983e-03
4.729649e-03
4.729298e-03
4.728930e-03
4.728544e-03
4.728140e-03
4.727719e-03
4.727281e-03
4.726825e-03
4.726352e-03
4.725861e-03
4.725352e-03
4.724827e-03
4.724505e-03
4.724505e-03
4.724505e-03
4.724505e-03
4.724505e-03
4.724505e-03
4.724505e-03
4.724505e-03
4.724505e-03
4.724505e-03
4.724505e-03
4.724505e-03
4.724505e-03
4.724505e-03
4.724505e-03
4.724505e-03
4.724505e-03
4.724505e-03
4.724505e-03
4.724505e-03
4.724505e-03
4.724505e-03
4.724505e-03
4.724505e-03
4.724505e-03
4.724505e-03
4.724505e-03
4.724505e-03
4.724505e-03
4.724505e-03
4.724505e-03
4.724505e-03
4.724505e-03
4.724505e-03
4.724505e-03
4.724505e-03
4.724505e-03
4.724505e-03
4.724505e-03
4.724505e-03
4.724505e-03
4.724505e-03
4.724505e-03
4.724505e-03
4.724505e-03
4.724505e-03
4.724505e-03
4.724505e-03
4.724505e-03
4.724505e-03
4.724505e-03
4.724505e-03
4.724505e-03
4.724505e-03
4.724505e-03
4.724505e-03
4.724505e-03
4.724505e-03
4.724505e-03
4.724505e-03
4.724505e-03
4.724505e-03
4.724505e-03
4.724505e-03
4.724505e-03
4.724505e-03
4.724505e-03
4.724505e-03
4.724505e-03
4.724505e-03
4.724505e-03
4.724505e-03
4.724505e-03
4.724505e-03
4.724505e-03
4.724505e-03
4.724505e-03
4.724505e-03
4.724505e-03
4.724505e-03
4.724505e-03
4.724505e-03
4.724505e-03
4.724505e-03
4.724505e-03
4.724505e-03
4.724505e-03
4.724505e-03
4.724505e-03
4.724505e-03
4.724505e-03
4.724505e-03
4.724505e-03
4.724505e-03
4.724505e-03
4.724505e-03
4.724505e-03
4.724505e-03
4.724505e-03
4.724505e-03
4.724505e-03
4.724505e-03
4.724505e-03
4.724505e-03
4.724505e-03
4.724505e-03
4.724505e-03
4.724505e-03
4.724505e-03
4.724505e-03
4.724505e-03
4.724505e-03
4.724505e-03
4.724505e-03
4.724505e-03
4.724505e-03
4.724505e-03
4.724505e-03
4.724505e-03
4.724505e-03
4.724505e-03
4.724505e-03
4.724505e-03
4.724505e-03
4.724505e-03
4.724505e-03
4.724505e-03
4.724505e-03
4.724505e-03
4.724505e-03
4.724505e-03
4.724505e-03
4.724505e-03
4.724505e-03
4.724505e-03
4.724505e-03
4.724505e-03
4.724505e-03
4.724505e-03
4.724505e-03
4.724505e-03
4.724505e-03
4.724505e-03
4.724505e-03
4.724505e-03
4.724505e-03
4.724505e-03
4.724505e-03
4.724505e-03
4.724505e-03
4.724505e-03
4.724505e-03
4.724505e-03
4.724505e-03
4.724505e-03
4.724505e-03
4.724505e-03
4.724505e-03
4.724505e-03
4.724505e-03
4.724505e-03
4.724505e-03
4.724505e-03
4.724505e-03
4.724505e-03
4.724505e-03
4.724505e-03
4.724505e-03
4.724505e-03
4.724505e-03
4.724505e-03
4.724505e-03
4.724505e-03
4.724505e-03
4.724505e-03
4.724505e-03
4.724505e-03
4.724505e-03
4.724505e-03
4.724505e-03
4.724505e-03
4.724505e-03
4.724505e-03
4.724505e-03
4.724505e-03
4.724505e-03
4.724505e-03
4.724505e-03
4.724505e-03
4.724505e-03
4.724505e-03
4.724505e-03
4.724505e-03
4.724505e-03
4.724505e-03
4.724505e-03
4.724505e-03
4.724505e-03
4.724505e-03
4.724505e-03
4.724505e-03
