0.000000e+00
1.110371e-07
2.257388e-07
3.441050e-07
4.661359e-07
5.918313e-07
7.211914e-07
8.542160e-07
9.909052e-07
1.131259e-06
1.275277e-06
1.422960e-06
1.574308e-06
1.729320e-06
1.887997e-06
2.050338e-06
2.216344e-06
2.386015e-06
2.559350e-06
2.736350e-06
2.917014e-06
3.101343e-06
3.289336e-06
3.480994e-06
3.676317e-06
3.875304e-06
4.077956e-06
4.284273e-06
4.494254e-06
4.707899e-06
4.925209e-06
5.146184e-06
5.370824e-06
5.599128e-06
5.831096e-06
6.066729e-06
6.306027e-06
6.548989e-06
6.795616e-06
7.045908e-06
7.299864e-06
7.557485e-06
7.818770e-06
8.083720e-06
8.352334e-06
8.624613e-06
8.900557e-06
9.180165e-06
9.463438e-06
9.750375e-06
1.004098e-05
1.033524e-05
1.063318e-05
1.093477e-05
1.124003e-05
1.154896e-05
1.186155e-05
1.217780e-05
1.249772e-05
1.282130e-05
1.314855e-05
1.347946e-05
1.381404e-05
1.415228e-05
1.449419e-05
1.483976e-05
1.518899e-05
1.554189e-05
1.589846e-05
1.625869e-05
1.662258e-05
1.699014e-05
1.736136e-05
1.773625e-05
1.811480e-05
1.849702e-05
1.888290e-05
1.927245e-05
1.966566e-05
2.006253e-05
2.046307e-05
2.086728e-05
2.127515e-05
2.168668e-05
2.210188e-05
2.252074e-05
2.294327e-05
2.336946e-05
2.379932e-05
2.423284e-05
2.467002e-05
2.511087e-05
2.555539e-05
2.600357e-05
2.645541e-05
2.691092e-05
2.737009e-05
2.783293e-05
2.829943e-05
2.876960e-05
2.924343e-05
2.972093e-05
3.020209e-05
3.068691e-05
3.117540e-05
3.166756e-05
3.216338e-05
3.266286e-05
3.316601e-05
3.367282e-05
3.418330e-05
3.469744e-05
3.521525e-05
3.573672e-05
3.626185e-05
3.679065e-05
3.732312e-05
3.785925e-05
3.839904e-05
3.894250e-05
3.948963e-05
4.004041e-05
4.059487e-05
4.115298e-05
4.171476e-05
4.228021e-05
4.284932e-05
4.342210e-05
4.399854e-05
4.457864e-05
4.516241e-05
4.574984e-05
4.634094e-05
4.693571e-05
4.753413e-05
4.813623e-05
4.874198e-05
4.935140e-05
4.996449e-05
5.058124e-05
5.120166e-05
5.182574e-05
5.245348e-05
5.308489e-05
5.371996e-05
5.435870e-05
5.500110e-05
5.564717e-05
5.629690e-05
5.695030e-05
5.760736e-05
5.826809e-05
5.893248e-05
5.960053e-05
6.027225e-05
6.094763e-05
6.162668e-05
6.230940e-05
6.299577e-05
6.368582e-05
6.437952e-05
6.507689e-05
6.577793e-05
6.648263e-05
6.719100e-05
6.790303e-05
6.861872e-05
6.933808e-05
7.006110e-05
7.078779e-05
7.151814e-05
7.225216e-05
7.298984e-05
7.373119e-05
7.447620e-05
7.522488e-05
7.597722e-05
7.673322e-05
7.749289e-05
7.825623e-05
7.902323e-05
7.979389e-05
8.056822e-05
8.134621e-05
8.212787e-05
8.291319e-05
8.370217e-05
8.449483e-05
8.529114e-05
8.609112e-05
8.689477e-05
8.770207e-05
8.851305e-05
8.932769e-05
9.014599e-05
9.096796e-05
9.179359e-05
9.262289e-05
9.345585e-05
9.429247e-05
9.513276e-05
9.597672e-05
9.682434e-05
9.767562e-05
9.853057e-05
9.938919e-05
1.002515e-04
1.011174e-04
1.019870e-04
1.028603e-04
1.037372e-04
1.046178e-04
1.055021e-04
1.063900e-04
1.072816e-04
1.081769e-04
1.090758e-04
1.099784e-04
1.108846e-04
1.117946e-04
1.127081e-04
1.136254e-04
1.145463e-04
1.154709e-04
1.163991e-04
1.173310e-04
1.182666e-04
1.192058e-04
1.201487e-04
1.210953e-04
1.220455e-04
1.229994e-04
1.239570e-04
1.249182e-04
1.258831e-04
1.268516e-04
1.278238e-04
1.287997e-04
1.297793e-04
1.307625e-04
1.317494e-04
1.327399e-04
1.337341e-04
1.347320e-04
1.357335e-04
1.367387e-04
1.377476e-04
1.387601e-04
1.397763e-04
1.407961e-04
1.418196e-04
1.428468e-04
1.438777e-04
1.449122e-04
1.459504e-04
1.469922e-04
1.480377e-04
1.490869e-04
1.501397e-04
1.511962e-04
1.522564e-04
1.533202e-04
1.543877e-04
1.554589e-04
1.565337e-04
1.576122e-04
1.586944e-04
1.597802e-04
1.608697e-04
1.619628e-04
1.630596e-04
1.641601e-04
1.652642e-04
1.663720e-04
1.674835e-04
1.685986e-04
1.697174e-04
1.708399e-04
1.719660e-04
1.730958e-04
1.742293e-04
1.753664e-04
1.765072e-04
1.776516e-04
1.787998e-04
1.799515e-04
1.811070e-04
1.822661e-04
1.834289e-04
1.845953e-04
1.857654e-04
1.869392e-04
1.881166e-04
1.892977e-04
1.904825e-04
1.916709e-04
1.928630e-04
1.940587e-04
1.952582e-04
1.964613e-04
1.976680e-04
1.988784e-04
2.000925e-04
2.013102e-04
2.025316e-04
2.037567e-04
2.049855e-04
2.062179e-04
2.074539e-04
2.086937e-04
2.099370e-04
2.111841e-04
2.124348e-04
2.136892e-04
2.149473e-04
2.162090e-04
2.174744e-04
2.187434e-04
2.200161e-04
2.212925e-04
2.225726e-04
2.238563e-04
2.251436e-04
2.264347e-04
2.277294e-04
2.290277e-04
2.303298e-04
2.316355e-04
2.329448e-04
2.342578e-04
2.355745e-04
2.368949e-04
2.382189e-04
2.395466e-04
2.408779e-04
2.422129e-04
2.435516e-04
2.448939e-04
2.462399e-04
2.475896e-04
2.489429e-04
2.502999e-04
2.516606e-04
2.530249e-04
2.543929e-04
2.557646e-04
2.571399e-04
2.585189e-04
2.599015e-04
2.612879e-04
2.626778e-04
2.640715e-04
2.654688e-04
2.668698e-04
2.682744e-04
2.696827e-04
2.710947e-04
2.725103e-04
2.739296e-04
2.753526e-04
2.767792e-04
2.782095e-04
2.796434e-04
2.810810e-04
2.825223e-04
2.839673e-04
2.854159e-04
2.868682e-04
2.883241e-04
2.897837e-04
2.912470e-04
2.927139e-04
2.941845e-04
2.956588e-04
2.971367e-04
2.986183e-04
3.001036e-04
3.015925e-04
3.030851e-04
3.045813e-04
3.060812e-04
3.075848e-04
3.090921e-04
3.106030e-04
3.121176e-04
3.136358e-04
3.151577e-04
3.166833e-04
3.182125e-04
3.197454e-04
3.212820e-04
3.228222e-04
3.243661e-04
3.259136e-04
3.274649e-04
3.290197e-04
3.305783e-04
3.321405e-04
3.337064e-04
3.352759e-04
3.368491e-04
3.384260e-04
3.400066e-04
3.415908e-04
3.431786e-04
3.447702e-04
3.463653e-04
3.479642e-04
3.495667e-04
3.511729e-04
3.527828e-04
3.543963e-04
3.560135e-04
3.576343e-04
3.592588e-04
3.608870e-04
3.625189e-04
3.641544e-04
3.657935e-04
3.674364e-04
3.690829e-04
3.707330e-04
3.723869e-04
3.740444e-04
3.757055e-04
3.773703e-04
3.790388e-04
3.807110e-04
3.823868e-04
3.840663e-04
3.857494e-04
3.874362e-04
3.891267e-04
3.908209e-04
3.925187e-04
3.942201e-04
3.959253e-04
3.976341e-04
3.993465e-04
4.010627e-04
4.027825e-04
4.045059e-04
4.062330e-04
4.079638e-04
4.096983e-04
4.114364e-04
4.131782e-04
4.149236e-04
4.166727e-04
4.184255e-04
4.201819e-04
4.219420e-04
4.237058e-04
4.254732e-04
4.272443e-04
4.290191e-04
4.307975e-04
4.325796e-04
4.343654e-04
4.361548e-04
4.379479e-04
4.397446e-04
4.415450e-04
4.433491e-04
4.451568e-04
4.469682e-04
4.487833e-04
4.506021e-04
4.524245e-04
4.542505e-04
4.560803e-04
4.579136e-04
4.597507e-04
4.615914e-04
4.634358e-04
4.652839e-04
4.671356e-04
4.689910e-04
4.708500e-04
4.727127e-04
4.745791e-04
4.764491e-04
4.783228e-04
4.802002e-04
4.820813e-04
4.839660e-04
4.858543e-04
4.877463e-04
4.896420e-04
4.915414e-04
4.934444e-04
4.953511e-04
4.972615e-04
4.991755e-04
5.010931e-04
5.030145e-04
5.049395e-04
5.068682e-04
5.088005e-04
5.107365e-04
5.126762e-04
5.146195e-04
5.165665e-04
5.185172e-04
5.204715e-04
5.224295e-04
5.243911e-04
5.263565e-04
5.283255e-04
5.302981e-04
5.322744e-04
5.342544e-04
5.362380e-04
5.382253e-04
5.402163e-04
5.422109e-04
5.442093e-04
5.462112e-04
5.482168e-04
5.502261e-04
5.522391e-04
5.542557e-04
5.562760e-04
5.583000e-04
5.603276e-04
5.623589e-04
5.643938e-04
5.664324e-04
5.684747e-04
5.705206e-04
5.725702e-04
5.746235e-04
5.766805e-04
5.787411e-04
5.808053e-04
5.828732e-04
5.849448e-04
5.870201e-04
5.890990e-04
5.911816e-04
5.932679e-04
5.953578e-04
5.974514e-04
5.995486e-04
6.016495e-04
6.037541e-04
6.058623e-04
6.079742e-04
6.100898e-04
6.122090e-04
6.143319e-04
6.164585e-04
6.185887e-04
6.207226e-04
6.228602e-04
6.250014e-04
6.271463e-04
6.292948e-04
6.314470e-04
6.336029e-04
6.357624e-04
6.379257e-04
6.400925e-04
6.422631e-04
6.444373e-04
6.466151e-04
6.487967e-04
6.509819e-04
6.531707e-04
6.553632e-04
6.575594e-04
6.597593e-04
6.619628e-04
6.641700e-04
6.663808e-04
6.685953e-04
6.708135e-04
6.730354e-04
6.752609e-04
6.774900e-04
6.797229e-04
6.819594e-04
6.841995e-04
6.864434e-04
6.886909e-04
6.909420e-04
6.931968e-04
6.954553e-04
6.977175e-04
6.999833e-04
7.022528e-04
7.045259e-04
7.068027e-04
7.090832e-04
7.113673e-04
7.136551e-04
7.159466e-04
7.182417e-04
7.205405e-04
7.228430e-04
7.251491e-04
7.274589e-04
7.297724e-04
7.320895e-04
7.344103e-04
7.367347e-04
7.390628e-04
7.413946e-04
7.437301e-04
7.460692e-04
7.484119e-04
7.507584e-04
7.531085e-04
7.554623e-04
7.578197e-04
7.601808e-04
7.625455e-04
7.649140e-04
7.672861e-04
7.696618e-04
7.720412e-04
7.744243e-04
7.768111e-04
7.792015e-04
7.815955e-04
7.839933e-04
7.863947e-04
7.887998e-04
7.912085e-04
7.936209e-04
7.960370e-04
7.984567e-04
8.008801e-04
8.033071e-04
8.057379e-04
8.081723e-04
8.106103e-04
8.130520e-04
8.154974e-04
8.179465e-04
8.203992e-04
8.228555e-04
8.253156e-04
8.277793e-04
8.302466e-04
8.327177e-04
8.351924e-04
8.376707e-04
8.401528e-04
8.426385e-04
8.451278e-04
8.476208e-04
8.501175e-04
8.526179e-04
8.551219e-04
8.576296e-04
8.601409e-04
8.626559e-04
8.651746e-04
8.676969e-04
8.702229e-04
8.727526e-04
8.752859e-04
8.778229e-04
8.803636e-04
8.829079e-04
8.854559e-04
8.880076e-04
8.905629e-04
8.931219e-04
8.956845e-04
8.982508e-04
9.008208e-04
9.033944e-04
9.059717e-04
9.085527e-04
9.111373e-04
9.137256e-04
9.163176e-04
9.189132e-04
9.215125e-04
9.241155e-04
9.267221e-04
9.293324e-04
9.319464e-04
9.345640e-04
9.371853e-04
9.398102e-04
9.424388e-04
9.450711e-04
9.477070e-04
9.503466e-04
9.529899e-04
9.556368e-04
9.582874e-04
9.609417e-04
9.635996e-04
9.662612e-04
9.689265e-04
9.715954e-04
9.742680e-04
9.769442e-04
9.796241e-04
9.823077e-04
9.849950e-04
9.876859e-04
9.903805e-04
9.930787e-04
9.957806e-04
9.984862e-04
1.001195e-03
1.003908e-03
1.006625e-03
1.009345e-03
1.012069e-03
1.014797e-03
1.017528e-03
1.020263e-03
1.023001e-03
1.025743e-03
1.028489e-03
1.031239e-03
1.033992e-03
1.036749e-03
1.039509e-03
1.042274e-03
1.045041e-03
1.047813e-03
1.050588e-03
1.053367e-03
1.056150e-03
1.058936e-03
1.061726e-03
1.064519e-03
1.067316e-03
1.070117e-03
1.072922e-03
1.075730e-03
1.078542e-03
1.081357e-03
1.084176e-03
1.086999e-03
1.089826e-03
1.092656e-03
1.095490e-03
1.098327e-03
1.101168e-03
1.104013e-03
1.106862e-03
1.109714e-03
1.112570e-03
1.115429e-03
1.118292e-03
1.121159e-03
1.124030e-03
1.126904e-03
1.129781e-03
1.132663e-03
1.135548e-03
1.138437e-03
1.141329e-03
1.144225e-03
1.147125e-03
1.150029e-03
1.152936e-03
1.155847e-03
1.158761e-03
1.161679e-03
1.164601e-03
1.167526e-03
1.170455e-03
1.173388e-03
1.176325e-03
1.179265e-03
1.182209e-03
1.185156e-03
1.188107e-03
1.191062e-03
1.194020e-03
1.196982e-03
1.199948e-03
1.202918e-03
1.205891e-03
1.208867e-03
1.211848e-03
1.214832e-03
1.217820e-03
1.220811e-03
1.223806e-03
1.226805e-03
1.229807e-03
1.232813e-03
1.235823e-03
1.238836e-03
1.241853e-03
1.244874e-03
1.247899e-03
1.250927e-03
1.253958e-03
1.256994e-03
1.260033e-03
1.263075e-03
1.266122e-03
1.269172e-03
1.272226e-03
1.275283e-03
1.278344e-03
1.281409e-03
1.284477e-03
1.287549e-03
1.290625e-03
1.293704e-03
1.296787e-03
1.299874e-03
1.302964e-03
1.306058e-03
1.309156e-03
1.312257e-03
1.315362e-03
1.318471e-03
1.321583e-03
1.324699e-03
1.327819e-03
1.330942e-03
1.334069e-03
1.337200e-03
1.340334e-03
1.343472e-03
1.346614e-03
1.349759e-03
1.352908e-03
1.356061e-03
1.359217e-03
1.362377e-03
1.365541e-03
1.368708e-03
1.371879e-03
1.375054e-03
1.378232e-03
1.381414e-03
1.384599e-03
1.387789e-03
1.390982e-03
1.394178e-03
1.397379e-03
1.400583e-03
1.403790e-03
1.407001e-03
1.410216e-03
1.413435e-03
1.416657e-03
1.419883e-03
1.423113e-03
1.426346e-03
1.429583e-03
1.432824e-03
1.436068e-03
1.439316e-03
1.442567e-03
1.445823e-03
1.449082e-03
1.452344e-03
1.455610e-03
1.458880e-03
1.462154e-03
1.465431e-03
1.468712e-03
1.471997e-03
1.475285e-03
1.478577e-03
1.481872e-03
1.485172e-03
1.488474e-03
1.491781e-03
1.495091e-03
1.498405e-03
1.501723e-03
1.505044e-03
1.508369e-03
1.511697e-03
1.515030e-03
1.518365e-03
1.521705e-03
1.525048e-03
1.528395e-03
1.531746e-03
1.535100e-03
1.538458e-03
1.541819e-03
1.545184e-03
1.548553e-03
1.551926e-03
1.555302e-03
1.558682e-03
1.562065e-03
1.565453e-03
1.568843e-03
1.572238e-03
1.575636e-03
1.579038e-03
1.582443e-03
1.585853e-03
1.589265e-03
1.592682e-03
1.596102e-03
1.599526e-03
1.602953e-03
1.606385e-03
1.609819e-03
1.613258e-03
1.616700e-03
1.620146e-03
1.623595e-03
1.627048e-03
1.630505e-03
1.633966e-03
1.637430e-03
1.640898e-03
1.644369e-03
1.647844e-03
1.651323e-03
1.654805e-03
1.658292e-03
1.661781e-03
1.665275e-03
1.668772e-03
1.672273e-03
1.675777e-03
1.679285e-03
1.682797e-03
1.686313e-03
1.689832e-03
1.693354e-03
1.696881e-03
1.700411e-03
1.703945e-03
1.707482e-03
1.711023e-03
1.714568e-03
1.718116e-03
1.721669e-03
1.725224e-03
1.728784e-03
1.732347e-03
1.735913e-03
1.739484e-03
1.743058e-03
1.746636e-03
1.750217e-03
1.753802e-03
1.757391e-03
1.760983e-03
1.764579e-03
1.768179e-03
1.771783e-03
1.775390e-03
1.779000e-03
1.782615e-03
1.786233e-03
1.789854e-03
1.793480e-03
1.797109e-03
1.800742e-03
1.804378e-03
1.808018e-03
1.811662e-03
1.815309e-03
1.818960e-03
1.822615e-03
1.826273e-03
1.829935e-03
1.833601e-03
1.837270e-03
1.840943e-03
1.844620e-03
1.848300e-03
1.851984e-03
1.855672e-03
1.859363e-03
1.863058e-03
1.866757e-03
1.870459e-03
1.874165e-03
1.877875e-03
1.881588e-03
1.885305e-03
1.889026e-03
1.892750e-03
1.896478e-03
1.900210e-03
1.903945e-03
1.907684e-03
1.911427e-03
1.915173e-03
1.918923e-03
1.922677e-03
1.926434e-03
1.930195e-03
1.933960e-03
1.937728e-03
1.941500e-03
1.945276e-03
1.949055e-03
1.952838e-03
1.956624e-03
1.960415e-03
1.964209e-03
1.968006e-03
1.971808e-03
1.975613e-03
1.979421e-03
1.983233e-03
1.987049e-03
1.990869e-03
1.994692e-03
1.998519e-03
2.002350e-03
2.006184e-03
2.010022e-03
2.013864e-03
2.017709e-03
2.021558e-03
2.025410e-03
2.029267e-03
2.033126e-03
2.036990e-03
2.040857e-03
2.044728e-03
2.048603e-03
2.052481e-03
2.056363e-03
2.060248e-03
2.064138e-03
2.068031e-03
2.071927e-03
2.075827e-03
2.079731e-03
2.083639e-03
2.087550e-03
2.091465e-03
2.095383e-03
2.099306e-03
2.103232e-03
2.107161e-03
2.111094e-03
2.115031e-03
2.118972e-03
2.122916e-03
2.126864e-03
2.130815e-03
2.134770e-03
2.138729e-03
2.142692e-03
2.146658e-03
2.150628e-03
2.154601e-03
2.158579e-03
2.162559e-03
2.166544e-03
2.170532e-03
2.174524e-03
2.178519e-03
2.182519e-03
2.186521e-03
2.190528e-03
2.194538e-03
2.198552e-03
2.202569e-03
2.206591e-03
2.210615e-03
2.214644e-03
2.218676e-03
2.222712e-03
2.226751e-03
2.230794e-03
2.234841e-03
2.238892e-03
2.242946e-03
2.247004e-03
2.251065e-03
2.255130e-03
2.259199e-03
2.263271e-03
2.267348e-03
2.271427e-03
2.275511e-03
2.279598e-03
2.283689e-03
2.287783e-03
2.291881e-03
2.295983e-03
2.300089e-03
2.304198e-03
2.308310e-03
2.312427e-03
2.316547e-03
2.320671e-03
2.324798e-03
2.328929e-03
2.333064e-03
2.337202e-03
2.341344e-03
2.345490e-03
2.349640e-03
2.353793e-03
2.357949e-03
2.362110e-03
2.366274e-03
2.370442e-03
2.374613e-03
2.378788e-03
2.382967e-03
2.387149e-03
2.391335e-03
2.395525e-03
2.399718e-03
2.403916e-03
2.408116e-03
2.412321e-03
2.416529e-03
2.420740e-03
2.424956e-03
2.429175e-03
2.433398e-03
2.437624e-03
2.441854e-03
2.446088e-03
2.450325e-03
2.454566e-03
2.458811e-03
2.463059e-03
2.467311e-03
2.471567e-03
2.475826e-03
2.480089e-03
2.484356e-03
2.488626e-03
2.492900e-03
2.497178e-03
2.501459e-03
2.505744e-03
2.510033e-03
2.514325e-03
2.518621e-03
2.522921e-03
2.527224e-03
2.531531e-03
2.535842e-03
2.540156e-03
2.544474e-03
2.548796e-03
2.553121e-03
2.557450e-03
2.561783e-03
2.566119e-03
2.570459e-03
2.574803e-03
2.579150e-03
2.583501e-03
2.587856e-03
2.592214e-03
2.596576e-03
2.600942e-03
2.605311e-03
2.609684e-03
2.614060e-03
2.618441e-03
2.622825e-03
2.627212e-03
2.631604e-03
2.635998e-03
2.640397e-03
2.644799e-03
2.649205e-03
2.653615e-03
2.658028e-03
2.662445e-03
2.666866e-03
2.671290e-03
2.675718e-03
2.680149e-03
2.684585e-03
2.689024e-03
2.693466e-03
2.697912e-03
2.702362e-03
2.706816e-03
2.711273e-03
2.715734e-03
2.720199e-03
2.724667e-03
2.729139e-03
2.733614e-03
2.738094e-03
2.742576e-03
2.747063e-03
2.751553e-03
2.756047e-03
2.760545e-03
2.765046e-03
2.769551e-03
2.774059e-03
2.778572e-03
2.783087e-03
2.787607e-03
2.792130e-03
2.796657e-03
2.801188e-03
2.805722e-03
2.810260e-03
2.814801e-03
2.819346e-03
2.823895e-03
2.828448e-03
2.833004e-03
2.837564e-03
2.842127e-03
2.846694e-03
2.851265e-03
2.855840e-03
2.860418e-03
2.865000e-03
2.869585e-03
2.874174e-03
2.878767e-03
2.883364e-03
2.887964e-03
2.892568e-03
2.897175e-03
2.901786e-03
2.906401e-03
2.911020e-03
2.915642e-03
2.920268e-03
2.924897e-03
2.929530e-03
2.934167e-03
2.938808e-03
2.943452e-03
2.948100e-03
2.952751e-03
2.957406e-03
2.962065e-03
2.966727e-03
2.971393e-03
2.976063e-03
2.980737e-03
2.985414e-03
2.990095e-03
2.994779e-03
2.999467e-03
3.004159e-03
3.008854e-03
3.013553e-03
3.018256e-03
3.022963e-03
3.027673e-03
3.032387e-03
3.037104e-03
3.041825e-03
3.046550e-03
3.051278e-03
3.056010e-03
3.060746e-03
3.065485e-03
3.070229e-03
3.074975e-03
3.079726e-03
3.084480e-03
3.089238e-03
3.093999e-03
3.098764e-03
3.103533e-03
3.108305e-03
3.113081e-03
3.117861e-03
3.122644e-03
3.127431e-03
3.132222e-03
3.137016e-03
3.141815e-03
3.146616e-03
3.151422e-03
3.156231e-03
3.161043e-03
3.165860e-03
3.170680e-03
3.175503e-03
3.180331e-03
3.185162e-03
3.189997e-03
3.194835e-03
3.199677e-03
3.204523e-03
3.209372e-03
3.214225e-03
3.219082e-03
3.223942e-03
3.228806e-03
3.233674e-03
3.238545e-03
3.243420e-03
3.248299e-03
3.253181e-03
3.258067e-03
3.262957e-03
3.267850e-03
3.272747e-03
3.277648e-03
3.282552e-03
3.287460e-03
3.292372e-03
3.297287e-03
3.302206e-03
3.307129e-03
3.312055e-03
3.316985e-03
3.321919e-03
3.326856e-03
3.331797e-03
3.336741e-03
3.341690e-03
3.346642e-03
3.351597e-03
3.356557e-03
3.361520e-03
3.366486e-03
3.371456e-03
3.376430e-03
3.381408e-03
3.386389e-03
3.391374e-03
3.396363e-03
3.401355e-03
3.406351e-03
3.411351e-03
3.416354e-03
3.421361e-03
3.426371e-03
3.431386e-03
3.436404e-03
3.441425e-03
3.446450e-03
3.451479e-03
3.456512e-03
3.461548e-03
3.466588e-03
3.471632e-03
3.476679e-03
3.481730e-03
3.486784e-03
3.491843e-03
3.496905e-03
3.501970e-03
3.507039e-03
3.512112e-03
3.517189e-03
3.522269e-03
3.527353e-03
3.532440e-03
3.537532e-03
3.542627e-03
3.547725e-03
3.552827e-03
3.557933e-03
3.563043e-03
3.568156e-03
3.573273e-03
3.578393e-03
3.583517e-03
3.588645e-03
3.593777e-03
3.598912e-03
3.604051e-03
3.609193e-03
3.614340e-03
3.619489e-03
3.624643e-03
3.629800e-03
3.634961e-03
3.640126e-03
3.645294e-03
3.650466e-03
3.655641e-03
3.660820e-03
3.666003e-03
3.671190e-03
3.676380e-03
3.681573e-03
3.686771e-03
3.691972e-03
3.697177e-03
3.702385e-03
3.707598e-03
3.712813e-03
3.718033e-03
3.723256e-03
3.728483e-03
3.733713e-03
3.738947e-03
3.744185e-03
3.749427e-03
3.754672e-03
3.759921e-03
3.765173e-03
3.770429e-03
3.775689e-03
3.780952e-03
3.786220e-03
3.791490e-03
3.796765e-03
3.802043e-03
3.807325e-03
3.812610e-03
3.817899e-03
3.823192e-03
3.828488e-03
3.833788e-03
3.839092e-03
3.844400e-03
3.849711e-03
3.855026e-03
3.860344e-03
3.865666e-03
3.870992e-03
3.876321e-03
3.881654e-03
3.886991e-03
3.892331e-03
3.897675e-03
3.903023e-03
3.908375e-03
3.913730e-03
3.919088e-03
3.924451e-03
3.929817e-03
3.935187e-03
3.940560e-03
3.945937e-03
3.951318e-03
3.956702e-03
3.962090e-03
3.967482e-03
3.972877e-03
3.978276e-03
3.983679e-03
3.989085e-03
3.994495e-03
3.999909e-03
4.005326e-03
4.010748e-03
4.016172e-03
4.021601e-03
4.027033e-03
4.032468e-03
4.037908e-03
4.043351e-03
4.048797e-03
4.054248e-03
4.059702e-03
4.065159e-03
4.070621e-03
4.076086e-03
4.081554e-03
4.087027e-03
4.092503e-03
4.097982e-03
4.103466e-03
4.108953e-03
4.114443e-03
4.119938e-03
4.125436e-03
4.130937e-03
4.136443e-03
4.141952e-03
4.147464e-03
4.152981e-03
4.158500e-03
4.164024e-03
4.169551e-03
4.175082e-03
4.180617e-03
4.186155e-03
4.191697e-03
4.197243e-03
4.202792e-03
4.208345e-03
4.213902e-03
4.219462e-03
4.225026e-03
4.230594e-03
4.236165e-03
4.241740e-03
4.247318e-03
4.252901e-03
4.258487e-03
4.264076e-03
4.269670e-03
4.275266e-03
4.280867e-03
4.285807e-03
4.290728e-03
4.295631e-03
4.300515e-03
4.305382e-03
4.310230e-03
4.315060e-03
4.319871e-03
4.324665e-03
4.329440e-03
4.334197e-03
4.338935e-03
4.343655e-03
4.348357e-03
4.353041e-03
4.357706e-03
4.362353e-03
4.366982e-03
4.371593e-03
4.376185e-03
4.380759e-03
4.385315e-03
4.389852e-03
4.394372e-03
4.398873e-03
4.403355e-03
4.407820e-03
4.412266e-03
4.416694e-03
4.421103e-03
4.425494e-03
4.429867e-03
4.434222e-03
4.438559e-03
4.442877e-03
4.447177e-03
4.451458e-03
4.455722e-03
4.459967e-03
4.464194e-03
4.468402e-03
4.472592e-03
4.476764e-03
4.480918e-03
4.485054e-03
4.489171e-03
4.493270e-03
4.497350e-03
4.501413e-03
4.505457e-03
4.509482e-03
4.513490e-03
4.517479e-03
4.521450e-03
4.525403e-03
4.529337e-03
4.533253e-03
4.537151e-03
4.541031e-03
4.544892e-03
4.548735e-03
4.552560e-03
4.556367e-03
4.560155e-03
4.563925e-03
4.567676e-03
4.571410e-03
4.575125e-03
4.578822e-03
4.582500e-03
4.586161e-03
4.589803e-03
4.593427e-03
4.597032e-03
4.600619e-03
4.604188e-03
4.607739e-03
4.611271e-03
4.614785e-03
4.618281e-03
4.621759e-03
4.625218e-03
4.628659e-03
4.632082e-03
4.635486e-03
4.638873e-03
4.642241e-03
4.645590e-03
4.648922e-03
4.652235e-03
4.655529e-03
4.658806e-03
4.662064e-03
4.665304e-03
4.668526e-03
4.671729e-03
4.674915e-03
4.678082e-03
4.681230e-03
4.684361e-03
4.687473e-03
4.690566e-03
4.693642e-03
4.696699e-03
4.699738e-03
4.702759e-03
4.705761e-03
4.708746e-03
4.711711e-03
4.714659e-03
4.717588e-03
4.720500e-03
4.723392e-03
4.726267e-03
4.729123e-03
4.731961e-03
4.734781e-03
4.737582e-03
4.740365e-03
4.743130e-03
4.745877e-03
4.748605e-03
4.751315e-03
4.754007e-03
4.756680e-03
4.759336e-03
4.761973e-03
4.764591e-03
4.767192e-03
4.769774e-03
4.772338e-03
4.774883e-03
4.777411e-03
4.779920e-03
4.782410e-03
4.784883e-03
4.787337e-03
4.789773e-03
4.792191e-03
4.794590e-03
4.796971e-03
4.799334e-03
4.801679e-03
4.804005e-03
4.806313e-03
4.808603e-03
4.810874e-03
4.813127e-03
4.815362e-03
4.817579e-03
4.819777e-03
4.821957e-03
4.824119e-03
4.826263e-03
4.828388e-03
4.830495e-03
4.832584e-03
4.834654e-03
4.836706e-03
4.838740e-03
4.840756e-03
4.842753e-03
4.844732e-03
4.846693e-03
4.848636e-03
4.850560e-03
4.852466e-03
4.854354e-03
4.856223e-03
4.858074e-03
4.859907e-03
4.861722e-03
4.863518e-03
4.865296e-03
4.867056e-03
4.868797e-03
4.870521e-03
4.872226e-03
4.873912e-03
4.875581e-03
4.877231e-03
4.878863e-03
4.880476e-03
4.882072e-03
4.883649e-03
4.885208e-03
4.886748e-03
4.888270e-03
4.889774e-03
4.891260e-03
4.892727e-03
4.894176e-03
4.895607e-03
4.897020e-03
4.898414e-03
4.899790e-03
4.901148e-03
4.902487e-03
4.903809e-03
4.905112e-03
4.906396e-03
4.907663e-03
4.908911e-03
4.910141e-03
4.911352e-03
4.912545e-03
4.913720e-03
4.914877e-03
4.916016e-03
4.917136e-03
4.918238e-03
4.919321e-03
4.920387e-03
4.921434e-03
4.922463e-03
4.923473e-03
4.924466e-03
4.925440e-03
4.926395e-03
4.927333e-03
4.928252e-03
4.929153e-03
4.930035e-03
4.930900e-03
4.931746e-03
4.932574e-03
4.933383e-03
4.934174e-03
4.934947e-03
4.935702e-03
4.936439e-03
4.937157e-03
4.937857e-03
4.938538e-03
4.939202e-03
4.939847e-03
4.940473e-03
4.941082e-03
4.941672e-03
4.942244e-03
4.942798e-03
4.943333e-03
4.943850e-03
4.944349e-03
4.944830e-03
4.945292e-03
4.945736e-03
4.946162e-03
4.946569e-03
4.946959e-03
4.947330e-03
4.947682e-03
4.948017e-03
4.948333e-03
4.948631e-03
4.948910e-03
4.949172e-03
4.949415e-03
4.949639e-03
4.949846e-03
4.950034e-03
4.950204e-03
4.950356e-03
4.950489e-03
4.950604e-03
4.950701e-03
4.950779e-03
4.950840e-03
4.950882e-03
4.950906e-03
4.950911e-03
4.950898e-03
4.950867e-03
4.950818e-03
4.950750e-03
4.950664e-03
4.950560e-03
4.950438e-03
4.950297e-03
4.950138e-03
4.949961e-03
4.949765e-03
4.949551e-03
4.949319e-03
4.949069e-03
4.948800e-03
4.948513e-03
4.948208e-03
4.947884e-03
4.947543e-03
4.947183e-03
4.946804e-03
4.946408e-03
4.945993e-03
4.945560e-03
4.945108e-03
4.944639e-03
4.944151e-03
4.943645e-03
4.943120e-03
4.942799e-03
4.942799e-03
4.942799e-03
4.942799e-03
4.942799e-03
4.942799e-03
4.942799e-03
4.942799e-03
4.942799e-03
4.942799e-03
4.942799e-03
4.942799e-03
4.942799e-03
4.942799e-03
4.942799e-03
4.942799e-03
4.942799e-03
4.942799e-03
4.942799e-03
4.942799e-03
4.942799e-03
4.942799e-03
4.942799e-03
4.942799e-03
4.942799e-03
4.942799e-03
4.942799e-03
4.942799e-03
4.942799e-03
4.942799e-03
4.942799e-03
4.942799e-03
4.942799e-03
4.942799e-03
4.942799e-03
4.942799e-03
4.942799e-03
4.942799e-03
4.942799e-03
4.942799e-03
4.942799e-03
4.942799e-03
4.942799e-03
4.942799e-03
4.942799e-03
4.942799e-03
4.942799e-03
4.942799e-03
4.942799e-03
4.942799e-03
4.942799e-03
4.942799e-03
4.942799e-03
4.942799e-03
4.942799e-03
4.942799e-03
4.942799e-03
4.942799e-03
4.942799e-03
4.942799e-03
4.942799e-03
4.942799e-03
4.942799e-03
4.942799e-03
4.942799e-03
4.942799e-03
4.942799e-03
4.942799e-03
4.942799e-03
4.942799e-03
4.942799e-03
4.942799e-03
4.942799e-03
4.942799e-03
4.942799e-03
4.942799e-03
4.942799e-03
4.942799e-03
4.942799e-03
4.942799e-03
4.942799e-03
4.942799e-03
4.942799e-03
4.942799e-03
4.942799e-03
4.942799e-03
4.942799e-03
4.942799e-03
4.942799e-03
4.942799e-03
4.942799e-03
4.942799e-03
4.942799e-03
4.942799e-03
4.942799e-03
4.942799e-03
4.942799e-03
4.942799e-03
4.942799e-03
4.942799e-03
4.942799e-03
4.942799e-03
4.942799e-03
4.942799e-03
4.942799e-03
4.942799e-03
4.942799e-03
4.942799e-03
4.942799e-03
4.942799e-03
4.942799e-03
4.942799e-03
4.942799e-03
4.942799e-03
4.942799e-03
4.942799e-03
4.942799e-03
4.942799e-03
4.942799e-03
4.942799e-03
4.942799e-03
4.942799e-03
4.942799e-03
4.942799e-03
4.942799e-03
4.942799e-03
4.942799e-03
4.942799e-03
4.942799e-03
4.942799e-03
4.942799e-03
4.942799e-03
4.942799e-03
4.942799e-03
4.942799e-03
4.942799e-03
4.942799e-03
4.942799e-03
4.942799e-03
4.942799e-03
4.942799e-03
4.942799e-03
4.942799e-03
4.942799e-03
4.942799e-03
4.942799e-03
4.942799e-03
4.942799e-03
4.942799e-03
4.942799e-03
4.942799e-03
4.942799e-03
4.942799e-03
4.942799e-03
4.942799e-03
4.942799e-03
4.942799e-03
4.942799e-03
4.942799e-03
4.942799e-03
4.942799e-03
4.942799e-03
4.942799e-03
4.942799e-03
4.942799e-03
4.942799e-03
4.942799e-03
4.942799e-03
4.942799e-03
4.942799e-03
4.942799e-03
4.942799e-03
4.942799e-03
4.942799e-03
4.942799e-03
4.942799e-03
4.942799e-03
4.942799e-03
4.942799e-03
4.942799e-03
4.942799e-03
4.942799e-03
4.942799e-03
4.942799e-03
4.942799e-03
4.942799e-03
4.942799e-03
4.942799e-03
4.942799e-03
4.942799e-03
4.942799e-03
4.942799e-03
4.942799e-03
4.942799e-03
4.942799e-03
4.942799e-03
4.942799e-03
4.942799e-03
4.942799e-03
4.942799e-03
4.942799e-03
