0.000000e+00
1.110371e-07
2.256560e-07
3.438568e-07
4.656394e-07
5.910038e-07
7.199501e-07
8.524783e-07
9.885883e-07
1.128280e-06
1.271554e-06
1.418409e-06
1.568847e-06
1.722866e-06
1.880467e-06
2.041650e-06
2.206414e-06
2.374761e-06
2.546689e-06
2.722200e-06
2.901292e-06
3.083966e-06
3.270221e-06
3.460059e-06
3.653478e-06
3.850480e-06
4.051063e-06
4.255228e-06
4.462975e-06
4.674303e-06
4.889214e-06
5.107706e-06
5.329780e-06
5.555436e-06
5.784674e-06
6.017494e-06
6.253895e-06
6.493879e-06
6.737444e-06
6.984591e-06
7.235320e-06
7.489631e-06
7.747523e-06
8.008998e-06
8.274054e-06
8.542692e-06
8.814912e-06
9.090714e-06
9.370097e-06
9.653063e-06
9.939610e-06
1.022974e-05
1.052345e-05
1.082074e-05
1.112162e-05
1.142607e-05
1.173411e-05
1.204573e-05
1.236094e-05
1.267972e-05
1.300208e-05
1.332803e-05
1.365756e-05
1.399067e-05
1.432737e-05
1.466764e-05
1.501150e-05
1.535894e-05
1.570996e-05
1.606456e-05
1.642274e-05
1.678451e-05
1.714986e-05
1.751879e-05
1.789130e-05
1.826739e-05
1.864707e-05
1.903032e-05
1.941716e-05
1.980758e-05
2.020159e-05
2.059917e-05
2.100034e-05
2.140508e-05
2.181341e-05
2.222533e-05
2.264082e-05
2.305990e-05
2.348255e-05
2.390879e-05
2.433861e-05
2.477202e-05
2.520900e-05
2.564957e-05
2.609372e-05
2.654145e-05
2.699276e-05
2.744765e-05
2.790613e-05
2.836818e-05
2.883382e-05
2.930305e-05
2.977585e-05
3.025223e-05
3.073220e-05
3.121575e-05
3.170288e-05
3.219359e-05
3.268789e-05
3.318576e-05
3.368722e-05
3.419226e-05
3.470088e-05
3.521308e-05
3.572887e-05
3.624824e-05
3.677118e-05
3.729772e-05
3.782783e-05
3.836152e-05
3.889880e-05
3.943966e-05
3.998410e-05
4.053212e-05
4.108372e-05
4.163891e-05
4.219767e-05
4.276002e-05
4.332595e-05
4.389547e-05
4.446856e-05
4.504524e-05
4.562550e-05
4.620934e-05
4.679676e-05
4.738776e-05
4.798235e-05
4.858052e-05
4.918227e-05
4.978760e-05
5.039651e-05
5.100900e-05
5.162508e-05
5.224474e-05
5.286798e-05
5.349480e-05
5.412521e-05
5.475919e-05
5.539676e-05
5.603791e-05
5.668264e-05
5.733095e-05
5.798285e-05
5.863833e-05
5.929739e-05
5.996003e-05
6.062625e-05
6.129605e-05
6.196944e-05
6.264641e-05
6.332696e-05
6.401109e-05
6.469880e-05
6.539010e-05
6.608498e-05
6.678343e-05
6.748548e-05
6.819110e-05
6.890030e-05
6.961309e-05
7.032946e-05
7.104941e-05
7.177294e-05
7.250005e-05
7.323075e-05
7.396503e-05
7.470289e-05
7.544433e-05
7.618935e-05
7.693796e-05
7.769014e-05
7.844591e-05
7.920526e-05
7.996819e-05
8.073471e-05
8.150480e-05
8.227848e-05
8.305574e-05
8.383658e-05
8.462101e-05
8.540901e-05
8.620060e-05
8.699577e-05
8.779452e-05
8.859685e-05
8.940276e-05
9.021226e-05
9.102534e-05
9.184200e-05
9.266224e-05
9.348606e-05
9.431347e-05
9.514446e-05
9.597902e-05
9.681718e-05
9.765891e-05
9.850422e-05
9.935312e-05
1.002056e-04
1.010617e-04
1.019213e-04
1.027845e-04
1.036513e-04
1.045217e-04
1.053957e-04
1.062732e-04
1.071544e-04
1.080391e-04
1.089274e-04
1.098193e-04
1.107147e-04
1.116138e-04
1.125164e-04
1.134226e-04
1.143324e-04
1.152458e-04
1.161627e-04
1.170832e-04
1.180073e-04
1.189350e-04
1.198663e-04
1.208012e-04
1.217396e-04
1.226817e-04
1.236273e-04
1.245764e-04
1.255292e-04
1.264856e-04
1.274455e-04
1.284090e-04
1.293761e-04
1.303468e-04
1.313211e-04
1.322989e-04
1.332803e-04
1.342653e-04
1.352539e-04
1.362461e-04
1.372418e-04
1.382412e-04
1.392441e-04
1.402506e-04
1.412607e-04
1.422743e-04
1.432916e-04
1.443124e-04
1.453368e-04
1.463648e-04
1.473964e-04
1.484315e-04
1.494702e-04
1.505126e-04
1.515585e-04
1.526079e-04
1.536610e-04
1.547176e-04
1.557779e-04
1.568417e-04
1.579091e-04
1.589800e-04
1.600546e-04
1.611327e-04
1.622144e-04
1.632997e-04
1.643886e-04
1.654811e-04
1.665771e-04
1.676767e-04
1.687800e-04
1.698867e-04
1.709971e-04
1.721111e-04
1.732286e-04
1.743497e-04
1.754744e-04
1.766027e-04
1.777346e-04
1.788700e-04
1.800090e-04
1.811516e-04
1.822978e-04
1.834476e-04
1.846009e-04
1.857579e-04
1.869184e-04
1.880825e-04
1.892502e-04
1.904214e-04
1.915963e-04
1.927747e-04
1.939567e-04
1.951423e-04
1.963315e-04
1.975242e-04
1.987206e-04
1.999205e-04
2.011240e-04
2.023311e-04
2.035417e-04
2.047560e-04
2.059738e-04
2.071952e-04
2.084202e-04
2.096488e-04
2.108809e-04
2.121167e-04
2.133560e-04
2.145989e-04
2.158454e-04
2.170954e-04
2.183491e-04
2.196063e-04
2.208671e-04
2.221315e-04
2.233995e-04
2.246710e-04
2.259461e-04
2.272249e-04
2.285072e-04
2.297930e-04
2.310825e-04
2.323755e-04
2.336722e-04
2.349724e-04
2.362762e-04
2.375835e-04
2.388945e-04
2.402090e-04
2.415272e-04
2.428489e-04
2.441741e-04
2.455030e-04
2.468354e-04
2.481715e-04
2.495111e-04
2.508543e-04
2.522010e-04
2.535514e-04
2.549053e-04
2.562628e-04
2.576239e-04
2.589886e-04
2.603569e-04
2.617287e-04
2.631042e-04
2.644832e-04
2.658658e-04
2.672519e-04
2.686417e-04
2.700350e-04
2.714319e-04
2.728324e-04
2.742365e-04
2.756442e-04
2.770554e-04
2.784703e-04
2.798887e-04
2.813107e-04
2.827362e-04
2.841654e-04
2.855981e-04
2.870345e-04
2.884744e-04
2.899178e-04
2.913649e-04
2.928155e-04
2.942698e-04
2.957276e-04
2.971890e-04
2.986539e-04
3.001225e-04
3.015946e-04
3.030704e-04
3.045497e-04
3.060325e-04
3.075190e-04
3.090090e-04
3.105027e-04
3.119999e-04
3.135007e-04
3.150051e-04
3.165130e-04
3.180245e-04
3.195397e-04
3.210584e-04
3.225806e-04
3.241065e-04
3.256360e-04
3.271690e-04
3.287056e-04
3.302458e-04
3.317896e-04
3.333369e-04
3.348879e-04
3.364424e-04
3.380005e-04
3.395622e-04
3.411274e-04
3.426963e-04
3.442687e-04
3.458447e-04
3.474243e-04
3.490075e-04
3.505942e-04
3.521846e-04
3.537785e-04
3.553760e-04
3.569771e-04
3.585817e-04
3.601900e-04
3.618018e-04
3.634172e-04
3.650362e-04
3.666588e-04
3.682849e-04
3.699147e-04
3.715480e-04
3.731849e-04
3.748254e-04
3.764695e-04
3.781171e-04
3.797683e-04
3.814231e-04
3.830815e-04
3.847435e-04
3.864091e-04
3.880782e-04
3.897509e-04
3.914272e-04
3.931071e-04
3.947906e-04
3.964776e-04
3.981682e-04
3.998625e-04
4.015603e-04
4.032616e-04
4.049666e-04
4.066751e-04
4.083872e-04
4.101029e-04
4.118222e-04
4.135451e-04
4.152715e-04
4.170016e-04
4.187352e-04
4.204724e-04
4.222131e-04
4.239575e-04
4.257054e-04
4.274570e-04
4.292121e-04
4.309708e-04
4.327330e-04
4.344989e-04
4.362683e-04
4.380413e-04
4.398179e-04
4.415981e-04
4.433818e-04
4.451692e-04
4.469601e-04
4.487546e-04
4.505527e-04
4.523543e-04
4.541596e-04
4.559684e-04
4.577808e-04
4.595968e-04
4.614164e-04
4.632396e-04
4.650663e-04
4.668966e-04
4.687305e-04
4.705680e-04
4.724091e-04
4.742537e-04
4.761020e-04
4.779538e-04
4.798092e-04
4.816681e-04
4.835307e-04
4.853968e-04
4.872666e-04
4.891399e-04
4.910167e-04
4.928972e-04
4.947813e-04
4.966689e-04
4.985601e-04
5.004549e-04
5.023533e-04
5.042552e-04
5.061608e-04
5.080699e-04
5.099826e-04
5.118989e-04
5.138187e-04
5.157422e-04
5.176692e-04
5.195998e-04
5.215340e-04
5.234718e-04
5.254132e-04
5.273581e-04
5.293066e-04
5.312587e-04
5.332144e-04
5.351737e-04
5.371365e-04
5.391030e-04
5.410730e-04
5.430466e-04
5.450237e-04
5.470045e-04
5.489888e-04
5.509768e-04
5.529683e-04
5.549634e-04
5.569620e-04
5.589643e-04
5.609701e-04
5.629795e-04
5.649925e-04
5.670091e-04
5.690292e-04
5.710530e-04
5.730803e-04
5.751112e-04
5.771457e-04
5.791838e-04
5.812254e-04
5.832707e-04
5.853195e-04
5.873719e-04
5.894278e-04
5.914874e-04
5.935505e-04
5.956173e-04
5.976876e-04
5.997614e-04
6.018389e-04
6.039200e-04
6.060046e-04
6.080928e-04
6.101846e-04
6.122800e-04
6.143789e-04
6.164815e-04
6.185876e-04
6.206973e-04
6.228106e-04
6.249275e-04
6.270479e-04
6.291719e-04
6.312996e-04
6.334308e-04
6.355655e-04
6.377039e-04
6.398458e-04
6.419914e-04
6.441405e-04
6.462932e-04
6.484494e-04
6.506093e-04
6.527727e-04
6.549397e-04
6.571103e-04
6.592845e-04
6.614623e-04
6.636436e-04
6.658285e-04
6.680170e-04
6.702091e-04
6.724048e-04
6.746040e-04
6.768069e-04
6.790133e-04
6.812233e-04
6.834368e-04
6.856540e-04
6.878748e-04
6.900991e-04
6.923270e-04
6.945585e-04
6.967935e-04
6.990322e-04
7.012744e-04
7.035202e-04
7.057696e-04
7.080226e-04
7.102792e-04
7.125393e-04
7.148030e-04
7.170703e-04
7.193412e-04
7.216157e-04
7.238937e-04
7.261754e-04
7.284606e-04
7.307494e-04
7.330418e-04
7.353377e-04
7.376373e-04
7.399404e-04
7.422471e-04
7.445574e-04
7.468713e-04
7.491887e-04
7.515097e-04
7.538344e-04
7.561626e-04
7.584943e-04
7.608297e-04
7.631686e-04
7.655112e-04
7.678573e-04
7.702070e-04
7.725602e-04
7.749171e-04
7.772775e-04
7.796415e-04
7.820091e-04
7.843803e-04
7.867551e-04
7.891334e-04
7.915153e-04
7.939008e-04
7.962899e-04
7.986826e-04
8.010789e-04
8.034787e-04
8.058821e-04
8.082891e-04
8.106997e-04
8.131138e-04
8.155316e-04
8.179529e-04
8.203778e-04
8.228063e-04
8.252384e-04
8.276740e-04
8.301133e-04
8.325561e-04
8.350025e-04
8.374525e-04
8.399060e-04
8.423632e-04
8.448239e-04
8.472882e-04
8.497561e-04
8.522275e-04
8.547026e-04
8.571812e-04
8.596635e-04
8.621492e-04
8.646386e-04
8.671316e-04
8.696281e-04
8.721283e-04
8.746320e-04
8.771393e-04
8.796501e-04
8.821646e-04
8.846826e-04
8.872042e-04
8.897294e-04
8.922582e-04
8.947906e-04
8.973265e-04
8.998660e-04
9.024091e-04
9.049558e-04
9.075061e-04
9.100600e-04
9.126174e-04
9.151784e-04
9.177430e-04
9.203112e-04
9.228830e-04
9.254583e-04
9.280372e-04
9.306197e-04
9.332058e-04
9.357955e-04
9.383887e-04
9.409856e-04
9.435860e-04
9.461900e-04
9.487976e-04
9.514087e-04
9.540235e-04
9.566418e-04
9.592637e-04
9.618892e-04
9.645183e-04
9.671509e-04
9.697872e-04
9.724270e-04
9.750704e-04
9.777174e-04
9.803679e-04
9.830221e-04
9.856798e-04
9.883411e-04
9.910060e-04
9.936745e-04
9.963465e-04
9.990222e-04
1.001701e-03
1.004384e-03
1.007071e-03
1.009761e-03
1.012454e-03
1.015151e-03
1.017852e-03
1.020556e-03
1.023264e-03
1.025976e-03
1.028691e-03
1.031409e-03
1.034131e-03
1.036857e-03
1.039587e-03
1.042319e-03
1.045056e-03
1.047796e-03
1.050540e-03
1.053287e-03
1.056038e-03
1.058792e-03
1.061550e-03
1.064312e-03
1.067077e-03
1.069846e-03
1.072618e-03
1.075394e-03
1.078174e-03
1.080957e-03
1.083743e-03
1.086534e-03
1.089328e-03
1.092125e-03
1.094926e-03
1.097731e-03
1.100539e-03
1.103350e-03
1.106166e-03
1.108985e-03
1.111807e-03
1.114633e-03
1.117463e-03
1.120296e-03
1.123133e-03
1.125973e-03
1.128817e-03
1.131665e-03
1.134516e-03
1.137371e-03
1.140229e-03
1.143091e-03
1.145956e-03
1.148826e-03
1.151698e-03
1.154574e-03
1.157454e-03
1.160338e-03
1.163225e-03
1.166115e-03
1.169009e-03
1.171907e-03
1.174808e-03
1.177713e-03
1.180622e-03
1.183534e-03
1.186449e-03
1.189368e-03
1.192291e-03
1.195218e-03
1.198147e-03
1.201081e-03
1.204018e-03
1.206959e-03
1.209903e-03
1.212851e-03
1.215802e-03
1.218757e-03
1.221716e-03
1.224678e-03
1.227644e-03
1.230613e-03
1.233586e-03
1.236563e-03
1.239543e-03
1.242526e-03
1.245514e-03
1.248505e-03
1.251499e-03
1.254497e-03
1.257499e-03
1.260504e-03
1.263512e-03
1.266525e-03
1.269541e-03
1.272560e-03
1.275583e-03
1.278610e-03
1.281640e-03
1.284674e-03
1.287711e-03
1.290752e-03
1.293797e-03
1.296845e-03
1.299897e-03
1.302952e-03
1.306011e-03
1.309074e-03
1.312140e-03
1.315209e-03
1.318282e-03
1.321359e-03
1.324440e-03
1.327524e-03
1.330611e-03
1.333702e-03
1.336797e-03
1.339895e-03
1.342997e-03
1.346103e-03
1.349212e-03
1.352324e-03
1.355440e-03
1.358560e-03
1.361684e-03
1.364811e-03
1.367941e-03
1.371075e-03
1.374213e-03
1.377354e-03
1.380499e-03
1.383647e-03
1.386799e-03
1.389955e-03
1.393114e-03
1.396277e-03
1.399443e-03
1.402613e-03
1.405787e-03
1.408964e-03
1.412145e-03
1.415329e-03
1.418517e-03
1.421708e-03
1.424903e-03
1.428102e-03
1.431304e-03
1.434510e-03
1.437719e-03
1.440932e-03
1.444148e-03
1.447368e-03
1.450592e-03
1.453819e-03
1.457050e-03
1.460285e-03
1.463523e-03
1.466764e-03
1.470009e-03
1.473258e-03
1.476510e-03
1.479766e-03
1.483026e-03
1.486289e-03
1.489555e-03
1.492826e-03
1.496099e-03
1.499377e-03
1.502658e-03
1.505942e-03
1.509230e-03
1.512522e-03
1.515817e-03
1.519116e-03
1.522419e-03
1.525725e-03
1.529034e-03
1.532348e-03
1.535664e-03
1.538985e-03
1.542309e-03
1.545636e-03
1.548967e-03
1.552302e-03
1.555640e-03
1.558982e-03
1.562328e-03
1.565677e-03
1.569029e-03
1.572385e-03
1.575745e-03
1.579109e-03
1.582475e-03
1.585846e-03
1.589220e-03
1.592598e-03
1.595979e-03
1.599364e-03
1.602752e-03
1.606144e-03
1.609540e-03
1.612939e-03
1.616342e-03
1.619748e-03
1.623158e-03
1.626572e-03
1.629989e-03
1.633409e-03
1.636834e-03
1.640261e-03
1.643693e-03
1.647128e-03
1.650566e-03
1.654008e-03
1.657454e-03
1.660903e-03
1.664356e-03
1.667813e-03
1.671273e-03
1.674737e-03
1.678204e-03
1.681675e-03
1.685149e-03
1.688627e-03
1.692108e-03
1.695594e-03
1.699082e-03
1.702575e-03
1.706071e-03
1.709570e-03
1.713073e-03
1.716580e-03
1.720090e-03
1.723604e-03
1.727121e-03
1.730642e-03
1.734166e-03
1.737695e-03
1.741226e-03
1.744762e-03
1.748300e-03
1.751843e-03
1.755389e-03
1.758938e-03
1.762492e-03
1.766048e-03
1.769609e-03
1.773173e-03
1.776740e-03
1.780311e-03
1.783886e-03
1.787464e-03
1.791046e-03
1.794632e-03
1.798221e-03
1.801813e-03
1.805409e-03
1.809009e-03
1.812612e-03
1.816219e-03
1.819830e-03
1.823444e-03
1.827062e-03
1.830683e-03
1.834308e-03
1.837936e-03
1.841568e-03
1.845204e-03
1.848843e-03
1.852485e-03
1.856132e-03
1.859782e-03
1.863435e-03
1.867092e-03
1.870753e-03
1.874417e-03
1.878085e-03
1.881756e-03
1.885431e-03
1.889110e-03
1.892792e-03
1.896478e-03
1.900167e-03
1.903860e-03
1.907556e-03
1.911256e-03
1.914960e-03
1.918667e-03
1.922378e-03
1.926092e-03
1.929810e-03
1.933532e-03
1.937257e-03
1.940986e-03
1.944718e-03
1.948454e-03
1.952193e-03
1.955936e-03
1.959683e-03
1.963433e-03
1.967187e-03
1.970944e-03
1.974705e-03
1.978470e-03
1.982238e-03
1.986009e-03
1.989785e-03
1.993563e-03
1.997346e-03
2.001132e-03
2.004921e-03
2.008715e-03
2.012511e-03
2.016312e-03
2.020116e-03
2.023923e-03
2.027734e-03
2.031549e-03
2.035367e-03
2.039189e-03
2.043014e-03
2.046843e-03
2.050676e-03
2.054512e-03
2.058352e-03
2.062195e-03
2.066042e-03
2.069892e-03
2.073747e-03
2.077604e-03
2.081465e-03
2.085330e-03
2.089199e-03
2.093071e-03
2.096946e-03
2.100825e-03
2.104708e-03
2.108594e-03
2.112484e-03
2.116378e-03
2.120275e-03
2.124175e-03
2.128079e-03
2.131987e-03
2.135899e-03
2.139814e-03
2.143732e-03
2.147654e-03
2.151580e-03
2.155509e-03
2.159442e-03
2.163379e-03
2.167319e-03
2.171262e-03
2.175209e-03
2.179160e-03
2.183114e-03
2.187072e-03
2.191034e-03
2.194999e-03
2.198968e-03
2.202940e-03
2.206916e-03
2.210895e-03
2.214878e-03
2.218865e-03
2.222855e-03
2.226849e-03
2.230846e-03
2.234847e-03
2.238852e-03
2.242860e-03
2.246871e-03
2.250887e-03
2.254905e-03
2.258928e-03
2.262954e-03
2.266983e-03
2.271016e-03
2.275053e-03
2.279094e-03
2.283137e-03
2.287185e-03
2.291236e-03
2.295291e-03
2.299349e-03
2.303411e-03
2.307476e-03
2.311545e-03
2.315618e-03
2.319694e-03
2.323773e-03
2.327857e-03
2.331944e-03
2.336034e-03
2.340128e-03
2.344226e-03
2.348327e-03
2.352432e-03
2.356540e-03
2.360652e-03
2.364768e-03
2.368887e-03
2.373009e-03
2.377136e-03
2.381266e-03
2.385399e-03
2.389536e-03
2.393677e-03
2.397821e-03
2.401969e-03
2.406120e-03
2.410275e-03
2.414433e-03
2.418595e-03
2.422761e-03
2.426930e-03
2.431103e-03
2.435280e-03
2.439460e-03
2.443643e-03
2.447830e-03
2.452021e-03
2.456216e-03
2.460413e-03
2.464615e-03
2.468820e-03
2.473029e-03
2.477241e-03
2.481457e-03
2.485676e-03
2.489899e-03
2.494126e-03
2.498356e-03
2.502590e-03
2.506827e-03
2.511068e-03
2.515312e-03
2.519560e-03
2.523812e-03
2.528067e-03
2.532326e-03
2.536589e-03
2.540854e-03
2.545124e-03
2.549397e-03
2.553674e-03
2.557954e-03
2.562238e-03
2.566526e-03
2.570817e-03
2.575111e-03
2.579409e-03
2.583711e-03
2.588017e-03
2.592326e-03
2.596638e-03
2.600954e-03
2.605274e-03
2.609597e-03
2.613924e-03
2.618254e-03
2.622589e-03
2.626926e-03
2.631267e-03
2.635612e-03
2.639960e-03
2.644312e-03
2.648668e-03
2.653027e-03
2.657390e-03
2.661756e-03
2.666126e-03
2.670499e-03
2.674876e-03
2.679257e-03
2.683641e-03
2.688029e-03
2.692420e-03
2.696815e-03
2.701214e-03
2.705616e-03
2.710021e-03
2.714431e-03
2.718843e-03
2.723260e-03
2.727680e-03
2.732103e-03
2.736530e-03
2.740961e-03
2.745396e-03
2.749833e-03
2.754275e-03
2.758720e-03
2.763169e-03
2.767621e-03
2.772077e-03
2.776536e-03
2.780999e-03
2.785466e-03
2.789936e-03
2.794409e-03
2.798887e-03
2.803368e-03
2.807852e-03
2.812340e-03
2.816832e-03
2.821327e-03
2.825826e-03
2.830328e-03
2.834834e-03
2.839344e-03
2.843857e-03
2.848373e-03
2.852894e-03
2.857418e-03
2.861945e-03
2.866476e-03
2.871011e-03
2.875549e-03
2.880091e-03
2.884636e-03
2.889185e-03
2.893738e-03
2.898294e-03
2.902853e-03
2.907417e-03
2.911983e-03
2.916554e-03
2.921128e-03
2.925705e-03
2.930287e-03
2.934871e-03
2.939460e-03
2.944052e-03
2.948647e-03
2.953246e-03
2.957849e-03
2.962455e-03
2.967065e-03
2.971678e-03
2.976295e-03
2.980916e-03
2.985540e-03
2.990168e-03
2.994799e-03
2.999434e-03
3.004073e-03
3.008715e-03
3.013360e-03
3.018009e-03
3.022662e-03
3.027319e-03
3.031979e-03
3.036642e-03
3.041309e-03
3.045980e-03
3.050654e-03
3.055332e-03
3.060014e-03
3.064699e-03
3.069387e-03
3.074080e-03
3.078775e-03
3.083475e-03
3.088178e-03
3.092884e-03
3.097594e-03
3.102308e-03
3.107025e-03
3.111746e-03
3.116471e-03
3.121199e-03
3.125930e-03
3.130666e-03
3.135404e-03
3.140147e-03
3.144893e-03
3.149642e-03
3.154395e-03
3.159152e-03
3.163912e-03
3.168676e-03
3.173444e-03
3.178215e-03
3.182989e-03
3.187767e-03
3.192549e-03
3.197334e-03
3.202123e-03
3.206916e-03
3.211712e-03
3.216512e-03
3.221315e-03
3.226122e-03
3.230932e-03
3.235746e-03
3.240564e-03
3.245385e-03
3.250210e-03
3.255038e-03
3.259870e-03
3.264705e-03
3.269544e-03
3.274387e-03
3.279233e-03
3.284083e-03
3.288936e-03
3.293793e-03
3.298654e-03
3.303518e-03
3.308386e-03
3.313257e-03
3.318132e-03
3.323010e-03
3.327893e-03
3.332778e-03
3.337667e-03
3.342560e-03
3.347457e-03
3.352356e-03
3.357260e-03
3.362167e-03
3.367078e-03
3.371992e-03
3.376910e-03
3.381831e-03
3.386756e-03
3.391685e-03
3.396617e-03
3.401553e-03
3.406492e-03
3.411435e-03
3.416382e-03
3.421332e-03
3.426286e-03
3.431243e-03
3.436204e-03
3.441168e-03
3.446136e-03
3.451108e-03
3.456083e-03
3.461062e-03
3.466044e-03
3.471030e-03
3.476020e-03
3.481013e-03
3.486009e-03
3.491010e-03
3.496013e-03
3.501021e-03
3.506032e-03
3.511046e-03
3.516065e-03
3.521086e-03
3.526112e-03
3.531141e-03
3.536173e-03
3.541209e-03
3.546249e-03
3.551292e-03
3.556339e-03
3.561389e-03
3.566443e-03
3.571501e-03
3.576562e-03
3.581627e-03
3.586695e-03
3.591767e-03
3.596842e-03
3.601921e-03
3.607004e-03
3.612090e-03
3.617180e-03
3.622273e-03
3.627370e-03
3.632471e-03
3.637575e-03
3.642683e-03
3.647794e-03
3.652909e-03
3.658027e-03
3.663149e-03
3.668275e-03
3.673404e-03
3.678537e-03
3.683673e-03
3.688813e-03
3.693957e-03
3.699104e-03
3.704255e-03
3.709409e-03
3.714567e-03
3.719728e-03
3.724893e-03
3.730062e-03
3.735234e-03
3.740410e-03
3.745589e-03
3.750772e-03
3.755958e-03
3.761148e-03
3.766342e-03
3.771539e-03
3.776740e-03
3.781945e-03
3.787153e-03
3.792364e-03
3.797579e-03
3.802798e-03
3.808020e-03
3.813246e-03
3.818476e-03
3.823709e-03
3.828946e-03
3.834186e-03
3.839430e-03
3.844677e-03
3.849928e-03
3.855183e-03
3.860441e-03
3.865702e-03
3.870968e-03
3.876237e-03
3.881509e-03
3.886785e-03
3.892065e-03
3.897348e-03
3.902635e-03
3.907925e-03
3.913219e-03
3.918517e-03
3.923818e-03
3.929123e-03
3.934431e-03
3.939743e-03
3.945058e-03
3.950377e-03
3.955700e-03
3.961026e-03
3.966356e-03
3.971689e-03
3.977026e-03
3.982367e-03
3.987711e-03
3.993058e-03
3.998410e-03
4.003765e-03
4.009123e-03
4.014485e-03
4.019851e-03
4.025220e-03
4.030593e-03
4.035969e-03
4.041349e-03
4.046732e-03
4.052119e-03
4.057510e-03
4.062904e-03
4.068302e-03
4.073704e-03
4.079109e-03
4.084517e-03
4.089929e-03
4.095345e-03
4.100764e-03
4.106187e-03
4.111614e-03
4.117044e-03
4.122477e-03
4.127915e-03
4.133356e-03
4.138800e-03
4.144248e-03
4.149699e-03
4.155155e-03
4.160613e-03
4.166076e-03
4.171542e-03
4.177011e-03
4.182484e-03
4.187961e-03
4.192776e-03
4.197574e-03
4.202354e-03
4.207115e-03
4.211859e-03
4.216586e-03
4.221294e-03
4.225984e-03
4.230657e-03
4.235312e-03
4.239949e-03
4.244567e-03
4.249169e-03
4.253752e-03
4.258317e-03
4.262865e-03
4.267395e-03
4.271906e-03
4.276400e-03
4.280876e-03
4.285335e-03
4.289775e-03
4.294198e-03
4.298602e-03
4.302989e-03
4.307358e-03
4.311709e-03
4.316042e-03
4.320358e-03
4.324655e-03
4.328935e-03
4.333196e-03
4.337440e-03
4.341666e-03
4.345875e-03
4.350065e-03
4.354237e-03
4.358392e-03
4.362529e-03
4.366647e-03
4.370748e-03
4.374832e-03
4.378897e-03
4.382944e-03
4.386974e-03
4.390986e-03
4.394979e-03
4.398955e-03
4.402914e-03
4.406854e-03
4.410776e-03
4.414681e-03
4.418567e-03
4.422436e-03
4.426287e-03
4.430120e-03
4.433935e-03
4.437733e-03
4.441512e-03
4.445274e-03
4.449018e-03
4.452744e-03
4.456452e-03
4.460142e-03
4.463814e-03
4.467469e-03
4.471105e-03
4.474724e-03
4.478325e-03
4.481908e-03
4.485473e-03
4.489020e-03
4.492550e-03
4.496061e-03
4.499555e-03
4.503031e-03
4.506489e-03
4.509929e-03
4.513351e-03
4.516756e-03
4.520142e-03
4.523511e-03
4.526862e-03
4.530195e-03
4.533510e-03
4.536807e-03
4.540086e-03
4.543348e-03
4.546592e-03
4.549817e-03
4.553025e-03
4.556215e-03
4.559388e-03
4.562542e-03
4.565678e-03
4.568797e-03
4.571898e-03
4.574981e-03
4.578046e-03
4.581093e-03
4.584122e-03
4.587134e-03
4.590127e-03
4.593103e-03
4.596061e-03
4.599001e-03
4.601923e-03
4.604827e-03
4.607714e-03
4.610582e-03
4.613433e-03
4.616266e-03
4.619081e-03
4.621878e-03
4.624657e-03
4.627418e-03
4.630162e-03
4.632888e-03
4.635595e-03
4.638285e-03
4.640957e-03
4.643612e-03
4.646248e-03
4.648866e-03
4.651467e-03
4.654050e-03
4.656615e-03
4.659162e-03
4.661691e-03
4.664202e-03
4.666696e-03
4.669171e-03
4.671629e-03
4.674069e-03
4.676491e-03
4.678895e-03
4.681281e-03
4.683650e-03
4.686000e-03
4.688333e-03
4.690648e-03
4.692945e-03
4.695224e-03
4.697485e-03
4.699729e-03
4.701954e-03
4.704162e-03
4.706352e-03
4.708524e-03
4.710678e-03
4.712814e-03
4.714932e-03
4.717033e-03
4.719116e-03
4.721180e-03
4.723227e-03
4.725256e-03
4.727268e-03
4.729261e-03
4.731236e-03
4.733194e-03
4.735134e-03
4.737056e-03
4.738960e-03
4.740846e-03
4.742714e-03
4.744565e-03
4.746397e-03
4.748212e-03
4.750009e-03
4.751788e-03
4.753549e-03
4.755292e-03
4.757018e-03
4.758725e-03
4.760415e-03
4.762087e-03
4.763741e-03
4.765377e-03
4.766995e-03
4.768595e-03
4.770178e-03
4.771742e-03
4.773289e-03
4.774818e-03
4.776329e-03
4.777822e-03
4.779298e-03
4.780755e-03
4.782195e-03
4.783617e-03
4.785021e-03
4.786407e-03
4.787775e-03
4.789125e-03
4.790458e-03
4.791772e-03
4.793069e-03
4.794348e-03
4.795609e-03
4.796852e-03
4.798077e-03
4.799285e-03
4.800474e-03
4.801646e-03
4.802800e-03
4.803936e-03
4.805054e-03
4.806154e-03
4.807237e-03
4.808301e-03
4.809348e-03
4.810377e-03
4.811387e-03
4.812381e-03
4.813356e-03
4.814313e-03
4.815253e-03
4.816174e-03
4.817078e-03
4.817964e-03
4.818832e-03
4.819682e-03
4.820515e-03
4.821329e-03
4.822126e-03
4.822904e-03
4.823665e-03
4.824408e-03
4.825133e-03
4.825841e-03
4.826530e-03
4.827202e-03
4.827856e-03
4.828491e-03
4.829109e-03
4.829709e-03
4.830292e-03
4.830856e-03
4.831403e-03
4.831931e-03
4.832442e-03
4.832935e-03
4.833410e-03
4.833868e-03
4.834307e-03
4.834728e-03
4.835132e-03
4.835518e-03
4.835886e-03
4.836236e-03
4.836568e-03
4.836882e-03
4.837179e-03
4.837458e-03
4.837718e-03
4.837961e-03
4.838186e-03
4.838393e-03
4.838583e-03
4.838754e-03
4.838908e-03
4.839043e-03
4.839161e-03
4.839261e-03
4.839343e-03
4.839408e-03
4.839454e-03
4.839483e-03
4.839493e-03
4.839486e-03
4.839461e-03
4.839418e-03
4.839358e-03
4.839279e-03
4.839183e-03
4.839068e-03
4.838936e-03
4.838786e-03
4.838618e-03
4.838432e-03
4.838229e-03
4.838007e-03
4.837768e-03
4.837511e-03
4.837235e-03
4.836942e-03
4.836632e-03
4.836303e-03
4.835956e-03
4.835592e-03
4.835210e-03
4.834810e-03
4.834392e-03
4.833956e-03
4.833502e-03
4.833031e-03
4.832541e-03
4.832034e-03
4.831509e-03
4.831188e-03
4.831188e-03
4.831188e-03
4.831188e-03
4.831188e-03
4.831188e-03
4.831188e-03
4.831188e-03
4.831188e-03
4.831188e-03
4.831188e-03
4.831188e-03
4.831188e-03
4.831188e-03
4.831188e-03
4.831188e-03
4.831188e-03
4.831188e-03
4.831188e-03
4.831188e-03
4.831188e-03
4.831188e-03
4.831188e-03
4.831188e-03
4.831188e-03
4.831188e-03
4.831188e-03
4.831188e-03
4.831188e-03
4.831188e-03
4.831188e-03
4.831188e-03
4.831188e-03
4.831188e-03
4.831188e-03
4.831188e-03
4.831188e-03
4.831188e-03
4.831188e-03
4.831188e-03
4.831188e-03
4.831188e-03
4.831188e-03
4.831188e-03
4.831188e-03
4.831188e-03
4.831188e-03
4.831188e-03
4.831188e-03
4.831188e-03
4.831188e-03
4.831188e-03
4.831188e-03
4.831188e-03
4.831188e-03
4.831188e-03
4.831188e-03
4.831188e-03
4.831188e-03
4.831188e-03
4.831188e-03
4.831188e-03
4.831188e-03
4.831188e-03
4.831188e-03
4.831188e-03
4.831188e-03
4.831188e-03
4.831188e-03
4.831188e-03
4.831188e-03
4.831188e-03
4.831188e-03
4.831188e-03
4.831188e-03
4.831188e-03
4.831188e-03
4.831188e-03
4.831188e-03
4.831188e-03
4.831188e-03
4.831188e-03
4.831188e-03
4.831188e-03
4.831188e-03
4.831188e-03
4.831188e-03
4.831188e-03
4.831188e-03
4.831188e-03
4.831188e-03
4.831188e-03
4.831188e-03
4.831188e-03
4.831188e-03
4.831188e-03
4.831188e-03
4.831188e-03
4.831188e-03
4.831188e-03
4.831188e-03
4.831188e-03
4.831188e-03
4.831188e-03
4.831188e-03
4.831188e-03
4.831188e-03
4.831188e-03
4.831188e-03
4.831188e-03
4.831188e-03
4.831188e-03
4.831188e-03
4.831188e-03
4.831188e-03
4.831188e-03
4.831188e-03
4.831188e-03
4.831188e-03
4.831188e-03
4.831188e-03
4.831188e-03
4.831188e-03
4.831188e-03
4.831188e-03
4.831188e-03
4.831188e-03
4.831188e-03
4.831188e-03
4.831188e-03
4.831188e-03
4.831188e-03
4.831188e-03
4.831188e-03
4.831188e-03
4.831188e-03
4.831188e-03
4.831188e-03
4.831188e-03
4.831188e-03
4.831188e-03
4.831188e-03
4.831188e-03
4.831188e-03
4.831188e-03
4.831188e-03
4.831188e-03
4.831188e-03
4.831188e-03
4.831188e-03
4.831188e-03
4.831188e-03
4.831188e-03
4.831188e-03
4.831188e-03
4.831188e-03
4.831188e-03
4.831188e-03
4.831188e-03
4.831188e-03
4.831188e-03
4.831188e-03
4.831188e-03
4.831188e-03
4.831188e-03
4.831188e-03
4.831188e-03
4.831188e-03
4.831188e-03
4.831188e-03
4.831188e-03
4.831188e-03
4.831188e-03
4.831188e-03
4.831188e-03
4.831188e-03
4.831188e-03
4.831188e-03
4.831188e-03
4.831188e-03
4.831188e-03
4.831188e-03
4.831188e-03
4.831188e-03
4.831188e-03
4.831188e-03
4.831188e-03
4.831188e-03
4.831188e-03
4.831188e-03
4.831188e-03
4.831188e-03
4.831188e-03
4.831188e-03
4.831188e-03
4.831188e-03
4.831188e-03
4.831188e-03
4.831188e-03
4.831188e-03
4.831188e-03
