0.000000e+00
1.110371e-07
2.313273e-07
3.608705e-07
4.996669e-07
6.477163e-07
8.050189e-07
9.715745e-07
1.147383e-06
1.332445e-06
1.526760e-06
1.730328e-06
1.943149e-06
2.165223e-06
2.396550e-06
2.637131e-06
2.886964e-06
3.146051e-06
3.414390e-06
3.691983e-06
3.978829e-06
4.274928e-06
4.580280e-06
4.894885e-06
5.218743e-06
5.551854e-06
5.894219e-06
6.245836e-06
6.606707e-06
6.976830e-06
7.356207e-06
7.744837e-06
8.142720e-06
8.549856e-06
8.966245e-06
9.391887e-06
9.826782e-06
1.027093e-05
1.072433e-05
1.118699e-05
1.165889e-05
1.214005e-05
1.263047e-05
1.313014e-05
1.363906e-05
1.415723e-05
1.468465e-05
1.522133e-05
1.576727e-05
1.632245e-05
1.688689e-05
1.746058e-05
1.804353e-05
1.863572e-05
1.923718e-05
1.984788e-05
2.046784e-05
2.109705e-05
2.173551e-05
2.238323e-05
2.304020e-05
2.370642e-05
2.438189e-05
2.506662e-05
2.576060e-05
2.646384e-05
2.717633e-05
2.789807e-05
2.862906e-05
2.936931e-05
3.011881e-05
3.087756e-05
3.164557e-05
3.242283e-05
3.320934e-05
3.400511e-05
3.481013e-05
3.562440e-05
3.644792e-05
3.728070e-05
3.812273e-05
3.897402e-05
3.983455e-05
4.070435e-05
4.158339e-05
4.247169e-05
4.336924e-05
4.427604e-05
4.519209e-05
4.611740e-05
4.705197e-05
4.799578e-05
4.894885e-05
4.991117e-05
5.088274e-05
5.186357e-05
5.285365e-05
5.385299e-05
5.486157e-05
5.587941e-05
5.690651e-05
5.794285e-05
5.898845e-05
6.004330e-05
6.110741e-05
6.218077e-05
6.326338e-05
6.435524e-05
6.545636e-05
6.656673e-05
6.768636e-05
6.881523e-05
6.995336e-05
7.110075e-05
7.225738e-05
7.342327e-05
7.459842e-05
7.578281e-05
7.697646e-05
7.817936e-05
7.939152e-05
8.061292e-05
8.184359e-05
8.308350e-05
8.433267e-05
8.559109e-05
8.685876e-05
8.813569e-05
8.942187e-05
9.071730e-05
9.202199e-05
9.333592e-05
9.465912e-05
9.599156e-05
9.733326e-05
9.868421e-05
1.000444e-04
1.014139e-04
1.027926e-04
1.041805e-04
1.055778e-04
1.069842e-04
1.084000e-04
1.098249e-04
1.112592e-04
1.127026e-04
1.141554e-04
1.156174e-04
1.170886e-04
1.185691e-04
1.200588e-04
1.215579e-04
1.230661e-04
1.245836e-04
1.261104e-04
1.276464e-04
1.291917e-04
1.307462e-04
1.323099e-04
1.338830e-04
1.354652e-04
1.370568e-04
1.386576e-04
1.402676e-04
1.418869e-04
1.435154e-04
1.451532e-04
1.468003e-04
1.484566e-04
1.501221e-04
1.517970e-04
1.534810e-04
1.551743e-04
1.568769e-04
1.585887e-04
1.603098e-04
1.620401e-04
1.637797e-04
1.655285e-04
1.672866e-04
1.690540e-04
1.708306e-04
1.726164e-04
1.744115e-04
1.762159e-04
1.780295e-04
1.798523e-04
1.816844e-04
1.835258e-04
1.853764e-04
1.872363e-04
1.891054e-04
1.909838e-04
1.928714e-04
1.947683e-04
1.966744e-04
1.985898e-04
2.005145e-04
2.024484e-04
2.043915e-04
2.063439e-04
2.083056e-04
2.102765e-04
2.122566e-04
2.142461e-04
2.162447e-04
2.182526e-04
2.202698e-04
2.222962e-04
2.243319e-04
2.263769e-04
2.284310e-04
2.304945e-04
2.325672e-04
2.346491e-04
2.367403e-04
2.388408e-04
2.409505e-04
2.430694e-04
2.451976e-04
2.473351e-04
2.494818e-04
2.516378e-04
2.538030e-04
2.559775e-04
2.581612e-04
2.603542e-04
2.625564e-04
2.647679e-04
2.669887e-04
2.692187e-04
2.714579e-04
2.737064e-04
2.759642e-04
2.782312e-04
2.805074e-04
2.827930e-04
2.850877e-04
2.873917e-04
2.897050e-04
2.920275e-04
2.943593e-04
2.967003e-04
2.990506e-04
3.014102e-04
3.037790e-04
3.061570e-04
3.085443e-04
3.109409e-04
3.133467e-04
3.157617e-04
3.181860e-04
3.206196e-04
3.230624e-04
3.255145e-04
3.279758e-04
3.304464e-04
3.329262e-04
3.354153e-04
3.379136e-04
3.404212e-04
3.429380e-04
3.454641e-04
3.479995e-04
3.505441e-04
3.530979e-04
3.556610e-04
3.582334e-04
3.608150e-04
3.634059e-04
3.660060e-04
3.686154e-04
3.712340e-04
3.738619e-04
3.764990e-04
3.791454e-04
3.818010e-04
3.844659e-04
3.871401e-04
3.898235e-04
3.925161e-04
3.952180e-04
3.979292e-04
4.006496e-04
4.033792e-04
4.061181e-04
4.088663e-04
4.116237e-04
4.143904e-04
4.171663e-04
4.199515e-04
4.227459e-04
4.255496e-04
4.283626e-04
4.311848e-04
4.340162e-04
4.368569e-04
4.397069e-04
4.425661e-04
4.454345e-04
4.483122e-04
4.511992e-04
4.540954e-04
4.570009e-04
4.599156e-04
4.628396e-04
4.657728e-04
4.687153e-04
4.716670e-04
4.746280e-04
4.775983e-04
4.805778e-04
4.835665e-04
4.865645e-04
4.895718e-04
4.925883e-04
4.956140e-04
4.986490e-04
5.016933e-04
5.047468e-04
5.078096e-04
5.108816e-04
5.139629e-04
5.170534e-04
5.201532e-04
5.232623e-04
5.263806e-04
5.295081e-04
5.326449e-04
5.357910e-04
5.389463e-04
5.421108e-04
5.452846e-04
5.484677e-04
5.516600e-04
5.548616e-04
5.580724e-04
5.612925e-04
5.645218e-04
5.677604e-04
5.710082e-04
5.742653e-04
5.775316e-04
5.808072e-04
5.840921e-04
5.873862e-04
5.906895e-04
5.940021e-04
5.973240e-04
6.006551e-04
6.039955e-04
6.073451e-04
6.107040e-04
6.140721e-04
6.174495e-04
6.208361e-04
6.242320e-04
6.276371e-04
6.310515e-04
6.344752e-04
6.379081e-04
6.413502e-04
6.448016e-04
6.482623e-04
6.517322e-04
6.552113e-04
6.586998e-04
6.621974e-04
6.657043e-04
6.692205e-04
6.727459e-04
6.762806e-04
6.798246e-04
6.833777e-04
6.869402e-04
6.905119e-04
6.940928e-04
6.976830e-04
7.012825e-04
7.048912e-04
7.085091e-04
7.121364e-04
7.157728e-04
7.194185e-04
7.230735e-04
7.267377e-04
7.304112e-04
7.340939e-04
7.377859e-04
7.414872e-04
7.451976e-04
7.489174e-04
7.526464e-04
7.563846e-04
7.601321e-04
7.638889e-04
7.676549e-04
7.714302e-04
7.752147e-04
7.790084e-04
7.828115e-04
7.866237e-04
7.904453e-04
7.942760e-04
7.981161e-04
8.019654e-04
8.058239e-04
8.096917e-04
8.135687e-04
8.174550e-04
8.213506e-04
8.252554e-04
8.291694e-04
8.330928e-04
8.370253e-04
8.409671e-04
8.449182e-04
8.488785e-04
8.528481e-04
8.568269e-04
8.608150e-04
8.648123e-04
8.688189e-04
8.728348e-04
8.768599e-04
8.808942e-04
8.849378e-04
8.889907e-04
8.930528e-04
8.971241e-04
9.012048e-04
9.052946e-04
9.093937e-04
9.135021e-04
9.176197e-04
9.217466e-04
9.258827e-04
9.300281e-04
9.341828e-04
9.383467e-04
9.425198e-04
9.467022e-04
9.508938e-04
9.550948e-04
9.593049e-04
9.635243e-04
9.677530e-04
9.719909e-04
9.762381e-04
9.804945e-04
9.847602e-04
9.890351e-04
9.933193e-04
9.976127e-04
1.001915e-03
1.006227e-03
1.010549e-03
1.014879e-03
1.019219e-03
1.023568e-03
1.027926e-03
1.032293e-03
1.036670e-03
1.041056e-03
1.045451e-03
1.049856e-03
1.054269e-03
1.058692e-03
1.063125e-03
1.067566e-03
1.072017e-03
1.076477e-03
1.080946e-03
1.085425e-03
1.089912e-03
1.094409e-03
1.098916e-03
1.103431e-03
1.107956e-03
1.112490e-03
1.117033e-03
1.121586e-03
1.126147e-03
1.130718e-03
1.135299e-03
1.139888e-03
1.144487e-03
1.149095e-03
1.153712e-03
1.158339e-03
1.162975e-03
1.167620e-03
1.172274e-03
1.176938e-03
1.181610e-03
1.186292e-03
1.190984e-03
1.195684e-03
1.200394e-03
1.205113e-03
1.209842e-03
1.214579e-03
1.219326e-03
1.224082e-03
1.228847e-03
1.233622e-03
1.238406e-03
1.243199e-03
1.248001e-03
1.252813e-03
1.257634e-03
1.262464e-03
1.267303e-03
1.272152e-03
1.277010e-03
1.281877e-03
1.286753e-03
1.291639e-03
1.296534e-03
1.301438e-03
1.306351e-03
1.311274e-03
1.316206e-03
1.321147e-03
1.326097e-03
1.331057e-03
1.336026e-03
1.341004e-03
1.345992e-03
1.350988e-03
1.355994e-03
1.361009e-03
1.366034e-03
1.371067e-03
1.376110e-03
1.381163e-03
1.386224e-03
1.391295e-03
1.396375e-03
1.401464e-03
1.406562e-03
1.411670e-03
1.416787e-03
1.421913e-03
1.427049e-03
1.432193e-03
1.437347e-03
1.442511e-03
1.447683e-03
1.452865e-03
1.458056e-03
1.463256e-03
1.468465e-03
1.473684e-03
1.478912e-03
1.484149e-03
1.489396e-03
1.494652e-03
1.499917e-03
1.505191e-03
1.510474e-03
1.515767e-03
1.521069e-03
1.526381e-03
1.531701e-03
1.537031e-03
1.542370e-03
1.547718e-03
1.553076e-03
1.558443e-03
1.563819e-03
1.569204e-03
1.574598e-03
1.580002e-03
1.585415e-03
1.590838e-03
1.596269e-03
1.601710e-03
1.607160e-03
1.612619e-03
1.618088e-03
1.623566e-03
1.629053e-03
1.634549e-03
1.640055e-03
1.645570e-03
1.651094e-03
1.656627e-03
1.662170e-03
1.667722e-03
1.673283e-03
1.678853e-03
1.684433e-03
1.690021e-03
1.695620e-03
1.701227e-03
1.706844e-03
1.712469e-03
1.718105e-03
1.723749e-03
1.729403e-03
1.735066e-03
1.740738e-03
1.746419e-03
1.752110e-03
1.757810e-03
1.763519e-03
1.769237e-03
1.774965e-03
1.780702e-03
1.786448e-03
1.792203e-03
1.797968e-03
1.803742e-03
1.809525e-03
1.815318e-03
1.821119e-03
1.826930e-03
1.832750e-03
1.838580e-03
1.844419e-03
1.850266e-03
1.856124e-03
1.861990e-03
1.867866e-03
1.873751e-03
1.879645e-03
1.885549e-03
1.891461e-03
1.897383e-03
1.903314e-03
1.909255e-03
1.915205e-03
1.921164e-03
1.927132e-03
1.933109e-03
1.939096e-03
1.945092e-03
1.951097e-03
1.957112e-03
1.963136e-03
1.969169e-03
1.975211e-03
1.981262e-03
1.987323e-03
1.993393e-03
1.999473e-03
2.005561e-03
2.011659e-03
2.017766e-03
2.023882e-03
2.030008e-03
2.036143e-03
2.042287e-03
2.048440e-03
2.054602e-03
2.060774e-03
2.066955e-03
2.073146e-03
2.079345e-03
2.085554e-03
2.091772e-03
2.097999e-03
2.104236e-03
2.110482e-03
2.116737e-03
2.123001e-03
2.129275e-03
2.135558e-03
2.141850e-03
2.148151e-03
2.154462e-03
2.160782e-03
2.167111e-03
2.173449e-03
2.179797e-03
2.186154e-03
2.192520e-03
2.198895e-03
2.205280e-03
2.211674e-03
2.218077e-03
2.224489e-03
2.230911e-03
2.237342e-03
2.243782e-03
2.250231e-03
2.256690e-03
2.263158e-03
2.269635e-03
2.276121e-03
2.282617e-03
2.289122e-03
2.295636e-03
2.302160e-03
2.308692e-03
2.315234e-03
2.321785e-03
2.328346e-03
2.334916e-03
2.341495e-03
2.348083e-03
2.354680e-03
2.361287e-03
2.367903e-03
2.374528e-03
2.381163e-03
2.387806e-03
2.394459e-03
2.401121e-03
2.407793e-03
2.414474e-03
2.421164e-03
2.427863e-03
2.434571e-03
2.441289e-03
2.448016e-03
2.454752e-03
2.461498e-03
2.468253e-03
2.475017e-03
2.481790e-03
2.488572e-03
2.495364e-03
2.502165e-03
2.508975e-03
2.515795e-03
2.522624e-03
2.529462e-03
2.536309e-03
2.543166e-03
2.550031e-03
2.556907e-03
2.563791e-03
2.570684e-03
2.577587e-03
2.584499e-03
2.591421e-03
2.598351e-03
2.605291e-03
2.612240e-03
2.619198e-03
2.626166e-03
2.633143e-03
2.640129e-03
2.647124e-03
2.654129e-03
2.661143e-03
2.668166e-03
2.675198e-03
2.682240e-03
2.689290e-03
2.696351e-03
2.703420e-03
2.710499e-03
2.717586e-03
2.724684e-03
2.731790e-03
2.738906e-03
2.746030e-03
2.753165e-03
2.760308e-03
2.767461e-03
2.774622e-03
2.781794e-03
2.788974e-03
2.796164e-03
2.803363e-03
2.810571e-03
2.817788e-03
2.825015e-03
2.832251e-03
2.839496e-03
2.846750e-03
2.854014e-03
2.861287e-03
2.868569e-03
2.875861e-03
2.883161e-03
2.890471e-03
2.897790e-03
2.905119e-03
2.912457e-03
2.919803e-03
2.927160e-03
2.934525e-03
2.941900e-03
2.949284e-03
2.956677e-03
2.964080e-03
2.971491e-03
2.978912e-03
2.986342e-03
2.993782e-03
3.001231e-03
3.008689e-03
3.016156e-03
3.023632e-03
3.031118e-03
3.038613e-03
3.046117e-03
3.053631e-03
3.061154e-03
3.068686e-03
3.076227e-03
3.083777e-03
3.091337e-03
3.098906e-03
3.106485e-03
3.114072e-03
3.121669e-03
3.129275e-03
3.136890e-03
3.144515e-03
3.152149e-03
3.159792e-03
3.167444e-03
3.175105e-03
3.182776e-03
3.190456e-03
3.198146e-03
3.205844e-03
3.213552e-03
3.221269e-03
3.228995e-03
3.236731e-03
3.244476e-03
3.252230e-03
3.259993e-03
3.267766e-03
3.275548e-03
3.283339e-03
3.291139e-03
3.298949e-03
3.306768e-03
3.314596e-03
3.322433e-03
3.330280e-03
3.338136e-03
3.346001e-03
3.353875e-03
3.361759e-03
3.369652e-03
3.377554e-03
3.385465e-03
3.393386e-03
3.401316e-03
3.409255e-03
3.417203e-03
3.425161e-03
3.433128e-03
3.441104e-03
3.449089e-03
3.457084e-03
3.465088e-03
3.473101e-03
3.481124e-03
3.489155e-03
3.497196e-03
3.505247e-03
3.513306e-03
3.521375e-03
3.529453e-03
3.537540e-03
3.545636e-03
3.553742e-03
3.561857e-03
3.569981e-03
3.578115e-03
3.586257e-03
3.594409e-03
3.602571e-03
3.610741e-03
3.618921e-03
3.627110e-03
3.635308e-03
3.643515e-03
3.651732e-03
3.659958e-03
3.668193e-03
3.676438e-03
3.684692e-03
3.692955e-03
3.701227e-03
3.709508e-03
3.717799e-03
3.726099e-03
3.734409e-03
3.742727e-03
3.751055e-03
3.759392e-03
3.767738e-03
3.776094e-03
3.784459e-03
3.792833e-03
3.801216e-03
3.809608e-03
3.818010e-03
3.826421e-03
3.834842e-03
3.843271e-03
3.851710e-03
3.860158e-03
3.868615e-03
3.877082e-03
3.885558e-03
3.894043e-03
3.902537e-03
3.911041e-03
3.919554e-03
3.928076e-03
3.936607e-03
3.945148e-03
3.953698e-03
3.962257e-03
3.970825e-03
3.979403e-03
3.987989e-03
3.996586e-03
4.005191e-03
4.013806e-03
4.022429e-03
4.031063e-03
4.039705e-03
4.048357e-03
4.057018e-03
4.065688e-03
4.074367e-03
4.083056e-03
4.091754e-03
4.100461e-03
4.109177e-03
4.117903e-03
4.126638e-03
4.135382e-03
4.144135e-03
4.152898e-03
4.161670e-03
4.170451e-03
4.179242e-03
4.188041e-03
4.196850e-03
4.205668e-03
4.214496e-03
4.223333e-03
4.232179e-03
4.241034e-03
4.249898e-03
4.258772e-03
4.267655e-03
4.276547e-03
4.285449e-03
4.294359e-03
4.303279e-03
4.312209e-03
4.321147e-03
4.330095e-03
4.339052e-03
4.348018e-03
4.356993e-03
4.365978e-03
4.374972e-03
4.383975e-03
4.392988e-03
4.402010e-03
4.411041e-03
4.420081e-03
4.429131e-03
4.438189e-03
4.447257e-03
4.456335e-03
4.465421e-03
4.474517e-03
4.483622e-03
4.492736e-03
4.501860e-03
4.510993e-03
4.520135e-03
4.529286e-03
4.538447e-03
4.547616e-03
4.556795e-03
4.565984e-03
4.575181e-03
4.584388e-03
4.593604e-03
4.602830e-03
4.612064e-03
4.621308e-03
4.630561e-03
4.639823e-03
4.649095e-03
4.658376e-03
4.667666e-03
4.676965e-03
4.686274e-03
4.695592e-03
4.704919e-03
4.714255e-03
4.723601e-03
4.732956e-03
4.742320e-03
4.751693e-03
4.761076e-03
4.770468e-03
4.779869e-03
4.789279e-03
4.798699e-03
4.808128e-03
4.817566e-03
4.827013e-03
4.836470e-03
4.845936e-03
4.855411e-03
4.864896e-03
4.874389e-03
4.883892e-03
4.893404e-03
4.902926e-03
4.912457e-03
4.921996e-03
4.931546e-03
4.941104e-03
4.950672e-03
4.960249e-03
4.969835e-03
4.979430e-03
4.989035e-03
4.998649e-03
5.008272e-03
5.017905e-03
5.027546e-03
5.037197e-03
5.046858e-03
5.056527e-03
5.066206e-03
5.075894e-03
5.085591e-03
5.095298e-03
5.105013e-03
5.114738e-03
5.124473e-03
5.134216e-03
5.143969e-03
5.153731e-03
5.163502e-03
5.173283e-03
5.183072e-03
5.192871e-03
5.202680e-03
5.212497e-03
5.222324e-03
5.232160e-03
5.242005e-03
5.251860e-03
5.261724e-03
5.271597e-03
5.281479e-03
5.291371e-03
5.301271e-03
5.311181e-03
5.321101e-03
5.331029e-03
5.340967e-03
5.350914e-03
5.360871e-03
5.370836e-03
5.380811e-03
5.390795e-03
5.400788e-03
5.410791e-03
5.420803e-03
5.430824e-03
5.440854e-03
5.450894e-03
5.460943e-03
5.471001e-03
5.481068e-03
5.491145e-03
5.501231e-03
5.511326e-03
5.521430e-03
5.531544e-03
5.541667e-03
5.551799e-03
5.561940e-03
5.572091e-03
5.582251e-03
5.592420e-03
5.602598e-03
5.612786e-03
5.622983e-03
5.633189e-03
5.643404e-03
5.653629e-03
5.663863e-03
5.674106e-03
5.684359e-03
5.694620e-03
5.704891e-03
5.715171e-03
5.725461e-03
5.735759e-03
5.746067e-03
5.756385e-03
5.766711e-03
5.777047e-03
5.787392e-03
5.797746e-03
5.808109e-03
5.818482e-03
5.828864e-03
5.839255e-03
5.849656e-03
5.860066e-03
5.870484e-03
5.880913e-03
5.891350e-03
5.901797e-03
5.912253e-03
5.922718e-03
5.933193e-03
5.943676e-03
5.954169e-03
5.964672e-03
5.975183e-03
5.985704e-03
5.996234e-03
6.006773e-03
6.017322e-03
6.027880e-03
6.038447e-03
6.049023e-03
6.059608e-03
6.070203e-03
6.080807e-03
6.091421e-03
6.102043e-03
6.112675e-03
6.123316e-03
6.133966e-03
6.144626e-03
6.155295e-03
6.165973e-03
6.176660e-03
6.187357e-03
6.198062e-03
6.208777e-03
6.219502e-03
6.230235e-03
6.240978e-03
6.251730e-03
6.262492e-03
6.273262e-03
6.284042e-03
6.294831e-03
6.305630e-03
6.316437e-03
6.327254e-03
6.338080e-03
6.348916e-03
6.359760e-03
6.370614e-03
6.381477e-03
6.392350e-03
6.403231e-03
6.414122e-03
6.425022e-03
6.435932e-03
6.446850e-03
6.457778e-03
6.468715e-03
6.479662e-03
6.490617e-03
6.501582e-03
6.512556e-03
6.523540e-03
6.534533e-03
6.545534e-03
6.556546e-03
6.567566e-03
6.578596e-03
6.589635e-03
6.600683e-03
6.611740e-03
6.622807e-03
6.633883e-03
6.644968e-03
6.656063e-03
6.667166e-03
6.678279e-03
6.689402e-03
6.700533e-03
6.711674e-03
6.722824e-03
6.733983e-03
6.745151e-03
6.756329e-03
6.767516e-03
6.778712e-03
6.789918e-03
6.801133e-03
6.812357e-03
6.823590e-03
6.834832e-03
6.846084e-03
6.857345e-03
6.868615e-03
6.879895e-03
6.891184e-03
6.902482e-03
6.913789e-03
6.925105e-03
6.936431e-03
6.947766e-03
6.959111e-03
6.970464e-03
6.981827e-03
6.993199e-03
7.004580e-03
7.015971e-03
7.027371e-03
7.038780e-03
7.050198e-03
7.061626e-03
7.073062e-03
7.084508e-03
7.095964e-03
7.107428e-03
7.118902e-03
7.130385e-03
7.141878e-03
7.153379e-03
7.164890e-03
7.176410e-03
7.187940e-03
7.199478e-03
7.211026e-03
7.222583e-03
7.234149e-03
7.245725e-03
7.257310e-03
7.268904e-03
7.280507e-03
7.292120e-03
7.303742e-03
7.315373e-03
7.327013e-03
7.338663e-03
7.350322e-03
7.361990e-03
7.373668e-03
7.385354e-03
7.397050e-03
7.408755e-03
7.420470e-03
7.432193e-03
7.443926e-03
7.455668e-03
7.467420e-03
7.479181e-03
7.490950e-03
7.502730e-03
7.514518e-03
7.526316e-03
7.538123e-03
7.549939e-03
7.561764e-03
7.573599e-03
7.585443e-03
7.597296e-03
7.609159e-03
7.621030e-03
7.632911e-03
7.644802e-03
7.656701e-03
7.668610e-03
7.680528e-03
7.692455e-03
7.704392e-03
7.716337e-03
7.728292e-03
7.740256e-03
7.752230e-03
7.764213e-03
7.776205e-03
7.788206e-03
7.800217e-03
7.812236e-03
7.824265e-03
7.836304e-03
7.848351e-03
7.860408e-03
7.872474e-03
7.884549e-03
7.896634e-03
7.908728e-03
7.920831e-03
7.932943e-03
7.945064e-03
7.957195e-03
7.969335e-03
7.981485e-03
7.993643e-03
8.005811e-03
8.017988e-03
8.030174e-03
8.042370e-03
8.054575e-03
8.066789e-03
8.079012e-03
8.091245e-03
8.103487e-03
8.115738e-03
8.127998e-03
8.140268e-03
8.152546e-03
8.164835e-03
8.177132e-03
8.189439e-03
8.201754e-03
8.214080e-03
8.226414e-03
8.238757e-03
8.251110e-03
8.263472e-03
8.275844e-03
8.288225e-03
8.300614e-03
8.313014e-03
8.325422e-03
8.337840e-03
8.350266e-03
8.362703e-03
8.375148e-03
8.387603e-03
8.400067e-03
8.412540e-03
8.425022e-03
8.437514e-03
8.450015e-03
8.462525e-03
8.475044e-03
8.487573e-03
8.500111e-03
8.512658e-03
8.525215e-03
8.537780e-03
8.550355e-03
8.562940e-03
8.575533e-03
8.588136e-03
8.600748e-03
8.613369e-03
8.625999e-03
8.638639e-03
8.651288e-03
8.663946e-03
8.676614e-03
8.689290e-03
8.701976e-03
8.714672e-03
8.727376e-03
8.740090e-03
8.752813e-03
8.765545e-03
8.778287e-03
8.791037e-03
8.803797e-03
8.816567e-03
8.829345e-03
8.842133e-03
8.854930e-03
8.867736e-03
8.880552e-03
8.893377e-03
8.906211e-03
8.919054e-03
8.931907e-03
8.944768e-03
8.957639e-03
8.970520e-03
8.983409e-03
8.996308e-03
9.009216e-03
9.022133e-03
9.035060e-03
9.047996e-03
9.060941e-03
9.073895e-03
9.086859e-03
9.099832e-03
9.112814e-03
9.125805e-03
9.138806e-03
9.151815e-03
9.164835e-03
9.177863e-03
9.190901e-03
9.203947e-03
9.217003e-03
9.230069e-03
9.243143e-03
9.256227e-03
9.269320e-03
9.282423e-03
9.295534e-03
9.308655e-03
9.321785e-03
9.334925e-03
9.348074e-03
9.361231e-03
9.374399e-03
9.387575e-03
9.400761e-03
9.413956e-03
9.427160e-03
9.440373e-03
9.453596e-03
9.466828e-03
9.480069e-03
9.493319e-03
9.506579e-03
9.519848e-03
9.533126e-03
9.546414e-03
9.559710e-03
9.573016e-03
9.586331e-03
9.599656e-03
9.612989e-03
9.626332e-03
9.639685e-03
9.653046e-03
9.666417e-03
9.679797e-03
9.693186e-03
9.706584e-03
9.719992e-03
9.733409e-03
9.746835e-03
9.760271e-03
9.773716e-03
9.787170e-03
9.800633e-03
9.814105e-03
9.827587e-03
9.841078e-03
9.854578e-03
9.868088e-03
9.881607e-03
9.895135e-03
9.908672e-03
9.922219e-03
9.935774e-03
9.949339e-03
9.962914e-03
9.976497e-03
9.990090e-03
1.000369e-02
1.001730e-02
1.003092e-02
1.004455e-02
1.005819e-02
1.007184e-02
1.008550e-02
1.009917e-02
1.011284e-02
1.012653e-02
1.014022e-02
1.015393e-02
1.016764e-02
1.018136e-02
1.019509e-02
1.020883e-02
1.022258e-02
1.023634e-02
1.025011e-02
1.026389e-02
1.027768e-02
1.029147e-02
1.030528e-02
1.031909e-02
1.033292e-02
1.034675e-02
1.036059e-02
1.037444e-02
1.038831e-02
1.040218e-02
1.041606e-02
1.042994e-02
1.044384e-02
1.045775e-02
1.047167e-02
1.048559e-02
1.049953e-02
1.051347e-02
1.052743e-02
1.054139e-02
1.055536e-02
1.056868e-02
1.058195e-02
1.059517e-02
1.060835e-02
1.062148e-02
1.063457e-02
1.064761e-02
1.066060e-02
1.067355e-02
1.068645e-02
1.069931e-02
1.071212e-02
1.072488e-02
1.073760e-02
1.075027e-02
1.076289e-02
1.077547e-02
1.078800e-02
1.080049e-02
1.081293e-02
1.082532e-02
1.083767e-02
1.084997e-02
1.086223e-02
1.087444e-02
1.088660e-02
1.089872e-02
1.091079e-02
1.092281e-02
1.093479e-02
1.094672e-02
1.095861e-02
1.097045e-02
1.098224e-02
1.099399e-02
1.100569e-02
1.101735e-02
1.102896e-02
1.104052e-02
1.105204e-02
1.106351e-02
1.107493e-02
1.108631e-02
1.109764e-02
1.110893e-02
1.112017e-02
1.113136e-02
1.114251e-02
1.115361e-02
1.116467e-02
1.117568e-02
1.118664e-02
1.119756e-02
1.120843e-02
1.121926e-02
1.123004e-02
1.124077e-02
1.125145e-02
1.126210e-02
1.127269e-02
1.128324e-02
1.129374e-02
1.130420e-02
1.131461e-02
1.132497e-02
1.133529e-02
1.134556e-02
1.135578e-02
1.136596e-02
1.137609e-02
1.138618e-02
1.139622e-02
1.140622e-02
1.141616e-02
1.142607e-02
1.143592e-02
1.144573e-02
1.145550e-02
1.146521e-02
1.147488e-02
1.148451e-02
1.149409e-02
1.150362e-02
1.151311e-02
1.152255e-02
1.153194e-02
1.154129e-02
1.155060e-02
1.155985e-02
1.156906e-02
1.157822e-02
1.158734e-02
1.159641e-02
1.160544e-02
1.161442e-02
1.162335e-02
1.163224e-02
1.164108e-02
1.164987e-02
1.165862e-02
1.166733e-02
1.167598e-02
1.168459e-02
1.169316e-02
1.170167e-02
1.171015e-02
1.171857e-02
1.172695e-02
1.173528e-02
1.174357e-02
1.175181e-02
1.176001e-02
1.176816e-02
1.177626e-02
1.178431e-02
1.179232e-02
1.180029e-02
1.180821e-02
1.181608e-02
1.182390e-02
1.183168e-02
1.183942e-02
1.184710e-02
1.185475e-02
1.186234e-02
1.186989e-02
1.187739e-02
1.188485e-02
1.189226e-02
1.189962e-02
1.190694e-02
1.191421e-02
1.192144e-02
1.192862e-02
1.193575e-02
1.194284e-02
1.194988e-02
1.195688e-02
1.196383e-02
1.197073e-02
1.197759e-02
1.198440e-02
1.199116e-02
1.199788e-02
1.200455e-02
1.201118e-02
1.201776e-02
1.202429e-02
1.203078e-02
1.203722e-02
1.204362e-02
1.204996e-02
1.205627e-02
1.206252e-02
1.206873e-02
1.207490e-02
1.208102e-02
1.208709e-02
1.209312e-02
1.209910e-02
1.210503e-02
1.211092e-02
1.211676e-02
1.212256e-02
1.212830e-02
1.213401e-02
1.213966e-02
1.214528e-02
1.215084e-02
1.215636e-02
1.216183e-02
1.216726e-02
1.217264e-02
1.217797e-02
1.218326e-02
1.218850e-02
1.219370e-02
1.219885e-02
1.220395e-02
1.220901e-02
1.221402e-02
1.221898e-02
1.222390e-02
1.222877e-02
1.223360e-02
1.223838e-02
1.224312e-02
1.224780e-02
1.225244e-02
1.225704e-02
1.226159e-02
1.226609e-02
1.227055e-02
1.227496e-02
1.227933e-02
1.228365e-02
1.228792e-02
1.229215e-02
1.229633e-02
1.230046e-02
1.230455e-02
1.230859e-02
1.231259e-02
1.231654e-02
1.232044e-02
1.232430e-02
1.232811e-02
1.233187e-02
1.233559e-02
1.233927e-02
1.234289e-02
1.234647e-02
1.235001e-02
1.235350e-02
1.235694e-02
1.236033e-02
1.236368e-02
1.236699e-02
1.237025e-02
1.237346e-02
1.237662e-02
1.237974e-02
1.238281e-02
1.238584e-02
1.238882e-02
1.239176e-02
1.239465e-02
1.239749e-02
1.240028e-02
1.240303e-02
1.240574e-02
1.240840e-02
1.241101e-02
1.241357e-02
1.241609e-02
1.241856e-02
1.242099e-02
1.242337e-02
1.242571e-02
1.242800e-02
1.243024e-02
1.243243e-02
1.243459e-02
1.243669e-02
1.243875e-02
1.244076e-02
1.244272e-02
1.244464e-02
1.244652e-02
1.244834e-02
1.245013e-02
1.245186e-02
1.245355e-02
1.245519e-02
1.245679e-02
1.245834e-02
1.245984e-02
1.246130e-02
1.246271e-02
1.246408e-02
1.246540e-02
1.246667e-02
1.246790e-02
1.246908e-02
1.247022e-02
1.247130e-02
1.247235e-02
1.247334e-02
1.247429e-02
1.247520e-02
1.247606e-02
1.247687e-02
1.247763e-02
1.247835e-02
1.247903e-02
1.247966e-02
1.248024e-02
1.248077e-02
1.248126e-02
1.248170e-02
1.248210e-02
1.248245e-02
1.248276e-02
1.248301e-02
1.248323e-02
1.248339e-02
1.248351e-02
1.248359e-02
1.248361e-02
1.248360e-02
1.248353e-02
1.248342e-02
1.248326e-02
1.248306e-02
1.248281e-02
1.248252e-02
1.248217e-02
1.248179e-02
1.248135e-02
1.248087e-02
1.248057e-02
1.248057e-02
1.248057e-02
1.248057e-02
1.248057e-02
1.248057e-02
1.248057e-02
1.248057e-02
1.248057e-02
1.248057e-02
1.248057e-02
1.248057e-02
1.248057e-02
1.248057e-02
1.248057e-02
1.248057e-02
1.248057e-02
1.248057e-02
1.248057e-02
1.248057e-02
1.248057e-02
1.248057e-02
1.248057e-02
1.248057e-02
1.248057e-02
1.248057e-02
1.248057e-02
1.248057e-02
1.248057e-02
1.248057e-02
1.248057e-02
1.248057e-02
1.248057e-02
1.248057e-02
1.248057e-02
1.248057e-02
1.248057e-02
1.248057e-02
1.248057e-02
1.248057e-02
1.248057e-02
1.248057e-02
1.248057e-02
1.248057e-02
1.248057e-02
1.248057e-02
1.248057e-02
1.248057e-02
1.248057e-02
1.248057e-02
1.248057e-02
1.248057e-02
1.248057e-02
1.248057e-02
1.248057e-02
1.248057e-02
1.248057e-02
1.248057e-02
1.248057e-02
1.248057e-02
1.248057e-02
1.248057e-02
1.248057e-02
1.248057e-02
1.248057e-02
1.248057e-02
1.248057e-02
1.248057e-02
1.248057e-02
1.248057e-02
1.248057e-02
1.248057e-02
1.248057e-02
1.248057e-02
1.248057e-02
1.248057e-02
1.248057e-02
1.248057e-02
1.248057e-02
1.248057e-02
1.248057e-02
1.248057e-02
1.248057e-02
1.248057e-02
1.248057e-02
1.248057e-02
1.248057e-02
1.248057e-02
1.248057e-02
1.248057e-02
1.248057e-02
1.248057e-02
1.248057e-02
1.248057e-02
1.248057e-02
1.248057e-02
1.248057e-02
1.248057e-02
1.248057e-02
1.248057e-02
1.248057e-02
1.248057e-02
1.248057e-02
1.248057e-02
1.248057e-02
1.248057e-02
1.248057e-02
1.248057e-02
1.248057e-02
1.248057e-02
1.248057e-02
1.248057e-02
1.248057e-02
1.248057e-02
1.248057e-02
1.248057e-02
1.248057e-02
1.248057e-02
1.248057e-02
1.248057e-02
1.248057e-02
1.248057e-02
1.248057e-02
1.248057e-02
1.248057e-02
1.248057e-02
1.248057e-02
1.248057e-02
1.248057e-02
1.248057e-02
1.248057e-02
1.248057e-02
1.248057e-02
1.248057e-02
1.248057e-02
1.248057e-02
1.248057e-02
1.248057e-02
1.248057e-02
1.248057e-02
1.248057e-02
1.248057e-02
1.248057e-02
1.248057e-02
1.248057e-02
1.248057e-02
1.248057e-02
1.248057e-02
1.248057e-02
1.248057e-02
1.248057e-02
1.248057e-02
1.248057e-02
1.248057e-02
1.248057e-02
1.248057e-02
1.248057e-02
1.248057e-02
1.248057e-02
1.248057e-02
1.248057e-02
1.248057e-02
1.248057e-02
1.248057e-02
1.248057e-02
1.248057e-02
1.248057e-02
1.248057e-02
1.248057e-02
1.248057e-02
1.248057e-02
1.248057e-02
1.248057e-02
1.248057e-02
1.248057e-02
1.248057e-02
1.248057e-02
1.248057e-02
1.248057e-02
1.248057e-02
1.248057e-02
1.248057e-02
1.248057e-02
1.248057e-02
1.248057e-02
1.248057e-02
1.248057e-02
1.248057e-02
1.248057e-02
1.248057e-02
1.248057e-02
1.248057e-02
1.248057e-02
1.248057e-02
1.248057e-02
1.248057e-02
1.248057e-02
1.248057e-02
1.248057e-02
1.248057e-02
1.248057e-02
