0.000000e+00
1.110371e-07
2.250671e-07
3.420900e-07
4.621058e-07
5.851146e-07
7.111162e-07
8.401108e-07
9.720983e-07
1.107079e-06
1.245052e-06
1.386018e-06
1.529977e-06
1.676929e-06
1.826874e-06
1.979812e-06
2.135743e-06
2.294667e-06
2.456583e-06
2.621493e-06
2.789395e-06
2.960291e-06
3.134179e-06
3.311060e-06
3.490934e-06
3.673801e-06
3.859661e-06
4.048514e-06
4.240360e-06
4.435198e-06
4.633030e-06
4.833854e-06
5.037672e-06
5.244482e-06
5.454285e-06
5.667081e-06
5.882871e-06
6.101653e-06
6.323427e-06
6.548195e-06
6.775956e-06
7.006710e-06
7.240456e-06
7.477195e-06
7.716928e-06
7.959653e-06
8.205371e-06
8.454082e-06
8.705786e-06
8.960483e-06
9.218173e-06
9.478856e-06
9.742532e-06
1.000920e-05
1.027886e-05
1.055152e-05
1.082716e-05
1.110580e-05
1.138744e-05
1.167206e-05
1.195968e-05
1.225029e-05
1.254390e-05
1.284050e-05
1.314009e-05
1.344267e-05
1.374825e-05
1.405682e-05
1.436838e-05
1.468293e-05
1.500048e-05
1.532102e-05
1.564456e-05
1.597108e-05
1.630060e-05
1.663312e-05
1.696862e-05
1.730712e-05
1.764861e-05
1.799310e-05
1.834057e-05
1.869104e-05
1.904451e-05
1.940096e-05
1.976041e-05
2.012285e-05
2.048829e-05
2.085672e-05
2.122814e-05
2.160255e-05
2.197996e-05
2.236036e-05
2.274375e-05
2.313013e-05
2.351951e-05
2.391188e-05
2.430725e-05
2.470560e-05
2.510695e-05
2.551129e-05
2.591863e-05
2.632896e-05
2.674228e-05
2.715859e-05
2.757790e-05
2.800020e-05
2.842549e-05
2.885378e-05
2.928506e-05
2.971933e-05
3.015660e-05
3.059685e-05
3.104010e-05
3.148635e-05
3.193558e-05
3.238781e-05
3.284303e-05
3.330125e-05
3.376246e-05
3.422666e-05
3.469385e-05
3.516404e-05
3.563722e-05
3.611339e-05
3.659256e-05
3.707471e-05
3.755987e-05
3.804801e-05
3.853915e-05
3.903328e-05
3.953040e-05
4.003052e-05
4.053362e-05
4.103973e-05
4.154882e-05
4.206091e-05
4.257599e-05
4.309406e-05
4.361513e-05
4.413919e-05
4.466624e-05
4.519628e-05
4.572932e-05
4.626535e-05
4.680438e-05
4.734639e-05
4.789140e-05
4.843941e-05
4.899040e-05
4.954439e-05
5.010137e-05
5.066134e-05
5.122431e-05
5.179027e-05
5.235922e-05
5.293117e-05
5.350611e-05
5.408404e-05
5.466496e-05
5.524888e-05
5.583579e-05
5.642570e-05
5.701859e-05
5.761448e-05
5.821336e-05
5.881524e-05
5.942011e-05
6.002797e-05
6.063882e-05
6.125267e-05
6.186951e-05
6.248934e-05
6.311216e-05
6.373798e-05
6.436679e-05
6.499860e-05
6.563339e-05
6.627118e-05
6.691197e-05
6.755574e-05
6.820251e-05
6.885227e-05
6.950503e-05
7.016077e-05
7.081951e-05
7.148125e-05
7.214597e-05
7.281369e-05
7.348440e-05
7.415811e-05
7.483481e-05
7.551450e-05
7.619718e-05
7.688286e-05
7.757153e-05
7.826319e-05
7.895784e-05
7.965549e-05
8.035613e-05
8.105977e-05
8.176639e-05
8.247601e-05
8.318863e-05
8.390423e-05
8.462283e-05
8.534442e-05
8.606901e-05
8.679658e-05
8.752715e-05
8.826072e-05
8.899727e-05
8.973682e-05
9.047936e-05
9.122490e-05
9.197343e-05
9.272495e-05
9.347946e-05
9.423697e-05
9.499747e-05
9.576096e-05
9.652744e-05
9.729692e-05
9.806939e-05
9.884486e-05
9.962331e-05
1.004048e-04
1.011892e-04
1.019766e-04
1.027671e-04
1.035605e-04
1.043569e-04
1.051563e-04
1.059587e-04
1.067641e-04
1.075725e-04
1.083839e-04
1.091982e-04
1.100156e-04
1.108360e-04
1.116593e-04
1.124857e-04
1.133150e-04
1.141473e-04
1.149826e-04
1.158210e-04
1.166623e-04
1.175066e-04
1.183539e-04
1.192041e-04
1.200574e-04
1.209137e-04
1.217730e-04
1.226352e-04
1.235005e-04
1.243687e-04
1.252400e-04
1.261142e-04
1.269914e-04
1.278716e-04
1.287548e-04
1.296410e-04
1.305302e-04
1.314224e-04
1.323176e-04
1.332158e-04
1.341169e-04
1.350211e-04
1.359282e-04
1.368384e-04
1.377515e-04
1.386677e-04
1.395868e-04
1.405089e-04
1.414340e-04
1.423621e-04
1.432932e-04
1.442273e-04
1.451644e-04
1.461045e-04
1.470475e-04
1.479936e-04
1.489426e-04
1.498947e-04
1.508497e-04
1.518077e-04
1.527688e-04
1.537328e-04
1.546998e-04
1.556698e-04
1.566428e-04
1.576188e-04
1.585978e-04
1.595797e-04
1.605647e-04
1.615527e-04
1.625436e-04
1.635376e-04
1.645345e-04
1.655344e-04
1.665374e-04
1.675433e-04
1.685522e-04
1.695641e-04
1.705790e-04
1.715969e-04
1.726178e-04
1.736417e-04
1.746685e-04
1.756984e-04
1.767312e-04
1.777671e-04
1.788059e-04
1.798478e-04
1.808926e-04
1.819404e-04
1.829912e-04
1.840450e-04
1.851018e-04
1.861616e-04
1.872244e-04
1.882902e-04
1.893589e-04
1.904307e-04
1.915055e-04
1.925832e-04
1.936639e-04
1.947477e-04
1.958344e-04
1.969241e-04
1.980168e-04
1.991125e-04
2.002112e-04
2.013129e-04
2.024176e-04
2.035253e-04
2.046360e-04
2.057496e-04
2.068663e-04
2.079859e-04
2.091086e-04
2.102342e-04
2.113628e-04
2.124945e-04
2.136291e-04
2.147667e-04
2.159073e-04
2.170509e-04
2.181975e-04
2.193470e-04
2.204996e-04
2.216552e-04
2.228137e-04
2.239753e-04
2.251398e-04
2.263073e-04
2.274779e-04
2.286514e-04
2.298279e-04
2.310074e-04
2.321899e-04
2.333754e-04
2.345639e-04
2.357554e-04
2.369499e-04
2.381473e-04
2.393478e-04
2.405512e-04
2.417577e-04
2.429671e-04
2.441795e-04
2.453950e-04
2.466134e-04
2.478348e-04
2.490592e-04
2.502866e-04
2.515170e-04
2.527503e-04
2.539867e-04
2.552261e-04
2.564684e-04
2.577138e-04
2.589621e-04
2.602135e-04
2.614678e-04
2.627251e-04
2.639854e-04
2.652487e-04
2.665150e-04
2.677843e-04
2.690566e-04
2.703319e-04
2.716102e-04
2.728914e-04
2.741757e-04
2.754630e-04
2.767532e-04
2.780464e-04
2.793427e-04
2.806419e-04
2.819441e-04
2.832493e-04
2.845575e-04
2.858687e-04
2.871829e-04
2.885001e-04
2.898203e-04
2.911434e-04
2.924696e-04
2.937987e-04
2.951309e-04
2.964660e-04
2.978042e-04
2.991453e-04
3.004894e-04
3.018365e-04
3.031866e-04
3.045397e-04
3.058958e-04
3.072549e-04
3.086170e-04
3.099820e-04
3.113501e-04
3.127211e-04
3.140952e-04
3.154722e-04
3.168523e-04
3.182353e-04
3.196213e-04
3.210103e-04
3.224023e-04
3.237973e-04
3.251953e-04
3.265963e-04
3.280003e-04
3.294072e-04
3.308172e-04
3.322301e-04
3.336461e-04
3.350650e-04
3.364870e-04
3.379119e-04
3.393398e-04
3.407707e-04
3.422046e-04
3.436415e-04
3.450814e-04
3.465243e-04
3.479702e-04
3.494190e-04
3.508709e-04
3.523258e-04
3.537836e-04
3.552445e-04
3.567083e-04
3.581751e-04
3.596449e-04
3.611177e-04
3.625936e-04
3.640723e-04
3.655541e-04
3.670389e-04
3.685267e-04
3.700175e-04
3.715112e-04
3.730080e-04
3.745077e-04
3.760105e-04
3.775162e-04
3.790249e-04
3.805367e-04
3.820514e-04
3.835691e-04
3.850898e-04
3.866135e-04
3.881402e-04
3.896698e-04
3.912025e-04
3.927382e-04
3.942768e-04
3.958185e-04
3.973631e-04
3.989108e-04
4.004614e-04
4.020150e-04
4.035716e-04
4.051312e-04
4.066938e-04
4.082594e-04
4.098280e-04
4.113996e-04
4.129742e-04
4.145517e-04
4.161323e-04
4.177158e-04
4.193024e-04
4.208919e-04
4.224844e-04
4.240800e-04
4.256785e-04
4.272800e-04
4.288845e-04
4.304920e-04
4.321025e-04
4.337159e-04
4.353324e-04
4.369519e-04
4.385743e-04
4.401998e-04
4.418282e-04
4.434597e-04
4.450941e-04
4.467315e-04
4.483719e-04
4.500154e-04
4.516618e-04
4.533111e-04
4.549635e-04
4.566189e-04
4.582773e-04
4.599387e-04
4.616030e-04
4.632704e-04
4.649407e-04
4.666141e-04
4.682904e-04
4.699697e-04
4.716520e-04
4.733373e-04
4.750256e-04
4.767169e-04
4.784112e-04
4.801085e-04
4.818088e-04
4.835120e-04
4.852183e-04
4.869276e-04
4.886398e-04
4.903550e-04
4.920733e-04
4.937945e-04
4.955187e-04
4.972459e-04
4.989761e-04
5.007093e-04
5.024455e-04
5.041847e-04
5.059269e-04
5.076720e-04
5.094202e-04
5.111713e-04
5.129255e-04
5.146826e-04
5.164428e-04
5.182059e-04
5.199720e-04
5.217411e-04
5.235132e-04
5.252883e-04
5.270664e-04
5.288475e-04
5.306316e-04
5.324186e-04
5.342087e-04
5.360018e-04
5.377978e-04
5.395968e-04
5.413989e-04
5.432039e-04
5.450119e-04
5.468229e-04
5.486369e-04
5.504539e-04
5.522739e-04
5.540969e-04
5.559229e-04
5.577519e-04
5.595838e-04
5.614188e-04
5.632567e-04
5.650977e-04
5.669416e-04
5.687885e-04
5.706384e-04
5.724914e-04
5.743473e-04
5.762062e-04
5.780681e-04
5.799329e-04
5.818008e-04
5.836717e-04
5.855455e-04
5.874224e-04
5.893023e-04
5.911851e-04
5.930709e-04
5.949598e-04
5.968516e-04
5.987464e-04
6.006442e-04
6.025450e-04
6.044488e-04
6.063556e-04
6.082653e-04
6.101781e-04
6.120939e-04
6.140126e-04
6.159344e-04
6.178591e-04
6.197869e-04
6.217176e-04
6.236513e-04
6.255880e-04
6.275277e-04
6.294704e-04
6.314161e-04
6.333648e-04
6.353165e-04
6.372712e-04
6.392288e-04
6.411895e-04
6.431531e-04
6.451198e-04
6.470894e-04
6.490621e-04
6.510377e-04
6.530163e-04
6.549979e-04
6.569825e-04
6.589701e-04
6.609607e-04
6.629543e-04
6.649508e-04
6.669504e-04
6.689530e-04
6.709585e-04
6.729670e-04
6.749786e-04
6.769931e-04
6.790106e-04
6.810312e-04
6.830547e-04
6.850812e-04
6.871107e-04
6.891431e-04
6.911786e-04
6.932171e-04
6.952586e-04
6.973030e-04
6.993505e-04
7.014009e-04
7.034544e-04
7.055108e-04
7.075702e-04
7.096326e-04
7.116980e-04
7.137664e-04
7.158378e-04
7.179122e-04
7.199896e-04
7.220700e-04
7.241533e-04
7.262397e-04
7.283291e-04
7.304214e-04
7.325167e-04
7.346151e-04
7.367164e-04
7.388207e-04
7.409280e-04
7.430383e-04
7.451516e-04
7.472679e-04
7.493872e-04
7.515095e-04
7.536347e-04
7.557630e-04
7.578943e-04
7.600285e-04
7.621657e-04
7.643060e-04
7.664492e-04
7.685954e-04
7.707446e-04
7.728968e-04
7.750520e-04
7.772102e-04
7.793714e-04
7.815356e-04
7.837027e-04
7.858729e-04
7.880461e-04
7.902222e-04
7.924014e-04
7.945835e-04
7.967686e-04
7.989567e-04
8.011478e-04
8.033419e-04
8.055390e-04
8.077391e-04
8.099422e-04
8.121483e-04
8.143574e-04
8.165694e-04
8.187845e-04
8.210025e-04
8.232236e-04
8.254476e-04
8.276746e-04
8.299047e-04
8.321377e-04
8.343737e-04
8.366127e-04
8.388547e-04
8.410996e-04
8.433476e-04
8.455986e-04
8.478526e-04
8.501095e-04
8.523695e-04
8.546324e-04
8.568983e-04
8.591673e-04
8.614392e-04
8.637141e-04
8.659920e-04
8.682729e-04
8.705568e-04
8.728437e-04
8.751336e-04
8.774264e-04
8.797223e-04
8.820212e-04
8.843230e-04
8.866278e-04
8.889357e-04
8.912465e-04
8.935603e-04
8.958771e-04
8.981969e-04
9.005197e-04
9.028455e-04
9.051743e-04
9.075061e-04
9.098409e-04
9.121786e-04
9.145194e-04
9.168632e-04
9.192099e-04
9.215596e-04
9.239124e-04
9.262681e-04
9.286268e-04
9.309885e-04
9.333532e-04
9.357209e-04
9.380916e-04
9.404653e-04
9.428419e-04
9.452216e-04
9.476043e-04
9.499899e-04
9.523786e-04
9.547702e-04
9.571648e-04
9.595624e-04
9.619631e-04
9.643667e-04
9.667733e-04
9.691829e-04
9.715955e-04
9.740110e-04
9.764296e-04
9.788512e-04
9.812757e-04
9.837033e-04
9.861338e-04
9.885674e-04
9.910039e-04
9.934434e-04
9.958859e-04
9.983315e-04
1.000780e-03
1.003231e-03
1.005686e-03
1.008143e-03
1.010604e-03
1.013067e-03
1.015534e-03
1.018003e-03
1.020476e-03
1.022951e-03
1.025430e-03
1.027911e-03
1.030395e-03
1.032883e-03
1.035373e-03
1.037867e-03
1.040363e-03
1.042862e-03
1.045365e-03
1.047870e-03
1.050379e-03
1.052890e-03
1.055404e-03
1.057922e-03
1.060442e-03
1.062965e-03
1.065492e-03
1.068021e-03
1.070553e-03
1.073088e-03
1.075627e-03
1.078168e-03
1.080712e-03
1.083260e-03
1.085810e-03
1.088363e-03
1.090919e-03
1.093479e-03
1.096041e-03
1.098606e-03
1.101174e-03
1.103745e-03
1.106320e-03
1.108897e-03
1.111477e-03
1.114060e-03
1.116646e-03
1.119236e-03
1.121828e-03
1.124423e-03
1.127021e-03
1.129622e-03
1.132226e-03
1.134833e-03
1.137444e-03
1.140057e-03
1.142673e-03
1.145292e-03
1.147914e-03
1.150539e-03
1.153167e-03
1.155798e-03
1.158432e-03
1.161069e-03
1.163709e-03
1.166352e-03
1.168998e-03
1.171647e-03
1.174299e-03
1.176955e-03
1.179613e-03
1.182274e-03
1.184938e-03
1.187604e-03
1.190274e-03
1.192947e-03
1.195623e-03
1.198302e-03
1.200984e-03
1.203669e-03
1.206357e-03
1.209048e-03
1.211742e-03
1.214439e-03
1.217139e-03
1.219842e-03
1.222548e-03
1.225257e-03
1.227968e-03
1.230683e-03
1.233401e-03
1.236122e-03
1.238846e-03
1.241573e-03
1.244303e-03
1.247035e-03
1.249771e-03
1.252510e-03
1.255252e-03
1.257997e-03
1.260744e-03
1.263495e-03
1.266249e-03
1.269006e-03
1.271766e-03
1.274528e-03
1.277294e-03
1.280063e-03
1.282835e-03
1.285609e-03
1.288387e-03
1.291168e-03
1.293951e-03
1.296738e-03
1.299528e-03
1.302320e-03
1.305116e-03
1.307915e-03
1.310716e-03
1.313521e-03
1.316329e-03
1.319139e-03
1.321953e-03
1.324770e-03
1.327589e-03
1.330412e-03
1.333238e-03
1.336066e-03
1.338898e-03
1.341732e-03
1.344570e-03
1.347411e-03
1.350254e-03
1.353101e-03
1.355950e-03
1.358803e-03
1.361658e-03
1.364517e-03
1.367378e-03
1.370243e-03
1.373110e-03
1.375981e-03
1.378854e-03
1.381731e-03
1.384610e-03
1.387493e-03
1.390378e-03
1.393267e-03
1.396158e-03
1.399053e-03
1.401950e-03
1.404850e-03
1.407754e-03
1.410660e-03
1.413570e-03
1.416482e-03
1.419398e-03
1.422316e-03
1.425237e-03
1.428162e-03
1.431089e-03
1.434019e-03
1.436953e-03
1.439889e-03
1.442828e-03
1.445771e-03
1.448716e-03
1.451664e-03
1.454616e-03
1.457570e-03
1.460527e-03
1.463488e-03
1.466451e-03
1.469417e-03
1.472386e-03
1.475359e-03
1.478334e-03
1.481312e-03
1.484293e-03
1.487278e-03
1.490265e-03
1.493255e-03
1.496248e-03
1.499245e-03
1.502244e-03
1.505246e-03
1.508251e-03
1.511259e-03
1.514271e-03
1.517285e-03
1.520302e-03
1.523322e-03
1.526345e-03
1.529371e-03
1.532400e-03
1.535433e-03
1.538468e-03
1.541506e-03
1.544547e-03
1.547591e-03
1.550638e-03
1.553688e-03
1.556741e-03
1.559797e-03
1.562856e-03
1.565918e-03
1.568983e-03
1.572051e-03
1.575122e-03
1.578196e-03
1.581273e-03
1.584353e-03
1.587436e-03
1.590522e-03
1.593611e-03
1.596703e-03
1.599798e-03
1.602896e-03
1.605997e-03
1.609101e-03
1.612208e-03
1.615318e-03
1.618431e-03
1.621547e-03
1.624666e-03
1.627788e-03
1.630913e-03
1.634041e-03
1.637172e-03
1.640305e-03
1.643442e-03
1.646582e-03
1.649725e-03
1.652871e-03
1.656020e-03
1.659172e-03
1.662326e-03
1.665484e-03
1.668645e-03
1.671809e-03
1.674976e-03
1.678145e-03
1.681318e-03
1.684494e-03
1.687673e-03
1.690854e-03
1.694039e-03
1.697227e-03
1.700418e-03
1.703611e-03
1.706808e-03
1.710008e-03
1.713211e-03
1.716416e-03
1.719625e-03
1.722837e-03
1.726051e-03
1.729269e-03
1.732490e-03
1.735713e-03
1.738940e-03
1.742170e-03
1.745402e-03
1.748638e-03
1.751877e-03
1.755118e-03
1.758363e-03
1.761611e-03
1.764861e-03
1.768115e-03
1.771371e-03
1.774631e-03
1.777894e-03
1.781159e-03
1.784428e-03
1.787699e-03
1.790974e-03
1.794251e-03
1.797532e-03
1.800815e-03
1.804102e-03
1.807391e-03
1.810684e-03
1.813979e-03
1.817278e-03
1.820579e-03
1.823884e-03
1.827191e-03
1.830502e-03
1.833815e-03
1.837132e-03
1.840451e-03
1.843774e-03
1.847099e-03
1.850427e-03
1.853759e-03
1.857093e-03
1.860431e-03
1.863771e-03
1.867114e-03
1.870461e-03
1.873810e-03
1.877162e-03
1.880518e-03
1.883876e-03
1.887237e-03
1.890602e-03
1.893969e-03
1.897339e-03
1.900713e-03
1.904089e-03
1.907468e-03
1.910851e-03
1.914236e-03
1.917624e-03
1.921016e-03
1.924410e-03
1.927807e-03
1.931207e-03
1.934611e-03
1.938017e-03
1.941426e-03
1.944838e-03
1.948253e-03
1.951672e-03
1.955093e-03
1.958517e-03
1.961944e-03
1.965374e-03
1.968808e-03
1.972244e-03
1.975683e-03
1.979125e-03
1.982570e-03
1.986018e-03
1.989469e-03
1.992924e-03
1.996381e-03
1.999841e-03
2.003304e-03
2.006770e-03
2.010239e-03
2.013711e-03
2.017186e-03
2.020664e-03
2.024145e-03
2.027629e-03
2.031116e-03
2.034606e-03
2.038099e-03
2.041596e-03
2.045095e-03
2.048597e-03
2.052102e-03
2.055610e-03
2.059121e-03
2.062634e-03
2.066151e-03
2.069671e-03
2.073194e-03
2.076720e-03
2.080249e-03
2.083781e-03
2.087316e-03
2.090854e-03
2.094395e-03
2.097939e-03
2.101486e-03
2.105036e-03
2.108589e-03
2.112144e-03
2.115703e-03
2.119265e-03
2.122830e-03
2.126398e-03
2.129969e-03
2.133543e-03
2.137119e-03
2.140699e-03
2.144282e-03
2.147868e-03
2.151457e-03
2.155048e-03
2.158643e-03
2.162241e-03
2.165842e-03
2.169446e-03
2.173052e-03
2.176662e-03
2.180275e-03
2.183891e-03
2.187509e-03
2.191131e-03
2.194756e-03
2.198383e-03
2.202014e-03
2.205648e-03
2.209285e-03
2.212924e-03
2.216567e-03
2.220213e-03
2.223861e-03
2.227513e-03
2.231168e-03
2.234825e-03
2.238486e-03
2.242149e-03
2.245816e-03
2.249486e-03
2.253158e-03
2.256834e-03
2.260512e-03
2.264194e-03
2.267879e-03
2.271566e-03
2.275257e-03
2.278950e-03
2.282647e-03
2.286346e-03
2.290049e-03
2.293754e-03
2.297463e-03
2.301174e-03
2.304889e-03
2.308606e-03
2.312327e-03
2.316050e-03
2.319777e-03
2.323506e-03
2.327239e-03
2.330974e-03
2.334713e-03
2.338454e-03
2.342199e-03
2.345946e-03
2.349696e-03
2.353450e-03
2.357206e-03
2.360966e-03
2.364728e-03
2.368493e-03
2.372262e-03
2.376033e-03
2.379808e-03
2.383585e-03
2.387365e-03
2.391149e-03
2.394935e-03
2.398724e-03
2.402517e-03
2.406312e-03
2.410110e-03
2.413912e-03
2.417716e-03
2.421523e-03
2.425333e-03
2.429147e-03
2.432963e-03
2.436782e-03
2.440604e-03
2.444430e-03
2.448258e-03
2.452089e-03
2.455923e-03
2.459761e-03
2.463601e-03
2.467444e-03
2.471290e-03
2.475139e-03
2.478992e-03
2.482847e-03
2.486705e-03
2.490566e-03
2.494430e-03
2.498297e-03
2.502167e-03
2.506041e-03
2.509917e-03
2.513796e-03
2.517678e-03
2.521563e-03
2.525451e-03
2.529342e-03
2.533236e-03
2.537133e-03
2.541033e-03
2.544936e-03
2.548843e-03
2.552752e-03
2.556664e-03
2.560579e-03
2.564497e-03
2.568418e-03
2.572342e-03
2.576269e-03
2.580199e-03
2.584132e-03
2.588068e-03
2.592007e-03
2.595949e-03
2.599894e-03
2.603842e-03
2.607792e-03
2.611746e-03
2.615703e-03
2.619663e-03
2.623626e-03
2.627592e-03
2.631561e-03
2.635533e-03
2.639508e-03
2.643486e-03
2.647467e-03
2.651450e-03
2.655437e-03
2.659427e-03
2.663420e-03
2.667416e-03
2.671415e-03
2.675416e-03
2.679421e-03
2.683429e-03
2.687440e-03
2.691454e-03
2.695470e-03
2.699490e-03
2.703513e-03
2.707539e-03
2.711568e-03
2.715599e-03
2.719634e-03
2.723672e-03
2.727713e-03
2.731756e-03
2.735803e-03
2.739853e-03
2.743905e-03
2.747961e-03
2.752020e-03
2.756081e-03
2.760146e-03
2.764214e-03
2.768284e-03
2.772358e-03
2.776435e-03
2.780514e-03
2.784597e-03
2.788683e-03
2.792771e-03
2.796863e-03
2.800957e-03
2.805055e-03
2.809156e-03
2.813259e-03
2.817366e-03
2.821475e-03
2.825588e-03
2.829704e-03
2.833822e-03
2.837944e-03
2.842068e-03
2.846196e-03
2.850326e-03
2.854460e-03
2.858596e-03
2.862736e-03
2.866878e-03
2.871024e-03
2.875172e-03
2.879324e-03
2.883478e-03
2.887636e-03
2.891796e-03
2.895959e-03
2.900126e-03
2.904295e-03
2.908468e-03
2.912643e-03
2.916822e-03
2.921003e-03
2.925187e-03
2.929375e-03
2.933565e-03
2.937758e-03
2.941955e-03
2.946154e-03
2.950357e-03
2.954562e-03
2.958770e-03
2.962982e-03
2.967196e-03
2.971413e-03
2.975633e-03
2.979857e-03
2.984083e-03
2.988312e-03
2.992545e-03
2.996780e-03
3.001018e-03
3.005259e-03
3.009504e-03
3.013751e-03
3.018001e-03
3.022254e-03
3.026511e-03
3.030770e-03
3.035032e-03
3.039297e-03
3.043565e-03
3.047837e-03
3.052111e-03
3.056388e-03
3.060668e-03
3.064951e-03
3.069237e-03
3.073527e-03
3.077819e-03
3.082114e-03
3.086412e-03
3.090713e-03
3.095017e-03
3.099324e-03
3.103634e-03
3.107948e-03
3.112264e-03
3.116583e-03
3.120905e-03
3.125230e-03
3.129558e-03
3.133889e-03
3.138223e-03
3.142560e-03
3.146900e-03
3.151243e-03
3.155589e-03
3.159938e-03
3.164290e-03
3.168645e-03
3.173003e-03
3.177364e-03
3.181728e-03
3.186095e-03
3.190465e-03
3.194838e-03
3.199214e-03
3.203593e-03
3.207975e-03
3.212359e-03
3.216747e-03
3.221138e-03
3.225532e-03
3.229929e-03
3.234329e-03
3.238732e-03
3.243138e-03
3.247547e-03
3.251958e-03
3.256373e-03
3.260791e-03
3.265212e-03
3.269636e-03
3.274063e-03
3.278492e-03
3.282925e-03
3.287361e-03
3.291800e-03
3.296242e-03
3.300686e-03
3.305134e-03
3.309585e-03
3.314039e-03
3.318495e-03
3.322955e-03
3.327418e-03
3.331884e-03
3.336352e-03
3.340824e-03
3.345299e-03
3.349776e-03
3.354257e-03
3.358741e-03
3.363227e-03
3.367717e-03
3.372210e-03
3.376705e-03
3.381204e-03
3.385706e-03
3.390210e-03
3.394718e-03
3.399229e-03
3.403742e-03
3.408259e-03
3.412778e-03
3.417301e-03
3.421827e-03
3.426355e-03
3.430887e-03
3.435421e-03
3.439959e-03
3.444499e-03
3.449043e-03
3.453589e-03
3.458139e-03
3.462692e-03
3.467247e-03
3.471806e-03
3.476367e-03
3.480932e-03
3.485499e-03
3.490070e-03
3.494643e-03
3.499219e-03
3.503799e-03
3.508381e-03
3.512967e-03
3.517555e-03
3.522147e-03
3.526741e-03
3.530674e-03
3.534591e-03
3.538494e-03
3.542382e-03
3.546255e-03
3.550113e-03
3.553956e-03
3.557785e-03
3.561598e-03
3.565396e-03
3.569180e-03
3.572948e-03
3.576702e-03
3.580440e-03
3.584164e-03
3.587873e-03
3.591567e-03
3.595246e-03
3.598910e-03
3.602559e-03
3.606193e-03
3.609812e-03
3.613416e-03
3.617006e-03
3.620580e-03
3.624140e-03
3.627684e-03
3.631214e-03
3.634729e-03
3.638229e-03
3.641714e-03
3.645184e-03
3.648639e-03
3.652079e-03
3.655504e-03
3.658914e-03
3.662310e-03
3.665690e-03
3.669056e-03
3.672406e-03
3.675742e-03
3.679063e-03
3.682369e-03
3.685660e-03
3.688936e-03
3.692197e-03
3.695443e-03
3.698674e-03
3.701890e-03
3.705092e-03
3.708278e-03
3.711450e-03
3.714606e-03
3.717748e-03
3.720874e-03
3.723986e-03
3.727083e-03
3.730165e-03
3.733232e-03
3.736284e-03
3.739321e-03
3.742344e-03
3.745351e-03
3.748343e-03
3.751321e-03
3.754283e-03
3.757231e-03
3.760164e-03
3.763082e-03
3.765984e-03
3.768872e-03
3.771745e-03
3.774603e-03
3.777447e-03
3.780275e-03
3.783088e-03
3.785887e-03
3.788670e-03
3.791439e-03
3.794192e-03
3.796931e-03
3.799655e-03
3.802363e-03
3.805057e-03
3.807736e-03
3.810400e-03
3.813049e-03
3.815684e-03
3.818303e-03
3.820907e-03
3.823497e-03
3.826071e-03
3.828631e-03
3.831176e-03
3.833705e-03
3.836220e-03
3.838720e-03
3.841205e-03
3.843675e-03
3.846130e-03
3.848570e-03
3.850996e-03
3.853406e-03
3.855801e-03
3.858182e-03
3.860547e-03
3.862898e-03
3.865234e-03
3.867554e-03
3.869860e-03
3.872151e-03
3.874427e-03
3.876688e-03
3.878935e-03
3.881166e-03
3.883382e-03
3.885584e-03
3.887770e-03
3.889942e-03
3.892098e-03
3.894240e-03
3.896367e-03
3.898478e-03
3.900575e-03
3.902657e-03
3.904724e-03
3.906777e-03
3.908814e-03
3.910836e-03
3.912843e-03
3.914836e-03
3.916813e-03
3.918776e-03
3.920724e-03
3.922656e-03
3.924574e-03
3.926477e-03
3.928365e-03
3.930238e-03
3.932096e-03
3.933939e-03
3.935768e-03
3.937581e-03
3.939379e-03
3.941163e-03
3.942932e-03
3.944685e-03
3.946424e-03
3.948148e-03
3.949857e-03
3.951551e-03
3.953230e-03
3.954894e-03
3.956543e-03
3.958177e-03
3.959796e-03
3.961401e-03
3.962990e-03
3.964565e-03
3.966124e-03
3.967669e-03
3.969199e-03
3.970714e-03
3.972214e-03
3.973699e-03
3.975169e-03
3.976624e-03
3.978064e-03
3.979489e-03
3.980900e-03
3.982295e-03
3.983676e-03
3.985041e-03
3.986392e-03
3.987728e-03
3.989049e-03
3.990355e-03
3.991646e-03
3.992922e-03
3.994183e-03
3.995429e-03
3.996660e-03
3.997877e-03
3.999078e-03
4.000265e-03
4.001436e-03
4.002593e-03
4.003735e-03
4.004861e-03
4.005973e-03
4.007070e-03
4.008152e-03
4.009219e-03
4.010271e-03
4.011309e-03
4.012331e-03
4.013338e-03
4.014331e-03
4.015309e-03
4.016271e-03
4.017219e-03
4.018152e-03
4.019069e-03
4.019972e-03
4.020860e-03
4.021734e-03
4.022592e-03
4.023435e-03
4.024263e-03
4.025077e-03
4.025875e-03
4.026659e-03
4.027427e-03
4.028181e-03
4.028920e-03
4.029644e-03
4.030352e-03
4.031046e-03
4.031725e-03
4.032390e-03
4.033039e-03
4.033673e-03
4.034292e-03
4.034897e-03
4.035486e-03
4.036061e-03
4.036621e-03
4.037165e-03
4.037695e-03
4.038210e-03
4.038710e-03
4.039195e-03
4.039665e-03
4.040120e-03
4.040561e-03
4.040986e-03
4.041396e-03
4.041792e-03
4.042173e-03
4.042538e-03
4.042889e-03
4.043225e-03
4.043546e-03
4.043851e-03
4.044142e-03
4.044419e-03
4.044680e-03
4.044926e-03
4.045157e-03
4.045374e-03
4.045575e-03
4.045762e-03
4.045933e-03
4.046090e-03
4.046232e-03
4.046359e-03
4.046471e-03
4.046568e-03
4.046650e-03
4.046717e-03
4.046769e-03
4.046806e-03
4.046829e-03
4.046836e-03
4.046829e-03
4.046806e-03
4.046769e-03
4.046717e-03
4.046649e-03
4.046567e-03
4.046470e-03
4.046358e-03
4.046232e-03
4.046090e-03
4.045933e-03
4.045761e-03
4.045575e-03
4.045373e-03
4.045157e-03
4.044925e-03
4.044679e-03
4.044418e-03
4.044142e-03
4.043851e-03
4.043545e-03
4.043224e-03
4.042888e-03
4.042537e-03
4.042172e-03
4.041791e-03
4.041396e-03
4.040985e-03
4.040560e-03
4.040119e-03
4.039664e-03
4.039194e-03
4.038709e-03
4.038209e-03
4.037694e-03
4.037164e-03
4.036842e-03
4.036842e-03
4.036842e-03
4.036842e-03
4.036842e-03
4.036842e-03
4.036842e-03
4.036842e-03
4.036842e-03
4.036842e-03
4.036842e-03
4.036842e-03
4.036842e-03
4.036842e-03
4.036842e-03
4.036842e-03
4.036842e-03
4.036842e-03
4.036842e-03
4.036842e-03
4.036842e-03
4.036842e-03
4.036842e-03
4.036842e-03
4.036842e-03
4.036842e-03
4.036842e-03
4.036842e-03
4.036842e-03
4.036842e-03
4.036842e-03
4.036842e-03
4.036842e-03
4.036842e-03
4.036842e-03
4.036842e-03
4.036842e-03
4.036842e-03
4.036842e-03
4.036842e-03
4.036842e-03
4.036842e-03
4.036842e-03
4.036842e-03
4.036842e-03
4.036842e-03
4.036842e-03
4.036842e-03
4.036842e-03
4.036842e-03
4.036842e-03
4.036842e-03
4.036842e-03
4.036842e-03
4.036842e-03
4.036842e-03
4.036842e-03
4.036842e-03
4.036842e-03
4.036842e-03
4.036842e-03
4.036842e-03
4.036842e-03
4.036842e-03
4.036842e-03
4.036842e-03
4.036842e-03
4.036842e-03
4.036842e-03
4.036842e-03
4.036842e-03
4.036842e-03
4.036842e-03
4.036842e-03
4.036842e-03
4.036842e-03
4.036842e-03
4.036842e-03
4.036842e-03
4.036842e-03
4.036842e-03
4.036842e-03
4.036842e-03
4.036842e-03
4.036842e-03
4.036842e-03
4.036842e-03
4.036842e-03
4.036842e-03
4.036842e-03
4.036842e-03
4.036842e-03
4.036842e-03
4.036842e-03
4.036842e-03
4.036842e-03
4.036842e-03
4.036842e-03
4.036842e-03
4.036842e-03
4.036842e-03
4.036842e-03
4.036842e-03
4.036842e-03
4.036842e-03
4.036842e-03
4.036842e-03
4.036842e-03
4.036842e-03
4.036842e-03
4.036842e-03
4.036842e-03
4.036842e-03
4.036842e-03
4.036842e-03
4.036842e-03
4.036842e-03
4.036842e-03
4.036842e-03
4.036842e-03
4.036842e-03
4.036842e-03
4.036842e-03
4.036842e-03
4.036842e-03
4.036842e-03
4.036842e-03
4.036842e-03
4.036842e-03
4.036842e-03
4.036842e-03
4.036842e-03
4.036842e-03
4.036842e-03
4.036842e-03
4.036842e-03
4.036842e-03
4.036842e-03
4.036842e-03
4.036842e-03
4.036842e-03
4.036842e-03
4.036842e-03
4.036842e-03
4.036842e-03
4.036842e-03
4.036842e-03
4.036842e-03
4.036842e-03
4.036842e-03
4.036842e-03
4.036842e-03
4.036842e-03
4.036842e-03
4.036842e-03
4.036842e-03
4.036842e-03
4.036842e-03
4.036842e-03
4.036842e-03
4.036842e-03
4.036842e-03
4.036842e-03
4.036842e-03
4.036842e-03
4.036842e-03
4.036842e-03
4.036842e-03
4.036842e-03
4.036842e-03
4.036842e-03
4.036842e-03
4.036842e-03
4.036842e-03
4.036842e-03
4.036842e-03
4.036842e-03
4.036842e-03
4.036842e-03
4.036842e-03
4.036842e-03
4.036842e-03
4.036842e-03
4.036842e-03
4.036842e-03
4.036842e-03
4.036842e-03
4.036842e-03
4.036842e-03
4.036842e-03
4.036842e-03
4.036842e-03
4.036842e-03
4.036842e-03
4.036842e-03
4.036842e-03
4.036842e-03
4.036842e-03
4.036842e-03
4.036842e-03
4.036842e-03
