0.000000e+00
1.110371e-07
2.250915e-07
3.421632e-07
4.622522e-07
5.853586e-07
7.114822e-07
8.406232e-07
9.727814e-07
1.107957e-06
1.246150e-06
1.387360e-06
1.531588e-06
1.678832e-06
1.829095e-06
1.982374e-06
2.138671e-06
2.297985e-06
2.460316e-06
2.625665e-06
2.794031e-06
2.965414e-06
3.139815e-06
3.317233e-06
3.497668e-06
3.681121e-06
3.867591e-06
4.057078e-06
4.249582e-06
4.445104e-06
4.643643e-06
4.845200e-06
5.049774e-06
5.257365e-06
5.467973e-06
5.681599e-06
5.898242e-06
6.117902e-06
6.340580e-06
6.566275e-06
6.794987e-06
7.026716e-06
7.261463e-06
7.499228e-06
7.740009e-06
7.983808e-06
8.230624e-06
8.480457e-06
8.733308e-06
8.989176e-06
9.248062e-06
9.509964e-06
9.774884e-06
1.004282e-05
1.031378e-05
1.058775e-05
1.086474e-05
1.114474e-05
1.142777e-05
1.171381e-05
1.200287e-05
1.229494e-05
1.259004e-05
1.288815e-05
1.318927e-05
1.349342e-05
1.380058e-05
1.411076e-05
1.442396e-05
1.474017e-05
1.505940e-05
1.538165e-05
1.570692e-05
1.603520e-05
1.636650e-05
1.670082e-05
1.703816e-05
1.737851e-05
1.772188e-05
1.806827e-05
1.841767e-05
1.877010e-05
1.912553e-05
1.948399e-05
1.984547e-05
2.020996e-05
2.057747e-05
2.094799e-05
2.132153e-05
2.169809e-05
2.207767e-05
2.246027e-05
2.284588e-05
2.323451e-05
2.362616e-05
2.402082e-05
2.441850e-05
2.481920e-05
2.522292e-05
2.562965e-05
2.603940e-05
2.645217e-05
2.686796e-05
2.728676e-05
2.770858e-05
2.813342e-05
2.856127e-05
2.899215e-05
2.942603e-05
2.986294e-05
3.030287e-05
3.074581e-05
3.119177e-05
3.164074e-05
3.209274e-05
3.254775e-05
3.300577e-05
3.346682e-05
3.393088e-05
3.439796e-05
3.486806e-05
3.534117e-05
3.581731e-05
3.629645e-05
3.677862e-05
3.726380e-05
3.775201e-05
3.824322e-05
3.873746e-05
3.923471e-05
3.973498e-05
4.023827e-05
4.074458e-05
4.125390e-05
4.176624e-05
4.228159e-05
4.279997e-05
4.332136e-05
4.384577e-05
4.437320e-05
4.490364e-05
4.543710e-05
4.597358e-05
4.651307e-05
4.705559e-05
4.760112e-05
4.814966e-05
4.870123e-05
4.925581e-05
4.981341e-05
5.037403e-05
5.093766e-05
5.150431e-05
5.207398e-05
5.264667e-05
5.322237e-05
5.380109e-05
5.438283e-05
5.496758e-05
5.555535e-05
5.614614e-05
5.673995e-05
5.733678e-05
5.793662e-05
5.853948e-05
5.914535e-05
5.975425e-05
6.036616e-05
6.098109e-05
6.159903e-05
6.221999e-05
6.284397e-05
6.347097e-05
6.410099e-05
6.473402e-05
6.537007e-05
6.600913e-05
6.665122e-05
6.729632e-05
6.794444e-05
6.859557e-05
6.924973e-05
6.990690e-05
7.056709e-05
7.123029e-05
7.189651e-05
7.256575e-05
7.323801e-05
7.391328e-05
7.459158e-05
7.527289e-05
7.595721e-05
7.664456e-05
7.733492e-05
7.802830e-05
7.872469e-05
7.942410e-05
8.012653e-05
8.083198e-05
8.154045e-05
8.225193e-05
8.296643e-05
8.368395e-05
8.440448e-05
8.512803e-05
8.585460e-05
8.658419e-05
8.731679e-05
8.805241e-05
8.879105e-05
8.953270e-05
9.027738e-05
9.102507e-05
9.177577e-05
9.252950e-05
9.328624e-05
9.404600e-05
9.480877e-05
9.557457e-05
9.634338e-05
9.711521e-05
9.789005e-05
9.866792e-05
9.944880e-05
1.002327e-04
1.010196e-04
1.018095e-04
1.026025e-04
1.033985e-04
1.041974e-04
1.049994e-04
1.058045e-04
1.066125e-04
1.074236e-04
1.082376e-04
1.090547e-04
1.098748e-04
1.106979e-04
1.115241e-04
1.123532e-04
1.131854e-04
1.140206e-04
1.148588e-04
1.157000e-04
1.165443e-04
1.173915e-04
1.182418e-04
1.190951e-04
1.199514e-04
1.208108e-04
1.216731e-04
1.225385e-04
1.234069e-04
1.242783e-04
1.251527e-04
1.260301e-04
1.269106e-04
1.277940e-04
1.286805e-04
1.295700e-04
1.304625e-04
1.313581e-04
1.322566e-04
1.331582e-04
1.340628e-04
1.349704e-04
1.358810e-04
1.367947e-04
1.377113e-04
1.386310e-04
1.395537e-04
1.404794e-04
1.414081e-04
1.423399e-04
1.432747e-04
1.442124e-04
1.451532e-04
1.460970e-04
1.470439e-04
1.479937e-04
1.489466e-04
1.499025e-04
1.508614e-04
1.518233e-04
1.527882e-04
1.537562e-04
1.547272e-04
1.557012e-04
1.566782e-04
1.576582e-04
1.586412e-04
1.596273e-04
1.606164e-04
1.616084e-04
1.626036e-04
1.636017e-04
1.646028e-04
1.656070e-04
1.666142e-04
1.676244e-04
1.686376e-04
1.696538e-04
1.706731e-04
1.716953e-04
1.727206e-04
1.737489e-04
1.747802e-04
1.758146e-04
1.768519e-04
1.778923e-04
1.789357e-04
1.799821e-04
1.810315e-04
1.820839e-04
1.831394e-04
1.841979e-04
1.852593e-04
1.863239e-04
1.873914e-04
1.884619e-04
1.895355e-04
1.906121e-04
1.916917e-04
1.927743e-04
1.938599e-04
1.949485e-04
1.960402e-04
1.971349e-04
1.982326e-04
1.993333e-04
2.004370e-04
2.015438e-04
2.026535e-04
2.037663e-04
2.048821e-04
2.060010e-04
2.071228e-04
2.082476e-04
2.093755e-04
2.105064e-04
2.116403e-04
2.127772e-04
2.139172e-04
2.150601e-04
2.162061e-04
2.173551e-04
2.185071e-04
2.196621e-04
2.208202e-04
2.219812e-04
2.231453e-04
2.243124e-04
2.254825e-04
2.266557e-04
2.278318e-04
2.290110e-04
2.301932e-04
2.313784e-04
2.325666e-04
2.337578e-04
2.349521e-04
2.361493e-04
2.373496e-04
2.385529e-04
2.397592e-04
2.409686e-04
2.421809e-04
2.433963e-04
2.446147e-04
2.458361e-04
2.470605e-04
2.482880e-04
2.495184e-04
2.507519e-04
2.519884e-04
2.532279e-04
2.544704e-04
2.557160e-04
2.569646e-04
2.582161e-04
2.594707e-04
2.607284e-04
2.619890e-04
2.632526e-04
2.645193e-04
2.657890e-04
2.670617e-04
2.683374e-04
2.696161e-04
2.708979e-04
2.721827e-04
2.734705e-04
2.747613e-04
2.760551e-04
2.773519e-04
2.786518e-04
2.799547e-04
2.812606e-04
2.825695e-04
2.838814e-04
2.851963e-04
2.865143e-04
2.878353e-04
2.891593e-04
2.904863e-04
2.918163e-04
2.931494e-04
2.944854e-04
2.958245e-04
2.971666e-04
2.985117e-04
2.998599e-04
3.012110e-04
3.025652e-04
3.039224e-04
3.052826e-04
3.066458e-04
3.080120e-04
3.093813e-04
3.107536e-04
3.121289e-04
3.135072e-04
3.148885e-04
3.162728e-04
3.176602e-04
3.190506e-04
3.204440e-04
3.218404e-04
3.232398e-04
3.246423e-04
3.260477e-04
3.274562e-04
3.288677e-04
3.302822e-04
3.316998e-04
3.331203e-04
3.345439e-04
3.359705e-04
3.374001e-04
3.388327e-04
3.402683e-04
3.417070e-04
3.431486e-04
3.445933e-04
3.460410e-04
3.474918e-04
3.489455e-04
3.504023e-04
3.518620e-04
3.533248e-04
3.547906e-04
3.562595e-04
3.577313e-04
3.592062e-04
3.606841e-04
3.621650e-04
3.636489e-04
3.651358e-04
3.666258e-04
3.681187e-04
3.696147e-04
3.711137e-04
3.726157e-04
3.741208e-04
3.756288e-04
3.771399e-04
3.786540e-04
3.801711e-04
3.816912e-04
3.832143e-04
3.847405e-04
3.862697e-04
3.878019e-04
3.893371e-04
3.908753e-04
3.924165e-04
3.939608e-04
3.955081e-04
3.970584e-04
3.986117e-04
4.001680e-04
4.017274e-04
4.032897e-04
4.048551e-04
4.064235e-04
4.079949e-04
4.095693e-04
4.111468e-04
4.127273e-04
4.143107e-04
4.158973e-04
4.174868e-04
4.190793e-04
4.206749e-04
4.222734e-04
4.238750e-04
4.254796e-04
4.270873e-04
4.286979e-04
4.303116e-04
4.319282e-04
4.335479e-04
4.351706e-04
4.367964e-04
4.384251e-04
4.400569e-04
4.416917e-04
4.433294e-04
4.449703e-04
4.466141e-04
4.482609e-04
4.499108e-04
4.515637e-04
4.532196e-04
4.548785e-04
4.565404e-04
4.582054e-04
4.598734e-04
4.615444e-04
4.632184e-04
4.648954e-04
4.665754e-04
4.682585e-04
4.699446e-04
4.716336e-04
4.733258e-04
4.750209e-04
4.767190e-04
4.784202e-04
4.801244e-04
4.818316e-04
4.835418e-04
4.852550e-04
4.869712e-04
4.886905e-04
4.904128e-04
4.921381e-04
4.938664e-04
4.955977e-04
4.973321e-04
4.990695e-04
5.008098e-04
5.025532e-04
5.042997e-04
5.060491e-04
5.078016e-04
5.095570e-04
5.113155e-04
5.130770e-04
5.148416e-04
5.166091e-04
5.183797e-04
5.201532e-04
5.219298e-04
5.237094e-04
5.254921e-04
5.272777e-04
5.290664e-04
5.308581e-04
5.326527e-04
5.344505e-04
5.362512e-04
5.380549e-04
5.398617e-04
5.416715e-04
5.434843e-04
5.453001e-04
5.471189e-04
5.489408e-04
5.507657e-04
5.525936e-04
5.544245e-04
5.562584e-04
5.580953e-04
5.599353e-04
5.617783e-04
5.636243e-04
5.654733e-04
5.673253e-04
5.691803e-04
5.710384e-04
5.728995e-04
5.747636e-04
5.766307e-04
5.785008e-04
5.803740e-04
5.822501e-04
5.841293e-04
5.860115e-04
5.878967e-04
5.897850e-04
5.916762e-04
5.935705e-04
5.954678e-04
5.973681e-04
5.992714e-04
6.011777e-04
6.030871e-04
6.049994e-04
6.069148e-04
6.088332e-04
6.107547e-04
6.126791e-04
6.146066e-04
6.165370e-04
6.184705e-04
6.204070e-04
6.223466e-04
6.242891e-04
6.262347e-04
6.281833e-04
6.301349e-04
6.320895e-04
6.340471e-04
6.360078e-04
6.379714e-04
6.399381e-04
6.419078e-04
6.438805e-04
6.458563e-04
6.478350e-04
6.498168e-04
6.518016e-04
6.537894e-04
6.557802e-04
6.577740e-04
6.597709e-04
6.617708e-04
6.637737e-04
6.657796e-04
6.677885e-04
6.698004e-04
6.718154e-04
6.738334e-04
6.758544e-04
6.778784e-04
6.799054e-04
6.819355e-04
6.839685e-04
6.860046e-04
6.880437e-04
6.900858e-04
6.921310e-04
6.941791e-04
6.962303e-04
6.982845e-04
7.003417e-04
7.024019e-04
7.044651e-04
7.065314e-04
7.086007e-04
7.106730e-04
7.127483e-04
7.148266e-04
7.169079e-04
7.189923e-04
7.210797e-04
7.231701e-04
7.252635e-04
7.273599e-04
7.294593e-04
7.315618e-04
7.336673e-04
7.357758e-04
7.378873e-04
7.400018e-04
7.421194e-04
7.442400e-04
7.463635e-04
7.484901e-04
7.506198e-04
7.527524e-04
7.548880e-04
7.570267e-04
7.591684e-04
7.613131e-04
7.634608e-04
7.656116e-04
7.677653e-04
7.699221e-04
7.720819e-04
7.742447e-04
7.764105e-04
7.785794e-04
7.807512e-04
7.829261e-04
7.851040e-04
7.872849e-04
7.894689e-04
7.916558e-04
7.938458e-04
7.960388e-04
7.982348e-04
8.004338e-04
8.026358e-04
8.048409e-04
8.070489e-04
8.092600e-04
8.114741e-04
8.136912e-04
8.159114e-04
8.181345e-04
8.203607e-04
8.225899e-04
8.248221e-04
8.270573e-04
8.292956e-04
8.315368e-04
8.337811e-04
8.360284e-04
8.382787e-04
8.405320e-04
8.427884e-04
8.450477e-04
8.473101e-04
8.495755e-04
8.518439e-04
8.541154e-04
8.563898e-04
8.586673e-04
8.609478e-04
8.632313e-04
8.655178e-04
8.678073e-04
8.700999e-04
8.723955e-04
8.746940e-04
8.769957e-04
8.793003e-04
8.816079e-04
8.839186e-04
8.862322e-04
8.885489e-04
8.908686e-04
8.931914e-04
8.955171e-04
8.978459e-04
9.001777e-04
9.025125e-04
9.048503e-04
9.071911e-04
9.095349e-04
9.118818e-04
9.142317e-04
9.165846e-04
9.189405e-04
9.212994e-04
9.236614e-04
9.260264e-04
9.283944e-04
9.307654e-04
9.331394e-04
9.355164e-04
9.378965e-04
9.402795e-04
9.426656e-04
9.450547e-04
9.474469e-04
9.498420e-04
9.522402e-04
9.546414e-04
9.570455e-04
9.594528e-04
9.618630e-04
9.642762e-04
9.666925e-04
9.691118e-04
9.715341e-04
9.739594e-04
9.763877e-04
9.788191e-04
9.812534e-04
9.836908e-04
9.861312e-04
9.885746e-04
9.910211e-04
9.934705e-04
9.959230e-04
9.983785e-04
1.000837e-03
1.003299e-03
1.005763e-03
1.008231e-03
1.010701e-03
1.013175e-03
1.015651e-03
1.018131e-03
1.020614e-03
1.023099e-03
1.025588e-03
1.028080e-03
1.030574e-03
1.033072e-03
1.035573e-03
1.038077e-03
1.040583e-03
1.043093e-03
1.045606e-03
1.048122e-03
1.050641e-03
1.053163e-03
1.055688e-03
1.058215e-03
1.060746e-03
1.063280e-03
1.065817e-03
1.068357e-03
1.070900e-03
1.073446e-03
1.075995e-03
1.078547e-03
1.081102e-03
1.083660e-03
1.086222e-03
1.088786e-03
1.091353e-03
1.093923e-03
1.096496e-03
1.099072e-03
1.101651e-03
1.104234e-03
1.106819e-03
1.109407e-03
1.111998e-03
1.114593e-03
1.117190e-03
1.119790e-03
1.122394e-03
1.125000e-03
1.127609e-03
1.130222e-03
1.132837e-03
1.135456e-03
1.138077e-03
1.140701e-03
1.143329e-03
1.145959e-03
1.148593e-03
1.151229e-03
1.153869e-03
1.156512e-03
1.159157e-03
1.161806e-03
1.164457e-03
1.167112e-03
1.169770e-03
1.172430e-03
1.175094e-03
1.177761e-03
1.180430e-03
1.183103e-03
1.185779e-03
1.188458e-03
1.191139e-03
1.193824e-03
1.196512e-03
1.199203e-03
1.201897e-03
1.204594e-03
1.207294e-03
1.209996e-03
1.212702e-03
1.215411e-03
1.218123e-03
1.220838e-03
1.223556e-03
1.226277e-03
1.229001e-03
1.231728e-03
1.234458e-03
1.237192e-03
1.239928e-03
1.242667e-03
1.245409e-03
1.248154e-03
1.250902e-03
1.253653e-03
1.256408e-03
1.259165e-03
1.261925e-03
1.264688e-03
1.267455e-03
1.270224e-03
1.272996e-03
1.275771e-03
1.278550e-03
1.281331e-03
1.284116e-03
1.286903e-03
1.289693e-03
1.292487e-03
1.295283e-03
1.298083e-03
1.300885e-03
1.303691e-03
1.306499e-03
1.309311e-03
1.312125e-03
1.314943e-03
1.317763e-03
1.320587e-03
1.323414e-03
1.326243e-03
1.329076e-03
1.331912e-03
1.334750e-03
1.337592e-03
1.340437e-03
1.343284e-03
1.346135e-03
1.348989e-03
1.351846e-03
1.354706e-03
1.357568e-03
1.360434e-03
1.363303e-03
1.366175e-03
1.369050e-03
1.371928e-03
1.374809e-03
1.377693e-03
1.380580e-03
1.383470e-03
1.386363e-03
1.389259e-03
1.392158e-03
1.395060e-03
1.397965e-03
1.400873e-03
1.403784e-03
1.406698e-03
1.409615e-03
1.412535e-03
1.415459e-03
1.418385e-03
1.421314e-03
1.424246e-03
1.427181e-03
1.430120e-03
1.433061e-03
1.436005e-03
1.438953e-03
1.441903e-03
1.444856e-03
1.447813e-03
1.450772e-03
1.453734e-03
1.456700e-03
1.459668e-03
1.462640e-03
1.465614e-03
1.468592e-03
1.471572e-03
1.474556e-03
1.477542e-03
1.480532e-03
1.483524e-03
1.486520e-03
1.489518e-03
1.492520e-03
1.495525e-03
1.498532e-03
1.501543e-03
1.504557e-03
1.507573e-03
1.510593e-03
1.513616e-03
1.516642e-03
1.519670e-03
1.522702e-03
1.525737e-03
1.528775e-03
1.531816e-03
1.534860e-03
1.537906e-03
1.540956e-03
1.544009e-03
1.547065e-03
1.550124e-03
1.553186e-03
1.556251e-03
1.559319e-03
1.562390e-03
1.565464e-03
1.568541e-03
1.571621e-03
1.574704e-03
1.577791e-03
1.580880e-03
1.583972e-03
1.587067e-03
1.590165e-03
1.593266e-03
1.596371e-03
1.599478e-03
1.602588e-03
1.605701e-03
1.608818e-03
1.611937e-03
1.615059e-03
1.618184e-03
1.621313e-03
1.624444e-03
1.627579e-03
1.630716e-03
1.633856e-03
1.637000e-03
1.640146e-03
1.643296e-03
1.646448e-03
1.649604e-03
1.652762e-03
1.655924e-03
1.659088e-03
1.662256e-03
1.665427e-03
1.668600e-03
1.671777e-03
1.674956e-03
1.678139e-03
1.681325e-03
1.684513e-03
1.687705e-03
1.690900e-03
1.694098e-03
1.697298e-03
1.700502e-03
1.703709e-03
1.706919e-03
1.710132e-03
1.713348e-03
1.716566e-03
1.719788e-03
1.723013e-03
1.726241e-03
1.729472e-03
1.732706e-03
1.735943e-03
1.739183e-03
1.742426e-03
1.745672e-03
1.748921e-03
1.752173e-03
1.755428e-03
1.758686e-03
1.761947e-03
1.765211e-03
1.768479e-03
1.771749e-03
1.775022e-03
1.778298e-03
1.781577e-03
1.784860e-03
1.788145e-03
1.791433e-03
1.794724e-03
1.798019e-03
1.801316e-03
1.804616e-03
1.807920e-03
1.811226e-03
1.814535e-03
1.817848e-03
1.821163e-03
1.824482e-03
1.827803e-03
1.831128e-03
1.834455e-03
1.837786e-03
1.841119e-03
1.844456e-03
1.847795e-03
1.851138e-03
1.854483e-03
1.857832e-03
1.861184e-03
1.864538e-03
1.867896e-03
1.871257e-03
1.874620e-03
1.877987e-03
1.881357e-03
1.884730e-03
1.888105e-03
1.891484e-03
1.894866e-03
1.898251e-03
1.901639e-03
1.905029e-03
1.908423e-03
1.911820e-03
1.915220e-03
1.918623e-03
1.922029e-03
1.925438e-03
1.928850e-03
1.932265e-03
1.935683e-03
1.939104e-03
1.942528e-03
1.945955e-03
1.949385e-03
1.952818e-03
1.956254e-03
1.959694e-03
1.963136e-03
1.966581e-03
1.970029e-03
1.973480e-03
1.976934e-03
1.980392e-03
1.983852e-03
1.987315e-03
1.990782e-03
1.994251e-03
1.997723e-03
2.001198e-03
2.004677e-03
2.008158e-03
2.011643e-03
2.015130e-03
2.018620e-03
2.022114e-03
2.025610e-03
2.029110e-03
2.032612e-03
2.036118e-03
2.039626e-03
2.043138e-03
2.046652e-03
2.050170e-03
2.053691e-03
2.057214e-03
2.060741e-03
2.064271e-03
2.067803e-03
2.071339e-03
2.074878e-03
2.078419e-03
2.081964e-03
2.085512e-03
2.089063e-03
2.092616e-03
2.096173e-03
2.099733e-03
2.103296e-03
2.106862e-03
2.110431e-03
2.114003e-03
2.117577e-03
2.121155e-03
2.124736e-03
2.128320e-03
2.131907e-03
2.135497e-03
2.139090e-03
2.142686e-03
2.146285e-03
2.149887e-03
2.153492e-03
2.157101e-03
2.160712e-03
2.164326e-03
2.167943e-03
2.171563e-03
2.175186e-03
2.178813e-03
2.182442e-03
2.186074e-03
2.189709e-03
2.193348e-03
2.196989e-03
2.200633e-03
2.204280e-03
2.207931e-03
2.211584e-03
2.215241e-03
2.218900e-03
2.222562e-03
2.226228e-03
2.229896e-03
2.233568e-03
2.237242e-03
2.240920e-03
2.244600e-03
2.248284e-03
2.251970e-03
2.255660e-03
2.259352e-03
2.263048e-03
2.266747e-03
2.270448e-03
2.274153e-03
2.277861e-03
2.281571e-03
2.285285e-03
2.289002e-03
2.292722e-03
2.296444e-03
2.300170e-03
2.303899e-03
2.307631e-03
2.311365e-03
2.315103e-03
2.318844e-03
2.322588e-03
2.326335e-03
2.330085e-03
2.333838e-03
2.337594e-03
2.341353e-03
2.345115e-03
2.348880e-03
2.352648e-03
2.356419e-03
2.360193e-03
2.363970e-03
2.367750e-03
2.371533e-03
2.375319e-03
2.379108e-03
2.382901e-03
2.386696e-03
2.390494e-03
2.394295e-03
2.398099e-03
2.401907e-03
2.405717e-03
2.409530e-03
2.413346e-03
2.417166e-03
2.420988e-03
2.424813e-03
2.428642e-03
2.432473e-03
2.436308e-03
2.440145e-03
2.443985e-03
2.447829e-03
2.451675e-03
2.455525e-03
2.459377e-03
2.463233e-03
2.467091e-03
2.470953e-03
2.474818e-03
2.478685e-03
2.482556e-03
2.486429e-03
2.490306e-03
2.494186e-03
2.498068e-03
2.501954e-03
2.505843e-03
2.509734e-03
2.513629e-03
2.517527e-03
2.521428e-03
2.525332e-03
2.529238e-03
2.533148e-03
2.537061e-03
2.540977e-03
2.544896e-03
2.548818e-03
2.552743e-03
2.556671e-03
2.560602e-03
2.564535e-03
2.568472e-03
2.572412e-03
2.576355e-03
2.580302e-03
2.584251e-03
2.588203e-03
2.592158e-03
2.596116e-03
2.600077e-03
2.604041e-03
2.608008e-03
2.611978e-03
2.615952e-03
2.619928e-03
2.623907e-03
2.627889e-03
2.631875e-03
2.635863e-03
2.639854e-03
2.643849e-03
2.647846e-03
2.651846e-03
2.655850e-03
2.659856e-03
2.663865e-03
2.667878e-03
2.671893e-03
2.675912e-03
2.679933e-03
2.683958e-03
2.687985e-03
2.692016e-03
2.696049e-03
2.700086e-03
2.704125e-03
2.708168e-03
2.712214e-03
2.716262e-03
2.720314e-03
2.724369e-03
2.728426e-03
2.732487e-03
2.736551e-03
2.740617e-03
2.744687e-03
2.748760e-03
2.752836e-03
2.756914e-03
2.760996e-03
2.765081e-03
2.769169e-03
2.773260e-03
2.777354e-03
2.781451e-03
2.785551e-03
2.789654e-03
2.793759e-03
2.797868e-03
2.801980e-03
2.806095e-03
2.810213e-03
2.814335e-03
2.818459e-03
2.822586e-03
2.826716e-03
2.830849e-03
2.834985e-03
2.839124e-03
2.843266e-03
2.847412e-03
2.851560e-03
2.855711e-03
2.859865e-03
2.864022e-03
2.868183e-03
2.872346e-03
2.876512e-03
2.880682e-03
2.884854e-03
2.889029e-03
2.893208e-03
2.897389e-03
2.901573e-03
2.905761e-03
2.909951e-03
2.914145e-03
2.918341e-03
2.922541e-03
2.926743e-03
2.930949e-03
2.935157e-03
2.939369e-03
2.943584e-03
2.947801e-03
2.952022e-03
2.956245e-03
2.960472e-03
2.964702e-03
2.968934e-03
2.973170e-03
2.977409e-03
2.981651e-03
2.985895e-03
2.990143e-03
2.994394e-03
2.998648e-03
3.002904e-03
3.007164e-03
3.011427e-03
3.015693e-03
3.019962e-03
3.024234e-03
3.028509e-03
3.032787e-03
3.037068e-03
3.041352e-03
3.045639e-03
3.049929e-03
3.054222e-03
3.058518e-03
3.062817e-03
3.067119e-03
3.071424e-03
3.075732e-03
3.080043e-03
3.084357e-03
3.088675e-03
3.092995e-03
3.097318e-03
3.101644e-03
3.105973e-03
3.110306e-03
3.114641e-03
3.118979e-03
3.123321e-03
3.127665e-03
3.132012e-03
3.136363e-03
3.140716e-03
3.145072e-03
3.149432e-03
3.153794e-03
3.158160e-03
3.162528e-03
3.166900e-03
3.171274e-03
3.175652e-03
3.180032e-03
3.184416e-03
3.188802e-03
3.193192e-03
3.197584e-03
3.201980e-03
3.206379e-03
3.210780e-03
3.215185e-03
3.219593e-03
3.224003e-03
3.228417e-03
3.232834e-03
3.237254e-03
3.241676e-03
3.246102e-03
3.250531e-03
3.254963e-03
3.259398e-03
3.263836e-03
3.268276e-03
3.272720e-03
3.277167e-03
3.281617e-03
3.286070e-03
3.290526e-03
3.294985e-03
3.299447e-03
3.303912e-03
3.308380e-03
3.312851e-03
3.317325e-03
3.321802e-03
3.326282e-03
3.330766e-03
3.335252e-03
3.339741e-03
3.344233e-03
3.348728e-03
3.353226e-03
3.357728e-03
3.362232e-03
3.366739e-03
3.371249e-03
3.375763e-03
3.380279e-03
3.384798e-03
3.389321e-03
3.393846e-03
3.398375e-03
3.402906e-03
3.407440e-03
3.411978e-03
3.416518e-03
3.421062e-03
3.425608e-03
3.430158e-03
3.434710e-03
3.439266e-03
3.443824e-03
3.448386e-03
3.452950e-03
3.457518e-03
3.462089e-03
3.466662e-03
3.471239e-03
3.475819e-03
3.480401e-03
3.484987e-03
3.489576e-03
3.494168e-03
3.498762e-03
3.503360e-03
3.507961e-03
3.512565e-03
3.517172e-03
3.521781e-03
3.526394e-03
3.531010e-03
3.535629e-03
3.540251e-03
3.544876e-03
3.549504e-03
3.554135e-03
3.558104e-03
3.562058e-03
3.565997e-03
3.569921e-03
3.573831e-03
3.577725e-03
3.581604e-03
3.585467e-03
3.589316e-03
3.593150e-03
3.596969e-03
3.600773e-03
3.604561e-03
3.608335e-03
3.612094e-03
3.615837e-03
3.619566e-03
3.623279e-03
3.626977e-03
3.630661e-03
3.634329e-03
3.637982e-03
3.641621e-03
3.645244e-03
3.648852e-03
3.652445e-03
3.656023e-03
3.659586e-03
3.663134e-03
3.666667e-03
3.670185e-03
3.673687e-03
3.677175e-03
3.680648e-03
3.684106e-03
3.687548e-03
3.690976e-03
3.694388e-03
3.697786e-03
3.701168e-03
3.704536e-03
3.707888e-03
3.711225e-03
3.714547e-03
3.717855e-03
3.721147e-03
3.724424e-03
3.727686e-03
3.730933e-03
3.734165e-03
3.737382e-03
3.740584e-03
3.743771e-03
3.746942e-03
3.750099e-03
3.753241e-03
3.756367e-03
3.759479e-03
3.762576e-03
3.765657e-03
3.768723e-03
3.771775e-03
3.774811e-03
3.777833e-03
3.780839e-03
3.783830e-03
3.786806e-03
3.789767e-03
3.792713e-03
3.795644e-03
3.798560e-03
3.801461e-03
3.804347e-03
3.807218e-03
3.810074e-03
3.812915e-03
3.815740e-03
3.818551e-03
3.821347e-03
3.824127e-03
3.826893e-03
3.829643e-03
3.832379e-03
3.835099e-03
3.837804e-03
3.840495e-03
3.843170e-03
3.845830e-03
3.848475e-03
3.851105e-03
3.853720e-03
3.856320e-03
3.858905e-03
3.861475e-03
3.864030e-03
3.866570e-03
3.869095e-03
3.871605e-03
3.874099e-03
3.876579e-03
3.879044e-03
3.881493e-03
3.883928e-03
3.886347e-03
3.888751e-03
3.891141e-03
3.893515e-03
3.895874e-03
3.898219e-03
3.900548e-03
3.902862e-03
3.905161e-03
3.907445e-03
3.909714e-03
3.911968e-03
3.914207e-03
3.916431e-03
3.918640e-03
3.920833e-03
3.923012e-03
3.925176e-03
3.927324e-03
3.929458e-03
3.931576e-03
3.933680e-03
3.935768e-03
3.937842e-03
3.939900e-03
3.941943e-03
3.943972e-03
3.945985e-03
3.947983e-03
3.949966e-03
3.951934e-03
3.953887e-03
3.955825e-03
3.957748e-03
3.959656e-03
3.961549e-03
3.963426e-03
3.965289e-03
3.967137e-03
3.968970e-03
3.970787e-03
3.972590e-03
3.974377e-03
3.976150e-03
3.977907e-03
3.979649e-03
3.981377e-03
3.983089e-03
3.984786e-03
3.986468e-03
3.988136e-03
3.989788e-03
3.991425e-03
3.993047e-03
3.994654e-03
3.996245e-03
3.997822e-03
3.999384e-03
4.000931e-03
4.002463e-03
4.003979e-03
4.005481e-03
4.006967e-03
4.008439e-03
4.009896e-03
4.011337e-03
4.012763e-03
4.014175e-03
4.015571e-03
4.016952e-03
4.018318e-03
4.019670e-03
4.021006e-03
4.022327e-03
4.023633e-03
4.024924e-03
4.026200e-03
4.027461e-03
4.028706e-03
4.029937e-03
4.031153e-03
4.032354e-03
4.033539e-03
4.034710e-03
4.035865e-03
4.037006e-03
4.038131e-03
4.039242e-03
4.040337e-03
4.041417e-03
4.042483e-03
4.043533e-03
4.044568e-03
4.045588e-03
4.046593e-03
4.047583e-03
4.048558e-03
4.049518e-03
4.050463e-03
4.051393e-03
4.052308e-03
4.053208e-03
4.054092e-03
4.054962e-03
4.055817e-03
4.056656e-03
4.057481e-03
4.058290e-03
4.059085e-03
4.059864e-03
4.060628e-03
4.061378e-03
4.062112e-03
4.062831e-03
4.063535e-03
4.064224e-03
4.064899e-03
4.065558e-03
4.066202e-03
4.066830e-03
4.067444e-03
4.068043e-03
4.068627e-03
4.069196e-03
4.069749e-03
4.070288e-03
4.070812e-03
4.071320e-03
4.071814e-03
4.072292e-03
4.072756e-03
4.073204e-03
4.073637e-03
4.074056e-03
4.074459e-03
4.074847e-03
4.075220e-03
4.075578e-03
4.075921e-03
4.076249e-03
4.076562e-03
4.076860e-03
4.077143e-03
4.077411e-03
4.077663e-03
4.077901e-03
4.078124e-03
4.078332e-03
4.078524e-03
4.078702e-03
4.078864e-03
4.079012e-03
4.079144e-03
4.079261e-03
4.079364e-03
4.079451e-03
4.079523e-03
4.079580e-03
4.079622e-03
4.079649e-03
4.079661e-03
4.079658e-03
4.079640e-03
4.079607e-03
4.079559e-03
4.079496e-03
4.079418e-03
4.079324e-03
4.079216e-03
4.079093e-03
4.078954e-03
4.078801e-03
4.078632e-03
4.078448e-03
4.078250e-03
4.078036e-03
4.077807e-03
4.077564e-03
4.077305e-03
4.077031e-03
4.076742e-03
4.076438e-03
4.076119e-03
4.075785e-03
4.075436e-03
4.075072e-03
4.074693e-03
4.074298e-03
4.073889e-03
4.073465e-03
4.073025e-03
4.072571e-03
4.072102e-03
4.071617e-03
4.071117e-03
4.070603e-03
4.070073e-03
4.069751e-03
4.069751e-03
4.069751e-03
4.069751e-03
4.069751e-03
4.069751e-03
4.069751e-03
4.069751e-03
4.069751e-03
4.069751e-03
4.069751e-03
4.069751e-03
4.069751e-03
4.069751e-03
4.069751e-03
4.069751e-03
4.069751e-03
4.069751e-03
4.069751e-03
4.069751e-03
4.069751e-03
4.069751e-03
4.069751e-03
4.069751e-03
4.069751e-03
4.069751e-03
4.069751e-03
4.069751e-03
4.069751e-03
4.069751e-03
4.069751e-03
4.069751e-03
4.069751e-03
4.069751e-03
4.069751e-03
4.069751e-03
4.069751e-03
4.069751e-03
4.069751e-03
4.069751e-03
4.069751e-03
4.069751e-03
4.069751e-03
4.069751e-03
4.069751e-03
4.069751e-03
4.069751e-03
4.069751e-03
4.069751e-03
4.069751e-03
4.069751e-03
4.069751e-03
4.069751e-03
4.069751e-03
4.069751e-03
4.069751e-03
4.069751e-03
4.069751e-03
4.069751e-03
4.069751e-03
4.069751e-03
4.069751e-03
4.069751e-03
4.069751e-03
4.069751e-03
4.069751e-03
4.069751e-03
4.069751e-03
4.069751e-03
4.069751e-03
4.069751e-03
4.069751e-03
4.069751e-03
4.069751e-03
4.069751e-03
4.069751e-03
4.069751e-03
4.069751e-03
4.069751e-03
4.069751e-03
4.069751e-03
4.069751e-03
4.069751e-03
4.069751e-03
4.069751e-03
4.069751e-03
4.069751e-03
4.069751e-03
4.069751e-03
4.069751e-03
4.069751e-03
4.069751e-03
4.069751e-03
4.069751e-03
4.069751e-03
4.069751e-03
4.069751e-03
4.069751e-03
4.069751e-03
4.069751e-03
4.069751e-03
4.069751e-03
4.069751e-03
4.069751e-03
4.069751e-03
4.069751e-03
4.069751e-03
4.069751e-03
4.069751e-03
4.069751e-03
4.069751e-03
4.069751e-03
4.069751e-03
4.069751e-03
4.069751e-03
4.069751e-03
4.069751e-03
4.069751e-03
4.069751e-03
4.069751e-03
4.069751e-03
4.069751e-03
4.069751e-03
4.069751e-03
4.069751e-03
4.069751e-03
4.069751e-03
4.069751e-03
4.069751e-03
4.069751e-03
4.069751e-03
4.069751e-03
4.069751e-03
4.069751e-03
4.069751e-03
4.069751e-03
4.069751e-03
4.069751e-03
4.069751e-03
4.069751e-03
4.069751e-03
4.069751e-03
4.069751e-03
4.069751e-03
4.069751e-03
4.069751e-03
4.069751e-03
4.069751e-03
4.069751e-03
4.069751e-03
4.069751e-03
4.069751e-03
4.069751e-03
4.069751e-03
4.069751e-03
4.069751e-03
4.069751e-03
4.069751e-03
4.069751e-03
4.069751e-03
4.069751e-03
4.069751e-03
4.069751e-03
4.069751e-03
4.069751e-03
4.069751e-03
4.069751e-03
4.069751e-03
4.069751e-03
4.069751e-03
4.069751e-03
4.069751e-03
4.069751e-03
4.069751e-03
4.069751e-03
4.069751e-03
4.069751e-03
4.069751e-03
4.069751e-03
4.069751e-03
4.069751e-03
4.069751e-03
4.069751e-03
4.069751e-03
4.069751e-03
4.069751e-03
4.069751e-03
4.069751e-03
4.069751e-03
4.069751e-03
4.069751e-03
4.069751e-03
4.069751e-03
4.069751e-03
4.069751e-03
4.069751e-03
4.069751e-03
4.069751e-03
4.069751e-03
4.069751e-03
4.069751e-03
