0.000000e+00
1.110371e-07
2.250195e-07
3.419471e-07
4.618200e-07
5.846382e-07
7.104017e-07
8.391105e-07
9.707646e-07
1.105364e-06
1.242909e-06
1.383398e-06
1.526834e-06
1.673214e-06
1.822540e-06
1.974811e-06
2.130027e-06
2.288189e-06
2.449296e-06
2.613348e-06
2.780345e-06
2.950288e-06
3.123176e-06
3.299009e-06
3.477788e-06
3.659511e-06
3.844181e-06
4.031795e-06
4.222355e-06
4.415860e-06
4.612310e-06
4.811705e-06
5.014046e-06
5.219332e-06
5.427563e-06
5.638740e-06
5.852862e-06
6.069929e-06
6.289942e-06
6.512899e-06
6.738802e-06
6.967651e-06
7.199444e-06
7.434183e-06
7.671867e-06
7.912497e-06
8.156072e-06
8.402592e-06
8.652057e-06
8.904467e-06
9.159823e-06
9.418124e-06
9.679371e-06
9.943563e-06
1.021070e-05
1.048078e-05
1.075381e-05
1.102978e-05
1.130870e-05
1.159056e-05
1.187537e-05
1.216313e-05
1.245383e-05
1.274747e-05
1.304406e-05
1.334359e-05
1.364608e-05
1.395150e-05
1.425987e-05
1.457119e-05
1.488545e-05
1.520266e-05
1.552281e-05
1.584591e-05
1.617195e-05
1.650094e-05
1.683287e-05
1.716775e-05
1.750557e-05
1.784634e-05
1.819005e-05
1.853671e-05
1.888632e-05
1.923887e-05
1.959436e-05
1.995280e-05
2.031419e-05
2.067852e-05
2.104580e-05
2.141602e-05
2.178919e-05
2.216530e-05
2.254436e-05
2.292636e-05
2.331131e-05
2.369920e-05
2.409004e-05
2.448382e-05
2.488055e-05
2.528023e-05
2.568285e-05
2.608841e-05
2.649692e-05
2.690838e-05
2.732278e-05
2.774013e-05
2.816042e-05
2.858366e-05
2.900984e-05
2.943897e-05
2.987104e-05
3.030606e-05
3.074402e-05
3.118493e-05
3.162878e-05
3.207558e-05
3.252532e-05
3.297801e-05
3.343365e-05
3.389223e-05
3.435376e-05
3.481823e-05
3.528564e-05
3.575600e-05
3.622931e-05
3.670556e-05
3.718476e-05
3.766690e-05
3.815199e-05
3.864002e-05
3.913100e-05
3.962492e-05
4.012179e-05
4.062161e-05
4.112437e-05
4.163007e-05
4.213872e-05
4.265032e-05
4.316486e-05
4.368234e-05
4.420277e-05
4.472615e-05
4.525247e-05
4.578174e-05
4.631395e-05
4.684911e-05
4.738721e-05
4.792826e-05
4.847225e-05
4.901919e-05
4.956908e-05
5.012191e-05
5.067768e-05
5.123640e-05
5.179806e-05
5.236267e-05
5.293023e-05
5.350073e-05
5.407418e-05
5.465057e-05
5.522991e-05
5.581219e-05
5.639741e-05
5.698559e-05
5.757671e-05
5.817077e-05
5.876778e-05
5.936773e-05
5.997063e-05
6.057647e-05
6.118526e-05
6.179700e-05
6.241168e-05
6.302930e-05
6.364987e-05
6.427339e-05
6.489985e-05
6.552926e-05
6.616161e-05
6.679691e-05
6.743515e-05
6.807634e-05
6.872047e-05
6.936755e-05
7.001757e-05
7.067054e-05
7.132645e-05
7.198531e-05
7.264712e-05
7.331187e-05
7.397956e-05
7.465020e-05
7.532379e-05
7.600032e-05
7.667980e-05
7.736222e-05
7.804759e-05
7.873590e-05
7.942715e-05
8.012136e-05
8.081851e-05
8.151860e-05
8.222164e-05
8.292762e-05
8.363655e-05
8.434842e-05
8.506324e-05
8.578101e-05
8.650172e-05
8.722537e-05
8.795198e-05
8.868152e-05
8.941401e-05
9.014945e-05
9.088783e-05
9.162916e-05
9.237343e-05
9.312065e-05
9.387081e-05
9.462392e-05
9.537997e-05
9.613897e-05
9.690092e-05
9.766581e-05
9.843364e-05
9.920442e-05
9.997815e-05
1.007548e-04
1.015344e-04
1.023170e-04
1.031025e-04
1.038910e-04
1.046823e-04
1.054767e-04
1.062740e-04
1.070742e-04
1.078774e-04
1.086835e-04
1.094926e-04
1.103046e-04
1.111196e-04
1.119375e-04
1.127583e-04
1.135821e-04
1.144088e-04
1.152385e-04
1.160712e-04
1.169067e-04
1.177453e-04
1.185867e-04
1.194311e-04
1.202785e-04
1.211288e-04
1.219820e-04
1.228382e-04
1.236974e-04
1.245595e-04
1.254245e-04
1.262925e-04
1.271634e-04
1.280372e-04
1.289141e-04
1.297938e-04
1.306765e-04
1.315622e-04
1.324508e-04
1.333423e-04
1.342368e-04
1.351342e-04
1.360346e-04
1.369379e-04
1.378441e-04
1.387534e-04
1.396655e-04
1.405806e-04
1.414987e-04
1.424196e-04
1.433436e-04
1.442705e-04
1.452003e-04
1.461331e-04
1.470688e-04
1.480074e-04
1.489490e-04
1.498936e-04
1.508411e-04
1.517915e-04
1.527449e-04
1.537012e-04
1.546605e-04
1.556227e-04
1.565879e-04
1.575560e-04
1.585271e-04
1.595011e-04
1.604780e-04
1.614579e-04
1.624408e-04
1.634266e-04
1.644153e-04
1.654070e-04
1.664016e-04
1.673992e-04
1.683997e-04
1.694031e-04
1.704095e-04
1.714189e-04
1.724312e-04
1.734464e-04
1.744646e-04
1.754857e-04
1.765098e-04
1.775368e-04
1.785668e-04
1.795997e-04
1.806355e-04
1.816743e-04
1.827161e-04
1.837608e-04
1.848084e-04
1.858590e-04
1.869125e-04
1.879690e-04
1.890284e-04
1.900908e-04
1.911561e-04
1.922243e-04
1.932955e-04
1.943697e-04
1.954468e-04
1.965268e-04
1.976098e-04
1.986957e-04
1.997846e-04
2.008764e-04
2.019712e-04
2.030689e-04
2.041695e-04
2.052731e-04
2.063797e-04
2.074891e-04
2.086016e-04
2.097170e-04
2.108353e-04
2.119565e-04
2.130808e-04
2.142079e-04
2.153380e-04
2.164711e-04
2.176071e-04
2.187460e-04
2.198879e-04
2.210327e-04
2.221805e-04
2.233312e-04
2.244849e-04
2.256415e-04
2.268011e-04
2.279636e-04
2.291290e-04
2.302974e-04
2.314687e-04
2.326430e-04
2.338202e-04
2.350004e-04
2.361835e-04
2.373696e-04
2.385586e-04
2.397506e-04
2.409455e-04
2.421433e-04
2.433441e-04
2.445478e-04
2.457545e-04
2.469642e-04
2.481767e-04
2.493922e-04
2.506107e-04
2.518321e-04
2.530565e-04
2.542838e-04
2.555140e-04
2.567472e-04
2.579833e-04
2.592224e-04
2.604644e-04
2.617094e-04
2.629573e-04
2.642082e-04
2.654620e-04
2.667187e-04
2.679784e-04
2.692411e-04
2.705067e-04
2.717752e-04
2.730467e-04
2.743211e-04
2.755985e-04
2.768788e-04
2.781620e-04
2.794482e-04
2.807374e-04
2.820295e-04
2.833245e-04
2.846225e-04
2.859234e-04
2.872273e-04
2.885341e-04
2.898439e-04
2.911566e-04
2.924723e-04
2.937909e-04
2.951124e-04
2.964369e-04
2.977644e-04
2.990947e-04
3.004281e-04
3.017643e-04
3.031036e-04
3.044457e-04
3.057908e-04
3.071389e-04
3.084899e-04
3.098438e-04
3.112007e-04
3.125606e-04
3.139233e-04
3.152891e-04
3.166577e-04
3.180294e-04
3.194039e-04
3.207814e-04
3.221619e-04
3.235453e-04
3.249316e-04
3.263209e-04
3.277131e-04
3.291083e-04
3.305065e-04
3.319075e-04
3.333115e-04
3.347185e-04
3.361284e-04
3.375413e-04
3.389571e-04
3.403758e-04
3.417975e-04
3.432221e-04
3.446497e-04
3.460802e-04
3.475137e-04
3.489501e-04
3.503895e-04
3.518318e-04
3.532770e-04
3.547252e-04
3.561763e-04
3.576304e-04
3.590875e-04
3.605474e-04
3.620104e-04
3.634762e-04
3.649450e-04
3.664168e-04
3.678915e-04
3.693691e-04
3.708497e-04
3.723333e-04
3.738198e-04
3.753092e-04
3.768016e-04
3.782969e-04
3.797951e-04
3.812963e-04
3.828005e-04
3.843076e-04
3.858176e-04
3.873306e-04
3.888466e-04
3.903655e-04
3.918873e-04
3.934121e-04
3.949398e-04
3.964704e-04
3.980040e-04
3.995406e-04
4.010801e-04
4.026225e-04
4.041679e-04
4.057163e-04
4.072675e-04
4.088218e-04
4.103789e-04
4.119390e-04
4.135021e-04
4.150681e-04
4.166371e-04
4.182090e-04
4.197838e-04
4.213616e-04
4.229423e-04
4.245260e-04
4.261126e-04
4.277022e-04
4.292947e-04
4.308902e-04
4.324886e-04
4.340899e-04
4.356942e-04
4.373015e-04
4.389116e-04
4.405248e-04
4.421408e-04
4.437599e-04
4.453818e-04
4.470067e-04
4.486346e-04
4.502654e-04
4.518991e-04
4.535358e-04
4.551755e-04
4.568181e-04
4.584636e-04
4.601121e-04
4.617635e-04
4.634178e-04
4.650752e-04
4.667354e-04
4.683986e-04
4.700648e-04
4.717338e-04
4.734059e-04
4.750809e-04
4.767588e-04
4.784397e-04
4.801235e-04
4.818102e-04
4.834999e-04
4.851926e-04
4.868882e-04
4.885867e-04
4.902882e-04
4.919927e-04
4.937000e-04
4.954104e-04
4.971236e-04
4.988399e-04
5.005590e-04
5.022811e-04
5.040062e-04
5.057342e-04
5.074651e-04
5.091990e-04
5.109358e-04
5.126756e-04
5.144183e-04
5.161640e-04
5.179126e-04
5.196642e-04
5.214187e-04
5.231761e-04
5.249365e-04
5.266999e-04
5.284661e-04
5.302354e-04
5.320075e-04
5.337827e-04
5.355607e-04
5.373417e-04
5.391257e-04
5.409126e-04
5.427024e-04
5.444952e-04
5.462910e-04
5.480897e-04
5.498913e-04
5.516959e-04
5.535034e-04
5.553138e-04
5.571273e-04
5.589436e-04
5.607629e-04
5.625852e-04
5.644103e-04
5.662385e-04
5.680696e-04
5.699036e-04
5.717406e-04
5.735805e-04
5.754233e-04
5.772691e-04
5.791179e-04
5.809696e-04
5.828242e-04
5.846818e-04
5.865424e-04
5.884058e-04
5.902723e-04
5.921416e-04
5.940140e-04
5.958892e-04
5.977674e-04
5.996486e-04
6.015327e-04
6.034197e-04
6.053097e-04
6.072026e-04
6.090985e-04
6.109973e-04
6.128991e-04
6.148038e-04
6.167115e-04
6.186221e-04
6.205356e-04
6.224521e-04
6.243716e-04
6.262939e-04
6.282193e-04
6.301475e-04
6.320788e-04
6.340129e-04
6.359500e-04
6.378901e-04
6.398331e-04
6.417790e-04
6.437279e-04
6.456798e-04
6.476346e-04
6.495923e-04
6.515530e-04
6.535166e-04
6.554831e-04
6.574527e-04
6.594251e-04
6.614005e-04
6.633788e-04
6.653601e-04
6.673444e-04
6.693316e-04
6.713217e-04
6.733148e-04
6.753108e-04
6.773097e-04
6.793116e-04
6.813165e-04
6.833243e-04
6.853350e-04
6.873487e-04
6.893654e-04
6.913849e-04
6.934075e-04
6.954329e-04
6.974613e-04
6.994927e-04
7.015270e-04
7.035643e-04
7.056045e-04
7.076476e-04
7.096937e-04
7.117427e-04
7.137947e-04
7.158496e-04
7.179075e-04
7.199683e-04
7.220321e-04
7.240988e-04
7.261684e-04
7.282410e-04
7.303165e-04
7.323950e-04
7.344765e-04
7.365608e-04
7.386482e-04
7.407384e-04
7.428316e-04
7.449278e-04
7.470269e-04
7.491289e-04
7.512339e-04
7.533419e-04
7.554527e-04
7.575666e-04
7.596833e-04
7.618031e-04
7.639257e-04
7.660513e-04
7.681799e-04
7.703114e-04
7.724458e-04
7.745832e-04
7.767236e-04
7.788668e-04
7.810131e-04
7.831622e-04
7.853144e-04
7.874694e-04
7.896274e-04
7.917884e-04
7.939523e-04
7.961191e-04
7.982889e-04
8.004616e-04
8.026373e-04
8.048159e-04
8.069975e-04
8.091820e-04
8.113695e-04
8.135599e-04
8.157532e-04
8.179495e-04
8.201488e-04
8.223510e-04
8.245561e-04
8.267642e-04
8.289752e-04
8.311892e-04
8.334061e-04
8.356259e-04
8.378487e-04
8.400745e-04
8.423032e-04
8.445348e-04
8.467694e-04
8.490069e-04
8.512474e-04
8.534908e-04
8.557372e-04
8.579865e-04
8.602388e-04
8.624940e-04
8.647521e-04
8.670132e-04
8.692772e-04
8.715442e-04
8.738142e-04
8.760870e-04
8.783628e-04
8.806416e-04
8.829233e-04
8.852080e-04
8.874956e-04
8.897861e-04
8.920796e-04
8.943760e-04
8.966754e-04
8.989778e-04
9.012830e-04
9.035912e-04
9.059024e-04
9.082165e-04
9.105336e-04
9.128536e-04
9.151765e-04
9.175024e-04
9.198312e-04
9.221630e-04
9.244977e-04
9.268354e-04
9.291760e-04
9.315196e-04
9.338661e-04
9.362155e-04
9.385679e-04
9.409233e-04
9.432815e-04
9.456428e-04
9.480070e-04
9.503741e-04
9.527441e-04
9.551172e-04
9.574931e-04
9.598720e-04
9.622539e-04
9.646387e-04
9.670264e-04
9.694171e-04
9.718107e-04
9.742073e-04
9.766068e-04
9.790093e-04
9.814147e-04
9.838230e-04
9.862343e-04
9.886486e-04
9.910658e-04
9.934859e-04
9.959090e-04
9.983350e-04
1.000764e-03
1.003196e-03
1.005631e-03
1.008069e-03
1.010509e-03
1.012953e-03
1.015400e-03
1.017849e-03
1.020302e-03
1.022757e-03
1.025216e-03
1.027677e-03
1.030141e-03
1.032609e-03
1.035079e-03
1.037552e-03
1.040028e-03
1.042507e-03
1.044989e-03
1.047474e-03
1.049962e-03
1.052453e-03
1.054947e-03
1.057443e-03
1.059943e-03
1.062446e-03
1.064951e-03
1.067460e-03
1.069971e-03
1.072485e-03
1.075003e-03
1.077523e-03
1.080046e-03
1.082572e-03
1.085102e-03
1.087634e-03
1.090169e-03
1.092707e-03
1.095247e-03
1.097791e-03
1.100338e-03
1.102888e-03
1.105440e-03
1.107996e-03
1.110555e-03
1.113116e-03
1.115681e-03
1.118248e-03
1.120818e-03
1.123392e-03
1.125968e-03
1.128547e-03
1.131129e-03
1.133714e-03
1.136302e-03
1.138893e-03
1.141487e-03
1.144084e-03
1.146684e-03
1.149287e-03
1.151892e-03
1.154501e-03
1.157112e-03
1.159727e-03
1.162344e-03
1.164965e-03
1.167588e-03
1.170215e-03
1.172844e-03
1.175476e-03
1.178111e-03
1.180749e-03
1.183390e-03
1.186034e-03
1.188681e-03
1.191331e-03
1.193984e-03
1.196640e-03
1.199298e-03
1.201960e-03
1.204625e-03
1.207292e-03
1.209963e-03
1.212636e-03
1.215312e-03
1.217992e-03
1.220674e-03
1.223359e-03
1.226047e-03
1.228738e-03
1.231433e-03
1.234130e-03
1.236829e-03
1.239532e-03
1.242238e-03
1.244947e-03
1.247659e-03
1.250373e-03
1.253091e-03
1.255811e-03
1.258535e-03
1.261261e-03
1.263991e-03
1.266723e-03
1.269458e-03
1.272197e-03
1.274938e-03
1.277682e-03
1.280429e-03
1.283179e-03
1.285932e-03
1.288688e-03
1.291447e-03
1.294209e-03
1.296973e-03
1.299741e-03
1.302512e-03
1.305285e-03
1.308062e-03
1.310841e-03
1.313624e-03
1.316409e-03
1.319197e-03
1.321988e-03
1.324783e-03
1.327580e-03
1.330380e-03
1.333183e-03
1.335989e-03
1.338798e-03
1.341610e-03
1.344424e-03
1.347242e-03
1.350063e-03
1.352886e-03
1.355713e-03
1.358543e-03
1.361375e-03
1.364210e-03
1.367049e-03
1.369890e-03
1.372734e-03
1.375582e-03
1.378432e-03
1.381285e-03
1.384141e-03
1.387000e-03
1.389862e-03
1.392727e-03
1.395595e-03
1.398465e-03
1.401339e-03
1.404216e-03
1.407095e-03
1.409978e-03
1.412863e-03
1.415752e-03
1.418643e-03
1.421537e-03
1.424435e-03
1.427335e-03
1.430238e-03
1.433144e-03
1.436053e-03
1.438965e-03
1.441880e-03
1.444798e-03
1.447719e-03
1.450643e-03
1.453569e-03
1.456499e-03
1.459432e-03
1.462367e-03
1.465306e-03
1.468247e-03
1.471192e-03
1.474139e-03
1.477089e-03
1.480042e-03
1.482999e-03
1.485958e-03
1.488920e-03
1.491885e-03
1.494853e-03
1.497824e-03
1.500798e-03
1.503774e-03
1.506754e-03
1.509737e-03
1.512722e-03
1.515711e-03
1.518703e-03
1.521697e-03
1.524694e-03
1.527695e-03
1.530698e-03
1.533704e-03
1.536714e-03
1.539726e-03
1.542741e-03
1.545759e-03
1.548780e-03
1.551804e-03
1.554831e-03
1.557860e-03
1.560893e-03
1.563929e-03
1.566967e-03
1.570009e-03
1.573054e-03
1.576101e-03
1.579151e-03
1.582205e-03
1.585261e-03
1.588320e-03
1.591383e-03
1.594448e-03
1.597516e-03
1.600587e-03
1.603661e-03
1.606738e-03
1.609818e-03
1.612901e-03
1.615986e-03
1.619075e-03
1.622167e-03
1.625261e-03
1.628359e-03
1.631459e-03
1.634563e-03
1.637669e-03
1.640779e-03
1.643891e-03
1.647006e-03
1.650124e-03
1.653245e-03
1.656369e-03
1.659496e-03
1.662626e-03
1.665759e-03
1.668895e-03
1.672034e-03
1.675176e-03
1.678320e-03
1.681468e-03
1.684618e-03
1.687772e-03
1.690928e-03
1.694088e-03
1.697250e-03
1.700415e-03
1.703584e-03
1.706755e-03
1.709929e-03
1.713106e-03
1.716286e-03
1.719469e-03
1.722655e-03
1.725844e-03
1.729036e-03
1.732230e-03
1.735428e-03
1.738629e-03
1.741832e-03
1.745039e-03
1.748248e-03
1.751461e-03
1.754676e-03
1.757894e-03
1.761116e-03
1.764340e-03
1.767567e-03
1.770797e-03
1.774030e-03
1.777266e-03
1.780505e-03
1.783747e-03
1.786992e-03
1.790239e-03
1.793490e-03
1.796744e-03
1.800000e-03
1.803260e-03
1.806522e-03
1.809788e-03
1.813056e-03
1.816328e-03
1.819602e-03
1.822879e-03
1.826159e-03
1.829442e-03
1.832728e-03
1.836017e-03
1.839309e-03
1.842604e-03
1.845902e-03
1.849203e-03
1.852507e-03
1.855813e-03
1.859123e-03
1.862435e-03
1.865751e-03
1.869069e-03
1.872391e-03
1.875715e-03
1.879042e-03
1.882373e-03
1.885706e-03
1.889042e-03
1.892381e-03
1.895723e-03
1.899068e-03
1.902416e-03
1.905767e-03
1.909120e-03
1.912477e-03
1.915837e-03
1.919199e-03
1.922565e-03
1.925934e-03
1.929305e-03
1.932679e-03
1.936057e-03
1.939437e-03
1.942820e-03
1.946207e-03
1.949596e-03
1.952988e-03
1.956383e-03
1.959781e-03
1.963182e-03
1.966585e-03
1.969992e-03
1.973402e-03
1.976815e-03
1.980230e-03
1.983649e-03
1.987071e-03
1.990495e-03
1.993922e-03
1.997353e-03
2.000786e-03
2.004222e-03
2.007662e-03
2.011104e-03
2.014549e-03
2.017997e-03
2.021448e-03
2.024902e-03
2.028359e-03
2.031818e-03
2.035281e-03
2.038747e-03
2.042216e-03
2.045687e-03
2.049162e-03
2.052639e-03
2.056120e-03
2.059603e-03
2.063089e-03
2.066579e-03
2.070071e-03
2.073566e-03
2.077064e-03
2.080565e-03
2.084069e-03
2.087576e-03
2.091086e-03
2.094599e-03
2.098115e-03
2.101633e-03
2.105155e-03
2.108680e-03
2.112207e-03
2.115738e-03
2.119271e-03
2.122808e-03
2.126347e-03
2.129889e-03
2.133434e-03
2.136983e-03
2.140534e-03
2.144088e-03
2.147645e-03
2.151205e-03
2.154768e-03
2.158334e-03
2.161902e-03
2.165474e-03
2.169049e-03
2.172626e-03
2.176207e-03
2.179791e-03
2.183377e-03
2.186966e-03
2.190559e-03
2.194154e-03
2.197752e-03
2.201354e-03
2.204958e-03
2.208565e-03
2.212175e-03
2.215788e-03
2.219404e-03
2.223023e-03
2.226644e-03
2.230269e-03
2.233897e-03
2.237527e-03
2.241161e-03
2.244798e-03
2.248437e-03
2.252080e-03
2.255725e-03
2.259373e-03
2.263024e-03
2.266679e-03
2.270336e-03
2.273996e-03
2.277659e-03
2.281325e-03
2.284994e-03
2.288666e-03
2.292341e-03
2.296018e-03
2.299699e-03
2.303383e-03
2.307069e-03
2.310759e-03
2.314451e-03
2.318147e-03
2.321845e-03
2.325547e-03
2.329251e-03
2.332958e-03
2.336668e-03
2.340381e-03
2.344097e-03
2.347816e-03
2.351538e-03
2.355263e-03
2.358991e-03
2.362722e-03
2.366456e-03
2.370192e-03
2.373932e-03
2.377675e-03
2.381420e-03
2.385169e-03
2.388920e-03
2.392674e-03
2.396432e-03
2.400192e-03
2.403955e-03
2.407721e-03
2.411490e-03
2.415262e-03
2.419037e-03
2.422815e-03
2.426596e-03
2.430380e-03
2.434166e-03
2.437956e-03
2.441749e-03
2.445544e-03
2.449343e-03
2.453144e-03
2.456949e-03
2.460756e-03
2.464567e-03
2.468380e-03
2.472196e-03
2.476015e-03
2.479837e-03
2.483662e-03
2.487490e-03
2.491321e-03
2.495155e-03
2.498992e-03
2.502832e-03
2.506674e-03
2.510520e-03
2.514369e-03
2.518220e-03
2.522075e-03
2.525932e-03
2.529792e-03
2.533656e-03
2.537522e-03
2.541391e-03
2.545263e-03
2.549138e-03
2.553017e-03
2.556898e-03
2.560781e-03
2.564668e-03
2.568558e-03
2.572451e-03
2.576347e-03
2.580245e-03
2.584147e-03
2.588052e-03
2.591959e-03
2.595869e-03
2.599783e-03
2.603699e-03
2.607618e-03
2.611541e-03
2.615466e-03
2.619394e-03
2.623325e-03
2.627259e-03
2.631196e-03
2.635136e-03
2.639079e-03
2.643025e-03
2.646973e-03
2.650925e-03
2.654880e-03
2.658837e-03
2.662798e-03
2.666761e-03
2.670728e-03
2.674697e-03
2.678669e-03
2.682645e-03
2.686623e-03
2.690604e-03
2.694588e-03
2.698575e-03
2.702565e-03
2.706558e-03
2.710554e-03
2.714553e-03
2.718554e-03
2.722559e-03
2.726567e-03
2.730577e-03
2.734591e-03
2.738607e-03
2.742627e-03
2.746649e-03
2.750674e-03
2.754703e-03
2.758734e-03
2.762768e-03
2.766805e-03
2.770845e-03
2.774888e-03
2.778934e-03
2.782983e-03
2.787035e-03
2.791089e-03
2.795147e-03
2.799208e-03
2.803271e-03
2.807338e-03
2.811407e-03
2.815480e-03
2.819555e-03
2.823634e-03
2.827715e-03
2.831799e-03
2.835886e-03
2.839976e-03
2.844069e-03
2.848165e-03
2.852264e-03
2.856366e-03
2.860471e-03
2.864579e-03
2.868690e-03
2.872803e-03
2.876920e-03
2.881040e-03
2.885162e-03
2.889287e-03
2.893416e-03
2.897547e-03
2.901682e-03
2.905819e-03
2.909959e-03
2.914102e-03
2.918248e-03
2.922397e-03
2.926549e-03
2.930704e-03
2.934862e-03
2.939023e-03
2.943186e-03
2.947353e-03
2.951523e-03
2.955695e-03
2.959871e-03
2.964049e-03
2.968231e-03
2.972415e-03
2.976602e-03
2.980793e-03
2.984986e-03
2.989182e-03
2.993381e-03
2.997583e-03
3.001788e-03
3.005996e-03
3.010207e-03
3.014421e-03
3.018637e-03
3.022857e-03
3.027080e-03
3.031305e-03
3.035534e-03
3.039765e-03
3.044000e-03
3.048237e-03
3.052478e-03
3.056721e-03
3.060967e-03
3.065216e-03
3.069468e-03
3.073723e-03
3.077981e-03
3.082242e-03
3.086506e-03
3.090773e-03
3.095043e-03
3.099315e-03
3.103591e-03
3.107870e-03
3.112151e-03
3.116436e-03
3.120723e-03
3.125014e-03
3.129307e-03
3.133603e-03
3.137902e-03
3.142205e-03
3.146510e-03
3.150818e-03
3.155129e-03
3.159443e-03
3.163760e-03
3.168080e-03
3.172402e-03
3.176728e-03
3.181057e-03
3.185388e-03
3.189723e-03
3.194060e-03
3.198401e-03
3.202744e-03
3.207091e-03
3.211440e-03
3.215792e-03
3.220147e-03
3.224506e-03
3.228867e-03
3.233231e-03
3.237598e-03
3.241967e-03
3.246340e-03
3.250716e-03
3.255095e-03
3.259477e-03
3.263861e-03
3.268249e-03
3.272639e-03
3.277033e-03
3.281429e-03
3.285829e-03
3.290231e-03
3.294636e-03
3.299044e-03
3.303456e-03
3.307870e-03
3.312287e-03
3.316707e-03
3.321130e-03
3.325555e-03
3.329984e-03
3.334416e-03
3.338851e-03
3.343288e-03
3.347729e-03
3.352173e-03
3.356619e-03
3.361068e-03
3.365521e-03
3.369976e-03
3.374434e-03
3.378896e-03
3.383360e-03
3.387827e-03
3.392297e-03
3.396770e-03
3.401246e-03
3.405725e-03
3.410207e-03
3.414691e-03
3.419179e-03
3.423670e-03
3.428163e-03
3.432660e-03
3.437159e-03
3.441662e-03
3.446167e-03
3.450676e-03
3.455187e-03
3.459701e-03
3.464218e-03
3.468738e-03
3.473262e-03
3.477123e-03
3.480969e-03
3.484801e-03
3.488619e-03
3.492421e-03
3.496209e-03
3.499982e-03
3.503740e-03
3.507484e-03
3.511213e-03
3.514928e-03
3.518627e-03
3.522312e-03
3.525983e-03
3.529638e-03
3.533279e-03
3.536906e-03
3.540517e-03
3.544114e-03
3.547696e-03
3.551264e-03
3.554817e-03
3.558355e-03
3.561878e-03
3.565387e-03
3.568881e-03
3.572361e-03
3.575825e-03
3.579275e-03
3.582711e-03
3.586131e-03
3.589537e-03
3.592928e-03
3.596305e-03
3.599667e-03
3.603014e-03
3.606347e-03
3.609665e-03
3.612968e-03
3.616256e-03
3.619530e-03
3.622789e-03
3.626033e-03
3.629263e-03
3.632478e-03
3.635678e-03
3.638864e-03
3.642035e-03
3.645191e-03
3.648333e-03
3.651460e-03
3.654572e-03
3.657670e-03
3.660752e-03
3.663821e-03
3.666874e-03
3.669913e-03
3.672937e-03
3.675946e-03
3.678941e-03
3.681921e-03
3.684886e-03
3.687837e-03
3.690773e-03
3.693694e-03
3.696601e-03
3.699493e-03
3.702370e-03
3.705233e-03
3.708080e-03
3.710914e-03
3.713732e-03
3.716536e-03
3.719325e-03
3.722099e-03
3.724859e-03
3.727604e-03
3.730334e-03
3.733050e-03
3.735751e-03
3.738437e-03
3.741109e-03
3.743766e-03
3.746408e-03
3.749036e-03
3.751648e-03
3.754247e-03
3.756830e-03
3.759399e-03
3.761953e-03
3.764492e-03
3.767017e-03
3.769527e-03
3.772023e-03
3.774503e-03
3.776969e-03
3.779420e-03
3.781857e-03
3.784279e-03
3.786686e-03
3.789079e-03
3.791457e-03
3.793820e-03
3.796168e-03
3.798502e-03
3.800821e-03
3.803126e-03
3.805415e-03
3.807690e-03
3.809951e-03
3.812196e-03
3.814427e-03
3.816644e-03
3.818845e-03
3.821032e-03
3.823204e-03
3.825362e-03
3.827505e-03
3.829633e-03
3.831746e-03
3.833845e-03
3.835929e-03
3.837999e-03
3.840053e-03
3.842094e-03
3.844119e-03
3.846130e-03
3.848126e-03
3.850107e-03
3.852073e-03
3.854025e-03
3.855963e-03
3.857885e-03
3.859793e-03
3.861686e-03
3.863565e-03
3.865428e-03
3.867278e-03
3.869112e-03
3.870932e-03
3.872737e-03
3.874527e-03
3.876303e-03
3.878064e-03
3.879810e-03
3.881542e-03
3.883259e-03
3.884961e-03
3.886648e-03
3.888321e-03
3.889979e-03
3.891623e-03
3.893252e-03
3.894866e-03
3.896465e-03
3.898050e-03
3.899620e-03
3.901175e-03
3.902716e-03
3.904242e-03
3.905753e-03
3.907250e-03
3.908732e-03
3.910199e-03
3.911652e-03
3.913090e-03
3.914513e-03
3.915921e-03
3.917315e-03
3.918694e-03
3.920059e-03
3.921408e-03
3.922743e-03
3.924064e-03
3.925370e-03
3.926661e-03
3.927937e-03
3.929198e-03
3.930445e-03
3.931678e-03
3.932895e-03
3.934098e-03
3.935286e-03
3.936460e-03
3.937619e-03
3.938763e-03
3.939892e-03
3.941007e-03
3.942107e-03
3.943192e-03
3.944263e-03
3.945319e-03
3.946360e-03
3.947387e-03
3.948399e-03
3.949396e-03
3.950379e-03
3.951347e-03
3.952300e-03
3.953238e-03
3.954162e-03
3.955071e-03
3.955966e-03
3.956845e-03
3.957710e-03
3.958561e-03
3.959396e-03
3.960217e-03
3.961024e-03
3.961815e-03
3.962592e-03
3.963355e-03
3.964102e-03
3.964835e-03
3.965553e-03
3.966257e-03
3.966946e-03
3.967620e-03
3.968279e-03
3.968924e-03
3.969554e-03
3.970169e-03
3.970770e-03
3.971356e-03
3.971927e-03
3.972484e-03
3.973026e-03
3.973553e-03
3.974066e-03
3.974564e-03
3.975047e-03
3.975515e-03
3.975969e-03
3.976408e-03
3.976833e-03
3.977243e-03
3.977638e-03
3.978018e-03
3.978384e-03
3.978735e-03
3.979071e-03
3.979393e-03
3.979700e-03
3.979992e-03
3.980269e-03
3.980532e-03
3.980781e-03
3.981014e-03
3.981233e-03
3.981437e-03
3.981626e-03
3.981801e-03
3.981961e-03
3.982107e-03
3.982237e-03
3.982353e-03
3.982455e-03
3.982541e-03
3.982613e-03
3.982671e-03
3.982713e-03
3.982741e-03
3.982754e-03
3.982753e-03
3.982737e-03
3.982706e-03
3.982660e-03
3.982600e-03
3.982525e-03
3.982435e-03
3.982331e-03
3.982212e-03
3.982078e-03
3.981930e-03
3.981767e-03
3.981589e-03
3.981397e-03
3.981190e-03
3.980968e-03
3.980732e-03
3.980480e-03
3.980215e-03
3.979934e-03
3.979639e-03
3.979329e-03
3.979004e-03
3.978665e-03
3.978311e-03
3.977942e-03
3.977559e-03
3.977161e-03
3.976748e-03
3.976321e-03
3.975879e-03
3.975422e-03
3.974950e-03
3.974464e-03
3.973963e-03
3.973448e-03
3.972918e-03
3.972595e-03
3.972595e-03
3.972595e-03
3.972595e-03
3.972595e-03
3.972595e-03
3.972595e-03
3.972595e-03
3.972595e-03
3.972595e-03
3.972595e-03
3.972595e-03
3.972595e-03
3.972595e-03
3.972595e-03
3.972595e-03
3.972595e-03
3.972595e-03
3.972595e-03
3.972595e-03
3.972595e-03
3.972595e-03
3.972595e-03
3.972595e-03
3.972595e-03
3.972595e-03
3.972595e-03
3.972595e-03
3.972595e-03
3.972595e-03
3.972595e-03
3.972595e-03
3.972595e-03
3.972595e-03
3.972595e-03
3.972595e-03
3.972595e-03
3.972595e-03
3.972595e-03
3.972595e-03
3.972595e-03
3.972595e-03
3.972595e-03
3.972595e-03
3.972595e-03
3.972595e-03
3.972595e-03
3.972595e-03
3.972595e-03
3.972595e-03
3.972595e-03
3.972595e-03
3.972595e-03
3.972595e-03
3.972595e-03
3.972595e-03
3.972595e-03
3.972595e-03
3.972595e-03
3.972595e-03
3.972595e-03
3.972595e-03
3.972595e-03
3.972595e-03
3.972595e-03
3.972595e-03
3.972595e-03
3.972595e-03
3.972595e-03
3.972595e-03
3.972595e-03
3.972595e-03
3.972595e-03
3.972595e-03
3.972595e-03
3.972595e-03
3.972595e-03
3.972595e-03
3.972595e-03
3.972595e-03
3.972595e-03
3.972595e-03
3.972595e-03
3.972595e-03
3.972595e-03
3.972595e-03
3.972595e-03
3.972595e-03
3.972595e-03
3.972595e-03
3.972595e-03
3.972595e-03
3.972595e-03
3.972595e-03
3.972595e-03
3.972595e-03
3.972595e-03
3.972595e-03
3.972595e-03
3.972595e-03
3.972595e-03
3.972595e-03
3.972595e-03
3.972595e-03
3.972595e-03
3.972595e-03
3.972595e-03
3.972595e-03
3.972595e-03
3.972595e-03
3.972595e-03
3.972595e-03
3.972595e-03
3.972595e-03
3.972595e-03
3.972595e-03
3.972595e-03
3.972595e-03
3.972595e-03
3.972595e-03
3.972595e-03
3.972595e-03
3.972595e-03
3.972595e-03
3.972595e-03
3.972595e-03
3.972595e-03
3.972595e-03
3.972595e-03
3.972595e-03
3.972595e-03
3.972595e-03
3.972595e-03
3.972595e-03
3.972595e-03
3.972595e-03
3.972595e-03
3.972595e-03
3.972595e-03
3.972595e-03
3.972595e-03
3.972595e-03
3.972595e-03
3.972595e-03
3.972595e-03
3.972595e-03
3.972595e-03
3.972595e-03
3.972595e-03
3.972595e-03
3.972595e-03
3.972595e-03
3.972595e-03
3.972595e-03
3.972595e-03
3.972595e-03
3.972595e-03
3.972595e-03
3.972595e-03
3.972595e-03
3.972595e-03
3.972595e-03
3.972595e-03
3.972595e-03
3.972595e-03
3.972595e-03
3.972595e-03
3.972595e-03
3.972595e-03
3.972595e-03
3.972595e-03
3.972595e-03
3.972595e-03
3.972595e-03
3.972595e-03
3.972595e-03
3.972595e-03
3.972595e-03
3.972595e-03
3.972595e-03
3.972595e-03
3.972595e-03
3.972595e-03
3.972595e-03
3.972595e-03
3.972595e-03
3.972595e-03
3.972595e-03
3.972595e-03
3.972595e-03
3.972595e-03
3.972595e-03
3.972595e-03
3.972595e-03
3.972595e-03
3.972595e-03
3.972595e-03
3.972595e-03
3.972595e-03
3.972595e-03
3.972595e-03
