0.000000e+00
1.110371e-07
2.254086e-07
3.431146e-07
4.641550e-07
5.885299e-07
7.162392e-07
8.472830e-07
9.816612e-07
1.119374e-06
1.260421e-06
1.404803e-06
1.552519e-06
1.703569e-06
1.857954e-06
2.015673e-06
2.176727e-06
2.341115e-06
2.508838e-06
2.679895e-06
2.854287e-06
3.032013e-06
3.213073e-06
3.397468e-06
3.585197e-06
3.776261e-06
3.970660e-06
4.168392e-06
4.369459e-06
4.573861e-06
4.781597e-06
4.992668e-06
5.207072e-06
5.424812e-06
5.645886e-06
5.870294e-06
6.098037e-06
6.329114e-06
6.563526e-06
6.801272e-06
7.042352e-06
7.286767e-06
7.534517e-06
7.785600e-06
8.040019e-06
8.297771e-06
8.558859e-06
8.823280e-06
9.091036e-06
9.362127e-06
9.636552e-06
9.914311e-06
1.019541e-05
1.047983e-05
1.076760e-05
1.105869e-05
1.135313e-05
1.165089e-05
1.195199e-05
1.225643e-05
1.256420e-05
1.287530e-05
1.318974e-05
1.350751e-05
1.382862e-05
1.415306e-05
1.448084e-05
1.481195e-05
1.514639e-05
1.548417e-05
1.582529e-05
1.616973e-05
1.651752e-05
1.686863e-05
1.722309e-05
1.758087e-05
1.794199e-05
1.830645e-05
1.867424e-05
1.904536e-05
1.941982e-05
1.979761e-05
2.017874e-05
2.056320e-05
2.095100e-05
2.134213e-05
2.173659e-05
2.213439e-05
2.253553e-05
2.294000e-05
2.334780e-05
2.375894e-05
2.417341e-05
2.459121e-05
2.501235e-05
2.543683e-05
2.586464e-05
2.629578e-05
2.673026e-05
2.716807e-05
2.760922e-05
2.805370e-05
2.850152e-05
2.895267e-05
2.940716e-05
2.986497e-05
3.032613e-05
3.079062e-05
3.125844e-05
3.172960e-05
3.220409e-05
3.268192e-05
3.316308e-05
3.364757e-05
3.413540e-05
3.462657e-05
3.512106e-05
3.561890e-05
3.612006e-05
3.662457e-05
3.713240e-05
3.764357e-05
3.815808e-05
3.867592e-05
3.919709e-05
3.972160e-05
4.024944e-05
4.078062e-05
4.131513e-05
4.185298e-05
4.239416e-05
4.293867e-05
4.348652e-05
4.403771e-05
4.459223e-05
4.515008e-05
4.571127e-05
4.627579e-05
4.684365e-05
4.741484e-05
4.798936e-05
4.856722e-05
4.914842e-05
4.973294e-05
5.032081e-05
5.091200e-05
5.150654e-05
5.210440e-05
5.270560e-05
5.331014e-05
5.391801e-05
5.452921e-05
5.514375e-05
5.576162e-05
5.638283e-05
5.700737e-05
5.763525e-05
5.826646e-05
5.890101e-05
5.953889e-05
6.018010e-05
6.082465e-05
6.147253e-05
6.212375e-05
6.277830e-05
6.343619e-05
6.409741e-05
6.476196e-05
6.542985e-05
6.610108e-05
6.677564e-05
6.745353e-05
6.813476e-05
6.881932e-05
6.950722e-05
7.019845e-05
7.089301e-05
7.159091e-05
7.229215e-05
7.299671e-05
7.370462e-05
7.441585e-05
7.513043e-05
7.584833e-05
7.656957e-05
7.729415e-05
7.802206e-05
7.875330e-05
7.948788e-05
8.022580e-05
8.096704e-05
8.171163e-05
8.245954e-05
8.321079e-05
8.396538e-05
8.472330e-05
8.548455e-05
8.624914e-05
8.701706e-05
8.778832e-05
8.856291e-05
8.934084e-05
9.012210e-05
9.090670e-05
9.169463e-05
9.248589e-05
9.328049e-05
9.407842e-05
9.487969e-05
9.568429e-05
9.649223e-05
9.730350e-05
9.811810e-05
9.893604e-05
9.975732e-05
1.005819e-04
1.014099e-04
1.022411e-04
1.030758e-04
1.039137e-04
1.047550e-04
1.055996e-04
1.064476e-04
1.072988e-04
1.081535e-04
1.090114e-04
1.098727e-04
1.107373e-04
1.116053e-04
1.124766e-04
1.133512e-04
1.142292e-04
1.151104e-04
1.159951e-04
1.168830e-04
1.177743e-04
1.186690e-04
1.195669e-04
1.204682e-04
1.213729e-04
1.222808e-04
1.231921e-04
1.241068e-04
1.250248e-04
1.259461e-04
1.268707e-04
1.277987e-04
1.287300e-04
1.296646e-04
1.306026e-04
1.315439e-04
1.324886e-04
1.334366e-04
1.343879e-04
1.353425e-04
1.363005e-04
1.372618e-04
1.382265e-04
1.391945e-04
1.401658e-04
1.411405e-04
1.421185e-04
1.430998e-04
1.440845e-04
1.450725e-04
1.460638e-04
1.470585e-04
1.480565e-04
1.490578e-04
1.500625e-04
1.510705e-04
1.520818e-04
1.530965e-04
1.541145e-04
1.551358e-04
1.561605e-04
1.571885e-04
1.582198e-04
1.592545e-04
1.602925e-04
1.613339e-04
1.623786e-04
1.634266e-04
1.644779e-04
1.655326e-04
1.665906e-04
1.676520e-04
1.687167e-04
1.697847e-04
1.708561e-04
1.719308e-04
1.730088e-04
1.740901e-04
1.751748e-04
1.762629e-04
1.773542e-04
1.784489e-04
1.795470e-04
1.806483e-04
1.817530e-04
1.828611e-04
1.839724e-04
1.850872e-04
1.862052e-04
1.873266e-04
1.884513e-04
1.895793e-04
1.907107e-04
1.918454e-04
1.929835e-04
1.941248e-04
1.952696e-04
1.964176e-04
1.975690e-04
1.987237e-04
1.998818e-04
2.010431e-04
2.022079e-04
2.033759e-04
2.045473e-04
2.057220e-04
2.069001e-04
2.080815e-04
2.092662e-04
2.104543e-04
2.116457e-04
2.128404e-04
2.140385e-04
2.152399e-04
2.164446e-04
2.176527e-04
2.188641e-04
2.200788e-04
2.212969e-04
2.225183e-04
2.237431e-04
2.249711e-04
2.262026e-04
2.274373e-04
2.286754e-04
2.299168e-04
2.311615e-04
2.324096e-04
2.336610e-04
2.349158e-04
2.361739e-04
2.374353e-04
2.387001e-04
2.399681e-04
2.412396e-04
2.425143e-04
2.437924e-04
2.450739e-04
2.463586e-04
2.476467e-04
2.489381e-04
2.502329e-04
2.515310e-04
2.528324e-04
2.541372e-04
2.554453e-04
2.567568e-04
2.580715e-04
2.593896e-04
2.607111e-04
2.620359e-04
2.633640e-04
2.646954e-04
2.660302e-04
2.673683e-04
2.687097e-04
2.700545e-04
2.714026e-04
2.727541e-04
2.741089e-04
2.754670e-04
2.768285e-04
2.781932e-04
2.795614e-04
2.809328e-04
2.823076e-04
2.836858e-04
2.850672e-04
2.864520e-04
2.878401e-04
2.892316e-04
2.906264e-04
2.920245e-04
2.934260e-04
2.948308e-04
2.962389e-04
2.976504e-04
2.990652e-04
3.004834e-04
3.019048e-04
3.033296e-04
3.047578e-04
3.061893e-04
3.076241e-04
3.090622e-04
3.105037e-04
3.119485e-04
3.133967e-04
3.148482e-04
3.163030e-04
3.177611e-04
3.192226e-04
3.206874e-04
3.221556e-04
3.236271e-04
3.251019e-04
3.265801e-04
3.280616e-04
3.295464e-04
3.310346e-04
3.325261e-04
3.340209e-04
3.355191e-04
3.370206e-04
3.385254e-04
3.400336e-04
3.415451e-04
3.430599e-04
3.445781e-04
3.460996e-04
3.476244e-04
3.491526e-04
3.506841e-04
3.522190e-04
3.537572e-04
3.552987e-04
3.568435e-04
3.583917e-04
3.599432e-04
3.614981e-04
3.630563e-04
3.646178e-04
3.661826e-04
3.677508e-04
3.693224e-04
3.708972e-04
3.724754e-04
3.740569e-04
3.756418e-04
3.772300e-04
3.788215e-04
3.804164e-04
3.820146e-04
3.836161e-04
3.852210e-04
3.868292e-04
3.884407e-04
3.900556e-04
3.916738e-04
3.932954e-04
3.949202e-04
3.965484e-04
3.981800e-04
3.998149e-04
4.014531e-04
4.030946e-04
4.047395e-04
4.063877e-04
4.080393e-04
4.096942e-04
4.113524e-04
4.130139e-04
4.146788e-04
4.163471e-04
4.180186e-04
4.196935e-04
4.213717e-04
4.230533e-04
4.247382e-04
4.264264e-04
4.281180e-04
4.298129e-04
4.315111e-04
4.332127e-04
4.349176e-04
4.366258e-04
4.383374e-04
4.400523e-04
4.417706e-04
4.434921e-04
4.452170e-04
4.469453e-04
4.486769e-04
4.504118e-04
4.521500e-04
4.538916e-04
4.556365e-04
4.573848e-04
4.591364e-04
4.608913e-04
4.626495e-04
4.644111e-04
4.661760e-04
4.679443e-04
4.697159e-04
4.714908e-04
4.732691e-04
4.750507e-04
4.768356e-04
4.786239e-04
4.804155e-04
4.822104e-04
4.840087e-04
4.858103e-04
4.876152e-04
4.894235e-04
4.912351e-04
4.930500e-04
4.948683e-04
4.966899e-04
4.985148e-04
5.003431e-04
5.021747e-04
5.040097e-04
5.058480e-04
5.076896e-04
5.095345e-04
5.113828e-04
5.132344e-04
5.150894e-04
5.169477e-04
5.188093e-04
5.206742e-04
5.225425e-04
5.244142e-04
5.262891e-04
5.281674e-04
5.300490e-04
5.319340e-04
5.338223e-04
5.357139e-04
5.376089e-04
5.395072e-04
5.414088e-04
5.433138e-04
5.452221e-04
5.471337e-04
5.490487e-04
5.509670e-04
5.528887e-04
5.548136e-04
5.567420e-04
5.586736e-04
5.606086e-04
5.625469e-04
5.644885e-04
5.664335e-04
5.683818e-04
5.703335e-04
5.722885e-04
5.742468e-04
5.762085e-04
5.781734e-04
5.801418e-04
5.821134e-04
5.840884e-04
5.860667e-04
5.880484e-04
5.900334e-04
5.920217e-04
5.940134e-04
5.960084e-04
5.980067e-04
6.000084e-04
6.020134e-04
6.040217e-04
6.060334e-04
6.080484e-04
6.100668e-04
6.120884e-04
6.141134e-04
6.161418e-04
6.181735e-04
6.202085e-04
6.222468e-04
6.242885e-04
6.263335e-04
6.283819e-04
6.304336e-04
6.324886e-04
6.345469e-04
6.366086e-04
6.386737e-04
6.407420e-04
6.428137e-04
6.448887e-04
6.469671e-04
6.490488e-04
6.511338e-04
6.532222e-04
6.553139e-04
6.574089e-04
6.595073e-04
6.616090e-04
6.637140e-04
6.658224e-04
6.679341e-04
6.700491e-04
6.721675e-04
6.742892e-04
6.764143e-04
6.785426e-04
6.806743e-04
6.828094e-04
6.849478e-04
6.870895e-04
6.892345e-04
6.913829e-04
6.935346e-04
6.956897e-04
6.978481e-04
7.000098e-04
7.021749e-04
7.043433e-04
7.065150e-04
7.086900e-04
7.108684e-04
7.130502e-04
7.152352e-04
7.174236e-04
7.196154e-04
7.218104e-04
7.240088e-04
7.262106e-04
7.284156e-04
7.306240e-04
7.328358e-04
7.350508e-04
7.372692e-04
7.394910e-04
7.417161e-04
7.439445e-04
7.461762e-04
7.484113e-04
7.506497e-04
7.528915e-04
7.551365e-04
7.573850e-04
7.596367e-04
7.618918e-04
7.641502e-04
7.664120e-04
7.686771e-04
7.709455e-04
7.732173e-04
7.754923e-04
7.777708e-04
7.800525e-04
7.823376e-04
7.846261e-04
7.869178e-04
7.892129e-04
7.915114e-04
7.938131e-04
7.961182e-04
7.984267e-04
8.007384e-04
8.030536e-04
8.053720e-04
8.076938e-04
8.100189e-04
8.123473e-04
8.146791e-04
8.170142e-04
8.193527e-04
8.216944e-04
8.240396e-04
8.263880e-04
8.287398e-04
8.310949e-04
8.334534e-04
8.358152e-04
8.381803e-04
8.405487e-04
8.429205e-04
8.452957e-04
8.476741e-04
8.500559e-04
8.524410e-04
8.548295e-04
8.572213e-04
8.596164e-04
8.620149e-04
8.644167e-04
8.668219e-04
8.692303e-04
8.716421e-04
8.740573e-04
8.764757e-04
8.788976e-04
8.813227e-04
8.837512e-04
8.861830e-04
8.886181e-04
8.910566e-04
8.934984e-04
8.959436e-04
8.983921e-04
9.008439e-04
9.032990e-04
9.057575e-04
9.082193e-04
9.106845e-04
9.131530e-04
9.156248e-04
9.181000e-04
9.205785e-04
9.230603e-04
9.255455e-04
9.280340e-04
9.305258e-04
9.330210e-04
9.355195e-04
9.380213e-04
9.405265e-04
9.430350e-04
9.455468e-04
9.480620e-04
9.505805e-04
9.531023e-04
9.556275e-04
9.581560e-04
9.606879e-04
9.632230e-04
9.657616e-04
9.683034e-04
9.708486e-04
9.733971e-04
9.759490e-04
9.785042e-04
9.810627e-04
9.836245e-04
9.861897e-04
9.887582e-04
9.913301e-04
9.939053e-04
9.964838e-04
9.990657e-04
1.001651e-03
1.004239e-03
1.006831e-03
1.009426e-03
1.012025e-03
1.014627e-03
1.017232e-03
1.019841e-03
1.022452e-03
1.025068e-03
1.027686e-03
1.030308e-03
1.032933e-03
1.035562e-03
1.038194e-03
1.040829e-03
1.043468e-03
1.046109e-03
1.048755e-03
1.051403e-03
1.054055e-03
1.056710e-03
1.059369e-03
1.062031e-03
1.064696e-03
1.067364e-03
1.070036e-03
1.072712e-03
1.075390e-03
1.078072e-03
1.080757e-03
1.083446e-03
1.086138e-03
1.088833e-03
1.091532e-03
1.094233e-03
1.096939e-03
1.099647e-03
1.102359e-03
1.105074e-03
1.107793e-03
1.110515e-03
1.113240e-03
1.115969e-03
1.118701e-03
1.121436e-03
1.124174e-03
1.126916e-03
1.129662e-03
1.132410e-03
1.135162e-03
1.137917e-03
1.140676e-03
1.143438e-03
1.146203e-03
1.148972e-03
1.151744e-03
1.154519e-03
1.157298e-03
1.160079e-03
1.162865e-03
1.165653e-03
1.168445e-03
1.171241e-03
1.174039e-03
1.176841e-03
1.179646e-03
1.182455e-03
1.185267e-03
1.188082e-03
1.190901e-03
1.193723e-03
1.196548e-03
1.199377e-03
1.202209e-03
1.205044e-03
1.207882e-03
1.210724e-03
1.213570e-03
1.216418e-03
1.219270e-03
1.222126e-03
1.224984e-03
1.227846e-03
1.230711e-03
1.233580e-03
1.236452e-03
1.239327e-03
1.242206e-03
1.245088e-03
1.247973e-03
1.250862e-03
1.253754e-03
1.256649e-03
1.259548e-03
1.262450e-03
1.265355e-03
1.268264e-03
1.271176e-03
1.274091e-03
1.277010e-03
1.279931e-03
1.282857e-03
1.285785e-03
1.288717e-03
1.291653e-03
1.294591e-03
1.297533e-03
1.300479e-03
1.303427e-03
1.306379e-03
1.309335e-03
1.312293e-03
1.315255e-03
1.318221e-03
1.321189e-03
1.324161e-03
1.327137e-03
1.330115e-03
1.333097e-03
1.336083e-03
1.339071e-03
1.342063e-03
1.345059e-03
1.348057e-03
1.351059e-03
1.354065e-03
1.357073e-03
1.360085e-03
1.363101e-03
1.366119e-03
1.369141e-03
1.372167e-03
1.375195e-03
1.378227e-03
1.381263e-03
1.384301e-03
1.387343e-03
1.390389e-03
1.393437e-03
1.396489e-03
1.399545e-03
1.402603e-03
1.405665e-03
1.408731e-03
1.411800e-03
1.414872e-03
1.417947e-03
1.421026e-03
1.424108e-03
1.427193e-03
1.430282e-03
1.433374e-03
1.436469e-03
1.439568e-03
1.442670e-03
1.445775e-03
1.448884e-03
1.451996e-03
1.455111e-03
1.458230e-03
1.461352e-03
1.464477e-03
1.467606e-03
1.470738e-03
1.473874e-03
1.477012e-03
1.480154e-03
1.483300e-03
1.486448e-03
1.489601e-03
1.492756e-03
1.495915e-03
1.499077e-03
1.502242e-03
1.505411e-03
1.508583e-03
1.511758e-03
1.514937e-03
1.518119e-03
1.521304e-03
1.524493e-03
1.527685e-03
1.530881e-03
1.534079e-03
1.537281e-03
1.540487e-03
1.543696e-03
1.546908e-03
1.550123e-03
1.553342e-03
1.556564e-03
1.559789e-03
1.563018e-03
1.566250e-03
1.569486e-03
1.572724e-03
1.575966e-03
1.579212e-03
1.582461e-03
1.585713e-03
1.588968e-03
1.592227e-03
1.595489e-03
1.598754e-03
1.602023e-03
1.605295e-03
1.608571e-03
1.611849e-03
1.615131e-03
1.618417e-03
1.621706e-03
1.624998e-03
1.628293e-03
1.631592e-03
1.634894e-03
1.638199e-03
1.641508e-03
1.644820e-03
1.648136e-03
1.651455e-03
1.654777e-03
1.658102e-03
1.661431e-03
1.664763e-03
1.668098e-03
1.671437e-03
1.674779e-03
1.678125e-03
1.681474e-03
1.684826e-03
1.688181e-03
1.691540e-03
1.694902e-03
1.698268e-03
1.701636e-03
1.705008e-03
1.708384e-03
1.711763e-03
1.715145e-03
1.718530e-03
1.721919e-03
1.725311e-03
1.728707e-03
1.732106e-03
1.735508e-03
1.738913e-03
1.742322e-03
1.745734e-03
1.749150e-03
1.752568e-03
1.755991e-03
1.759416e-03
1.762845e-03
1.766277e-03
1.769712e-03
1.773151e-03
1.776593e-03
1.780039e-03
1.783488e-03
1.786940e-03
1.790395e-03
1.793854e-03
1.797316e-03
1.800782e-03
1.804251e-03
1.807723e-03
1.811198e-03
1.814677e-03
1.818159e-03
1.821645e-03
1.825134e-03
1.828626e-03
1.832121e-03
1.835620e-03
1.839122e-03
1.842628e-03
1.846137e-03
1.849649e-03
1.853164e-03
1.856683e-03
1.860205e-03
1.863731e-03
1.867260e-03
1.870792e-03
1.874327e-03
1.877866e-03
1.881408e-03
1.884954e-03
1.888503e-03
1.892055e-03
1.895610e-03
1.899169e-03
1.902732e-03
1.906297e-03
1.909866e-03
1.913438e-03
1.917014e-03
1.920592e-03
1.924175e-03
1.927760e-03
1.931349e-03
1.934941e-03
1.938537e-03
1.942136e-03
1.945738e-03
1.949343e-03
1.952952e-03
1.956564e-03
1.960180e-03
1.963799e-03
1.967421e-03
1.971047e-03
1.974676e-03
1.978308e-03
1.981943e-03
1.985582e-03
1.989224e-03
1.992870e-03
1.996519e-03
2.000171e-03
2.003827e-03
2.007486e-03
2.011148e-03
2.014813e-03
2.018482e-03
2.022154e-03
2.025830e-03
2.029509e-03
2.033191e-03
2.036877e-03
2.040566e-03
2.044258e-03
2.047953e-03
2.051652e-03
2.055354e-03
2.059060e-03
2.062769e-03
2.066481e-03
2.070197e-03
2.073916e-03
2.077638e-03
2.081364e-03
2.085092e-03
2.088825e-03
2.092560e-03
2.096299e-03
2.100041e-03
2.103787e-03
2.107536e-03
2.111288e-03
2.115044e-03
2.118803e-03
2.122565e-03
2.126331e-03
2.130099e-03
2.133872e-03
2.137647e-03
2.141426e-03
2.145208e-03
2.148994e-03
2.152783e-03
2.156575e-03
2.160371e-03
2.164170e-03
2.167972e-03
2.171778e-03
2.175587e-03
2.179399e-03
2.183215e-03
2.187033e-03
2.190856e-03
2.194681e-03
2.198510e-03
2.202343e-03
2.206178e-03
2.210017e-03
2.213859e-03
2.217705e-03
2.221554e-03
2.225406e-03
2.229262e-03
2.233121e-03
2.236983e-03
2.240849e-03
2.244718e-03
2.248590e-03
2.252466e-03
2.256345e-03
2.260227e-03
2.264113e-03
2.268002e-03
2.271894e-03
2.275789e-03
2.279688e-03
2.283591e-03
2.287496e-03
2.291405e-03
2.295318e-03
2.299233e-03
2.303152e-03
2.307075e-03
2.311000e-03
2.314929e-03
2.318861e-03
2.322797e-03
2.326736e-03
2.330678e-03
2.334624e-03
2.338573e-03
2.342525e-03
2.346481e-03
2.350440e-03
2.354402e-03
2.358368e-03
2.362337e-03
2.366309e-03
2.370285e-03
2.374264e-03
2.378246e-03
2.382232e-03
2.386221e-03
2.390213e-03
2.394209e-03
2.398208e-03
2.402210e-03
2.406216e-03
2.410225e-03
2.414237e-03
2.418253e-03
2.422272e-03
2.426294e-03
2.430320e-03
2.434349e-03
2.438381e-03
2.442417e-03
2.446456e-03
2.450498e-03
2.454544e-03
2.458593e-03
2.462646e-03
2.466701e-03
2.470760e-03
2.474823e-03
2.478888e-03
2.482957e-03
2.487030e-03
2.491105e-03
2.495184e-03
2.499267e-03
2.503352e-03
2.507441e-03
2.511534e-03
2.515630e-03
2.519729e-03
2.523831e-03
2.527937e-03
2.532046e-03
2.536158e-03
2.540274e-03
2.544393e-03
2.548515e-03
2.552641e-03
2.556770e-03
2.560902e-03
2.565038e-03
2.569177e-03
2.573319e-03
2.577465e-03
2.581614e-03
2.585767e-03
2.589922e-03
2.594081e-03
2.598244e-03
2.602410e-03
2.606579e-03
2.610751e-03
2.614927e-03
2.619106e-03
2.623288e-03
2.627474e-03
2.631663e-03
2.635855e-03
2.640051e-03
2.644250e-03
2.648453e-03
2.652658e-03
2.656867e-03
2.661080e-03
2.665296e-03
2.669515e-03
2.673737e-03
2.677963e-03
2.682192e-03
2.686424e-03
2.690660e-03
2.694899e-03
2.699142e-03
2.703387e-03
2.707636e-03
2.711889e-03
2.716145e-03
2.720404e-03
2.724666e-03
2.728932e-03
2.733201e-03
2.737473e-03
2.741749e-03
2.746028e-03
2.750311e-03
2.754596e-03
2.758885e-03
2.763178e-03
2.767474e-03
2.771773e-03
2.776075e-03
2.780381e-03
2.784690e-03
2.789003e-03
2.793318e-03
2.797637e-03
2.801960e-03
2.806286e-03
2.810615e-03
2.814947e-03
2.819283e-03
2.823622e-03
2.827965e-03
2.832310e-03
2.836659e-03
2.841012e-03
2.845368e-03
2.849727e-03
2.854089e-03
2.858455e-03
2.862824e-03
2.867197e-03
2.871572e-03
2.875952e-03
2.880334e-03
2.884720e-03
2.889109e-03
2.893501e-03
2.897897e-03
2.902296e-03
2.906699e-03
2.911105e-03
2.915514e-03
2.919926e-03
2.924342e-03
2.928761e-03
2.933184e-03
2.937609e-03
2.942039e-03
2.946471e-03
2.950907e-03
2.955346e-03
2.959789e-03
2.964234e-03
2.968684e-03
2.973136e-03
2.977592e-03
2.982051e-03
2.986513e-03
2.990979e-03
2.995448e-03
2.999921e-03
3.004397e-03
3.008876e-03
3.013358e-03
3.017844e-03
3.022333e-03
3.026826e-03
3.031322e-03
3.035821e-03
3.040323e-03
3.044829e-03
3.049338e-03
3.053851e-03
3.058367e-03
3.062886e-03
3.067409e-03
3.071934e-03
3.076464e-03
3.080996e-03
3.085532e-03
3.090071e-03
3.094614e-03
3.099159e-03
3.103709e-03
3.108261e-03
3.112817e-03
3.117376e-03
3.121939e-03
3.126505e-03
3.131074e-03
3.135646e-03
3.140222e-03
3.144801e-03
3.149384e-03
3.153970e-03
3.158559e-03
3.163151e-03
3.167747e-03
3.172347e-03
3.176949e-03
3.181555e-03
3.186164e-03
3.190777e-03
3.195393e-03
3.200012e-03
3.204634e-03
3.209260e-03
3.213889e-03
3.218522e-03
3.223158e-03
3.227797e-03
3.232440e-03
3.237086e-03
3.241735e-03
3.246387e-03
3.251043e-03
3.255702e-03
3.260365e-03
3.265031e-03
3.269700e-03
3.274373e-03
3.279049e-03
3.283728e-03
3.288410e-03
3.293096e-03
3.297785e-03
3.302478e-03
3.307174e-03
3.311873e-03
3.316576e-03
3.321282e-03
3.325991e-03
3.330703e-03
3.335419e-03
3.340139e-03
3.344861e-03
3.349587e-03
3.354316e-03
3.359049e-03
3.363785e-03
3.368524e-03
3.373267e-03
3.378013e-03
3.382762e-03
3.387514e-03
3.392270e-03
3.397030e-03
3.401792e-03
3.406558e-03
3.411327e-03
3.416100e-03
3.420876e-03
3.425655e-03
3.430438e-03
3.435224e-03
3.440013e-03
3.444806e-03
3.449602e-03
3.454401e-03
3.459203e-03
3.464009e-03
3.468819e-03
3.473631e-03
3.478447e-03
3.483266e-03
3.488089e-03
3.492915e-03
3.497744e-03
3.502577e-03
3.507413e-03
3.512252e-03
3.517095e-03
3.521941e-03
3.526790e-03
3.531643e-03
3.536499e-03
3.541358e-03
3.546220e-03
3.551086e-03
3.555956e-03
3.560828e-03
3.565704e-03
3.570584e-03
3.575466e-03
3.580352e-03
3.585241e-03
3.590134e-03
3.595030e-03
3.599929e-03
3.604832e-03
3.609738e-03
3.614647e-03
3.619560e-03
3.624476e-03
3.629395e-03
3.634318e-03
3.639244e-03
3.644173e-03
3.649106e-03
3.654042e-03
3.658981e-03
3.663924e-03
3.668870e-03
3.673819e-03
3.678772e-03
3.683728e-03
3.688687e-03
3.693650e-03
3.698616e-03
3.703585e-03
3.708558e-03
3.713534e-03
3.718513e-03
3.723496e-03
3.728482e-03
3.733471e-03
3.738464e-03
3.743460e-03
3.748459e-03
3.753462e-03
3.758468e-03
3.763477e-03
3.768490e-03
3.773506e-03
3.778525e-03
3.783548e-03
3.788574e-03
3.793603e-03
3.798636e-03
3.803672e-03
3.808711e-03
3.813754e-03
3.818800e-03
3.823849e-03
3.828902e-03
3.833958e-03
3.839017e-03
3.844080e-03
3.849146e-03
3.854215e-03
3.859288e-03
3.864364e-03
3.869443e-03
3.874526e-03
3.879612e-03
3.884701e-03
3.889794e-03
3.894890e-03
3.899990e-03
3.905092e-03
3.910198e-03
3.914643e-03
3.919071e-03
3.923482e-03
3.927877e-03
3.932255e-03
3.936617e-03
3.940962e-03
3.945290e-03
3.949601e-03
3.953896e-03
3.958175e-03
3.962436e-03
3.966682e-03
3.970910e-03
3.975122e-03
3.979317e-03
3.983496e-03
3.987658e-03
3.991803e-03
3.995932e-03
4.000044e-03
4.004139e-03
4.008218e-03
4.012280e-03
4.016326e-03
4.020355e-03
4.024367e-03
4.028363e-03
4.032342e-03
4.036304e-03
4.040250e-03
4.044179e-03
4.048091e-03
4.051987e-03
4.055867e-03
4.059729e-03
4.063575e-03
4.067405e-03
4.071217e-03
4.075014e-03
4.078793e-03
4.082556e-03
4.086302e-03
4.090032e-03
4.093745e-03
4.097441e-03
4.101121e-03
4.104784e-03
4.108431e-03
4.112060e-03
4.115674e-03
4.119270e-03
4.122850e-03
4.126414e-03
4.129960e-03
4.133490e-03
4.137004e-03
4.140501e-03
4.143981e-03
4.147444e-03
4.150891e-03
4.154322e-03
4.157735e-03
4.161133e-03
4.164513e-03
4.167877e-03
4.171224e-03
4.174555e-03
4.177868e-03
4.181166e-03
4.184446e-03
4.187710e-03
4.190958e-03
4.194189e-03
4.197403e-03
4.200600e-03
4.203781e-03
4.206946e-03
4.210093e-03
4.213224e-03
4.216339e-03
4.219436e-03
4.222517e-03
4.225582e-03
4.228630e-03
4.231661e-03
4.234676e-03
4.237674e-03
4.240655e-03
4.243620e-03
4.246568e-03
4.249499e-03
4.252414e-03
4.255313e-03
4.258194e-03
4.261059e-03
4.263907e-03
4.266739e-03
4.269554e-03
4.272353e-03
4.275135e-03
4.277900e-03
4.280648e-03
4.283380e-03
4.286096e-03
4.288794e-03
4.291476e-03
4.294142e-03
4.296791e-03
4.299423e-03
4.302038e-03
4.304637e-03
4.307220e-03
4.309785e-03
4.312334e-03
4.314867e-03
4.317383e-03
4.319882e-03
4.322364e-03
4.324830e-03
4.327279e-03
4.329712e-03
4.332128e-03
4.334527e-03
4.336910e-03
4.339276e-03
4.341626e-03
4.343959e-03
4.346275e-03
4.348575e-03
4.350858e-03
4.353124e-03
4.355374e-03
4.357607e-03
4.359823e-03
4.362023e-03
4.364206e-03
4.366373e-03
4.368523e-03
4.370656e-03
4.372773e-03
4.374873e-03
4.376957e-03
4.379023e-03
4.381074e-03
4.383107e-03
4.385124e-03
4.387124e-03
4.389108e-03
4.391075e-03
4.393026e-03
4.394959e-03
4.396877e-03
4.398777e-03
4.400661e-03
4.402528e-03
4.404379e-03
4.406213e-03
4.408031e-03
4.409831e-03
4.411616e-03
4.413383e-03
4.415134e-03
4.416868e-03
4.418586e-03
4.420287e-03
4.421971e-03
4.423639e-03
4.425290e-03
4.426925e-03
4.428543e-03
4.430144e-03
4.431728e-03
4.433296e-03
4.434848e-03
4.436383e-03
4.437901e-03
4.439402e-03
4.440887e-03
4.442355e-03
4.443807e-03
4.445242e-03
4.446660e-03
4.448062e-03
4.449447e-03
4.450815e-03
4.452167e-03
4.453502e-03
4.454821e-03
4.456123e-03
4.457408e-03
4.458677e-03
4.459929e-03
4.461164e-03
4.462383e-03
4.463585e-03
4.464771e-03
4.465940e-03
4.467092e-03
4.468228e-03
4.469347e-03
4.470449e-03
4.471535e-03
4.472604e-03
4.473657e-03
4.474693e-03
4.475712e-03
4.476715e-03
4.477701e-03
4.478670e-03
4.479623e-03
4.480559e-03
4.481478e-03
4.482381e-03
4.483268e-03
4.484137e-03
4.484990e-03
4.485827e-03
4.486646e-03
4.487449e-03
4.488236e-03
4.489006e-03
4.489759e-03
4.490496e-03
4.491216e-03
4.491919e-03
4.492606e-03
4.493276e-03
4.493929e-03
4.494566e-03
4.495186e-03
4.495790e-03
4.496377e-03
4.496947e-03
4.497501e-03
4.498038e-03
4.498558e-03
4.499062e-03
4.499549e-03
4.500020e-03
4.500474e-03
4.500911e-03
4.501332e-03
4.501736e-03
4.502123e-03
4.502494e-03
4.502848e-03
4.503186e-03
4.503507e-03
4.503811e-03
4.504098e-03
4.504369e-03
4.504624e-03
4.504862e-03
4.505083e-03
4.505287e-03
4.505475e-03
4.505646e-03
4.505801e-03
4.505939e-03
4.506060e-03
4.506165e-03
4.506253e-03
4.506325e-03
4.506380e-03
4.506418e-03
4.506439e-03
4.506444e-03
4.506433e-03
4.506404e-03
4.506359e-03
4.506298e-03
4.506220e-03
4.506125e-03
4.506014e-03
4.505885e-03
4.505741e-03
4.505579e-03
4.505402e-03
4.505207e-03
4.504996e-03
4.504768e-03
4.504524e-03
4.504262e-03
4.503985e-03
4.503690e-03
4.503379e-03
4.503052e-03
4.502708e-03
4.502347e-03
4.501969e-03
4.501575e-03
4.501165e-03
4.500737e-03
4.500293e-03
4.499833e-03
4.499355e-03
4.498861e-03
4.498351e-03
4.497824e-03
4.497502e-03
4.497502e-03
4.497502e-03
4.497502e-03
4.497502e-03
4.497502e-03
4.497502e-03
4.497502e-03
4.497502e-03
4.497502e-03
4.497502e-03
4.497502e-03
4.497502e-03
4.497502e-03
4.497502e-03
4.497502e-03
4.497502e-03
4.497502e-03
4.497502e-03
4.497502e-03
4.497502e-03
4.497502e-03
4.497502e-03
4.497502e-03
4.497502e-03
4.497502e-03
4.497502e-03
4.497502e-03
4.497502e-03
4.497502e-03
4.497502e-03
4.497502e-03
4.497502e-03
4.497502e-03
4.497502e-03
4.497502e-03
4.497502e-03
4.497502e-03
4.497502e-03
4.497502e-03
4.497502e-03
4.497502e-03
4.497502e-03
4.497502e-03
4.497502e-03
4.497502e-03
4.497502e-03
4.497502e-03
4.497502e-03
4.497502e-03
4.497502e-03
4.497502e-03
4.497502e-03
4.497502e-03
4.497502e-03
4.497502e-03
4.497502e-03
4.497502e-03
4.497502e-03
4.497502e-03
4.497502e-03
4.497502e-03
4.497502e-03
4.497502e-03
4.497502e-03
4.497502e-03
4.497502e-03
4.497502e-03
4.497502e-03
4.497502e-03
4.497502e-03
4.497502e-03
4.497502e-03
4.497502e-03
4.497502e-03
4.497502e-03
4.497502e-03
4.497502e-03
4.497502e-03
4.497502e-03
4.497502e-03
4.497502e-03
4.497502e-03
4.497502e-03
4.497502e-03
4.497502e-03
4.497502e-03
4.497502e-03
4.497502e-03
4.497502e-03
4.497502e-03
4.497502e-03
4.497502e-03
4.497502e-03
4.497502e-03
4.497502e-03
4.497502e-03
4.497502e-03
4.497502e-03
4.497502e-03
4.497502e-03
4.497502e-03
4.497502e-03
4.497502e-03
4.497502e-03
4.497502e-03
4.497502e-03
4.497502e-03
4.497502e-03
4.497502e-03
4.497502e-03
4.497502e-03
4.497502e-03
4.497502e-03
4.497502e-03
4.497502e-03
4.497502e-03
4.497502e-03
4.497502e-03
4.497502e-03
4.497502e-03
4.497502e-03
4.497502e-03
4.497502e-03
4.497502e-03
4.497502e-03
4.497502e-03
4.497502e-03
4.497502e-03
4.497502e-03
4.497502e-03
4.497502e-03
4.497502e-03
4.497502e-03
4.497502e-03
4.497502e-03
4.497502e-03
4.497502e-03
4.497502e-03
4.497502e-03
4.497502e-03
4.497502e-03
4.497502e-03
4.497502e-03
4.497502e-03
4.497502e-03
4.497502e-03
4.497502e-03
4.497502e-03
4.497502e-03
4.497502e-03
4.497502e-03
4.497502e-03
4.497502e-03
4.497502e-03
4.497502e-03
4.497502e-03
4.497502e-03
4.497502e-03
4.497502e-03
4.497502e-03
4.497502e-03
4.497502e-03
4.497502e-03
4.497502e-03
4.497502e-03
4.497502e-03
4.497502e-03
4.497502e-03
4.497502e-03
4.497502e-03
4.497502e-03
4.497502e-03
4.497502e-03
4.497502e-03
4.497502e-03
4.497502e-03
4.497502e-03
4.497502e-03
4.497502e-03
4.497502e-03
4.497502e-03
4.497502e-03
4.497502e-03
4.497502e-03
4.497502e-03
4.497502e-03
4.497502e-03
4.497502e-03
4.497502e-03
4.497502e-03
4.497502e-03
4.497502e-03
4.497502e-03
4.497502e-03
4.497502e-03
4.497502e-03
4.497502e-03
4.497502e-03
4.497502e-03
4.497502e-03
