0.000000e+00
1.110371e-07
2.257509e-07
3.441414e-07
4.662087e-07
5.919527e-07
7.213734e-07
8.544708e-07
9.912450e-07
1.131696e-06
1.275823e-06
1.423628e-06
1.575109e-06
1.730267e-06
1.889101e-06
2.051612e-06
2.217800e-06
2.387665e-06
2.561206e-06
2.738425e-06
2.919319e-06
3.103891e-06
3.292139e-06
3.484064e-06
3.679666e-06
3.878945e-06
4.081900e-06
4.288532e-06
4.498840e-06
4.712826e-06
4.930488e-06
5.151827e-06
5.376842e-06
5.605535e-06
5.837904e-06
6.073949e-06
6.313672e-06
6.557071e-06
6.804147e-06
7.054899e-06
7.309329e-06
7.567435e-06
7.829218e-06
8.094677e-06
8.363813e-06
8.636626e-06
8.913116e-06
9.193282e-06
9.477126e-06
9.764645e-06
1.005584e-05
1.035072e-05
1.064927e-05
1.095149e-05
1.125740e-05
1.156698e-05
1.188023e-05
1.219717e-05
1.251778e-05
1.284206e-05
1.317003e-05
1.350167e-05
1.383699e-05
1.417598e-05
1.451865e-05
1.486500e-05
1.521502e-05
1.556872e-05
1.592610e-05
1.628716e-05
1.665189e-05
1.702029e-05
1.739238e-05
1.776814e-05
1.814758e-05
1.853069e-05
1.891748e-05
1.930795e-05
1.970210e-05
2.009992e-05
2.050142e-05
2.090659e-05
2.131544e-05
2.172797e-05
2.214418e-05
2.256406e-05
2.298762e-05
2.341485e-05
2.384577e-05
2.428035e-05
2.471862e-05
2.516056e-05
2.560618e-05
2.605548e-05
2.650845e-05
2.696510e-05
2.742542e-05
2.788943e-05
2.835711e-05
2.882846e-05
2.930350e-05
2.978221e-05
3.026459e-05
3.075065e-05
3.124039e-05
3.173381e-05
3.223090e-05
3.273167e-05
3.323612e-05
3.374424e-05
3.425604e-05
3.477152e-05
3.529067e-05
3.581350e-05
3.634001e-05
3.687020e-05
3.740406e-05
3.794159e-05
3.848281e-05
3.902770e-05
3.957626e-05
4.012851e-05
4.068443e-05
4.124403e-05
4.180730e-05
4.237425e-05
4.294488e-05
4.351918e-05
4.409717e-05
4.467882e-05
4.526416e-05
4.585317e-05
4.644586e-05
4.704222e-05
4.764226e-05
4.824598e-05
4.885338e-05
4.946445e-05
5.007920e-05
5.069762e-05
5.131972e-05
5.194550e-05
5.257496e-05
5.320809e-05
5.384490e-05
5.448538e-05
5.512955e-05
5.577738e-05
5.642890e-05
5.708409e-05
5.774296e-05
5.840551e-05
5.907173e-05
5.974163e-05
6.041521e-05
6.109246e-05
6.177339e-05
6.245799e-05
6.314628e-05
6.383824e-05
6.453387e-05
6.523319e-05
6.593618e-05
6.664284e-05
6.735318e-05
6.806720e-05
6.878490e-05
6.950627e-05
7.023132e-05
7.096005e-05
7.169246e-05
7.242854e-05
7.316829e-05
7.391173e-05
7.465884e-05
7.540962e-05
7.616409e-05
7.692223e-05
7.768405e-05
7.844954e-05
7.921871e-05
7.999156e-05
8.076808e-05
8.154828e-05
8.233216e-05
8.311972e-05
8.391095e-05
8.470585e-05
8.550444e-05
8.630670e-05
8.711264e-05
8.792225e-05
8.873554e-05
8.955251e-05
9.037316e-05
9.119748e-05
9.202548e-05
9.285715e-05
9.369251e-05
9.453153e-05
9.537424e-05
9.622062e-05
9.707068e-05
9.792442e-05
9.878183e-05
9.964292e-05
1.005077e-04
1.013761e-04
1.022482e-04
1.031240e-04
1.040035e-04
1.048867e-04
1.057735e-04
1.066640e-04
1.075582e-04
1.084560e-04
1.093576e-04
1.102628e-04
1.111717e-04
1.120842e-04
1.130005e-04
1.139204e-04
1.148440e-04
1.157712e-04
1.167022e-04
1.176368e-04
1.185751e-04
1.195171e-04
1.204627e-04
1.214121e-04
1.223651e-04
1.233218e-04
1.242821e-04
1.252462e-04
1.262139e-04
1.271853e-04
1.281603e-04
1.291391e-04
1.301215e-04
1.311076e-04
1.320974e-04
1.330908e-04
1.340879e-04
1.350887e-04
1.360932e-04
1.371014e-04
1.381132e-04
1.391287e-04
1.401479e-04
1.411708e-04
1.421973e-04
1.432275e-04
1.442614e-04
1.452990e-04
1.463403e-04
1.473852e-04
1.484338e-04
1.494861e-04
1.505420e-04
1.516017e-04
1.526650e-04
1.537319e-04
1.548026e-04
1.558770e-04
1.569550e-04
1.580367e-04
1.591220e-04
1.602111e-04
1.613038e-04
1.624002e-04
1.635003e-04
1.646040e-04
1.657115e-04
1.668226e-04
1.679373e-04
1.690558e-04
1.701779e-04
1.713038e-04
1.724332e-04
1.735664e-04
1.747033e-04
1.758438e-04
1.769880e-04
1.781358e-04
1.792874e-04
1.804426e-04
1.816015e-04
1.827641e-04
1.839304e-04
1.851003e-04
1.862739e-04
1.874512e-04
1.886322e-04
1.898168e-04
1.910051e-04
1.921971e-04
1.933928e-04
1.945921e-04
1.957952e-04
1.970019e-04
1.982122e-04
1.994263e-04
2.006440e-04
2.018654e-04
2.030905e-04
2.043193e-04
2.055517e-04
2.067878e-04
2.080276e-04
2.092711e-04
2.105182e-04
2.117690e-04
2.130235e-04
2.142817e-04
2.155436e-04
2.168091e-04
2.180783e-04
2.193512e-04
2.206277e-04
2.219080e-04
2.231919e-04
2.244795e-04
2.257708e-04
2.270657e-04
2.283643e-04
2.296666e-04
2.309726e-04
2.322822e-04
2.335956e-04
2.349126e-04
2.362332e-04
2.375576e-04
2.388856e-04
2.402173e-04
2.415527e-04
2.428918e-04
2.442345e-04
2.455809e-04
2.469310e-04
2.482848e-04
2.496423e-04
2.510034e-04
2.523682e-04
2.537367e-04
2.551088e-04
2.564846e-04
2.578641e-04
2.592473e-04
2.606342e-04
2.620247e-04
2.634189e-04
2.648168e-04
2.662184e-04
2.676236e-04
2.690326e-04
2.704452e-04
2.718614e-04
2.732814e-04
2.747050e-04
2.761323e-04
2.775633e-04
2.789980e-04
2.804363e-04
2.818783e-04
2.833240e-04
2.847734e-04
2.862264e-04
2.876831e-04
2.891435e-04
2.906076e-04
2.920753e-04
2.935468e-04
2.950219e-04
2.965006e-04
2.979831e-04
2.994692e-04
3.009590e-04
3.024525e-04
3.039497e-04
3.054505e-04
3.069550e-04
3.084632e-04
3.099751e-04
3.114906e-04
3.130099e-04
3.145328e-04
3.160593e-04
3.175896e-04
3.191235e-04
3.206611e-04
3.222024e-04
3.237474e-04
3.252960e-04
3.268483e-04
3.284043e-04
3.299640e-04
3.315273e-04
3.330943e-04
3.346650e-04
3.362394e-04
3.378175e-04
3.393992e-04
3.409846e-04
3.425737e-04
3.441664e-04
3.457629e-04
3.473630e-04
3.489668e-04
3.505742e-04
3.521854e-04
3.538002e-04
3.554187e-04
3.570409e-04
3.586667e-04
3.602962e-04
3.619294e-04
3.635663e-04
3.652069e-04
3.668511e-04
3.684990e-04
3.701506e-04
3.718058e-04
3.734648e-04
3.751274e-04
3.767937e-04
3.784637e-04
3.801373e-04
3.818146e-04
3.834956e-04
3.851803e-04
3.868687e-04
3.885607e-04
3.902564e-04
3.919558e-04
3.936588e-04
3.953656e-04
3.970760e-04
3.987901e-04
4.005078e-04
4.022293e-04
4.039544e-04
4.056832e-04
4.074157e-04
4.091518e-04
4.108916e-04
4.126351e-04
4.143823e-04
4.161332e-04
4.178877e-04
4.196459e-04
4.214078e-04
4.231734e-04
4.249426e-04
4.267155e-04
4.284921e-04
4.302724e-04
4.320563e-04
4.338440e-04
4.356353e-04
4.374302e-04
4.392289e-04
4.410312e-04
4.428372e-04
4.446469e-04
4.464603e-04
4.482773e-04
4.500980e-04
4.519224e-04
4.537505e-04
4.555822e-04
4.574176e-04
4.592567e-04
4.610995e-04
4.629460e-04
4.647961e-04
4.666499e-04
4.685074e-04
4.703685e-04
4.722334e-04
4.741019e-04
4.759741e-04
4.778499e-04
4.797295e-04
4.816127e-04
4.834996e-04
4.853902e-04
4.872844e-04
4.891823e-04
4.910839e-04
4.929892e-04
4.948982e-04
4.968108e-04
4.987271e-04
5.006471e-04
5.025708e-04
5.044981e-04
5.064291e-04
5.083638e-04
5.103022e-04
5.122442e-04
5.141900e-04
5.161394e-04
5.180924e-04
5.200492e-04
5.220096e-04
5.239737e-04
5.259415e-04
5.279130e-04
5.298881e-04
5.318669e-04
5.338494e-04
5.358356e-04
5.378254e-04
5.398189e-04
5.418161e-04
5.438170e-04
5.458215e-04
5.478298e-04
5.498417e-04
5.518573e-04
5.538765e-04
5.558995e-04
5.579261e-04
5.599563e-04
5.619903e-04
5.640280e-04
5.660693e-04
5.681143e-04
5.701629e-04
5.722153e-04
5.742713e-04
5.763310e-04
5.783944e-04
5.804614e-04
5.825322e-04
5.846066e-04
5.866847e-04
5.887664e-04
5.908519e-04
5.929410e-04
5.950338e-04
5.971302e-04
5.992304e-04
6.013342e-04
6.034417e-04
6.055529e-04
6.076677e-04
6.097863e-04
6.119085e-04
6.140344e-04
6.161639e-04
6.182971e-04
6.204341e-04
6.225746e-04
6.247189e-04
6.268669e-04
6.290185e-04
6.311738e-04
6.333327e-04
6.354954e-04
6.376617e-04
6.398317e-04
6.420054e-04
6.441828e-04
6.463638e-04
6.485485e-04
6.507369e-04
6.529290e-04
6.551247e-04
6.573241e-04
6.595272e-04
6.617340e-04
6.639444e-04
6.661585e-04
6.683763e-04
6.705978e-04
6.728230e-04
6.750518e-04
6.772843e-04
6.795205e-04
6.817604e-04
6.840039e-04
6.862511e-04
6.885020e-04
6.907566e-04
6.930148e-04
6.952767e-04
6.975423e-04
6.998116e-04
7.020846e-04
7.043612e-04
7.066415e-04
7.089255e-04
7.112131e-04
7.135045e-04
7.157995e-04
7.180982e-04
7.204005e-04
7.227066e-04
7.250163e-04
7.273297e-04
7.296468e-04
7.319675e-04
7.342919e-04
7.366200e-04
7.389518e-04
7.412873e-04
7.436264e-04
7.459692e-04
7.483157e-04
7.506659e-04
7.530197e-04
7.553772e-04
7.577384e-04
7.601033e-04
7.624718e-04
7.648440e-04
7.672199e-04
7.695995e-04
7.719828e-04
7.743697e-04
7.767603e-04
7.791546e-04
7.815525e-04
7.839542e-04
7.863595e-04
7.887685e-04
7.911812e-04
7.935975e-04
7.960175e-04
7.984412e-04
8.008686e-04
8.032996e-04
8.057344e-04
8.081728e-04
8.106149e-04
8.130606e-04
8.155100e-04
8.179632e-04
8.204199e-04
8.228804e-04
8.253445e-04
8.278124e-04
8.302839e-04
8.327590e-04
8.352379e-04
8.377204e-04
8.402066e-04
8.426965e-04
8.451900e-04
8.476873e-04
8.501882e-04
8.526928e-04
8.552010e-04
8.577130e-04
8.602286e-04
8.627479e-04
8.652708e-04
8.677975e-04
8.703278e-04
8.728618e-04
8.753995e-04
8.779408e-04
8.804859e-04
8.830346e-04
8.855869e-04
8.881430e-04
8.907027e-04
8.932662e-04
8.958332e-04
8.984040e-04
9.009784e-04
9.035566e-04
9.061384e-04
9.087238e-04
9.113130e-04
9.139058e-04
9.165023e-04
9.191025e-04
9.217064e-04
9.243139e-04
9.269251e-04
9.295400e-04
9.321585e-04
9.347808e-04
9.374067e-04
9.400363e-04
9.426696e-04
9.453065e-04
9.479471e-04
9.505914e-04
9.532394e-04
9.558911e-04
9.585464e-04
9.612054e-04
9.638681e-04
9.665345e-04
9.692045e-04
9.718782e-04
9.745556e-04
9.772367e-04
9.799214e-04
9.826098e-04
9.853019e-04
9.879977e-04
9.906972e-04
9.934003e-04
9.961071e-04
9.988176e-04
1.001532e-03
1.004250e-03
1.006971e-03
1.009696e-03
1.012425e-03
1.015158e-03
1.017894e-03
1.020634e-03
1.023377e-03
1.026125e-03
1.028876e-03
1.031630e-03
1.034388e-03
1.037150e-03
1.039916e-03
1.042685e-03
1.045458e-03
1.048235e-03
1.051015e-03
1.053799e-03
1.056587e-03
1.059378e-03
1.062173e-03
1.064972e-03
1.067775e-03
1.070581e-03
1.073390e-03
1.076204e-03
1.079021e-03
1.081842e-03
1.084666e-03
1.087494e-03
1.090326e-03
1.093162e-03
1.096001e-03
1.098844e-03
1.101690e-03
1.104540e-03
1.107394e-03
1.110252e-03
1.113113e-03
1.115978e-03
1.118846e-03
1.121719e-03
1.124595e-03
1.127474e-03
1.130358e-03
1.133245e-03
1.136135e-03
1.139029e-03
1.141927e-03
1.144829e-03
1.147734e-03
1.150644e-03
1.153556e-03
1.156473e-03
1.159393e-03
1.162316e-03
1.165244e-03
1.168175e-03
1.171110e-03
1.174048e-03
1.176990e-03
1.179936e-03
1.182885e-03
1.185839e-03
1.188795e-03
1.191756e-03
1.194720e-03
1.197688e-03
1.200659e-03
1.203635e-03
1.206614e-03
1.209596e-03
1.212582e-03
1.215572e-03
1.218566e-03
1.221563e-03
1.224564e-03
1.227569e-03
1.230577e-03
1.233589e-03
1.236605e-03
1.239624e-03
1.242647e-03
1.245674e-03
1.248704e-03
1.251738e-03
1.254776e-03
1.257817e-03
1.260862e-03
1.263911e-03
1.266963e-03
1.270019e-03
1.273079e-03
1.276143e-03
1.279210e-03
1.282281e-03
1.285355e-03
1.288433e-03
1.291515e-03
1.294601e-03
1.297690e-03
1.300783e-03
1.303879e-03
1.306979e-03
1.310083e-03
1.313191e-03
1.316302e-03
1.319417e-03
1.322536e-03
1.325658e-03
1.328784e-03
1.331913e-03
1.335047e-03
1.338184e-03
1.341324e-03
1.344469e-03
1.347617e-03
1.350768e-03
1.353924e-03
1.357083e-03
1.360245e-03
1.363412e-03
1.366582e-03
1.369756e-03
1.372933e-03
1.376114e-03
1.379299e-03
1.382487e-03
1.385680e-03
1.388875e-03
1.392075e-03
1.395278e-03
1.398485e-03
1.401695e-03
1.404910e-03
1.408127e-03
1.411349e-03
1.414574e-03
1.417803e-03
1.421036e-03
1.424272e-03
1.427512e-03
1.430756e-03
1.434003e-03
1.437254e-03
1.440508e-03
1.443767e-03
1.447029e-03
1.450294e-03
1.453564e-03
1.456837e-03
1.460113e-03
1.463394e-03
1.466678e-03
1.469966e-03
1.473257e-03
1.476552e-03
1.479851e-03
1.483153e-03
1.486459e-03
1.489769e-03
1.493083e-03
1.496400e-03
1.499721e-03
1.503045e-03
1.506373e-03
1.509705e-03
1.513041e-03
1.516380e-03
1.519723e-03
1.523069e-03
1.526419e-03
1.529773e-03
1.533131e-03
1.536492e-03
1.539857e-03
1.543226e-03
1.546598e-03
1.549974e-03
1.553354e-03
1.556737e-03
1.560124e-03
1.563515e-03
1.566909e-03
1.570307e-03
1.573709e-03
1.577114e-03
1.580523e-03
1.583936e-03
1.587352e-03
1.590772e-03
1.594196e-03
1.597624e-03
1.601055e-03
1.604490e-03
1.607928e-03
1.611370e-03
1.614816e-03
1.618266e-03
1.621719e-03
1.625176e-03
1.628636e-03
1.632100e-03
1.635568e-03
1.639040e-03
1.642515e-03
1.645994e-03
1.649477e-03
1.652963e-03
1.656453e-03
1.659946e-03
1.663444e-03
1.666945e-03
1.670449e-03
1.673958e-03
1.677470e-03
1.680985e-03
1.684505e-03
1.688028e-03
1.691554e-03
1.695085e-03
1.698619e-03
1.702157e-03
1.705698e-03
1.709243e-03
1.712792e-03
1.716344e-03
1.719900e-03
1.723460e-03
1.727024e-03
1.730591e-03
1.734162e-03
1.737736e-03
1.741314e-03
1.744896e-03
1.748482e-03
1.752071e-03
1.755664e-03
1.759261e-03
1.762861e-03
1.766465e-03
1.770072e-03
1.773684e-03
1.777299e-03
1.780917e-03
1.784540e-03
1.788166e-03
1.791795e-03
1.795429e-03
1.799066e-03
1.802706e-03
1.806351e-03
1.809999e-03
1.813650e-03
1.817306e-03
1.820965e-03
1.824628e-03
1.828294e-03
1.831964e-03
1.835638e-03
1.839315e-03
1.842997e-03
1.846681e-03
1.850370e-03
1.854062e-03
1.857758e-03
1.861457e-03
1.865161e-03
1.868867e-03
1.872578e-03
1.876292e-03
1.880010e-03
1.883732e-03
1.887457e-03
1.891186e-03
1.894918e-03
1.898655e-03
1.902395e-03
1.906138e-03
1.909886e-03
1.913637e-03
1.917391e-03
1.921150e-03
1.924912e-03
1.928677e-03
1.932447e-03
1.936220e-03
1.939997e-03
1.943777e-03
1.947561e-03
1.951349e-03
1.955140e-03
1.958935e-03
1.962734e-03
1.966537e-03
1.970343e-03
1.974153e-03
1.977966e-03
1.981783e-03
1.985604e-03
1.989429e-03
1.993257e-03
1.997089e-03
2.000924e-03
2.004764e-03
2.008606e-03
2.012453e-03
2.016303e-03
2.020157e-03
2.024015e-03
2.027876e-03
2.031741e-03
2.035610e-03
2.039482e-03
2.043358e-03
2.047238e-03
2.051121e-03
2.055008e-03
2.058899e-03
2.062793e-03
2.066691e-03
2.070593e-03
2.074499e-03
2.078408e-03
2.082320e-03
2.086237e-03
2.090157e-03
2.094081e-03
2.098008e-03
2.101939e-03
2.105874e-03
2.109813e-03
2.113755e-03
2.117701e-03
2.121650e-03
2.125604e-03
2.129560e-03
2.133521e-03
2.137485e-03
2.141453e-03
2.145425e-03
2.149400e-03
2.153379e-03
2.157362e-03
2.161348e-03
2.165338e-03
2.169332e-03
2.173329e-03
2.177330e-03
2.181335e-03
2.185343e-03
2.189355e-03
2.193371e-03
2.197390e-03
2.201413e-03
2.205440e-03
2.209470e-03
2.213504e-03
2.217542e-03
2.221584e-03
2.225629e-03
2.229678e-03
2.233730e-03
2.237786e-03
2.241846e-03
2.245910e-03
2.249977e-03
2.254048e-03
2.258122e-03
2.262200e-03
2.266282e-03
2.270368e-03
2.274457e-03
2.278550e-03
2.282647e-03
2.286747e-03
2.290851e-03
2.294959e-03
2.299070e-03
2.303185e-03
2.307304e-03
2.311426e-03
2.315552e-03
2.319682e-03
2.323815e-03
2.327952e-03
2.332093e-03
2.336237e-03
2.340385e-03
2.344537e-03
2.348692e-03
2.352852e-03
2.357014e-03
2.361181e-03
2.365351e-03
2.369525e-03
2.373702e-03
2.377883e-03
2.382068e-03
2.386257e-03
2.390449e-03
2.394645e-03
2.398844e-03
2.403048e-03
2.407255e-03
2.411465e-03
2.415679e-03
2.419897e-03
2.424119e-03
2.428344e-03
2.432573e-03
2.436806e-03
2.441042e-03
2.445282e-03
2.449526e-03
2.453773e-03
2.458024e-03
2.462279e-03
2.466537e-03
2.470799e-03
2.475065e-03
2.479335e-03
2.483608e-03
2.487884e-03
2.492165e-03
2.496449e-03
2.500737e-03
2.505028e-03
2.509323e-03
2.513622e-03
2.517925e-03
2.522231e-03
2.526541e-03
2.530854e-03
2.535172e-03
2.539492e-03
2.543817e-03
2.548145e-03
2.552477e-03
2.556813e-03
2.561152e-03
2.565495e-03
2.569842e-03
2.574192e-03
2.578546e-03
2.582904e-03
2.587265e-03
2.591630e-03
2.595999e-03
2.600371e-03
2.604747e-03
2.609127e-03
2.613510e-03
2.617897e-03
2.622288e-03
2.626682e-03
2.631080e-03
2.635482e-03
2.639888e-03
2.644297e-03
2.648710e-03
2.653126e-03
2.657546e-03
2.661970e-03
2.666398e-03
2.670829e-03
2.675264e-03
2.679702e-03
2.684144e-03
2.688590e-03
2.693040e-03
2.697493e-03
2.701950e-03
2.706411e-03
2.710875e-03
2.715343e-03
2.719814e-03
2.724290e-03
2.728769e-03
2.733251e-03
2.737738e-03
2.742228e-03
2.746721e-03
2.751219e-03
2.755720e-03
2.760225e-03
2.764733e-03
2.769245e-03
2.773761e-03
2.778280e-03
2.782803e-03
2.787330e-03
2.791861e-03
2.796395e-03
2.800933e-03
2.805474e-03
2.810019e-03
2.814568e-03
2.819121e-03
2.823677e-03
2.828237e-03
2.832800e-03
2.837367e-03
2.841938e-03
2.846513e-03
2.851091e-03
2.855673e-03
2.860259e-03
2.864848e-03
2.869441e-03
2.874038e-03
2.878638e-03
2.883242e-03
2.887850e-03
2.892461e-03
2.897076e-03
2.901695e-03
2.906317e-03
2.910943e-03
2.915573e-03
2.920206e-03
2.924843e-03
2.929484e-03
2.934129e-03
2.938777e-03
2.943428e-03
2.948084e-03
2.952743e-03
2.957406e-03
2.962072e-03
2.966743e-03
2.971416e-03
2.976094e-03
2.980775e-03
2.985460e-03
2.990149e-03
2.994841e-03
2.999537e-03
3.004236e-03
3.008940e-03
3.013647e-03
3.018357e-03
3.023071e-03
3.027789e-03
3.032511e-03
3.037236e-03
3.041965e-03
3.046698e-03
3.051434e-03
3.056174e-03
3.060918e-03
3.065666e-03
3.070417e-03
3.075171e-03
3.079930e-03
3.084692e-03
3.089458e-03
3.094227e-03
3.099000e-03
3.103777e-03
3.108558e-03
3.113342e-03
3.118129e-03
3.122921e-03
3.127716e-03
3.132515e-03
3.137318e-03
3.142124e-03
3.146934e-03
3.151747e-03
3.156564e-03
3.161385e-03
3.166210e-03
3.171038e-03
3.175870e-03
3.180706e-03
3.185545e-03
3.190388e-03
3.195235e-03
3.200085e-03
3.204939e-03
3.209797e-03
3.214658e-03
3.219523e-03
3.224392e-03
3.229264e-03
3.234140e-03
3.239020e-03
3.243904e-03
3.248791e-03
3.253682e-03
3.258576e-03
3.263474e-03
3.268376e-03
3.273281e-03
3.278191e-03
3.283103e-03
3.288020e-03
3.292940e-03
3.297864e-03
3.302792e-03
3.307723e-03
3.312658e-03
3.317596e-03
3.322538e-03
3.327484e-03
3.332434e-03
3.337387e-03
3.342344e-03
3.347305e-03
3.352269e-03
3.357237e-03
3.362209e-03
3.367184e-03
3.372163e-03
3.377146e-03
3.382132e-03
3.387122e-03
3.392116e-03
3.397113e-03
3.402115e-03
3.407119e-03
3.412128e-03
3.417140e-03
3.422156e-03
3.427175e-03
3.432198e-03
3.437225e-03
3.442256e-03
3.447290e-03
3.452328e-03
3.457369e-03
3.462414e-03
3.467463e-03
3.472516e-03
3.477572e-03
3.482632e-03
3.487695e-03
3.492763e-03
3.497834e-03
3.502908e-03
3.507987e-03
3.513069e-03
3.518154e-03
3.523244e-03
3.528337e-03
3.533433e-03
3.538534e-03
3.543638e-03
3.548745e-03
3.553857e-03
3.558972e-03
3.564090e-03
3.569213e-03
3.574339e-03
3.579469e-03
3.584602e-03
3.589739e-03
3.594880e-03
3.600025e-03
3.605173e-03
3.610325e-03
3.615480e-03
3.620639e-03
3.625802e-03
3.630969e-03
3.636139e-03
3.641313e-03
3.646490e-03
3.651672e-03
3.656856e-03
3.662045e-03
3.667237e-03
3.672433e-03
3.677633e-03
3.682836e-03
3.688043e-03
3.693254e-03
3.698468e-03
3.703686e-03
3.708908e-03
3.714133e-03
3.719362e-03
3.724595e-03
3.729831e-03
3.735071e-03
3.740315e-03
3.745563e-03
3.750814e-03
3.756068e-03
3.761327e-03
3.766589e-03
3.771855e-03
3.777124e-03
3.782397e-03
3.787674e-03
3.792955e-03
3.798239e-03
3.803527e-03
3.808818e-03
3.814114e-03
3.819413e-03
3.824715e-03
3.830021e-03
3.835331e-03
3.840645e-03
3.845962e-03
3.851283e-03
3.856608e-03
3.861936e-03
3.867268e-03
3.872604e-03
3.877943e-03
3.883286e-03
3.888633e-03
3.893983e-03
3.899337e-03
3.904695e-03
3.910056e-03
3.915421e-03
3.920790e-03
3.926163e-03
3.931539e-03
3.936918e-03
3.942302e-03
3.947689e-03
3.953080e-03
3.958474e-03
3.963873e-03
3.969274e-03
3.974680e-03
3.980089e-03
3.985502e-03
3.990918e-03
3.996339e-03
4.001763e-03
4.007190e-03
4.012621e-03
4.018056e-03
4.023495e-03
4.028937e-03
4.034383e-03
4.039833e-03
4.045286e-03
4.050743e-03
4.056204e-03
4.061668e-03
4.067136e-03
4.072608e-03
4.078083e-03
4.083562e-03
4.089045e-03
4.094532e-03
4.100022e-03
4.105515e-03
4.111013e-03
4.116514e-03
4.122019e-03
4.127527e-03
4.133039e-03
4.138555e-03
4.144075e-03
4.149598e-03
4.155125e-03
4.160655e-03
4.166189e-03
4.171727e-03
4.177269e-03
4.182814e-03
4.188363e-03
4.193916e-03
4.199472e-03
4.205032e-03
4.210595e-03
4.216163e-03
4.221734e-03
4.227308e-03
4.232887e-03
4.238469e-03
4.244054e-03
4.249644e-03
4.255237e-03
4.260833e-03
4.266434e-03
4.272038e-03
4.277646e-03
4.283257e-03
4.288872e-03
4.294491e-03
4.299449e-03
4.304388e-03
4.309309e-03
4.314212e-03
4.319096e-03
4.323962e-03
4.328810e-03
4.333639e-03
4.338450e-03
4.343243e-03
4.348017e-03
4.352773e-03
4.357511e-03
4.362230e-03
4.366931e-03
4.371614e-03
4.376278e-03
4.380924e-03
4.385552e-03
4.390161e-03
4.394752e-03
4.399325e-03
4.403879e-03
4.408415e-03
4.412933e-03
4.417432e-03
4.421913e-03
4.426376e-03
4.430820e-03
4.435246e-03
4.439654e-03
4.444043e-03
4.448414e-03
4.452767e-03
4.457101e-03
4.461417e-03
4.465715e-03
4.469994e-03
4.474255e-03
4.478498e-03
4.482722e-03
4.486928e-03
4.491116e-03
4.495285e-03
4.499436e-03
4.503569e-03
4.507683e-03
4.511779e-03
4.515857e-03
4.519916e-03
4.523957e-03
4.527979e-03
4.531984e-03
4.535970e-03
4.539937e-03
4.543887e-03
4.547818e-03
4.551730e-03
4.555624e-03
4.559500e-03
4.563358e-03
4.567197e-03
4.571018e-03
4.574821e-03
4.578605e-03
4.582371e-03
4.586119e-03
4.589848e-03
4.593559e-03
4.597252e-03
4.600926e-03
4.604582e-03
4.608219e-03
4.611839e-03
4.615440e-03
4.619022e-03
4.622586e-03
4.626132e-03
4.629660e-03
4.633169e-03
4.636660e-03
4.640133e-03
4.643587e-03
4.647023e-03
4.650440e-03
4.653840e-03
4.657221e-03
4.660583e-03
4.663927e-03
4.667253e-03
4.670561e-03
4.673850e-03
4.677121e-03
4.680374e-03
4.683608e-03
4.686824e-03
4.690021e-03
4.693200e-03
4.696361e-03
4.699504e-03
4.702628e-03
4.705734e-03
4.708822e-03
4.711891e-03
4.714942e-03
4.717974e-03
4.720988e-03
4.723984e-03
4.726962e-03
4.729921e-03
4.732862e-03
4.735785e-03
4.738689e-03
4.741575e-03
4.744442e-03
4.747291e-03
4.750122e-03
4.752935e-03
4.755729e-03
4.758505e-03
4.761262e-03
4.764002e-03
4.766722e-03
4.769425e-03
4.772109e-03
4.774775e-03
4.777422e-03
4.780052e-03
4.782662e-03
4.785255e-03
4.787829e-03
4.790385e-03
4.792923e-03
4.795442e-03
4.797943e-03
4.800425e-03
4.802889e-03
4.805335e-03
4.807763e-03
4.810172e-03
4.812563e-03
4.814935e-03
4.817289e-03
4.819625e-03
4.821943e-03
4.824242e-03
4.826523e-03
4.828785e-03
4.831029e-03
4.833255e-03
4.835463e-03
4.837652e-03
4.839822e-03
4.841975e-03
4.844109e-03
4.846225e-03
4.848322e-03
4.850402e-03
4.852462e-03
4.854505e-03
4.856529e-03
4.858535e-03
4.860522e-03
4.862491e-03
4.864442e-03
4.866375e-03
4.868289e-03
4.870185e-03
4.872062e-03
4.873921e-03
4.875762e-03
4.877584e-03
4.879389e-03
4.881174e-03
4.882942e-03
4.884691e-03
4.886422e-03
4.888134e-03
4.889828e-03
4.891504e-03
4.893161e-03
4.894801e-03
4.896421e-03
4.898024e-03
4.899608e-03
4.901174e-03
4.902721e-03
4.904250e-03
4.905761e-03
4.907253e-03
4.908727e-03
4.910183e-03
4.911621e-03
4.913040e-03
4.914440e-03
4.915823e-03
4.917187e-03
4.918533e-03
4.919860e-03
4.921169e-03
4.922460e-03
4.923732e-03
4.924986e-03
4.926222e-03
4.927440e-03
4.928639e-03
4.929819e-03
4.930982e-03
4.932126e-03
4.933252e-03
4.934359e-03
4.935448e-03
4.936519e-03
4.937571e-03
4.938605e-03
4.939621e-03
4.940618e-03
4.941597e-03
4.942558e-03
4.943501e-03
4.944425e-03
4.945330e-03
4.946218e-03
4.947087e-03
4.947938e-03
4.948770e-03
4.949584e-03
4.950380e-03
4.951157e-03
4.951916e-03
4.952657e-03
4.953379e-03
4.954083e-03
4.954769e-03
4.955436e-03
4.956085e-03
4.956716e-03
4.957328e-03
4.957922e-03
4.958498e-03
4.959055e-03
4.959594e-03
4.960115e-03
4.960617e-03
4.961101e-03
4.961567e-03
4.962015e-03
4.962444e-03
4.962854e-03
4.963247e-03
4.963621e-03
4.963976e-03
4.964314e-03
4.964633e-03
4.964933e-03
4.965216e-03
4.965480e-03
4.965725e-03
4.965953e-03
4.966162e-03
4.966352e-03
4.966525e-03
4.966679e-03
4.966814e-03
4.966932e-03
4.967031e-03
4.967111e-03
4.967174e-03
4.967217e-03
4.967243e-03
4.967250e-03
4.967239e-03
4.967210e-03
4.967162e-03
4.967096e-03
4.967012e-03
4.966909e-03
4.966788e-03
4.966649e-03
4.966491e-03
4.966315e-03
4.966121e-03
4.965908e-03
4.965677e-03
4.965428e-03
4.965160e-03
4.964874e-03
4.964570e-03
4.964247e-03
4.963906e-03
4.963546e-03
4.963169e-03
4.962773e-03
4.962358e-03
4.961926e-03
4.961475e-03
4.961005e-03
4.960517e-03
4.960011e-03
4.959487e-03
4.959166e-03
4.959166e-03
4.959166e-03
4.959166e-03
4.959166e-03
4.959166e-03
4.959166e-03
4.959166e-03
4.959166e-03
4.959166e-03
4.959166e-03
4.959166e-03
4.959166e-03
4.959166e-03
4.959166e-03
4.959166e-03
4.959166e-03
4.959166e-03
4.959166e-03
4.959166e-03
4.959166e-03
4.959166e-03
4.959166e-03
4.959166e-03
4.959166e-03
4.959166e-03
4.959166e-03
4.959166e-03
4.959166e-03
4.959166e-03
4.959166e-03
4.959166e-03
4.959166e-03
4.959166e-03
4.959166e-03
4.959166e-03
4.959166e-03
4.959166e-03
4.959166e-03
4.959166e-03
4.959166e-03
4.959166e-03
4.959166e-03
4.959166e-03
4.959166e-03
4.959166e-03
4.959166e-03
4.959166e-03
4.959166e-03
4.959166e-03
4.959166e-03
4.959166e-03
4.959166e-03
4.959166e-03
4.959166e-03
4.959166e-03
4.959166e-03
4.959166e-03
4.959166e-03
4.959166e-03
4.959166e-03
4.959166e-03
4.959166e-03
4.959166e-03
4.959166e-03
4.959166e-03
4.959166e-03
4.959166e-03
4.959166e-03
4.959166e-03
4.959166e-03
4.959166e-03
4.959166e-03
4.959166e-03
4.959166e-03
4.959166e-03
4.959166e-03
4.959166e-03
4.959166e-03
4.959166e-03
4.959166e-03
4.959166e-03
4.959166e-03
4.959166e-03
4.959166e-03
4.959166e-03
4.959166e-03
4.959166e-03
4.959166e-03
4.959166e-03
4.959166e-03
4.959166e-03
4.959166e-03
4.959166e-03
4.959166e-03
4.959166e-03
4.959166e-03
4.959166e-03
4.959166e-03
4.959166e-03
4.959166e-03
4.959166e-03
4.959166e-03
4.959166e-03
4.959166e-03
4.959166e-03
4.959166e-03
4.959166e-03
4.959166e-03
4.959166e-03
4.959166e-03
4.959166e-03
4.959166e-03
4.959166e-03
4.959166e-03
4.959166e-03
4.959166e-03
4.959166e-03
4.959166e-03
4.959166e-03
4.959166e-03
4.959166e-03
4.959166e-03
4.959166e-03
4.959166e-03
4.959166e-03
4.959166e-03
4.959166e-03
4.959166e-03
4.959166e-03
4.959166e-03
4.959166e-03
4.959166e-03
4.959166e-03
4.959166e-03
4.959166e-03
4.959166e-03
4.959166e-03
4.959166e-03
4.959166e-03
4.959166e-03
4.959166e-03
4.959166e-03
4.959166e-03
4.959166e-03
4.959166e-03
4.959166e-03
4.959166e-03
4.959166e-03
4.959166e-03
4.959166e-03
4.959166e-03
4.959166e-03
4.959166e-03
4.959166e-03
4.959166e-03
4.959166e-03
4.959166e-03
4.959166e-03
4.959166e-03
4.959166e-03
4.959166e-03
4.959166e-03
4.959166e-03
4.959166e-03
4.959166e-03
4.959166e-03
4.959166e-03
4.959166e-03
4.959166e-03
4.959166e-03
4.959166e-03
4.959166e-03
4.959166e-03
4.959166e-03
4.959166e-03
4.959166e-03
4.959166e-03
4.959166e-03
4.959166e-03
4.959166e-03
4.959166e-03
4.959166e-03
4.959166e-03
4.959166e-03
4.959166e-03
4.959166e-03
4.959166e-03
4.959166e-03
4.959166e-03
4.959166e-03
4.959166e-03
4.959166e-03
4.959166e-03
4.959166e-03
4.959166e-03
4.959166e-03
4.959166e-03
4.959166e-03
4.959166e-03
4.959166e-03
