0.000000e+00
1.110371e-07
2.252649e-07
3.426834e-07
4.632927e-07
5.870926e-07
7.140833e-07
8.442647e-07
9.776369e-07
1.114200e-06
1.253953e-06
1.396898e-06
1.543033e-06
1.692358e-06
1.844875e-06
2.000582e-06
2.159480e-06
2.321569e-06
2.486848e-06
2.655318e-06
2.826979e-06
3.001830e-06
3.179872e-06
3.361105e-06
3.545529e-06
3.733143e-06
3.923949e-06
4.117944e-06
4.315131e-06
4.515508e-06
4.719076e-06
4.925835e-06
5.135784e-06
5.348924e-06
5.565255e-06
5.784777e-06
6.007489e-06
6.233392e-06
6.462486e-06
6.694771e-06
6.930246e-06
7.168912e-06
7.410768e-06
7.655816e-06
7.904054e-06
8.155483e-06
8.410102e-06
8.667912e-06
8.928913e-06
9.193105e-06
9.460487e-06
9.731061e-06
1.000482e-05
1.028178e-05
1.056192e-05
1.084526e-05
1.113179e-05
1.142150e-05
1.171441e-05
1.201051e-05
1.230980e-05
1.261228e-05
1.291795e-05
1.322681e-05
1.353887e-05
1.385411e-05
1.417254e-05
1.449417e-05
1.481898e-05
1.514699e-05
1.547819e-05
1.581257e-05
1.615015e-05
1.649092e-05
1.683488e-05
1.718203e-05
1.753237e-05
1.788590e-05
1.824263e-05
1.860254e-05
1.896564e-05
1.933194e-05
1.970143e-05
2.007410e-05
2.044997e-05
2.082903e-05
2.121127e-05
2.159671e-05
2.198534e-05
2.237716e-05
2.277217e-05
2.317038e-05
2.357177e-05
2.397635e-05
2.438413e-05
2.479509e-05
2.520925e-05
2.562659e-05
2.604713e-05
2.647086e-05
2.689778e-05
2.732789e-05
2.776119e-05
2.819768e-05
2.863736e-05
2.908023e-05
2.952629e-05
2.997555e-05
3.042799e-05
3.088363e-05
3.134245e-05
3.180447e-05
3.226967e-05
3.273807e-05
3.320966e-05
3.368444e-05
3.416241e-05
3.464357e-05
3.512792e-05
3.561546e-05
3.610620e-05
3.660012e-05
3.709724e-05
3.759754e-05
3.810104e-05
3.860772e-05
3.911760e-05
3.963067e-05
4.014693e-05
4.066638e-05
4.118902e-05
4.171485e-05
4.224387e-05
4.277608e-05
4.331148e-05
4.385008e-05
4.439186e-05
4.493684e-05
4.548500e-05
4.603636e-05
4.659091e-05
4.714864e-05
4.770957e-05
4.827369e-05
4.884100e-05
4.941150e-05
4.998520e-05
5.056208e-05
5.114215e-05
5.172541e-05
5.231187e-05
5.290151e-05
5.349435e-05
5.409038e-05
5.468959e-05
5.529200e-05
5.589760e-05
5.650639e-05
5.711837e-05
5.773354e-05
5.835190e-05
5.897346e-05
5.959820e-05
6.022613e-05
6.085726e-05
6.149157e-05
6.212908e-05
6.276978e-05
6.341366e-05
6.406074e-05
6.471101e-05
6.536447e-05
6.602112e-05
6.668096e-05
6.734399e-05
6.801022e-05
6.867963e-05
6.935223e-05
7.002803e-05
7.070701e-05
7.138919e-05
7.207456e-05
7.276311e-05
7.345486e-05
7.414980e-05
7.484793e-05
7.554925e-05
7.625376e-05
7.696146e-05
7.767236e-05
7.838644e-05
7.910371e-05
7.982418e-05
8.054783e-05
8.127468e-05
8.200472e-05
8.273794e-05
8.347436e-05
8.421397e-05
8.495677e-05
8.570276e-05
8.645194e-05
8.720432e-05
8.795988e-05
8.871863e-05
8.948058e-05
9.024571e-05
9.101404e-05
9.178555e-05
9.256026e-05
9.333816e-05
9.411925e-05
9.490353e-05
9.569100e-05
9.648166e-05
9.727551e-05
9.807255e-05
9.887278e-05
9.967621e-05
1.004828e-04
1.012926e-04
1.021056e-04
1.029218e-04
1.037412e-04
1.045638e-04
1.053895e-04
1.062185e-04
1.070506e-04
1.078859e-04
1.087245e-04
1.095662e-04
1.104111e-04
1.112592e-04
1.121104e-04
1.129649e-04
1.138226e-04
1.146834e-04
1.155475e-04
1.164147e-04
1.172852e-04
1.181588e-04
1.190356e-04
1.199156e-04
1.207988e-04
1.216852e-04
1.225747e-04
1.234675e-04
1.243635e-04
1.252626e-04
1.261649e-04
1.270705e-04
1.279792e-04
1.288911e-04
1.298062e-04
1.307245e-04
1.316460e-04
1.325706e-04
1.334985e-04
1.344295e-04
1.353638e-04
1.363012e-04
1.372418e-04
1.381857e-04
1.391327e-04
1.400829e-04
1.410362e-04
1.419928e-04
1.429526e-04
1.439156e-04
1.448817e-04
1.458510e-04
1.468236e-04
1.477993e-04
1.487782e-04
1.497603e-04
1.507456e-04
1.517341e-04
1.527258e-04
1.537206e-04
1.547187e-04
1.557199e-04
1.567244e-04
1.577320e-04
1.587428e-04
1.597568e-04
1.607740e-04
1.617944e-04
1.628180e-04
1.638448e-04
1.648748e-04
1.659079e-04
1.669443e-04
1.679838e-04
1.690265e-04
1.700724e-04
1.711216e-04
1.721739e-04
1.732293e-04
1.742880e-04
1.753499e-04
1.764150e-04
1.774832e-04
1.785547e-04
1.796293e-04
1.807071e-04
1.817881e-04
1.828723e-04
1.839597e-04
1.850503e-04
1.861441e-04
1.872411e-04
1.883412e-04
1.894446e-04
1.905511e-04
1.916609e-04
1.927738e-04
1.938899e-04
1.950092e-04
1.961317e-04
1.972574e-04
1.983863e-04
1.995183e-04
2.006536e-04
2.017920e-04
2.029337e-04
2.040785e-04
2.052265e-04
2.063777e-04
2.075321e-04
2.086897e-04
2.098505e-04
2.110145e-04
2.121817e-04
2.133520e-04
2.145256e-04
2.157023e-04
2.168822e-04
2.180654e-04
2.192517e-04
2.204412e-04
2.216339e-04
2.228297e-04
2.240288e-04
2.252311e-04
2.264365e-04
2.276452e-04
2.288570e-04
2.300720e-04
2.312903e-04
2.325117e-04
2.337363e-04
2.349640e-04
2.361950e-04
2.374292e-04
2.386666e-04
2.399071e-04
2.411509e-04
2.423978e-04
2.436479e-04
2.449012e-04
2.461577e-04
2.474174e-04
2.486803e-04
2.499464e-04
2.512157e-04
2.524881e-04
2.537638e-04
2.550426e-04
2.563246e-04
2.576099e-04
2.588983e-04
2.601899e-04
2.614847e-04
2.627827e-04
2.640838e-04
2.653882e-04
2.666958e-04
2.680065e-04
2.693205e-04
2.706376e-04
2.719579e-04
2.732814e-04
2.746081e-04
2.759380e-04
2.772711e-04
2.786074e-04
2.799468e-04
2.812895e-04
2.826353e-04
2.839844e-04
2.853366e-04
2.866920e-04
2.880506e-04
2.894124e-04
2.907774e-04
2.921456e-04
2.935170e-04
2.948915e-04
2.962693e-04
2.976502e-04
2.990344e-04
3.004217e-04
3.018122e-04
3.032059e-04
3.046028e-04
3.060029e-04
3.074062e-04
3.088126e-04
3.102223e-04
3.116352e-04
3.130512e-04
3.144704e-04
3.158929e-04
3.173185e-04
3.187473e-04
3.201793e-04
3.216145e-04
3.230528e-04
3.244944e-04
3.259392e-04
3.273871e-04
3.288382e-04
3.302926e-04
3.317501e-04
3.332108e-04
3.346747e-04
3.361418e-04
3.376121e-04
3.390856e-04
3.405622e-04
3.420421e-04
3.435251e-04
3.450114e-04
3.465008e-04
3.479934e-04
3.494892e-04
3.509882e-04
3.524904e-04
3.539958e-04
3.555044e-04
3.570161e-04
3.585311e-04
3.600492e-04
3.615706e-04
3.630951e-04
3.646228e-04
3.661537e-04
3.676878e-04
3.692251e-04
3.707656e-04
3.723093e-04
3.738561e-04
3.754062e-04
3.769594e-04
3.785159e-04
3.800755e-04
3.816383e-04
3.832043e-04
3.847735e-04
3.863459e-04
3.879215e-04
3.895002e-04
3.910822e-04
3.926673e-04
3.942557e-04
3.958472e-04
3.974419e-04
3.990398e-04
4.006410e-04
4.022452e-04
4.038527e-04
4.054634e-04
4.070773e-04
4.086943e-04
4.103146e-04
4.119380e-04
4.135646e-04
4.151945e-04
4.168275e-04
4.184637e-04
4.201031e-04
4.217457e-04
4.233914e-04
4.250404e-04
4.266925e-04
4.283479e-04
4.300064e-04
4.316682e-04
4.333331e-04
4.350012e-04
4.366725e-04
4.383470e-04
4.400247e-04
4.417055e-04
4.433896e-04
4.450768e-04
4.467673e-04
4.484609e-04
4.501577e-04
4.518578e-04
4.535610e-04
4.552674e-04
4.569770e-04
4.586897e-04
4.604057e-04
4.621249e-04
4.638472e-04
4.655728e-04
4.673015e-04
4.690334e-04
4.707685e-04
4.725068e-04
4.742483e-04
4.759930e-04
4.777409e-04
4.794920e-04
4.812462e-04
4.830037e-04
4.847643e-04
4.865281e-04
4.882952e-04
4.900654e-04
4.918388e-04
4.936154e-04
4.953952e-04
4.971781e-04
4.989643e-04
5.007536e-04
5.025462e-04
5.043419e-04
5.061409e-04
5.079430e-04
5.097483e-04
5.115568e-04
5.133685e-04
5.151834e-04
5.170014e-04
5.188227e-04
5.206472e-04
5.224748e-04
5.243056e-04
5.261397e-04
5.279769e-04
5.298173e-04
5.316609e-04
5.335077e-04
5.353577e-04
5.372108e-04
5.390672e-04
5.409267e-04
5.427895e-04
5.446554e-04
5.465245e-04
5.483969e-04
5.502724e-04
5.521511e-04
5.540329e-04
5.559180e-04
5.578063e-04
5.596977e-04
5.615924e-04
5.634902e-04
5.653913e-04
5.672955e-04
5.692029e-04
5.711135e-04
5.730273e-04
5.749443e-04
5.768645e-04
5.787878e-04
5.807144e-04
5.826441e-04
5.845771e-04
5.865132e-04
5.884525e-04
5.903950e-04
5.923407e-04
5.942896e-04
5.962417e-04
5.981970e-04
6.001555e-04
6.021171e-04
6.040820e-04
6.060500e-04
6.080212e-04
6.099956e-04
6.119732e-04
6.139540e-04
6.159380e-04
6.179252e-04
6.199156e-04
6.219091e-04
6.239059e-04
6.259058e-04
6.279090e-04
6.299153e-04
6.319248e-04
6.339375e-04
6.359534e-04
6.379725e-04
6.399948e-04
6.420203e-04
6.440489e-04
6.460808e-04
6.481158e-04
6.501540e-04
6.521955e-04
6.542401e-04
6.562879e-04
6.583389e-04
6.603931e-04
6.624504e-04
6.645110e-04
6.665748e-04
6.686417e-04
6.707119e-04
6.727852e-04
6.748617e-04
6.769414e-04
6.790243e-04
6.811104e-04
6.831997e-04
6.852922e-04
6.873878e-04
6.894867e-04
6.915887e-04
6.936940e-04
6.958024e-04
6.979140e-04
7.000288e-04
7.021468e-04
7.042680e-04
7.063924e-04
7.085200e-04
7.106508e-04
7.127847e-04
7.149219e-04
7.170622e-04
7.192057e-04
7.213524e-04
7.235023e-04
7.256554e-04
7.278117e-04
7.299712e-04
7.321339e-04
7.342997e-04
7.364688e-04
7.386410e-04
7.408165e-04
7.429951e-04
7.451769e-04
7.473619e-04
7.495501e-04
7.517415e-04
7.539361e-04
7.561338e-04
7.583348e-04
7.605390e-04
7.627463e-04
7.649568e-04
7.671705e-04
7.693875e-04
7.716076e-04
7.738309e-04
7.760573e-04
7.782870e-04
7.805199e-04
7.827559e-04
7.849952e-04
7.872376e-04
7.894833e-04
7.917321e-04
7.939841e-04
7.962393e-04
7.984977e-04
8.007593e-04
8.030240e-04
8.052920e-04
8.075632e-04
8.098375e-04
8.121150e-04
8.143958e-04
8.166797e-04
8.189668e-04
8.212571e-04
8.235506e-04
8.258473e-04
8.281471e-04
8.304502e-04
8.327565e-04
8.350659e-04
8.373785e-04
8.396944e-04
8.420134e-04
8.443356e-04
8.466610e-04
8.489896e-04
8.513213e-04
8.536563e-04
8.559945e-04
8.583358e-04
8.606804e-04
8.630281e-04
8.653790e-04
8.677331e-04
8.700904e-04
8.724509e-04
8.748146e-04
8.771815e-04
8.795516e-04
8.819248e-04
8.843013e-04
8.866809e-04
8.890637e-04
8.914498e-04
8.938390e-04
8.962314e-04
8.986270e-04
9.010258e-04
9.034277e-04
9.058329e-04
9.082412e-04
9.106528e-04
9.130675e-04
9.154855e-04
9.179066e-04
9.203309e-04
9.227584e-04
9.251891e-04
9.276230e-04
9.300600e-04
9.325003e-04
9.349438e-04
9.373904e-04
9.398402e-04
9.422933e-04
9.447495e-04
9.472089e-04
9.496715e-04
9.521373e-04
9.546063e-04
9.570784e-04
9.595538e-04
9.620323e-04
9.645141e-04
9.669990e-04
9.694871e-04
9.719785e-04
9.744730e-04
9.769707e-04
9.794715e-04
9.819756e-04
9.844829e-04
9.869933e-04
9.895070e-04
9.920238e-04
9.945439e-04
9.970671e-04
9.995935e-04
1.002123e-03
1.004656e-03
1.007192e-03
1.009731e-03
1.012273e-03
1.014819e-03
1.017368e-03
1.019920e-03
1.022475e-03
1.025033e-03
1.027595e-03
1.030159e-03
1.032727e-03
1.035298e-03
1.037873e-03
1.040450e-03
1.043031e-03
1.045615e-03
1.048202e-03
1.050792e-03
1.053385e-03
1.055982e-03
1.058582e-03
1.061185e-03
1.063791e-03
1.066400e-03
1.069013e-03
1.071628e-03
1.074247e-03
1.076870e-03
1.079495e-03
1.082123e-03
1.084755e-03
1.087390e-03
1.090028e-03
1.092669e-03
1.095314e-03
1.097962e-03
1.100612e-03
1.103266e-03
1.105924e-03
1.108584e-03
1.111248e-03
1.113914e-03
1.116584e-03
1.119258e-03
1.121934e-03
1.124614e-03
1.127296e-03
1.129982e-03
1.132671e-03
1.135364e-03
1.138059e-03
1.140758e-03
1.143460e-03
1.146165e-03
1.148873e-03
1.151585e-03
1.154299e-03
1.157017e-03
1.159738e-03
1.162463e-03
1.165190e-03
1.167921e-03
1.170654e-03
1.173391e-03
1.176132e-03
1.178875e-03
1.181622e-03
1.184371e-03
1.187124e-03
1.189880e-03
1.192640e-03
1.195402e-03
1.198168e-03
1.200937e-03
1.203709e-03
1.206484e-03
1.209263e-03
1.212044e-03
1.214829e-03
1.217617e-03
1.220409e-03
1.223203e-03
1.226001e-03
1.228801e-03
1.231605e-03
1.234413e-03
1.237223e-03
1.240037e-03
1.242853e-03
1.245673e-03
1.248497e-03
1.251323e-03
1.254152e-03
1.256985e-03
1.259821e-03
1.262660e-03
1.265502e-03
1.268348e-03
1.271197e-03
1.274048e-03
1.276904e-03
1.279762e-03
1.282623e-03
1.285488e-03
1.288356e-03
1.291227e-03
1.294101e-03
1.296978e-03
1.299859e-03
1.302743e-03
1.305630e-03
1.308520e-03
1.311413e-03
1.314310e-03
1.317209e-03
1.320112e-03
1.323018e-03
1.325928e-03
1.328840e-03
1.331756e-03
1.334675e-03
1.337597e-03
1.340522e-03
1.343450e-03
1.346382e-03
1.349317e-03
1.352255e-03
1.355196e-03
1.358141e-03
1.361088e-03
1.364039e-03
1.366993e-03
1.369950e-03
1.372910e-03
1.375874e-03
1.378841e-03
1.381811e-03
1.384784e-03
1.387760e-03
1.390740e-03
1.393722e-03
1.396708e-03
1.399697e-03
1.402689e-03
1.405685e-03
1.408683e-03
1.411685e-03
1.414690e-03
1.417699e-03
1.420710e-03
1.423725e-03
1.426742e-03
1.429763e-03
1.432787e-03
1.435815e-03
1.438845e-03
1.441879e-03
1.444916e-03
1.447956e-03
1.450999e-03
1.454046e-03
1.457096e-03
1.460149e-03
1.463205e-03
1.466264e-03
1.469326e-03
1.472392e-03
1.475461e-03
1.478533e-03
1.481608e-03
1.484686e-03
1.487768e-03
1.490853e-03
1.493941e-03
1.497032e-03
1.500126e-03
1.503224e-03
1.506325e-03
1.509429e-03
1.512536e-03
1.515646e-03
1.518760e-03
1.521876e-03
1.524996e-03
1.528119e-03
1.531245e-03
1.534375e-03
1.537508e-03
1.540643e-03
1.543782e-03
1.546925e-03
1.550070e-03
1.553219e-03
1.556370e-03
1.559525e-03
1.562684e-03
1.565845e-03
1.569010e-03
1.572177e-03
1.575348e-03
1.578522e-03
1.581700e-03
1.584880e-03
1.588064e-03
1.591251e-03
1.594441e-03
1.597634e-03
1.600831e-03
1.604030e-03
1.607233e-03
1.610439e-03
1.613648e-03
1.616861e-03
1.620076e-03
1.623295e-03
1.626517e-03
1.629742e-03
1.632971e-03
1.636202e-03
1.639437e-03
1.642675e-03
1.645916e-03
1.649160e-03
1.652408e-03
1.655659e-03
1.658913e-03
1.662170e-03
1.665430e-03
1.668693e-03
1.671960e-03
1.675230e-03
1.678503e-03
1.681779e-03
1.685059e-03
1.688341e-03
1.691627e-03
1.694916e-03
1.698208e-03
1.701504e-03
1.704802e-03
1.708104e-03
1.711409e-03
1.714717e-03
1.718028e-03
1.721343e-03
1.724661e-03
1.727981e-03
1.731306e-03
1.734633e-03
1.737963e-03
1.741297e-03
1.744634e-03
1.747974e-03
1.751317e-03
1.754664e-03
1.758013e-03
1.761366e-03
1.764722e-03
1.768081e-03
1.771444e-03
1.774809e-03
1.778178e-03
1.781550e-03
1.784925e-03
1.788303e-03
1.791685e-03
1.795070e-03
1.798457e-03
1.801849e-03
1.805243e-03
1.808640e-03
1.812041e-03
1.815445e-03
1.818852e-03
1.822262e-03
1.825676e-03
1.829092e-03
1.832512e-03
1.835935e-03
1.839361e-03
1.842791e-03
1.846223e-03
1.849659e-03
1.853098e-03
1.856540e-03
1.859985e-03
1.863434e-03
1.866886e-03
1.870341e-03
1.873799e-03
1.877260e-03
1.880724e-03
1.884192e-03
1.887663e-03
1.891137e-03
1.894614e-03
1.898095e-03
1.901578e-03
1.905065e-03
1.908555e-03
1.912048e-03
1.915545e-03
1.919044e-03
1.922547e-03
1.926053e-03
1.929562e-03
1.933075e-03
1.936590e-03
1.940109e-03
1.943631e-03
1.947156e-03
1.950684e-03
1.954216e-03
1.957750e-03
1.961288e-03
1.964829e-03
1.968374e-03
1.971921e-03
1.975472e-03
1.979025e-03
1.982582e-03
1.986143e-03
1.989706e-03
1.993273e-03
1.996842e-03
2.000415e-03
2.003992e-03
2.007571e-03
2.011153e-03
2.014739e-03
2.018328e-03
2.021920e-03
2.025516e-03
2.029114e-03
2.032716e-03
2.036321e-03
2.039929e-03
2.043540e-03
2.047154e-03
2.050772e-03
2.054393e-03
2.058017e-03
2.061644e-03
2.065274e-03
2.068908e-03
2.072545e-03
2.076185e-03
2.079828e-03
2.083474e-03
2.087124e-03
2.090777e-03
2.094433e-03
2.098092e-03
2.101754e-03
2.105420e-03
2.109088e-03
2.112760e-03
2.116435e-03
2.120113e-03
2.123795e-03
2.127480e-03
2.131167e-03
2.134858e-03
2.138553e-03
2.142250e-03
2.145951e-03
2.149654e-03
2.153361e-03
2.157072e-03
2.160785e-03
2.164501e-03
2.168221e-03
2.171944e-03
2.175670e-03
2.179400e-03
2.183132e-03
2.186868e-03
2.190607e-03
2.194349e-03
2.198094e-03
2.201842e-03
2.205594e-03
2.209349e-03
2.213107e-03
2.216868e-03
2.220633e-03
2.224400e-03
2.228171e-03
2.231945e-03
2.235722e-03
2.239503e-03
2.243286e-03
2.247073e-03
2.250863e-03
2.254656e-03
2.258452e-03
2.262252e-03
2.266054e-03
2.269860e-03
2.273669e-03
2.277482e-03
2.281297e-03
2.285116e-03
2.288938e-03
2.292763e-03
2.296591e-03
2.300422e-03
2.304257e-03
2.308095e-03
2.311936e-03
2.315780e-03
2.319627e-03
2.323478e-03
2.327332e-03
2.331189e-03
2.335049e-03
2.338912e-03
2.342779e-03
2.346648e-03
2.350521e-03
2.354397e-03
2.358276e-03
2.362159e-03
2.366045e-03
2.369933e-03
2.373825e-03
2.377721e-03
2.381619e-03
2.385521e-03
2.389426e-03
2.393334e-03
2.397245e-03
2.401159e-03
2.405077e-03
2.408997e-03
2.412921e-03
2.416849e-03
2.420779e-03
2.424712e-03
2.428649e-03
2.432589e-03
2.436532e-03
2.440478e-03
2.444428e-03
2.448381e-03
2.452336e-03
2.456295e-03
2.460258e-03
2.464223e-03
2.468192e-03
2.472164e-03
2.476139e-03
2.480117e-03
2.484098e-03
2.488083e-03
2.492070e-03
2.496061e-03
2.500056e-03
2.504053e-03
2.508053e-03
2.512057e-03
2.516064e-03
2.520074e-03
2.524087e-03
2.528104e-03
2.532124e-03
2.536146e-03
2.540172e-03
2.544202e-03
2.548234e-03
2.552270e-03
2.556309e-03
2.560351e-03
2.564396e-03
2.568444e-03
2.572496e-03
2.576550e-03
2.580608e-03
2.584670e-03
2.588734e-03
2.592801e-03
2.596872e-03
2.600946e-03
2.605023e-03
2.609104e-03
2.613187e-03
2.617274e-03
2.621364e-03
2.625457e-03
2.629553e-03
2.633652e-03
2.637755e-03
2.641861e-03
2.645970e-03
2.650082e-03
2.654197e-03
2.658316e-03
2.662438e-03
2.666563e-03
2.670691e-03
2.674822e-03
2.678957e-03
2.683094e-03
2.687235e-03
2.691379e-03
2.695527e-03
2.699677e-03
2.703831e-03
2.707988e-03
2.712148e-03
2.716311e-03
2.720478e-03
2.724647e-03
2.728820e-03
2.732996e-03
2.737175e-03
2.741358e-03
2.745543e-03
2.749732e-03
2.753924e-03
2.758119e-03
2.762317e-03
2.766519e-03
2.770724e-03
2.774932e-03
2.779143e-03
2.783357e-03
2.787575e-03
2.791795e-03
2.796019e-03
2.800246e-03
2.804476e-03
2.808710e-03
2.812947e-03
2.817186e-03
2.821429e-03
2.825676e-03
2.829925e-03
2.834178e-03
2.838433e-03
2.842692e-03
2.846955e-03
2.851220e-03
2.855488e-03
2.859760e-03
2.864035e-03
2.868313e-03
2.872595e-03
2.876879e-03
2.881167e-03
2.885458e-03
2.889752e-03
2.894049e-03
2.898349e-03
2.902653e-03
2.906960e-03
2.911270e-03
2.915583e-03
2.919900e-03
2.924219e-03
2.928542e-03
2.932868e-03
2.937197e-03
2.941529e-03
2.945865e-03
2.950204e-03
2.954546e-03
2.958891e-03
2.963239e-03
2.967591e-03
2.971945e-03
2.976303e-03
2.980664e-03
2.985028e-03
2.989396e-03
2.993767e-03
2.998140e-03
3.002517e-03
3.006898e-03
3.011281e-03
3.015668e-03
3.020058e-03
3.024450e-03
3.028847e-03
3.033246e-03
3.037649e-03
3.042054e-03
3.046463e-03
3.050875e-03
3.055291e-03
3.059709e-03
3.064131e-03
3.068556e-03
3.072984e-03
3.077415e-03
3.081850e-03
3.086287e-03
3.090728e-03
3.095172e-03
3.099619e-03
3.104070e-03
3.108523e-03
3.112980e-03
3.117440e-03
3.121903e-03
3.126370e-03
3.130839e-03
3.135312e-03
3.139788e-03
3.144267e-03
3.148749e-03
3.153235e-03
3.157724e-03
3.162216e-03
3.166711e-03
3.171209e-03
3.175710e-03
3.180215e-03
3.184723e-03
3.189234e-03
3.193748e-03
3.198266e-03
3.202786e-03
3.207310e-03
3.211837e-03
3.216367e-03
3.220901e-03
3.225437e-03
3.229977e-03
3.234520e-03
3.239066e-03
3.243615e-03
3.248168e-03
3.252724e-03
3.257283e-03
3.261845e-03
3.266410e-03
3.270978e-03
3.275550e-03
3.280125e-03
3.284703e-03
3.289284e-03
3.293869e-03
3.298456e-03
3.303047e-03
3.307641e-03
3.312238e-03
3.316839e-03
3.321442e-03
3.326049e-03
3.330659e-03
3.335272e-03
3.339888e-03
3.344508e-03
3.349131e-03
3.353756e-03
3.358386e-03
3.363018e-03
3.367653e-03
3.372292e-03
3.376934e-03
3.381579e-03
3.386227e-03
3.390879e-03
3.395533e-03
3.400191e-03
3.404852e-03
3.409516e-03
3.414184e-03
3.418854e-03
3.423528e-03
3.428205e-03
3.432885e-03
3.437568e-03
3.442255e-03
3.446945e-03
3.451638e-03
3.456334e-03
3.461033e-03
3.465735e-03
3.470441e-03
3.475150e-03
3.479862e-03
3.484577e-03
3.489296e-03
3.494017e-03
3.498742e-03
3.503470e-03
3.508201e-03
3.512936e-03
3.517673e-03
3.522414e-03
3.527158e-03
3.531905e-03
3.536656e-03
3.541409e-03
3.546166e-03
3.550926e-03
3.555689e-03
3.560455e-03
3.565225e-03
3.569997e-03
3.574773e-03
3.579552e-03
3.584335e-03
3.589120e-03
3.593909e-03
3.598700e-03
3.603495e-03
3.608294e-03
3.613095e-03
3.617900e-03
3.622707e-03
3.627518e-03
3.632333e-03
3.637150e-03
3.641970e-03
3.646794e-03
3.651621e-03
3.656451e-03
3.661285e-03
3.666121e-03
3.670961e-03
3.675804e-03
3.680650e-03
3.685499e-03
3.690351e-03
3.695207e-03
3.700066e-03
3.704928e-03
3.709793e-03
3.714661e-03
3.719533e-03
3.724408e-03
3.729286e-03
3.734167e-03
3.739051e-03
3.743939e-03
3.748830e-03
3.753059e-03
3.757272e-03
3.761469e-03
3.765651e-03
3.769816e-03
3.773966e-03
3.778100e-03
3.782218e-03
3.786319e-03
3.790405e-03
3.794476e-03
3.798530e-03
3.802568e-03
3.806590e-03
3.810597e-03
3.814587e-03
3.818562e-03
3.822520e-03
3.826463e-03
3.830390e-03
3.834301e-03
3.838196e-03
3.842075e-03
3.845938e-03
3.849786e-03
3.853617e-03
3.857433e-03
3.861232e-03
3.865016e-03
3.868784e-03
3.872536e-03
3.876271e-03
3.879991e-03
3.883696e-03
3.887384e-03
3.891056e-03
3.894712e-03
3.898353e-03
3.901977e-03
3.905586e-03
3.909179e-03
3.912756e-03
3.916317e-03
3.919862e-03
3.923391e-03
3.926904e-03
3.930401e-03
3.933882e-03
3.937348e-03
3.940797e-03
3.944231e-03
3.947649e-03
3.951051e-03
3.954436e-03
3.957806e-03
3.961161e-03
3.964499e-03
3.967821e-03
3.971127e-03
3.974418e-03
3.977692e-03
3.980951e-03
3.984193e-03
3.987420e-03
3.990631e-03
3.993826e-03
3.997005e-03
4.000168e-03
4.003315e-03
4.006447e-03
4.009562e-03
4.012662e-03
4.015745e-03
4.018813e-03
4.021865e-03
4.024900e-03
4.027920e-03
4.030924e-03
4.033913e-03
4.036885e-03
4.039841e-03
4.042781e-03
4.045706e-03
4.048614e-03
4.051507e-03
4.054384e-03
4.057245e-03
4.060089e-03
4.062918e-03
4.065732e-03
4.068529e-03
4.071310e-03
4.074075e-03
4.076825e-03
4.079558e-03
4.082276e-03
4.084978e-03
4.087663e-03
4.090333e-03
4.092987e-03
4.095625e-03
4.098247e-03
4.100854e-03
4.103444e-03
4.106018e-03
4.108577e-03
4.111120e-03
4.113646e-03
4.116157e-03
4.118652e-03
4.121131e-03
4.123594e-03
4.126041e-03
4.128472e-03
4.130887e-03
4.133287e-03
4.135670e-03
4.138038e-03
4.140390e-03
4.142725e-03
4.145045e-03
4.147349e-03
4.149637e-03
4.151909e-03
4.154165e-03
4.156406e-03
4.158630e-03
4.160839e-03
4.163031e-03
4.165208e-03
4.167368e-03
4.169513e-03
4.171642e-03
4.173755e-03
4.175852e-03
4.177933e-03
4.179999e-03
4.182048e-03
4.184081e-03
4.186099e-03
4.188101e-03
4.190086e-03
4.192056e-03
4.194010e-03
4.195948e-03
4.197870e-03
4.199776e-03
4.201666e-03
4.203541e-03
4.205399e-03
4.207242e-03
4.209068e-03
4.210879e-03
4.212674e-03
4.214452e-03
4.216215e-03
4.217962e-03
4.219694e-03
4.221409e-03
4.223108e-03
4.224791e-03
4.226459e-03
4.228110e-03
4.229746e-03
4.231366e-03
4.232970e-03
4.234558e-03
4.236130e-03
4.237686e-03
4.239226e-03
4.240750e-03
4.242259e-03
4.243751e-03
4.245228e-03
4.246688e-03
4.248133e-03
4.249562e-03
4.250975e-03
4.252372e-03
4.253753e-03
4.255118e-03
4.256467e-03
4.257800e-03
4.259118e-03
4.260419e-03
4.261705e-03
4.262975e-03
4.264228e-03
4.265466e-03
4.266688e-03
4.267894e-03
4.269085e-03
4.270259e-03
4.271417e-03
4.272559e-03
4.273686e-03
4.274797e-03
4.275891e-03
4.276970e-03
4.278033e-03
4.279080e-03
4.280111e-03
4.281126e-03
4.282125e-03
4.283108e-03
4.284076e-03
4.285027e-03
4.285963e-03
4.286883e-03
4.287786e-03
4.288674e-03
4.289546e-03
4.290402e-03
4.291242e-03
4.292066e-03
4.292875e-03
4.293667e-03
4.294443e-03
4.295204e-03
4.295949e-03
4.296677e-03
4.297390e-03
4.298087e-03
4.298768e-03
4.299433e-03
4.300082e-03
4.300715e-03
4.301333e-03
4.301934e-03
4.302520e-03
4.303089e-03
4.303643e-03
4.304181e-03
4.304703e-03
4.305209e-03
4.305699e-03
4.306173e-03
4.306631e-03
4.307073e-03
4.307500e-03
4.307910e-03
4.308305e-03
4.308683e-03
4.309046e-03
4.309393e-03
4.309724e-03
4.310039e-03
4.310338e-03
4.310621e-03
4.310889e-03
4.311140e-03
4.311375e-03
4.311595e-03
4.311799e-03
4.311986e-03
4.312158e-03
4.312314e-03
4.312454e-03
4.312578e-03
4.312686e-03
4.312779e-03
4.312855e-03
4.312916e-03
4.312960e-03
4.312989e-03
4.313001e-03
4.312998e-03
4.312979e-03
4.312944e-03
4.312893e-03
4.312826e-03
4.312744e-03
4.312645e-03
4.312530e-03
4.312400e-03
4.312253e-03
4.312091e-03
4.311913e-03
4.311719e-03
4.311509e-03
4.311283e-03
4.311041e-03
4.310783e-03
4.310509e-03
4.310220e-03
4.309914e-03
4.309593e-03
4.309256e-03
4.308902e-03
4.308533e-03
4.308148e-03
4.307747e-03
4.307330e-03
4.306897e-03
4.306449e-03
4.305984e-03
4.305503e-03
4.305007e-03
4.304495e-03
4.303966e-03
4.303644e-03
4.303644e-03
4.303644e-03
4.303644e-03
4.303644e-03
4.303644e-03
4.303644e-03
4.303644e-03
4.303644e-03
4.303644e-03
4.303644e-03
4.303644e-03
4.303644e-03
4.303644e-03
4.303644e-03
4.303644e-03
4.303644e-03
4.303644e-03
4.303644e-03
4.303644e-03
4.303644e-03
4.303644e-03
4.303644e-03
4.303644e-03
4.303644e-03
4.303644e-03
4.303644e-03
4.303644e-03
4.303644e-03
4.303644e-03
4.303644e-03
4.303644e-03
4.303644e-03
4.303644e-03
4.303644e-03
4.303644e-03
4.303644e-03
4.303644e-03
4.303644e-03
4.303644e-03
4.303644e-03
4.303644e-03
4.303644e-03
4.303644e-03
4.303644e-03
4.303644e-03
4.303644e-03
4.303644e-03
4.303644e-03
4.303644e-03
4.303644e-03
4.303644e-03
4.303644e-03
4.303644e-03
4.303644e-03
4.303644e-03
4.303644e-03
4.303644e-03
4.303644e-03
4.303644e-03
4.303644e-03
4.303644e-03
4.303644e-03
4.303644e-03
4.303644e-03
4.303644e-03
4.303644e-03
4.303644e-03
4.303644e-03
4.303644e-03
4.303644e-03
4.303644e-03
4.303644e-03
4.303644e-03
4.303644e-03
4.303644e-03
4.303644e-03
4.303644e-03
4.303644e-03
4.303644e-03
4.303644e-03
4.303644e-03
4.303644e-03
4.303644e-03
4.303644e-03
4.303644e-03
4.303644e-03
4.303644e-03
4.303644e-03
4.303644e-03
4.303644e-03
4.303644e-03
4.303644e-03
4.303644e-03
4.303644e-03
4.303644e-03
4.303644e-03
4.303644e-03
4.303644e-03
4.303644e-03
4.303644e-03
4.303644e-03
4.303644e-03
4.303644e-03
4.303644e-03
4.303644e-03
4.303644e-03
4.303644e-03
4.303644e-03
4.303644e-03
4.303644e-03
4.303644e-03
4.303644e-03
4.303644e-03
4.303644e-03
4.303644e-03
4.303644e-03
4.303644e-03
4.303644e-03
4.303644e-03
4.303644e-03
4.303644e-03
4.303644e-03
4.303644e-03
4.303644e-03
4.303644e-03
4.303644e-03
4.303644e-03
4.303644e-03
4.303644e-03
4.303644e-03
4.303644e-03
4.303644e-03
4.303644e-03
4.303644e-03
4.303644e-03
4.303644e-03
4.303644e-03
4.303644e-03
4.303644e-03
4.303644e-03
4.303644e-03
4.303644e-03
4.303644e-03
4.303644e-03
4.303644e-03
4.303644e-03
4.303644e-03
4.303644e-03
4.303644e-03
4.303644e-03
4.303644e-03
4.303644e-03
4.303644e-03
4.303644e-03
4.303644e-03
4.303644e-03
4.303644e-03
4.303644e-03
4.303644e-03
4.303644e-03
4.303644e-03
4.303644e-03
4.303644e-03
4.303644e-03
4.303644e-03
4.303644e-03
4.303644e-03
4.303644e-03
4.303644e-03
4.303644e-03
4.303644e-03
4.303644e-03
4.303644e-03
4.303644e-03
4.303644e-03
4.303644e-03
4.303644e-03
4.303644e-03
4.303644e-03
4.303644e-03
4.303644e-03
4.303644e-03
4.303644e-03
4.303644e-03
4.303644e-03
4.303644e-03
4.303644e-03
4.303644e-03
4.303644e-03
4.303644e-03
4.303644e-03
4.303644e-03
4.303644e-03
4.303644e-03
4.303644e-03
4.303644e-03
4.303644e-03
4.303644e-03
4.303644e-03
4.303644e-03
