0.000000e+00
1.110371e-07
2.248711e-07
3.415020e-07
4.609298e-07
5.831545e-07
7.081761e-07
8.359946e-07
9.666100e-07
1.100022e-06
1.236232e-06
1.375238e-06
1.517041e-06
1.661641e-06
1.809037e-06
1.959231e-06
2.112222e-06
2.268009e-06
2.426594e-06
2.587975e-06
2.752153e-06
2.919129e-06
3.088901e-06
3.261470e-06
3.436836e-06
3.614998e-06
3.795958e-06
3.979715e-06
4.166268e-06
4.355619e-06
4.547766e-06
4.742710e-06
4.940451e-06
5.140989e-06
5.344324e-06
5.550456e-06
5.759385e-06
5.971110e-06
6.185633e-06
6.402952e-06
6.623069e-06
6.845982e-06
7.071692e-06
7.300199e-06
7.531503e-06
7.765604e-06
8.002502e-06
8.242196e-06
8.484688e-06
8.729976e-06
8.978062e-06
9.228944e-06
9.482623e-06
9.739099e-06
9.998372e-06
1.026044e-05
1.052531e-05
1.079297e-05
1.106343e-05
1.133669e-05
1.161275e-05
1.189160e-05
1.217324e-05
1.245769e-05
1.274493e-05
1.303497e-05
1.332781e-05
1.362344e-05
1.392187e-05
1.422310e-05
1.452712e-05
1.483394e-05
1.514356e-05
1.545597e-05
1.577118e-05
1.608919e-05
1.640999e-05
1.673360e-05
1.706000e-05
1.738919e-05
1.772118e-05
1.805597e-05
1.839356e-05
1.873394e-05
1.907712e-05
1.942310e-05
1.977187e-05
2.012344e-05
2.047781e-05
2.083498e-05
2.119494e-05
2.155770e-05
2.192325e-05
2.229160e-05
2.266275e-05
2.303670e-05
2.341344e-05
2.379298e-05
2.417532e-05
2.456045e-05
2.494838e-05
2.533911e-05
2.573264e-05
2.612896e-05
2.652807e-05
2.692999e-05
2.733470e-05
2.774221e-05
2.815252e-05
2.856562e-05
2.898152e-05
2.940022e-05
2.982171e-05
3.024600e-05
3.067309e-05
3.110297e-05
3.153565e-05
3.197113e-05
3.240940e-05
3.285048e-05
3.329434e-05
3.374101e-05
3.419047e-05
3.464273e-05
3.509779e-05
3.555564e-05
3.601629e-05
3.647974e-05
3.694598e-05
3.741502e-05
3.788686e-05
3.836150e-05
3.883893e-05
3.931916e-05
3.980218e-05
4.028800e-05
4.077662e-05
4.126804e-05
4.176225e-05
4.225926e-05
4.275907e-05
4.326167e-05
4.376707e-05
4.427527e-05
4.478626e-05
4.530005e-05
4.581664e-05
4.633603e-05
4.685821e-05
4.738319e-05
4.791096e-05
4.844154e-05
4.897491e-05
4.951107e-05
5.005004e-05
5.059180e-05
5.113635e-05
5.168371e-05
5.223386e-05
5.278681e-05
5.334255e-05
5.390109e-05
5.446243e-05
5.502657e-05
5.559350e-05
5.616323e-05
5.673576e-05
5.731108e-05
5.788920e-05
5.847012e-05
5.905383e-05
5.964034e-05
6.022965e-05
6.082175e-05
6.141665e-05
6.201435e-05
6.261485e-05
6.321814e-05
6.382423e-05
6.443312e-05
6.504480e-05
6.565928e-05
6.627655e-05
6.689663e-05
6.751950e-05
6.814517e-05
6.877363e-05
6.940489e-05
7.003895e-05
7.067580e-05
7.131546e-05
7.195791e-05
7.260315e-05
7.325119e-05
7.390203e-05
7.455567e-05
7.521210e-05
7.587133e-05
7.653336e-05
7.719818e-05
7.786581e-05
7.853622e-05
7.920944e-05
7.988545e-05
8.056426e-05
8.124586e-05
8.193027e-05
8.261747e-05
8.330746e-05
8.400026e-05
8.469585e-05
8.539423e-05
8.609542e-05
8.679940e-05
8.750617e-05
8.821575e-05
8.892812e-05
8.964329e-05
9.036125e-05
9.108202e-05
9.180557e-05
9.253193e-05
9.326108e-05
9.399303e-05
9.472778e-05
9.546532e-05
9.620566e-05
9.694880e-05
9.769474e-05
9.844347e-05
9.919500e-05
9.994932e-05
1.007064e-04
1.014664e-04
1.022291e-04
1.029946e-04
1.037629e-04
1.045340e-04
1.053079e-04
1.060846e-04
1.068641e-04
1.076464e-04
1.084315e-04
1.092194e-04
1.100101e-04
1.108035e-04
1.115998e-04
1.123989e-04
1.132008e-04
1.140054e-04
1.148129e-04
1.156232e-04
1.164362e-04
1.172521e-04
1.180707e-04
1.188922e-04
1.197164e-04
1.205435e-04
1.213733e-04
1.222060e-04
1.230414e-04
1.238796e-04
1.247207e-04
1.255645e-04
1.264111e-04
1.272605e-04
1.281127e-04
1.289678e-04
1.298256e-04
1.306862e-04
1.315496e-04
1.324158e-04
1.332848e-04
1.341566e-04
1.350312e-04
1.359086e-04
1.367887e-04
1.376717e-04
1.385575e-04
1.394461e-04
1.403375e-04
1.412316e-04
1.421286e-04
1.430284e-04
1.439309e-04
1.448363e-04
1.457444e-04
1.466554e-04
1.475691e-04
1.484857e-04
1.494050e-04
1.503272e-04
1.512521e-04
1.521798e-04
1.531104e-04
1.540437e-04
1.549798e-04
1.559187e-04
1.568604e-04
1.578050e-04
1.587523e-04
1.597024e-04
1.606553e-04
1.616110e-04
1.625695e-04
1.635308e-04
1.644949e-04
1.654618e-04
1.664314e-04
1.674039e-04
1.683792e-04
1.693573e-04
1.703382e-04
1.713218e-04
1.723083e-04
1.732976e-04
1.742896e-04
1.752845e-04
1.762821e-04
1.772826e-04
1.782858e-04
1.792919e-04
1.803007e-04
1.813124e-04
1.823268e-04
1.833440e-04
1.843641e-04
1.853869e-04
1.864125e-04
1.874410e-04
1.884722e-04
1.895062e-04
1.905430e-04
1.915826e-04
1.926250e-04
1.936702e-04
1.947182e-04
1.957690e-04
1.968226e-04
1.978790e-04
1.989382e-04
2.000002e-04
2.010649e-04
2.021325e-04
2.032029e-04
2.042761e-04
2.053520e-04
2.064308e-04
2.075124e-04
2.085967e-04
2.096839e-04
2.107738e-04
2.118666e-04
2.129621e-04
2.140605e-04
2.151616e-04
2.162656e-04
2.173723e-04
2.184818e-04
2.195942e-04
2.207093e-04
2.218272e-04
2.229479e-04
2.240714e-04
2.251978e-04
2.263269e-04
2.274588e-04
2.285935e-04
2.297310e-04
2.308713e-04
2.320144e-04
2.331603e-04
2.343089e-04
2.354604e-04
2.366147e-04
2.377718e-04
2.389317e-04
2.400943e-04
2.412598e-04
2.424281e-04
2.435991e-04
2.447730e-04
2.459497e-04
2.471291e-04
2.483114e-04
2.494964e-04
2.506843e-04
2.518749e-04
2.530683e-04
2.542646e-04
2.554636e-04
2.566654e-04
2.578701e-04
2.590775e-04
2.602877e-04
2.615007e-04
2.627165e-04
2.639352e-04
2.651566e-04
2.663808e-04
2.676078e-04
2.688376e-04
2.700702e-04
2.713056e-04
2.725437e-04
2.737847e-04
2.750285e-04
2.762751e-04
2.775245e-04
2.787766e-04
2.800316e-04
2.812894e-04
2.825499e-04
2.838133e-04
2.850795e-04
2.863484e-04
2.876202e-04
2.888947e-04
2.901721e-04
2.914522e-04
2.927352e-04
2.940209e-04
2.953094e-04
2.966008e-04
2.978949e-04
2.991918e-04
3.004915e-04
3.017940e-04
3.030994e-04
3.044075e-04
3.057184e-04
3.070321e-04
3.083486e-04
3.096679e-04
3.109900e-04
3.123149e-04
3.136426e-04
3.149731e-04
3.163063e-04
3.176424e-04
3.189813e-04
3.203230e-04
3.216674e-04
3.230147e-04
3.243648e-04
3.257176e-04
3.270733e-04
3.284318e-04
3.297930e-04
3.311571e-04
3.325239e-04
3.338936e-04
3.352660e-04
3.366412e-04
3.380193e-04
3.394001e-04
3.407837e-04
3.421702e-04
3.435594e-04
3.449514e-04
3.463462e-04
3.477438e-04
3.491442e-04
3.505474e-04
3.519534e-04
3.533622e-04
3.547738e-04
3.561882e-04
3.576054e-04
3.590254e-04
3.604482e-04
3.618738e-04
3.633022e-04
3.647333e-04
3.661673e-04
3.676041e-04
3.690436e-04
3.704860e-04
3.719312e-04
3.733791e-04
3.748299e-04
3.762834e-04
3.777398e-04
3.791989e-04
3.806609e-04
3.821256e-04
3.835931e-04
3.850635e-04
3.865366e-04
3.880125e-04
3.894912e-04
3.909728e-04
3.924571e-04
3.939442e-04
3.954341e-04
3.969268e-04
3.984223e-04
3.999206e-04
4.014217e-04
4.029256e-04
4.044323e-04
4.059418e-04
4.074541e-04
4.089692e-04
4.104870e-04
4.120077e-04
4.135312e-04
4.150575e-04
4.165865e-04
4.181184e-04
4.196531e-04
4.211905e-04
4.227308e-04
4.242738e-04
4.258197e-04
4.273683e-04
4.289198e-04
4.304740e-04
4.320310e-04
4.335909e-04
4.351535e-04
4.367189e-04
4.382872e-04
4.398582e-04
4.414320e-04
4.430086e-04
4.445880e-04
4.461702e-04
4.477552e-04
4.493430e-04
4.509336e-04
4.525270e-04
4.541232e-04
4.557222e-04
4.573240e-04
4.589286e-04
4.605360e-04
4.621461e-04
4.637591e-04
4.653749e-04
4.669935e-04
4.686148e-04
4.702390e-04
4.718659e-04
4.734957e-04
4.751283e-04
4.767636e-04
4.784017e-04
4.800427e-04
4.816864e-04
4.833330e-04
4.849823e-04
4.866344e-04
4.882894e-04
4.899471e-04
4.916076e-04
4.932709e-04
4.949370e-04
4.966060e-04
4.982777e-04
4.999522e-04
5.016295e-04
5.033096e-04
5.049925e-04
5.066782e-04
5.083667e-04
5.100579e-04
5.117520e-04
5.134489e-04
5.151486e-04
5.168511e-04
5.185563e-04
5.202644e-04
5.219753e-04
5.236889e-04
5.254054e-04
5.271247e-04
5.288467e-04
5.305716e-04
5.322992e-04
5.340297e-04
5.357629e-04
5.374989e-04
5.392378e-04
5.409794e-04
5.427238e-04
5.444711e-04
5.462211e-04
5.479739e-04
5.497295e-04
5.514879e-04
5.532491e-04
5.550131e-04
5.567799e-04
5.585495e-04
5.603219e-04
5.620971e-04
5.638751e-04
5.656559e-04
5.674395e-04
5.692259e-04
5.710151e-04
5.728070e-04
5.746018e-04
5.763994e-04
5.781998e-04
5.800029e-04
5.818089e-04
5.836176e-04
5.854292e-04
5.872435e-04
5.890607e-04
5.908806e-04
5.927034e-04
5.945289e-04
5.963573e-04
5.981884e-04
6.000223e-04
6.018590e-04
6.036986e-04
6.055409e-04
6.073860e-04
6.092339e-04
6.110846e-04
6.129381e-04
6.147944e-04
6.166535e-04
6.185154e-04
6.203801e-04
6.222476e-04
6.241179e-04
6.259910e-04
6.278669e-04
6.297456e-04
6.316271e-04
6.335113e-04
6.353984e-04
6.372883e-04
6.391809e-04
6.410764e-04
6.429747e-04
6.448757e-04
6.467796e-04
6.486862e-04
6.505957e-04
6.525079e-04
6.544229e-04
6.563408e-04
6.582614e-04
6.601848e-04
6.621111e-04
6.640401e-04
6.659719e-04
6.679065e-04
6.698439e-04
6.717842e-04
6.737272e-04
6.756730e-04
6.776216e-04
6.795730e-04
6.815272e-04
6.834842e-04
6.854440e-04
6.874065e-04
6.893719e-04
6.913401e-04
6.933111e-04
6.952849e-04
6.972614e-04
6.992408e-04
7.012230e-04
7.032079e-04
7.051957e-04
7.071863e-04
7.091796e-04
7.111758e-04
7.131747e-04
7.151764e-04
7.171810e-04
7.191883e-04
7.211985e-04
7.232114e-04
7.252271e-04
7.272456e-04
7.292670e-04
7.312911e-04
7.333180e-04
7.353477e-04
7.373802e-04
7.394155e-04
7.414536e-04
7.434945e-04
7.455382e-04
7.475847e-04
7.496340e-04
7.516861e-04
7.537410e-04
7.557987e-04
7.578592e-04
7.599224e-04
7.619885e-04
7.640574e-04
7.661290e-04
7.682035e-04
7.702808e-04
7.723608e-04
7.744437e-04
7.765293e-04
7.786178e-04
7.807090e-04
7.828031e-04
7.848999e-04
7.869995e-04
7.891020e-04
7.912072e-04
7.933152e-04
7.954261e-04
7.975397e-04
7.996561e-04
8.017753e-04
8.038973e-04
8.060221e-04
8.081497e-04
8.102801e-04
8.124133e-04
8.145493e-04
8.166881e-04
8.188297e-04
8.209741e-04
8.231213e-04
8.252713e-04
8.274240e-04
8.295796e-04
8.317380e-04
8.338991e-04
8.360631e-04
8.382299e-04
8.403994e-04
8.425718e-04
8.447469e-04
8.469249e-04
8.491056e-04
8.512892e-04
8.534755e-04
8.556647e-04
8.578566e-04
8.600513e-04
8.622488e-04
8.644492e-04
8.666523e-04
8.688582e-04
8.710669e-04
8.732784e-04
8.754927e-04
8.777099e-04
8.799298e-04
8.821525e-04
8.843779e-04
8.866062e-04
8.888373e-04
8.910712e-04
8.933079e-04
8.955474e-04
8.977897e-04
9.000347e-04
9.022826e-04
9.045333e-04
9.067867e-04
9.090430e-04
9.113021e-04
9.135639e-04
9.158286e-04
9.180960e-04
9.203663e-04
9.226393e-04
9.249152e-04
9.271938e-04
9.294752e-04
9.317595e-04
9.340465e-04
9.363363e-04
9.386289e-04
9.409244e-04
9.432226e-04
9.455236e-04
9.478274e-04
9.501340e-04
9.524434e-04
9.547556e-04
9.570706e-04
9.593884e-04
9.617090e-04
9.640324e-04
9.663586e-04
9.686875e-04
9.710193e-04
9.733539e-04
9.756913e-04
9.780314e-04
9.803744e-04
9.827202e-04
9.850687e-04
9.874201e-04
9.897742e-04
9.921312e-04
9.944909e-04
9.968535e-04
9.992188e-04
1.001587e-03
1.003958e-03
1.006332e-03
1.008708e-03
1.011087e-03
1.013470e-03
1.015855e-03
1.018242e-03
1.020633e-03
1.023026e-03
1.025422e-03
1.027821e-03
1.030223e-03
1.032627e-03
1.035035e-03
1.037445e-03
1.039858e-03
1.042273e-03
1.044692e-03
1.047113e-03
1.049537e-03
1.051964e-03
1.054394e-03
1.056826e-03
1.059261e-03
1.061699e-03
1.064140e-03
1.066584e-03
1.069030e-03
1.071480e-03
1.073932e-03
1.076387e-03
1.078844e-03
1.081305e-03
1.083768e-03
1.086234e-03
1.088703e-03
1.091174e-03
1.093649e-03
1.096126e-03
1.098606e-03
1.101089e-03
1.103574e-03
1.106063e-03
1.108554e-03
1.111048e-03
1.113545e-03
1.116044e-03
1.118547e-03
1.121052e-03
1.123560e-03
1.126071e-03
1.128584e-03
1.131101e-03
1.133620e-03
1.136142e-03
1.138667e-03
1.141194e-03
1.143725e-03
1.146258e-03
1.148794e-03
1.151332e-03
1.153874e-03
1.156418e-03
1.158965e-03
1.161515e-03
1.164068e-03
1.166624e-03
1.169182e-03
1.171743e-03
1.174307e-03
1.176874e-03
1.179443e-03
1.182016e-03
1.184591e-03
1.187169e-03
1.189749e-03
1.192333e-03
1.194919e-03
1.197508e-03
1.200100e-03
1.202695e-03
1.205292e-03
1.207892e-03
1.210496e-03
1.213101e-03
1.215710e-03
1.218322e-03
1.220936e-03
1.223553e-03
1.226173e-03
1.228795e-03
1.231421e-03
1.234049e-03
1.236680e-03
1.239314e-03
1.241951e-03
1.244590e-03
1.247232e-03
1.249877e-03
1.252525e-03
1.255176e-03
1.257829e-03
1.260485e-03
1.263144e-03
1.265806e-03
1.268471e-03
1.271138e-03
1.273809e-03
1.276482e-03
1.279157e-03
1.281836e-03
1.284517e-03
1.287201e-03
1.289888e-03
1.292578e-03
1.295271e-03
1.297966e-03
1.300664e-03
1.303365e-03
1.306069e-03
1.308776e-03
1.311485e-03
1.314197e-03
1.316912e-03
1.319630e-03
1.322350e-03
1.325074e-03
1.327800e-03
1.330529e-03
1.333261e-03
1.335995e-03
1.338732e-03
1.341473e-03
1.344216e-03
1.346961e-03
1.349710e-03
1.352461e-03
1.355215e-03
1.357972e-03
1.360732e-03
1.363494e-03
1.366260e-03
1.369028e-03
1.371799e-03
1.374572e-03
1.377349e-03
1.380128e-03
1.382910e-03
1.385695e-03
1.388483e-03
1.391273e-03
1.394066e-03
1.396862e-03
1.399661e-03
1.402463e-03
1.405267e-03
1.408075e-03
1.410885e-03
1.413698e-03
1.416513e-03
1.419332e-03
1.422153e-03
1.424977e-03
1.427804e-03
1.430633e-03
1.433466e-03
1.436301e-03
1.439139e-03
1.441980e-03
1.444824e-03
1.447670e-03
1.450519e-03
1.453371e-03
1.456226e-03
1.459084e-03
1.461944e-03
1.464807e-03
1.467673e-03
1.470542e-03
1.473413e-03
1.476288e-03
1.479165e-03
1.482045e-03
1.484928e-03
1.487813e-03
1.490702e-03
1.493593e-03
1.496487e-03
1.499384e-03
1.502283e-03
1.505185e-03
1.508091e-03
1.510999e-03
1.513909e-03
1.516823e-03
1.519739e-03
1.522658e-03
1.525580e-03
1.528505e-03
1.531432e-03
1.534363e-03
1.537296e-03
1.540232e-03
1.543170e-03
1.546112e-03
1.549056e-03
1.552003e-03
1.554953e-03
1.557906e-03
1.560861e-03
1.563820e-03
1.566781e-03
1.569745e-03
1.572711e-03
1.575681e-03
1.578653e-03
1.581628e-03
1.584606e-03
1.587587e-03
1.590570e-03
1.593556e-03
1.596545e-03
1.599537e-03
1.602532e-03
1.605529e-03
1.608530e-03
1.611533e-03
1.614539e-03
1.617547e-03
1.620559e-03
1.623573e-03
1.626590e-03
1.629610e-03
1.632632e-03
1.635658e-03
1.638686e-03
1.641717e-03
1.644751e-03
1.647787e-03
1.650827e-03
1.653869e-03
1.656914e-03
1.659962e-03
1.663012e-03
1.666066e-03
1.669122e-03
1.672181e-03
1.675243e-03
1.678307e-03
1.681374e-03
1.684445e-03
1.687518e-03
1.690593e-03
1.693672e-03
1.696753e-03
1.699837e-03
1.702924e-03
1.706014e-03
1.709107e-03
1.712202e-03
1.715300e-03
1.718401e-03
1.721505e-03
1.724611e-03
1.727721e-03
1.730833e-03
1.733948e-03
1.737065e-03
1.740186e-03
1.743309e-03
1.746435e-03
1.749564e-03
1.752696e-03
1.755830e-03
1.758968e-03
1.762108e-03
1.765251e-03
1.768396e-03
1.771545e-03
1.774696e-03
1.777850e-03
1.781007e-03
1.784167e-03
1.787329e-03
1.790494e-03
1.793662e-03
1.796833e-03
1.800007e-03
1.803183e-03
1.806363e-03
1.809545e-03
1.812729e-03
1.815917e-03
1.819107e-03
1.822301e-03
1.825497e-03
1.828696e-03
1.831897e-03
1.835102e-03
1.838309e-03
1.841519e-03
1.844732e-03
1.847947e-03
1.851166e-03
1.854387e-03
1.857611e-03
1.860838e-03
1.864067e-03
1.867299e-03
1.870535e-03
1.873773e-03
1.877013e-03
1.880257e-03
1.883503e-03
1.886753e-03
1.890004e-03
1.893259e-03
1.896517e-03
1.899777e-03
1.903040e-03
1.906306e-03
1.909575e-03
1.912847e-03
1.916121e-03
1.919398e-03
1.922678e-03
1.925961e-03
1.929246e-03
1.932534e-03
1.935826e-03
1.939120e-03
1.942416e-03
1.945716e-03
1.949018e-03
1.952323e-03
1.955631e-03
1.958942e-03
1.962255e-03
1.965572e-03
1.968891e-03
1.972212e-03
1.975537e-03
1.978865e-03
1.982195e-03
1.985528e-03
1.988864e-03
1.992203e-03
1.995544e-03
1.998888e-03
2.002235e-03
2.005585e-03
2.008938e-03
2.012293e-03
2.015651e-03
2.019013e-03
2.022376e-03
2.025743e-03
2.029112e-03
2.032485e-03
2.035860e-03
2.039237e-03
2.042618e-03
2.046002e-03
2.049388e-03
2.052777e-03
2.056169e-03
2.059563e-03
2.062961e-03
2.066361e-03
2.069764e-03
2.073170e-03
2.076578e-03
2.079989e-03
2.083404e-03
2.086821e-03
2.090240e-03
2.093663e-03
2.097088e-03
2.100517e-03
2.103947e-03
2.107381e-03
2.110818e-03
2.114257e-03
2.117699e-03
2.121144e-03
2.124592e-03
2.128043e-03
2.131496e-03
2.134952e-03
2.138411e-03
2.141873e-03
2.145337e-03
2.148805e-03
2.152275e-03
2.155748e-03
2.159223e-03
2.162702e-03
2.166183e-03
2.169667e-03
2.173154e-03
2.176644e-03
2.180136e-03
2.183632e-03
2.187130e-03
2.190631e-03
2.194134e-03
2.197641e-03
2.201150e-03
2.204662e-03
2.208177e-03
2.211695e-03
2.215215e-03
2.218738e-03
2.222264e-03
2.225793e-03
2.229325e-03
2.232859e-03
2.236397e-03
2.239937e-03
2.243479e-03
2.247025e-03
2.250574e-03
2.254125e-03
2.257679e-03
2.261236e-03
2.264795e-03
2.268358e-03
2.271923e-03
2.275491e-03
2.279062e-03
2.282635e-03
2.286212e-03
2.289791e-03
2.293373e-03
2.296958e-03
2.300545e-03
2.304136e-03
2.307729e-03
2.311325e-03
2.314924e-03
2.318525e-03
2.322129e-03
2.325737e-03
2.329347e-03
2.332959e-03
2.336575e-03
2.340193e-03
2.343814e-03
2.347438e-03
2.351065e-03
2.354695e-03
2.358327e-03
2.361962e-03
2.365600e-03
2.369241e-03
2.372884e-03
2.376531e-03
2.380180e-03
2.383832e-03
2.387486e-03
2.391144e-03
2.394804e-03
2.398467e-03
2.402133e-03
2.405802e-03
2.409473e-03
2.413148e-03
2.416825e-03
2.420505e-03
2.424187e-03
2.427873e-03
2.431561e-03
2.435252e-03
2.438946e-03
2.442643e-03
2.446342e-03
2.450044e-03
2.453750e-03
2.457457e-03
2.461168e-03
2.464882e-03
2.468598e-03
2.472317e-03
2.476039e-03
2.479763e-03
2.483491e-03
2.487221e-03
2.490954e-03
2.494690e-03
2.498428e-03
2.502170e-03
2.505914e-03
2.509661e-03
2.513411e-03
2.517163e-03
2.520919e-03
2.524677e-03
2.528438e-03
2.532202e-03
2.535968e-03
2.539738e-03
2.543510e-03
2.547285e-03
2.551063e-03
2.554843e-03
2.558627e-03
2.562413e-03
2.566202e-03
2.569994e-03
2.573788e-03
2.577586e-03
2.581386e-03
2.585189e-03
2.588994e-03
2.592803e-03
2.596614e-03
2.600428e-03
2.604245e-03
2.608065e-03
2.611888e-03
2.615713e-03
2.619541e-03
2.623372e-03
2.627206e-03
2.631042e-03
2.634882e-03
2.638724e-03
2.642569e-03
2.646416e-03
2.650267e-03
2.654120e-03
2.657976e-03
2.661835e-03
2.665697e-03
2.669561e-03
2.673428e-03
2.677299e-03
2.681171e-03
2.685047e-03
2.688926e-03
2.692807e-03
2.696691e-03
2.700578e-03
2.704467e-03
2.708360e-03
2.712255e-03
2.716153e-03
2.720054e-03
2.723958e-03
2.727864e-03
2.731773e-03
2.735685e-03
2.739600e-03
2.743518e-03
2.747438e-03
2.751361e-03
2.755287e-03
2.759216e-03
2.763148e-03
2.767082e-03
2.771019e-03
2.774959e-03
2.778902e-03
2.782848e-03
2.786796e-03
2.790747e-03
2.794701e-03
2.798658e-03
2.802618e-03
2.806580e-03
2.810545e-03
2.814513e-03
2.818484e-03
2.822458e-03
2.826434e-03
2.830413e-03
2.834395e-03
2.838380e-03
2.842367e-03
2.846358e-03
2.850351e-03
2.854347e-03
2.858345e-03
2.862347e-03
2.866351e-03
2.870358e-03
2.874368e-03
2.878381e-03
2.882397e-03
2.886415e-03
2.890436e-03
2.894460e-03
2.898487e-03
2.902516e-03
2.906548e-03
2.910584e-03
2.914621e-03
2.918662e-03
2.922706e-03
2.926752e-03
2.930801e-03
2.934853e-03
2.938908e-03
2.942965e-03
2.947025e-03
2.951088e-03
2.955154e-03
2.959223e-03
2.963294e-03
2.967369e-03
2.971446e-03
2.975525e-03
2.979608e-03
2.983693e-03
2.987782e-03
2.991873e-03
2.995967e-03
3.000063e-03
3.004163e-03
3.008265e-03
3.012370e-03
3.016478e-03
3.020588e-03
3.024702e-03
3.028818e-03
3.032937e-03
3.037059e-03
3.041183e-03
3.045311e-03
3.049441e-03
3.053574e-03
3.057710e-03
3.061848e-03
3.065990e-03
3.070134e-03
3.074281e-03
3.078431e-03
3.082583e-03
3.086738e-03
3.090897e-03
3.095058e-03
3.099221e-03
3.103388e-03
3.107557e-03
3.111729e-03
3.115904e-03
3.120082e-03
3.124263e-03
3.128446e-03
3.132632e-03
3.136821e-03
3.141013e-03
3.145207e-03
3.149404e-03
3.153605e-03
3.157807e-03
3.162013e-03
3.166222e-03
3.170433e-03
3.174647e-03
3.178864e-03
3.183084e-03
3.187306e-03
3.191531e-03
3.195760e-03
3.199990e-03
3.204224e-03
3.208461e-03
3.212700e-03
3.216942e-03
3.221187e-03
3.225434e-03
3.229685e-03
3.233938e-03
3.238194e-03
3.242453e-03
3.246715e-03
3.250979e-03
3.255246e-03
3.259516e-03
3.263789e-03
3.268065e-03
3.272343e-03
3.276624e-03
3.280908e-03
3.285195e-03
3.289485e-03
3.293777e-03
3.298072e-03
3.302370e-03
3.306671e-03
3.310310e-03
3.313935e-03
3.317546e-03
3.321143e-03
3.324726e-03
3.328295e-03
3.331850e-03
3.335392e-03
3.338919e-03
3.342432e-03
3.345932e-03
3.349417e-03
3.352888e-03
3.356346e-03
3.359790e-03
3.363219e-03
3.366635e-03
3.370037e-03
3.373424e-03
3.376798e-03
3.380158e-03
3.383504e-03
3.386836e-03
3.390154e-03
3.393458e-03
3.396748e-03
3.400025e-03
3.403287e-03
3.406535e-03
3.409770e-03
3.412990e-03
3.416197e-03
3.419389e-03
3.422568e-03
3.425732e-03
3.428883e-03
3.432020e-03
3.435143e-03
3.438251e-03
3.441346e-03
3.444427e-03
3.447494e-03
3.450547e-03
3.453586e-03
3.456612e-03
3.459623e-03
3.462620e-03
3.465603e-03
3.468573e-03
3.471528e-03
3.474470e-03
3.477397e-03
3.480311e-03
3.483210e-03
3.486096e-03
3.488968e-03
3.491826e-03
3.494670e-03
3.497499e-03
3.500315e-03
3.503117e-03
3.505905e-03
3.508680e-03
3.511440e-03
3.514186e-03
3.516918e-03
3.519637e-03
3.522341e-03
3.525031e-03
3.527708e-03
3.530370e-03
3.533019e-03
3.535654e-03
3.538274e-03
3.540881e-03
3.543474e-03
3.546053e-03
3.548618e-03
3.551169e-03
3.553706e-03
3.556229e-03
3.558738e-03
3.561233e-03
3.563714e-03
3.566181e-03
3.568635e-03
3.571074e-03
3.573500e-03
3.575911e-03
3.578309e-03
3.580692e-03
3.583062e-03
3.585417e-03
3.587759e-03
3.590087e-03
3.592401e-03
3.594701e-03
3.596987e-03
3.599259e-03
3.601517e-03
3.603761e-03
3.605991e-03
3.608207e-03
3.610410e-03
3.612598e-03
3.614772e-03
3.616933e-03
3.619079e-03
3.621212e-03
3.623330e-03
3.625435e-03
3.627526e-03
3.629602e-03
3.631665e-03
3.633714e-03
3.635749e-03
3.637770e-03
3.639777e-03
3.641770e-03
3.643749e-03
3.645714e-03
3.647665e-03
3.649603e-03
3.651526e-03
3.653435e-03
3.655331e-03
3.657212e-03
3.659080e-03
3.660933e-03
3.662773e-03
3.664599e-03
3.666411e-03
3.668208e-03
3.669992e-03
3.671762e-03
3.673518e-03
3.675260e-03
3.676988e-03
3.678702e-03
3.680402e-03
3.682089e-03
3.683761e-03
3.685419e-03
3.687064e-03
3.688694e-03
3.690311e-03
3.691913e-03
3.693502e-03
3.695076e-03
3.696637e-03
3.698184e-03
3.699717e-03
3.701235e-03
3.702740e-03
3.704231e-03
3.705708e-03
3.707171e-03
3.708620e-03
3.710056e-03
3.711477e-03
3.712884e-03
3.714277e-03
3.715657e-03
3.717022e-03
3.718374e-03
3.719711e-03
3.721035e-03
3.722344e-03
3.723640e-03
3.724922e-03
3.726190e-03
3.727444e-03
3.728683e-03
3.729909e-03
3.731121e-03
3.732320e-03
3.733504e-03
3.734674e-03
3.735830e-03
3.736972e-03
3.738101e-03
3.739215e-03
3.740315e-03
3.741402e-03
3.742474e-03
3.743533e-03
3.744578e-03
3.745608e-03
3.746625e-03
3.747628e-03
3.748617e-03
3.749592e-03
3.750553e-03
3.751500e-03
3.752433e-03
3.753352e-03
3.754257e-03
3.755148e-03
3.756025e-03
3.756889e-03
3.757738e-03
3.758574e-03
3.759395e-03
3.760203e-03
3.760996e-03
3.761776e-03
3.762542e-03
3.763293e-03
3.764031e-03
3.764755e-03
3.765465e-03
3.766161e-03
3.766843e-03
3.767511e-03
3.768165e-03
3.768805e-03
3.769431e-03
3.770044e-03
3.770642e-03
3.771226e-03
3.771797e-03
3.772353e-03
3.772896e-03
3.773424e-03
3.773939e-03
3.774440e-03
3.774927e-03
3.775399e-03
3.775858e-03
3.776303e-03
3.776734e-03
3.777151e-03
3.777554e-03
3.777943e-03
3.778318e-03
3.778680e-03
3.779027e-03
3.779360e-03
3.779680e-03
3.779985e-03
3.780277e-03
3.780554e-03
3.780818e-03
3.781067e-03
3.781303e-03
3.781525e-03
3.781733e-03
3.781926e-03
3.782106e-03
3.782272e-03
3.782424e-03
3.782562e-03
3.782686e-03
3.782797e-03
3.782893e-03
3.782975e-03
3.783043e-03
3.783098e-03
3.783138e-03
3.783165e-03
3.783177e-03
3.783176e-03
3.783161e-03
3.783131e-03
3.783088e-03
3.783031e-03
3.782960e-03
3.782875e-03
3.782775e-03
3.782662e-03
3.782536e-03
3.782395e-03
3.782240e-03
3.782071e-03
3.781888e-03
3.781692e-03
3.781481e-03
3.781256e-03
3.781018e-03
3.780765e-03
3.780499e-03
3.780219e-03
3.779924e-03
3.779616e-03
3.779294e-03
3.778958e-03
3.778608e-03
3.778244e-03
3.777866e-03
3.777474e-03
3.777068e-03
3.776648e-03
3.776214e-03
3.775767e-03
3.775305e-03
3.774829e-03
3.774340e-03
3.773836e-03
3.773319e-03
3.772787e-03
3.772464e-03
3.772464e-03
3.772464e-03
3.772464e-03
3.772464e-03
3.772464e-03
3.772464e-03
3.772464e-03
3.772464e-03
3.772464e-03
3.772464e-03
3.772464e-03
3.772464e-03
3.772464e-03
3.772464e-03
3.772464e-03
3.772464e-03
3.772464e-03
3.772464e-03
3.772464e-03
3.772464e-03
3.772464e-03
3.772464e-03
3.772464e-03
3.772464e-03
3.772464e-03
3.772464e-03
3.772464e-03
3.772464e-03
3.772464e-03
3.772464e-03
3.772464e-03
3.772464e-03
3.772464e-03
3.772464e-03
3.772464e-03
3.772464e-03
3.772464e-03
3.772464e-03
3.772464e-03
3.772464e-03
3.772464e-03
3.772464e-03
3.772464e-03
3.772464e-03
3.772464e-03
3.772464e-03
3.772464e-03
3.772464e-03
3.772464e-03
3.772464e-03
3.772464e-03
3.772464e-03
3.772464e-03
3.772464e-03
3.772464e-03
3.772464e-03
3.772464e-03
3.772464e-03
3.772464e-03
3.772464e-03
3.772464e-03
3.772464e-03
3.772464e-03
3.772464e-03
3.772464e-03
3.772464e-03
3.772464e-03
3.772464e-03
3.772464e-03
3.772464e-03
3.772464e-03
3.772464e-03
3.772464e-03
3.772464e-03
3.772464e-03
3.772464e-03
3.772464e-03
3.772464e-03
3.772464e-03
3.772464e-03
3.772464e-03
3.772464e-03
3.772464e-03
3.772464e-03
3.772464e-03
3.772464e-03
3.772464e-03
3.772464e-03
3.772464e-03
3.772464e-03
3.772464e-03
3.772464e-03
3.772464e-03
3.772464e-03
3.772464e-03
3.772464e-03
3.772464e-03
3.772464e-03
3.772464e-03
3.772464e-03
3.772464e-03
3.772464e-03
3.772464e-03
3.772464e-03
3.772464e-03
3.772464e-03
3.772464e-03
3.772464e-03
3.772464e-03
3.772464e-03
3.772464e-03
3.772464e-03
3.772464e-03
3.772464e-03
3.772464e-03
3.772464e-03
3.772464e-03
3.772464e-03
3.772464e-03
3.772464e-03
3.772464e-03
3.772464e-03
3.772464e-03
3.772464e-03
3.772464e-03
3.772464e-03
3.772464e-03
3.772464e-03
3.772464e-03
3.772464e-03
3.772464e-03
3.772464e-03
3.772464e-03
3.772464e-03
3.772464e-03
3.772464e-03
3.772464e-03
3.772464e-03
3.772464e-03
3.772464e-03
3.772464e-03
3.772464e-03
3.772464e-03
3.772464e-03
3.772464e-03
3.772464e-03
3.772464e-03
3.772464e-03
3.772464e-03
3.772464e-03
3.772464e-03
3.772464e-03
3.772464e-03
3.772464e-03
3.772464e-03
3.772464e-03
3.772464e-03
3.772464e-03
3.772464e-03
3.772464e-03
3.772464e-03
3.772464e-03
3.772464e-03
3.772464e-03
3.772464e-03
3.772464e-03
3.772464e-03
3.772464e-03
3.772464e-03
3.772464e-03
3.772464e-03
3.772464e-03
3.772464e-03
3.772464e-03
3.772464e-03
3.772464e-03
3.772464e-03
3.772464e-03
3.772464e-03
3.772464e-03
3.772464e-03
3.772464e-03
3.772464e-03
3.772464e-03
3.772464e-03
3.772464e-03
3.772464e-03
3.772464e-03
3.772464e-03
3.772464e-03
3.772464e-03
3.772464e-03
3.772464e-03
3.772464e-03
3.772464e-03
3.772464e-03
3.772464e-03
3.772464e-03
3.772464e-03
3.772464e-03
