0.000000e+00
1.110371e-07
2.249286e-07
3.416745e-07
4.612749e-07
5.837297e-07
7.090389e-07
8.372025e-07
9.682206e-07
1.102093e-06
1.238820e-06
1.378401e-06
1.520837e-06
1.666127e-06
1.814272e-06
1.965271e-06
2.119124e-06
2.275832e-06
2.435394e-06
2.597811e-06
2.763082e-06
2.931208e-06
3.102188e-06
3.276022e-06
3.452711e-06
3.632254e-06
3.814652e-06
3.999904e-06
4.188011e-06
4.378972e-06
4.572787e-06
4.769457e-06
4.968981e-06
5.171360e-06
5.376593e-06
5.584680e-06
5.795622e-06
6.009418e-06
6.226069e-06
6.445574e-06
6.667934e-06
6.893148e-06
7.121217e-06
7.352139e-06
7.585917e-06
7.822548e-06
8.062035e-06
8.304375e-06
8.549570e-06
8.797620e-06
9.048523e-06
9.302282e-06
9.558894e-06
9.818362e-06
1.008068e-05
1.034586e-05
1.061389e-05
1.088477e-05
1.115851e-05
1.143511e-05
1.171456e-05
1.199686e-05
1.228201e-05
1.257003e-05
1.286089e-05
1.315461e-05
1.345119e-05
1.375062e-05
1.405290e-05
1.435804e-05
1.466603e-05
1.497688e-05
1.529058e-05
1.560713e-05
1.592654e-05
1.624881e-05
1.657393e-05
1.690190e-05
1.723273e-05
1.756641e-05
1.790295e-05
1.824234e-05
1.858458e-05
1.892968e-05
1.927764e-05
1.962845e-05
1.998211e-05
2.033863e-05
2.069800e-05
2.106022e-05
2.142531e-05
2.179324e-05
2.216403e-05
2.253767e-05
2.291417e-05
2.329353e-05
2.367573e-05
2.406079e-05
2.444871e-05
2.483948e-05
2.523311e-05
2.562959e-05
2.602892e-05
2.643111e-05
2.683615e-05
2.724405e-05
2.765480e-05
2.806841e-05
2.848487e-05
2.890418e-05
2.932635e-05
2.975137e-05
3.017925e-05
3.060998e-05
3.104357e-05
3.148001e-05
3.191931e-05
3.236146e-05
3.280646e-05
3.325432e-05
3.370504e-05
3.415860e-05
3.461503e-05
3.507430e-05
3.553643e-05
3.600142e-05
3.646926e-05
3.693995e-05
3.741350e-05
3.788991e-05
3.836916e-05
3.885128e-05
3.933624e-05
3.982406e-05
4.031474e-05
4.080827e-05
4.130465e-05
4.180389e-05
4.230599e-05
4.281093e-05
4.331874e-05
4.382939e-05
4.434290e-05
4.485927e-05
4.537849e-05
4.590056e-05
4.642549e-05
4.695327e-05
4.748391e-05
4.801740e-05
4.855375e-05
4.909295e-05
4.963500e-05
5.017991e-05
5.072768e-05
5.127830e-05
5.183177e-05
5.238810e-05
5.294728e-05
5.350931e-05
5.407420e-05
5.464195e-05
5.521255e-05
5.578600e-05
5.636231e-05
5.694147e-05
5.752349e-05
5.810836e-05
5.869609e-05
5.928667e-05
5.988010e-05
6.047639e-05
6.107554e-05
6.167753e-05
6.228239e-05
6.289009e-05
6.350065e-05
6.411407e-05
6.473034e-05
6.534946e-05
6.597144e-05
6.659628e-05
6.722396e-05
6.785451e-05
6.848790e-05
6.912415e-05
6.976326e-05
7.040522e-05
7.105003e-05
7.169770e-05
7.234823e-05
7.300160e-05
7.365784e-05
7.431692e-05
7.497886e-05
7.564366e-05
7.631131e-05
7.698181e-05
7.765517e-05
7.833138e-05
7.901045e-05
7.969237e-05
8.037715e-05
8.106478e-05
8.175527e-05
8.244860e-05
8.314480e-05
8.384385e-05
8.454575e-05
8.525051e-05
8.595812e-05
8.666858e-05
8.738191e-05
8.809808e-05
8.881711e-05
8.953899e-05
9.026373e-05
9.099132e-05
9.172177e-05
9.245507e-05
9.319123e-05
9.393024e-05
9.467210e-05
9.541682e-05
9.616440e-05
9.691482e-05
9.766811e-05
9.842424e-05
9.918324e-05
9.994508e-05
1.007098e-04
1.014773e-04
1.022477e-04
1.030210e-04
1.037971e-04
1.045761e-04
1.053579e-04
1.061426e-04
1.069301e-04
1.077205e-04
1.085138e-04
1.093099e-04
1.101088e-04
1.109106e-04
1.117153e-04
1.125228e-04
1.133332e-04
1.141464e-04
1.149625e-04
1.157814e-04
1.166032e-04
1.174279e-04
1.182554e-04
1.190857e-04
1.199189e-04
1.207550e-04
1.215939e-04
1.224357e-04
1.232803e-04
1.241278e-04
1.249781e-04
1.258313e-04
1.266873e-04
1.275462e-04
1.284080e-04
1.292726e-04
1.301400e-04
1.310103e-04
1.318835e-04
1.327595e-04
1.336384e-04
1.345201e-04
1.354047e-04
1.362922e-04
1.371825e-04
1.380756e-04
1.389716e-04
1.398705e-04
1.407722e-04
1.416768e-04
1.425842e-04
1.434945e-04
1.444076e-04
1.453236e-04
1.462424e-04
1.471641e-04
1.480886e-04
1.490161e-04
1.499463e-04
1.508794e-04
1.518154e-04
1.527542e-04
1.536959e-04
1.546404e-04
1.555878e-04
1.565380e-04
1.574911e-04
1.584471e-04
1.594059e-04
1.603675e-04
1.613320e-04
1.622994e-04
1.632696e-04
1.642427e-04
1.652186e-04
1.661974e-04
1.671790e-04
1.681635e-04
1.691509e-04
1.701411e-04
1.711341e-04
1.721300e-04
1.731288e-04
1.741304e-04
1.751349e-04
1.761422e-04
1.771524e-04
1.781654e-04
1.791813e-04
1.802001e-04
1.812217e-04
1.822461e-04
1.832734e-04
1.843036e-04
1.853366e-04
1.863725e-04
1.874112e-04
1.884528e-04
1.894972e-04
1.905445e-04
1.915946e-04
1.926476e-04
1.937035e-04
1.947622e-04
1.958237e-04
1.968882e-04
1.979554e-04
1.990256e-04
2.000985e-04
2.011744e-04
2.022531e-04
2.033346e-04
2.044190e-04
2.055062e-04
2.065963e-04
2.076893e-04
2.087851e-04
2.098838e-04
2.109853e-04
2.120897e-04
2.131969e-04
2.143070e-04
2.154199e-04
2.165357e-04
2.176544e-04
2.187759e-04
2.199002e-04
2.210275e-04
2.221575e-04
2.232904e-04
2.244262e-04
2.255648e-04
2.267063e-04
2.278507e-04
2.289979e-04
2.301479e-04
2.313008e-04
2.324566e-04
2.336152e-04
2.347766e-04
2.359410e-04
2.371081e-04
2.382782e-04
2.394510e-04
2.406268e-04
2.418054e-04
2.429868e-04
2.441711e-04
2.453583e-04
2.465483e-04
2.477412e-04
2.489369e-04
2.501354e-04
2.513369e-04
2.525412e-04
2.537483e-04
2.549583e-04
2.561711e-04
2.573868e-04
2.586054e-04
2.598268e-04
2.610510e-04
2.622782e-04
2.635081e-04
2.647410e-04
2.659766e-04
2.672152e-04
2.684566e-04
2.697008e-04
2.709479e-04
2.721979e-04
2.734507e-04
2.747063e-04
2.759648e-04
2.772262e-04
2.784904e-04
2.797575e-04
2.810274e-04
2.823002e-04
2.835759e-04
2.848544e-04
2.861357e-04
2.874199e-04
2.887070e-04
2.899969e-04
2.912897e-04
2.925853e-04
2.938838e-04
2.951851e-04
2.964893e-04
2.977963e-04
2.991062e-04
3.004190e-04
3.017346e-04
3.030530e-04
3.043743e-04
3.056985e-04
3.070255e-04
3.083554e-04
3.096881e-04
3.110237e-04
3.123622e-04
3.137035e-04
3.150476e-04
3.163946e-04
3.177445e-04
3.190972e-04
3.204527e-04
3.218112e-04
3.231724e-04
3.245366e-04
3.259036e-04
3.272734e-04
3.286461e-04
3.300216e-04
3.314000e-04
3.327813e-04
3.341654e-04
3.355524e-04
3.369422e-04
3.383349e-04
3.397304e-04
3.411288e-04
3.425300e-04
3.439341e-04
3.453410e-04
3.467508e-04
3.481635e-04
3.495790e-04
3.509974e-04
3.524186e-04
3.538427e-04
3.552696e-04
3.566994e-04
3.581320e-04
3.595675e-04
3.610058e-04
3.624470e-04
3.638911e-04
3.653380e-04
3.667878e-04
3.682404e-04
3.696958e-04
3.711542e-04
3.726153e-04
3.740794e-04
3.755463e-04
3.770160e-04
3.784886e-04
3.799641e-04
3.814424e-04
3.829235e-04
3.844075e-04
3.858944e-04
3.873841e-04
3.888767e-04
3.903721e-04
3.918704e-04
3.933716e-04
3.948756e-04
3.963824e-04
3.978921e-04
3.994047e-04
4.009201e-04
4.024384e-04
4.039595e-04
4.054835e-04
4.070103e-04
4.085400e-04
4.100725e-04
4.116079e-04
4.131462e-04
4.146873e-04
4.162312e-04
4.177780e-04
4.193277e-04
4.208802e-04
4.224356e-04
4.239938e-04
4.255549e-04
4.271189e-04
4.286856e-04
4.302553e-04
4.318278e-04
4.334032e-04
4.349814e-04
4.365624e-04
4.381463e-04
4.397331e-04
4.413228e-04
4.429152e-04
4.445106e-04
4.461088e-04
4.477098e-04
4.493137e-04
4.509205e-04
4.525301e-04
4.541425e-04
4.557579e-04
4.573760e-04
4.589971e-04
4.606209e-04
4.622477e-04
4.638773e-04
4.655097e-04
4.671450e-04
4.687832e-04
4.704242e-04
4.720680e-04
4.737148e-04
4.753643e-04
4.770168e-04
4.786720e-04
4.803302e-04
4.819912e-04
4.836550e-04
4.853217e-04
4.869912e-04
4.886637e-04
4.903389e-04
4.920170e-04
4.936980e-04
4.953818e-04
4.970685e-04
4.987580e-04
5.004504e-04
5.021457e-04
5.038438e-04
5.055447e-04
5.072485e-04
5.089552e-04
5.106647e-04
5.123771e-04
5.140923e-04
5.158104e-04
5.175313e-04
5.192551e-04
5.209817e-04
5.227112e-04
5.244436e-04
5.261788e-04
5.279168e-04
5.296577e-04
5.314015e-04
5.331481e-04
5.348976e-04
5.366499e-04
5.384051e-04
5.401632e-04
5.419241e-04
5.436878e-04
5.454544e-04
5.472239e-04
5.489962e-04
5.507714e-04
5.525494e-04
5.543302e-04
5.561140e-04
5.579006e-04
5.596900e-04
5.614823e-04
5.632774e-04
5.650754e-04
5.668763e-04
5.686800e-04
5.704866e-04
5.722960e-04
5.741083e-04
5.759234e-04
5.777414e-04
5.795622e-04
5.813859e-04
5.832124e-04
5.850418e-04
5.868741e-04
5.887092e-04
5.905472e-04
5.923880e-04
5.942317e-04
5.960782e-04
5.979276e-04
5.997798e-04
6.016349e-04
6.034928e-04
6.053536e-04
6.072173e-04
6.090838e-04
6.109532e-04
6.128254e-04
6.147005e-04
6.165784e-04
6.184592e-04
6.203428e-04
6.222293e-04
6.241186e-04
6.260108e-04
6.279059e-04
6.298038e-04
6.317045e-04
6.336082e-04
6.355146e-04
6.374240e-04
6.393361e-04
6.412512e-04
6.431690e-04
6.450898e-04
6.470134e-04
6.489398e-04
6.508691e-04
6.528013e-04
6.547363e-04
6.566742e-04
6.586149e-04
6.605585e-04
6.625049e-04
6.644542e-04
6.664063e-04
6.683613e-04
6.703192e-04
6.722799e-04
6.742434e-04
6.762099e-04
6.781791e-04
6.801513e-04
6.821262e-04
6.841041e-04
6.860847e-04
6.880683e-04
6.900547e-04
6.920439e-04
6.940360e-04
6.960310e-04
6.980288e-04
7.000295e-04
7.020330e-04
7.040394e-04
7.060486e-04
7.080607e-04
7.100756e-04
7.120934e-04
7.141140e-04
7.161375e-04
7.181639e-04
7.201931e-04
7.222252e-04
7.242601e-04
7.262979e-04
7.283385e-04
7.303820e-04
7.324283e-04
7.344775e-04
7.365295e-04
7.385844e-04
7.406422e-04
7.427028e-04
7.447663e-04
7.468326e-04
7.489018e-04
7.509738e-04
7.530487e-04
7.551264e-04
7.572070e-04
7.592904e-04
7.613767e-04
7.634659e-04
7.655579e-04
7.676528e-04
7.697505e-04
7.718510e-04
7.739545e-04
7.760607e-04
7.781699e-04
7.802819e-04
7.823967e-04
7.845144e-04
7.866350e-04
7.887584e-04
7.908846e-04
7.930137e-04
7.951457e-04
7.972805e-04
7.994182e-04
8.015587e-04
8.037021e-04
8.058484e-04
8.079975e-04
8.101494e-04
8.123042e-04
8.144619e-04
8.166224e-04
8.187858e-04
8.209520e-04
8.231211e-04
8.252930e-04
8.274678e-04
8.296454e-04
8.318259e-04
8.340093e-04
8.361955e-04
8.383845e-04
8.405764e-04
8.427712e-04
8.449688e-04
8.471693e-04
8.493726e-04
8.515788e-04
8.537878e-04
8.559997e-04
8.582145e-04
8.604321e-04
8.626525e-04
8.648759e-04
8.671020e-04
8.693310e-04
8.715629e-04
8.737976e-04
8.760352e-04
8.782757e-04
8.805190e-04
8.827651e-04
8.850141e-04
8.872660e-04
8.895207e-04
8.917782e-04
8.940387e-04
8.963019e-04
8.985680e-04
9.008370e-04
9.031089e-04
9.053836e-04
9.076611e-04
9.099415e-04
9.122248e-04
9.145109e-04
9.167998e-04
9.190916e-04
9.213863e-04
9.236838e-04
9.259842e-04
9.282875e-04
9.305935e-04
9.329025e-04
9.352143e-04
9.375289e-04
9.398464e-04
9.421668e-04
9.444900e-04
9.468161e-04
9.491450e-04
9.514768e-04
9.538114e-04
9.561489e-04
9.584893e-04
9.608325e-04
9.631785e-04
9.655274e-04
9.678792e-04
9.702338e-04
9.725913e-04
9.749516e-04
9.773148e-04
9.796808e-04
9.820497e-04
9.844214e-04
9.867960e-04
9.891735e-04
9.915538e-04
9.939369e-04
9.963229e-04
9.987118e-04
1.001104e-03
1.003498e-03
1.005896e-03
1.008296e-03
1.010699e-03
1.013105e-03
1.015514e-03
1.017925e-03
1.020340e-03
1.022757e-03
1.025178e-03
1.027601e-03
1.030027e-03
1.032456e-03
1.034887e-03
1.037322e-03
1.039759e-03
1.042200e-03
1.044643e-03
1.047089e-03
1.049537e-03
1.051989e-03
1.054444e-03
1.056901e-03
1.059361e-03
1.061824e-03
1.064290e-03
1.066759e-03
1.069231e-03
1.071705e-03
1.074182e-03
1.076663e-03
1.079146e-03
1.081632e-03
1.084120e-03
1.086612e-03
1.089107e-03
1.091604e-03
1.094104e-03
1.096607e-03
1.099113e-03
1.101622e-03
1.104133e-03
1.106648e-03
1.109165e-03
1.111685e-03
1.114208e-03
1.116734e-03
1.119263e-03
1.121795e-03
1.124329e-03
1.126866e-03
1.129406e-03
1.131949e-03
1.134495e-03
1.137044e-03
1.139596e-03
1.142150e-03
1.144707e-03
1.147267e-03
1.149830e-03
1.152396e-03
1.154965e-03
1.157537e-03
1.160111e-03
1.162688e-03
1.165268e-03
1.167851e-03
1.170437e-03
1.173026e-03
1.175617e-03
1.178212e-03
1.180809e-03
1.183409e-03
1.186012e-03
1.188618e-03
1.191226e-03
1.193838e-03
1.196452e-03
1.199070e-03
1.201690e-03
1.204313e-03
1.206938e-03
1.209567e-03
1.212198e-03
1.214833e-03
1.217470e-03
1.220110e-03
1.222753e-03
1.225399e-03
1.228047e-03
1.230699e-03
1.233353e-03
1.236010e-03
1.238670e-03
1.241333e-03
1.243999e-03
1.246668e-03
1.249339e-03
1.252013e-03
1.254691e-03
1.257371e-03
1.260053e-03
1.262739e-03
1.265428e-03
1.268119e-03
1.270813e-03
1.273511e-03
1.276211e-03
1.278913e-03
1.281619e-03
1.284328e-03
1.287039e-03
1.289753e-03
1.292471e-03
1.295191e-03
1.297913e-03
1.300639e-03
1.303368e-03
1.306099e-03
1.308833e-03
1.311570e-03
1.314310e-03
1.317053e-03
1.319799e-03
1.322547e-03
1.325299e-03
1.328053e-03
1.330810e-03
1.333570e-03
1.336333e-03
1.339098e-03
1.341867e-03
1.344638e-03
1.347412e-03
1.350190e-03
1.352969e-03
1.355752e-03
1.358538e-03
1.361326e-03
1.364118e-03
1.366912e-03
1.369709e-03
1.372509e-03
1.375312e-03
1.378117e-03
1.380926e-03
1.383737e-03
1.386551e-03
1.389368e-03
1.392188e-03
1.395011e-03
1.397836e-03
1.400665e-03
1.403496e-03
1.406330e-03
1.409167e-03
1.412007e-03
1.414850e-03
1.417696e-03
1.420544e-03
1.423395e-03
1.426249e-03
1.429106e-03
1.431966e-03
1.434829e-03
1.437694e-03
1.440563e-03
1.443434e-03
1.446308e-03
1.449185e-03
1.452065e-03
1.454948e-03
1.457833e-03
1.460722e-03
1.463613e-03
1.466507e-03
1.469404e-03
1.472304e-03
1.475206e-03
1.478112e-03
1.481020e-03
1.483932e-03
1.486846e-03
1.489763e-03
1.492682e-03
1.495605e-03
1.498531e-03
1.501459e-03
1.504390e-03
1.507324e-03
1.510261e-03
1.513201e-03
1.516143e-03
1.519089e-03
1.522037e-03
1.524988e-03
1.527943e-03
1.530899e-03
1.533859e-03
1.536822e-03
1.539787e-03
1.542756e-03
1.545727e-03
1.548701e-03
1.551678e-03
1.554657e-03
1.557640e-03
1.560625e-03
1.563614e-03
1.566605e-03
1.569599e-03
1.572596e-03
1.575595e-03
1.578598e-03
1.581603e-03
1.584612e-03
1.587623e-03
1.590637e-03
1.593654e-03
1.596673e-03
1.599696e-03
1.602721e-03
1.605750e-03
1.608781e-03
1.611815e-03
1.614851e-03
1.617891e-03
1.620934e-03
1.623979e-03
1.627027e-03
1.630078e-03
1.633132e-03
1.636189e-03
1.639249e-03
1.642311e-03
1.645377e-03
1.648445e-03
1.651516e-03
1.654590e-03
1.657667e-03
1.660746e-03
1.663829e-03
1.666914e-03
1.670002e-03
1.673093e-03
1.676187e-03
1.679284e-03
1.682384e-03
1.685486e-03
1.688591e-03
1.691700e-03
1.694811e-03
1.697925e-03
1.701041e-03
1.704161e-03
1.707283e-03
1.710409e-03
1.713537e-03
1.716668e-03
1.719802e-03
1.722938e-03
1.726078e-03
1.729221e-03
1.732366e-03
1.735514e-03
1.738665e-03
1.741819e-03
1.744976e-03
1.748135e-03
1.751297e-03
1.754463e-03
1.757631e-03
1.760802e-03
1.763976e-03
1.767152e-03
1.770332e-03
1.773514e-03
1.776700e-03
1.779888e-03
1.783079e-03
1.786272e-03
1.789469e-03
1.792669e-03
1.795871e-03
1.799076e-03
1.802284e-03
1.805495e-03
1.808709e-03
1.811926e-03
1.815145e-03
1.818368e-03
1.821593e-03
1.824821e-03
1.828052e-03
1.831286e-03
1.834522e-03
1.837762e-03
1.841004e-03
1.844249e-03
1.847497e-03
1.850748e-03
1.854002e-03
1.857259e-03
1.860518e-03
1.863780e-03
1.867046e-03
1.870314e-03
1.873584e-03
1.876858e-03
1.880135e-03
1.883414e-03
1.886697e-03
1.889982e-03
1.893270e-03
1.896561e-03
1.899854e-03
1.903151e-03
1.906450e-03
1.909753e-03
1.913058e-03
1.916366e-03
1.919677e-03
1.922990e-03
1.926307e-03
1.929626e-03
1.932948e-03
1.936274e-03
1.939602e-03
1.942932e-03
1.946266e-03
1.949603e-03
1.952942e-03
1.956284e-03
1.959629e-03
1.962977e-03
1.966328e-03
1.969682e-03
1.973038e-03
1.976398e-03
1.979760e-03
1.983125e-03
1.986493e-03
1.989864e-03
1.993237e-03
1.996614e-03
1.999993e-03
2.003375e-03
2.006760e-03
2.010148e-03
2.013539e-03
2.016933e-03
2.020329e-03
2.023729e-03
2.027131e-03
2.030536e-03
2.033944e-03
2.037354e-03
2.040768e-03
2.044184e-03
2.047604e-03
2.051026e-03
2.054451e-03
2.057879e-03
2.061310e-03
2.064743e-03
2.068180e-03
2.071619e-03
2.075061e-03
2.078506e-03
2.081954e-03
2.085405e-03
2.088858e-03
2.092315e-03
2.095774e-03
2.099236e-03
2.102701e-03
2.106169e-03
2.109640e-03
2.113113e-03
2.116590e-03
2.120069e-03
2.123551e-03
2.127036e-03
2.130524e-03
2.134014e-03
2.137508e-03
2.141004e-03
2.144503e-03
2.148006e-03
2.151511e-03
2.155018e-03
2.158529e-03
2.162043e-03
2.165559e-03
2.169078e-03
2.172600e-03
2.176125e-03
2.179653e-03
2.183184e-03
2.186717e-03
2.190253e-03
2.193793e-03
2.197335e-03
2.200880e-03
2.204427e-03
2.207978e-03
2.211531e-03
2.215088e-03
2.218647e-03
2.222209e-03
2.225774e-03
2.229342e-03
2.232912e-03
2.236486e-03
2.240062e-03
2.243641e-03
2.247223e-03
2.250808e-03
2.254396e-03
2.257986e-03
2.261580e-03
2.265176e-03
2.268775e-03
2.272377e-03
2.275982e-03
2.279590e-03
2.283200e-03
2.286814e-03
2.290430e-03
2.294049e-03
2.297671e-03
2.301296e-03
2.304924e-03
2.308554e-03
2.312187e-03
2.315824e-03
2.319463e-03
2.323105e-03
2.326750e-03
2.330397e-03
2.334048e-03
2.337701e-03
2.341357e-03
2.345016e-03
2.348678e-03
2.352343e-03
2.356011e-03
2.359681e-03
2.363355e-03
2.367031e-03
2.370710e-03
2.374392e-03
2.378077e-03
2.381764e-03
2.385455e-03
2.389148e-03
2.392844e-03
2.396543e-03
2.400245e-03
2.403950e-03
2.407658e-03
2.411368e-03
2.415081e-03
2.418798e-03
2.422517e-03
2.426239e-03
2.429963e-03
2.433691e-03
2.437421e-03
2.441155e-03
2.444891e-03
2.448630e-03
2.452372e-03
2.456116e-03
2.459864e-03
2.463614e-03
2.467368e-03
2.471124e-03
2.474883e-03
2.478645e-03
2.482409e-03
2.486177e-03
2.489947e-03
2.493721e-03
2.497497e-03
2.501276e-03
2.505057e-03
2.508842e-03
2.512630e-03
2.516420e-03
2.520213e-03
2.524009e-03
2.527808e-03
2.531610e-03
2.535415e-03
2.539222e-03
2.543033e-03
2.546846e-03
2.550662e-03
2.554481e-03
2.558303e-03
2.562127e-03
2.565955e-03
2.569785e-03
2.573618e-03
2.577455e-03
2.581293e-03
2.585135e-03
2.588980e-03
2.592827e-03
2.596678e-03
2.600531e-03
2.604387e-03
2.608246e-03
2.612107e-03
2.615972e-03
2.619840e-03
2.623710e-03
2.627583e-03
2.631459e-03
2.635338e-03
2.639220e-03
2.643104e-03
2.646992e-03
2.650882e-03
2.654775e-03
2.658671e-03
2.662570e-03
2.666472e-03
2.670376e-03
2.674284e-03
2.678194e-03
2.682107e-03
2.686023e-03
2.689942e-03
2.693864e-03
2.697788e-03
2.701716e-03
2.705646e-03
2.709579e-03
2.713515e-03
2.717454e-03
2.721395e-03
2.725340e-03
2.729287e-03
2.733238e-03
2.737191e-03
2.741147e-03
2.745105e-03
2.749067e-03
2.753032e-03
2.756999e-03
2.760969e-03
2.764942e-03
2.768918e-03
2.772897e-03
2.776879e-03
2.780863e-03
2.784850e-03
2.788841e-03
2.792834e-03
2.796830e-03
2.800828e-03
2.804830e-03
2.808834e-03
2.812842e-03
2.816852e-03
2.820865e-03
2.824881e-03
2.828900e-03
2.832921e-03
2.836946e-03
2.840973e-03
2.845003e-03
2.849036e-03
2.853072e-03
2.857111e-03
2.861152e-03
2.865197e-03
2.869244e-03
2.873294e-03
2.877347e-03
2.881403e-03
2.885462e-03
2.889523e-03
2.893588e-03
2.897655e-03
2.901725e-03
2.905798e-03
2.909874e-03
2.913953e-03
2.918034e-03
2.922118e-03
2.926206e-03
2.930296e-03
2.934389e-03
2.938485e-03
2.942583e-03
2.946685e-03
2.950789e-03
2.954896e-03
2.959006e-03
2.963119e-03
2.967235e-03
2.971354e-03
2.975475e-03
2.979600e-03
2.983727e-03
2.987857e-03
2.991990e-03
2.996126e-03
3.000264e-03
3.004406e-03
3.008550e-03
3.012697e-03
3.016847e-03
3.021000e-03
3.025156e-03
3.029315e-03
3.033476e-03
3.037640e-03
3.041808e-03
3.045978e-03
3.050151e-03
3.054326e-03
3.058505e-03
3.062686e-03
3.066871e-03
3.071058e-03
3.075248e-03
3.079441e-03
3.083636e-03
3.087835e-03
3.092036e-03
3.096241e-03
3.100448e-03
3.104658e-03
3.108871e-03
3.113086e-03
3.117305e-03
3.121526e-03
3.125750e-03
3.129978e-03
3.134208e-03
3.138440e-03
3.142676e-03
3.146915e-03
3.151156e-03
3.155400e-03
3.159647e-03
3.163897e-03
3.168150e-03
3.172406e-03
3.176664e-03
3.180926e-03
3.185190e-03
3.189457e-03
3.193727e-03
3.198000e-03
3.202275e-03
3.206554e-03
3.210835e-03
3.215119e-03
3.219406e-03
3.223696e-03
3.227989e-03
3.232285e-03
3.236583e-03
3.240885e-03
3.245189e-03
3.249496e-03
3.253806e-03
3.258118e-03
3.262434e-03
3.266752e-03
3.271074e-03
3.275398e-03
3.279725e-03
3.284055e-03
3.288388e-03
3.292723e-03
3.297062e-03
3.301403e-03
3.305747e-03
3.310094e-03
3.314444e-03
3.318797e-03
3.323152e-03
3.327511e-03
3.331872e-03
3.336236e-03
3.340603e-03
3.344973e-03
3.349346e-03
3.353721e-03
3.358099e-03
3.362481e-03
3.366865e-03
3.371252e-03
3.374977e-03
3.378688e-03
3.382384e-03
3.386067e-03
3.389735e-03
3.393389e-03
3.397028e-03
3.400654e-03
3.404265e-03
3.407862e-03
3.411445e-03
3.415013e-03
3.418567e-03
3.422107e-03
3.425633e-03
3.429145e-03
3.432642e-03
3.436125e-03
3.439594e-03
3.443049e-03
3.446489e-03
3.449915e-03
3.453327e-03
3.456725e-03
3.460108e-03
3.463478e-03
3.466833e-03
3.470173e-03
3.473500e-03
3.476812e-03
3.480110e-03
3.483394e-03
3.486663e-03
3.489919e-03
3.493160e-03
3.496387e-03
3.499599e-03
3.502798e-03
3.505982e-03
3.509152e-03
3.512308e-03
3.515449e-03
3.518576e-03
3.521689e-03
3.524788e-03
3.527873e-03
3.530943e-03
3.533999e-03
3.537041e-03
3.540068e-03
3.543082e-03
3.546081e-03
3.549066e-03
3.552037e-03
3.554993e-03
3.557935e-03
3.560863e-03
3.563777e-03
3.566676e-03
3.569562e-03
3.572433e-03
3.575289e-03
3.578132e-03
3.580960e-03
3.583774e-03
3.586574e-03
3.589360e-03
3.592131e-03
3.594888e-03
3.597631e-03
3.600360e-03
3.603074e-03
3.605775e-03
3.608461e-03
3.611132e-03
3.613790e-03
3.616433e-03
3.619062e-03
3.621677e-03
3.624277e-03
3.626864e-03
3.629436e-03
3.631994e-03
3.634537e-03
3.637067e-03
3.639582e-03
3.642083e-03
3.644570e-03
3.647042e-03
3.649500e-03
3.651944e-03
3.654374e-03
3.656790e-03
3.659191e-03
3.661578e-03
3.663951e-03
3.666309e-03
3.668654e-03
3.670984e-03
3.673300e-03
3.675601e-03
3.677889e-03
3.680162e-03
3.682421e-03
3.684666e-03
3.686896e-03
3.689112e-03
3.691314e-03
3.693502e-03
3.695676e-03
3.697835e-03
3.699980e-03
3.702111e-03
3.704228e-03
3.706330e-03
3.708418e-03
3.710492e-03
3.712552e-03
3.714597e-03
3.716628e-03
3.718645e-03
3.720648e-03
3.722636e-03
3.724611e-03
3.726571e-03
3.728517e-03
3.730448e-03
3.732365e-03
3.734269e-03
3.736157e-03
3.738032e-03
3.739892e-03
3.741739e-03
3.743571e-03
3.745388e-03
3.747192e-03
3.748981e-03
3.750756e-03
3.752517e-03
3.754263e-03
3.755995e-03
3.757713e-03
3.759417e-03
3.761107e-03
3.762782e-03
3.764443e-03
3.766090e-03
3.767723e-03
3.769341e-03
3.770945e-03
3.772535e-03
3.774111e-03
3.775673e-03
3.777220e-03
3.778753e-03
3.780272e-03
3.781776e-03
3.783266e-03
3.784743e-03
3.786204e-03
3.787652e-03
3.789085e-03
3.790504e-03
3.791909e-03
3.793300e-03
3.794676e-03
3.796039e-03
3.797387e-03
3.798720e-03
3.800040e-03
3.801345e-03
3.802636e-03
3.803913e-03
3.805175e-03
3.806424e-03
3.807658e-03
3.808878e-03
3.810083e-03
3.811275e-03
3.812452e-03
3.813615e-03
3.814764e-03
3.815898e-03
3.817018e-03
3.818124e-03
3.819216e-03
3.820293e-03
3.821357e-03
3.822406e-03
3.823441e-03
3.824461e-03
3.825467e-03
3.826460e-03
3.827437e-03
3.828401e-03
3.829350e-03
3.830286e-03
3.831207e-03
3.832113e-03
3.833006e-03
3.833884e-03
3.834748e-03
3.835598e-03
3.836433e-03
3.837255e-03
3.838062e-03
3.838854e-03
3.839633e-03
3.840397e-03
3.841148e-03
3.841883e-03
3.842605e-03
3.843313e-03
3.844006e-03
3.844685e-03
3.845349e-03
3.846000e-03
3.846636e-03
3.847258e-03
3.847866e-03
3.848459e-03
3.849039e-03
3.849604e-03
3.850155e-03
3.850691e-03
3.851214e-03
3.851722e-03
3.852216e-03
3.852695e-03
3.853161e-03
3.853612e-03
3.854049e-03
3.854472e-03
3.854880e-03
3.855275e-03
3.855655e-03
3.856020e-03
3.856372e-03
3.856709e-03
3.857032e-03
3.857341e-03
3.857636e-03
3.857916e-03
3.858183e-03
3.858434e-03
3.858672e-03
3.858896e-03
3.859105e-03
3.859300e-03
3.859481e-03
3.859647e-03
3.859799e-03
3.859937e-03
3.860061e-03
3.860171e-03
3.860266e-03
3.860347e-03
3.860414e-03
3.860467e-03
3.860505e-03
3.860529e-03
3.860539e-03
3.860535e-03
3.860517e-03
3.860484e-03
3.860437e-03
3.860376e-03
3.860300e-03
3.860211e-03
3.860107e-03
3.859988e-03
3.859856e-03
3.859709e-03
3.859549e-03
3.859373e-03
3.859184e-03
3.858981e-03
3.858763e-03
3.858531e-03
3.858284e-03
3.858024e-03
3.857749e-03
3.857460e-03
3.857157e-03
3.856840e-03
3.856508e-03
3.856162e-03
3.855802e-03
3.855428e-03
3.855039e-03
3.854636e-03
3.854219e-03
3.853788e-03
3.853342e-03
3.852882e-03
3.852408e-03
3.851920e-03
3.851418e-03
3.850901e-03
3.850370e-03
3.850047e-03
3.850047e-03
3.850047e-03
3.850047e-03
3.850047e-03
3.850047e-03
3.850047e-03
3.850047e-03
3.850047e-03
3.850047e-03
3.850047e-03
3.850047e-03
3.850047e-03
3.850047e-03
3.850047e-03
3.850047e-03
3.850047e-03
3.850047e-03
3.850047e-03
3.850047e-03
3.850047e-03
3.850047e-03
3.850047e-03
3.850047e-03
3.850047e-03
3.850047e-03
3.850047e-03
3.850047e-03
3.850047e-03
3.850047e-03
3.850047e-03
3.850047e-03
3.850047e-03
3.850047e-03
3.850047e-03
3.850047e-03
3.850047e-03
3.850047e-03
3.850047e-03
3.850047e-03
3.850047e-03
3.850047e-03
3.850047e-03
3.850047e-03
3.850047e-03
3.850047e-03
3.850047e-03
3.850047e-03
3.850047e-03
3.850047e-03
3.850047e-03
3.850047e-03
3.850047e-03
3.850047e-03
3.850047e-03
3.850047e-03
3.850047e-03
3.850047e-03
3.850047e-03
3.850047e-03
3.850047e-03
3.850047e-03
3.850047e-03
3.850047e-03
3.850047e-03
3.850047e-03
3.850047e-03
3.850047e-03
3.850047e-03
3.850047e-03
3.850047e-03
3.850047e-03
3.850047e-03
3.850047e-03
3.850047e-03
3.850047e-03
3.850047e-03
3.850047e-03
3.850047e-03
3.850047e-03
3.850047e-03
3.850047e-03
3.850047e-03
3.850047e-03
3.850047e-03
3.850047e-03
3.850047e-03
3.850047e-03
3.850047e-03
3.850047e-03
3.850047e-03
3.850047e-03
3.850047e-03
3.850047e-03
3.850047e-03
3.850047e-03
3.850047e-03
3.850047e-03
3.850047e-03
3.850047e-03
3.850047e-03
3.850047e-03
3.850047e-03
3.850047e-03
3.850047e-03
3.850047e-03
3.850047e-03
3.850047e-03
3.850047e-03
3.850047e-03
3.850047e-03
3.850047e-03
3.850047e-03
3.850047e-03
3.850047e-03
3.850047e-03
3.850047e-03
3.850047e-03
3.850047e-03
3.850047e-03
3.850047e-03
3.850047e-03
3.850047e-03
3.850047e-03
3.850047e-03
3.850047e-03
3.850047e-03
3.850047e-03
3.850047e-03
3.850047e-03
3.850047e-03
3.850047e-03
3.850047e-03
3.850047e-03
3.850047e-03
3.850047e-03
3.850047e-03
3.850047e-03
3.850047e-03
3.850047e-03
3.850047e-03
3.850047e-03
3.850047e-03
3.850047e-03
3.850047e-03
3.850047e-03
3.850047e-03
3.850047e-03
3.850047e-03
3.850047e-03
3.850047e-03
3.850047e-03
3.850047e-03
3.850047e-03
3.850047e-03
3.850047e-03
3.850047e-03
3.850047e-03
3.850047e-03
3.850047e-03
3.850047e-03
3.850047e-03
3.850047e-03
3.850047e-03
3.850047e-03
3.850047e-03
3.850047e-03
3.850047e-03
3.850047e-03
3.850047e-03
3.850047e-03
3.850047e-03
3.850047e-03
3.850047e-03
3.850047e-03
3.850047e-03
3.850047e-03
3.850047e-03
3.850047e-03
3.850047e-03
3.850047e-03
3.850047e-03
3.850047e-03
3.850047e-03
3.850047e-03
3.850047e-03
3.850047e-03
3.850047e-03
3.850047e-03
3.850047e-03
3.850047e-03
3.850047e-03
3.850047e-03
3.850047e-03
3.850047e-03
3.850047e-03
3.850047e-03
3.850047e-03
3.850047e-03
3.850047e-03
3.850047e-03
