0.000000e+00
1.110371e-07
2.251246e-07
3.422627e-07
4.624512e-07
5.856901e-07
7.119796e-07
8.413195e-07
9.737098e-07
1.109151e-06
1.247642e-06
1.389184e-06
1.533776e-06
1.681419e-06
1.832112e-06
1.985856e-06
2.142650e-06
2.302494e-06
2.465389e-06
2.631335e-06
2.800331e-06
2.972377e-06
3.147474e-06
3.325622e-06
3.506820e-06
3.691068e-06
3.878367e-06
4.068716e-06
4.262116e-06
4.458566e-06
4.658067e-06
4.860618e-06
5.066220e-06
5.274872e-06
5.486574e-06
5.701327e-06
5.919131e-06
6.139985e-06
6.363889e-06
6.590844e-06
6.820850e-06
7.053905e-06
7.290012e-06
7.529169e-06
7.771376e-06
8.016634e-06
8.264942e-06
8.516300e-06
8.770710e-06
9.028169e-06
9.288679e-06
9.552240e-06
9.818851e-06
1.008851e-05
1.036122e-05
1.063699e-05
1.091580e-05
1.119766e-05
1.148258e-05
1.177054e-05
1.206156e-05
1.235562e-05
1.265274e-05
1.295290e-05
1.325612e-05
1.356239e-05
1.387170e-05
1.418407e-05
1.449949e-05
1.481796e-05
1.513948e-05
1.546405e-05
1.579167e-05
1.612234e-05
1.645606e-05
1.679283e-05
1.713266e-05
1.747553e-05
1.782145e-05
1.817043e-05
1.852245e-05
1.887752e-05
1.923565e-05
1.959683e-05
1.996105e-05
2.032833e-05
2.069866e-05
2.107203e-05
2.144846e-05
2.182794e-05
2.221047e-05
2.259605e-05
2.298468e-05
2.337636e-05
2.377109e-05
2.416887e-05
2.456970e-05
2.497358e-05
2.538052e-05
2.579050e-05
2.620353e-05
2.661962e-05
2.703875e-05
2.746094e-05
2.788617e-05
2.831446e-05
2.874579e-05
2.918018e-05
2.961762e-05
3.005811e-05
3.050164e-05
3.094823e-05
3.139787e-05
3.185056e-05
3.230630e-05
3.276509e-05
3.322693e-05
3.369182e-05
3.415977e-05
3.463076e-05
3.510480e-05
3.558190e-05
3.606204e-05
3.654523e-05
3.703148e-05
3.752077e-05
3.801312e-05
3.850852e-05
3.900696e-05
3.950846e-05
4.001301e-05
4.052061e-05
4.103125e-05
4.154495e-05
4.206170e-05
4.258150e-05
4.310435e-05
4.363025e-05
4.415921e-05
4.469121e-05
4.522626e-05
4.576436e-05
4.630552e-05
4.684972e-05
4.739697e-05
4.794728e-05
4.850063e-05
4.905704e-05
4.961649e-05
5.017900e-05
5.074456e-05
5.131317e-05
5.188482e-05
5.245953e-05
5.303729e-05
5.361810e-05
5.420196e-05
5.478887e-05
5.537883e-05
5.597184e-05
5.656790e-05
5.716702e-05
5.776918e-05
5.837439e-05
5.898266e-05
5.959397e-05
6.020833e-05
6.082575e-05
6.144622e-05
6.206973e-05
6.269630e-05
6.332591e-05
6.395858e-05
6.459430e-05
6.523307e-05
6.587489e-05
6.651976e-05
6.716768e-05
6.781865e-05
6.847267e-05
6.912974e-05
6.978986e-05
7.045303e-05
7.111925e-05
7.178853e-05
7.246085e-05
7.313622e-05
7.381465e-05
7.449612e-05
7.518065e-05
7.586822e-05
7.655885e-05
7.725253e-05
7.794925e-05
7.864903e-05
7.935186e-05
8.005774e-05
8.076667e-05
8.147865e-05
8.219368e-05
8.291176e-05
8.363289e-05
8.435707e-05
8.508430e-05
8.581459e-05
8.654792e-05
8.728430e-05
8.802374e-05
8.876622e-05
8.951175e-05
9.026034e-05
9.101197e-05
9.176666e-05
9.252440e-05
9.328518e-05
9.404902e-05
9.481591e-05
9.558585e-05
9.635884e-05
9.713488e-05
9.791397e-05
9.869611e-05
9.948130e-05
1.002695e-04
1.010608e-04
1.018552e-04
1.026526e-04
1.034530e-04
1.042565e-04
1.050630e-04
1.058726e-04
1.066853e-04
1.075010e-04
1.083197e-04
1.091415e-04
1.099664e-04
1.107943e-04
1.116252e-04
1.124592e-04
1.132963e-04
1.141364e-04
1.149795e-04
1.158257e-04
1.166750e-04
1.175273e-04
1.183826e-04
1.192410e-04
1.201025e-04
1.209670e-04
1.218345e-04
1.227051e-04
1.235788e-04
1.244555e-04
1.253352e-04
1.262181e-04
1.271039e-04
1.279928e-04
1.288848e-04
1.297798e-04
1.306778e-04
1.315789e-04
1.324831e-04
1.333903e-04
1.343006e-04
1.352139e-04
1.361302e-04
1.370497e-04
1.379721e-04
1.388976e-04
1.398262e-04
1.407578e-04
1.416925e-04
1.426302e-04
1.435710e-04
1.445148e-04
1.454616e-04
1.464115e-04
1.473645e-04
1.483205e-04
1.492796e-04
1.502417e-04
1.512069e-04
1.521751e-04
1.531464e-04
1.541207e-04
1.550981e-04
1.560785e-04
1.570620e-04
1.580485e-04
1.590381e-04
1.600307e-04
1.610263e-04
1.620251e-04
1.630268e-04
1.640317e-04
1.650395e-04
1.660505e-04
1.670644e-04
1.680815e-04
1.691016e-04
1.701247e-04
1.711509e-04
1.721801e-04
1.732124e-04
1.742477e-04
1.752861e-04
1.763275e-04
1.773720e-04
1.784195e-04
1.794701e-04
1.805237e-04
1.815804e-04
1.826401e-04
1.837029e-04
1.847688e-04
1.858376e-04
1.869096e-04
1.879846e-04
1.890626e-04
1.901437e-04
1.912278e-04
1.923150e-04
1.934053e-04
1.944985e-04
1.955949e-04
1.966943e-04
1.977967e-04
1.989022e-04
2.000107e-04
2.011223e-04
2.022370e-04
2.033547e-04
2.044754e-04
2.055992e-04
2.067260e-04
2.078559e-04
2.089889e-04
2.101249e-04
2.112639e-04
2.124060e-04
2.135512e-04
2.146994e-04
2.158506e-04
2.170049e-04
2.181623e-04
2.193226e-04
2.204861e-04
2.216526e-04
2.228221e-04
2.239947e-04
2.251704e-04
2.263491e-04
2.275309e-04
2.287157e-04
2.299035e-04
2.310944e-04
2.322884e-04
2.334854e-04
2.346854e-04
2.358885e-04
2.370947e-04
2.383039e-04
2.395161e-04
2.407315e-04
2.419498e-04
2.431712e-04
2.443957e-04
2.456232e-04
2.468537e-04
2.480874e-04
2.493240e-04
2.505637e-04
2.518065e-04
2.530523e-04
2.543012e-04
2.555531e-04
2.568080e-04
2.580661e-04
2.593271e-04
2.605912e-04
2.618584e-04
2.631286e-04
2.644019e-04
2.656782e-04
2.669576e-04
2.682400e-04
2.695254e-04
2.708140e-04
2.721055e-04
2.734002e-04
2.746978e-04
2.759985e-04
2.773023e-04
2.786091e-04
2.799190e-04
2.812319e-04
2.825479e-04
2.838669e-04
2.851890e-04
2.865141e-04
2.878423e-04
2.891735e-04
2.905078e-04
2.918451e-04
2.931855e-04
2.945289e-04
2.958754e-04
2.972249e-04
2.985775e-04
2.999331e-04
3.012918e-04
3.026535e-04
3.040183e-04
3.053862e-04
3.067570e-04
3.081310e-04
3.095079e-04
3.108880e-04
3.122711e-04
3.136572e-04
3.150464e-04
3.164386e-04
3.178339e-04
3.192322e-04
3.206336e-04
3.220381e-04
3.234455e-04
3.248561e-04
3.262697e-04
3.276863e-04
3.291060e-04
3.305287e-04
3.319545e-04
3.333834e-04
3.348153e-04
3.362502e-04
3.376882e-04
3.391292e-04
3.405733e-04
3.420205e-04
3.434707e-04
3.449239e-04
3.463802e-04
3.478395e-04
3.493019e-04
3.507674e-04
3.522359e-04
3.537074e-04
3.551820e-04
3.566597e-04
3.581404e-04
3.596241e-04
3.611109e-04
3.626008e-04
3.640937e-04
3.655896e-04
3.670886e-04
3.685907e-04
3.700958e-04
3.716039e-04
3.731151e-04
3.746294e-04
3.761467e-04
3.776670e-04
3.791904e-04
3.807169e-04
3.822464e-04
3.837789e-04
3.853146e-04
3.868532e-04
3.883949e-04
3.899397e-04
3.914875e-04
3.930383e-04
3.945922e-04
3.961492e-04
3.977092e-04
3.992723e-04
4.008384e-04
4.024076e-04
4.039798e-04
4.055550e-04
4.071333e-04
4.087147e-04
4.102991e-04
4.118866e-04
4.134771e-04
4.150707e-04
4.166673e-04
4.182669e-04
4.198697e-04
4.214754e-04
4.230842e-04
4.246961e-04
4.263110e-04
4.279290e-04
4.295500e-04
4.311741e-04
4.328012e-04
4.344314e-04
4.360646e-04
4.377009e-04
4.393402e-04
4.409826e-04
4.426280e-04
4.442765e-04
4.459280e-04
4.475826e-04
4.492402e-04
4.509009e-04
4.525646e-04
4.542314e-04
4.559012e-04
4.575741e-04
4.592500e-04
4.609290e-04
4.626110e-04
4.642961e-04
4.659842e-04
4.676754e-04
4.693696e-04
4.710669e-04
4.727672e-04
4.744706e-04
4.761771e-04
4.778865e-04
4.795991e-04
4.813147e-04
4.830333e-04
4.847550e-04
4.864797e-04
4.882075e-04
4.899383e-04
4.916722e-04
4.934092e-04
4.951491e-04
4.968922e-04
4.986383e-04
5.003874e-04
5.021396e-04
5.038948e-04
5.056531e-04
5.074145e-04
5.091789e-04
5.109463e-04
5.127168e-04
5.144903e-04
5.162669e-04
5.180466e-04
5.198293e-04
5.216150e-04
5.234038e-04
5.251957e-04
5.269906e-04
5.287885e-04
5.305895e-04
5.323935e-04
5.342006e-04
5.360108e-04
5.378240e-04
5.396402e-04
5.414595e-04
5.432819e-04
5.451073e-04
5.469357e-04
5.487672e-04
5.506018e-04
5.524394e-04
5.542801e-04
5.561238e-04
5.579705e-04
5.598203e-04
5.616732e-04
5.635291e-04
5.653880e-04
5.672500e-04
5.691151e-04
5.709832e-04
5.728544e-04
5.747286e-04
5.766058e-04
5.784861e-04
5.803695e-04
5.822559e-04
5.841454e-04
5.860379e-04
5.879334e-04
5.898321e-04
5.917337e-04
5.936384e-04
5.955462e-04
5.974570e-04
5.993709e-04
6.012878e-04
6.032078e-04
6.051308e-04
6.070568e-04
6.089860e-04
6.109181e-04
6.128533e-04
6.147916e-04
6.167329e-04
6.186773e-04
6.206247e-04
6.225752e-04
6.245287e-04
6.264853e-04
6.284449e-04
6.304076e-04
6.323733e-04
6.343421e-04
6.363139e-04
6.382888e-04
6.402667e-04
6.422477e-04
6.442317e-04
6.462188e-04
6.482089e-04
6.502021e-04
6.521983e-04
6.541976e-04
6.561999e-04
6.582053e-04
6.602137e-04
6.622252e-04
6.642397e-04
6.662573e-04
6.682779e-04
6.703016e-04
6.723283e-04
6.743581e-04
6.763910e-04
6.784268e-04
6.804658e-04
6.825078e-04
6.845528e-04
6.866009e-04
6.886520e-04
6.907062e-04
6.927634e-04
6.948237e-04
6.968871e-04
6.989534e-04
7.010229e-04
7.030954e-04
7.051709e-04
7.072495e-04
7.093311e-04
7.114158e-04
7.135036e-04
7.155944e-04
7.176882e-04
7.197851e-04
7.218850e-04
7.239880e-04
7.260941e-04
7.282032e-04
7.303153e-04
7.324305e-04
7.345488e-04
7.366701e-04
7.387944e-04
7.409218e-04
7.430523e-04
7.451857e-04
7.473223e-04
7.494619e-04
7.516045e-04
7.537502e-04
7.558990e-04
7.580508e-04
7.602057e-04
7.623636e-04
7.645245e-04
7.666885e-04
7.688556e-04
7.710257e-04
7.731988e-04
7.753750e-04
7.775543e-04
7.797366e-04
7.819219e-04
7.841103e-04
7.863018e-04
7.884963e-04
7.906939e-04
7.928945e-04
7.950981e-04
7.973048e-04
7.995146e-04
8.017274e-04
8.039433e-04
8.061622e-04
8.083842e-04
8.106092e-04
8.128372e-04
8.150683e-04
8.173025e-04
8.195397e-04
8.217800e-04
8.240233e-04
8.262697e-04
8.285191e-04
8.307715e-04
8.330271e-04
8.352856e-04
8.375473e-04
8.398119e-04
8.420796e-04
8.443504e-04
8.466242e-04
8.489011e-04
8.511810e-04
8.534640e-04
8.557500e-04
8.580391e-04
8.603312e-04
8.626264e-04
8.649246e-04
8.672259e-04
8.695302e-04
8.718376e-04
8.741480e-04
8.764615e-04
8.787780e-04
8.810976e-04
8.834202e-04
8.857459e-04
8.880746e-04
8.904064e-04
8.927412e-04
8.950791e-04
8.974200e-04
8.997640e-04
9.021110e-04
9.044611e-04
9.068143e-04
9.091704e-04
9.115297e-04
9.138920e-04
9.162573e-04
9.186257e-04
9.209971e-04
9.233716e-04
9.257491e-04
9.281297e-04
9.305134e-04
9.329000e-04
9.352898e-04
9.376826e-04
9.400784e-04
9.424773e-04
9.448792e-04
9.472842e-04
9.496923e-04
9.521034e-04
9.545175e-04
9.569347e-04
9.593549e-04
9.617782e-04
9.642046e-04
9.666340e-04
9.690664e-04
9.715019e-04
9.739404e-04
9.763820e-04
9.788267e-04
9.812744e-04
9.837251e-04
9.861789e-04
9.886358e-04
9.910957e-04
9.935586e-04
9.960246e-04
9.984937e-04
1.000966e-03
1.003441e-03
1.005919e-03
1.008400e-03
1.010885e-03
1.013372e-03
1.015862e-03
1.018356e-03
1.020852e-03
1.023352e-03
1.025855e-03
1.028360e-03
1.030869e-03
1.033381e-03
1.035895e-03
1.038413e-03
1.040934e-03
1.043458e-03
1.045985e-03
1.048515e-03
1.051048e-03
1.053585e-03
1.056124e-03
1.058666e-03
1.061211e-03
1.063760e-03
1.066311e-03
1.068866e-03
1.071423e-03
1.073984e-03
1.076547e-03
1.079114e-03
1.081684e-03
1.084256e-03
1.086832e-03
1.089411e-03
1.091993e-03
1.094578e-03
1.097166e-03
1.099757e-03
1.102351e-03
1.104948e-03
1.107549e-03
1.110152e-03
1.112758e-03
1.115368e-03
1.117980e-03
1.120595e-03
1.123214e-03
1.125836e-03
1.128460e-03
1.131088e-03
1.133719e-03
1.136352e-03
1.138989e-03
1.141629e-03
1.144272e-03
1.146918e-03
1.149567e-03
1.152219e-03
1.154874e-03
1.157532e-03
1.160194e-03
1.162858e-03
1.165525e-03
1.168196e-03
1.170869e-03
1.173545e-03
1.176225e-03
1.178908e-03
1.181593e-03
1.184282e-03
1.186974e-03
1.189668e-03
1.192366e-03
1.195067e-03
1.197771e-03
1.200478e-03
1.203188e-03
1.205901e-03
1.208617e-03
1.211337e-03
1.214059e-03
1.216784e-03
1.219512e-03
1.222244e-03
1.224978e-03
1.227716e-03
1.230456e-03
1.233200e-03
1.235946e-03
1.238696e-03
1.241449e-03
1.244205e-03
1.246964e-03
1.249725e-03
1.252490e-03
1.255258e-03
1.258029e-03
1.260804e-03
1.263581e-03
1.266361e-03
1.269144e-03
1.271930e-03
1.274720e-03
1.277512e-03
1.280308e-03
1.283106e-03
1.285908e-03
1.288712e-03
1.291520e-03
1.294331e-03
1.297144e-03
1.299961e-03
1.302781e-03
1.305604e-03
1.308430e-03
1.311259e-03
1.314091e-03
1.316926e-03
1.319764e-03
1.322605e-03
1.325450e-03
1.328297e-03
1.331147e-03
1.334001e-03
1.336857e-03
1.339717e-03
1.342579e-03
1.345445e-03
1.348314e-03
1.351185e-03
1.354060e-03
1.356938e-03
1.359819e-03
1.362703e-03
1.365590e-03
1.368480e-03
1.371373e-03
1.374269e-03
1.377168e-03
1.380070e-03
1.382975e-03
1.385884e-03
1.388795e-03
1.391710e-03
1.394627e-03
1.397548e-03
1.400471e-03
1.403398e-03
1.406327e-03
1.409260e-03
1.412196e-03
1.415135e-03
1.418077e-03
1.421022e-03
1.423969e-03
1.426921e-03
1.429875e-03
1.432832e-03
1.435792e-03
1.438755e-03
1.441721e-03
1.444691e-03
1.447663e-03
1.450639e-03
1.453617e-03
1.456599e-03
1.459583e-03
1.462571e-03
1.465561e-03
1.468555e-03
1.471552e-03
1.474552e-03
1.477555e-03
1.480561e-03
1.483570e-03
1.486582e-03
1.489597e-03
1.492615e-03
1.495636e-03
1.498660e-03
1.501688e-03
1.504718e-03
1.507751e-03
1.510788e-03
1.513827e-03
1.516870e-03
1.519915e-03
1.522964e-03
1.526016e-03
1.529070e-03
1.532128e-03
1.535189e-03
1.538253e-03
1.541320e-03
1.544390e-03
1.547463e-03
1.550539e-03
1.553618e-03
1.556700e-03
1.559786e-03
1.562874e-03
1.565965e-03
1.569060e-03
1.572157e-03
1.575258e-03
1.578361e-03
1.581468e-03
1.584577e-03
1.587690e-03
1.590806e-03
1.593925e-03
1.597046e-03
1.600171e-03
1.603299e-03
1.606430e-03
1.609564e-03
1.612701e-03
1.615842e-03
1.618985e-03
1.622131e-03
1.625280e-03
1.628433e-03
1.631588e-03
1.634747e-03
1.637908e-03
1.641073e-03
1.644240e-03
1.647411e-03
1.650585e-03
1.653761e-03
1.656941e-03
1.660124e-03
1.663310e-03
1.666499e-03
1.669691e-03
1.672886e-03
1.676084e-03
1.679285e-03
1.682489e-03
1.685697e-03
1.688907e-03
1.692120e-03
1.695337e-03
1.698556e-03
1.701779e-03
1.705004e-03
1.708233e-03
1.711465e-03
1.714699e-03
1.717937e-03
1.721178e-03
1.724422e-03
1.727669e-03
1.730919e-03
1.734172e-03
1.737428e-03
1.740687e-03
1.743949e-03
1.747214e-03
1.750483e-03
1.753754e-03
1.757028e-03
1.760306e-03
1.763586e-03
1.766870e-03
1.770156e-03
1.773446e-03
1.776739e-03
1.780034e-03
1.783333e-03
1.786635e-03
1.789940e-03
1.793248e-03
1.796559e-03
1.799873e-03
1.803190e-03
1.806510e-03
1.809833e-03
1.813159e-03
1.816489e-03
1.819821e-03
1.823156e-03
1.826495e-03
1.829836e-03
1.833181e-03
1.836528e-03
1.839879e-03
1.843233e-03
1.846589e-03
1.849949e-03
1.853312e-03
1.856678e-03
1.860047e-03
1.863419e-03
1.866794e-03
1.870172e-03
1.873553e-03
1.876937e-03
1.880325e-03
1.883715e-03
1.887108e-03
1.890505e-03
1.893904e-03
1.897307e-03
1.900712e-03
1.904121e-03
1.907532e-03
1.910947e-03
1.914365e-03
1.917786e-03
1.921209e-03
1.924636e-03
1.928066e-03
1.931499e-03
1.934935e-03
1.938374e-03
1.941817e-03
1.945262e-03
1.948710e-03
1.952161e-03
1.955616e-03
1.959073e-03
1.962534e-03
1.965997e-03
1.969464e-03
1.972933e-03
1.976406e-03
1.979882e-03
1.983360e-03
1.986842e-03
1.990327e-03
1.993815e-03
1.997306e-03
2.000800e-03
2.004297e-03
2.007797e-03
2.011300e-03
2.014806e-03
2.018316e-03
2.021828e-03
2.025343e-03
2.028862e-03
2.032383e-03
2.035908e-03
2.039435e-03
2.042966e-03
2.046500e-03
2.050036e-03
2.053576e-03
2.057119e-03
2.060665e-03
2.064214e-03
2.067766e-03
2.071321e-03
2.074879e-03
2.078440e-03
2.082004e-03
2.085571e-03
2.089141e-03
2.092715e-03
2.096291e-03
2.099871e-03
2.103453e-03
2.107039e-03
2.110627e-03
2.114219e-03
2.117813e-03
2.121411e-03
2.125012e-03
2.128616e-03
2.132223e-03
2.135833e-03
2.139445e-03
2.143062e-03
2.146681e-03
2.150303e-03
2.153928e-03
2.157556e-03
2.161187e-03
2.164822e-03
2.168459e-03
2.172100e-03
2.175743e-03
2.179390e-03
2.183039e-03
2.186692e-03
2.190347e-03
2.194006e-03
2.197668e-03
2.201333e-03
2.205001e-03
2.208672e-03
2.212346e-03
2.216023e-03
2.219703e-03
2.223386e-03
2.227072e-03
2.230761e-03
2.234454e-03
2.238149e-03
2.241847e-03
2.245549e-03
2.249253e-03
2.252961e-03
2.256671e-03
2.260385e-03
2.264102e-03
2.267821e-03
2.271544e-03
2.275270e-03
2.278999e-03
2.282731e-03
2.286466e-03
2.290204e-03
2.293945e-03
2.297689e-03
2.301436e-03
2.305187e-03
2.308940e-03
2.312696e-03
2.316456e-03
2.320218e-03
2.323984e-03
2.327752e-03
2.331524e-03
2.335298e-03
2.339076e-03
2.342857e-03
2.346641e-03
2.350428e-03
2.354217e-03
2.358010e-03
2.361806e-03
2.365605e-03
2.369408e-03
2.373213e-03
2.377021e-03
2.380832e-03
2.384646e-03
2.388464e-03
2.392284e-03
2.396108e-03
2.399934e-03
2.403764e-03
2.407596e-03
2.411432e-03
2.415271e-03
2.419113e-03
2.422957e-03
2.426805e-03
2.430656e-03
2.434510e-03
2.438367e-03
2.442227e-03
2.446090e-03
2.449956e-03
2.453826e-03
2.457698e-03
2.461573e-03
2.465452e-03
2.469333e-03
2.473217e-03
2.477105e-03
2.480996e-03
2.484889e-03
2.488786e-03
2.492686e-03
2.496588e-03
2.500494e-03
2.504403e-03
2.508315e-03
2.512230e-03
2.516148e-03
2.520069e-03
2.523993e-03
2.527920e-03
2.531851e-03
2.535784e-03
2.539720e-03
2.543660e-03
2.547602e-03
2.551547e-03
2.555496e-03
2.559448e-03
2.563402e-03
2.567360e-03
2.571321e-03
2.575284e-03
2.579251e-03
2.583221e-03
2.587194e-03
2.591170e-03
2.595149e-03
2.599131e-03
2.603116e-03
2.607104e-03
2.611096e-03
2.615090e-03
2.619087e-03
2.623088e-03
2.627091e-03
2.631098e-03
2.635107e-03
2.639120e-03
2.643135e-03
2.647154e-03
2.651176e-03
2.655201e-03
2.659228e-03
2.663259e-03
2.667293e-03
2.671330e-03
2.675370e-03
2.679413e-03
2.683460e-03
2.687509e-03
2.691561e-03
2.695616e-03
2.699675e-03
2.703736e-03
2.707800e-03
2.711868e-03
2.715938e-03
2.720012e-03
2.724089e-03
2.728168e-03
2.732251e-03
2.736337e-03
2.740426e-03
2.744518e-03
2.748613e-03
2.752711e-03
2.756812e-03
2.760916e-03
2.765023e-03
2.769133e-03
2.773246e-03
2.777363e-03
2.781482e-03
2.785604e-03
2.789730e-03
2.793858e-03
2.797990e-03
2.802125e-03
2.806262e-03
2.810403e-03
2.814547e-03
2.818694e-03
2.822843e-03
2.826996e-03
2.831152e-03
2.835311e-03
2.839473e-03
2.843638e-03
2.847807e-03
2.851978e-03
2.856152e-03
2.860329e-03
2.864510e-03
2.868693e-03
2.872880e-03
2.877069e-03
2.881262e-03
2.885457e-03
2.889656e-03
2.893858e-03
2.898062e-03
2.902270e-03
2.906481e-03
2.910695e-03
2.914912e-03
2.919132e-03
2.923355e-03
2.927581e-03
2.931810e-03
2.936043e-03
2.940278e-03
2.944516e-03
2.948758e-03
2.953002e-03
2.957250e-03
2.961500e-03
2.965754e-03
2.970010e-03
2.974270e-03
2.978533e-03
2.982798e-03
2.987067e-03
2.991339e-03
2.995614e-03
2.999892e-03
3.004173e-03
3.008457e-03
3.012744e-03
3.017034e-03
3.021328e-03
3.025624e-03
3.029923e-03
3.034226e-03
3.038531e-03
3.042840e-03
3.047151e-03
3.051466e-03
3.055783e-03
3.060104e-03
3.064428e-03
3.068755e-03
3.073084e-03
3.077417e-03
3.081753e-03
3.086092e-03
3.090434e-03
3.094779e-03
3.099127e-03
3.103479e-03
3.107833e-03
3.112190e-03
3.116551e-03
3.120914e-03
3.125280e-03
3.129650e-03
3.134022e-03
3.138398e-03
3.142777e-03
3.147158e-03
3.151543e-03
3.155931e-03
3.160322e-03
3.164716e-03
3.169113e-03
3.173513e-03
3.177916e-03
3.182322e-03
3.186731e-03
3.191143e-03
3.195558e-03
3.199977e-03
3.204398e-03
3.208822e-03
3.213250e-03
3.217680e-03
3.222114e-03
3.226550e-03
3.230990e-03
3.235433e-03
3.239879e-03
3.244327e-03
3.248779e-03
3.253234e-03
3.257692e-03
3.262153e-03
3.266617e-03
3.271084e-03
3.275554e-03
3.280028e-03
3.284504e-03
3.288983e-03
3.293466e-03
3.297951e-03
3.302439e-03
3.306931e-03
3.311425e-03
3.315923e-03
3.320424e-03
3.324927e-03
3.329434e-03
3.333944e-03
3.338457e-03
3.342973e-03
3.347492e-03
3.352014e-03
3.356539e-03
3.361067e-03
3.365598e-03
3.370132e-03
3.374670e-03
3.379210e-03
3.383753e-03
3.388300e-03
3.392849e-03
3.397402e-03
3.401957e-03
3.406516e-03
3.411078e-03
3.415642e-03
3.420210e-03
3.424781e-03
3.429355e-03
3.433932e-03
3.438512e-03
3.443095e-03
3.447681e-03
3.452270e-03
3.456862e-03
3.461457e-03
3.466056e-03
3.470657e-03
3.475261e-03
3.479869e-03
3.484479e-03
3.489093e-03
3.493709e-03
3.498329e-03
3.502952e-03
3.507577e-03
3.512206e-03
3.516838e-03
3.521473e-03
3.526111e-03
3.530752e-03
3.535396e-03
3.540043e-03
3.544693e-03
3.549346e-03
3.554002e-03
3.558662e-03
3.563324e-03
3.567989e-03
3.572658e-03
3.577329e-03
3.582004e-03
3.586682e-03
3.591362e-03
3.595381e-03
3.599385e-03
3.603373e-03
3.607347e-03
3.611305e-03
3.615248e-03
3.619175e-03
3.623088e-03
3.626985e-03
3.630867e-03
3.634734e-03
3.638586e-03
3.642422e-03
3.646243e-03
3.650049e-03
3.653840e-03
3.657615e-03
3.661376e-03
3.665121e-03
3.668851e-03
3.672566e-03
3.676265e-03
3.679949e-03
3.683618e-03
3.687272e-03
3.690911e-03
3.694534e-03
3.698143e-03
3.701736e-03
3.705313e-03
3.708876e-03
3.712423e-03
3.715955e-03
3.719472e-03
3.722974e-03
3.726461e-03
3.729932e-03
3.733388e-03
3.736829e-03
3.740255e-03
3.743665e-03
3.747060e-03
3.750440e-03
3.753805e-03
3.757155e-03
3.760489e-03
3.763809e-03
3.767113e-03
3.770401e-03
3.773675e-03
3.776933e-03
3.780176e-03
3.783404e-03
3.786617e-03
3.789815e-03
3.792997e-03
3.796164e-03
3.799316e-03
3.802452e-03
3.805574e-03
3.808680e-03
3.811771e-03
3.814847e-03
3.817908e-03
3.820953e-03
3.823983e-03
3.826998e-03
3.829998e-03
3.832982e-03
3.835952e-03
3.838906e-03
3.841845e-03
3.844768e-03
3.847677e-03
3.850570e-03
3.853448e-03
3.856311e-03
3.859159e-03
3.861991e-03
3.864808e-03
3.867610e-03
3.870397e-03
3.873169e-03
3.875925e-03
3.878666e-03
3.881392e-03
3.884103e-03
3.886798e-03
3.889479e-03
3.892144e-03
3.894794e-03
3.897428e-03
3.900048e-03
3.902652e-03
3.905241e-03
3.907815e-03
3.910374e-03
3.912917e-03
3.915445e-03
3.917958e-03
3.920456e-03
3.922938e-03
3.925406e-03
3.927858e-03
3.930295e-03
3.932716e-03
3.935123e-03
3.937514e-03
3.939890e-03
3.942251e-03
3.944597e-03
3.946927e-03
3.949242e-03
3.951542e-03
3.953827e-03
3.956097e-03
3.958351e-03
3.960590e-03
3.962814e-03
3.965023e-03
3.967217e-03
3.969395e-03
3.971558e-03
3.973706e-03
3.975839e-03
3.977956e-03
3.980058e-03
3.982145e-03
3.984217e-03
3.986274e-03
3.988315e-03
3.990341e-03
3.992352e-03
3.994348e-03
3.996329e-03
3.998294e-03
4.000244e-03
4.002179e-03
4.004099e-03
4.006003e-03
4.007893e-03
4.009767e-03
4.011626e-03
4.013469e-03
4.015298e-03
4.017111e-03
4.018909e-03
4.020692e-03
4.022459e-03
4.024212e-03
4.025949e-03
4.027671e-03
4.029378e-03
4.031069e-03
4.032746e-03
4.034407e-03
4.036053e-03
4.037683e-03
4.039299e-03
4.040899e-03
4.042484e-03
4.044054e-03
4.045608e-03
4.047148e-03
4.048672e-03
4.050181e-03
4.051675e-03
4.053153e-03
4.054617e-03
4.056065e-03
4.057498e-03
4.058916e-03
4.060318e-03
4.061705e-03
4.063078e-03
4.064434e-03
4.065776e-03
4.067103e-03
4.068414e-03
4.069710e-03
4.070991e-03
4.072256e-03
4.073507e-03
4.074742e-03
4.075962e-03
4.077167e-03
4.078356e-03
4.079530e-03
4.080690e-03
4.081833e-03
4.082962e-03
4.084076e-03
4.085174e-03
4.086257e-03
4.087325e-03
4.088377e-03
4.089415e-03
4.090437e-03
4.091444e-03
4.092436e-03
4.093413e-03
4.094374e-03
4.095320e-03
4.096251e-03
4.097167e-03
4.098067e-03
4.098953e-03
4.099823e-03
4.100678e-03
4.101517e-03
4.102342e-03
4.103151e-03
4.103945e-03
4.104724e-03
4.105487e-03
4.106236e-03
4.106969e-03
4.107687e-03
4.108390e-03
4.109077e-03
4.109750e-03
4.110407e-03
4.111049e-03
4.111675e-03
4.112287e-03
4.112883e-03
4.113464e-03
4.114030e-03
4.114581e-03
4.115116e-03
4.115636e-03
4.116141e-03
4.116631e-03
4.117106e-03
4.117565e-03
4.118009e-03
4.118438e-03
4.118852e-03
4.119251e-03
4.119634e-03
4.120002e-03
4.120355e-03
4.120693e-03
4.121015e-03
4.121322e-03
4.121614e-03
4.121891e-03
4.122153e-03
4.122399e-03
4.122631e-03
4.122847e-03
4.123047e-03
4.123233e-03
4.123403e-03
4.123558e-03
4.123698e-03
4.123823e-03
4.123933e-03
4.124027e-03
4.124106e-03
4.124170e-03
4.124218e-03
4.124252e-03
4.124270e-03
4.124273e-03
4.124261e-03
4.124234e-03
4.124191e-03
4.124133e-03
4.124060e-03
4.123972e-03
4.123868e-03
4.123750e-03
4.123616e-03
4.123467e-03
4.123302e-03
4.123123e-03
4.122928e-03
4.122718e-03
4.122493e-03
4.122253e-03
4.121997e-03
4.121726e-03
4.121440e-03
4.121139e-03
4.120823e-03
4.120491e-03
4.120144e-03
4.119782e-03
4.119405e-03
4.119013e-03
4.118605e-03
4.118182e-03
4.117744e-03
4.117290e-03
4.116822e-03
4.116338e-03
4.115839e-03
4.115325e-03
4.114796e-03
4.114473e-03
4.114473e-03
4.114473e-03
4.114473e-03
4.114473e-03
4.114473e-03
4.114473e-03
4.114473e-03
4.114473e-03
4.114473e-03
4.114473e-03
4.114473e-03
4.114473e-03
4.114473e-03
4.114473e-03
4.114473e-03
4.114473e-03
4.114473e-03
4.114473e-03
4.114473e-03
4.114473e-03
4.114473e-03
4.114473e-03
4.114473e-03
4.114473e-03
4.114473e-03
4.114473e-03
4.114473e-03
4.114473e-03
4.114473e-03
4.114473e-03
4.114473e-03
4.114473e-03
4.114473e-03
4.114473e-03
4.114473e-03
4.114473e-03
4.114473e-03
4.114473e-03
4.114473e-03
4.114473e-03
4.114473e-03
4.114473e-03
4.114473e-03
4.114473e-03
4.114473e-03
4.114473e-03
4.114473e-03
4.114473e-03
4.114473e-03
4.114473e-03
4.114473e-03
4.114473e-03
4.114473e-03
4.114473e-03
4.114473e-03
4.114473e-03
4.114473e-03
4.114473e-03
4.114473e-03
4.114473e-03
4.114473e-03
4.114473e-03
4.114473e-03
4.114473e-03
4.114473e-03
4.114473e-03
4.114473e-03
4.114473e-03
4.114473e-03
4.114473e-03
4.114473e-03
4.114473e-03
4.114473e-03
4.114473e-03
4.114473e-03
4.114473e-03
4.114473e-03
4.114473e-03
4.114473e-03
4.114473e-03
4.114473e-03
4.114473e-03
4.114473e-03
4.114473e-03
4.114473e-03
4.114473e-03
4.114473e-03
4.114473e-03
4.114473e-03
4.114473e-03
4.114473e-03
4.114473e-03
4.114473e-03
4.114473e-03
4.114473e-03
4.114473e-03
4.114473e-03
4.114473e-03
4.114473e-03
4.114473e-03
4.114473e-03
4.114473e-03
4.114473e-03
4.114473e-03
4.114473e-03
4.114473e-03
4.114473e-03
4.114473e-03
4.114473e-03
4.114473e-03
4.114473e-03
4.114473e-03
4.114473e-03
4.114473e-03
4.114473e-03
4.114473e-03
4.114473e-03
4.114473e-03
4.114473e-03
4.114473e-03
4.114473e-03
4.114473e-03
4.114473e-03
4.114473e-03
4.114473e-03
4.114473e-03
4.114473e-03
4.114473e-03
4.114473e-03
4.114473e-03
4.114473e-03
4.114473e-03
4.114473e-03
4.114473e-03
4.114473e-03
4.114473e-03
4.114473e-03
4.114473e-03
4.114473e-03
4.114473e-03
4.114473e-03
4.114473e-03
4.114473e-03
4.114473e-03
4.114473e-03
4.114473e-03
4.114473e-03
4.114473e-03
4.114473e-03
4.114473e-03
4.114473e-03
4.114473e-03
4.114473e-03
4.114473e-03
4.114473e-03
4.114473e-03
4.114473e-03
4.114473e-03
4.114473e-03
4.114473e-03
4.114473e-03
4.114473e-03
4.114473e-03
4.114473e-03
4.114473e-03
4.114473e-03
4.114473e-03
4.114473e-03
4.114473e-03
4.114473e-03
4.114473e-03
4.114473e-03
4.114473e-03
4.114473e-03
4.114473e-03
4.114473e-03
4.114473e-03
4.114473e-03
4.114473e-03
4.114473e-03
4.114473e-03
4.114473e-03
4.114473e-03
4.114473e-03
4.114473e-03
4.114473e-03
4.114473e-03
4.114473e-03
4.114473e-03
4.114473e-03
4.114473e-03
4.114473e-03
4.114473e-03
4.114473e-03
4.114473e-03
4.114473e-03
4.114473e-03
4.114473e-03
4.114473e-03
4.114473e-03
