0.000000e+00
1.110371e-07
2.251932e-07
3.424683e-07
4.628625e-07
5.863756e-07
7.130078e-07
8.427590e-07
9.756292e-07
1.111618e-06
1.250727e-06
1.392954e-06
1.538300e-06
1.686766e-06
1.838350e-06
1.993053e-06
2.150876e-06
2.311817e-06
2.475878e-06
2.643057e-06
2.813355e-06
2.986773e-06
3.163309e-06
3.342965e-06
3.525739e-06
3.711633e-06
3.900646e-06
4.092777e-06
4.288028e-06
4.486397e-06
4.687886e-06
4.892494e-06
5.100220e-06
5.311066e-06
5.525031e-06
5.742114e-06
5.962317e-06
6.185639e-06
6.412080e-06
6.641640e-06
6.874318e-06
7.110116e-06
7.349033e-06
7.591069e-06
7.836224e-06
8.084498e-06
8.335891e-06
8.590403e-06
8.848034e-06
9.108784e-06
9.372653e-06
9.639641e-06
9.909748e-06
1.018297e-05
1.045932e-05
1.073878e-05
1.102137e-05
1.130707e-05
1.159589e-05
1.188783e-05
1.218289e-05
1.248107e-05
1.278236e-05
1.308678e-05
1.339432e-05
1.370497e-05
1.401874e-05
1.433564e-05
1.465565e-05
1.497878e-05
1.530503e-05
1.563440e-05
1.596688e-05
1.630249e-05
1.664122e-05
1.698306e-05
1.732802e-05
1.767611e-05
1.802731e-05
1.838163e-05
1.873907e-05
1.909963e-05
1.946330e-05
1.983010e-05
2.020002e-05
2.057305e-05
2.094920e-05
2.132848e-05
2.171087e-05
2.209638e-05
2.248501e-05
2.287676e-05
2.327163e-05
2.366961e-05
2.407072e-05
2.447494e-05
2.488229e-05
2.529275e-05
2.570633e-05
2.612303e-05
2.654285e-05
2.696579e-05
2.739185e-05
2.782103e-05
2.825332e-05
2.868874e-05
2.912727e-05
2.956893e-05
3.001370e-05
3.046159e-05
3.091260e-05
3.136673e-05
3.182398e-05
3.228434e-05
3.274783e-05
3.321444e-05
3.368416e-05
3.415700e-05
3.463297e-05
3.511205e-05
3.559425e-05
3.607957e-05
3.656801e-05
3.705956e-05
3.755424e-05
3.805204e-05
3.855295e-05
3.905698e-05
3.956414e-05
4.007441e-05
4.058780e-05
4.110431e-05
4.162394e-05
4.214668e-05
4.267255e-05
4.320154e-05
4.373364e-05
4.426886e-05
4.480721e-05
4.534867e-05
4.589325e-05
4.644095e-05
4.699177e-05
4.754571e-05
4.810276e-05
4.866294e-05
4.922623e-05
4.979265e-05
5.036218e-05
5.093483e-05
5.151060e-05
5.208949e-05
5.267150e-05
5.325663e-05
5.384488e-05
5.443624e-05
5.503073e-05
5.562833e-05
5.622906e-05
5.683290e-05
5.743986e-05
5.804994e-05
5.866314e-05
5.927946e-05
5.989889e-05
6.052145e-05
6.114713e-05
6.177592e-05
6.240783e-05
6.304287e-05
6.368102e-05
6.432229e-05
6.496668e-05
6.561418e-05
6.626481e-05
6.691856e-05
6.757542e-05
6.823541e-05
6.889851e-05
6.956473e-05
7.023408e-05
7.090654e-05
7.158212e-05
7.226081e-05
7.294263e-05
7.362757e-05
7.431562e-05
7.500680e-05
7.570109e-05
7.639851e-05
7.709904e-05
7.780269e-05
7.850946e-05
7.921935e-05
7.993235e-05
8.064848e-05
8.136773e-05
8.209009e-05
8.281558e-05
8.354418e-05
8.427590e-05
8.501074e-05
8.574870e-05
8.648978e-05
8.723398e-05
8.798130e-05
8.873173e-05
8.948529e-05
9.024196e-05
9.100175e-05
9.176467e-05
9.253070e-05
9.329985e-05
9.407212e-05
9.484750e-05
9.562601e-05
9.640764e-05
9.719238e-05
9.798025e-05
9.877123e-05
9.956533e-05
1.003626e-04
1.011629e-04
1.019664e-04
1.027729e-04
1.035826e-04
1.043954e-04
1.052114e-04
1.060304e-04
1.068526e-04
1.076779e-04
1.085063e-04
1.093378e-04
1.101725e-04
1.110103e-04
1.118512e-04
1.126952e-04
1.135423e-04
1.143925e-04
1.152459e-04
1.161024e-04
1.169620e-04
1.178247e-04
1.186905e-04
1.195595e-04
1.204316e-04
1.213068e-04
1.221851e-04
1.230665e-04
1.239511e-04
1.248387e-04
1.257295e-04
1.266234e-04
1.275205e-04
1.284206e-04
1.293239e-04
1.302303e-04
1.311398e-04
1.320524e-04
1.329682e-04
1.338870e-04
1.348090e-04
1.357341e-04
1.366623e-04
1.375937e-04
1.385281e-04
1.394657e-04
1.404064e-04
1.413502e-04
1.422971e-04
1.432472e-04
1.442004e-04
1.451567e-04
1.461161e-04
1.470786e-04
1.480443e-04
1.490130e-04
1.499849e-04
1.509599e-04
1.519380e-04
1.529193e-04
1.539036e-04
1.548911e-04
1.558817e-04
1.568754e-04
1.578723e-04
1.588722e-04
1.598753e-04
1.608815e-04
1.618908e-04
1.629033e-04
1.639188e-04
1.649375e-04
1.659593e-04
1.669842e-04
1.680122e-04
1.690434e-04
1.700776e-04
1.711150e-04
1.721555e-04
1.731991e-04
1.742459e-04
1.752957e-04
1.763487e-04
1.774048e-04
1.784640e-04
1.795264e-04
1.805918e-04
1.816604e-04
1.827321e-04
1.838069e-04
1.848849e-04
1.859659e-04
1.870501e-04
1.881374e-04
1.892278e-04
1.903213e-04
1.914180e-04
1.925177e-04
1.936206e-04
1.947266e-04
1.958357e-04
1.969480e-04
1.980633e-04
1.991818e-04
2.003034e-04
2.014281e-04
2.025560e-04
2.036869e-04
2.048210e-04
2.059582e-04
2.070985e-04
2.082419e-04
2.093885e-04
2.105382e-04
2.116910e-04
2.128469e-04
2.140059e-04
2.151680e-04
2.163333e-04
2.175017e-04
2.186732e-04
2.198478e-04
2.210256e-04
2.222064e-04
2.233904e-04
2.245775e-04
2.257677e-04
2.269611e-04
2.281575e-04
2.293571e-04
2.305598e-04
2.317656e-04
2.329745e-04
2.341866e-04
2.354017e-04
2.366200e-04
2.378414e-04
2.390660e-04
2.402936e-04
2.415244e-04
2.427583e-04
2.439953e-04
2.452354e-04
2.464786e-04
2.477250e-04
2.489745e-04
2.502271e-04
2.514828e-04
2.527416e-04
2.540036e-04
2.552686e-04
2.565368e-04
2.578082e-04
2.590826e-04
2.603601e-04
2.616408e-04
2.629246e-04
2.642115e-04
2.655015e-04
2.667947e-04
2.680909e-04
2.693903e-04
2.706928e-04
2.719984e-04
2.733072e-04
2.746190e-04
2.759340e-04
2.772521e-04
2.785733e-04
2.798977e-04
2.812251e-04
2.825557e-04
2.838894e-04
2.852262e-04
2.865661e-04
2.879092e-04
2.892554e-04
2.906046e-04
2.919570e-04
2.933126e-04
2.946712e-04
2.960330e-04
2.973979e-04
2.987659e-04
3.001370e-04
3.015112e-04
3.028886e-04
3.042691e-04
3.056527e-04
3.070394e-04
3.084292e-04
3.098222e-04
3.112182e-04
3.126174e-04
3.140197e-04
3.154252e-04
3.168337e-04
3.182454e-04
3.196602e-04
3.210781e-04
3.224991e-04
3.239233e-04
3.253505e-04
3.267809e-04
3.282144e-04
3.296510e-04
3.310908e-04
3.325336e-04
3.339796e-04
3.354287e-04
3.368809e-04
3.383362e-04
3.397947e-04
3.412563e-04
3.427210e-04
3.441888e-04
3.456597e-04
3.471337e-04
3.486109e-04
3.500912e-04
3.515746e-04
3.530611e-04
3.545508e-04
3.560435e-04
3.575394e-04
3.590384e-04
3.605405e-04
3.620458e-04
3.635541e-04
3.650656e-04
3.665802e-04
3.680979e-04
3.696188e-04
3.711427e-04
3.726698e-04
3.742000e-04
3.757333e-04
3.772697e-04
3.788093e-04
3.803519e-04
3.818977e-04
3.834466e-04
3.849986e-04
3.865538e-04
3.881120e-04
3.896734e-04
3.912379e-04
3.928055e-04
3.943763e-04
3.959501e-04
3.975271e-04
3.991072e-04
4.006904e-04
4.022768e-04
4.038662e-04
4.054588e-04
4.070545e-04
4.086533e-04
4.102552e-04
4.118603e-04
4.134684e-04
4.150797e-04
4.166941e-04
4.183116e-04
4.199323e-04
4.215560e-04
4.231829e-04
4.248129e-04
4.264460e-04
4.280823e-04
4.297216e-04
4.313641e-04
4.330097e-04
4.346584e-04
4.363103e-04
4.379652e-04
4.396233e-04
4.412845e-04
4.429488e-04
4.446162e-04
4.462867e-04
4.479604e-04
4.496372e-04
4.513171e-04
4.530001e-04
4.546863e-04
4.563755e-04
4.580679e-04
4.597634e-04
4.614620e-04
4.631638e-04
4.648686e-04
4.665766e-04
4.682877e-04
4.700019e-04
4.717192e-04
4.734397e-04
4.751632e-04
4.768899e-04
4.786197e-04
4.803527e-04
4.820887e-04
4.838279e-04
4.855702e-04
4.873156e-04
4.890641e-04
4.908157e-04
4.925705e-04
4.943284e-04
4.960894e-04
4.978535e-04
4.996207e-04
5.013911e-04
5.031646e-04
5.049412e-04
5.067209e-04
5.085037e-04
5.102896e-04
5.120787e-04
5.138709e-04
5.156662e-04
5.174646e-04
5.192662e-04
5.210708e-04
5.228786e-04
5.246895e-04
5.265036e-04
5.283207e-04
5.301410e-04
5.319643e-04
5.337908e-04
5.356204e-04
5.374532e-04
5.392890e-04
5.411280e-04
5.429701e-04
5.448153e-04
5.466636e-04
5.485151e-04
5.503697e-04
5.522274e-04
5.540882e-04
5.559521e-04
5.578191e-04
5.596893e-04
5.615626e-04
5.634390e-04
5.653185e-04
5.672011e-04
5.690869e-04
5.709758e-04
5.728678e-04
5.747629e-04
5.766611e-04
5.785625e-04
5.804670e-04
5.823745e-04
5.842853e-04
5.861991e-04
5.881160e-04
5.900361e-04
5.919593e-04
5.938856e-04
5.958150e-04
5.977476e-04
5.996832e-04
6.016220e-04
6.035639e-04
6.055089e-04
6.074571e-04
6.094083e-04
6.113627e-04
6.133202e-04
6.152808e-04
6.172446e-04
6.192114e-04
6.211814e-04
6.231545e-04
6.251307e-04
6.271100e-04
6.290925e-04
6.310780e-04
6.330667e-04
6.350585e-04
6.370535e-04
6.390515e-04
6.410527e-04
6.430569e-04
6.450643e-04
6.470749e-04
6.490885e-04
6.511053e-04
6.531251e-04
6.551481e-04
6.571742e-04
6.592035e-04
6.612358e-04
6.632713e-04
6.653099e-04
6.673516e-04
6.693964e-04
6.714444e-04
6.734954e-04
6.755496e-04
6.776069e-04
6.796674e-04
6.817309e-04
6.837976e-04
6.858673e-04
6.879402e-04
6.900163e-04
6.920954e-04
6.941777e-04
6.962630e-04
6.983515e-04
7.004432e-04
7.025379e-04
7.046357e-04
7.067367e-04
7.088408e-04
7.109480e-04
7.130583e-04
7.151718e-04
7.172883e-04
7.194080e-04
7.215308e-04
7.236568e-04
7.257858e-04
7.279180e-04
7.300532e-04
7.321916e-04
7.343332e-04
7.364778e-04
7.386256e-04
7.407764e-04
7.429304e-04
7.450875e-04
7.472478e-04
7.494111e-04
7.515776e-04
7.537472e-04
7.559199e-04
7.580957e-04
7.602747e-04
7.624567e-04
7.646419e-04
7.668302e-04
7.690217e-04
7.712162e-04
7.734139e-04
7.756146e-04
7.778185e-04
7.800256e-04
7.822357e-04
7.844489e-04
7.866653e-04
7.888848e-04
7.911074e-04
7.933332e-04
7.955620e-04
7.977940e-04
8.000291e-04
8.022673e-04
8.045086e-04
8.067531e-04
8.090006e-04
8.112513e-04
8.135051e-04
8.157620e-04
8.180221e-04
8.202852e-04
8.225515e-04
8.248209e-04
8.270934e-04
8.293691e-04
8.316478e-04
8.339297e-04
8.362147e-04
8.385028e-04
8.407940e-04
8.430884e-04
8.453858e-04
8.476864e-04
8.499901e-04
8.522970e-04
8.546069e-04
8.569200e-04
8.592362e-04
8.615555e-04
8.638779e-04
8.662034e-04
8.685321e-04
8.708639e-04
8.731988e-04
8.755368e-04
8.778779e-04
8.802222e-04
8.825695e-04
8.849200e-04
8.872737e-04
8.896304e-04
8.919902e-04
8.943532e-04
8.967193e-04
8.990885e-04
9.014608e-04
9.038363e-04
9.062148e-04
9.085965e-04
9.109813e-04
9.133692e-04
9.157603e-04
9.181544e-04
9.205517e-04
9.229521e-04
9.253556e-04
9.277623e-04
9.301720e-04
9.325849e-04
9.350009e-04
9.374200e-04
9.398422e-04
9.422676e-04
9.446960e-04
9.471276e-04
9.495623e-04
9.520002e-04
9.544411e-04
9.568852e-04
9.593324e-04
9.617827e-04
9.642361e-04
9.666926e-04
9.691523e-04
9.716151e-04
9.740809e-04
9.765500e-04
9.790221e-04
9.814974e-04
9.839757e-04
9.864572e-04
9.889418e-04
9.914296e-04
9.939204e-04
9.964144e-04
9.989115e-04
1.001412e-03
1.003915e-03
1.006421e-03
1.008931e-03
1.011444e-03
1.013959e-03
1.016478e-03
1.019000e-03
1.021526e-03
1.024054e-03
1.026585e-03
1.029120e-03
1.031657e-03
1.034198e-03
1.036742e-03
1.039289e-03
1.041839e-03
1.044392e-03
1.046949e-03
1.049508e-03
1.052071e-03
1.054636e-03
1.057205e-03
1.059777e-03
1.062352e-03
1.064930e-03
1.067512e-03
1.070096e-03
1.072684e-03
1.075274e-03
1.077868e-03
1.080465e-03
1.083065e-03
1.085668e-03
1.088274e-03
1.090884e-03
1.093496e-03
1.096112e-03
1.098731e-03
1.101353e-03
1.103977e-03
1.106606e-03
1.109237e-03
1.111871e-03
1.114509e-03
1.117149e-03
1.119793e-03
1.122440e-03
1.125090e-03
1.127743e-03
1.130399e-03
1.133058e-03
1.135720e-03
1.138386e-03
1.141055e-03
1.143726e-03
1.146401e-03
1.149079e-03
1.151760e-03
1.154444e-03
1.157132e-03
1.159822e-03
1.162516e-03
1.165213e-03
1.167912e-03
1.170615e-03
1.173321e-03
1.176031e-03
1.178743e-03
1.181458e-03
1.184177e-03
1.186898e-03
1.189623e-03
1.192351e-03
1.195082e-03
1.197816e-03
1.200554e-03
1.203294e-03
1.206037e-03
1.208784e-03
1.211534e-03
1.214287e-03
1.217043e-03
1.219802e-03
1.222564e-03
1.225329e-03
1.228098e-03
1.230869e-03
1.233644e-03
1.236422e-03
1.239203e-03
1.241987e-03
1.244774e-03
1.247564e-03
1.250357e-03
1.253154e-03
1.255954e-03
1.258756e-03
1.261562e-03
1.264371e-03
1.267183e-03
1.269999e-03
1.272817e-03
1.275638e-03
1.278463e-03
1.281291e-03
1.284121e-03
1.286955e-03
1.289792e-03
1.292633e-03
1.295476e-03
1.298322e-03
1.301172e-03
1.304025e-03
1.306880e-03
1.309739e-03
1.312601e-03
1.315466e-03
1.318335e-03
1.321206e-03
1.324080e-03
1.326958e-03
1.329839e-03
1.332723e-03
1.335610e-03
1.338500e-03
1.341393e-03
1.344289e-03
1.347189e-03
1.350091e-03
1.352997e-03
1.355906e-03
1.358818e-03
1.361733e-03
1.364651e-03
1.367572e-03
1.370496e-03
1.373424e-03
1.376355e-03
1.379288e-03
1.382225e-03
1.385165e-03
1.388108e-03
1.391055e-03
1.394004e-03
1.396956e-03
1.399912e-03
1.402871e-03
1.405832e-03
1.408797e-03
1.411765e-03
1.414737e-03
1.417711e-03
1.420688e-03
1.423669e-03
1.426653e-03
1.429639e-03
1.432629e-03
1.435622e-03
1.438618e-03
1.441618e-03
1.444620e-03
1.447625e-03
1.450634e-03
1.453646e-03
1.456661e-03
1.459679e-03
1.462700e-03
1.465724e-03
1.468751e-03
1.471782e-03
1.474815e-03
1.477852e-03
1.480892e-03
1.483935e-03
1.486981e-03
1.490030e-03
1.493082e-03
1.496137e-03
1.499196e-03
1.502258e-03
1.505322e-03
1.508390e-03
1.511461e-03
1.514535e-03
1.517612e-03
1.520693e-03
1.523776e-03
1.526863e-03
1.529953e-03
1.533045e-03
1.536141e-03
1.539240e-03
1.542343e-03
1.545448e-03
1.548556e-03
1.551668e-03
1.554782e-03
1.557900e-03
1.561021e-03
1.564145e-03
1.567272e-03
1.570403e-03
1.573536e-03
1.576672e-03
1.579812e-03
1.582955e-03
1.586101e-03
1.589249e-03
1.592402e-03
1.595557e-03
1.598715e-03
1.601877e-03
1.605041e-03
1.608209e-03
1.611380e-03
1.614553e-03
1.617731e-03
1.620911e-03
1.624094e-03
1.627280e-03
1.630470e-03
1.633662e-03
1.636858e-03
1.640057e-03
1.643259e-03
1.646464e-03
1.649672e-03
1.652884e-03
1.656098e-03
1.659316e-03
1.662536e-03
1.665760e-03
1.668987e-03
1.672217e-03
1.675450e-03
1.678687e-03
1.681926e-03
1.685169e-03
1.688414e-03
1.691663e-03
1.694915e-03
1.698170e-03
1.701428e-03
1.704689e-03
1.707954e-03
1.711221e-03
1.714492e-03
1.717766e-03
1.721042e-03
1.724322e-03
1.727605e-03
1.730892e-03
1.734181e-03
1.737473e-03
1.740769e-03
1.744068e-03
1.747369e-03
1.750674e-03
1.753982e-03
1.757294e-03
1.760608e-03
1.763925e-03
1.767246e-03
1.770569e-03
1.773896e-03
1.777226e-03
1.780559e-03
1.783895e-03
1.787234e-03
1.790577e-03
1.793922e-03
1.797271e-03
1.800622e-03
1.803977e-03
1.807335e-03
1.810696e-03
1.814060e-03
1.817428e-03
1.820798e-03
1.824172e-03
1.827548e-03
1.830928e-03
1.834311e-03
1.837697e-03
1.841086e-03
1.844478e-03
1.847874e-03
1.851272e-03
1.854674e-03
1.858078e-03
1.861486e-03
1.864897e-03
1.868311e-03
1.871728e-03
1.875149e-03
1.878572e-03
1.881999e-03
1.885428e-03
1.888861e-03
1.892297e-03
1.895736e-03
1.899178e-03
1.902624e-03
1.906072e-03
1.909523e-03
1.912978e-03
1.916436e-03
1.919897e-03
1.923361e-03
1.926828e-03
1.930298e-03
1.933771e-03
1.937248e-03
1.940727e-03
1.944210e-03
1.947696e-03
1.951185e-03
1.954677e-03
1.958172e-03
1.961670e-03
1.965172e-03
1.968676e-03
1.972184e-03
1.975695e-03
1.979209e-03
1.982726e-03
1.986246e-03
1.989769e-03
1.993295e-03
1.996825e-03
2.000357e-03
2.003893e-03
2.007432e-03
2.010974e-03
2.014519e-03
2.018067e-03
2.021619e-03
2.025173e-03
2.028731e-03
2.032291e-03
2.035855e-03
2.039422e-03
2.042992e-03
2.046565e-03
2.050141e-03
2.053721e-03
2.057303e-03
2.060889e-03
2.064478e-03
2.068069e-03
2.071664e-03
2.075263e-03
2.078864e-03
2.082468e-03
2.086076e-03
2.089686e-03
2.093300e-03
2.096917e-03
2.100537e-03
2.104160e-03
2.107786e-03
2.111415e-03
2.115048e-03
2.118683e-03
2.122322e-03
2.125963e-03
2.129608e-03
2.133256e-03
2.136907e-03
2.140562e-03
2.144219e-03
2.147880e-03
2.151543e-03
2.155210e-03
2.158880e-03
2.162553e-03
2.166229e-03
2.169908e-03
2.173590e-03
2.177276e-03
2.180964e-03
2.184656e-03
2.188351e-03
2.192049e-03
2.195750e-03
2.199454e-03
2.203161e-03
2.206871e-03
2.210585e-03
2.214302e-03
2.218021e-03
2.221744e-03
2.225470e-03
2.229199e-03
2.232931e-03
2.236667e-03
2.240405e-03
2.244147e-03
2.247892e-03
2.251639e-03
2.255390e-03
2.259144e-03
2.262902e-03
2.266662e-03
2.270425e-03
2.274192e-03
2.277961e-03
2.281734e-03
2.285510e-03
2.289289e-03
2.293071e-03
2.296856e-03
2.300645e-03
2.304436e-03
2.308231e-03
2.312029e-03
2.315829e-03
2.319633e-03
2.323440e-03
2.327251e-03
2.331064e-03
2.334880e-03
2.338700e-03
2.342523e-03
2.346348e-03
2.350177e-03
2.354009e-03
2.357844e-03
2.361683e-03
2.365524e-03
2.369369e-03
2.373216e-03
2.377067e-03
2.380921e-03
2.384778e-03
2.388638e-03
2.392501e-03
2.396367e-03
2.400237e-03
2.404109e-03
2.407985e-03
2.411864e-03
2.415746e-03
2.419631e-03
2.423519e-03
2.427410e-03
2.431305e-03
2.435202e-03
2.439103e-03
2.443007e-03
2.446914e-03
2.450824e-03
2.454737e-03
2.458653e-03
2.462572e-03
2.466495e-03
2.470420e-03
2.474349e-03
2.478281e-03
2.482216e-03
2.486154e-03
2.490095e-03
2.494040e-03
2.497987e-03
2.501938e-03
2.505891e-03
2.509848e-03
2.513808e-03
2.517771e-03
2.521737e-03
2.525706e-03
2.529679e-03
2.533654e-03
2.537633e-03
2.541615e-03
2.545599e-03
2.549587e-03
2.553579e-03
2.557573e-03
2.561570e-03
2.565571e-03
2.569574e-03
2.573581e-03
2.577591e-03
2.581604e-03
2.585620e-03
2.589639e-03
2.593661e-03
2.597686e-03
2.601715e-03
2.605747e-03
2.609781e-03
2.613819e-03
2.617860e-03
2.621904e-03
2.625952e-03
2.630002e-03
2.634055e-03
2.638112e-03
2.642172e-03
2.646235e-03
2.650301e-03
2.654370e-03
2.658442e-03
2.662517e-03
2.666596e-03
2.670677e-03
2.674762e-03
2.678850e-03
2.682940e-03
2.687034e-03
2.691132e-03
2.695232e-03
2.699335e-03
2.703442e-03
2.707551e-03
2.711664e-03
2.715780e-03
2.719899e-03
2.724021e-03
2.728146e-03
2.732275e-03
2.736406e-03
2.740541e-03
2.744678e-03
2.748819e-03
2.752963e-03
2.757110e-03
2.761260e-03
2.765414e-03
2.769570e-03
2.773729e-03
2.777892e-03
2.782058e-03
2.786227e-03
2.790399e-03
2.794574e-03
2.798752e-03
2.802934e-03
2.807118e-03
2.811306e-03
2.815496e-03
2.819690e-03
2.823887e-03
2.828087e-03
2.832290e-03
2.836497e-03
2.840706e-03
2.844919e-03
2.849134e-03
2.853353e-03
2.857575e-03
2.861800e-03
2.866028e-03
2.870259e-03
2.874494e-03
2.878731e-03
2.882972e-03
2.887216e-03
2.891462e-03
2.895712e-03
2.899966e-03
2.904222e-03
2.908481e-03
2.912744e-03
2.917009e-03
2.921278e-03
2.925550e-03
2.929825e-03
2.934103e-03
2.938384e-03
2.942668e-03
2.946955e-03
2.951246e-03
2.955540e-03
2.959836e-03
2.964136e-03
2.968439e-03
2.972745e-03
2.977055e-03
2.981367e-03
2.985682e-03
2.990001e-03
2.994323e-03
2.998648e-03
3.002976e-03
3.007307e-03
3.011641e-03
3.015978e-03
3.020319e-03
3.024662e-03
3.029009e-03
3.033359e-03
3.037711e-03
3.042067e-03
3.046427e-03
3.050789e-03
3.055154e-03
3.059523e-03
3.063894e-03
3.068269e-03
3.072647e-03
3.077028e-03
3.081412e-03
3.085799e-03
3.090190e-03
3.094583e-03
3.098980e-03
3.103379e-03
3.107782e-03
3.112188e-03
3.116597e-03
3.121009e-03
3.125424e-03
3.129843e-03
3.134264e-03
3.138689e-03
3.143117e-03
3.147548e-03
3.151982e-03
3.156419e-03
3.160859e-03
3.165302e-03
3.169749e-03
3.174198e-03
3.178651e-03
3.183107e-03
3.187566e-03
3.192028e-03
3.196493e-03
3.200962e-03
3.205433e-03
3.209908e-03
3.214385e-03
3.218866e-03
3.223350e-03
3.227837e-03
3.232327e-03
3.236820e-03
3.241317e-03
3.245816e-03
3.250319e-03
3.254824e-03
3.259333e-03
3.263845e-03
3.268360e-03
3.272879e-03
3.277400e-03
3.281924e-03
3.286452e-03
3.290983e-03
3.295516e-03
3.300053e-03
3.304593e-03
3.309137e-03
3.313683e-03
3.318232e-03
3.322785e-03
3.327340e-03
3.331899e-03
3.336461e-03
3.341026e-03
3.345594e-03
3.350165e-03
3.354740e-03
3.359317e-03
3.363898e-03
3.368482e-03
3.373068e-03
3.377658e-03
3.382251e-03
3.386848e-03
3.391447e-03
3.396049e-03
3.400655e-03
3.405264e-03
3.409875e-03
3.414490e-03
3.419108e-03
3.423729e-03
3.428354e-03
3.432981e-03
3.437612e-03
3.442245e-03
3.446882e-03
3.451522e-03
3.456165e-03
3.460811e-03
3.465460e-03
3.470112e-03
3.474768e-03
3.479426e-03
3.484088e-03
3.488753e-03
3.493421e-03
3.498092e-03
3.502766e-03
3.507443e-03
3.512124e-03
3.516807e-03
3.521494e-03
3.526184e-03
3.530876e-03
3.535572e-03
3.540272e-03
3.544974e-03
3.549679e-03
3.554388e-03
3.559099e-03
3.563814e-03
3.568532e-03
3.573253e-03
3.577977e-03
3.582704e-03
3.587434e-03
3.592168e-03
3.596904e-03
3.601644e-03
3.606387e-03
3.611133e-03
3.615882e-03
3.620634e-03
3.625389e-03
3.630147e-03
3.634909e-03
3.639673e-03
3.644441e-03
3.649212e-03
3.653986e-03
3.658763e-03
3.663543e-03
3.668327e-03
3.672448e-03
3.676554e-03
3.680645e-03
3.684720e-03
3.688780e-03
3.692824e-03
3.696852e-03
3.700865e-03
3.704862e-03
3.708844e-03
3.712810e-03
3.716760e-03
3.720696e-03
3.724615e-03
3.728519e-03
3.732407e-03
3.736280e-03
3.740138e-03
3.743979e-03
3.747805e-03
3.751616e-03
3.755411e-03
3.759191e-03
3.762955e-03
3.766703e-03
3.770436e-03
3.774153e-03
3.777855e-03
3.781541e-03
3.785212e-03
3.788867e-03
3.792506e-03
3.796130e-03
3.799739e-03
3.803332e-03
3.806909e-03
3.810471e-03
3.814017e-03
3.817548e-03
3.821063e-03
3.824562e-03
3.828046e-03
3.831515e-03
3.834968e-03
3.838405e-03
3.841827e-03
3.845233e-03
3.848624e-03
3.851999e-03
3.855358e-03
3.858702e-03
3.862031e-03
3.865344e-03
3.868641e-03
3.871923e-03
3.875189e-03
3.878440e-03
3.881675e-03
3.884895e-03
3.888099e-03
3.891287e-03
3.894460e-03
3.897617e-03
3.900759e-03
3.903886e-03
3.906996e-03
3.910091e-03
3.913171e-03
3.916235e-03
3.919284e-03
3.922316e-03
3.925334e-03
3.928336e-03
3.931322e-03
3.934293e-03
3.937248e-03
3.940188e-03
3.943112e-03
3.946020e-03
3.948913e-03
3.951790e-03
3.954652e-03
3.957499e-03
3.960329e-03
3.963145e-03
3.965944e-03
3.968728e-03
3.971497e-03
3.974250e-03
3.976987e-03
3.979709e-03
3.982415e-03
3.985106e-03
3.987781e-03
3.990441e-03
3.993085e-03
3.995714e-03
3.998327e-03
4.000924e-03
4.003506e-03
4.006072e-03
4.008623e-03
4.011158e-03
4.013678e-03
4.016182e-03
4.018671e-03
4.021144e-03
4.023601e-03
4.026043e-03
4.028469e-03
4.030880e-03
4.033276e-03
4.035655e-03
4.038019e-03
4.040368e-03
4.042701e-03
4.045018e-03
4.047320e-03
4.049607e-03
4.051878e-03
4.054133e-03
4.056373e-03
4.058597e-03
4.060805e-03
4.062998e-03
4.065176e-03
4.067338e-03
4.069484e-03
4.071615e-03
4.073730e-03
4.075830e-03
4.077914e-03
4.079983e-03
4.082036e-03
4.084073e-03
4.086095e-03
4.088102e-03
4.090093e-03
4.092068e-03
4.094028e-03
4.095972e-03
4.097900e-03
4.099814e-03
4.101711e-03
4.103593e-03
4.105459e-03
4.107310e-03
4.109146e-03
4.110965e-03
4.112770e-03
4.114558e-03
4.116331e-03
4.118089e-03
4.119831e-03
4.121557e-03
4.123268e-03
4.124964e-03
4.126643e-03
4.128308e-03
4.129956e-03
4.131589e-03
4.133207e-03
4.134809e-03
4.136395e-03
4.137966e-03
4.139522e-03
4.141061e-03
4.142586e-03
4.144094e-03
4.145587e-03
4.147065e-03
4.148527e-03
4.149974e-03
4.151404e-03
4.152820e-03
4.154220e-03
4.155604e-03
4.156973e-03
4.158326e-03
4.159663e-03
4.160985e-03
4.162292e-03
4.163583e-03
4.164858e-03
4.166118e-03
4.167362e-03
4.168591e-03
4.169804e-03
4.171002e-03
4.172184e-03
4.173350e-03
4.174501e-03
4.175637e-03
4.176757e-03
4.177861e-03
4.178950e-03
4.180023e-03
4.181080e-03
4.182123e-03
4.183149e-03
4.184160e-03
4.185155e-03
4.186135e-03
4.187100e-03
4.188048e-03
4.188982e-03
4.189899e-03
4.190801e-03
4.191688e-03
4.192559e-03
4.193414e-03
4.194254e-03
4.195078e-03
4.195887e-03
4.196680e-03
4.197458e-03
4.198220e-03
4.198967e-03
4.199698e-03
4.200413e-03
4.201113e-03
4.201797e-03
4.202466e-03
4.203120e-03
4.203757e-03
4.204379e-03
4.204986e-03
4.205577e-03
4.206152e-03
4.206712e-03
4.207257e-03
4.207785e-03
4.208299e-03
4.208796e-03
4.209279e-03
4.209745e-03
4.210196e-03
4.210632e-03
4.211052e-03
4.211456e-03
4.211845e-03
4.212218e-03
4.212576e-03
4.212918e-03
4.213245e-03
4.213556e-03
4.213851e-03
4.214131e-03
4.214395e-03
4.214644e-03
4.214878e-03
4.215095e-03
4.215298e-03
4.215484e-03
4.215655e-03
4.215811e-03
4.215951e-03
4.216075e-03
4.216184e-03
4.216277e-03
4.216355e-03
4.216417e-03
4.216464e-03
4.216495e-03
4.216511e-03
4.216511e-03
4.216495e-03
4.216464e-03
4.216417e-03
4.216355e-03
4.216277e-03
4.216184e-03
4.216075e-03
4.215950e-03
4.215810e-03
4.215655e-03
4.215484e-03
4.215297e-03
4.215095e-03
4.214877e-03
4.214644e-03
4.214395e-03
4.214131e-03
4.213851e-03
4.213555e-03
4.213244e-03
4.212917e-03
4.212575e-03
4.212217e-03
4.211844e-03
4.211455e-03
4.211051e-03
4.210631e-03
4.210195e-03
4.209744e-03
4.209278e-03
4.208795e-03
4.208298e-03
4.207784e-03
4.207256e-03
4.206933e-03
4.206933e-03
4.206933e-03
4.206933e-03
4.206933e-03
4.206933e-03
4.206933e-03
4.206933e-03
4.206933e-03
4.206933e-03
4.206933e-03
4.206933e-03
4.206933e-03
4.206933e-03
4.206933e-03
4.206933e-03
4.206933e-03
4.206933e-03
4.206933e-03
4.206933e-03
4.206933e-03
4.206933e-03
4.206933e-03
4.206933e-03
4.206933e-03
4.206933e-03
4.206933e-03
4.206933e-03
4.206933e-03
4.206933e-03
4.206933e-03
4.206933e-03
4.206933e-03
4.206933e-03
4.206933e-03
4.206933e-03
4.206933e-03
4.206933e-03
4.206933e-03
4.206933e-03
4.206933e-03
4.206933e-03
4.206933e-03
4.206933e-03
4.206933e-03
4.206933e-03
4.206933e-03
4.206933e-03
4.206933e-03
4.206933e-03
4.206933e-03
4.206933e-03
4.206933e-03
4.206933e-03
4.206933e-03
4.206933e-03
4.206933e-03
4.206933e-03
4.206933e-03
4.206933e-03
4.206933e-03
4.206933e-03
4.206933e-03
4.206933e-03
4.206933e-03
4.206933e-03
4.206933e-03
4.206933e-03
4.206933e-03
4.206933e-03
4.206933e-03
4.206933e-03
4.206933e-03
4.206933e-03
4.206933e-03
4.206933e-03
4.206933e-03
4.206933e-03
4.206933e-03
4.206933e-03
4.206933e-03
4.206933e-03
4.206933e-03
4.206933e-03
4.206933e-03
4.206933e-03
4.206933e-03
4.206933e-03
4.206933e-03
4.206933e-03
4.206933e-03
4.206933e-03
4.206933e-03
4.206933e-03
4.206933e-03
4.206933e-03
4.206933e-03
4.206933e-03
4.206933e-03
4.206933e-03
4.206933e-03
4.206933e-03
4.206933e-03
4.206933e-03
4.206933e-03
4.206933e-03
4.206933e-03
4.206933e-03
4.206933e-03
4.206933e-03
4.206933e-03
4.206933e-03
4.206933e-03
4.206933e-03
4.206933e-03
4.206933e-03
4.206933e-03
4.206933e-03
4.206933e-03
4.206933e-03
4.206933e-03
4.206933e-03
4.206933e-03
4.206933e-03
4.206933e-03
4.206933e-03
4.206933e-03
4.206933e-03
4.206933e-03
4.206933e-03
4.206933e-03
4.206933e-03
4.206933e-03
4.206933e-03
4.206933e-03
4.206933e-03
4.206933e-03
4.206933e-03
4.206933e-03
4.206933e-03
4.206933e-03
4.206933e-03
4.206933e-03
4.206933e-03
4.206933e-03
4.206933e-03
4.206933e-03
4.206933e-03
4.206933e-03
4.206933e-03
4.206933e-03
4.206933e-03
4.206933e-03
4.206933e-03
4.206933e-03
4.206933e-03
4.206933e-03
4.206933e-03
4.206933e-03
4.206933e-03
4.206933e-03
4.206933e-03
4.206933e-03
4.206933e-03
4.206933e-03
4.206933e-03
4.206933e-03
4.206933e-03
4.206933e-03
4.206933e-03
4.206933e-03
4.206933e-03
4.206933e-03
4.206933e-03
4.206933e-03
4.206933e-03
4.206933e-03
4.206933e-03
4.206933e-03
4.206933e-03
4.206933e-03
4.206933e-03
4.206933e-03
4.206933e-03
4.206933e-03
4.206933e-03
4.206933e-03
4.206933e-03
4.206933e-03
4.206933e-03
4.206933e-03
4.206933e-03
4.206933e-03
4.206933e-03
4.206933e-03
4.206933e-03
4.206933e-03
4.206933e-03
4.206933e-03
4.206933e-03
4.206933e-03
