0.000000e+00
1.110371e-07
2.251080e-07
3.422127e-07
4.623511e-07
5.855234e-07
7.117295e-07
8.409694e-07
9.732431e-07
1.108551e-06
1.246892e-06
1.388267e-06
1.532676e-06
1.680119e-06
1.830595e-06
1.984105e-06
2.140649e-06
2.300227e-06
2.462839e-06
2.628484e-06
2.797164e-06
2.968877e-06
3.143624e-06
3.321404e-06
3.502219e-06
3.686067e-06
3.872949e-06
4.062865e-06
4.255815e-06
4.451798e-06
4.650816e-06
4.852867e-06
5.057952e-06
5.266070e-06
5.477223e-06
5.691409e-06
5.908629e-06
6.128883e-06
6.352171e-06
6.578492e-06
6.807848e-06
7.040237e-06
7.275660e-06
7.514116e-06
7.755607e-06
8.000131e-06
8.247689e-06
8.498281e-06
8.751907e-06
9.008566e-06
9.268260e-06
9.530987e-06
9.796748e-06
1.006554e-05
1.033737e-05
1.061223e-05
1.089013e-05
1.117106e-05
1.145502e-05
1.174202e-05
1.203205e-05
1.232512e-05
1.262122e-05
1.292035e-05
1.322251e-05
1.352771e-05
1.383595e-05
1.414722e-05
1.446152e-05
1.477885e-05
1.509922e-05
1.542263e-05
1.574906e-05
1.607853e-05
1.641104e-05
1.674658e-05
1.708515e-05
1.742675e-05
1.777139e-05
1.811907e-05
1.846978e-05
1.882352e-05
1.918029e-05
1.954010e-05
1.990294e-05
2.026882e-05
2.063773e-05
2.100967e-05
2.138465e-05
2.176266e-05
2.214371e-05
2.252779e-05
2.291490e-05
2.330505e-05
2.369823e-05
2.409444e-05
2.449369e-05
2.489597e-05
2.530129e-05
2.570964e-05
2.612102e-05
2.653544e-05
2.695289e-05
2.737337e-05
2.779689e-05
2.822344e-05
2.865303e-05
2.908565e-05
2.952130e-05
2.995999e-05
3.040171e-05
3.084647e-05
3.129426e-05
3.174508e-05
3.219893e-05
3.265583e-05
3.311575e-05
3.357871e-05
3.404470e-05
3.451372e-05
3.498578e-05
3.546088e-05
3.593900e-05
3.642016e-05
3.690436e-05
3.739159e-05
3.788185e-05
3.837515e-05
3.887147e-05
3.937084e-05
3.987324e-05
4.037867e-05
4.088713e-05
4.139863e-05
4.191316e-05
4.243073e-05
4.295133e-05
4.347496e-05
4.400163e-05
4.453133e-05
4.506407e-05
4.559984e-05
4.613864e-05
4.668048e-05
4.722535e-05
4.777325e-05
4.832419e-05
4.887816e-05
4.943517e-05
4.999521e-05
5.055828e-05
5.112439e-05
5.169353e-05
5.226570e-05
5.284091e-05
5.341915e-05
5.400043e-05
5.458474e-05
5.517208e-05
5.576246e-05
5.635587e-05
5.695232e-05
5.755180e-05
5.815431e-05
5.875986e-05
5.936844e-05
5.998005e-05
6.059470e-05
6.121238e-05
6.183309e-05
6.245684e-05
6.308363e-05
6.371344e-05
6.434629e-05
6.498218e-05
6.562110e-05
6.626305e-05
6.690804e-05
6.755606e-05
6.820711e-05
6.886120e-05
6.951832e-05
7.017847e-05
7.084166e-05
7.150788e-05
7.217714e-05
7.284943e-05
7.352475e-05
7.420311e-05
7.488450e-05
7.556893e-05
7.625639e-05
7.694688e-05
7.764041e-05
7.833697e-05
7.903656e-05
7.973919e-05
8.044485e-05
8.115355e-05
8.186528e-05
8.258004e-05
8.329784e-05
8.401867e-05
8.474253e-05
8.546943e-05
8.619936e-05
8.693233e-05
8.766833e-05
8.840736e-05
8.914943e-05
8.989453e-05
9.064267e-05
9.139384e-05
9.214804e-05
9.290528e-05
9.366555e-05
9.442885e-05
9.519519e-05
9.596456e-05
9.673697e-05
9.751241e-05
9.829088e-05
9.907239e-05
9.985693e-05
1.006445e-04
1.014351e-04
1.022288e-04
1.030254e-04
1.038251e-04
1.046279e-04
1.054337e-04
1.062425e-04
1.070543e-04
1.078692e-04
1.086871e-04
1.095081e-04
1.103320e-04
1.111590e-04
1.119891e-04
1.128222e-04
1.136583e-04
1.144974e-04
1.153396e-04
1.161848e-04
1.170331e-04
1.178844e-04
1.187387e-04
1.195960e-04
1.204564e-04
1.213198e-04
1.221863e-04
1.230558e-04
1.239283e-04
1.248039e-04
1.256825e-04
1.265641e-04
1.274487e-04
1.283364e-04
1.292271e-04
1.301209e-04
1.310177e-04
1.319175e-04
1.328204e-04
1.337263e-04
1.346352e-04
1.355472e-04
1.364622e-04
1.373802e-04
1.383012e-04
1.392253e-04
1.401525e-04
1.410826e-04
1.420158e-04
1.429521e-04
1.438913e-04
1.448336e-04
1.457790e-04
1.467273e-04
1.476787e-04
1.486332e-04
1.495906e-04
1.505511e-04
1.515147e-04
1.524812e-04
1.534508e-04
1.544235e-04
1.553991e-04
1.563778e-04
1.573596e-04
1.583443e-04
1.593322e-04
1.603230e-04
1.613169e-04
1.623138e-04
1.633137e-04
1.643167e-04
1.653227e-04
1.663317e-04
1.673438e-04
1.683589e-04
1.693771e-04
1.703982e-04
1.714225e-04
1.724497e-04
1.734800e-04
1.745133e-04
1.755496e-04
1.765890e-04
1.776314e-04
1.786769e-04
1.797254e-04
1.807769e-04
1.818314e-04
1.828890e-04
1.839496e-04
1.850133e-04
1.860800e-04
1.871497e-04
1.882224e-04
1.892982e-04
1.903770e-04
1.914589e-04
1.925438e-04
1.936317e-04
1.947226e-04
1.958166e-04
1.969137e-04
1.980137e-04
1.991168e-04
2.002229e-04
2.013321e-04
2.024443e-04
2.035595e-04
2.046778e-04
2.057990e-04
2.069234e-04
2.080507e-04
2.091811e-04
2.103146e-04
2.114510e-04
2.125905e-04
2.137330e-04
2.148786e-04
2.160272e-04
2.171788e-04
2.183335e-04
2.194912e-04
2.206519e-04
2.218157e-04
2.229825e-04
2.241523e-04
2.253252e-04
2.265011e-04
2.276800e-04
2.288620e-04
2.300470e-04
2.312350e-04
2.324261e-04
2.336202e-04
2.348173e-04
2.360175e-04
2.372207e-04
2.384270e-04
2.396362e-04
2.408485e-04
2.420639e-04
2.432823e-04
2.445037e-04
2.457281e-04
2.469556e-04
2.481861e-04
2.494196e-04
2.506562e-04
2.518958e-04
2.531385e-04
2.543841e-04
2.556329e-04
2.568846e-04
2.581394e-04
2.593972e-04
2.606580e-04
2.619219e-04
2.631888e-04
2.644588e-04
2.657318e-04
2.670078e-04
2.682868e-04
2.695689e-04
2.708540e-04
2.721422e-04
2.734334e-04
2.747276e-04
2.760248e-04
2.773251e-04
2.786285e-04
2.799348e-04
2.812442e-04
2.825566e-04
2.838721e-04
2.851906e-04
2.865121e-04
2.878366e-04
2.891642e-04
2.904949e-04
2.918285e-04
2.931652e-04
2.945049e-04
2.958477e-04
2.971935e-04
2.985423e-04
2.998942e-04
3.012491e-04
3.026070e-04
3.039680e-04
3.053320e-04
3.066990e-04
3.080691e-04
3.094422e-04
3.108183e-04
3.121975e-04
3.135797e-04
3.149649e-04
3.163532e-04
3.177445e-04
3.191388e-04
3.205362e-04
3.219366e-04
3.233400e-04
3.247465e-04
3.261560e-04
3.275685e-04
3.289841e-04
3.304027e-04
3.318243e-04
3.332490e-04
3.346767e-04
3.361074e-04
3.375412e-04
3.389780e-04
3.404179e-04
3.418607e-04
3.433066e-04
3.447556e-04
3.462076e-04
3.476626e-04
3.491206e-04
3.505817e-04
3.520458e-04
3.535130e-04
3.549831e-04
3.564564e-04
3.579326e-04
3.594119e-04
3.608942e-04
3.623795e-04
3.638679e-04
3.653593e-04
3.668538e-04
3.683513e-04
3.698518e-04
3.713553e-04
3.728619e-04
3.743715e-04
3.758842e-04
3.773999e-04
3.789186e-04
3.804404e-04
3.819652e-04
3.834930e-04
3.850238e-04
3.865577e-04
3.880946e-04
3.896346e-04
3.911776e-04
3.927236e-04
3.942727e-04
3.958248e-04
3.973799e-04
3.989380e-04
4.004992e-04
4.020635e-04
4.036307e-04
4.052010e-04
4.067744e-04
4.083507e-04
4.099301e-04
4.115125e-04
4.130980e-04
4.146865e-04
4.162780e-04
4.178726e-04
4.194702e-04
4.210708e-04
4.226745e-04
4.242812e-04
4.258909e-04
4.275037e-04
4.291195e-04
4.307383e-04
4.323602e-04
4.339851e-04
4.356131e-04
4.372440e-04
4.388780e-04
4.405151e-04
4.421551e-04
4.437982e-04
4.454444e-04
4.470936e-04
4.487458e-04
4.504010e-04
4.520593e-04
4.537206e-04
4.553849e-04
4.570523e-04
4.587227e-04
4.603962e-04
4.620726e-04
4.637522e-04
4.654347e-04
4.671203e-04
4.688089e-04
4.705005e-04
4.721952e-04
4.738929e-04
4.755937e-04
4.772975e-04
4.790043e-04
4.807141e-04
4.824270e-04
4.841429e-04
4.858619e-04
4.875839e-04
4.893089e-04
4.910369e-04
4.927680e-04
4.945021e-04
4.962393e-04
4.979795e-04
4.997227e-04
5.014690e-04
5.032183e-04
5.049706e-04
5.067259e-04
5.084843e-04
5.102457e-04
5.120102e-04
5.137777e-04
5.155482e-04
5.173218e-04
5.190984e-04
5.208780e-04
5.226607e-04
5.244464e-04
5.262351e-04
5.280269e-04
5.298216e-04
5.316195e-04
5.334203e-04
5.352242e-04
5.370312e-04
5.388411e-04
5.406541e-04
5.424702e-04
5.442892e-04
5.461113e-04
5.479365e-04
5.497646e-04
5.515958e-04
5.534301e-04
5.552673e-04
5.571076e-04
5.589510e-04
5.607974e-04
5.626468e-04
5.644992e-04
5.663547e-04
5.682132e-04
5.700747e-04
5.719393e-04
5.738069e-04
5.756775e-04
5.775512e-04
5.794279e-04
5.813077e-04
5.831904e-04
5.850763e-04
5.869651e-04
5.888570e-04
5.907519e-04
5.926498e-04
5.945508e-04
5.964548e-04
5.983619e-04
6.002719e-04
6.021851e-04
6.041012e-04
6.060204e-04
6.079426e-04
6.098679e-04
6.117961e-04
6.137275e-04
6.156618e-04
6.175992e-04
6.195396e-04
6.214831e-04
6.234296e-04
6.253791e-04
6.273316e-04
6.292872e-04
6.312458e-04
6.332075e-04
6.351722e-04
6.371399e-04
6.391107e-04
6.410845e-04
6.430613e-04
6.450411e-04
6.470240e-04
6.490099e-04
6.509989e-04
6.529909e-04
6.549859e-04
6.569840e-04
6.589851e-04
6.609892e-04
6.629964e-04
6.650066e-04
6.670198e-04
6.690361e-04
6.710554e-04
6.730777e-04
6.751031e-04
6.771315e-04
6.791629e-04
6.811974e-04
6.832349e-04
6.852754e-04
6.873190e-04
6.893656e-04
6.914152e-04
6.934679e-04
6.955236e-04
6.975823e-04
6.996441e-04
7.017089e-04
7.037767e-04
7.058476e-04
7.079215e-04
7.099984e-04
7.120784e-04
7.141614e-04
7.162475e-04
7.183365e-04
7.204286e-04
7.225238e-04
7.246220e-04
7.267232e-04
7.288274e-04
7.309347e-04
7.330450e-04
7.351583e-04
7.372747e-04
7.393941e-04
7.415166e-04
7.436421e-04
7.457706e-04
7.479021e-04
7.500367e-04
7.521743e-04
7.543150e-04
7.564587e-04
7.586054e-04
7.607551e-04
7.629079e-04
7.650637e-04
7.672226e-04
7.693845e-04
7.715494e-04
7.737173e-04
7.758883e-04
7.780623e-04
7.802394e-04
7.824195e-04
7.846026e-04
7.867888e-04
7.889780e-04
7.911702e-04
7.933654e-04
7.955637e-04
7.977651e-04
7.999694e-04
8.021768e-04
8.043872e-04
8.066007e-04
8.088172e-04
8.110367e-04
8.132593e-04
8.154849e-04
8.177135e-04
8.199452e-04
8.221799e-04
8.244176e-04
8.266584e-04
8.289022e-04
8.311490e-04
8.333989e-04
8.356518e-04
8.379077e-04
8.401667e-04
8.424287e-04
8.446937e-04
8.469618e-04
8.492329e-04
8.515070e-04
8.537842e-04
8.560644e-04
8.583476e-04
8.606339e-04
8.629232e-04
8.652155e-04
8.675109e-04
8.698093e-04
8.721108e-04
8.744152e-04
8.767227e-04
8.790333e-04
8.813469e-04
8.836635e-04
8.859831e-04
8.883058e-04
8.906315e-04
8.929602e-04
8.952920e-04
8.976268e-04
8.999647e-04
9.023056e-04
9.046495e-04
9.069964e-04
9.093464e-04
9.116994e-04
9.140555e-04
9.164146e-04
9.187767e-04
9.211418e-04
9.235100e-04
9.258812e-04
9.282555e-04
9.306328e-04
9.330131e-04
9.353964e-04
9.377828e-04
9.401722e-04
9.425647e-04
9.449602e-04
9.473587e-04
9.497603e-04
9.521649e-04
9.545725e-04
9.569831e-04
9.593968e-04
9.618136e-04
9.642333e-04
9.666561e-04
9.690819e-04
9.715108e-04
9.739427e-04
9.763776e-04
9.788156e-04
9.812566e-04
9.837006e-04
9.861477e-04
9.885978e-04
9.910509e-04
9.935071e-04
9.959663e-04
9.984285e-04
1.000894e-03
1.003362e-03
1.005833e-03
1.008308e-03
1.010785e-03
1.013266e-03
1.015749e-03
1.018236e-03
1.020725e-03
1.023218e-03
1.025713e-03
1.028212e-03
1.030714e-03
1.033218e-03
1.035726e-03
1.038237e-03
1.040751e-03
1.043267e-03
1.045787e-03
1.048310e-03
1.050836e-03
1.053365e-03
1.055897e-03
1.058432e-03
1.060970e-03
1.063511e-03
1.066056e-03
1.068603e-03
1.071153e-03
1.073706e-03
1.076262e-03
1.078822e-03
1.081384e-03
1.083949e-03
1.086518e-03
1.089089e-03
1.091664e-03
1.094241e-03
1.096822e-03
1.099405e-03
1.101992e-03
1.104582e-03
1.107174e-03
1.109770e-03
1.112369e-03
1.114971e-03
1.117576e-03
1.120183e-03
1.122794e-03
1.125408e-03
1.128025e-03
1.130645e-03
1.133268e-03
1.135894e-03
1.138523e-03
1.141155e-03
1.143791e-03
1.146429e-03
1.149070e-03
1.151714e-03
1.154362e-03
1.157012e-03
1.159665e-03
1.162322e-03
1.164981e-03
1.167644e-03
1.170309e-03
1.172978e-03
1.175649e-03
1.178324e-03
1.181001e-03
1.183682e-03
1.186366e-03
1.189052e-03
1.191742e-03
1.194435e-03
1.197131e-03
1.199830e-03
1.202532e-03
1.205237e-03
1.207945e-03
1.210656e-03
1.213370e-03
1.216087e-03
1.218807e-03
1.221530e-03
1.224256e-03
1.226985e-03
1.229718e-03
1.232453e-03
1.235191e-03
1.237932e-03
1.240677e-03
1.243424e-03
1.246175e-03
1.248928e-03
1.251685e-03
1.254444e-03
1.257207e-03
1.259972e-03
1.262741e-03
1.265513e-03
1.268287e-03
1.271065e-03
1.273846e-03
1.276630e-03
1.279417e-03
1.282207e-03
1.284999e-03
1.287795e-03
1.290594e-03
1.293396e-03
1.296201e-03
1.299010e-03
1.301821e-03
1.304635e-03
1.307452e-03
1.310272e-03
1.313095e-03
1.315922e-03
1.318751e-03
1.321583e-03
1.324419e-03
1.327257e-03
1.330099e-03
1.332943e-03
1.335791e-03
1.338641e-03
1.341495e-03
1.344351e-03
1.347211e-03
1.350074e-03
1.352940e-03
1.355808e-03
1.358680e-03
1.361555e-03
1.364433e-03
1.367314e-03
1.370198e-03
1.373085e-03
1.375975e-03
1.378868e-03
1.381764e-03
1.384663e-03
1.387565e-03
1.390470e-03
1.393378e-03
1.396290e-03
1.399204e-03
1.402121e-03
1.405041e-03
1.407965e-03
1.410891e-03
1.413821e-03
1.416753e-03
1.419689e-03
1.422627e-03
1.425569e-03
1.428513e-03
1.431461e-03
1.434412e-03
1.437365e-03
1.440322e-03
1.443282e-03
1.446245e-03
1.449211e-03
1.452179e-03
1.455151e-03
1.458126e-03
1.461104e-03
1.464085e-03
1.467069e-03
1.470056e-03
1.473047e-03
1.476040e-03
1.479036e-03
1.482035e-03
1.485037e-03
1.488043e-03
1.491051e-03
1.494062e-03
1.497077e-03
1.500094e-03
1.503114e-03
1.506138e-03
1.509165e-03
1.512194e-03
1.515227e-03
1.518262e-03
1.521301e-03
1.524343e-03
1.527387e-03
1.530435e-03
1.533486e-03
1.536540e-03
1.539597e-03
1.542656e-03
1.545719e-03
1.548785e-03
1.551854e-03
1.554926e-03
1.558001e-03
1.561079e-03
1.564161e-03
1.567245e-03
1.570332e-03
1.573422e-03
1.576515e-03
1.579612e-03
1.582711e-03
1.585813e-03
1.588919e-03
1.592027e-03
1.595139e-03
1.598253e-03
1.601371e-03
1.604491e-03
1.607615e-03
1.610742e-03
1.613871e-03
1.617004e-03
1.620140e-03
1.623278e-03
1.626420e-03
1.629565e-03
1.632713e-03
1.635864e-03
1.639018e-03
1.642175e-03
1.645335e-03
1.648498e-03
1.651664e-03
1.654833e-03
1.658005e-03
1.661180e-03
1.664359e-03
1.667540e-03
1.670724e-03
1.673911e-03
1.677102e-03
1.680295e-03
1.683492e-03
1.686691e-03
1.689893e-03
1.693099e-03
1.696308e-03
1.699519e-03
1.702734e-03
1.705951e-03
1.709172e-03
1.712396e-03
1.715622e-03
1.718852e-03
1.722085e-03
1.725321e-03
1.728560e-03
1.731802e-03
1.735047e-03
1.738295e-03
1.741546e-03
1.744800e-03
1.748057e-03
1.751317e-03
1.754580e-03
1.757846e-03
1.761116e-03
1.764388e-03
1.767663e-03
1.770941e-03
1.774223e-03
1.777507e-03
1.780795e-03
1.784085e-03
1.787379e-03
1.790675e-03
1.793975e-03
1.797277e-03
1.800583e-03
1.803892e-03
1.807203e-03
1.810518e-03
1.813836e-03
1.817157e-03
1.820480e-03
1.823807e-03
1.827137e-03
1.830470e-03
1.833806e-03
1.837145e-03
1.840487e-03
1.843832e-03
1.847180e-03
1.850531e-03
1.853886e-03
1.857243e-03
1.860603e-03
1.863966e-03
1.867333e-03
1.870702e-03
1.874074e-03
1.877450e-03
1.880828e-03
1.884210e-03
1.887594e-03
1.890982e-03
1.894372e-03
1.897766e-03
1.901162e-03
1.904562e-03
1.907965e-03
1.911371e-03
1.914779e-03
1.918191e-03
1.921606e-03
1.925024e-03
1.928445e-03
1.931869e-03
1.935296e-03
1.938726e-03
1.942159e-03
1.945595e-03
1.949034e-03
1.952476e-03
1.955921e-03
1.959370e-03
1.962821e-03
1.966275e-03
1.969732e-03
1.973193e-03
1.976656e-03
1.980123e-03
1.983592e-03
1.987064e-03
1.990540e-03
1.994019e-03
1.997500e-03
2.000985e-03
2.004472e-03
2.007963e-03
2.011457e-03
2.014954e-03
2.018453e-03
2.021956e-03
2.025462e-03
2.028971e-03
2.032483e-03
2.035998e-03
2.039516e-03
2.043037e-03
2.046561e-03
2.050088e-03
2.053618e-03
2.057151e-03
2.060688e-03
2.064227e-03
2.067769e-03
2.071314e-03
2.074863e-03
2.078414e-03
2.081968e-03
2.085526e-03
2.089086e-03
2.092650e-03
2.096216e-03
2.099786e-03
2.103359e-03
2.106934e-03
2.110513e-03
2.114095e-03
2.117679e-03
2.121267e-03
2.124858e-03
2.128452e-03
2.132049e-03
2.135648e-03
2.139251e-03
2.142857e-03
2.146466e-03
2.150078e-03
2.153694e-03
2.157312e-03
2.160933e-03
2.164557e-03
2.168184e-03
2.171814e-03
2.175448e-03
2.179084e-03
2.182723e-03
2.186366e-03
2.190011e-03
2.193660e-03
2.197311e-03
2.200966e-03
2.204623e-03
2.208284e-03
2.211947e-03
2.215614e-03
2.219284e-03
2.222956e-03
2.226632e-03
2.230311e-03
2.233993e-03
2.237678e-03
2.241366e-03
2.245056e-03
2.248750e-03
2.252447e-03
2.256147e-03
2.259850e-03
2.263557e-03
2.267266e-03
2.270978e-03
2.274693e-03
2.278411e-03
2.282132e-03
2.285857e-03
2.289584e-03
2.293314e-03
2.297048e-03
2.300784e-03
2.304524e-03
2.308266e-03
2.312012e-03
2.315760e-03
2.319512e-03
2.323267e-03
2.327024e-03
2.330785e-03
2.334549e-03
2.338315e-03
2.342085e-03
2.345858e-03
2.349634e-03
2.353413e-03
2.357195e-03
2.360980e-03
2.364768e-03
2.368559e-03
2.372353e-03
2.376150e-03
2.379950e-03
2.383753e-03
2.387559e-03
2.391369e-03
2.395181e-03
2.398996e-03
2.402815e-03
2.406636e-03
2.410460e-03
2.414288e-03
2.418118e-03
2.421952e-03
2.425788e-03
2.429628e-03
2.433471e-03
2.437316e-03
2.441165e-03
2.445017e-03
2.448871e-03
2.452729e-03
2.456590e-03
2.460454e-03
2.464321e-03
2.468191e-03
2.472064e-03
2.475940e-03
2.479819e-03
2.483701e-03
2.487586e-03
2.491474e-03
2.495365e-03
2.499259e-03
2.503156e-03
2.507057e-03
2.510960e-03
2.514866e-03
2.518776e-03
2.522688e-03
2.526603e-03
2.530522e-03
2.534443e-03
2.538368e-03
2.542295e-03
2.546226e-03
2.550160e-03
2.554096e-03
2.558036e-03
2.561979e-03
2.565924e-03
2.569873e-03
2.573825e-03
2.577780e-03
2.581738e-03
2.585699e-03
2.589663e-03
2.593630e-03
2.597600e-03
2.601573e-03
2.605549e-03
2.609528e-03
2.613510e-03
2.617495e-03
2.621484e-03
2.625475e-03
2.629469e-03
2.633467e-03
2.637467e-03
2.641470e-03
2.645477e-03
2.649486e-03
2.653499e-03
2.657514e-03
2.661533e-03
2.665554e-03
2.669579e-03
2.673607e-03
2.677637e-03
2.681671e-03
2.685708e-03
2.689748e-03
2.693791e-03
2.697837e-03
2.701885e-03
2.705937e-03
2.709992e-03
2.714050e-03
2.718111e-03
2.722176e-03
2.726243e-03
2.730313e-03
2.734386e-03
2.738462e-03
2.742541e-03
2.746624e-03
2.750709e-03
2.754797e-03
2.758889e-03
2.762983e-03
2.767081e-03
2.771181e-03
2.775285e-03
2.779391e-03
2.783501e-03
2.787613e-03
2.791729e-03
2.795848e-03
2.799969e-03
2.804094e-03
2.808222e-03
2.812353e-03
2.816487e-03
2.820624e-03
2.824763e-03
2.828906e-03
2.833052e-03
2.837201e-03
2.841353e-03
2.845509e-03
2.849667e-03
2.853828e-03
2.857992e-03
2.862159e-03
2.866330e-03
2.870503e-03
2.874679e-03
2.878859e-03
2.883041e-03
2.887226e-03
2.891415e-03
2.895606e-03
2.899801e-03
2.903998e-03
2.908199e-03
2.912403e-03
2.916609e-03
2.920819e-03
2.925032e-03
2.929248e-03
2.933466e-03
2.937688e-03
2.941913e-03
2.946141e-03
2.950372e-03
2.954606e-03
2.958843e-03
2.963083e-03
2.967326e-03
2.971572e-03
2.975821e-03
2.980073e-03
2.984329e-03
2.988587e-03
2.992848e-03
2.997112e-03
3.001380e-03
3.005650e-03
3.009924e-03
3.014200e-03
3.018479e-03
3.022762e-03
3.027048e-03
3.031336e-03
3.035628e-03
3.039922e-03
3.044220e-03
3.048521e-03
3.052825e-03
3.057131e-03
3.061441e-03
3.065754e-03
3.070070e-03
3.074389e-03
3.078711e-03
3.083036e-03
3.087364e-03
3.091695e-03
3.096029e-03
3.100366e-03
3.104706e-03
3.109049e-03
3.113396e-03
3.117745e-03
3.122097e-03
3.126452e-03
3.130811e-03
3.135172e-03
3.139537e-03
3.143904e-03
3.148275e-03
3.152648e-03
3.157025e-03
3.161404e-03
3.165787e-03
3.170173e-03
3.174561e-03
3.178953e-03
3.183348e-03
3.187746e-03
3.192146e-03
3.196550e-03
3.200957e-03
3.205367e-03
3.209780e-03
3.214196e-03
3.218615e-03
3.223037e-03
3.227462e-03
3.231890e-03
3.236322e-03
3.240756e-03
3.245193e-03
3.249633e-03
3.254077e-03
3.258523e-03
3.262972e-03
3.267425e-03
3.271880e-03
3.276339e-03
3.280800e-03
3.285265e-03
3.289732e-03
3.294203e-03
3.298676e-03
3.303153e-03
3.307633e-03
3.312116e-03
3.316601e-03
3.321090e-03
3.325582e-03
3.330077e-03
3.334575e-03
3.339076e-03
3.343580e-03
3.348087e-03
3.352597e-03
3.357110e-03
3.361626e-03
3.366145e-03
3.370667e-03
3.375192e-03
3.379721e-03
3.384252e-03
3.388786e-03
3.393324e-03
3.397864e-03
3.402408e-03
3.406954e-03
3.411503e-03
3.416056e-03
3.420612e-03
3.425170e-03
3.429732e-03
3.434296e-03
3.438864e-03
3.443435e-03
3.448009e-03
3.452585e-03
3.457165e-03
3.461748e-03
3.466334e-03
3.470923e-03
3.475515e-03
3.480110e-03
3.484708e-03
3.489309e-03
3.493913e-03
3.498520e-03
3.503130e-03
3.507743e-03
3.512360e-03
3.516979e-03
3.521601e-03
3.526227e-03
3.530855e-03
3.535486e-03
3.540121e-03
3.544758e-03
3.549399e-03
3.554042e-03
3.558689e-03
3.563338e-03
3.567991e-03
3.572647e-03
3.576641e-03
3.580620e-03
3.584583e-03
3.588532e-03
3.592465e-03
3.596384e-03
3.600287e-03
3.604175e-03
3.608048e-03
3.611906e-03
3.615748e-03
3.619576e-03
3.623388e-03
3.627185e-03
3.630968e-03
3.634735e-03
3.638487e-03
3.642223e-03
3.645945e-03
3.649651e-03
3.653343e-03
3.657019e-03
3.660680e-03
3.664326e-03
3.667957e-03
3.671573e-03
3.675173e-03
3.678759e-03
3.682329e-03
3.685884e-03
3.689425e-03
3.692950e-03
3.696459e-03
3.699954e-03
3.703434e-03
3.706898e-03
3.710347e-03
3.713782e-03
3.717201e-03
3.720605e-03
3.723993e-03
3.727367e-03
3.730726e-03
3.734069e-03
3.737397e-03
3.740711e-03
3.744009e-03
3.747292e-03
3.750559e-03
3.753812e-03
3.757049e-03
3.760272e-03
3.763479e-03
3.766671e-03
3.769848e-03
3.773010e-03
3.776157e-03
3.779289e-03
3.782405e-03
3.785506e-03
3.788593e-03
3.791664e-03
3.794720e-03
3.797761e-03
3.800786e-03
3.803797e-03
3.806792e-03
3.809773e-03
3.812738e-03
3.815688e-03
3.818623e-03
3.821543e-03
3.824447e-03
3.827337e-03
3.830211e-03
3.833071e-03
3.835915e-03
3.838744e-03
3.841558e-03
3.844357e-03
3.847140e-03
3.849909e-03
3.852662e-03
3.855401e-03
3.858124e-03
3.860832e-03
3.863525e-03
3.866202e-03
3.868865e-03
3.871512e-03
3.874145e-03
3.876762e-03
3.879364e-03
3.881951e-03
3.884523e-03
3.887080e-03
3.889621e-03
3.892148e-03
3.894659e-03
3.897155e-03
3.899637e-03
3.902102e-03
3.904553e-03
3.906989e-03
3.909410e-03
3.911815e-03
3.914205e-03
3.916581e-03
3.918941e-03
3.921286e-03
3.923615e-03
3.925930e-03
3.928230e-03
3.930514e-03
3.932783e-03
3.935037e-03
3.937276e-03
3.939500e-03
3.941709e-03
3.943903e-03
3.946081e-03
3.948245e-03
3.950393e-03
3.952526e-03
3.954644e-03
3.956747e-03
3.958835e-03
3.960907e-03
3.962965e-03
3.965007e-03
3.967034e-03
3.969046e-03
3.971043e-03
3.973025e-03
3.974992e-03
3.976944e-03
3.978880e-03
3.980801e-03
3.982708e-03
3.984599e-03
3.986475e-03
3.988335e-03
3.990181e-03
3.992012e-03
3.993827e-03
3.995627e-03
3.997412e-03
3.999183e-03
4.000937e-03
4.002677e-03
4.004402e-03
4.006111e-03
4.007806e-03
4.009485e-03
4.011149e-03
4.012798e-03
4.014432e-03
4.016051e-03
4.017654e-03
4.019243e-03
4.020816e-03
4.022375e-03
4.023918e-03
4.025446e-03
4.026959e-03
4.028456e-03
4.029939e-03
4.031406e-03
4.032859e-03
4.034296e-03
4.035718e-03
4.037125e-03
4.038517e-03
4.039893e-03
4.041255e-03
4.042601e-03
4.043933e-03
4.045249e-03
4.046550e-03
4.047836e-03
4.049107e-03
4.050362e-03
4.051603e-03
4.052828e-03
4.054039e-03
4.055234e-03
4.056414e-03
4.057579e-03
4.058728e-03
4.059863e-03
4.060983e-03
4.062087e-03
4.063176e-03
4.064250e-03
4.065309e-03
4.066353e-03
4.067382e-03
4.068395e-03
4.069394e-03
4.070377e-03
4.071345e-03
4.072299e-03
4.073237e-03
4.074159e-03
4.075067e-03
4.075960e-03
4.076837e-03
4.077699e-03
4.078547e-03
4.079379e-03
4.080196e-03
4.080997e-03
4.081784e-03
4.082556e-03
4.083312e-03
4.084053e-03
4.084780e-03
4.085491e-03
4.086186e-03
4.086867e-03
4.087533e-03
4.088183e-03
4.088819e-03
4.089439e-03
4.090044e-03
4.090634e-03
4.091209e-03
4.091769e-03
4.092313e-03
4.092843e-03
4.093357e-03
4.093856e-03
4.094341e-03
4.094810e-03
4.095263e-03
4.095702e-03
4.096126e-03
4.096534e-03
4.096927e-03
4.097306e-03
4.097669e-03
4.098017e-03
4.098350e-03
4.098667e-03
4.098970e-03
4.099257e-03
4.099529e-03
4.099787e-03
4.100029e-03
4.100256e-03
4.100467e-03
4.100664e-03
4.100846e-03
4.101012e-03
4.101163e-03
4.101299e-03
4.101420e-03
4.101526e-03
4.101617e-03
4.101693e-03
4.101753e-03
4.101799e-03
4.101829e-03
4.101844e-03
4.101844e-03
4.101829e-03
4.101798e-03
4.101753e-03
4.101693e-03
4.101617e-03
4.101526e-03
4.101420e-03
4.101299e-03
4.101163e-03
4.101012e-03
4.100845e-03
4.100664e-03
4.100467e-03
4.100255e-03
4.100028e-03
4.099786e-03
4.099529e-03
4.099257e-03
4.098969e-03
4.098667e-03
4.098349e-03
4.098016e-03
4.097668e-03
4.097305e-03
4.096927e-03
4.096533e-03
4.096125e-03
4.095701e-03
4.095262e-03
4.094809e-03
4.094340e-03
4.093855e-03
4.093356e-03
4.092842e-03
4.092312e-03
4.091990e-03
4.091990e-03
4.091990e-03
4.091990e-03
4.091990e-03
4.091990e-03
4.091990e-03
4.091990e-03
4.091990e-03
4.091990e-03
4.091990e-03
4.091990e-03
4.091990e-03
4.091990e-03
4.091990e-03
4.091990e-03
4.091990e-03
4.091990e-03
4.091990e-03
4.091990e-03
4.091990e-03
4.091990e-03
4.091990e-03
4.091990e-03
4.091990e-03
4.091990e-03
4.091990e-03
4.091990e-03
4.091990e-03
4.091990e-03
4.091990e-03
4.091990e-03
4.091990e-03
4.091990e-03
4.091990e-03
4.091990e-03
4.091990e-03
4.091990e-03
4.091990e-03
4.091990e-03
4.091990e-03
4.091990e-03
4.091990e-03
4.091990e-03
4.091990e-03
4.091990e-03
4.091990e-03
4.091990e-03
4.091990e-03
4.091990e-03
4.091990e-03
4.091990e-03
4.091990e-03
4.091990e-03
4.091990e-03
4.091990e-03
4.091990e-03
4.091990e-03
4.091990e-03
4.091990e-03
4.091990e-03
4.091990e-03
4.091990e-03
4.091990e-03
4.091990e-03
4.091990e-03
4.091990e-03
4.091990e-03
4.091990e-03
4.091990e-03
4.091990e-03
4.091990e-03
4.091990e-03
4.091990e-03
4.091990e-03
4.091990e-03
4.091990e-03
4.091990e-03
4.091990e-03
4.091990e-03
4.091990e-03
4.091990e-03
4.091990e-03
4.091990e-03
4.091990e-03
4.091990e-03
4.091990e-03
4.091990e-03
4.091990e-03
4.091990e-03
4.091990e-03
4.091990e-03
4.091990e-03
4.091990e-03
4.091990e-03
4.091990e-03
4.091990e-03
4.091990e-03
4.091990e-03
4.091990e-03
4.091990e-03
4.091990e-03
4.091990e-03
4.091990e-03
4.091990e-03
4.091990e-03
4.091990e-03
4.091990e-03
4.091990e-03
4.091990e-03
4.091990e-03
4.091990e-03
4.091990e-03
4.091990e-03
4.091990e-03
4.091990e-03
4.091990e-03
4.091990e-03
4.091990e-03
4.091990e-03
4.091990e-03
4.091990e-03
4.091990e-03
4.091990e-03
4.091990e-03
4.091990e-03
4.091990e-03
4.091990e-03
4.091990e-03
4.091990e-03
4.091990e-03
4.091990e-03
4.091990e-03
4.091990e-03
4.091990e-03
4.091990e-03
4.091990e-03
4.091990e-03
4.091990e-03
4.091990e-03
4.091990e-03
4.091990e-03
4.091990e-03
4.091990e-03
4.091990e-03
4.091990e-03
4.091990e-03
4.091990e-03
4.091990e-03
4.091990e-03
4.091990e-03
4.091990e-03
4.091990e-03
4.091990e-03
4.091990e-03
4.091990e-03
4.091990e-03
4.091990e-03
4.091990e-03
4.091990e-03
4.091990e-03
4.091990e-03
4.091990e-03
4.091990e-03
4.091990e-03
4.091990e-03
4.091990e-03
4.091990e-03
4.091990e-03
4.091990e-03
4.091990e-03
4.091990e-03
4.091990e-03
4.091990e-03
4.091990e-03
4.091990e-03
4.091990e-03
4.091990e-03
4.091990e-03
4.091990e-03
4.091990e-03
4.091990e-03
4.091990e-03
4.091990e-03
4.091990e-03
4.091990e-03
4.091990e-03
4.091990e-03
4.091990e-03
4.091990e-03
4.091990e-03
4.091990e-03
4.091990e-03
4.091990e-03
4.091990e-03
4.091990e-03
4.091990e-03
4.091990e-03
4.091990e-03
4.091990e-03
4.091990e-03
