0.000000e+00
1.110371e-07
2.253400e-07
3.429086e-07
4.637431e-07
5.878434e-07
7.152095e-07
8.458413e-07
9.797390e-07
1.116902e-06
1.257332e-06
1.401027e-06
1.547988e-06
1.698214e-06
1.851707e-06
2.008465e-06
2.168489e-06
2.331779e-06
2.498334e-06
2.668156e-06
2.841243e-06
3.017596e-06
3.197215e-06
3.380100e-06
3.566250e-06
3.755666e-06
3.948348e-06
4.144296e-06
4.343510e-06
4.545989e-06
4.751734e-06
4.960745e-06
5.173022e-06
5.388564e-06
5.607373e-06
5.829447e-06
6.054787e-06
6.283393e-06
6.515264e-06
6.750402e-06
6.988805e-06
7.230474e-06
7.475409e-06
7.723609e-06
7.975075e-06
8.229808e-06
8.487806e-06
8.749069e-06
9.013599e-06
9.281394e-06
9.552455e-06
9.826782e-06
1.010437e-05
1.038523e-05
1.066936e-05
1.095675e-05
1.124740e-05
1.154133e-05
1.183851e-05
1.213897e-05
1.244269e-05
1.274967e-05
1.305992e-05
1.337344e-05
1.369022e-05
1.401027e-05
1.433358e-05
1.466016e-05
1.499001e-05
1.532312e-05
1.565949e-05
1.599914e-05
1.634205e-05
1.668822e-05
1.703766e-05
1.739037e-05
1.774634e-05
1.810558e-05
1.846808e-05
1.883385e-05
1.920288e-05
1.957519e-05
1.995075e-05
2.032958e-05
2.071168e-05
2.109705e-05
2.148568e-05
2.187757e-05
2.227273e-05
2.267116e-05
2.307285e-05
2.347781e-05
2.388604e-05
2.429753e-05
2.471228e-05
2.513031e-05
2.555159e-05
2.597615e-05
2.640397e-05
2.683505e-05
2.726940e-05
2.770702e-05
2.814790e-05
2.859205e-05
2.903946e-05
2.949014e-05
2.994409e-05
3.040130e-05
3.086178e-05
3.132552e-05
3.179253e-05
3.226281e-05
3.273635e-05
3.321315e-05
3.369322e-05
3.417656e-05
3.466317e-05
3.515304e-05
3.564617e-05
3.614257e-05
3.664224e-05
3.714517e-05
3.765137e-05
3.816083e-05
3.867356e-05
3.918956e-05
3.970882e-05
4.023135e-05
4.075714e-05
4.128620e-05
4.181853e-05
4.235412e-05
4.289297e-05
4.343510e-05
4.398048e-05
4.452914e-05
4.508106e-05
4.563624e-05
4.619469e-05
4.675641e-05
4.732139e-05
4.788964e-05
4.846116e-05
4.903594e-05
4.961398e-05
5.019529e-05
5.077987e-05
5.136772e-05
5.195882e-05
5.255320e-05
5.315084e-05
5.375175e-05
5.435592e-05
5.496336e-05
5.557406e-05
5.618803e-05
5.680527e-05
5.742577e-05
5.804954e-05
5.867657e-05
5.930687e-05
5.994043e-05
6.057726e-05
6.121736e-05
6.186072e-05
6.250735e-05
6.315724e-05
6.381040e-05
6.446683e-05
6.512652e-05
6.578947e-05
6.645570e-05
6.712518e-05
6.779794e-05
6.847396e-05
6.915324e-05
6.983580e-05
7.052161e-05
7.121070e-05
7.190305e-05
7.259866e-05
7.329754e-05
7.399969e-05
7.470510e-05
7.541378e-05
7.612572e-05
7.684093e-05
7.755940e-05
7.828115e-05
7.900615e-05
7.973443e-05
8.046596e-05
8.120077e-05
8.193884e-05
8.268017e-05
8.342478e-05
8.417264e-05
8.492378e-05
8.567818e-05
8.643584e-05
8.719677e-05
8.796097e-05
8.872843e-05
8.949916e-05
9.027315e-05
9.105041e-05
9.183094e-05
9.261473e-05
9.340178e-05
9.419211e-05
9.498570e-05
9.578255e-05
9.658267e-05
9.738606e-05
9.819271e-05
9.900263e-05
9.981581e-05
1.006323e-04
1.014520e-04
1.022750e-04
1.031012e-04
1.039307e-04
1.047635e-04
1.055995e-04
1.064388e-04
1.072814e-04
1.081273e-04
1.089764e-04
1.098287e-04
1.106844e-04
1.115433e-04
1.124055e-04
1.132709e-04
1.141396e-04
1.150116e-04
1.158868e-04
1.167653e-04
1.176471e-04
1.185321e-04
1.194204e-04
1.203119e-04
1.212068e-04
1.221049e-04
1.230062e-04
1.239109e-04
1.248187e-04
1.257299e-04
1.266443e-04
1.275620e-04
1.284830e-04
1.294072e-04
1.303347e-04
1.312654e-04
1.321994e-04
1.331367e-04
1.340773e-04
1.350211e-04
1.359682e-04
1.369185e-04
1.378721e-04
1.388290e-04
1.397892e-04
1.407526e-04
1.417192e-04
1.426892e-04
1.436624e-04
1.446389e-04
1.456186e-04
1.466016e-04
1.475879e-04
1.485774e-04
1.495702e-04
1.505663e-04
1.515656e-04
1.525682e-04
1.535741e-04
1.545832e-04
1.555956e-04
1.566113e-04
1.576302e-04
1.586524e-04
1.596779e-04
1.607066e-04
1.617386e-04
1.627738e-04
1.638124e-04
1.648541e-04
1.658992e-04
1.669475e-04
1.679991e-04
1.690540e-04
1.701121e-04
1.711735e-04
1.722381e-04
1.733060e-04
1.743772e-04
1.754517e-04
1.765294e-04
1.776104e-04
1.786946e-04
1.797821e-04
1.808729e-04
1.819669e-04
1.830642e-04
1.841648e-04
1.852686e-04
1.863757e-04
1.874861e-04
1.885998e-04
1.897167e-04
1.908368e-04
1.919603e-04
1.930870e-04
1.942169e-04
1.953502e-04
1.964867e-04
1.976264e-04
1.987694e-04
1.999157e-04
2.010653e-04
2.022181e-04
2.033742e-04
2.045336e-04
2.056962e-04
2.068621e-04
2.080312e-04
2.092037e-04
2.103794e-04
2.115583e-04
2.127405e-04
2.139260e-04
2.151148e-04
2.163068e-04
2.175021e-04
2.187006e-04
2.199024e-04
2.211075e-04
2.223158e-04
2.235275e-04
2.247423e-04
2.259605e-04
2.271819e-04
2.284066e-04
2.296345e-04
2.308657e-04
2.321002e-04
2.333379e-04
2.345789e-04
2.358232e-04
2.370707e-04
2.383215e-04
2.395756e-04
2.408329e-04
2.420935e-04
2.433574e-04
2.446245e-04
2.458949e-04
2.471686e-04
2.484455e-04
2.497257e-04
2.510091e-04
2.522959e-04
2.535858e-04
2.548791e-04
2.561756e-04
2.574754e-04
2.587785e-04
2.600848e-04
2.613944e-04
2.627072e-04
2.640233e-04
2.653427e-04
2.666654e-04
2.679913e-04
2.693205e-04
2.706529e-04
2.719886e-04
2.733276e-04
2.746698e-04
2.760153e-04
2.773641e-04
2.787162e-04
2.800715e-04
2.814300e-04
2.827919e-04
2.841570e-04
2.855253e-04
2.868970e-04
2.882719e-04
2.896500e-04
2.910315e-04
2.924162e-04
2.938041e-04
2.951954e-04
2.965899e-04
2.979876e-04
2.993886e-04
3.007929e-04
3.022005e-04
3.036113e-04
3.050254e-04
3.064428e-04
3.078634e-04
3.092873e-04
3.107144e-04
3.121448e-04
3.135785e-04
3.150155e-04
3.164557e-04
3.178992e-04
3.193459e-04
3.207959e-04
3.222492e-04
3.237058e-04
3.251656e-04
3.266287e-04
3.280950e-04
3.295646e-04
3.310375e-04
3.325136e-04
3.339930e-04
3.354757e-04
3.369616e-04
3.384508e-04
3.399433e-04
3.414390e-04
3.429380e-04
3.444403e-04
3.459458e-04
3.474546e-04
3.489667e-04
3.504820e-04
3.520006e-04
3.535225e-04
3.550476e-04
3.565760e-04
3.581077e-04
3.596426e-04
3.611808e-04
3.627222e-04
3.642670e-04
3.658149e-04
3.673662e-04
3.689207e-04
3.704785e-04
3.720396e-04
3.736039e-04
3.751715e-04
3.767423e-04
3.783164e-04
3.798938e-04
3.814744e-04
3.830584e-04
3.846455e-04
3.862360e-04
3.878297e-04
3.894267e-04
3.910269e-04
3.926304e-04
3.942372e-04
3.958472e-04
3.974605e-04
3.990771e-04
4.006969e-04
4.023200e-04
4.039464e-04
4.055760e-04
4.072089e-04
4.088451e-04
4.104845e-04
4.121272e-04
4.137732e-04
4.154224e-04
4.170749e-04
4.187307e-04
4.203897e-04
4.220520e-04
4.237175e-04
4.253863e-04
4.270584e-04
4.287338e-04
4.304124e-04
4.320943e-04
4.337794e-04
4.354679e-04
4.371595e-04
4.388545e-04
4.405527e-04
4.422542e-04
4.439589e-04
4.456669e-04
4.473782e-04
4.490928e-04
4.508106e-04
4.525316e-04
4.542560e-04
4.559836e-04
4.577145e-04
4.594486e-04
4.611860e-04
4.629267e-04
4.646706e-04
4.664178e-04
4.681683e-04
4.699220e-04
4.716790e-04
4.734393e-04
4.752028e-04
4.769696e-04
4.787397e-04
4.805130e-04
4.822896e-04
4.840694e-04
4.858526e-04
4.876390e-04
4.894286e-04
4.912215e-04
4.930177e-04
4.948172e-04
4.966199e-04
4.984259e-04
5.002351e-04
5.020477e-04
5.038634e-04
5.056825e-04
5.075048e-04
5.093304e-04
5.111592e-04
5.129913e-04
5.148267e-04
5.166654e-04
5.185073e-04
5.203524e-04
5.222009e-04
5.240526e-04
5.259076e-04
5.277658e-04
5.296273e-04
5.314921e-04
5.333601e-04
5.352314e-04
5.371060e-04
5.389838e-04
5.408649e-04
5.427493e-04
5.446369e-04
5.465278e-04
5.484220e-04
5.503194e-04
5.522201e-04
5.541240e-04
5.560313e-04
5.579418e-04
5.598555e-04
5.617725e-04
5.636928e-04
5.656164e-04
5.675432e-04
5.694733e-04
5.714066e-04
5.733433e-04
5.752831e-04
5.772263e-04
5.791727e-04
5.811224e-04
5.830753e-04
5.850315e-04
5.869910e-04
5.889538e-04
5.909198e-04
5.928891e-04
5.948616e-04
5.968374e-04
5.988165e-04
6.007988e-04
6.027844e-04
6.047733e-04
6.067654e-04
6.087608e-04
6.107595e-04
6.127614e-04
6.147666e-04
6.167751e-04
6.187868e-04
6.208018e-04
6.228201e-04
6.248416e-04
6.268664e-04
6.288945e-04
6.309258e-04
6.329604e-04
6.349982e-04
6.370394e-04
6.390837e-04
6.411314e-04
6.431823e-04
6.452365e-04
6.472940e-04
6.493547e-04
6.514187e-04
6.534859e-04
6.555564e-04
6.576302e-04
6.597073e-04
6.617876e-04
6.638711e-04
6.659580e-04
6.680481e-04
6.701415e-04
6.722381e-04
6.743380e-04
6.764412e-04
6.785476e-04
6.806573e-04
6.827703e-04
6.848865e-04
6.870060e-04
6.891288e-04
6.912548e-04
6.933841e-04
6.955167e-04
6.976525e-04
6.997916e-04
7.019340e-04
7.040796e-04
7.062285e-04
7.083807e-04
7.105361e-04
7.126948e-04
7.148568e-04
7.170220e-04
7.191905e-04
7.213622e-04
7.235372e-04
7.257155e-04
7.278971e-04
7.300819e-04
7.322700e-04
7.344613e-04
7.366560e-04
7.388538e-04
7.410550e-04
7.432594e-04
7.454671e-04
7.476780e-04
7.498922e-04
7.521097e-04
7.543304e-04
7.565545e-04
7.587817e-04
7.610123e-04
7.632461e-04
7.654831e-04
7.677235e-04
7.699671e-04
7.722139e-04
7.744641e-04
7.767175e-04
7.789741e-04
7.812341e-04
7.834973e-04
7.857637e-04
7.880335e-04
7.903065e-04
7.925827e-04
7.948622e-04
7.971450e-04
7.994311e-04
8.017204e-04
8.040130e-04
8.063089e-04
8.086080e-04
8.109104e-04
8.132160e-04
8.155249e-04
8.178371e-04
8.201526e-04
8.224713e-04
8.247933e-04
8.271185e-04
8.294470e-04
8.317788e-04
8.341139e-04
8.364522e-04
8.387937e-04
8.411386e-04
8.434867e-04
8.458381e-04
8.481927e-04
8.505506e-04
8.529118e-04
8.552762e-04
8.576439e-04
8.600149e-04
8.623891e-04
8.647666e-04
8.671474e-04
8.695314e-04
8.719187e-04
8.743093e-04
8.767031e-04
8.791002e-04
8.815006e-04
8.839042e-04
8.863111e-04
8.887212e-04
8.911347e-04
8.935514e-04
8.959713e-04
8.983945e-04
9.008210e-04
9.032508e-04
9.056838e-04
9.081201e-04
9.105596e-04
9.130024e-04
9.154485e-04
9.178979e-04
9.203505e-04
9.228064e-04
9.252655e-04
9.277279e-04
9.301936e-04
9.326625e-04
9.351347e-04
9.376102e-04
9.400890e-04
9.425710e-04
9.450562e-04
9.475448e-04
9.500366e-04
9.525316e-04
9.550300e-04
9.575316e-04
9.600364e-04
9.625446e-04
9.650560e-04
9.675706e-04
9.700886e-04
9.726098e-04
9.751342e-04
9.776620e-04
9.801929e-04
9.827272e-04
9.852647e-04
9.878055e-04
9.903496e-04
9.928969e-04
9.954475e-04
9.980013e-04
1.000558e-03
1.003119e-03
1.005682e-03
1.008249e-03
1.010820e-03
1.013393e-03
1.015970e-03
1.018550e-03
1.021133e-03
1.023719e-03
1.026309e-03
1.028902e-03
1.031499e-03
1.034098e-03
1.036701e-03
1.039307e-03
1.041917e-03
1.044529e-03
1.047145e-03
1.049764e-03
1.052387e-03
1.055012e-03
1.057641e-03
1.060274e-03
1.062909e-03
1.065548e-03
1.068190e-03
1.070835e-03
1.073484e-03
1.076136e-03
1.078791e-03
1.081449e-03
1.084111e-03
1.086775e-03
1.089444e-03
1.092115e-03
1.094790e-03
1.097468e-03
1.100149e-03
1.102833e-03
1.105521e-03
1.108212e-03
1.110906e-03
1.113604e-03
1.116305e-03
1.119009e-03
1.121716e-03
1.124427e-03
1.127141e-03
1.129858e-03
1.132578e-03
1.135302e-03
1.138029e-03
1.140759e-03
1.143493e-03
1.146229e-03
1.148969e-03
1.151713e-03
1.154459e-03
1.157209e-03
1.159962e-03
1.162718e-03
1.165478e-03
1.168241e-03
1.171007e-03
1.173776e-03
1.176549e-03
1.179325e-03
1.182104e-03
1.184887e-03
1.187672e-03
1.190461e-03
1.193254e-03
1.196049e-03
1.198848e-03
1.201650e-03
1.204455e-03
1.207264e-03
1.210076e-03
1.212891e-03
1.215709e-03
1.218531e-03
1.221356e-03
1.224184e-03
1.227015e-03
1.229850e-03
1.232688e-03
1.235529e-03
1.238374e-03
1.241222e-03
1.244073e-03
1.246927e-03
1.249784e-03
1.252645e-03
1.255509e-03
1.258377e-03
1.261247e-03
1.264121e-03
1.266998e-03
1.269879e-03
1.272763e-03
1.275650e-03
1.278540e-03
1.281433e-03
1.284330e-03
1.287230e-03
1.290133e-03
1.293040e-03
1.295950e-03
1.298863e-03
1.301779e-03
1.304699e-03
1.307622e-03
1.310548e-03
1.313477e-03
1.316410e-03
1.319346e-03
1.322285e-03
1.325228e-03
1.328173e-03
1.331122e-03
1.334075e-03
1.337030e-03
1.339989e-03
1.342951e-03
1.345916e-03
1.348885e-03
1.351857e-03
1.354832e-03
1.357810e-03
1.360792e-03
1.363777e-03
1.366765e-03
1.369757e-03
1.372751e-03
1.375750e-03
1.378751e-03
1.381755e-03
1.384763e-03
1.387774e-03
1.390788e-03
1.393806e-03
1.396827e-03
1.399851e-03
1.402878e-03
1.405909e-03
1.408943e-03
1.411980e-03
1.415021e-03
1.418064e-03
1.421111e-03
1.424162e-03
1.427215e-03
1.430272e-03
1.433332e-03
1.436395e-03
1.439462e-03
1.442532e-03
1.445605e-03
1.448681e-03
1.451761e-03
1.454844e-03
1.457930e-03
1.461019e-03
1.464112e-03
1.467208e-03
1.470307e-03
1.473410e-03
1.476516e-03
1.479625e-03
1.482737e-03
1.485853e-03
1.488971e-03
1.492094e-03
1.495219e-03
1.498348e-03
1.501479e-03
1.504615e-03
1.507753e-03
1.510895e-03
1.514040e-03
1.517188e-03
1.520339e-03
1.523494e-03
1.526652e-03
1.529813e-03
1.532978e-03
1.536146e-03
1.539317e-03
1.542491e-03
1.545669e-03
1.548850e-03
1.552034e-03
1.555221e-03
1.558412e-03
1.561606e-03
1.564803e-03
1.568004e-03
1.571207e-03
1.574414e-03
1.577625e-03
1.580838e-03
1.584055e-03
1.587275e-03
1.590498e-03
1.593725e-03
1.596955e-03
1.600188e-03
1.603425e-03
1.606664e-03
1.609907e-03
1.613153e-03
1.616403e-03
1.619656e-03
1.622912e-03
1.626171e-03
1.629433e-03
1.632699e-03
1.635968e-03
1.639241e-03
1.642516e-03
1.645795e-03
1.649077e-03
1.652362e-03
1.655651e-03
1.658943e-03
1.662238e-03
1.665537e-03
1.668838e-03
1.672143e-03
1.675452e-03
1.678763e-03
1.682078e-03
1.685396e-03
1.688717e-03
1.692042e-03
1.695370e-03
1.698701e-03
1.702035e-03
1.705373e-03
1.708714e-03
1.712058e-03
1.715405e-03
1.718756e-03
1.722110e-03
1.725467e-03
1.728828e-03
1.732192e-03
1.735559e-03
1.738929e-03
1.742303e-03
1.745679e-03
1.749059e-03
1.752443e-03
1.755829e-03
1.759219e-03
1.762613e-03
1.766009e-03
1.769409e-03
1.772812e-03
1.776218e-03
1.779627e-03
1.783040e-03
1.786456e-03
1.789875e-03
1.793298e-03
1.796724e-03
1.800153e-03
1.803585e-03
1.807021e-03
1.810460e-03
1.813902e-03
1.817347e-03
1.820796e-03
1.824248e-03
1.827703e-03
1.831162e-03
1.834623e-03
1.838088e-03
1.841557e-03
1.845028e-03
1.848503e-03
1.851981e-03
1.855462e-03
1.858947e-03
1.862435e-03
1.865926e-03
1.869420e-03
1.872918e-03
1.876419e-03
1.879923e-03
1.883431e-03
1.886941e-03
1.890455e-03
1.893973e-03
1.897493e-03
1.901017e-03
1.904544e-03
1.908074e-03
1.911608e-03
1.915145e-03
1.918685e-03
1.922228e-03
1.925775e-03
1.929325e-03
1.932878e-03
1.936435e-03
1.939994e-03
1.943557e-03
1.947123e-03
1.950693e-03
1.954266e-03
1.957842e-03
1.961421e-03
1.965004e-03
1.968590e-03
1.972179e-03
1.975771e-03
1.979367e-03
1.982966e-03
1.986568e-03
1.990173e-03
1.993782e-03
1.997394e-03
2.001009e-03
2.004628e-03
2.008249e-03
2.011874e-03
2.015503e-03
2.019134e-03
2.022769e-03
2.026407e-03
2.030049e-03
2.033693e-03
2.037341e-03
2.040992e-03
2.044647e-03
2.048304e-03
2.051965e-03
2.055630e-03
2.059297e-03
2.062968e-03
2.066642e-03
2.070319e-03
2.074000e-03
2.077684e-03
2.081371e-03
2.085061e-03
2.088755e-03
2.092451e-03
2.096152e-03
2.099855e-03
2.103562e-03
2.107272e-03
2.110985e-03
2.114701e-03
2.118421e-03
2.122144e-03
2.125870e-03
2.129600e-03
2.133333e-03
2.137069e-03
2.140808e-03
2.144551e-03
2.148297e-03
2.152046e-03
2.155798e-03
2.159554e-03
2.163313e-03
2.167075e-03
2.170840e-03
2.174609e-03
2.178381e-03
2.182156e-03
2.185935e-03
2.189717e-03
2.193502e-03
2.197290e-03
2.201082e-03
2.204876e-03
2.208675e-03
2.212476e-03
2.216281e-03
2.220089e-03
2.223900e-03
2.227714e-03
2.231532e-03
2.235353e-03
2.239177e-03
2.243005e-03
2.246835e-03
2.250669e-03
2.254507e-03
2.258347e-03
2.262191e-03
2.266038e-03
2.269889e-03
2.273742e-03
2.277599e-03
2.281459e-03
2.285323e-03
2.289190e-03
2.293060e-03
2.296933e-03
2.300809e-03
2.304689e-03
2.308572e-03
2.312458e-03
2.316348e-03
2.320241e-03
2.324137e-03
2.328036e-03
2.331939e-03
2.335845e-03
2.339754e-03
2.343666e-03
2.347582e-03
2.351501e-03
2.355423e-03
2.359349e-03
2.363277e-03
2.367209e-03
2.371145e-03
2.375083e-03
2.379025e-03
2.382970e-03
2.386919e-03
2.390870e-03
2.394825e-03
2.398783e-03
2.402745e-03
2.406709e-03
2.410677e-03
2.414648e-03
2.418623e-03
2.422601e-03
2.426582e-03
2.430566e-03
2.434553e-03
2.438544e-03
2.442538e-03
2.446536e-03
2.450536e-03
2.454540e-03
2.458547e-03
2.462558e-03
2.466571e-03
2.470588e-03
2.474608e-03
2.478632e-03
2.482659e-03
2.486689e-03
2.490722e-03
2.494758e-03
2.498798e-03
2.502841e-03
2.506888e-03
2.510937e-03
2.514990e-03
2.519046e-03
2.523106e-03
2.527168e-03
2.531234e-03
2.535303e-03
2.539376e-03
2.543451e-03
2.547530e-03
2.551613e-03
2.555698e-03
2.559787e-03
2.563879e-03
2.567974e-03
2.572073e-03
2.576175e-03
2.580280e-03
2.584388e-03
2.588500e-03
2.592615e-03
2.596733e-03
2.600854e-03
2.604979e-03
2.609107e-03
2.613238e-03
2.617373e-03
2.621510e-03
2.625652e-03
2.629796e-03
2.633943e-03
2.638094e-03
2.642248e-03
2.646406e-03
2.650566e-03
2.654730e-03
2.658897e-03
2.663068e-03
2.667241e-03
2.671418e-03
2.675599e-03
2.679782e-03
2.683969e-03
2.688159e-03
2.692352e-03
2.696549e-03
2.700749e-03
2.704952e-03
2.709158e-03
2.713368e-03
2.717580e-03
2.721797e-03
2.726016e-03
2.730239e-03
2.734465e-03
2.738694e-03
2.742926e-03
2.747162e-03
2.751401e-03
2.755643e-03
2.759889e-03
2.764138e-03
2.768390e-03
2.772645e-03
2.776904e-03
2.781165e-03
2.785431e-03
2.789699e-03
2.793971e-03
2.798246e-03
2.802524e-03
2.806805e-03
2.811090e-03
2.815378e-03
2.819669e-03
2.823964e-03
2.828262e-03
2.832563e-03
2.836867e-03
2.841175e-03
2.845485e-03
2.849799e-03
2.854117e-03
2.858438e-03
2.862761e-03
2.867089e-03
2.871419e-03
2.875753e-03
2.880090e-03
2.884430e-03
2.888773e-03
2.893120e-03
2.897470e-03
2.901824e-03
2.906180e-03
2.910540e-03
2.914903e-03
2.919270e-03
2.923639e-03
2.928012e-03
2.932388e-03
2.936768e-03
2.941150e-03
2.945536e-03
2.949926e-03
2.954318e-03
2.958714e-03
2.963113e-03
2.967515e-03
2.971921e-03
2.976330e-03
2.980742e-03
2.985157e-03
2.989576e-03
2.993997e-03
2.998423e-03
3.002851e-03
3.007283e-03
3.011718e-03
3.016156e-03
3.020597e-03
3.025042e-03
3.029490e-03
3.033941e-03
3.038396e-03
3.042854e-03
3.047315e-03
3.051779e-03
3.056247e-03
3.060718e-03
3.065192e-03
3.069669e-03
3.074150e-03
3.078634e-03
3.083121e-03
3.087612e-03
3.092105e-03
3.096602e-03
3.101103e-03
3.105606e-03
3.110113e-03
3.114623e-03
3.119136e-03
3.123653e-03
3.128173e-03
3.132696e-03
3.137222e-03
3.141752e-03
3.146285e-03
3.150821e-03
3.155360e-03
3.159903e-03
3.164449e-03
3.168998e-03
3.173551e-03
3.178107e-03
3.182666e-03
3.187228e-03
3.191794e-03
3.196363e-03
3.200935e-03
3.205510e-03
3.210089e-03
3.214671e-03
3.219256e-03
3.223844e-03
3.228436e-03
3.233031e-03
3.237629e-03
3.242231e-03
3.246835e-03
3.251443e-03
3.256055e-03
3.260669e-03
3.265287e-03
3.269908e-03
3.274533e-03
3.279160e-03
3.283791e-03
3.288425e-03
3.293063e-03
3.297703e-03
3.302347e-03
3.306995e-03
3.311645e-03
3.316299e-03
3.320956e-03
3.325616e-03
3.330280e-03
3.334947e-03
3.339617e-03
3.344290e-03
3.348967e-03
3.353647e-03
3.358330e-03
3.363016e-03
3.367706e-03
3.372399e-03
3.377095e-03
3.381794e-03
3.386497e-03
3.391203e-03
3.395913e-03
3.400625e-03
3.405341e-03
3.410060e-03
3.414782e-03
3.419508e-03
3.424237e-03
3.428969e-03
3.433704e-03
3.438443e-03
3.443185e-03
3.447930e-03
3.452679e-03
3.457430e-03
3.462185e-03
3.466944e-03
3.471705e-03
3.476470e-03
3.481238e-03
3.486009e-03
3.490784e-03
3.495562e-03
3.500343e-03
3.505127e-03
3.509915e-03
3.514706e-03
3.519500e-03
3.524298e-03
3.529098e-03
3.533902e-03
3.538709e-03
3.543520e-03
3.548334e-03
3.553151e-03
3.557971e-03
3.562795e-03
3.567622e-03
3.572452e-03
3.577285e-03
3.582122e-03
3.586962e-03
3.591805e-03
3.596651e-03
3.601501e-03
3.606354e-03
3.611210e-03
3.616070e-03
3.620932e-03
3.625798e-03
3.630668e-03
3.635540e-03
3.640416e-03
3.645295e-03
3.650178e-03
3.655063e-03
3.659952e-03
3.664844e-03
3.669740e-03
3.674638e-03
3.679540e-03
3.684446e-03
3.689354e-03
3.694266e-03
3.699181e-03
3.704099e-03
3.709021e-03
3.713946e-03
3.718874e-03
3.723805e-03
3.728740e-03
3.733678e-03
3.738619e-03
3.743563e-03
3.748511e-03
3.753462e-03
3.758416e-03
3.763373e-03
3.768334e-03
3.773298e-03
3.778265e-03
3.783236e-03
3.788210e-03
3.793187e-03
3.798167e-03
3.803151e-03
3.808138e-03
3.813128e-03
3.818121e-03
3.823118e-03
3.828118e-03
3.833121e-03
3.837463e-03
3.841788e-03
3.846097e-03
3.850390e-03
3.854667e-03
3.858927e-03
3.863171e-03
3.867399e-03
3.871610e-03
3.875805e-03
3.879984e-03
3.884147e-03
3.888293e-03
3.892423e-03
3.896537e-03
3.900634e-03
3.904715e-03
3.908780e-03
3.912829e-03
3.916861e-03
3.920877e-03
3.924877e-03
3.928860e-03
3.932827e-03
3.936778e-03
3.940713e-03
3.944631e-03
3.948533e-03
3.952419e-03
3.956288e-03
3.960142e-03
3.963978e-03
3.967799e-03
3.971603e-03
3.975391e-03
3.979163e-03
3.982918e-03
3.986658e-03
3.990380e-03
3.994087e-03
3.997777e-03
4.001451e-03
4.005109e-03
4.008751e-03
4.012376e-03
4.015985e-03
4.019577e-03
4.023153e-03
4.026713e-03
4.030257e-03
4.033785e-03
4.037296e-03
4.040791e-03
4.044269e-03
4.047732e-03
4.051178e-03
4.054607e-03
4.058021e-03
4.061418e-03
4.064799e-03
4.068163e-03
4.071512e-03
4.074844e-03
4.078159e-03
4.081459e-03
4.084742e-03
4.088009e-03
4.091259e-03
4.094494e-03
4.097712e-03
4.100913e-03
4.104099e-03
4.107268e-03
4.110421e-03
4.113558e-03
4.116678e-03
4.119782e-03
4.122870e-03
4.125941e-03
4.128996e-03
4.132035e-03
4.135058e-03
4.138064e-03
4.141054e-03
4.144028e-03
4.146985e-03
4.149926e-03
4.152851e-03
4.155760e-03
4.158652e-03
4.161528e-03
4.164388e-03
4.167231e-03
4.170058e-03
4.172869e-03
4.175664e-03
4.178442e-03
4.181204e-03
4.183950e-03
4.186679e-03
4.189393e-03
4.192089e-03
4.194770e-03
4.197434e-03
4.200082e-03
4.202714e-03
4.205329e-03
4.207929e-03
4.210512e-03
4.213078e-03
4.215628e-03
4.218162e-03
4.220680e-03
4.223182e-03
4.225667e-03
4.228136e-03
4.230588e-03
4.233025e-03
4.235445e-03
4.237848e-03
4.240236e-03
4.242607e-03
4.244962e-03
4.247300e-03
4.249623e-03
4.251929e-03
4.254218e-03
4.256492e-03
4.258749e-03
4.260990e-03
4.263215e-03
4.265423e-03
4.267615e-03
4.269791e-03
4.271950e-03
4.274093e-03
4.276220e-03
4.278331e-03
4.280425e-03
4.282503e-03
4.284565e-03
4.286610e-03
4.288639e-03
4.290652e-03
4.292649e-03
4.294629e-03
4.296593e-03
4.298541e-03
4.300472e-03
4.302388e-03
4.304286e-03
4.306169e-03
4.308035e-03
4.309885e-03
4.311719e-03
4.313537e-03
4.315338e-03
4.317123e-03
4.318891e-03
4.320644e-03
4.322380e-03
4.324099e-03
4.325803e-03
4.327490e-03
4.329161e-03
4.330815e-03
4.332454e-03
4.334076e-03
4.335681e-03
4.337271e-03
4.338844e-03
4.340401e-03
4.341942e-03
4.343466e-03
4.344974e-03
4.346466e-03
4.347941e-03
4.349400e-03
4.350843e-03
4.352270e-03
4.353680e-03
4.355074e-03
4.356452e-03
4.357813e-03
4.359158e-03
4.360487e-03
4.361800e-03
4.363096e-03
4.364376e-03
4.365640e-03
4.366888e-03
4.368119e-03
4.369334e-03
4.370532e-03
4.371715e-03
4.372881e-03
4.374030e-03
4.375164e-03
4.376281e-03
4.377382e-03
4.378466e-03
4.379535e-03
4.380587e-03
4.381622e-03
4.382642e-03
4.383645e-03
4.384632e-03
4.385603e-03
4.386557e-03
4.387495e-03
4.388417e-03
4.389322e-03
4.390211e-03
4.391084e-03
4.391941e-03
4.392781e-03
4.393605e-03
4.394413e-03
4.395204e-03
4.395980e-03
4.396738e-03
4.397481e-03
4.398207e-03
4.398917e-03
4.399611e-03
4.400289e-03
4.400950e-03
4.401595e-03
4.402223e-03
4.402836e-03
4.403432e-03
4.404011e-03
4.404575e-03
4.405122e-03
4.405653e-03
4.406168e-03
4.406666e-03
4.407148e-03
4.407614e-03
4.408063e-03
4.408496e-03
4.408913e-03
4.409314e-03
4.409698e-03
4.410066e-03
4.410418e-03
4.410753e-03
4.411073e-03
4.411375e-03
4.411662e-03
4.411932e-03
4.412186e-03
4.412424e-03
4.412646e-03
4.412851e-03
4.413040e-03
4.413212e-03
4.413369e-03
4.413509e-03
4.413632e-03
4.413740e-03
4.413831e-03
4.413906e-03
4.413965e-03
4.414007e-03
4.414033e-03
4.414043e-03
4.414036e-03
4.414013e-03
4.413974e-03
4.413919e-03
4.413847e-03
4.413759e-03
4.413655e-03
4.413534e-03
4.413398e-03
4.413245e-03
4.413075e-03
4.412890e-03
4.412688e-03
4.412469e-03
4.412235e-03
4.411984e-03
4.411717e-03
4.411433e-03
4.411134e-03
4.410818e-03
4.410486e-03
4.410137e-03
4.409772e-03
4.409391e-03
4.408994e-03
4.408580e-03
4.408150e-03
4.407704e-03
4.407241e-03
4.406763e-03
4.406267e-03
4.405756e-03
4.405228e-03
4.404907e-03
4.404907e-03
4.404907e-03
4.404907e-03
4.404907e-03
4.404907e-03
4.404907e-03
4.404907e-03
4.404907e-03
4.404907e-03
4.404907e-03
4.404907e-03
4.404907e-03
4.404907e-03
4.404907e-03
4.404907e-03
4.404907e-03
4.404907e-03
4.404907e-03
4.404907e-03
4.404907e-03
4.404907e-03
4.404907e-03
4.404907e-03
4.404907e-03
4.404907e-03
4.404907e-03
4.404907e-03
4.404907e-03
4.404907e-03
4.404907e-03
4.404907e-03
4.404907e-03
4.404907e-03
4.404907e-03
4.404907e-03
4.404907e-03
4.404907e-03
4.404907e-03
4.404907e-03
4.404907e-03
4.404907e-03
4.404907e-03
4.404907e-03
4.404907e-03
4.404907e-03
4.404907e-03
4.404907e-03
4.404907e-03
4.404907e-03
4.404907e-03
4.404907e-03
4.404907e-03
4.404907e-03
4.404907e-03
4.404907e-03
4.404907e-03
4.404907e-03
4.404907e-03
4.404907e-03
4.404907e-03
4.404907e-03
4.404907e-03
4.404907e-03
4.404907e-03
4.404907e-03
4.404907e-03
4.404907e-03
4.404907e-03
4.404907e-03
4.404907e-03
4.404907e-03
4.404907e-03
4.404907e-03
4.404907e-03
4.404907e-03
4.404907e-03
4.404907e-03
4.404907e-03
4.404907e-03
4.404907e-03
4.404907e-03
4.404907e-03
4.404907e-03
4.404907e-03
4.404907e-03
4.404907e-03
4.404907e-03
4.404907e-03
4.404907e-03
4.404907e-03
4.404907e-03
4.404907e-03
4.404907e-03
4.404907e-03
4.404907e-03
4.404907e-03
4.404907e-03
4.404907e-03
4.404907e-03
4.404907e-03
4.404907e-03
4.404907e-03
4.404907e-03
4.404907e-03
4.404907e-03
4.404907e-03
4.404907e-03
4.404907e-03
4.404907e-03
4.404907e-03
4.404907e-03
4.404907e-03
4.404907e-03
4.404907e-03
4.404907e-03
4.404907e-03
4.404907e-03
4.404907e-03
4.404907e-03
4.404907e-03
4.404907e-03
4.404907e-03
4.404907e-03
4.404907e-03
4.404907e-03
4.404907e-03
4.404907e-03
4.404907e-03
4.404907e-03
4.404907e-03
4.404907e-03
4.404907e-03
4.404907e-03
4.404907e-03
4.404907e-03
4.404907e-03
4.404907e-03
4.404907e-03
4.404907e-03
4.404907e-03
4.404907e-03
4.404907e-03
4.404907e-03
4.404907e-03
4.404907e-03
4.404907e-03
4.404907e-03
4.404907e-03
4.404907e-03
4.404907e-03
4.404907e-03
4.404907e-03
4.404907e-03
4.404907e-03
4.404907e-03
4.404907e-03
4.404907e-03
4.404907e-03
4.404907e-03
4.404907e-03
4.404907e-03
4.404907e-03
4.404907e-03
4.404907e-03
4.404907e-03
4.404907e-03
4.404907e-03
4.404907e-03
4.404907e-03
4.404907e-03
4.404907e-03
4.404907e-03
4.404907e-03
4.404907e-03
4.404907e-03
4.404907e-03
4.404907e-03
4.404907e-03
4.404907e-03
4.404907e-03
4.404907e-03
4.404907e-03
4.404907e-03
4.404907e-03
4.404907e-03
4.404907e-03
4.404907e-03
4.404907e-03
4.404907e-03
4.404907e-03
4.404907e-03
4.404907e-03
4.404907e-03
4.404907e-03
4.404907e-03
4.404907e-03
4.404907e-03
4.404907e-03
4.404907e-03
4.404907e-03
