0.000000e+00
1.110371e-07
2.307489e-07
3.591356e-07
4.961970e-07
6.419332e-07
7.963441e-07
9.594298e-07
1.131190e-06
1.311626e-06
1.500736e-06
1.698520e-06
1.904980e-06
2.120114e-06
2.343923e-06
2.576407e-06
2.817566e-06
3.067400e-06
3.325908e-06
3.593091e-06
3.868948e-06
4.153481e-06
4.446688e-06
4.748570e-06
5.059127e-06
5.378359e-06
5.706265e-06
6.042846e-06
6.388102e-06
6.742033e-06
7.104639e-06
7.475919e-06
7.855874e-06
8.244504e-06
8.641808e-06
9.047788e-06
9.462442e-06
9.885771e-06
1.031777e-05
1.075845e-05
1.120781e-05
1.166583e-05
1.213254e-05
1.260791e-05
1.309197e-05
1.358469e-05
1.408610e-05
1.459617e-05
1.511492e-05
1.564235e-05
1.617845e-05
1.672323e-05
1.727668e-05
1.783880e-05
1.840960e-05
1.898908e-05
1.957723e-05
2.017405e-05
2.077955e-05
2.139372e-05
2.201657e-05
2.264810e-05
2.328829e-05
2.393717e-05
2.459471e-05
2.526094e-05
2.593583e-05
2.661941e-05
2.731165e-05
2.801257e-05
2.872217e-05
2.944044e-05
3.016739e-05
3.090301e-05
3.164730e-05
3.240027e-05
3.316192e-05
3.393224e-05
3.471123e-05
3.549890e-05
3.629525e-05
3.710027e-05
3.791396e-05
3.873633e-05
3.956737e-05
4.040709e-05
4.125548e-05
4.211255e-05
4.297829e-05
4.385271e-05
4.473580e-05
4.562757e-05
4.652801e-05
4.743713e-05
4.835492e-05
4.928138e-05
5.021652e-05
5.116034e-05
5.211283e-05
5.307399e-05
5.404383e-05
5.502235e-05
5.600954e-05
5.700540e-05
5.800994e-05
5.902315e-05
6.004504e-05
6.107560e-05
6.211484e-05
6.316275e-05
6.421934e-05
6.528460e-05
6.635854e-05
6.744115e-05
6.853244e-05
6.963240e-05
7.074103e-05
7.185834e-05
7.298433e-05
7.411899e-05
7.526233e-05
7.641433e-05
7.757502e-05
7.874438e-05
7.992241e-05
8.110912e-05
8.230451e-05
8.350856e-05
8.472130e-05
8.594270e-05
8.717279e-05
8.841155e-05
8.965898e-05
9.091508e-05
9.217987e-05
9.345332e-05
9.473545e-05
9.602626e-05
9.732574e-05
9.863390e-05
9.995073e-05
1.012762e-04
1.026104e-04
1.039533e-04
1.053048e-04
1.066650e-04
1.080339e-04
1.094114e-04
1.107977e-04
1.121926e-04
1.135961e-04
1.150084e-04
1.164293e-04
1.178589e-04
1.192972e-04
1.207442e-04
1.221998e-04
1.236641e-04
1.251371e-04
1.266187e-04
1.281090e-04
1.296080e-04
1.311157e-04
1.326321e-04
1.341571e-04
1.356908e-04
1.372332e-04
1.387842e-04
1.403439e-04
1.419123e-04
1.434894e-04
1.450752e-04
1.466696e-04
1.482727e-04
1.498845e-04
1.515049e-04
1.531340e-04
1.547718e-04
1.564183e-04
1.580734e-04
1.597373e-04
1.614098e-04
1.630909e-04
1.647808e-04
1.664793e-04
1.681865e-04
1.699024e-04
1.716269e-04
1.733601e-04
1.751020e-04
1.768526e-04
1.786118e-04
1.803797e-04
1.821563e-04
1.839416e-04
1.857356e-04
1.875382e-04
1.893495e-04
1.911694e-04
1.929981e-04
1.948354e-04
1.966814e-04
1.985360e-04
2.003994e-04
2.022714e-04
2.041521e-04
2.060415e-04
2.079395e-04
2.098462e-04
2.117616e-04
2.136857e-04
2.156184e-04
2.175598e-04
2.195099e-04
2.214687e-04
2.234361e-04
2.254122e-04
2.273970e-04
2.293905e-04
2.313926e-04
2.334034e-04
2.354229e-04
2.374511e-04
2.394879e-04
2.415334e-04
2.435876e-04
2.456505e-04
2.477220e-04
2.498022e-04
2.518911e-04
2.539887e-04
2.560949e-04
2.582098e-04
2.603334e-04
2.624656e-04
2.646066e-04
2.667562e-04
2.689145e-04
2.710814e-04
2.732571e-04
2.754414e-04
2.776344e-04
2.798360e-04
2.820463e-04
2.842654e-04
2.864930e-04
2.887294e-04
2.909744e-04
2.932281e-04
2.954905e-04
2.977616e-04
3.000413e-04
3.023297e-04
3.046268e-04
3.069325e-04
3.092470e-04
3.115701e-04
3.139018e-04
3.162423e-04
3.185914e-04
3.209492e-04
3.233157e-04
3.256909e-04
3.280747e-04
3.304672e-04
3.328684e-04
3.352782e-04
3.376967e-04
3.401239e-04
3.425598e-04
3.450044e-04
3.474576e-04
3.499195e-04
3.523901e-04
3.548693e-04
3.573572e-04
3.598538e-04
3.623591e-04
3.648731e-04
3.673957e-04
3.699270e-04
3.724670e-04
3.750156e-04
3.775729e-04
3.801389e-04
3.827136e-04
3.852970e-04
3.878890e-04
3.904897e-04
3.930990e-04
3.957171e-04
3.983438e-04
4.009792e-04
4.036233e-04
4.062760e-04
4.089374e-04
4.116075e-04
4.142863e-04
4.169738e-04
4.196699e-04
4.223747e-04
4.250881e-04
4.278103e-04
4.305411e-04
4.332806e-04
4.360288e-04
4.387856e-04
4.415511e-04
4.443253e-04
4.471082e-04
4.498997e-04
4.526999e-04
4.555088e-04
4.583264e-04
4.611526e-04
4.639875e-04
4.668311e-04
4.696834e-04
4.725443e-04
4.754140e-04
4.782922e-04
4.811792e-04
4.840749e-04
4.869792e-04
4.898922e-04
4.928138e-04
4.957442e-04
4.986832e-04
5.016309e-04
5.045872e-04
5.075523e-04
5.105260e-04
5.135084e-04
5.164994e-04
5.194992e-04
5.225076e-04
5.255247e-04
5.285504e-04
5.315848e-04
5.346280e-04
5.376797e-04
5.407402e-04
5.438093e-04
5.468871e-04
5.499736e-04
5.530688e-04
5.561726e-04
5.592851e-04
5.624063e-04
5.655362e-04
5.686747e-04
5.718219e-04
5.749778e-04
5.781423e-04
5.813156e-04
5.844975e-04
5.876881e-04
5.908873e-04
5.940953e-04
5.973119e-04
6.005371e-04
6.037711e-04
6.070137e-04
6.102650e-04
6.135250e-04
6.167937e-04
6.200710e-04
6.233570e-04
6.266517e-04
6.299550e-04
6.332671e-04
6.365878e-04
6.399171e-04
6.432552e-04
6.466019e-04
6.499573e-04
6.533214e-04
6.566941e-04
6.600756e-04
6.634657e-04
6.668645e-04
6.702719e-04
6.736880e-04
6.771128e-04
6.805463e-04
6.839885e-04
6.874393e-04
6.908988e-04
6.943669e-04
6.978438e-04
7.013293e-04
7.048235e-04
7.083264e-04
7.118379e-04
7.153582e-04
7.188871e-04
7.224246e-04
7.259709e-04
7.295258e-04
7.330894e-04
7.366617e-04
7.402426e-04
7.438322e-04
7.474305e-04
7.510375e-04
7.546531e-04
7.582775e-04
7.619105e-04
7.655521e-04
7.692025e-04
7.728615e-04
7.765292e-04
7.802056e-04
7.838906e-04
7.875843e-04
7.912867e-04
7.949978e-04
7.987175e-04
8.024459e-04
8.061830e-04
8.099288e-04
8.136832e-04
8.174464e-04
8.212181e-04
8.249986e-04
8.287878e-04
8.325856e-04
8.363921e-04
8.402072e-04
8.440311e-04
8.478636e-04
8.517048e-04
8.555546e-04
8.594132e-04
8.632804e-04
8.671563e-04
8.710408e-04
8.749341e-04
8.788360e-04
8.827466e-04
8.866658e-04
8.905938e-04
8.945304e-04
8.984757e-04
9.024296e-04
9.063923e-04
9.103636e-04
9.143436e-04
9.183322e-04
9.223296e-04
9.263356e-04
9.303503e-04
9.343736e-04
9.384056e-04
9.424464e-04
9.464957e-04
9.505538e-04
9.546205e-04
9.586959e-04
9.627800e-04
9.668728e-04
9.709742e-04
9.750843e-04
9.792031e-04
9.833306e-04
9.874667e-04
9.916115e-04
9.957650e-04
9.999271e-04
1.004098e-03
1.008277e-03
1.012466e-03
1.016663e-03
1.020868e-03
1.025082e-03
1.029305e-03
1.033537e-03
1.037777e-03
1.042026e-03
1.046283e-03
1.050550e-03
1.054825e-03
1.059108e-03
1.063400e-03
1.067701e-03
1.072011e-03
1.076329e-03
1.080656e-03
1.084992e-03
1.089336e-03
1.093689e-03
1.098051e-03
1.102421e-03
1.106800e-03
1.111188e-03
1.115584e-03
1.119989e-03
1.124403e-03
1.128826e-03
1.133257e-03
1.137696e-03
1.142145e-03
1.146602e-03
1.151068e-03
1.155542e-03
1.160025e-03
1.164517e-03
1.169018e-03
1.173527e-03
1.178044e-03
1.182571e-03
1.187106e-03
1.191650e-03
1.196203e-03
1.200764e-03
1.205334e-03
1.209912e-03
1.214499e-03
1.219095e-03
1.223700e-03
1.228313e-03
1.232935e-03
1.237566e-03
1.242205e-03
1.246853e-03
1.251509e-03
1.256175e-03
1.260849e-03
1.265531e-03
1.270223e-03
1.274923e-03
1.279631e-03
1.284349e-03
1.289075e-03
1.293809e-03
1.298553e-03
1.303305e-03
1.308065e-03
1.312835e-03
1.317613e-03
1.322400e-03
1.327195e-03
1.331999e-03
1.336812e-03
1.341633e-03
1.346463e-03
1.351302e-03
1.356150e-03
1.361006e-03
1.365871e-03
1.370744e-03
1.375626e-03
1.380517e-03
1.385417e-03
1.390325e-03
1.395242e-03
1.400167e-03
1.405101e-03
1.410044e-03
1.414996e-03
1.419956e-03
1.424925e-03
1.429903e-03
1.434889e-03
1.439884e-03
1.444887e-03
1.449900e-03
1.454921e-03
1.459950e-03
1.464989e-03
1.470036e-03
1.475091e-03
1.480156e-03
1.485229e-03
1.490310e-03
1.495401e-03
1.500500e-03
1.505607e-03
1.510724e-03
1.515849e-03
1.520983e-03
1.526125e-03
1.531276e-03
1.536436e-03
1.541604e-03
1.546781e-03
1.551967e-03
1.557162e-03
1.562365e-03
1.567576e-03
1.572797e-03
1.578026e-03
1.583264e-03
1.588510e-03
1.593766e-03
1.599029e-03
1.604302e-03
1.609583e-03
1.614873e-03
1.620172e-03
1.625479e-03
1.630795e-03
1.636119e-03
1.641453e-03
1.646794e-03
1.652145e-03
1.657504e-03
1.662872e-03
1.668249e-03
1.673634e-03
1.679028e-03
1.684431e-03
1.689842e-03
1.695262e-03
1.700691e-03
1.706128e-03
1.711574e-03
1.717029e-03
1.722492e-03
1.727964e-03
1.733445e-03
1.738934e-03
1.744433e-03
1.749939e-03
1.755455e-03
1.760979e-03
1.766512e-03
1.772053e-03
1.777603e-03
1.783162e-03
1.788729e-03
1.794306e-03
1.799890e-03
1.805484e-03
1.811086e-03
1.816697e-03
1.822316e-03
1.827945e-03
1.833581e-03
1.839227e-03
1.844881e-03
1.850544e-03
1.856216e-03
1.861896e-03
1.867585e-03
1.873282e-03
1.878989e-03
1.884704e-03
1.890427e-03
1.896160e-03
1.901900e-03
1.907650e-03
1.913408e-03
1.919175e-03
1.924951e-03
1.930735e-03
1.936528e-03
1.942330e-03
1.948140e-03
1.953960e-03
1.959787e-03
1.965624e-03
1.971469e-03
1.977322e-03
1.983185e-03
1.989056e-03
1.994936e-03
2.000824e-03
2.006721e-03
2.012627e-03
2.018541e-03
2.024465e-03
2.030396e-03
2.036337e-03
2.042286e-03
2.048244e-03
2.054210e-03
2.060186e-03
2.066169e-03
2.072162e-03
2.078163e-03
2.084173e-03
2.090192e-03
2.096219e-03
2.102255e-03
2.108299e-03
2.114353e-03
2.120415e-03
2.126485e-03
2.132564e-03
2.138652e-03
2.144749e-03
2.150854e-03
2.156968e-03
2.163091e-03
2.169222e-03
2.175362e-03
2.181511e-03
2.187668e-03
2.193834e-03
2.200009e-03
2.206192e-03
2.212384e-03
2.218585e-03
2.224795e-03
2.231013e-03
2.237239e-03
2.243475e-03
2.249719e-03
2.255972e-03
2.262233e-03
2.268503e-03
2.274782e-03
2.281070e-03
2.287366e-03
2.293671e-03
2.299984e-03
2.306306e-03
2.312637e-03
2.318977e-03
2.325325e-03
2.331682e-03
2.338047e-03
2.344421e-03
2.350804e-03
2.357196e-03
2.363596e-03
2.370005e-03
2.376423e-03
2.382849e-03
2.389284e-03
2.395728e-03
2.402180e-03
2.408641e-03
2.415110e-03
2.421589e-03
2.428076e-03
2.434571e-03
2.441076e-03
2.447589e-03
2.454110e-03
2.460641e-03
2.467180e-03
2.473728e-03
2.480284e-03
2.486849e-03
2.493423e-03
2.500005e-03
2.506596e-03
2.513196e-03
2.519805e-03
2.526422e-03
2.533047e-03
2.539682e-03
2.546325e-03
2.552977e-03
2.559637e-03
2.566306e-03
2.572984e-03
2.579671e-03
2.586366e-03
2.593070e-03
2.599782e-03
2.606504e-03
2.613234e-03
2.619972e-03
2.626719e-03
2.633475e-03
2.640240e-03
2.647013e-03
2.653795e-03
2.660586e-03
2.667385e-03
2.674193e-03
2.681010e-03
2.687835e-03
2.694669e-03
2.701511e-03
2.708363e-03
2.715223e-03
2.722092e-03
2.728969e-03
2.735855e-03
2.742750e-03
2.749653e-03
2.756565e-03
2.763486e-03
2.770415e-03
2.777353e-03
2.784300e-03
2.791255e-03
2.798220e-03
2.805192e-03
2.812174e-03
2.819164e-03
2.826163e-03
2.833170e-03
2.840186e-03
2.847211e-03
2.854245e-03
2.861287e-03
2.868338e-03
2.875397e-03
2.882466e-03
2.889542e-03
2.896628e-03
2.903722e-03
2.910825e-03
2.917937e-03
2.925057e-03
2.932186e-03
2.939323e-03
2.946470e-03
2.953625e-03
2.960788e-03
2.967961e-03
2.975142e-03
2.982331e-03
2.989530e-03
2.996737e-03
3.003952e-03
3.011177e-03
3.018410e-03
3.025651e-03
3.032902e-03
3.040161e-03
3.047428e-03
3.054705e-03
3.061990e-03
3.069284e-03
3.076586e-03
3.083897e-03
3.091217e-03
3.098545e-03
3.105883e-03
3.113228e-03
3.120583e-03
3.127946e-03
3.135318e-03
3.142698e-03
3.150087e-03
3.157485e-03
3.164892e-03
3.172307e-03
3.179731e-03
3.187163e-03
3.194605e-03
3.202055e-03
3.209513e-03
3.216980e-03
3.224456e-03
3.231941e-03
3.239434e-03
3.246936e-03
3.254447e-03
3.261966e-03
3.269494e-03
3.277031e-03
3.284576e-03
3.292130e-03
3.299693e-03
3.307264e-03
3.314844e-03
3.322433e-03
3.330030e-03
3.337636e-03
3.345251e-03
3.352874e-03
3.360506e-03
3.368147e-03
3.375796e-03
3.383454e-03
3.391121e-03
3.398797e-03
3.406481e-03
3.414174e-03
3.421875e-03
3.429585e-03
3.437304e-03
3.445031e-03
3.452768e-03
3.460512e-03
3.468266e-03
3.476028e-03
3.483799e-03
3.491579e-03
3.499367e-03
3.507164e-03
3.514969e-03
3.522783e-03
3.530606e-03
3.538438e-03
3.546278e-03
3.554127e-03
3.561985e-03
3.569851e-03
3.577726e-03
3.585610e-03
3.593502e-03
3.601403e-03
3.609313e-03
3.617231e-03
3.625158e-03
3.633094e-03
3.641038e-03
3.648991e-03
3.656953e-03
3.664923e-03
3.672902e-03
3.680890e-03
3.688886e-03
3.696891e-03
3.704905e-03
3.712927e-03
3.720959e-03
3.728998e-03
3.737047e-03
3.745104e-03
3.753170e-03
3.761244e-03
3.769327e-03
3.777419e-03
3.785520e-03
3.793629e-03
3.801747e-03
3.809873e-03
3.818008e-03
3.826152e-03
3.834305e-03
3.842466e-03
3.850636e-03
3.858815e-03
3.867002e-03
3.875198e-03
3.883402e-03
3.891616e-03
3.899838e-03
3.908068e-03
3.916308e-03
3.924556e-03
3.932812e-03
3.941077e-03
3.949351e-03
3.957634e-03
3.965925e-03
3.974226e-03
3.982534e-03
3.990852e-03
3.999178e-03
4.007512e-03
4.015856e-03
4.024208e-03
4.032569e-03
4.040938e-03
4.049316e-03
4.057703e-03
4.066098e-03
4.074502e-03
4.082915e-03
4.091337e-03
4.099767e-03
4.108206e-03
4.116653e-03
4.125109e-03
4.133574e-03
4.142048e-03
4.150530e-03
4.159021e-03
4.167520e-03
4.176028e-03
4.184545e-03
4.193071e-03
4.201605e-03
4.210148e-03
4.218700e-03
4.227260e-03
4.235829e-03
4.244407e-03
4.252993e-03
4.261588e-03
4.270191e-03
4.278804e-03
4.287425e-03
4.296054e-03
4.304693e-03
4.313340e-03
4.321995e-03
4.330660e-03
4.339333e-03
4.348015e-03
4.356705e-03
4.365404e-03
4.374112e-03
4.382828e-03
4.391553e-03
4.400287e-03
4.409029e-03
4.417781e-03
4.426540e-03
4.435309e-03
4.444086e-03
4.452872e-03
4.461666e-03
4.470469e-03
4.479281e-03
4.488102e-03
4.496931e-03
4.505769e-03
4.514615e-03
4.523470e-03
4.532334e-03
4.541207e-03
4.550088e-03
4.558978e-03
4.567877e-03
4.576784e-03
4.585700e-03
4.594624e-03
4.603558e-03
4.612500e-03
4.621450e-03
4.630410e-03
4.639378e-03
4.648354e-03
4.657340e-03
4.666334e-03
4.675336e-03
4.684348e-03
4.693368e-03
4.702396e-03
4.711434e-03
4.720480e-03
4.729534e-03
4.738598e-03
4.747670e-03
4.756751e-03
4.765840e-03
4.774938e-03
4.784045e-03
4.793160e-03
4.802285e-03
4.811417e-03
4.820559e-03
4.829709e-03
4.838868e-03
4.848035e-03
4.857212e-03
4.866396e-03
4.875590e-03
4.884792e-03
4.894003e-03
4.903223e-03
4.912451e-03
4.921688e-03
4.930933e-03
4.940187e-03
4.949450e-03
4.958722e-03
4.968002e-03
4.977291e-03
4.986589e-03
4.995895e-03
5.005210e-03
5.014534e-03
5.023866e-03
5.033207e-03
5.042557e-03
5.051915e-03
5.061282e-03
5.070658e-03
5.080042e-03
5.089435e-03
5.098837e-03
5.108247e-03
5.117666e-03
5.127094e-03
5.136531e-03
5.145976e-03
5.155429e-03
5.164892e-03
5.174363e-03
5.183843e-03
5.193331e-03
5.202828e-03
5.212334e-03
5.221849e-03
5.231372e-03
5.240904e-03
5.250444e-03
5.259993e-03
5.269551e-03
5.279118e-03
5.288693e-03
5.298277e-03
5.307869e-03
5.317471e-03
5.327081e-03
5.336699e-03
5.346326e-03
5.355962e-03
5.365607e-03
5.375260e-03
5.384922e-03
5.394593e-03
5.404272e-03
5.413960e-03
5.423657e-03
5.433362e-03
5.443076e-03
5.452799e-03
5.462530e-03
5.472270e-03
5.482019e-03
5.491776e-03
5.501542e-03
5.511317e-03
5.521101e-03
5.530893e-03
5.540693e-03
5.550503e-03
5.560321e-03
5.570148e-03
5.579983e-03
5.589827e-03
5.599680e-03
5.609542e-03
5.619412e-03
5.629291e-03
5.639178e-03
5.649074e-03
5.658979e-03
5.668893e-03
5.678815e-03
5.688746e-03
5.698685e-03
5.708633e-03
5.718590e-03
5.728556e-03
5.738530e-03
5.748513e-03
5.758505e-03
5.768505e-03
5.778514e-03
5.788532e-03
5.798558e-03
5.808593e-03
5.818637e-03
5.828689e-03
5.838750e-03
5.848820e-03
5.858898e-03
5.868985e-03
5.879081e-03
5.889185e-03
5.899298e-03
5.909420e-03
5.919550e-03
5.929689e-03
5.939837e-03
5.949993e-03
5.960159e-03
5.970332e-03
5.980515e-03
5.990706e-03
6.000906e-03
6.011114e-03
6.021331e-03
6.031557e-03
6.041792e-03
6.052035e-03
6.062287e-03
6.072547e-03
6.082816e-03
6.093094e-03
6.103381e-03
6.113676e-03
6.123980e-03
6.134292e-03
6.144614e-03
6.154944e-03
6.165282e-03
6.175629e-03
6.185985e-03
6.196350e-03
6.206723e-03
6.217105e-03
6.227496e-03
6.237895e-03
6.248303e-03
6.258720e-03
6.269145e-03
6.279579e-03
6.290022e-03
6.300473e-03
6.310933e-03
6.321402e-03
6.331879e-03
6.342366e-03
6.352860e-03
6.363364e-03
6.373876e-03
6.384397e-03
6.394926e-03
6.405464e-03
6.416011e-03
6.426566e-03
6.437130e-03
6.447703e-03
6.458285e-03
6.468875e-03
6.479474e-03
6.490081e-03
6.500697e-03
6.511322e-03
6.521956e-03
6.532598e-03
6.543249e-03
6.553909e-03
6.564577e-03
6.575254e-03
6.585939e-03
6.596633e-03
6.607336e-03
6.618048e-03
6.628768e-03
6.639497e-03
6.650235e-03
6.660981e-03
6.671736e-03
6.682500e-03
6.693272e-03
6.704053e-03
6.714843e-03
6.725641e-03
6.736448e-03
6.747264e-03
6.758088e-03
6.768921e-03
6.779763e-03
6.790614e-03
6.801473e-03
6.812340e-03
6.823217e-03
6.834102e-03
6.844996e-03
6.855898e-03
6.866809e-03
6.877729e-03
6.888658e-03
6.899595e-03
6.910541e-03
6.921495e-03
6.932458e-03
6.943430e-03
6.954411e-03
6.965400e-03
6.976398e-03
6.987404e-03
6.998419e-03
7.009443e-03
7.020476e-03
7.031517e-03
7.042567e-03
7.053626e-03
7.064693e-03
7.075769e-03
7.086854e-03
7.097947e-03
7.109049e-03
7.120159e-03
7.131279e-03
7.142407e-03
7.153543e-03
7.164689e-03
7.175843e-03
7.187006e-03
7.198177e-03
7.209357e-03
7.220546e-03
7.231743e-03
7.242949e-03
7.254164e-03
7.265387e-03
7.276619e-03
7.287860e-03
7.299110e-03
7.310368e-03
7.321635e-03
7.332910e-03
7.344194e-03
7.355487e-03
7.366788e-03
7.378099e-03
7.389417e-03
7.400745e-03
7.412081e-03
7.423426e-03
7.434780e-03
7.446142e-03
7.457513e-03
7.468892e-03
7.480281e-03
7.491677e-03
7.503083e-03
7.514497e-03
7.525920e-03
7.537352e-03
7.548792e-03
7.560241e-03
7.571699e-03
7.583165e-03
7.594640e-03
7.606124e-03
7.617616e-03
7.629117e-03
7.640627e-03
7.652145e-03
7.663672e-03
7.675208e-03
7.686752e-03
7.698305e-03
7.709867e-03
7.721437e-03
7.733017e-03
7.744604e-03
7.756201e-03
7.767806e-03
7.779420e-03
7.791042e-03
7.802673e-03
7.814313e-03
7.825962e-03
7.837619e-03
7.849285e-03
7.860959e-03
7.872642e-03
7.884334e-03
7.896035e-03
7.907744e-03
7.919462e-03
7.931188e-03
7.942923e-03
7.954667e-03
7.966420e-03
7.978181e-03
7.989951e-03
8.001730e-03
8.013517e-03
8.025313e-03
8.037118e-03
8.048931e-03
8.060753e-03
8.072584e-03
8.084423e-03
8.096271e-03
8.108128e-03
8.119993e-03
8.131867e-03
8.143750e-03
8.155641e-03
8.167541e-03
8.179450e-03
8.191367e-03
8.203293e-03
8.215228e-03
8.227171e-03
8.239124e-03
8.251084e-03
8.263054e-03
8.275032e-03
8.287019e-03
8.299014e-03
8.311018e-03
8.323031e-03
8.335053e-03
8.347083e-03
8.359122e-03
8.371169e-03
8.383225e-03
8.395290e-03
8.407364e-03
8.419446e-03
8.431537e-03
8.443637e-03
8.455745e-03
8.467862e-03
8.479987e-03
8.492122e-03
8.504265e-03
8.516416e-03
8.528576e-03
8.540745e-03
8.552923e-03
8.565109e-03
8.577304e-03
8.589508e-03
8.601720e-03
8.613941e-03
8.626171e-03
8.638409e-03
8.650657e-03
8.662912e-03
8.675177e-03
8.687450e-03
8.699731e-03
8.712022e-03
8.724321e-03
8.736629e-03
8.748945e-03
8.761270e-03
8.773604e-03
8.785947e-03
8.798298e-03
8.810657e-03
8.823026e-03
8.835403e-03
8.847789e-03
8.860183e-03
8.872587e-03
8.884999e-03
8.897419e-03
8.909848e-03
8.922286e-03
8.934733e-03
8.947188e-03
8.959652e-03
8.972124e-03
8.984606e-03
8.997096e-03
9.009594e-03
9.022102e-03
9.034618e-03
9.047142e-03
9.059675e-03
9.072217e-03
9.084768e-03
9.097327e-03
9.109895e-03
9.122472e-03
9.135058e-03
9.147652e-03
9.160254e-03
9.172866e-03
9.185486e-03
9.198114e-03
9.210752e-03
9.223398e-03
9.236053e-03
9.248716e-03
9.261388e-03
9.274069e-03
9.286758e-03
9.299457e-03
9.312163e-03
9.324879e-03
9.337603e-03
9.350336e-03
9.363077e-03
9.375828e-03
9.388586e-03
9.401354e-03
9.414130e-03
9.426915e-03
9.439709e-03
9.452511e-03
9.465322e-03
9.478141e-03
9.490970e-03
9.503806e-03
9.516652e-03
9.529506e-03
9.542369e-03
9.555241e-03
9.568121e-03
9.581010e-03
9.593908e-03
9.606814e-03
9.619729e-03
9.632653e-03
9.645585e-03
9.658526e-03
9.671476e-03
9.684434e-03
9.697401e-03
9.710377e-03
9.723362e-03
9.736355e-03
9.749356e-03
9.762367e-03
9.775386e-03
9.788414e-03
9.801450e-03
9.814495e-03
9.827549e-03
9.840611e-03
9.853683e-03
9.866762e-03
9.879851e-03
9.892948e-03
9.906054e-03
9.918504e-03
9.930910e-03
9.943273e-03
9.955593e-03
9.967870e-03
9.980104e-03
9.992294e-03
1.000444e-02
1.001654e-02
1.002861e-02
1.004062e-02
1.005260e-02
1.006453e-02
1.007641e-02
1.008826e-02
1.010006e-02
1.011182e-02
1.012353e-02
1.013520e-02
1.014683e-02
1.015841e-02
1.016996e-02
1.018145e-02
1.019291e-02
1.020432e-02
1.021569e-02
1.022701e-02
1.023830e-02
1.024953e-02
1.026073e-02
1.027188e-02
1.028299e-02
1.029406e-02
1.030508e-02
1.031606e-02
1.032699e-02
1.033789e-02
1.034873e-02
1.035954e-02
1.037030e-02
1.038102e-02
1.039170e-02
1.040233e-02
1.041292e-02
1.042347e-02
1.043397e-02
1.044443e-02
1.045485e-02
1.046522e-02
1.047555e-02
1.048584e-02
1.049608e-02
1.050628e-02
1.051644e-02
1.052655e-02
1.053662e-02
1.054665e-02
1.055663e-02
1.056658e-02
1.057647e-02
1.058633e-02
1.059614e-02
1.060591e-02
1.061563e-02
1.062531e-02
1.063495e-02
1.064454e-02
1.065410e-02
1.066360e-02
1.067307e-02
1.068249e-02
1.069187e-02
1.070120e-02
1.071050e-02
1.071974e-02
1.072895e-02
1.073811e-02
1.074723e-02
1.075631e-02
1.076534e-02
1.077433e-02
1.078327e-02
1.079218e-02
1.080104e-02
1.080985e-02
1.081862e-02
1.082735e-02
1.083604e-02
1.084468e-02
1.085328e-02
1.086184e-02
1.087035e-02
1.087882e-02
1.088725e-02
1.089563e-02
1.090397e-02
1.091227e-02
1.092052e-02
1.092873e-02
1.093690e-02
1.094503e-02
1.095311e-02
1.096114e-02
1.096914e-02
1.097709e-02
1.098500e-02
1.099286e-02
1.100068e-02
1.100846e-02
1.101619e-02
1.102389e-02
1.103153e-02
1.103914e-02
1.104670e-02
1.105422e-02
1.106169e-02
1.106912e-02
1.107651e-02
1.108386e-02
1.109116e-02
1.109842e-02
1.110563e-02
1.111281e-02
1.111994e-02
1.112702e-02
1.113406e-02
1.114106e-02
1.114802e-02
1.115493e-02
1.116180e-02
1.116863e-02
1.117541e-02
1.118215e-02
1.118885e-02
1.119550e-02
1.120211e-02
1.120868e-02
1.121520e-02
1.122168e-02
1.122812e-02
1.123451e-02
1.124086e-02
1.124717e-02
1.125343e-02
1.125965e-02
1.126583e-02
1.127196e-02
1.127805e-02
1.128410e-02
1.129011e-02
1.129607e-02
1.130198e-02
1.130786e-02
1.131369e-02
1.131948e-02
1.132522e-02
1.133092e-02
1.133658e-02
1.134220e-02
1.134777e-02
1.135330e-02
1.135878e-02
1.136422e-02
1.136962e-02
1.137498e-02
1.138029e-02
1.138556e-02
1.139078e-02
1.139597e-02
1.140111e-02
1.140620e-02
1.141125e-02
1.141626e-02
1.142123e-02
1.142615e-02
1.143103e-02
1.143587e-02
1.144066e-02
1.144541e-02
1.145012e-02
1.145478e-02
1.145940e-02
1.146398e-02
1.146851e-02
1.147300e-02
1.147745e-02
1.148185e-02
1.148621e-02
1.149053e-02
1.149480e-02
1.149903e-02
1.150322e-02
1.150737e-02
1.151147e-02
1.151552e-02
1.151954e-02
1.152351e-02
1.152744e-02
1.153132e-02
1.153516e-02
1.153896e-02
1.154272e-02
1.154643e-02
1.155010e-02
1.155372e-02
1.155730e-02
1.156084e-02
1.156434e-02
1.156779e-02
1.157120e-02
1.157456e-02
1.157788e-02
1.158116e-02
1.158440e-02
1.158759e-02
1.159074e-02
1.159385e-02
1.159691e-02
1.159993e-02
1.160290e-02
1.160584e-02
1.160873e-02
1.161157e-02
1.161438e-02
1.161714e-02
1.161985e-02
1.162253e-02
1.162516e-02
1.162774e-02
1.163029e-02
1.163279e-02
1.163524e-02
1.163766e-02
1.164003e-02
1.164236e-02
1.164464e-02
1.164688e-02
1.164908e-02
1.165123e-02
1.165334e-02
1.165541e-02
1.165744e-02
1.165942e-02
1.166135e-02
1.166325e-02
1.166510e-02
1.166691e-02
1.166867e-02
1.167040e-02
1.167207e-02
1.167371e-02
1.167530e-02
1.167685e-02
1.167836e-02
1.167982e-02
1.168124e-02
1.168261e-02
1.168394e-02
1.168523e-02
1.168648e-02
1.168768e-02
1.168884e-02
1.168996e-02
1.169103e-02
1.169206e-02
1.169305e-02
1.169399e-02
1.169489e-02
1.169574e-02
1.169656e-02
1.169733e-02
1.169805e-02
1.169874e-02
1.169938e-02
1.169997e-02
1.170053e-02
1.170104e-02
1.170151e-02
1.170193e-02
1.170231e-02
1.170265e-02
1.170294e-02
1.170319e-02
1.170340e-02
1.170356e-02
1.170369e-02
1.170376e-02
1.170380e-02
1.170379e-02
1.170374e-02
1.170364e-02
1.170350e-02
1.170332e-02
1.170310e-02
1.170283e-02
1.170252e-02
1.170216e-02
1.170176e-02
1.170132e-02
1.170084e-02
1.170053e-02
1.170053e-02
1.170053e-02
1.170053e-02
1.170053e-02
1.170053e-02
1.170053e-02
1.170053e-02
1.170053e-02
1.170053e-02
1.170053e-02
1.170053e-02
1.170053e-02
1.170053e-02
1.170053e-02
1.170053e-02
1.170053e-02
1.170053e-02
1.170053e-02
1.170053e-02
1.170053e-02
1.170053e-02
1.170053e-02
1.170053e-02
1.170053e-02
1.170053e-02
1.170053e-02
1.170053e-02
1.170053e-02
1.170053e-02
1.170053e-02
1.170053e-02
1.170053e-02
1.170053e-02
1.170053e-02
1.170053e-02
1.170053e-02
1.170053e-02
1.170053e-02
1.170053e-02
1.170053e-02
1.170053e-02
1.170053e-02
1.170053e-02
1.170053e-02
1.170053e-02
1.170053e-02
1.170053e-02
1.170053e-02
1.170053e-02
1.170053e-02
1.170053e-02
1.170053e-02
1.170053e-02
1.170053e-02
1.170053e-02
1.170053e-02
1.170053e-02
1.170053e-02
1.170053e-02
1.170053e-02
1.170053e-02
1.170053e-02
1.170053e-02
1.170053e-02
1.170053e-02
1.170053e-02
1.170053e-02
1.170053e-02
1.170053e-02
1.170053e-02
1.170053e-02
1.170053e-02
1.170053e-02
1.170053e-02
1.170053e-02
1.170053e-02
1.170053e-02
1.170053e-02
1.170053e-02
1.170053e-02
1.170053e-02
1.170053e-02
1.170053e-02
1.170053e-02
1.170053e-02
1.170053e-02
1.170053e-02
1.170053e-02
1.170053e-02
1.170053e-02
1.170053e-02
1.170053e-02
1.170053e-02
1.170053e-02
1.170053e-02
1.170053e-02
1.170053e-02
1.170053e-02
1.170053e-02
1.170053e-02
1.170053e-02
1.170053e-02
1.170053e-02
1.170053e-02
1.170053e-02
1.170053e-02
1.170053e-02
1.170053e-02
1.170053e-02
1.170053e-02
1.170053e-02
1.170053e-02
1.170053e-02
1.170053e-02
1.170053e-02
1.170053e-02
1.170053e-02
1.170053e-02
1.170053e-02
1.170053e-02
1.170053e-02
1.170053e-02
1.170053e-02
1.170053e-02
1.170053e-02
1.170053e-02
1.170053e-02
1.170053e-02
1.170053e-02
1.170053e-02
1.170053e-02
1.170053e-02
1.170053e-02
1.170053e-02
1.170053e-02
1.170053e-02
1.170053e-02
1.170053e-02
1.170053e-02
1.170053e-02
1.170053e-02
1.170053e-02
1.170053e-02
1.170053e-02
1.170053e-02
1.170053e-02
1.170053e-02
1.170053e-02
1.170053e-02
1.170053e-02
1.170053e-02
1.170053e-02
1.170053e-02
1.170053e-02
1.170053e-02
1.170053e-02
1.170053e-02
1.170053e-02
1.170053e-02
1.170053e-02
1.170053e-02
1.170053e-02
1.170053e-02
1.170053e-02
1.170053e-02
1.170053e-02
1.170053e-02
1.170053e-02
1.170053e-02
1.170053e-02
1.170053e-02
1.170053e-02
1.170053e-02
1.170053e-02
1.170053e-02
1.170053e-02
1.170053e-02
1.170053e-02
1.170053e-02
1.170053e-02
1.170053e-02
1.170053e-02
1.170053e-02
1.170053e-02
1.170053e-02
1.170053e-02
1.170053e-02
1.170053e-02
1.170053e-02
1.170053e-02
1.170053e-02
1.170053e-02
1.170053e-02
1.170053e-02
1.170053e-02
1.170053e-02
1.170053e-02
1.170053e-02
1.170053e-02
1.170053e-02
