0.000000e+00
1.110371e-07
2.308866e-07
3.595487e-07
4.970231e-07
6.433101e-07
7.984095e-07
9.623214e-07
1.135046e-06
1.316583e-06
1.506932e-06
1.706094e-06
1.914068e-06
2.130855e-06
2.356454e-06
2.590865e-06
2.834089e-06
3.086126e-06
3.346975e-06
3.616637e-06
3.895110e-06
4.182397e-06
4.478496e-06
4.783407e-06
5.097131e-06
5.419667e-06
5.751016e-06
6.091177e-06
6.440151e-06
6.797937e-06
7.164536e-06
7.539947e-06
7.924170e-06
8.317207e-06
8.719055e-06
9.129716e-06
9.549189e-06
9.977475e-06
1.041457e-05
1.086048e-05
1.131521e-05
1.177874e-05
1.225109e-05
1.273225e-05
1.322223e-05
1.372101e-05
1.422861e-05
1.474502e-05
1.527024e-05
1.580428e-05
1.634713e-05
1.689879e-05
1.745926e-05
1.802855e-05
1.860664e-05
1.919355e-05
1.978928e-05
2.039381e-05
2.100716e-05
2.162932e-05
2.226029e-05
2.290008e-05
2.354867e-05
2.420608e-05
2.487231e-05
2.554734e-05
2.623119e-05
2.692385e-05
2.762532e-05
2.833561e-05
2.905470e-05
2.978261e-05
3.051934e-05
3.126487e-05
3.201922e-05
3.278238e-05
3.355435e-05
3.433513e-05
3.512473e-05
3.592314e-05
3.673036e-05
3.754640e-05
3.837124e-05
3.920490e-05
4.004738e-05
4.089866e-05
4.175876e-05
4.262767e-05
4.350539e-05
4.439192e-05
4.528727e-05
4.619143e-05
4.710440e-05
4.802618e-05
4.895678e-05
4.989619e-05
5.084441e-05
5.180144e-05
5.276729e-05
5.374195e-05
5.472542e-05
5.571770e-05
5.671880e-05
5.772871e-05
5.874743e-05
5.977496e-05
6.081131e-05
6.185647e-05
6.291044e-05
6.397322e-05
6.504482e-05
6.612523e-05
6.721445e-05
6.831248e-05
6.941933e-05
7.053499e-05
7.165946e-05
7.279274e-05
7.393484e-05
7.508575e-05
7.624547e-05
7.741400e-05
7.859134e-05
7.977750e-05
8.097247e-05
8.217626e-05
8.338885e-05
8.461026e-05
8.584048e-05
8.707951e-05
8.832736e-05
8.958402e-05
9.084949e-05
9.212377e-05
9.340686e-05
9.469877e-05
9.599949e-05
9.730903e-05
9.862737e-05
9.995453e-05
1.012905e-04
1.026353e-04
1.039889e-04
1.053513e-04
1.067225e-04
1.081025e-04
1.094914e-04
1.108890e-04
1.122955e-04
1.137108e-04
1.151349e-04
1.165678e-04
1.180095e-04
1.194600e-04
1.209194e-04
1.223875e-04
1.238645e-04
1.253503e-04
1.268449e-04
1.283483e-04
1.298605e-04
1.313815e-04
1.329114e-04
1.344500e-04
1.359975e-04
1.375538e-04
1.391189e-04
1.406928e-04
1.422755e-04
1.438671e-04
1.454674e-04
1.470766e-04
1.486945e-04
1.503213e-04
1.519569e-04
1.536013e-04
1.552545e-04
1.569166e-04
1.585874e-04
1.602671e-04
1.619555e-04
1.636528e-04
1.653589e-04
1.670738e-04
1.687975e-04
1.705301e-04
1.722714e-04
1.740216e-04
1.757805e-04
1.775483e-04
1.793249e-04
1.811103e-04
1.829045e-04
1.847075e-04
1.865194e-04
1.883400e-04
1.901695e-04
1.920078e-04
1.938549e-04
1.957108e-04
1.975755e-04
1.994490e-04
2.013314e-04
2.032225e-04
2.051225e-04
2.070313e-04
2.089489e-04
2.108753e-04
2.128105e-04
2.147545e-04
2.167074e-04
2.186690e-04
2.206395e-04
2.226188e-04
2.246069e-04
2.266038e-04
2.286095e-04
2.306240e-04
2.326474e-04
2.346795e-04
2.367205e-04
2.387703e-04
2.408289e-04
2.428963e-04
2.449725e-04
2.470575e-04
2.491514e-04
2.512540e-04
2.533655e-04
2.554858e-04
2.576149e-04
2.597528e-04
2.618995e-04
2.640550e-04
2.662193e-04
2.683925e-04
2.705745e-04
2.727652e-04
2.749648e-04
2.771732e-04
2.793905e-04
2.816165e-04
2.838513e-04
2.860950e-04
2.883475e-04
2.906087e-04
2.928788e-04
2.951577e-04
2.974454e-04
2.997420e-04
3.020473e-04
3.043615e-04
3.066844e-04
3.090162e-04
3.113568e-04
3.137062e-04
3.160644e-04
3.184315e-04
3.208073e-04
3.231919e-04
3.255854e-04
3.279877e-04
3.303988e-04
3.328187e-04
3.352474e-04
3.376849e-04
3.401313e-04
3.425864e-04
3.450504e-04
3.475232e-04
3.500048e-04
3.524952e-04
3.549944e-04
3.575024e-04
3.600192e-04
3.625449e-04
3.650794e-04
3.676226e-04
3.701747e-04
3.727356e-04
3.753054e-04
3.778839e-04
3.804712e-04
3.830674e-04
3.856723e-04
3.882861e-04
3.909087e-04
3.935401e-04
3.961803e-04
3.988294e-04
4.014872e-04
4.041538e-04
4.068293e-04
4.095136e-04
4.122067e-04
4.149086e-04
4.176193e-04
4.203388e-04
4.230672e-04
4.258043e-04
4.285503e-04
4.313051e-04
4.340686e-04
4.368410e-04
4.396223e-04
4.424123e-04
4.452111e-04
4.480188e-04
4.508352e-04
4.536605e-04
4.564946e-04
4.593375e-04
4.621892e-04
4.650498e-04
4.679191e-04
4.707972e-04
4.736842e-04
4.765800e-04
4.794846e-04
4.823980e-04
4.853202e-04
4.882512e-04
4.911911e-04
4.941397e-04
4.970972e-04
5.000634e-04
5.030385e-04
5.060224e-04
5.090152e-04
5.120167e-04
5.150270e-04
5.180462e-04
5.210741e-04
5.241109e-04
5.271565e-04
5.302109e-04
5.332741e-04
5.363461e-04
5.394270e-04
5.425166e-04
5.456151e-04
5.487224e-04
5.518385e-04
5.549634e-04
5.580971e-04
5.612396e-04
5.643909e-04
5.675511e-04
5.707200e-04
5.738978e-04
5.770844e-04
5.802798e-04
5.834840e-04
5.866971e-04
5.899189e-04
5.931495e-04
5.963890e-04
5.996373e-04
6.028944e-04
6.061603e-04
6.094350e-04
6.127185e-04
6.160108e-04
6.193120e-04
6.226220e-04
6.259407e-04
6.292683e-04
6.326047e-04
6.359499e-04
6.393040e-04
6.426668e-04
6.460384e-04
6.494189e-04
6.528082e-04
6.562063e-04
6.596132e-04
6.630289e-04
6.664534e-04
6.698867e-04
6.733289e-04
6.767799e-04
6.802396e-04
6.837082e-04
6.871856e-04
6.906718e-04
6.941669e-04
6.976707e-04
7.011833e-04
7.047048e-04
7.082351e-04
7.117742e-04
7.153221e-04
7.188788e-04
7.224443e-04
7.260186e-04
7.296018e-04
7.331937e-04
7.367945e-04
7.404041e-04
7.440225e-04
7.476497e-04
7.512857e-04
7.549306e-04
7.585842e-04
7.622467e-04
7.659180e-04
7.695980e-04
7.732869e-04
7.769847e-04
7.806912e-04
7.844065e-04
7.881307e-04
7.918636e-04
7.956054e-04
7.993560e-04
8.031154e-04
8.068836e-04
8.106606e-04
8.144465e-04
8.182411e-04
8.220446e-04
8.258568e-04
8.296779e-04
8.335078e-04
8.373465e-04
8.411941e-04
8.450504e-04
8.489155e-04
8.527895e-04
8.566723e-04
8.605639e-04
8.644643e-04
8.683735e-04
8.722915e-04
8.762183e-04
8.801540e-04
8.840984e-04
8.880517e-04
8.920138e-04
8.959847e-04
8.999644e-04
9.039529e-04
9.079503e-04
9.119564e-04
9.159714e-04
9.199951e-04
9.240277e-04
9.280691e-04
9.321193e-04
9.361784e-04
9.402462e-04
9.443228e-04
9.484083e-04
9.525026e-04
9.566056e-04
9.607175e-04
9.648383e-04
9.689678e-04
9.731061e-04
9.772533e-04
9.814092e-04
9.855740e-04
9.897476e-04
9.939300e-04
9.981212e-04
1.002321e-03
1.006530e-03
1.010748e-03
1.014974e-03
1.019209e-03
1.023454e-03
1.027706e-03
1.031968e-03
1.036239e-03
1.040518e-03
1.044806e-03
1.049103e-03
1.053409e-03
1.057723e-03
1.062047e-03
1.066379e-03
1.070720e-03
1.075070e-03
1.079429e-03
1.083796e-03
1.088172e-03
1.092557e-03
1.096951e-03
1.101354e-03
1.105765e-03
1.110186e-03
1.114615e-03
1.119053e-03
1.123500e-03
1.127955e-03
1.132420e-03
1.136893e-03
1.141375e-03
1.145866e-03
1.150365e-03
1.154874e-03
1.159391e-03
1.163917e-03
1.168452e-03
1.172996e-03
1.177548e-03
1.182110e-03
1.186680e-03
1.191259e-03
1.195847e-03
1.200443e-03
1.205048e-03
1.209663e-03
1.214286e-03
1.218918e-03
1.223558e-03
1.228208e-03
1.232866e-03
1.237533e-03
1.242209e-03
1.246894e-03
1.251587e-03
1.256289e-03
1.261001e-03
1.265721e-03
1.270449e-03
1.275187e-03
1.279933e-03
1.284689e-03
1.289453e-03
1.294225e-03
1.299007e-03
1.303797e-03
1.308597e-03
1.313405e-03
1.318222e-03
1.323047e-03
1.327882e-03
1.332725e-03
1.337577e-03
1.342438e-03
1.347308e-03
1.352187e-03
1.357074e-03
1.361970e-03
1.366875e-03
1.371789e-03
1.376712e-03
1.381643e-03
1.386584e-03
1.391533e-03
1.396491e-03
1.401457e-03
1.406433e-03
1.411417e-03
1.416410e-03
1.421412e-03
1.426423e-03
1.431443e-03
1.436471e-03
1.441508e-03
1.446554e-03
1.451609e-03
1.456673e-03
1.461745e-03
1.466826e-03
1.471916e-03
1.477015e-03
1.482123e-03
1.487240e-03
1.492365e-03
1.497499e-03
1.502642e-03
1.507794e-03
1.512954e-03
1.518124e-03
1.523302e-03
1.528489e-03
1.533685e-03
1.538889e-03
1.544103e-03
1.549325e-03
1.554556e-03
1.559796e-03
1.565045e-03
1.570302e-03
1.575569e-03
1.580844e-03
1.586128e-03
1.591421e-03
1.596722e-03
1.602033e-03
1.607352e-03
1.612680e-03
1.618017e-03
1.623362e-03
1.628717e-03
1.634080e-03
1.639452e-03
1.644833e-03
1.650223e-03
1.655621e-03
1.661028e-03
1.666445e-03
1.671870e-03
1.677303e-03
1.682746e-03
1.688197e-03
1.693657e-03
1.699127e-03
1.704604e-03
1.710091e-03
1.715586e-03
1.721091e-03
1.726604e-03
1.732126e-03
1.737656e-03
1.743196e-03
1.748744e-03
1.754301e-03
1.759867e-03
1.765442e-03
1.771026e-03
1.776618e-03
1.782219e-03
1.787829e-03
1.793448e-03
1.799076e-03
1.804712e-03
1.810357e-03
1.816012e-03
1.821674e-03
1.827346e-03
1.833027e-03
1.838716e-03
1.844414e-03
1.850121e-03
1.855837e-03
1.861561e-03
1.867295e-03
1.873037e-03
1.878788e-03
1.884548e-03
1.890317e-03
1.896094e-03
1.901880e-03
1.907675e-03
1.913479e-03
1.919292e-03
1.925113e-03
1.930944e-03
1.936783e-03
1.942631e-03
1.948488e-03
1.954353e-03
1.960228e-03
1.966111e-03
1.972003e-03
1.977904e-03
1.983813e-03
1.989732e-03
1.995659e-03
2.001595e-03
2.007540e-03
2.013494e-03
2.019456e-03
2.025427e-03
2.031408e-03
2.037397e-03
2.043394e-03
2.049401e-03
2.055416e-03
2.061441e-03
2.067474e-03
2.073515e-03
2.079566e-03
2.085625e-03
2.091694e-03
2.097771e-03
2.103857e-03
2.109951e-03
2.116055e-03
2.122167e-03
2.128288e-03
2.134418e-03
2.140557e-03
2.146705e-03
2.152861e-03
2.159026e-03
2.165200e-03
2.171383e-03
2.177575e-03
2.183775e-03
2.189984e-03
2.196203e-03
2.202429e-03
2.208665e-03
2.214910e-03
2.221163e-03
2.227425e-03
2.233696e-03
2.239976e-03
2.246264e-03
2.252562e-03
2.258868e-03
2.265183e-03
2.271507e-03
2.277839e-03
2.284181e-03
2.290531e-03
2.296890e-03
2.303258e-03
2.309635e-03
2.316020e-03
2.322415e-03
2.328818e-03
2.335230e-03
2.341651e-03
2.348080e-03
2.354519e-03
2.360966e-03
2.367422e-03
2.373887e-03
2.380360e-03
2.386843e-03
2.393334e-03
2.399834e-03
2.406343e-03
2.412861e-03
2.419387e-03
2.425922e-03
2.432467e-03
2.439019e-03
2.445581e-03
2.452152e-03
2.458731e-03
2.465319e-03
2.471916e-03
2.478522e-03
2.485137e-03
2.491760e-03
2.498393e-03
2.505034e-03
2.511684e-03
2.518342e-03
2.525010e-03
2.531686e-03
2.538371e-03
2.545065e-03
2.551768e-03
2.558480e-03
2.565200e-03
2.571929e-03
2.578667e-03
2.585414e-03
2.592170e-03
2.598934e-03
2.605707e-03
2.612489e-03
2.619280e-03
2.626080e-03
2.632888e-03
2.639706e-03
2.646532e-03
2.653367e-03
2.660211e-03
2.667063e-03
2.673925e-03
2.680795e-03
2.687674e-03
2.694562e-03
2.701458e-03
2.708364e-03
2.715278e-03
2.722201e-03
2.729133e-03
2.736074e-03
2.743023e-03
2.749981e-03
2.756949e-03
2.763925e-03
2.770909e-03
2.777903e-03
2.784905e-03
2.791917e-03
2.798937e-03
2.805965e-03
2.813003e-03
2.820049e-03
2.827105e-03
2.834169e-03
2.841242e-03
2.848323e-03
2.855414e-03
2.862513e-03
2.869621e-03
2.876738e-03
2.883864e-03
2.890999e-03
2.898142e-03
2.905294e-03
2.912455e-03
2.919625e-03
2.926804e-03
2.933991e-03
2.941187e-03
2.948392e-03
2.955606e-03
2.962829e-03
2.970061e-03
2.977301e-03
2.984550e-03
2.991808e-03
2.999075e-03
3.006350e-03
3.013635e-03
3.020928e-03
3.028230e-03
3.035541e-03
3.042860e-03
3.050189e-03
3.057526e-03
3.064872e-03
3.072227e-03
3.079591e-03
3.086963e-03
3.094345e-03
3.101735e-03
3.109134e-03
3.116541e-03
3.123958e-03
3.131383e-03
3.138818e-03
3.146261e-03
3.153712e-03
3.161173e-03
3.168642e-03
3.176121e-03
3.183608e-03
3.191104e-03
3.198608e-03
3.206122e-03
3.213644e-03
3.221175e-03
3.228715e-03
3.236264e-03
3.243822e-03
3.251388e-03
3.258963e-03
3.266547e-03
3.274140e-03
3.281742e-03
3.289352e-03
3.296971e-03
3.304599e-03
3.312236e-03
3.319882e-03
3.327536e-03
3.335200e-03
3.342872e-03
3.350553e-03
3.358243e-03
3.365941e-03
3.373649e-03
3.381365e-03
3.389090e-03
3.396824e-03
3.404566e-03
3.412318e-03
3.420078e-03
3.427847e-03
3.435625e-03
3.443412e-03
3.451207e-03
3.459011e-03
3.466825e-03
3.474647e-03
3.482477e-03
3.490317e-03
3.498165e-03
3.506022e-03
3.513888e-03
3.521763e-03
3.529647e-03
3.537539e-03
3.545441e-03
3.553351e-03
3.561270e-03
3.569197e-03
3.577134e-03
3.585079e-03
3.593033e-03
3.600996e-03
3.608968e-03
3.616948e-03
3.624938e-03
3.632936e-03
3.640943e-03
3.648959e-03
3.656984e-03
3.665017e-03
3.673059e-03
3.681110e-03
3.689170e-03
3.697239e-03
3.705316e-03
3.713403e-03
3.721498e-03
3.729602e-03
3.737715e-03
3.745836e-03
3.753966e-03
3.762106e-03
3.770254e-03
3.778411e-03
3.786576e-03
3.794751e-03
3.802934e-03
3.811126e-03
3.819327e-03
3.827536e-03
3.835755e-03
3.843982e-03
3.852218e-03
3.860463e-03
3.868717e-03
3.876980e-03
3.885251e-03
3.893531e-03
3.901820e-03
3.910118e-03
3.918425e-03
3.926740e-03
3.935064e-03
3.943398e-03
3.951739e-03
3.960090e-03
3.968450e-03
3.976818e-03
3.985195e-03
3.993581e-03
4.001976e-03
4.010379e-03
4.018792e-03
4.027213e-03
4.035643e-03
4.044082e-03
4.052529e-03
4.060986e-03
4.069451e-03
4.077925e-03
4.086408e-03
4.094900e-03
4.103400e-03
4.111910e-03
4.120428e-03
4.128955e-03
4.137490e-03
4.146035e-03
4.154588e-03
4.163150e-03
4.171721e-03
4.180301e-03
4.188890e-03
4.197487e-03
4.206094e-03
4.214709e-03
4.223333e-03
4.231965e-03
4.240607e-03
4.249257e-03
4.257916e-03
4.266584e-03
4.275261e-03
4.283947e-03
4.292641e-03
4.301344e-03
4.310056e-03
4.318777e-03
4.327507e-03
4.336245e-03
4.344992e-03
4.353748e-03
4.362513e-03
4.371287e-03
4.380069e-03
4.388861e-03
4.397661e-03
4.406470e-03
4.415288e-03
4.424114e-03
4.432949e-03
4.441794e-03
4.450647e-03
4.459508e-03
4.468379e-03
4.477259e-03
4.486147e-03
4.495044e-03
4.503950e-03
4.512864e-03
4.521788e-03
4.530720e-03
4.539661e-03
4.548611e-03
4.557570e-03
4.566538e-03
4.575514e-03
4.584499e-03
4.593493e-03
4.602496e-03
4.611508e-03
4.620528e-03
4.629557e-03
4.638595e-03
4.647642e-03
4.656698e-03
4.665763e-03
4.674836e-03
4.683918e-03
4.693009e-03
4.702109e-03
4.711217e-03
4.720335e-03
4.729461e-03
4.738596e-03
4.747740e-03
4.756892e-03
4.766054e-03
4.775224e-03
4.784403e-03
4.793591e-03
4.802788e-03
4.811993e-03
4.821207e-03
4.830431e-03
4.839662e-03
4.848903e-03
4.858153e-03
4.867411e-03
4.876678e-03
4.885954e-03
4.895239e-03
4.904533e-03
4.913835e-03
4.923146e-03
4.932467e-03
4.941795e-03
4.951133e-03
4.960480e-03
4.969835e-03
4.979199e-03
4.988572e-03
4.997954e-03
5.007344e-03
5.016744e-03
5.026152e-03
5.035569e-03
5.044995e-03
5.054429e-03
5.063873e-03
5.073325e-03
5.082786e-03
5.092256e-03
5.101735e-03
5.111222e-03
5.120718e-03
5.130224e-03
5.139738e-03
5.149260e-03
5.158792e-03
5.168332e-03
5.177881e-03
5.187439e-03
5.197006e-03
5.206582e-03
5.216166e-03
5.225760e-03
5.235362e-03
5.244972e-03
5.254592e-03
5.264221e-03
5.273858e-03
5.283504e-03
5.293159e-03
5.302823e-03
5.312495e-03
5.322177e-03
5.331867e-03
5.341566e-03
5.351274e-03
5.360990e-03
5.370716e-03
5.380450e-03
5.390193e-03
5.399945e-03
5.409706e-03
5.419475e-03
5.429254e-03
5.439041e-03
5.448837e-03
5.458641e-03
5.468455e-03
5.478277e-03
5.488108e-03
5.497948e-03
5.507797e-03
5.517655e-03
5.527521e-03
5.537397e-03
5.547281e-03
5.557174e-03
5.567075e-03
5.576986e-03
5.586905e-03
5.596833e-03
5.606770e-03
5.616716e-03
5.626670e-03
5.636634e-03
5.646606e-03
5.656587e-03
5.666577e-03
5.676575e-03
5.686583e-03
5.696599e-03
5.706624e-03
5.716658e-03
5.726701e-03
5.736752e-03
5.746813e-03
5.756882e-03
5.766960e-03
5.777046e-03
5.787142e-03
5.797246e-03
5.807359e-03
5.817481e-03
5.827612e-03
5.837752e-03
5.847900e-03
5.858058e-03
5.868224e-03
5.878399e-03
5.888582e-03
5.898775e-03
5.908976e-03
5.919186e-03
5.929405e-03
5.939633e-03
5.949869e-03
5.960115e-03
5.970369e-03
5.980632e-03
5.990904e-03
6.001184e-03
6.011474e-03
6.021772e-03
6.032079e-03
6.042395e-03
6.052720e-03
6.063053e-03
6.073396e-03
6.083747e-03
6.094107e-03
6.104475e-03
6.114853e-03
6.125239e-03
6.135634e-03
6.146038e-03
6.156451e-03
6.166873e-03
6.177303e-03
6.187743e-03
6.198191e-03
6.208647e-03
6.219113e-03
6.229588e-03
6.240071e-03
6.250563e-03
6.261064e-03
6.271574e-03
6.282092e-03
6.292620e-03
6.303156e-03
6.313701e-03
6.324255e-03
6.334817e-03
6.345389e-03
6.355969e-03
6.366558e-03
6.377156e-03
6.387763e-03
6.398378e-03
6.409002e-03
6.419636e-03
6.430278e-03
6.440928e-03
6.451588e-03
6.462256e-03
6.472933e-03
6.483619e-03
6.494314e-03
6.505018e-03
6.515730e-03
6.526452e-03
6.537182e-03
6.547920e-03
6.558668e-03
6.569425e-03
6.580190e-03
6.590964e-03
6.601747e-03
6.612539e-03
6.623339e-03
6.634149e-03
6.644967e-03
6.655794e-03
6.666630e-03
6.677474e-03
6.688328e-03
6.699190e-03
6.710061e-03
6.720941e-03
6.731830e-03
6.742727e-03
6.753633e-03
6.764549e-03
6.775472e-03
6.786405e-03
6.797347e-03
6.808297e-03
6.819256e-03
6.830224e-03
6.841201e-03
6.852187e-03
6.863181e-03
6.874184e-03
6.885196e-03
6.896217e-03
6.907247e-03
6.918286e-03
6.929333e-03
6.940389e-03
6.951454e-03
6.962528e-03
6.973610e-03
6.984702e-03
6.995802e-03
7.006911e-03
7.018029e-03
7.029155e-03
7.040291e-03
7.051435e-03
7.062588e-03
7.073750e-03
7.084920e-03
7.096100e-03
7.107288e-03
7.118485e-03
7.129691e-03
7.140906e-03
7.152130e-03
7.163362e-03
7.174603e-03
7.185853e-03
7.197112e-03
7.208380e-03
7.219656e-03
7.230941e-03
7.242235e-03
7.253538e-03
7.264850e-03
7.276170e-03
7.287500e-03
7.298838e-03
7.310185e-03
7.321540e-03
7.332905e-03
7.344278e-03
7.355661e-03
7.367052e-03
7.378451e-03
7.389860e-03
7.401277e-03
7.412704e-03
7.424139e-03
7.435583e-03
7.447035e-03
7.458497e-03
7.469967e-03
7.481446e-03
7.492934e-03
7.504431e-03
7.515936e-03
7.527451e-03
7.538974e-03
7.550506e-03
7.562047e-03
7.573596e-03
7.585155e-03
7.596722e-03
7.608298e-03
7.619883e-03
7.631477e-03
7.643079e-03
7.654691e-03
7.666311e-03
7.677940e-03
7.689577e-03
7.701224e-03
7.712879e-03
7.724543e-03
7.736216e-03
7.747898e-03
7.759589e-03
7.771288e-03
7.782997e-03
7.794714e-03
7.806439e-03
7.818174e-03
7.829918e-03
7.841670e-03
7.853431e-03
7.865201e-03
7.876980e-03
7.888767e-03
7.900564e-03
7.912369e-03
7.924183e-03
7.936006e-03
7.947837e-03
7.959678e-03
7.971527e-03
7.983385e-03
7.995252e-03
8.007128e-03
8.019012e-03
8.030905e-03
8.042807e-03
8.054718e-03
8.066638e-03
8.078567e-03
8.090504e-03
8.102450e-03
8.114405e-03
8.126369e-03
8.138342e-03
8.150323e-03
8.162313e-03
8.174312e-03
8.186320e-03
8.198337e-03
8.210362e-03
8.222397e-03
8.234440e-03
8.246492e-03
8.258552e-03
8.270622e-03
8.282700e-03
8.294788e-03
8.306884e-03
8.318988e-03
8.331102e-03
8.343224e-03
8.355356e-03
8.367496e-03
8.379645e-03
8.391802e-03
8.403969e-03
8.416144e-03
8.428328e-03
8.440521e-03
8.452723e-03
8.464933e-03
8.477153e-03
8.489381e-03
8.501618e-03
8.513864e-03
8.526118e-03
8.538382e-03
8.550654e-03
8.562935e-03
8.575225e-03
8.587524e-03
8.599831e-03
8.612147e-03
8.624473e-03
8.636807e-03
8.649149e-03
8.661501e-03
8.673861e-03
8.686230e-03
8.698608e-03
8.710995e-03
8.723391e-03
8.735795e-03
8.748208e-03
8.760630e-03
8.773061e-03
8.785501e-03
8.797950e-03
8.810407e-03
8.822873e-03
8.835348e-03
8.847832e-03
8.860324e-03
8.872826e-03
8.885336e-03
8.897855e-03
8.910382e-03
8.922919e-03
8.935465e-03
8.948019e-03
8.960582e-03
8.973154e-03
8.985734e-03
8.998324e-03
9.010922e-03
9.023529e-03
9.036145e-03
9.048770e-03
9.061404e-03
9.074046e-03
9.086697e-03
9.099357e-03
9.112026e-03
9.124703e-03
9.137390e-03
9.150085e-03
9.162789e-03
9.175502e-03
9.188224e-03
9.200954e-03
9.213694e-03
9.226442e-03
9.239199e-03
9.251964e-03
9.264739e-03
9.277522e-03
9.290314e-03
9.303115e-03
9.315925e-03
9.328744e-03
9.341571e-03
9.354407e-03
9.367253e-03
9.380106e-03
9.392969e-03
9.405841e-03
9.418721e-03
9.431610e-03
9.444508e-03
9.457415e-03
9.470330e-03
9.483255e-03
9.496188e-03
9.509130e-03
9.522081e-03
9.535040e-03
9.548009e-03
9.560986e-03
9.573972e-03
9.586967e-03
9.599970e-03
9.612983e-03
9.626004e-03
9.639034e-03
9.652073e-03
9.665121e-03
9.678178e-03
9.691243e-03
9.704317e-03
9.717400e-03
9.730492e-03
9.743592e-03
9.756702e-03
9.769820e-03
9.782947e-03
9.796083e-03
9.809228e-03
9.822381e-03
9.835544e-03
9.848715e-03
9.861895e-03
9.875083e-03
9.888281e-03
9.901487e-03
9.914702e-03
9.927926e-03
9.941159e-03
9.954401e-03
9.967651e-03
9.980910e-03
9.994178e-03
1.000746e-02
1.002074e-02
1.003404e-02
1.004734e-02
1.006065e-02
1.007331e-02
1.008592e-02
1.009849e-02
1.011101e-02
1.012349e-02
1.013593e-02
1.014832e-02
1.016067e-02
1.017297e-02
1.018524e-02
1.019745e-02
1.020962e-02
1.022175e-02
1.023384e-02
1.024588e-02
1.025788e-02
1.026983e-02
1.028174e-02
1.029360e-02
1.030542e-02
1.031720e-02
1.032894e-02
1.034062e-02
1.035227e-02
1.036387e-02
1.037543e-02
1.038694e-02
1.039841e-02
1.040984e-02
1.042122e-02
1.043256e-02
1.044385e-02
1.045510e-02
1.046631e-02
1.047747e-02
1.048859e-02
1.049966e-02
1.051069e-02
1.052168e-02
1.053262e-02
1.054352e-02
1.055437e-02
1.056518e-02
1.057595e-02
1.058667e-02
1.059735e-02
1.060799e-02
1.061858e-02
1.062912e-02
1.063963e-02
1.065009e-02
1.066050e-02
1.067087e-02
1.068120e-02
1.069148e-02
1.070172e-02
1.071192e-02
1.072207e-02
1.073218e-02
1.074224e-02
1.075226e-02
1.076223e-02
1.077217e-02
1.078205e-02
1.079190e-02
1.080170e-02
1.081145e-02
1.082116e-02
1.083083e-02
1.084046e-02
1.085004e-02
1.085957e-02
1.086906e-02
1.087851e-02
1.088792e-02
1.089728e-02
1.090659e-02
1.091587e-02
1.092509e-02
1.093428e-02
1.094342e-02
1.095252e-02
1.096157e-02
1.097058e-02
1.097954e-02
1.098846e-02
1.099734e-02
1.100617e-02
1.101496e-02
1.102371e-02
1.103241e-02
1.104106e-02
1.104968e-02
1.105825e-02
1.106677e-02
1.107525e-02
1.108369e-02
1.109208e-02
1.110043e-02
1.110874e-02
1.111700e-02
1.112522e-02
1.113339e-02
1.114152e-02
1.114961e-02
1.115765e-02
1.116565e-02
1.117360e-02
1.118151e-02
1.118938e-02
1.119720e-02
1.120498e-02
1.121271e-02
1.122040e-02
1.122805e-02
1.123565e-02
1.124321e-02
1.125073e-02
1.125820e-02
1.126562e-02
1.127301e-02
1.128034e-02
1.128764e-02
1.129489e-02
1.130210e-02
1.130926e-02
1.131638e-02
1.132345e-02
1.133049e-02
1.133747e-02
1.134442e-02
1.135132e-02
1.135817e-02
1.136498e-02
1.137175e-02
1.137847e-02
1.138515e-02
1.139179e-02
1.139838e-02
1.140493e-02
1.141143e-02
1.141789e-02
1.142431e-02
1.143068e-02
1.143701e-02
1.144329e-02
1.144953e-02
1.145573e-02
1.146188e-02
1.146799e-02
1.147405e-02
1.148007e-02
1.148605e-02
1.149198e-02
1.149787e-02
1.150372e-02
1.150952e-02
1.151527e-02
1.152099e-02
1.152666e-02
1.153228e-02
1.153786e-02
1.154340e-02
1.154889e-02
1.155434e-02
1.155975e-02
1.156511e-02
1.157043e-02
1.157570e-02
1.158093e-02
1.158611e-02
1.159126e-02
1.159635e-02
1.160141e-02
1.160642e-02
1.161138e-02
1.161630e-02
1.162118e-02
1.162602e-02
1.163081e-02
1.163555e-02
1.164025e-02
1.164491e-02
1.164953e-02
1.165410e-02
1.165862e-02
1.166310e-02
1.166754e-02
1.167194e-02
1.167629e-02
1.168059e-02
1.168486e-02
1.168908e-02
1.169325e-02
1.169738e-02
1.170147e-02
1.170551e-02
1.170951e-02
1.171347e-02
1.171738e-02
1.172124e-02
1.172507e-02
1.172885e-02
1.173258e-02
1.173627e-02
1.173992e-02
1.174352e-02
1.174708e-02
1.175060e-02
1.175407e-02
1.175750e-02
1.176088e-02
1.176422e-02
1.176752e-02
1.177077e-02
1.177398e-02
1.177714e-02
1.178026e-02
1.178334e-02
1.178637e-02
1.178936e-02
1.179230e-02
1.179520e-02
1.179806e-02
1.180087e-02
1.180364e-02
1.180636e-02
1.180905e-02
1.181168e-02
1.181427e-02
1.181682e-02
1.181933e-02
1.182179e-02
1.182421e-02
1.182658e-02
1.182891e-02
1.183119e-02
1.183343e-02
1.183563e-02
1.183778e-02
1.183989e-02
1.184196e-02
1.184398e-02
1.184596e-02
1.184789e-02
1.184978e-02
1.185163e-02
1.185343e-02
1.185519e-02
1.185690e-02
1.185857e-02
1.186020e-02
1.186178e-02
1.186332e-02
1.186481e-02
1.186626e-02
1.186767e-02
1.186903e-02
1.187035e-02
1.187162e-02
1.187285e-02
1.187404e-02
1.187518e-02
1.187628e-02
1.187733e-02
1.187834e-02
1.187931e-02
1.188023e-02
1.188111e-02
1.188195e-02
1.188274e-02
1.188349e-02
1.188419e-02
1.188485e-02
1.188546e-02
1.188603e-02
1.188656e-02
1.188705e-02
1.188748e-02
1.188788e-02
1.188823e-02
1.188854e-02
1.188880e-02
1.188902e-02
1.188920e-02
1.188933e-02
1.188942e-02
1.188946e-02
1.188946e-02
1.188942e-02
1.188933e-02
1.188920e-02
1.188902e-02
1.188880e-02
1.188854e-02
1.188823e-02
1.188788e-02
1.188748e-02
1.188704e-02
1.188656e-02
1.188626e-02
1.188626e-02
1.188626e-02
1.188626e-02
1.188626e-02
1.188626e-02
1.188626e-02
1.188626e-02
1.188626e-02
1.188626e-02
1.188626e-02
1.188626e-02
1.188626e-02
1.188626e-02
1.188626e-02
1.188626e-02
1.188626e-02
1.188626e-02
1.188626e-02
1.188626e-02
1.188626e-02
1.188626e-02
1.188626e-02
1.188626e-02
1.188626e-02
1.188626e-02
1.188626e-02
1.188626e-02
1.188626e-02
1.188626e-02
1.188626e-02
1.188626e-02
1.188626e-02
1.188626e-02
1.188626e-02
1.188626e-02
1.188626e-02
1.188626e-02
1.188626e-02
1.188626e-02
1.188626e-02
1.188626e-02
1.188626e-02
1.188626e-02
1.188626e-02
1.188626e-02
1.188626e-02
1.188626e-02
1.188626e-02
1.188626e-02
1.188626e-02
1.188626e-02
1.188626e-02
1.188626e-02
1.188626e-02
1.188626e-02
1.188626e-02
1.188626e-02
1.188626e-02
1.188626e-02
1.188626e-02
1.188626e-02
1.188626e-02
1.188626e-02
1.188626e-02
1.188626e-02
1.188626e-02
1.188626e-02
1.188626e-02
1.188626e-02
1.188626e-02
1.188626e-02
1.188626e-02
1.188626e-02
1.188626e-02
1.188626e-02
1.188626e-02
1.188626e-02
1.188626e-02
1.188626e-02
1.188626e-02
1.188626e-02
1.188626e-02
1.188626e-02
1.188626e-02
1.188626e-02
1.188626e-02
1.188626e-02
1.188626e-02
1.188626e-02
1.188626e-02
1.188626e-02
1.188626e-02
1.188626e-02
1.188626e-02
1.188626e-02
1.188626e-02
1.188626e-02
1.188626e-02
1.188626e-02
1.188626e-02
1.188626e-02
1.188626e-02
1.188626e-02
1.188626e-02
1.188626e-02
1.188626e-02
1.188626e-02
1.188626e-02
1.188626e-02
1.188626e-02
1.188626e-02
1.188626e-02
1.188626e-02
1.188626e-02
1.188626e-02
1.188626e-02
1.188626e-02
1.188626e-02
1.188626e-02
1.188626e-02
1.188626e-02
1.188626e-02
1.188626e-02
1.188626e-02
1.188626e-02
1.188626e-02
1.188626e-02
1.188626e-02
1.188626e-02
1.188626e-02
1.188626e-02
1.188626e-02
1.188626e-02
1.188626e-02
1.188626e-02
1.188626e-02
1.188626e-02
1.188626e-02
1.188626e-02
1.188626e-02
1.188626e-02
1.188626e-02
1.188626e-02
1.188626e-02
1.188626e-02
1.188626e-02
1.188626e-02
1.188626e-02
1.188626e-02
1.188626e-02
1.188626e-02
1.188626e-02
1.188626e-02
1.188626e-02
1.188626e-02
1.188626e-02
1.188626e-02
1.188626e-02
1.188626e-02
1.188626e-02
1.188626e-02
1.188626e-02
1.188626e-02
1.188626e-02
1.188626e-02
1.188626e-02
1.188626e-02
1.188626e-02
1.188626e-02
1.188626e-02
1.188626e-02
1.188626e-02
1.188626e-02
1.188626e-02
1.188626e-02
1.188626e-02
1.188626e-02
1.188626e-02
1.188626e-02
1.188626e-02
1.188626e-02
1.188626e-02
1.188626e-02
1.188626e-02
1.188626e-02
1.188626e-02
1.188626e-02
1.188626e-02
1.188626e-02
1.188626e-02
1.188626e-02
1.188626e-02
1.188626e-02
1.188626e-02
1.188626e-02
1.188626e-02
1.188626e-02
1.188626e-02
1.188626e-02
1.188626e-02
