0.000000e+00
1.110371e-07
2.252467e-07
3.426287e-07
4.631833e-07
5.869103e-07
7.138098e-07
8.438819e-07
9.771264e-07
1.113543e-06
1.253133e-06
1.395895e-06
1.541829e-06
1.690936e-06
1.843216e-06
1.998668e-06
2.157292e-06
2.319089e-06
2.484058e-06
2.652200e-06
2.823514e-06
2.998001e-06
3.175661e-06
3.356492e-06
3.540497e-06
3.727674e-06
3.918023e-06
4.111545e-06
4.308239e-06
4.508106e-06
4.711145e-06
4.917357e-06
5.126741e-06
5.339298e-06
5.555027e-06
5.773928e-06
5.996003e-06
6.221249e-06
6.449668e-06
6.681260e-06
6.916024e-06
7.153961e-06
7.395070e-06
7.639352e-06
7.886806e-06
8.137432e-06
8.391231e-06
8.648203e-06
8.908347e-06
9.171663e-06
9.438152e-06
9.707814e-06
9.980648e-06
1.025665e-05
1.053583e-05
1.081818e-05
1.110371e-05
1.139241e-05
1.168427e-05
1.197932e-05
1.227753e-05
1.257892e-05
1.288347e-05
1.319121e-05
1.350211e-05
1.381619e-05
1.413343e-05
1.445386e-05
1.477745e-05
1.510422e-05
1.543416e-05
1.576727e-05
1.610355e-05
1.644301e-05
1.678563e-05
1.713144e-05
1.748041e-05
1.783256e-05
1.818787e-05
1.854637e-05
1.890803e-05
1.927287e-05
1.964087e-05
2.001206e-05
2.038641e-05
2.076394e-05
2.114463e-05
2.152850e-05
2.191555e-05
2.230576e-05
2.269915e-05
2.309571e-05
2.349545e-05
2.389835e-05
2.430443e-05
2.471368e-05
2.512611e-05
2.554170e-05
2.596047e-05
2.638241e-05
2.680753e-05
2.723581e-05
2.766727e-05
2.810190e-05
2.853970e-05
2.898068e-05
2.942483e-05
2.987215e-05
3.032264e-05
3.077631e-05
3.123315e-05
3.169316e-05
3.215634e-05
3.262270e-05
3.309222e-05
3.356492e-05
3.404080e-05
3.451984e-05
3.500206e-05
3.548745e-05
3.597602e-05
3.646775e-05
3.696266e-05
3.746074e-05
3.796199e-05
3.846642e-05
3.897402e-05
3.948479e-05
3.999873e-05
4.051585e-05
4.103613e-05
4.155960e-05
4.208623e-05
4.261603e-05
4.314901e-05
4.368516e-05
4.422449e-05
4.476698e-05
4.531265e-05
4.586149e-05
4.641350e-05
4.696869e-05
4.752705e-05
4.808858e-05
4.865328e-05
4.922115e-05
4.979220e-05
5.036642e-05
5.094382e-05
5.152438e-05
5.210812e-05
5.269503e-05
5.328511e-05
5.387837e-05
5.447479e-05
5.507439e-05
5.567717e-05
5.628311e-05
5.689223e-05
5.750452e-05
5.811998e-05
5.873862e-05
5.936043e-05
5.998541e-05
6.061356e-05
6.124488e-05
6.187938e-05
6.251705e-05
6.315789e-05
6.380191e-05
6.444910e-05
6.509946e-05
6.575299e-05
6.640970e-05
6.706957e-05
6.773262e-05
6.839885e-05
6.906824e-05
6.974081e-05
7.041655e-05
7.109546e-05
7.177755e-05
7.246280e-05
7.315123e-05
7.384283e-05
7.453761e-05
7.523556e-05
7.593668e-05
7.664097e-05
7.734843e-05
7.805907e-05
7.877288e-05
7.948986e-05
8.021002e-05
8.093335e-05
8.165985e-05
8.238952e-05
8.312236e-05
8.385838e-05
8.459757e-05
8.533993e-05
8.608547e-05
8.683417e-05
8.758605e-05
8.834111e-05
8.909933e-05
8.986073e-05
9.062530e-05
9.139304e-05
9.216395e-05
9.293804e-05
9.371530e-05
9.449573e-05
9.527934e-05
9.606611e-05
9.685606e-05
9.764919e-05
9.844548e-05
9.924495e-05
1.000476e-04
1.008534e-04
1.016624e-04
1.024745e-04
1.032899e-04
1.041084e-04
1.049300e-04
1.057549e-04
1.065829e-04
1.074141e-04
1.082485e-04
1.090860e-04
1.099267e-04
1.107706e-04
1.116177e-04
1.124679e-04
1.133213e-04
1.141778e-04
1.150376e-04
1.159005e-04
1.167666e-04
1.176359e-04
1.185083e-04
1.193839e-04
1.202627e-04
1.211446e-04
1.220298e-04
1.229181e-04
1.238095e-04
1.247042e-04
1.256020e-04
1.265030e-04
1.274071e-04
1.283145e-04
1.292250e-04
1.301386e-04
1.310555e-04
1.319755e-04
1.328987e-04
1.338251e-04
1.347546e-04
1.356873e-04
1.366232e-04
1.375623e-04
1.385045e-04
1.394499e-04
1.403985e-04
1.413502e-04
1.423051e-04
1.432632e-04
1.442245e-04
1.451889e-04
1.461565e-04
1.471273e-04
1.481013e-04
1.490784e-04
1.500587e-04
1.510422e-04
1.520288e-04
1.530186e-04
1.540116e-04
1.550078e-04
1.560071e-04
1.570096e-04
1.580153e-04
1.590241e-04
1.600362e-04
1.610514e-04
1.620697e-04
1.630913e-04
1.641160e-04
1.651439e-04
1.661749e-04
1.672092e-04
1.682466e-04
1.692871e-04
1.703309e-04
1.713778e-04
1.724279e-04
1.734812e-04
1.745376e-04
1.755972e-04
1.766600e-04
1.777260e-04
1.787951e-04
1.798674e-04
1.809429e-04
1.820215e-04
1.831033e-04
1.841883e-04
1.852765e-04
1.863678e-04
1.874623e-04
1.885600e-04
1.896609e-04
1.907649e-04
1.918721e-04
1.929825e-04
1.940960e-04
1.952127e-04
1.963326e-04
1.974557e-04
1.985819e-04
1.997113e-04
2.008439e-04
2.019796e-04
2.031186e-04
2.042607e-04
2.054059e-04
2.065544e-04
2.077060e-04
2.088608e-04
2.100187e-04
2.111798e-04
2.123442e-04
2.135116e-04
2.146823e-04
2.158561e-04
2.170331e-04
2.182133e-04
2.193966e-04
2.205831e-04
2.217728e-04
2.229656e-04
2.241617e-04
2.253609e-04
2.265632e-04
2.277688e-04
2.289775e-04
2.301894e-04
2.314045e-04
2.326227e-04
2.338441e-04
2.350687e-04
2.362964e-04
2.375274e-04
2.387615e-04
2.399987e-04
2.412392e-04
2.424828e-04
2.437296e-04
2.449795e-04
2.462327e-04
2.474890e-04
2.487485e-04
2.500111e-04
2.512769e-04
2.525459e-04
2.538181e-04
2.550934e-04
2.563719e-04
2.576536e-04
2.589385e-04
2.602265e-04
2.615177e-04
2.628121e-04
2.641096e-04
2.654104e-04
2.667143e-04
2.680213e-04
2.693316e-04
2.706450e-04
2.719615e-04
2.732813e-04
2.746042e-04
2.759303e-04
2.772596e-04
2.785920e-04
2.799277e-04
2.812665e-04
2.826084e-04
2.839536e-04
2.853019e-04
2.866533e-04
2.880080e-04
2.893658e-04
2.907268e-04
2.920910e-04
2.934583e-04
2.948288e-04
2.962025e-04
2.975794e-04
2.989594e-04
3.003426e-04
3.017290e-04
3.031186e-04
3.045113e-04
3.059072e-04
3.073062e-04
3.087085e-04
3.101139e-04
3.115225e-04
3.129342e-04
3.143492e-04
3.157673e-04
3.171885e-04
3.186130e-04
3.200406e-04
3.214714e-04
3.229054e-04
3.243425e-04
3.257828e-04
3.272263e-04
3.286729e-04
3.301228e-04
3.315758e-04
3.330319e-04
3.344913e-04
3.359538e-04
3.374195e-04
3.388884e-04
3.403604e-04
3.418356e-04
3.433140e-04
3.447955e-04
3.462803e-04
3.477682e-04
3.492592e-04
3.507535e-04
3.522509e-04
3.537515e-04
3.552552e-04
3.567622e-04
3.582723e-04
3.597855e-04
3.613020e-04
3.628216e-04
3.643444e-04
3.658704e-04
3.673995e-04
3.689318e-04
3.704673e-04
3.720060e-04
3.735478e-04
3.750928e-04
3.766410e-04
3.781923e-04
3.797468e-04
3.813045e-04
3.828654e-04
3.844294e-04
3.859966e-04
3.875670e-04
3.891406e-04
3.907173e-04
3.922972e-04
3.938803e-04
3.954665e-04
3.970559e-04
3.986485e-04
4.002443e-04
4.018432e-04
4.034453e-04
4.050506e-04
4.066591e-04
4.082707e-04
4.098855e-04
4.115034e-04
4.131246e-04
4.147489e-04
4.163764e-04
4.180070e-04
4.196409e-04
4.212779e-04
4.229181e-04
4.245614e-04
4.262079e-04
4.278576e-04
4.295105e-04
4.311665e-04
4.328257e-04
4.344881e-04
4.361537e-04
4.378224e-04
4.394943e-04
4.411694e-04
4.428476e-04
4.445290e-04
4.462136e-04
4.479014e-04
4.495923e-04
4.512864e-04
4.529837e-04
4.546842e-04
4.563878e-04
4.580946e-04
4.598046e-04
4.615177e-04
4.632340e-04
4.649535e-04
4.666762e-04
4.684020e-04
4.701310e-04
4.718632e-04
4.735986e-04
4.753371e-04
4.770788e-04
4.788236e-04
4.805717e-04
4.823229e-04
4.840773e-04
4.858348e-04
4.875956e-04
4.893595e-04
4.911266e-04
4.928968e-04
4.946702e-04
4.964468e-04
4.982266e-04
5.000095e-04
5.017956e-04
5.035849e-04
5.053774e-04
5.071730e-04
5.089718e-04
5.107738e-04
5.125789e-04
5.143872e-04
5.161987e-04
5.180134e-04
5.198312e-04
5.216522e-04
5.234764e-04
5.253038e-04
5.271343e-04
5.289680e-04
5.308049e-04
5.326449e-04
5.344881e-04
5.363345e-04
5.381841e-04
5.400368e-04
5.418927e-04
5.437518e-04
5.456140e-04
5.474795e-04
5.493481e-04
5.512198e-04
5.530948e-04
5.549729e-04
5.568542e-04
5.587386e-04
5.606262e-04
5.625171e-04
5.644110e-04
5.663082e-04
5.682085e-04
5.701120e-04
5.720187e-04
5.739285e-04
5.758415e-04
5.777577e-04
5.796770e-04
5.815996e-04
5.835253e-04
5.854541e-04
5.873862e-04
5.893214e-04
5.912598e-04
5.932014e-04
5.951461e-04
5.970940e-04
5.990451e-04
6.009993e-04
6.029568e-04
6.049174e-04
6.068811e-04
6.088481e-04
6.108182e-04
6.127915e-04
6.147679e-04
6.167476e-04
6.187304e-04
6.207163e-04
6.227055e-04
6.246978e-04
6.266933e-04
6.286920e-04
6.306938e-04
6.326988e-04
6.347070e-04
6.367184e-04
6.387329e-04
6.407506e-04
6.427715e-04
6.447955e-04
6.468228e-04
6.488531e-04
6.508867e-04
6.529234e-04
6.549634e-04
6.570064e-04
6.590527e-04
6.611021e-04
6.631547e-04
6.652105e-04
6.672694e-04
6.693316e-04
6.713968e-04
6.734653e-04
6.755369e-04
6.776118e-04
6.796897e-04
6.817709e-04
6.838552e-04
6.859427e-04
6.880334e-04
6.901272e-04
6.922242e-04
6.943244e-04
6.964278e-04
6.985343e-04
7.006440e-04
7.027569e-04
7.048729e-04
7.069922e-04
7.091146e-04
7.112401e-04
7.133689e-04
7.155008e-04
7.176359e-04
7.197741e-04
7.219155e-04
7.240602e-04
7.262079e-04
7.283589e-04
7.305130e-04
7.326703e-04
7.348307e-04
7.369944e-04
7.391612e-04
7.413312e-04
7.435043e-04
7.456807e-04
7.478602e-04
7.500428e-04
7.522287e-04
7.544177e-04
7.566099e-04
7.588052e-04
7.610038e-04
7.632055e-04
7.654104e-04
7.676184e-04
7.698296e-04
7.720440e-04
7.742616e-04
7.764823e-04
7.787063e-04
7.809333e-04
7.831636e-04
7.853970e-04
7.876336e-04
7.898734e-04
7.921164e-04
7.943625e-04
7.966118e-04
7.988642e-04
8.011199e-04
8.033787e-04
8.056407e-04
8.079058e-04
8.101742e-04
8.124457e-04
8.147203e-04
8.169982e-04
8.192792e-04
8.215634e-04
8.238508e-04
8.261413e-04
8.284350e-04
8.307319e-04
8.330319e-04
8.353352e-04
8.376416e-04
8.399511e-04
8.422639e-04
8.445798e-04
8.468989e-04
8.492212e-04
8.515466e-04
8.538752e-04
8.562070e-04
8.585419e-04
8.608800e-04
8.632213e-04
8.655658e-04
8.679135e-04
8.702643e-04
8.726183e-04
8.749754e-04
8.773357e-04
8.796992e-04
8.820659e-04
8.844358e-04
8.868088e-04
8.891850e-04
8.915644e-04
8.939469e-04
8.963326e-04
8.987215e-04
9.011135e-04
9.035088e-04
9.059072e-04
9.083087e-04
9.107135e-04
9.131214e-04
9.155325e-04
9.179468e-04
9.203642e-04
9.227848e-04
9.252086e-04
9.276355e-04
9.300657e-04
9.324990e-04
9.349354e-04
9.373751e-04
9.398179e-04
9.422639e-04
9.447130e-04
9.471654e-04
9.496209e-04
9.520796e-04
9.545414e-04
9.570064e-04
9.594746e-04
9.619460e-04
9.644205e-04
9.668983e-04
9.693791e-04
9.718632e-04
9.743504e-04
9.768408e-04
9.793344e-04
9.818312e-04
9.843311e-04
9.868342e-04
9.893404e-04
9.918499e-04
9.943625e-04
9.968783e-04
9.993972e-04
1.001919e-03
1.004445e-03
1.006973e-03
1.009505e-03
1.012040e-03
1.014578e-03
1.017119e-03
1.019663e-03
1.022211e-03
1.024761e-03
1.027315e-03
1.029872e-03
1.032432e-03
1.034996e-03
1.037562e-03
1.040132e-03
1.042705e-03
1.045281e-03
1.047860e-03
1.050443e-03
1.053028e-03
1.055617e-03
1.058209e-03
1.060804e-03
1.063402e-03
1.066004e-03
1.068608e-03
1.071216e-03
1.073827e-03
1.076441e-03
1.079058e-03
1.081679e-03
1.084303e-03
1.086929e-03
1.089559e-03
1.092193e-03
1.094829e-03
1.097468e-03
1.100111e-03
1.102757e-03
1.105406e-03
1.108058e-03
1.110713e-03
1.113372e-03
1.116034e-03
1.118699e-03
1.121367e-03
1.124038e-03
1.126712e-03
1.129390e-03
1.132071e-03
1.134755e-03
1.137442e-03
1.140132e-03
1.142825e-03
1.145522e-03
1.148222e-03
1.150925e-03
1.153631e-03
1.156340e-03
1.159053e-03
1.161768e-03
1.164487e-03
1.167209e-03
1.169934e-03
1.172663e-03
1.175394e-03
1.178129e-03
1.180867e-03
1.183608e-03
1.186352e-03
1.189099e-03
1.191850e-03
1.194604e-03
1.197360e-03
1.200121e-03
1.202884e-03
1.205650e-03
1.208420e-03
1.211193e-03
1.213968e-03
1.216748e-03
1.219530e-03
1.222315e-03
1.225104e-03
1.227896e-03
1.230691e-03
1.233489e-03
1.236290e-03
1.239095e-03
1.241902e-03
1.244713e-03
1.247527e-03
1.250344e-03
1.253165e-03
1.255988e-03
1.258815e-03
1.261645e-03
1.264478e-03
1.267314e-03
1.270153e-03
1.272996e-03
1.275842e-03
1.278690e-03
1.281542e-03
1.284398e-03
1.287256e-03
1.290118e-03
1.292982e-03
1.295850e-03
1.298721e-03
1.301596e-03
1.304473e-03
1.307354e-03
1.310238e-03
1.313125e-03
1.316015e-03
1.318908e-03
1.321805e-03
1.324704e-03
1.327607e-03
1.330513e-03
1.333422e-03
1.336335e-03
1.339250e-03
1.342169e-03
1.345091e-03
1.348016e-03
1.350944e-03
1.353875e-03
1.356810e-03
1.359747e-03
1.362688e-03
1.365632e-03
1.368580e-03
1.371530e-03
1.374484e-03
1.377440e-03
1.380400e-03
1.383363e-03
1.386330e-03
1.389299e-03
1.392272e-03
1.395248e-03
1.398227e-03
1.401209e-03
1.404194e-03
1.407183e-03
1.410174e-03
1.413169e-03
1.416167e-03
1.419168e-03
1.422173e-03
1.425180e-03
1.428191e-03
1.431205e-03
1.434222e-03
1.437242e-03
1.440265e-03
1.443292e-03
1.446321e-03
1.449354e-03
1.452390e-03
1.455430e-03
1.458472e-03
1.461518e-03
1.464566e-03
1.467618e-03
1.470674e-03
1.473732e-03
1.476793e-03
1.479858e-03
1.482926e-03
1.485997e-03
1.489071e-03
1.492148e-03
1.495229e-03
1.498312e-03
1.501399e-03
1.504489e-03
1.507582e-03
1.510679e-03
1.513778e-03
1.516881e-03
1.519987e-03
1.523096e-03
1.526208e-03
1.529323e-03
1.532442e-03
1.535564e-03
1.538688e-03
1.541817e-03
1.544948e-03
1.548082e-03
1.551220e-03
1.554361e-03
1.557505e-03
1.560652e-03
1.563802e-03
1.566955e-03
1.570112e-03
1.573272e-03
1.576435e-03
1.579601e-03
1.582770e-03
1.585943e-03
1.589118e-03
1.592297e-03
1.595479e-03
1.598664e-03
1.601853e-03
1.605044e-03
1.608239e-03
1.611437e-03
1.614638e-03
1.617842e-03
1.621049e-03
1.624260e-03
1.627474e-03
1.630691e-03
1.633911e-03
1.637134e-03
1.640360e-03
1.643590e-03
1.646823e-03
1.650059e-03
1.653298e-03
1.656540e-03
1.659786e-03
1.663034e-03
1.666286e-03
1.669541e-03
1.672799e-03
1.676060e-03
1.679325e-03
1.682593e-03
1.685863e-03
1.689137e-03
1.692415e-03
1.695695e-03
1.698978e-03
1.702265e-03
1.705555e-03
1.708848e-03
1.712144e-03
1.715444e-03
1.718746e-03
1.722052e-03
1.725361e-03
1.728673e-03
1.731988e-03
1.735307e-03
1.738628e-03
1.741953e-03
1.745281e-03
1.748612e-03
1.751946e-03
1.755284e-03
1.758624e-03
1.761968e-03
1.765315e-03
1.768665e-03
1.772019e-03
1.775375e-03
1.778735e-03
1.782098e-03
1.785464e-03
1.788833e-03
1.792205e-03
1.795581e-03
1.798959e-03
1.802341e-03
1.805726e-03
1.809115e-03
1.812506e-03
1.815901e-03
1.819298e-03
1.822699e-03
1.826103e-03
1.829510e-03
1.832921e-03
1.836335e-03
1.839751e-03
1.843171e-03
1.846594e-03
1.850021e-03
1.853450e-03
1.856883e-03
1.860319e-03
1.863757e-03
1.867200e-03
1.870645e-03
1.874093e-03
1.877545e-03
1.881000e-03
1.884458e-03
1.887919e-03
1.891384e-03
1.894851e-03
1.898322e-03
1.901796e-03
1.905273e-03
1.908753e-03
1.912236e-03
1.915723e-03
1.919213e-03
1.922705e-03
1.926202e-03
1.929701e-03
1.933203e-03
1.936709e-03
1.940218e-03
1.943730e-03
1.947245e-03
1.950763e-03
1.954284e-03
1.957809e-03
1.961337e-03
1.964868e-03
1.968402e-03
1.971939e-03
1.975480e-03
1.979024e-03
1.982570e-03
1.986120e-03
1.989674e-03
1.993230e-03
1.996789e-03
2.000352e-03
2.003918e-03
2.007487e-03
2.011059e-03
2.014635e-03
2.018213e-03
2.021795e-03
2.025380e-03
2.028968e-03
2.032559e-03
2.036154e-03
2.039751e-03
2.043352e-03
2.046956e-03
2.050563e-03
2.054173e-03
2.057787e-03
2.061404e-03
2.065023e-03
2.068646e-03
2.072272e-03
2.075902e-03
2.079534e-03
2.083170e-03
2.086809e-03
2.090451e-03
2.094096e-03
2.097744e-03
2.101396e-03
2.105051e-03
2.108708e-03
2.112370e-03
2.116034e-03
2.119701e-03
2.123372e-03
2.127045e-03
2.130722e-03
2.134402e-03
2.138086e-03
2.141772e-03
2.145462e-03
2.149155e-03
2.152850e-03
2.156550e-03
2.160252e-03
2.163957e-03
2.167666e-03
2.171378e-03
2.175093e-03
2.178811e-03
2.182532e-03
2.186257e-03
2.189984e-03
2.193715e-03
2.197449e-03
2.201187e-03
2.204927e-03
2.208670e-03
2.212417e-03
2.216167e-03
2.219920e-03
2.223676e-03
2.227436e-03
2.231198e-03
2.234964e-03
2.238733e-03
2.242505e-03
2.246280e-03
2.250059e-03
2.253840e-03
2.257625e-03
2.261413e-03
2.265204e-03
2.268998e-03
2.272796e-03
2.276597e-03
2.280400e-03
2.284207e-03
2.288018e-03
2.291831e-03
2.295647e-03
2.299467e-03
2.303290e-03
2.307116e-03
2.310945e-03
2.314777e-03
2.318613e-03
2.322452e-03
2.326294e-03
2.330139e-03
2.333987e-03
2.337838e-03
2.341693e-03
2.345551e-03
2.349412e-03
2.353276e-03
2.357143e-03
2.361013e-03
2.364887e-03
2.368764e-03
2.372644e-03
2.376527e-03
2.380413e-03
2.384303e-03
2.388195e-03
2.392091e-03
2.395990e-03
2.399892e-03
2.403797e-03
2.407706e-03
2.411618e-03
2.415533e-03
2.419451e-03
2.423372e-03
2.427296e-03
2.431224e-03
2.435154e-03
2.439088e-03
2.443025e-03
2.446966e-03
2.450909e-03
2.454855e-03
2.458805e-03
2.462758e-03
2.466714e-03
2.470674e-03
2.474636e-03
2.478602e-03
2.482570e-03
2.486542e-03
2.490517e-03
2.494496e-03
2.498477e-03
2.502462e-03
2.506450e-03
2.510441e-03
2.514435e-03
2.518432e-03
2.522433e-03
2.526436e-03
2.530443e-03
2.534453e-03
2.538466e-03
2.542483e-03
2.546502e-03
2.550525e-03
2.554551e-03
2.558580e-03
2.562612e-03
2.566648e-03
2.570686e-03
2.574728e-03
2.578773e-03
2.582821e-03
2.586872e-03
2.590927e-03
2.594984e-03
2.599045e-03
2.603109e-03
2.607176e-03
2.611246e-03
2.615320e-03
2.619397e-03
2.623476e-03
2.627559e-03
2.631646e-03
2.635735e-03
2.639827e-03
2.643923e-03
2.648022e-03
2.652124e-03
2.656229e-03
2.660338e-03
2.664449e-03
2.668564e-03
2.672682e-03
2.676803e-03
2.680927e-03
2.685054e-03
2.689185e-03
2.693319e-03
2.697456e-03
2.701596e-03
2.705739e-03
2.709885e-03
2.714035e-03
2.718188e-03
2.722344e-03
2.726503e-03
2.730665e-03
2.734831e-03
2.738999e-03
2.743171e-03
2.747346e-03
2.751524e-03
2.755706e-03
2.759890e-03
2.764078e-03
2.768269e-03
2.772463e-03
2.776660e-03
2.780860e-03
2.785064e-03
2.789271e-03
2.793481e-03
2.797694e-03
2.801910e-03
2.806129e-03
2.810352e-03
2.814578e-03
2.818807e-03
2.823039e-03
2.827274e-03
2.831512e-03
2.835754e-03
2.839999e-03
2.844247e-03
2.848498e-03
2.852752e-03
2.857010e-03
2.861270e-03
2.865534e-03
2.869801e-03
2.874071e-03
2.878345e-03
2.882621e-03
2.886901e-03
2.891184e-03
2.895470e-03
2.899759e-03
2.904051e-03
2.908347e-03
2.912646e-03
2.916947e-03
2.921252e-03
2.925561e-03
2.929872e-03
2.934187e-03
2.938504e-03
2.942825e-03
2.947150e-03
2.951477e-03
2.955807e-03
2.960141e-03
2.964478e-03
2.968818e-03
2.973161e-03
2.977507e-03
2.981857e-03
2.986209e-03
2.990565e-03
2.994924e-03
2.999286e-03
3.003652e-03
3.008020e-03
3.012392e-03
3.016767e-03
3.021145e-03
3.025526e-03
3.029910e-03
3.034298e-03
3.038688e-03
3.043082e-03
3.047479e-03
3.051880e-03
3.056283e-03
3.060690e-03
3.065099e-03
3.069512e-03
3.073928e-03
3.078348e-03
3.082770e-03
3.087196e-03
3.091625e-03
3.096057e-03
3.100492e-03
3.104930e-03
3.109372e-03
3.113816e-03
3.118264e-03
3.122715e-03
3.127169e-03
3.131627e-03
3.136087e-03
3.140551e-03
3.145018e-03
3.149488e-03
3.153961e-03
3.158437e-03
3.162917e-03
3.167400e-03
3.171885e-03
3.176374e-03
3.180867e-03
3.185362e-03
3.189861e-03
3.194362e-03
3.198867e-03
3.203376e-03
3.207887e-03
3.212401e-03
3.216919e-03
3.221440e-03
3.225964e-03
3.230491e-03
3.235021e-03
3.239555e-03
3.244091e-03
3.248631e-03
3.253174e-03
3.257720e-03
3.262270e-03
3.266822e-03
3.271378e-03
3.275937e-03
3.280499e-03
3.285064e-03
3.289632e-03
3.294204e-03
3.298779e-03
3.303356e-03
3.307938e-03
3.312522e-03
3.317109e-03
3.321700e-03
3.326294e-03
3.330891e-03
3.335491e-03
3.340094e-03
3.344700e-03
3.349310e-03
3.353923e-03
3.358539e-03
3.363158e-03
3.367780e-03
3.372406e-03
3.377034e-03
3.381666e-03
3.386301e-03
3.390939e-03
3.395581e-03
3.400225e-03
3.404873e-03
3.409524e-03
3.414178e-03
3.418835e-03
3.423495e-03
3.428159e-03
3.432826e-03
3.437496e-03
3.442169e-03
3.446845e-03
3.451524e-03
3.456207e-03
3.460893e-03
3.465582e-03
3.470274e-03
3.474969e-03
3.479668e-03
3.484369e-03
3.489074e-03
3.493782e-03
3.498493e-03
3.503207e-03
3.507925e-03
3.512646e-03
3.517369e-03
3.522096e-03
3.526827e-03
3.531560e-03
3.536296e-03
3.541036e-03
3.545779e-03
3.550525e-03
3.555274e-03
3.560027e-03
3.564782e-03
3.569541e-03
3.574303e-03
3.579068e-03
3.583836e-03
3.588608e-03
3.593382e-03
3.598160e-03
3.602941e-03
3.607725e-03
3.612512e-03
3.617303e-03
3.622096e-03
3.626893e-03
3.631693e-03
3.636496e-03
3.641303e-03
3.646112e-03
3.650925e-03
3.655741e-03
3.660560e-03
3.665382e-03
3.670207e-03
3.675036e-03
3.679867e-03
3.684702e-03
3.689540e-03
3.694382e-03
3.699226e-03
3.704073e-03
3.708924e-03
3.713778e-03
3.718635e-03
3.723495e-03
3.728359e-03
3.732561e-03
3.736747e-03
3.740917e-03
3.745071e-03
3.749210e-03
3.753333e-03
3.757440e-03
3.761531e-03
3.765606e-03
3.769665e-03
3.773709e-03
3.777737e-03
3.781749e-03
3.785745e-03
3.789725e-03
3.793690e-03
3.797639e-03
3.801572e-03
3.805489e-03
3.809390e-03
3.813275e-03
3.817145e-03
3.820999e-03
3.824837e-03
3.828659e-03
3.832465e-03
3.836256e-03
3.840031e-03
3.843789e-03
3.847533e-03
3.851260e-03
3.854971e-03
3.858667e-03
3.862347e-03
3.866011e-03
3.869659e-03
3.873291e-03
3.876908e-03
3.880508e-03
3.884093e-03
3.887662e-03
3.891215e-03
3.894753e-03
3.898274e-03
3.901780e-03
3.905270e-03
3.908744e-03
3.912202e-03
3.915645e-03
3.919072e-03
3.922482e-03
3.925877e-03
3.929257e-03
3.932620e-03
3.935967e-03
3.939299e-03
3.942615e-03
3.945915e-03
3.949200e-03
3.952468e-03
3.955721e-03
3.958957e-03
3.962178e-03
3.965384e-03
3.968573e-03
3.971746e-03
3.974904e-03
3.978046e-03
3.981172e-03
3.984282e-03
3.987377e-03
3.990455e-03
3.993518e-03
3.996565e-03
3.999596e-03
4.002612e-03
4.005611e-03
4.008595e-03
4.011563e-03
4.014515e-03
4.017451e-03
4.020371e-03
4.023276e-03
4.026165e-03
4.029038e-03
4.031895e-03
4.034736e-03
4.037562e-03
4.040371e-03
4.043165e-03
4.045943e-03
4.048705e-03
4.051452e-03
4.054182e-03
4.056897e-03
4.059596e-03
4.062279e-03
4.064946e-03
4.067598e-03
4.070233e-03
4.072853e-03
4.075457e-03
4.078045e-03
4.080618e-03
4.083174e-03
4.085715e-03
4.088240e-03
4.090749e-03
4.093242e-03
4.095720e-03
4.098181e-03
4.100627e-03
4.103057e-03
4.105471e-03
4.107870e-03
4.110252e-03
4.112619e-03
4.114970e-03
4.117305e-03
4.119624e-03
4.121927e-03
4.124215e-03
4.126487e-03
4.128743e-03
4.130983e-03
4.133207e-03
4.135416e-03
4.137608e-03
4.139785e-03
4.141946e-03
4.144092e-03
4.146221e-03
4.148334e-03
4.150432e-03
4.152514e-03
4.154580e-03
4.156631e-03
4.158665e-03
4.160684e-03
4.162687e-03
4.164674e-03
4.166645e-03
4.168600e-03
4.170540e-03
4.172463e-03
4.174371e-03
4.176263e-03
4.178140e-03
4.180000e-03
4.181845e-03
4.183674e-03
4.185487e-03
4.187284e-03
4.189065e-03
4.190831e-03
4.192580e-03
4.194314e-03
4.196032e-03
4.197734e-03
4.199421e-03
4.201091e-03
4.202746e-03
4.204385e-03
4.206008e-03
4.207616e-03
4.209207e-03
4.210783e-03
4.212343e-03
4.213887e-03
4.215415e-03
4.216927e-03
4.218424e-03
4.219905e-03
4.221370e-03
4.222819e-03
4.224252e-03
4.225670e-03
4.227071e-03
4.228457e-03
4.229827e-03
4.231181e-03
4.232520e-03
4.233842e-03
4.235149e-03
4.236440e-03
4.237715e-03
4.238974e-03
4.240218e-03
4.241445e-03
4.242657e-03
4.243853e-03
4.245033e-03
4.246198e-03
4.247346e-03
4.248479e-03
4.249596e-03
4.250697e-03
4.251782e-03
4.252852e-03
4.253905e-03
4.254943e-03
4.255965e-03
4.256971e-03
4.257962e-03
4.258936e-03
4.259895e-03
4.260838e-03
4.261765e-03
4.262676e-03
4.263571e-03
4.264451e-03
4.265315e-03
4.266163e-03
4.266995e-03
4.267811e-03
4.268612e-03
4.269396e-03
4.270165e-03
4.270918e-03
4.271655e-03
4.272377e-03
4.273082e-03
4.273772e-03
4.274446e-03
4.275104e-03
4.275746e-03
4.276373e-03
4.276983e-03
4.277578e-03
4.278157e-03
4.278720e-03
4.279268e-03
4.279799e-03
4.280315e-03
4.280815e-03
4.281299e-03
4.281767e-03
4.282220e-03
4.282656e-03
4.283077e-03
4.283482e-03
4.283871e-03
4.284245e-03
4.284602e-03
4.284944e-03
4.285270e-03
4.285580e-03
4.285874e-03
4.286152e-03
4.286415e-03
4.286662e-03
4.286893e-03
4.287108e-03
4.287307e-03
4.287491e-03
4.287658e-03
4.287810e-03
4.287946e-03
4.288067e-03
4.288171e-03
4.288260e-03
4.288332e-03
4.288389e-03
4.288430e-03
4.288456e-03
4.288465e-03
4.288459e-03
4.288437e-03
4.288399e-03
4.288345e-03
4.288275e-03
4.288190e-03
4.288088e-03
4.287971e-03
4.287838e-03
4.287690e-03
4.287525e-03
4.287345e-03
4.287149e-03
4.286937e-03
4.286709e-03
4.286465e-03
4.286206e-03
4.285930e-03
4.285639e-03
4.285332e-03
4.285010e-03
4.284671e-03
4.284317e-03
4.283946e-03
4.283560e-03
4.283159e-03
4.282741e-03
4.282307e-03
4.281858e-03
4.281393e-03
4.280912e-03
4.280415e-03
4.279903e-03
4.279374e-03
4.279052e-03
4.279052e-03
4.279052e-03
4.279052e-03
4.279052e-03
4.279052e-03
4.279052e-03
4.279052e-03
4.279052e-03
4.279052e-03
4.279052e-03
4.279052e-03
4.279052e-03
4.279052e-03
4.279052e-03
4.279052e-03
4.279052e-03
4.279052e-03
4.279052e-03
4.279052e-03
4.279052e-03
4.279052e-03
4.279052e-03
4.279052e-03
4.279052e-03
4.279052e-03
4.279052e-03
4.279052e-03
4.279052e-03
4.279052e-03
4.279052e-03
4.279052e-03
4.279052e-03
4.279052e-03
4.279052e-03
4.279052e-03
4.279052e-03
4.279052e-03
4.279052e-03
4.279052e-03
4.279052e-03
4.279052e-03
4.279052e-03
4.279052e-03
4.279052e-03
4.279052e-03
4.279052e-03
4.279052e-03
4.279052e-03
4.279052e-03
4.279052e-03
4.279052e-03
4.279052e-03
4.279052e-03
4.279052e-03
4.279052e-03
4.279052e-03
4.279052e-03
4.279052e-03
4.279052e-03
4.279052e-03
4.279052e-03
4.279052e-03
4.279052e-03
4.279052e-03
4.279052e-03
4.279052e-03
4.279052e-03
4.279052e-03
4.279052e-03
4.279052e-03
4.279052e-03
4.279052e-03
4.279052e-03
4.279052e-03
4.279052e-03
4.279052e-03
4.279052e-03
4.279052e-03
4.279052e-03
4.279052e-03
4.279052e-03
4.279052e-03
4.279052e-03
4.279052e-03
4.279052e-03
4.279052e-03
4.279052e-03
4.279052e-03
4.279052e-03
4.279052e-03
4.279052e-03
4.279052e-03
4.279052e-03
4.279052e-03
4.279052e-03
4.279052e-03
4.279052e-03
4.279052e-03
4.279052e-03
4.279052e-03
4.279052e-03
4.279052e-03
4.279052e-03
4.279052e-03
4.279052e-03
4.279052e-03
4.279052e-03
4.279052e-03
4.279052e-03
4.279052e-03
4.279052e-03
4.279052e-03
4.279052e-03
4.279052e-03
4.279052e-03
4.279052e-03
4.279052e-03
4.279052e-03
4.279052e-03
4.279052e-03
4.279052e-03
4.279052e-03
4.279052e-03
4.279052e-03
4.279052e-03
4.279052e-03
4.279052e-03
4.279052e-03
4.279052e-03
4.279052e-03
4.279052e-03
4.279052e-03
4.279052e-03
4.279052e-03
4.279052e-03
4.279052e-03
4.279052e-03
4.279052e-03
4.279052e-03
4.279052e-03
4.279052e-03
4.279052e-03
4.279052e-03
4.279052e-03
4.279052e-03
4.279052e-03
4.279052e-03
4.279052e-03
4.279052e-03
4.279052e-03
4.279052e-03
4.279052e-03
4.279052e-03
4.279052e-03
4.279052e-03
4.279052e-03
4.279052e-03
4.279052e-03
4.279052e-03
4.279052e-03
4.279052e-03
4.279052e-03
4.279052e-03
4.279052e-03
4.279052e-03
4.279052e-03
4.279052e-03
4.279052e-03
4.279052e-03
4.279052e-03
4.279052e-03
4.279052e-03
4.279052e-03
4.279052e-03
4.279052e-03
4.279052e-03
4.279052e-03
4.279052e-03
4.279052e-03
4.279052e-03
4.279052e-03
4.279052e-03
4.279052e-03
4.279052e-03
4.279052e-03
4.279052e-03
4.279052e-03
4.279052e-03
4.279052e-03
4.279052e-03
4.279052e-03
4.279052e-03
4.279052e-03
4.279052e-03
4.279052e-03
4.279052e-03
4.279052e-03
4.279052e-03
4.279052e-03
4.279052e-03
