0.000000e+00
1.110371e-07
2.253496e-07
3.429375e-07
4.638009e-07
5.879397e-07
7.153540e-07
8.460436e-07
9.800087e-07
1.117249e-06
1.257765e-06
1.401557e-06
1.548623e-06
1.698966e-06
1.852583e-06
2.009476e-06
2.169645e-06
2.333089e-06
2.499808e-06
2.669803e-06
2.843073e-06
3.019619e-06
3.199440e-06
3.382537e-06
3.568909e-06
3.758556e-06
3.951479e-06
4.147677e-06
4.347151e-06
4.549900e-06
4.755925e-06
4.965225e-06
5.177800e-06
5.393651e-06
5.612777e-06
5.835179e-06
6.060856e-06
6.289809e-06
6.522037e-06
6.757540e-06
6.996319e-06
7.238373e-06
7.483703e-06
7.732308e-06
7.984189e-06
8.239345e-06
8.497776e-06
8.759483e-06
9.024465e-06
9.292723e-06
9.564256e-06
9.839065e-06
1.011715e-05
1.039851e-05
1.068314e-05
1.097105e-05
1.126224e-05
1.155670e-05
1.185444e-05
1.215545e-05
1.245974e-05
1.276730e-05
1.307814e-05
1.339225e-05
1.370964e-05
1.403031e-05
1.435425e-05
1.468146e-05
1.501195e-05
1.534572e-05
1.568276e-05
1.602308e-05
1.636667e-05
1.671354e-05
1.706368e-05
1.741710e-05
1.777379e-05
1.813376e-05
1.849701e-05
1.886353e-05
1.923333e-05
1.960640e-05
1.998275e-05
2.036237e-05
2.074527e-05
2.113144e-05
2.152089e-05
2.191361e-05
2.230961e-05
2.270889e-05
2.311144e-05
2.351726e-05
2.392636e-05
2.433874e-05
2.475439e-05
2.517332e-05
2.559552e-05
2.602100e-05
2.644975e-05
2.688178e-05
2.731709e-05
2.775567e-05
2.819752e-05
2.864266e-05
2.909106e-05
2.954274e-05
2.999770e-05
3.045593e-05
3.091744e-05
3.138223e-05
3.185028e-05
3.232162e-05
3.279623e-05
3.327411e-05
3.375527e-05
3.423971e-05
3.472742e-05
3.521841e-05
3.571267e-05
3.621021e-05
3.671102e-05
3.721511e-05
3.772248e-05
3.823311e-05
3.874703e-05
3.926422e-05
3.978469e-05
4.030843e-05
4.083544e-05
4.136574e-05
4.189930e-05
4.243615e-05
4.297627e-05
4.351966e-05
4.406633e-05
4.461627e-05
4.516949e-05
4.572599e-05
4.628576e-05
4.684881e-05
4.741513e-05
4.798473e-05
4.855760e-05
4.913375e-05
4.971317e-05
5.029587e-05
5.088184e-05
5.147109e-05
5.206362e-05
5.265942e-05
5.325850e-05
5.386085e-05
5.446647e-05
5.507538e-05
5.568756e-05
5.630301e-05
5.692174e-05
5.754374e-05
5.816902e-05
5.879758e-05
5.942941e-05
6.006451e-05
6.070289e-05
6.134455e-05
6.198948e-05
6.263769e-05
6.328917e-05
6.394393e-05
6.460197e-05
6.526328e-05
6.592786e-05
6.659572e-05
6.726686e-05
6.794127e-05
6.861895e-05
6.929992e-05
6.998415e-05
7.067167e-05
7.136245e-05
7.205652e-05
7.275386e-05
7.345447e-05
7.415836e-05
7.486553e-05
7.557597e-05
7.628968e-05
7.700668e-05
7.772694e-05
7.845049e-05
7.917730e-05
7.990740e-05
8.064077e-05
8.137741e-05
8.211733e-05
8.286052e-05
8.360700e-05
8.435674e-05
8.510976e-05
8.586606e-05
8.662563e-05
8.738848e-05
8.815460e-05
8.892400e-05
8.969668e-05
9.047262e-05
9.125185e-05
9.203435e-05
9.282013e-05
9.360918e-05
9.440150e-05
9.519711e-05
9.599598e-05
9.679814e-05
9.760356e-05
9.841227e-05
9.922425e-05
1.000395e-04
1.008580e-04
1.016798e-04
1.025049e-04
1.033333e-04
1.041649e-04
1.049998e-04
1.058380e-04
1.066795e-04
1.075242e-04
1.083722e-04
1.092235e-04
1.100780e-04
1.109359e-04
1.117970e-04
1.126614e-04
1.135290e-04
1.144000e-04
1.152742e-04
1.161517e-04
1.170324e-04
1.179165e-04
1.188038e-04
1.196944e-04
1.205882e-04
1.214854e-04
1.223858e-04
1.232895e-04
1.241965e-04
1.251067e-04
1.260202e-04
1.269370e-04
1.278571e-04
1.287804e-04
1.297070e-04
1.306369e-04
1.315701e-04
1.325065e-04
1.334463e-04
1.343893e-04
1.353355e-04
1.362851e-04
1.372379e-04
1.381940e-04
1.391534e-04
1.401160e-04
1.410820e-04
1.420512e-04
1.430236e-04
1.439994e-04
1.449784e-04
1.459607e-04
1.469463e-04
1.479351e-04
1.489273e-04
1.499227e-04
1.509213e-04
1.519233e-04
1.529285e-04
1.539370e-04
1.549488e-04
1.559639e-04
1.569822e-04
1.580038e-04
1.590287e-04
1.600568e-04
1.610883e-04
1.621230e-04
1.631610e-04
1.642022e-04
1.652468e-04
1.662946e-04
1.673457e-04
1.684000e-04
1.694577e-04
1.705186e-04
1.715828e-04
1.726502e-04
1.737210e-04
1.747950e-04
1.758723e-04
1.769528e-04
1.780367e-04
1.791238e-04
1.802142e-04
1.813078e-04
1.824048e-04
1.835050e-04
1.846085e-04
1.857153e-04
1.868253e-04
1.879386e-04
1.890552e-04
1.901751e-04
1.912982e-04
1.924247e-04
1.935543e-04
1.946873e-04
1.958236e-04
1.969631e-04
1.981059e-04
1.992520e-04
2.004013e-04
2.015539e-04
2.027098e-04
2.038690e-04
2.050315e-04
2.061972e-04
2.073662e-04
2.085385e-04
2.097140e-04
2.108928e-04
2.120749e-04
2.132603e-04
2.144490e-04
2.156409e-04
2.168361e-04
2.180346e-04
2.192363e-04
2.204414e-04
2.216497e-04
2.228613e-04
2.240761e-04
2.252942e-04
2.265157e-04
2.277403e-04
2.289683e-04
2.301995e-04
2.314340e-04
2.326718e-04
2.339129e-04
2.351572e-04
2.364048e-04
2.376557e-04
2.389099e-04
2.401673e-04
2.414280e-04
2.426920e-04
2.439593e-04
2.452298e-04
2.465036e-04
2.477807e-04
2.490611e-04
2.503447e-04
2.516317e-04
2.529218e-04
2.542153e-04
2.555121e-04
2.568121e-04
2.581154e-04
2.594219e-04
2.607318e-04
2.620449e-04
2.633613e-04
2.646810e-04
2.660039e-04
2.673301e-04
2.686596e-04
2.699924e-04
2.713285e-04
2.726678e-04
2.740104e-04
2.753563e-04
2.767054e-04
2.780578e-04
2.794135e-04
2.807725e-04
2.821348e-04
2.835003e-04
2.848691e-04
2.862412e-04
2.876165e-04
2.889951e-04
2.903770e-04
2.917622e-04
2.931507e-04
2.945424e-04
2.959374e-04
2.973357e-04
2.987373e-04
3.001421e-04
3.015502e-04
3.029616e-04
3.043762e-04
3.057942e-04
3.072154e-04
3.086399e-04
3.100676e-04
3.114987e-04
3.129330e-04
3.143706e-04
3.158114e-04
3.172556e-04
3.187030e-04
3.201537e-04
3.216076e-04
3.230649e-04
3.245254e-04
3.259892e-04
3.274562e-04
3.289266e-04
3.304002e-04
3.318771e-04
3.333572e-04
3.348407e-04
3.363274e-04
3.378174e-04
3.393107e-04
3.408072e-04
3.423070e-04
3.438101e-04
3.453165e-04
3.468261e-04
3.483391e-04
3.498553e-04
3.513747e-04
3.528975e-04
3.544235e-04
3.559528e-04
3.574854e-04
3.590212e-04
3.605603e-04
3.621027e-04
3.636484e-04
3.651974e-04
3.667496e-04
3.683051e-04
3.698639e-04
3.714259e-04
3.729913e-04
3.745599e-04
3.761317e-04
3.777069e-04
3.792853e-04
3.808670e-04
3.824520e-04
3.840403e-04
3.856318e-04
3.872266e-04
3.888247e-04
3.904260e-04
3.920307e-04
3.936386e-04
3.952498e-04
3.968642e-04
3.984820e-04
4.001030e-04
4.017273e-04
4.033548e-04
4.049857e-04
4.066198e-04
4.082572e-04
4.098978e-04
4.115418e-04
4.131890e-04
4.148395e-04
4.164932e-04
4.181503e-04
4.198106e-04
4.214742e-04
4.231410e-04
4.248112e-04
4.264846e-04
4.281613e-04
4.298413e-04
4.315245e-04
4.332110e-04
4.349008e-04
4.365939e-04
4.382902e-04
4.399899e-04
4.416928e-04
4.433989e-04
4.451084e-04
4.468211e-04
4.485371e-04
4.502564e-04
4.519789e-04
4.537047e-04
4.554338e-04
4.571662e-04
4.589019e-04
4.606408e-04
4.623830e-04
4.641285e-04
4.658772e-04
4.676293e-04
4.693846e-04
4.711431e-04
4.729050e-04
4.746701e-04
4.764385e-04
4.782102e-04
4.799852e-04
4.817634e-04
4.835449e-04
4.853297e-04
4.871177e-04
4.889091e-04
4.907037e-04
4.925016e-04
4.943027e-04
4.961072e-04
4.979149e-04
4.997258e-04
5.015401e-04
5.033576e-04
5.051785e-04
5.070025e-04
5.088299e-04
5.106605e-04
5.124945e-04
5.143316e-04
5.161721e-04
5.180158e-04
5.198629e-04
5.217132e-04
5.235667e-04
5.254236e-04
5.272837e-04
5.291471e-04
5.310137e-04
5.328837e-04
5.347569e-04
5.366334e-04
5.385132e-04
5.403962e-04
5.422825e-04
5.441721e-04
5.460650e-04
5.479611e-04
5.498606e-04
5.517633e-04
5.536692e-04
5.555785e-04
5.574910e-04
5.594068e-04
5.613259e-04
5.632482e-04
5.651739e-04
5.671028e-04
5.690349e-04
5.709704e-04
5.729091e-04
5.748511e-04
5.767964e-04
5.787449e-04
5.806968e-04
5.826519e-04
5.846103e-04
5.865719e-04
5.885368e-04
5.905051e-04
5.924765e-04
5.944513e-04
5.964293e-04
5.984106e-04
6.003952e-04
6.023831e-04
6.043742e-04
6.063686e-04
6.083663e-04
6.103673e-04
6.123715e-04
6.143790e-04
6.163898e-04
6.184039e-04
6.204212e-04
6.224418e-04
6.244657e-04
6.264929e-04
6.285233e-04
6.305570e-04
6.325940e-04
6.346343e-04
6.366778e-04
6.387246e-04
6.407747e-04
6.428281e-04
6.448847e-04
6.469446e-04
6.490078e-04
6.510743e-04
6.531441e-04
6.552171e-04
6.572934e-04
6.593729e-04
6.614558e-04
6.635419e-04
6.656313e-04
6.677240e-04
6.698199e-04
6.719191e-04
6.740216e-04
6.761274e-04
6.782365e-04
6.803488e-04
6.824644e-04
6.845833e-04
6.867054e-04
6.888308e-04
6.909596e-04
6.930915e-04
6.952268e-04
6.973653e-04
6.995071e-04
7.016522e-04
7.038005e-04
7.059522e-04
7.081071e-04
7.102653e-04
7.124267e-04
7.145915e-04
7.167595e-04
7.189307e-04
7.211053e-04
7.232831e-04
7.254642e-04
7.276486e-04
7.298363e-04
7.320272e-04
7.342214e-04
7.364189e-04
7.386197e-04
7.408237e-04
7.430310e-04
7.452416e-04
7.474555e-04
7.496726e-04
7.518930e-04
7.541167e-04
7.563437e-04
7.585739e-04
7.608074e-04
7.630442e-04
7.652843e-04
7.675276e-04
7.697743e-04
7.720242e-04
7.742773e-04
7.765338e-04
7.787935e-04
7.810565e-04
7.833228e-04
7.855923e-04
7.878651e-04
7.901412e-04
7.924206e-04
7.947032e-04
7.969892e-04
7.992784e-04
8.015708e-04
8.038666e-04
8.061656e-04
8.084679e-04
8.107735e-04
8.130823e-04
8.153945e-04
8.177099e-04
8.200285e-04
8.223505e-04
8.246757e-04
8.270042e-04
8.293360e-04
8.316711e-04
8.340094e-04
8.363510e-04
8.386959e-04
8.410440e-04
8.433955e-04
8.457502e-04
8.481081e-04
8.504694e-04
8.528339e-04
8.552017e-04
8.575728e-04
8.599472e-04
8.623248e-04
8.647057e-04
8.670899e-04
8.694774e-04
8.718681e-04
8.742621e-04
8.766594e-04
8.790600e-04
8.814638e-04
8.838709e-04
8.862813e-04
8.886950e-04
8.911119e-04
8.935321e-04
8.959556e-04
8.983824e-04
9.008124e-04
9.032458e-04
9.056823e-04
9.081222e-04
9.105654e-04
9.130118e-04
9.154615e-04
9.179144e-04
9.203707e-04
9.228302e-04
9.252930e-04
9.277591e-04
9.302284e-04
9.327010e-04
9.351769e-04
9.376561e-04
9.401386e-04
9.426243e-04
9.451133e-04
9.476056e-04
9.501011e-04
9.525999e-04
9.551020e-04
9.576074e-04
9.601161e-04
9.626280e-04
9.651432e-04
9.676617e-04
9.701834e-04
9.727085e-04
9.752368e-04
9.777683e-04
9.803032e-04
9.828413e-04
9.853827e-04
9.879274e-04
9.904754e-04
9.930266e-04
9.955811e-04
9.981389e-04
1.000700e-03
1.003264e-03
1.005832e-03
1.008403e-03
1.010977e-03
1.013554e-03
1.016135e-03
1.018719e-03
1.021306e-03
1.023897e-03
1.026491e-03
1.029088e-03
1.031688e-03
1.034292e-03
1.036899e-03
1.039509e-03
1.042122e-03
1.044739e-03
1.047359e-03
1.049982e-03
1.052609e-03
1.055239e-03
1.057872e-03
1.060508e-03
1.063148e-03
1.065791e-03
1.068437e-03
1.071087e-03
1.073739e-03
1.076395e-03
1.079055e-03
1.081717e-03
1.084383e-03
1.087052e-03
1.089725e-03
1.092401e-03
1.095080e-03
1.097762e-03
1.100447e-03
1.103136e-03
1.105828e-03
1.108524e-03
1.111222e-03
1.113924e-03
1.116629e-03
1.119338e-03
1.122049e-03
1.124764e-03
1.127483e-03
1.130204e-03
1.132929e-03
1.135657e-03
1.138389e-03
1.141123e-03
1.143861e-03
1.146602e-03
1.149347e-03
1.152095e-03
1.154846e-03
1.157600e-03
1.160358e-03
1.163118e-03
1.165883e-03
1.168650e-03
1.171421e-03
1.174195e-03
1.176972e-03
1.179752e-03
1.182536e-03
1.185323e-03
1.188114e-03
1.190907e-03
1.193704e-03
1.196504e-03
1.199308e-03
1.202114e-03
1.204924e-03
1.207738e-03
1.210554e-03
1.213374e-03
1.216197e-03
1.219023e-03
1.221853e-03
1.224686e-03
1.227522e-03
1.230362e-03
1.233204e-03
1.236050e-03
1.238900e-03
1.241752e-03
1.244608e-03
1.247467e-03
1.250330e-03
1.253195e-03
1.256064e-03
1.258937e-03
1.261812e-03
1.264691e-03
1.267573e-03
1.270458e-03
1.273347e-03
1.276239e-03
1.279134e-03
1.282032e-03
1.284934e-03
1.287839e-03
1.290747e-03
1.293659e-03
1.296574e-03
1.299492e-03
1.302413e-03
1.305338e-03
1.308265e-03
1.311197e-03
1.314131e-03
1.317069e-03
1.320010e-03
1.322954e-03
1.325902e-03
1.328853e-03
1.331807e-03
1.334764e-03
1.337725e-03
1.340689e-03
1.343656e-03
1.346626e-03
1.349600e-03
1.352577e-03
1.355557e-03
1.358541e-03
1.361528e-03
1.364518e-03
1.367511e-03
1.370508e-03
1.373508e-03
1.376511e-03
1.379518e-03
1.382528e-03
1.385541e-03
1.388557e-03
1.391577e-03
1.394600e-03
1.397626e-03
1.400655e-03
1.403688e-03
1.406724e-03
1.409763e-03
1.412806e-03
1.415852e-03
1.418901e-03
1.421953e-03
1.425009e-03
1.428068e-03
1.431130e-03
1.434195e-03
1.437264e-03
1.440336e-03
1.443411e-03
1.446490e-03
1.449572e-03
1.452657e-03
1.455745e-03
1.458837e-03
1.461932e-03
1.465030e-03
1.468132e-03
1.471236e-03
1.474345e-03
1.477456e-03
1.480570e-03
1.483688e-03
1.486810e-03
1.489934e-03
1.493062e-03
1.496193e-03
1.499327e-03
1.502464e-03
1.505605e-03
1.508749e-03
1.511897e-03
1.515047e-03
1.518201e-03
1.521358e-03
1.524519e-03
1.527683e-03
1.530850e-03
1.534020e-03
1.537193e-03
1.540370e-03
1.543550e-03
1.546734e-03
1.549921e-03
1.553110e-03
1.556304e-03
1.559500e-03
1.562700e-03
1.565903e-03
1.569109e-03
1.572319e-03
1.575532e-03
1.578748e-03
1.581967e-03
1.585190e-03
1.588416e-03
1.591645e-03
1.594878e-03
1.598114e-03
1.601353e-03
1.604595e-03
1.607841e-03
1.611089e-03
1.614342e-03
1.617597e-03
1.620856e-03
1.624118e-03
1.627383e-03
1.630652e-03
1.633924e-03
1.637199e-03
1.640477e-03
1.643759e-03
1.647044e-03
1.650332e-03
1.653623e-03
1.656918e-03
1.660216e-03
1.663517e-03
1.666822e-03
1.670130e-03
1.673441e-03
1.676755e-03
1.680073e-03
1.683394e-03
1.686718e-03
1.690046e-03
1.693376e-03
1.696711e-03
1.700048e-03
1.703388e-03
1.706732e-03
1.710080e-03
1.713430e-03
1.716784e-03
1.720141e-03
1.723501e-03
1.726864e-03
1.730231e-03
1.733601e-03
1.736975e-03
1.740351e-03
1.743731e-03
1.747115e-03
1.750501e-03
1.753891e-03
1.757284e-03
1.760680e-03
1.764080e-03
1.767482e-03
1.770889e-03
1.774298e-03
1.777711e-03
1.781127e-03
1.784546e-03
1.787968e-03
1.791394e-03
1.794823e-03
1.798255e-03
1.801691e-03
1.805130e-03
1.808572e-03
1.812017e-03
1.815466e-03
1.818918e-03
1.822373e-03
1.825832e-03
1.829294e-03
1.832759e-03
1.836227e-03
1.839699e-03
1.843174e-03
1.846652e-03
1.850133e-03
1.853618e-03
1.857106e-03
1.860597e-03
1.864092e-03
1.867590e-03
1.871091e-03
1.874595e-03
1.878103e-03
1.881614e-03
1.885128e-03
1.888646e-03
1.892166e-03
1.895690e-03
1.899218e-03
1.902748e-03
1.906282e-03
1.909819e-03
1.913360e-03
1.916903e-03
1.920450e-03
1.924001e-03
1.927554e-03
1.931111e-03
1.934671e-03
1.938234e-03
1.941801e-03
1.945371e-03
1.948944e-03
1.952520e-03
1.956100e-03
1.959683e-03
1.963269e-03
1.966859e-03
1.970452e-03
1.974048e-03
1.977647e-03
1.981250e-03
1.984856e-03
1.988465e-03
1.992077e-03
1.995693e-03
1.999312e-03
2.002934e-03
2.006560e-03
2.010189e-03
2.013821e-03
2.017456e-03
2.021095e-03
2.024737e-03
2.028382e-03
2.032031e-03
2.035683e-03
2.039338e-03
2.042996e-03
2.046658e-03
2.050322e-03
2.053991e-03
2.057662e-03
2.061337e-03
2.065015e-03
2.068696e-03
2.072380e-03
2.076068e-03
2.079759e-03
2.083454e-03
2.087151e-03
2.090852e-03
2.094556e-03
2.098264e-03
2.101975e-03
2.105689e-03
2.109406e-03
2.113126e-03
2.116850e-03
2.120577e-03
2.124308e-03
2.128041e-03
2.131778e-03
2.135519e-03
2.139262e-03
2.143009e-03
2.146759e-03
2.150512e-03
2.154269e-03
2.158029e-03
2.161792e-03
2.165558e-03
2.169328e-03
2.173101e-03
2.176877e-03
2.180657e-03
2.184439e-03
2.188226e-03
2.192015e-03
2.195808e-03
2.199603e-03
2.203403e-03
2.207205e-03
2.211011e-03
2.214820e-03
2.218632e-03
2.222448e-03
2.226266e-03
2.230088e-03
2.233914e-03
2.237743e-03
2.241574e-03
2.245410e-03
2.249248e-03
2.253090e-03
2.256935e-03
2.260783e-03
2.264635e-03
2.268490e-03
2.272348e-03
2.276209e-03
2.280074e-03
2.283942e-03
2.287813e-03
2.291688e-03
2.295565e-03
2.299446e-03
2.303331e-03
2.307218e-03
2.311109e-03
2.315003e-03
2.318901e-03
2.322802e-03
2.326706e-03
2.330613e-03
2.334523e-03
2.338437e-03
2.342354e-03
2.346275e-03
2.350198e-03
2.354125e-03
2.358055e-03
2.361989e-03
2.365926e-03
2.369866e-03
2.373809e-03
2.377755e-03
2.381705e-03
2.385658e-03
2.389615e-03
2.393574e-03
2.397537e-03
2.401504e-03
2.405473e-03
2.409446e-03
2.413422e-03
2.417401e-03
2.421384e-03
2.425370e-03
2.429359e-03
2.433351e-03
2.437347e-03
2.441346e-03
2.445348e-03
2.449354e-03
2.453362e-03
2.457375e-03
2.461390e-03
2.465409e-03
2.469430e-03
2.473456e-03
2.477484e-03
2.481516e-03
2.485551e-03
2.489589e-03
2.493631e-03
2.497675e-03
2.501724e-03
2.505775e-03
2.509830e-03
2.513887e-03
2.517949e-03
2.522013e-03
2.526081e-03
2.530152e-03
2.534226e-03
2.538304e-03
2.542385e-03
2.546469e-03
2.550556e-03
2.554647e-03
2.558741e-03
2.562838e-03
2.566939e-03
2.571042e-03
2.575150e-03
2.579260e-03
2.583373e-03
2.587490e-03
2.591611e-03
2.595734e-03
2.599861e-03
2.603991e-03
2.608124e-03
2.612260e-03
2.616400e-03
2.620543e-03
2.624690e-03
2.628839e-03
2.632992e-03
2.637148e-03
2.641308e-03
2.645471e-03
2.649637e-03
2.653806e-03
2.657979e-03
2.662154e-03
2.666334e-03
2.670516e-03
2.674702e-03
2.678891e-03
2.683083e-03
2.687278e-03
2.691477e-03
2.695679e-03
2.699884e-03
2.704093e-03
2.708305e-03
2.712520e-03
2.716738e-03
2.720960e-03
2.725185e-03
2.729413e-03
2.733645e-03
2.737880e-03
2.742118e-03
2.746359e-03
2.750604e-03
2.754852e-03
2.759103e-03
2.763357e-03
2.767615e-03
2.771876e-03
2.776140e-03
2.780408e-03
2.784679e-03
2.788953e-03
2.793230e-03
2.797511e-03
2.801795e-03
2.806082e-03
2.810373e-03
2.814666e-03
2.818963e-03
2.823264e-03
2.827567e-03
2.831874e-03
2.836184e-03
2.840498e-03
2.844814e-03
2.849134e-03
2.853458e-03
2.857784e-03
2.862114e-03
2.866447e-03
2.870783e-03
2.875123e-03
2.879466e-03
2.883812e-03
2.888161e-03
2.892514e-03
2.896870e-03
2.901229e-03
2.905592e-03
2.909958e-03
2.914327e-03
2.918699e-03
2.923075e-03
2.927454e-03
2.931836e-03
2.936221e-03
2.940610e-03
2.945002e-03
2.949398e-03
2.953796e-03
2.958198e-03
2.962603e-03
2.967012e-03
2.971423e-03
2.975838e-03
2.980256e-03
2.984678e-03
2.989103e-03
2.993531e-03
2.997962e-03
3.002397e-03
3.006835e-03
3.011276e-03
3.015720e-03
3.020168e-03
3.024619e-03
3.029073e-03
3.033531e-03
3.037991e-03
3.042455e-03
3.046923e-03
3.051393e-03
3.055867e-03
3.060345e-03
3.064825e-03
3.069309e-03
3.073796e-03
3.078286e-03
3.082780e-03
3.087276e-03
3.091777e-03
3.096280e-03
3.100787e-03
3.105297e-03
3.109810e-03
3.114326e-03
3.118846e-03
3.123369e-03
3.127895e-03
3.132425e-03
3.136958e-03
3.141494e-03
3.146033e-03
3.150576e-03
3.155122e-03
3.159671e-03
3.164224e-03
3.168780e-03
3.173339e-03
3.177901e-03
3.182467e-03
3.187036e-03
3.191608e-03
3.196183e-03
3.200762e-03
3.205344e-03
3.209929e-03
3.214518e-03
3.219110e-03
3.223705e-03
3.228303e-03
3.232905e-03
3.237510e-03
3.242118e-03
3.246729e-03
3.251344e-03
3.255962e-03
3.260583e-03
3.265208e-03
3.269836e-03
3.274467e-03
3.279101e-03
3.283739e-03
3.288380e-03
3.293024e-03
3.297672e-03
3.302323e-03
3.306977e-03
3.311634e-03
3.316295e-03
3.320958e-03
3.325626e-03
3.330296e-03
3.334970e-03
3.339647e-03
3.344327e-03
3.349011e-03
3.353697e-03
3.358387e-03
3.363081e-03
3.367777e-03
3.372477e-03
3.377181e-03
3.381887e-03
3.386597e-03
3.391310e-03
3.396026e-03
3.400746e-03
3.405468e-03
3.410195e-03
3.414924e-03
3.419657e-03
3.424393e-03
3.429132e-03
3.433874e-03
3.438620e-03
3.443369e-03
3.448121e-03
3.452877e-03
3.457636e-03
3.462398e-03
3.467163e-03
3.471932e-03
3.476704e-03
3.481479e-03
3.486258e-03
3.491040e-03
3.495825e-03
3.500613e-03
3.505405e-03
3.510200e-03
3.514998e-03
3.519799e-03
3.524604e-03
3.529412e-03
3.534223e-03
3.539038e-03
3.543856e-03
3.548677e-03
3.553501e-03
3.558329e-03
3.563160e-03
3.567994e-03
3.572831e-03
3.577672e-03
3.582516e-03
3.587364e-03
3.592214e-03
3.597068e-03
3.601925e-03
3.606786e-03
3.611649e-03
3.616516e-03
3.621386e-03
3.626260e-03
3.631137e-03
3.636017e-03
3.640900e-03
3.645787e-03
3.650677e-03
3.655570e-03
3.660466e-03
3.665366e-03
3.670269e-03
3.675175e-03
3.680085e-03
3.684998e-03
3.689914e-03
3.694833e-03
3.699756e-03
3.704682e-03
3.709611e-03
3.714543e-03
3.719479e-03
3.724418e-03
3.729360e-03
3.734306e-03
3.739255e-03
3.744207e-03
3.749162e-03
3.754121e-03
3.759083e-03
3.764048e-03
3.769017e-03
3.773988e-03
3.778963e-03
3.783942e-03
3.788923e-03
3.793908e-03
3.798896e-03
3.803888e-03
3.808883e-03
3.813881e-03
3.818882e-03
3.823886e-03
3.828894e-03
3.833905e-03
3.838920e-03
3.843937e-03
3.848293e-03
3.852633e-03
3.856957e-03
3.861264e-03
3.865555e-03
3.869829e-03
3.874087e-03
3.878329e-03
3.882555e-03
3.886764e-03
3.890957e-03
3.895133e-03
3.899293e-03
3.903437e-03
3.907565e-03
3.911676e-03
3.915771e-03
3.919849e-03
3.923911e-03
3.927957e-03
3.931987e-03
3.936000e-03
3.939996e-03
3.943977e-03
3.947941e-03
3.951889e-03
3.955820e-03
3.959736e-03
3.963634e-03
3.967517e-03
3.971383e-03
3.975233e-03
3.979066e-03
3.982883e-03
3.986684e-03
3.990469e-03
3.994237e-03
3.997989e-03
4.001724e-03
4.005443e-03
4.009146e-03
4.012833e-03
4.016503e-03
4.020157e-03
4.023794e-03
4.027415e-03
4.031020e-03
4.034609e-03
4.038181e-03
4.041737e-03
4.045276e-03
4.048799e-03
4.052306e-03
4.055796e-03
4.059271e-03
4.062728e-03
4.066170e-03
4.069595e-03
4.073004e-03
4.076396e-03
4.079772e-03
4.083132e-03
4.086476e-03
4.089803e-03
4.093114e-03
4.096408e-03
4.099686e-03
4.102948e-03
4.106194e-03
4.109423e-03
4.112636e-03
4.115832e-03
4.119012e-03
4.122176e-03
4.125323e-03
4.128455e-03
4.131569e-03
4.134668e-03
4.137750e-03
4.140816e-03
4.143865e-03
4.146898e-03
4.149915e-03
4.152916e-03
4.155900e-03
4.158868e-03
4.161819e-03
4.164754e-03
4.167673e-03
4.170575e-03
4.173462e-03
4.176331e-03
4.179185e-03
4.182022e-03
4.184843e-03
4.187647e-03
4.190435e-03
4.193207e-03
4.195963e-03
4.198702e-03
4.201425e-03
4.204131e-03
4.206821e-03
4.209495e-03
4.212152e-03
4.214794e-03
4.217418e-03
4.220027e-03
4.222619e-03
4.225195e-03
4.227754e-03
4.230297e-03
4.232824e-03
4.235335e-03
4.237829e-03
4.240307e-03
4.242768e-03
4.245213e-03
4.247642e-03
4.250054e-03
4.252450e-03
4.254830e-03
4.257194e-03
4.259541e-03
4.261872e-03
4.264186e-03
4.266484e-03
4.268766e-03
4.271031e-03
4.273281e-03
4.275513e-03
4.277730e-03
4.279930e-03
4.282114e-03
4.284281e-03
4.286432e-03
4.288567e-03
4.290686e-03
4.292788e-03
4.294873e-03
4.296943e-03
4.298996e-03
4.301033e-03
4.303053e-03
4.305057e-03
4.307045e-03
4.309017e-03
4.310972e-03
4.312911e-03
4.314833e-03
4.316739e-03
4.318629e-03
4.320502e-03
4.322359e-03
4.324200e-03
4.326025e-03
4.327833e-03
4.329625e-03
4.331400e-03
4.333159e-03
4.334902e-03
4.336628e-03
4.338338e-03
4.340032e-03
4.341710e-03
4.343371e-03
4.345016e-03
4.346644e-03
4.348256e-03
4.349852e-03
4.351431e-03
4.352994e-03
4.354541e-03
4.356072e-03
4.357586e-03
4.359084e-03
4.360565e-03
4.362030e-03
4.363479e-03
4.364911e-03
4.366327e-03
4.367727e-03
4.369111e-03
4.370478e-03
4.371829e-03
4.373163e-03
4.374481e-03
4.375783e-03
4.377068e-03
4.378337e-03
4.379590e-03
4.380827e-03
4.382047e-03
4.383251e-03
4.384438e-03
4.385609e-03
4.386764e-03
4.387902e-03
4.389024e-03
4.390130e-03
4.391220e-03
4.392293e-03
4.393349e-03
4.394390e-03
4.395414e-03
4.396422e-03
4.397413e-03
4.398388e-03
4.399347e-03
4.400289e-03
4.401216e-03
4.402125e-03
4.403019e-03
4.403896e-03
4.404757e-03
4.405601e-03
4.406429e-03
4.407241e-03
4.408036e-03
4.408815e-03
4.409578e-03
4.410325e-03
4.411055e-03
4.411768e-03
4.412466e-03
4.413147e-03
4.413812e-03
4.414460e-03
4.415092e-03
4.415708e-03
4.416307e-03
4.416891e-03
4.417457e-03
4.418008e-03
4.418542e-03
4.419060e-03
4.419561e-03
4.420046e-03
4.420515e-03
4.420967e-03
4.421403e-03
4.421823e-03
4.422227e-03
4.422614e-03
4.422984e-03
4.423339e-03
4.423677e-03
4.423999e-03
4.424304e-03
4.424593e-03
4.424866e-03
4.425122e-03
4.425362e-03
4.425586e-03
4.425794e-03
4.425985e-03
4.426159e-03
4.426318e-03
4.426460e-03
4.426586e-03
4.426695e-03
4.426788e-03
4.426865e-03
4.426925e-03
4.426969e-03
4.426997e-03
4.427009e-03
4.427004e-03
4.426982e-03
4.426945e-03
4.426891e-03
4.426821e-03
4.426734e-03
4.426631e-03
4.426512e-03
4.426376e-03
4.426224e-03
4.426056e-03
4.425872e-03
4.425671e-03
4.425453e-03
4.425220e-03
4.424970e-03
4.424704e-03
4.424421e-03
4.424122e-03
4.423807e-03
4.423475e-03
4.423127e-03
4.422763e-03
4.422383e-03
4.421986e-03
4.421572e-03
4.421143e-03
4.420697e-03
4.420235e-03
4.419756e-03
4.419261e-03
4.418750e-03
4.418222e-03
4.417900e-03
4.417900e-03
4.417900e-03
4.417900e-03
4.417900e-03
4.417900e-03
4.417900e-03
4.417900e-03
4.417900e-03
4.417900e-03
4.417900e-03
4.417900e-03
4.417900e-03
4.417900e-03
4.417900e-03
4.417900e-03
4.417900e-03
4.417900e-03
4.417900e-03
4.417900e-03
4.417900e-03
4.417900e-03
4.417900e-03
4.417900e-03
4.417900e-03
4.417900e-03
4.417900e-03
4.417900e-03
4.417900e-03
4.417900e-03
4.417900e-03
4.417900e-03
4.417900e-03
4.417900e-03
4.417900e-03
4.417900e-03
4.417900e-03
4.417900e-03
4.417900e-03
4.417900e-03
4.417900e-03
4.417900e-03
4.417900e-03
4.417900e-03
4.417900e-03
4.417900e-03
4.417900e-03
4.417900e-03
4.417900e-03
4.417900e-03
4.417900e-03
4.417900e-03
4.417900e-03
4.417900e-03
4.417900e-03
4.417900e-03
4.417900e-03
4.417900e-03
4.417900e-03
4.417900e-03
4.417900e-03
4.417900e-03
4.417900e-03
4.417900e-03
4.417900e-03
4.417900e-03
4.417900e-03
4.417900e-03
4.417900e-03
4.417900e-03
4.417900e-03
4.417900e-03
4.417900e-03
4.417900e-03
4.417900e-03
4.417900e-03
4.417900e-03
4.417900e-03
4.417900e-03
4.417900e-03
4.417900e-03
4.417900e-03
4.417900e-03
4.417900e-03
4.417900e-03
4.417900e-03
4.417900e-03
4.417900e-03
4.417900e-03
4.417900e-03
4.417900e-03
4.417900e-03
4.417900e-03
4.417900e-03
4.417900e-03
4.417900e-03
4.417900e-03
4.417900e-03
4.417900e-03
4.417900e-03
4.417900e-03
4.417900e-03
4.417900e-03
4.417900e-03
4.417900e-03
4.417900e-03
4.417900e-03
4.417900e-03
4.417900e-03
4.417900e-03
4.417900e-03
4.417900e-03
4.417900e-03
4.417900e-03
4.417900e-03
4.417900e-03
4.417900e-03
4.417900e-03
4.417900e-03
4.417900e-03
4.417900e-03
4.417900e-03
4.417900e-03
4.417900e-03
4.417900e-03
4.417900e-03
4.417900e-03
4.417900e-03
4.417900e-03
4.417900e-03
4.417900e-03
4.417900e-03
4.417900e-03
4.417900e-03
4.417900e-03
4.417900e-03
4.417900e-03
4.417900e-03
4.417900e-03
4.417900e-03
4.417900e-03
4.417900e-03
4.417900e-03
4.417900e-03
4.417900e-03
4.417900e-03
4.417900e-03
4.417900e-03
4.417900e-03
4.417900e-03
4.417900e-03
4.417900e-03
4.417900e-03
4.417900e-03
4.417900e-03
4.417900e-03
4.417900e-03
4.417900e-03
4.417900e-03
4.417900e-03
4.417900e-03
4.417900e-03
4.417900e-03
4.417900e-03
4.417900e-03
4.417900e-03
4.417900e-03
4.417900e-03
4.417900e-03
4.417900e-03
4.417900e-03
4.417900e-03
4.417900e-03
4.417900e-03
4.417900e-03
4.417900e-03
4.417900e-03
4.417900e-03
4.417900e-03
4.417900e-03
4.417900e-03
4.417900e-03
4.417900e-03
4.417900e-03
4.417900e-03
4.417900e-03
4.417900e-03
4.417900e-03
4.417900e-03
4.417900e-03
4.417900e-03
4.417900e-03
4.417900e-03
4.417900e-03
4.417900e-03
4.417900e-03
4.417900e-03
4.417900e-03
4.417900e-03
4.417900e-03
4.417900e-03
