0.000000e+00
1.110371e-07
2.256793e-07
3.439266e-07
4.657789e-07
5.912364e-07
7.202990e-07
8.529667e-07
9.892395e-07
1.129117e-06
1.272600e-06
1.419688e-06
1.570382e-06
1.724680e-06
1.882583e-06
2.044092e-06
2.209205e-06
2.377924e-06
2.550248e-06
2.726177e-06
2.905711e-06
3.088850e-06
3.275594e-06
3.465943e-06
3.659898e-06
3.857457e-06
4.058622e-06
4.263392e-06
4.471766e-06
4.683746e-06
4.899331e-06
5.118521e-06
5.341316e-06
5.567717e-06
5.797722e-06
6.031333e-06
6.268548e-06
6.509369e-06
6.753795e-06
7.001826e-06
7.253462e-06
7.508703e-06
7.767549e-06
8.030000e-06
8.296057e-06
8.565718e-06
8.838985e-06
9.115856e-06
9.396333e-06
9.680415e-06
9.968102e-06
1.025939e-05
1.055429e-05
1.085279e-05
1.115490e-05
1.146061e-05
1.176993e-05
1.208285e-05
1.239938e-05
1.271951e-05
1.304325e-05
1.337060e-05
1.370154e-05
1.403610e-05
1.437426e-05
1.471602e-05
1.506139e-05
1.541036e-05
1.576294e-05
1.611912e-05
1.647891e-05
1.684231e-05
1.720931e-05
1.757991e-05
1.795412e-05
1.833193e-05
1.871335e-05
1.909838e-05
1.948701e-05
1.987924e-05
2.027508e-05
2.067453e-05
2.107758e-05
2.148423e-05
2.189449e-05
2.230836e-05
2.272583e-05
2.314691e-05
2.357159e-05
2.399987e-05
2.443176e-05
2.486726e-05
2.530636e-05
2.574907e-05
2.619538e-05
2.664530e-05
2.709882e-05
2.755594e-05
2.801668e-05
2.848101e-05
2.894895e-05
2.942050e-05
2.989565e-05
3.037441e-05
3.085677e-05
3.134274e-05
3.183231e-05
3.232549e-05
3.282227e-05
3.332266e-05
3.382666e-05
3.433425e-05
3.484546e-05
3.536026e-05
3.587868e-05
3.640070e-05
3.692632e-05
3.745555e-05
3.798838e-05
3.852482e-05
3.906487e-05
3.960851e-05
4.015577e-05
4.070663e-05
4.126109e-05
4.181916e-05
4.238084e-05
4.294612e-05
4.351500e-05
4.408749e-05
4.466359e-05
4.524329e-05
4.582659e-05
4.641350e-05
4.700402e-05
4.759814e-05
4.819586e-05
4.879719e-05
4.940213e-05
5.001067e-05
5.062282e-05
5.123857e-05
5.185792e-05
5.248089e-05
5.310745e-05
5.373762e-05
5.437140e-05
5.500878e-05
5.564977e-05
5.629436e-05
5.694256e-05
5.759436e-05
5.824977e-05
5.890878e-05
5.957140e-05
6.023762e-05
6.090745e-05
6.158088e-05
6.225792e-05
6.293856e-05
6.362281e-05
6.431066e-05
6.500212e-05
6.569718e-05
6.639585e-05
6.709813e-05
6.780400e-05
6.851349e-05
6.922658e-05
6.994327e-05
7.066357e-05
7.138747e-05
7.211498e-05
7.284610e-05
7.358082e-05
7.431914e-05
7.506107e-05
7.580661e-05
7.655574e-05
7.730849e-05
7.806484e-05
7.882480e-05
7.958836e-05
8.035552e-05
8.112629e-05
8.190067e-05
8.267865e-05
8.346023e-05
8.424542e-05
8.503422e-05
8.582662e-05
8.662263e-05
8.742224e-05
8.822545e-05
8.903228e-05
8.984270e-05
9.065673e-05
9.147437e-05
9.229561e-05
9.312046e-05
9.394891e-05
9.478097e-05
9.561663e-05
9.645590e-05
9.729877e-05
9.814525e-05
9.899533e-05
9.984902e-05
1.007063e-04
1.015672e-04
1.024317e-04
1.032998e-04
1.041715e-04
1.050469e-04
1.059258e-04
1.068083e-04
1.076944e-04
1.085842e-04
1.094775e-04
1.103745e-04
1.112750e-04
1.121792e-04
1.130869e-04
1.139983e-04
1.149133e-04
1.158319e-04
1.167541e-04
1.176798e-04
1.186092e-04
1.195422e-04
1.204788e-04
1.214191e-04
1.223629e-04
1.233103e-04
1.242613e-04
1.252159e-04
1.261742e-04
1.271360e-04
1.281015e-04
1.290705e-04
1.300432e-04
1.310194e-04
1.319993e-04
1.329828e-04
1.339698e-04
1.349605e-04
1.359548e-04
1.369527e-04
1.379542e-04
1.389593e-04
1.399680e-04
1.409803e-04
1.419962e-04
1.430158e-04
1.440389e-04
1.450656e-04
1.460960e-04
1.471299e-04
1.481675e-04
1.492086e-04
1.502534e-04
1.513017e-04
1.523537e-04
1.534093e-04
1.544684e-04
1.555312e-04
1.565976e-04
1.576676e-04
1.587412e-04
1.598184e-04
1.608992e-04
1.619836e-04
1.630717e-04
1.641633e-04
1.652585e-04
1.663573e-04
1.674598e-04
1.685658e-04
1.696755e-04
1.707887e-04
1.719056e-04
1.730261e-04
1.741501e-04
1.752778e-04
1.764091e-04
1.775440e-04
1.786825e-04
1.798246e-04
1.809703e-04
1.821196e-04
1.832725e-04
1.844290e-04
1.855891e-04
1.867528e-04
1.879202e-04
1.890911e-04
1.902657e-04
1.914438e-04
1.926256e-04
1.938109e-04
1.949999e-04
1.961924e-04
1.973886e-04
1.985884e-04
1.997918e-04
2.009988e-04
2.022093e-04
2.034235e-04
2.046414e-04
2.058628e-04
2.070878e-04
2.083164e-04
2.095486e-04
2.107844e-04
2.120239e-04
2.132669e-04
2.145136e-04
2.157638e-04
2.170177e-04
2.182751e-04
2.195362e-04
2.208009e-04
2.220691e-04
2.233410e-04
2.246165e-04
2.258956e-04
2.271783e-04
2.284646e-04
2.297545e-04
2.310480e-04
2.323451e-04
2.336458e-04
2.349501e-04
2.362581e-04
2.375696e-04
2.388848e-04
2.402035e-04
2.415259e-04
2.428518e-04
2.441814e-04
2.455145e-04
2.468513e-04
2.481917e-04
2.495357e-04
2.508832e-04
2.522344e-04
2.535892e-04
2.549476e-04
2.563096e-04
2.576753e-04
2.590445e-04
2.604173e-04
2.617937e-04
2.631738e-04
2.645574e-04
2.659446e-04
2.673355e-04
2.687299e-04
2.701280e-04
2.715297e-04
2.729349e-04
2.743438e-04
2.757563e-04
2.771724e-04
2.785920e-04
2.800153e-04
2.814422e-04
2.828727e-04
2.843069e-04
2.857446e-04
2.871859e-04
2.886308e-04
2.900793e-04
2.915315e-04
2.929872e-04
2.944466e-04
2.959095e-04
2.973761e-04
2.988462e-04
3.003200e-04
3.017974e-04
3.032783e-04
3.047629e-04
3.062511e-04
3.077429e-04
3.092383e-04
3.107373e-04
3.122399e-04
3.137461e-04
3.152559e-04
3.167693e-04
3.182864e-04
3.198070e-04
3.213312e-04
3.228591e-04
3.243905e-04
3.259256e-04
3.274642e-04
3.290065e-04
3.305524e-04
3.321018e-04
3.336549e-04
3.352116e-04
3.367719e-04
3.383358e-04
3.399033e-04
3.414744e-04
3.430491e-04
3.446274e-04
3.462093e-04
3.477948e-04
3.493840e-04
3.509767e-04
3.525730e-04
3.541730e-04
3.557765e-04
3.573837e-04
3.589944e-04
3.606088e-04
3.622268e-04
3.638483e-04
3.654735e-04
3.671023e-04
3.687347e-04
3.703707e-04
3.720103e-04
3.736535e-04
3.753003e-04
3.769507e-04
3.786047e-04
3.802624e-04
3.819236e-04
3.835884e-04
3.852569e-04
3.869289e-04
3.886046e-04
3.902838e-04
3.919667e-04
3.936531e-04
3.953432e-04
3.970369e-04
3.987342e-04
4.004351e-04
4.021396e-04
4.038477e-04
4.055594e-04
4.072747e-04
4.089936e-04
4.107161e-04
4.124422e-04
4.141719e-04
4.159053e-04
4.176422e-04
4.193827e-04
4.211269e-04
4.228746e-04
4.246260e-04
4.263810e-04
4.281395e-04
4.299017e-04
4.316675e-04
4.334369e-04
4.352099e-04
4.369865e-04
4.387667e-04
4.405505e-04
4.423379e-04
4.441289e-04
4.459235e-04
4.477217e-04
4.495235e-04
4.513290e-04
4.531380e-04
4.549507e-04
4.567669e-04
4.585868e-04
4.604102e-04
4.622373e-04
4.640680e-04
4.659022e-04
4.677401e-04
4.695816e-04
4.714267e-04
4.732754e-04
4.751277e-04
4.769836e-04
4.788431e-04
4.807062e-04
4.825729e-04
4.844433e-04
4.863172e-04
4.881947e-04
4.900759e-04
4.919606e-04
4.938490e-04
4.957409e-04
4.976365e-04
4.995357e-04
5.014384e-04
5.033448e-04
5.052548e-04
5.071684e-04
5.090856e-04
5.110064e-04
5.129308e-04
5.148588e-04
5.167904e-04
5.187256e-04
5.206644e-04
5.226069e-04
5.245529e-04
5.265025e-04
5.284558e-04
5.304126e-04
5.323731e-04
5.343371e-04
5.363048e-04
5.382761e-04
5.402509e-04
5.422294e-04
5.442115e-04
5.461972e-04
5.481865e-04
5.501794e-04
5.521759e-04
5.541760e-04
5.561797e-04
5.581870e-04
5.601980e-04
5.622125e-04
5.642306e-04
5.662524e-04
5.682777e-04
5.703067e-04
5.723392e-04
5.743754e-04
5.764151e-04
5.784585e-04
5.805055e-04
5.825561e-04
5.846103e-04
5.866681e-04
5.887294e-04
5.907944e-04
5.928631e-04
5.949353e-04
5.970111e-04
5.990905e-04
6.011735e-04
6.032602e-04
6.053504e-04
6.074442e-04
6.095417e-04
6.116427e-04
6.137474e-04
6.158557e-04
6.179675e-04
6.200830e-04
6.222021e-04
6.243248e-04
6.264511e-04
6.285809e-04
6.307144e-04
6.328515e-04
6.349923e-04
6.371366e-04
6.392845e-04
6.414360e-04
6.435911e-04
6.457499e-04
6.479122e-04
6.500782e-04
6.522477e-04
6.544209e-04
6.565976e-04
6.587780e-04
6.609620e-04
6.631495e-04
6.653407e-04
6.675355e-04
6.697339e-04
6.719359e-04
6.741415e-04
6.763507e-04
6.785635e-04
6.807799e-04
6.829999e-04
6.852236e-04
6.874508e-04
6.896816e-04
6.919161e-04
6.941541e-04
6.963958e-04
6.986410e-04
7.008899e-04
7.031423e-04
7.053984e-04
7.076581e-04
7.099214e-04
7.121883e-04
7.144588e-04
7.167329e-04
7.190106e-04
7.212919e-04
7.235768e-04
7.258653e-04
7.281574e-04
7.304531e-04
7.327525e-04
7.350554e-04
7.373620e-04
7.396721e-04
7.419859e-04
7.443032e-04
7.466242e-04
7.489488e-04
7.512769e-04
7.536087e-04
7.559441e-04
7.582831e-04
7.606257e-04
7.629719e-04
7.653217e-04
7.676751e-04
7.700321e-04
7.723927e-04
7.747569e-04
7.771248e-04
7.794962e-04
7.818712e-04
7.842499e-04
7.866321e-04
7.890180e-04
7.914075e-04
7.938005e-04
7.961972e-04
7.985975e-04
8.010014e-04
8.034088e-04
8.058199e-04
8.082346e-04
8.106529e-04
8.130748e-04
8.155003e-04
8.179295e-04
8.203622e-04
8.227985e-04
8.252384e-04
8.276820e-04
8.301291e-04
8.325799e-04
8.350342e-04
8.374922e-04
8.399537e-04
8.424189e-04
8.448877e-04
8.473601e-04
8.498360e-04
8.523156e-04
8.547988e-04
8.572856e-04
8.597760e-04
8.622700e-04
8.647676e-04
8.672689e-04
8.697737e-04
8.722821e-04
8.747941e-04
8.773098e-04
8.798290e-04
8.823519e-04
8.848783e-04
8.874084e-04
8.899421e-04
8.924793e-04
8.950202e-04
8.975647e-04
9.001128e-04
9.026645e-04
9.052198e-04
9.077787e-04
9.103412e-04
9.129073e-04
9.154770e-04
9.180503e-04
9.206272e-04
9.232078e-04
9.257919e-04
9.283796e-04
9.309710e-04
9.335659e-04
9.361645e-04
9.387667e-04
9.413724e-04
9.439818e-04
9.465948e-04
9.492113e-04
9.518315e-04
9.544553e-04
9.570827e-04
9.597137e-04
9.623483e-04
9.649865e-04
9.676284e-04
9.702738e-04
9.729228e-04
9.755754e-04
9.782317e-04
9.808915e-04
9.835550e-04
9.862220e-04
9.888927e-04
9.915669e-04
9.942448e-04
9.969263e-04
9.996114e-04
1.002300e-03
1.004992e-03
1.007688e-03
1.010388e-03
1.013091e-03
1.015798e-03
1.018508e-03
1.021222e-03
1.023939e-03
1.026660e-03
1.029385e-03
1.032114e-03
1.034845e-03
1.037581e-03
1.040320e-03
1.043063e-03
1.045809e-03
1.048559e-03
1.051313e-03
1.054070e-03
1.056831e-03
1.059595e-03
1.062363e-03
1.065135e-03
1.067910e-03
1.070689e-03
1.073471e-03
1.076257e-03
1.079047e-03
1.081840e-03
1.084637e-03
1.087437e-03
1.090241e-03
1.093049e-03
1.095860e-03
1.098675e-03
1.101494e-03
1.104316e-03
1.107141e-03
1.109971e-03
1.112804e-03
1.115640e-03
1.118480e-03
1.121324e-03
1.124171e-03
1.127022e-03
1.129877e-03
1.132735e-03
1.135596e-03
1.138462e-03
1.141331e-03
1.144203e-03
1.147079e-03
1.149959e-03
1.152843e-03
1.155730e-03
1.158620e-03
1.161514e-03
1.164412e-03
1.167313e-03
1.170218e-03
1.173127e-03
1.176039e-03
1.178955e-03
1.181874e-03
1.184797e-03
1.187724e-03
1.190654e-03
1.193588e-03
1.196526e-03
1.199467e-03
1.202411e-03
1.205359e-03
1.208311e-03
1.211267e-03
1.214226e-03
1.217189e-03
1.220155e-03
1.223125e-03
1.226098e-03
1.229075e-03
1.232056e-03
1.235040e-03
1.238028e-03
1.241020e-03
1.244015e-03
1.247014e-03
1.250016e-03
1.253022e-03
1.256031e-03
1.259044e-03
1.262061e-03
1.265082e-03
1.268106e-03
1.271133e-03
1.274164e-03
1.277199e-03
1.280237e-03
1.283279e-03
1.286325e-03
1.289374e-03
1.292427e-03
1.295483e-03
1.298543e-03
1.301607e-03
1.304674e-03
1.307745e-03
1.310819e-03
1.313898e-03
1.316979e-03
1.320064e-03
1.323153e-03
1.326246e-03
1.329342e-03
1.332441e-03
1.335545e-03
1.338652e-03
1.341762e-03
1.344876e-03
1.347994e-03
1.351115e-03
1.354240e-03
1.357369e-03
1.360501e-03
1.363636e-03
1.366776e-03
1.369919e-03
1.373065e-03
1.376215e-03
1.379369e-03
1.382526e-03
1.385687e-03
1.388852e-03
1.392020e-03
1.395192e-03
1.398367e-03
1.401546e-03
1.404729e-03
1.407915e-03
1.411105e-03
1.414298e-03
1.417495e-03
1.420696e-03
1.423900e-03
1.427108e-03
1.430319e-03
1.433534e-03
1.436753e-03
1.439975e-03
1.443201e-03
1.446430e-03
1.449663e-03
1.452900e-03
1.456140e-03
1.459384e-03
1.462632e-03
1.465883e-03
1.469137e-03
1.472396e-03
1.475658e-03
1.478923e-03
1.482192e-03
1.485465e-03
1.488741e-03
1.492021e-03
1.495305e-03
1.498592e-03
1.501883e-03
1.505177e-03
1.508475e-03
1.511776e-03
1.515082e-03
1.518390e-03
1.521703e-03
1.525019e-03
1.528338e-03
1.531661e-03
1.534988e-03
1.538319e-03
1.541653e-03
1.544990e-03
1.548331e-03
1.551676e-03
1.555025e-03
1.558377e-03
1.561732e-03
1.565092e-03
1.568454e-03
1.571821e-03
1.575191e-03
1.578565e-03
1.581942e-03
1.585323e-03
1.588707e-03
1.592095e-03
1.595487e-03
1.598882e-03
1.602281e-03
1.605684e-03
1.609090e-03
1.612499e-03
1.615913e-03
1.619330e-03
1.622750e-03
1.626174e-03
1.629602e-03
1.633033e-03
1.636468e-03
1.639907e-03
1.643349e-03
1.646795e-03
1.650244e-03
1.653697e-03
1.657154e-03
1.660614e-03
1.664077e-03
1.667545e-03
1.671016e-03
1.674490e-03
1.677969e-03
1.681450e-03
1.684936e-03
1.688425e-03
1.691918e-03
1.695414e-03
1.698914e-03
1.702417e-03
1.705924e-03
1.709435e-03
1.712949e-03
1.716467e-03
1.719988e-03
1.723513e-03
1.727042e-03
1.730574e-03
1.734110e-03
1.737650e-03
1.741193e-03
1.744739e-03
1.748290e-03
1.751844e-03
1.755401e-03
1.758962e-03
1.762527e-03
1.766095e-03
1.769667e-03
1.773243e-03
1.776822e-03
1.780405e-03
1.783991e-03
1.787581e-03
1.791175e-03
1.794772e-03
1.798373e-03
1.801977e-03
1.805585e-03
1.809196e-03
1.812812e-03
1.816430e-03
1.820053e-03
1.823679e-03
1.827308e-03
1.830942e-03
1.834579e-03
1.838219e-03
1.841863e-03
1.845511e-03
1.849162e-03
1.852817e-03
1.856475e-03
1.860137e-03
1.863803e-03
1.867472e-03
1.871145e-03
1.874822e-03
1.878502e-03
1.882185e-03
1.885873e-03
1.889564e-03
1.893258e-03
1.896956e-03
1.900658e-03
1.904363e-03
1.908072e-03
1.911785e-03
1.915501e-03
1.919221e-03
1.922944e-03
1.926671e-03
1.930401e-03
1.934136e-03
1.937873e-03
1.941615e-03
1.945360e-03
1.949108e-03
1.952860e-03
1.956616e-03
1.960376e-03
1.964139e-03
1.967905e-03
1.971675e-03
1.975449e-03
1.979227e-03
1.983008e-03
1.986792e-03
1.990581e-03
1.994372e-03
1.998168e-03
2.001967e-03
2.005770e-03
2.009576e-03
2.013386e-03
2.017199e-03
2.021016e-03
2.024837e-03
2.028661e-03
2.032489e-03
2.036321e-03
2.040156e-03
2.043994e-03
2.047837e-03
2.051683e-03
2.055532e-03
2.059385e-03
2.063242e-03
2.067102e-03
2.070966e-03
2.074834e-03
2.078705e-03
2.082580e-03
2.086458e-03
2.090340e-03
2.094226e-03
2.098115e-03
2.102008e-03
2.105904e-03
2.109804e-03
2.113708e-03
2.117615e-03
2.121526e-03
2.125440e-03
2.129358e-03
2.133280e-03
2.137205e-03
2.141134e-03
2.145066e-03
2.149002e-03
2.152942e-03
2.156885e-03
2.160832e-03
2.164783e-03
2.168737e-03
2.172694e-03
2.176656e-03
2.180621e-03
2.184589e-03
2.188561e-03
2.192537e-03
2.196516e-03
2.200499e-03
2.204486e-03
2.208476e-03
2.212469e-03
2.216467e-03
2.220468e-03
2.224472e-03
2.228480e-03
2.232492e-03
2.236508e-03
2.240527e-03
2.244549e-03
2.248575e-03
2.252605e-03
2.256638e-03
2.260675e-03
2.264716e-03
2.268760e-03
2.272808e-03
2.276859e-03
2.280914e-03
2.284973e-03
2.289035e-03
2.293101e-03
2.297171e-03
2.301244e-03
2.305320e-03
2.309401e-03
2.313484e-03
2.317572e-03
2.321663e-03
2.325758e-03
2.329856e-03
2.333958e-03
2.338063e-03
2.342172e-03
2.346285e-03
2.350401e-03
2.354521e-03
2.358645e-03
2.362772e-03
2.366903e-03
2.371037e-03
2.375175e-03
2.379316e-03
2.383462e-03
2.387610e-03
2.391763e-03
2.395919e-03
2.400078e-03
2.404241e-03
2.408408e-03
2.412578e-03
2.416752e-03
2.420930e-03
2.425111e-03
2.429296e-03
2.433484e-03
2.437676e-03
2.441872e-03
2.446071e-03
2.450274e-03
2.454481e-03
2.458691e-03
2.462904e-03
2.467121e-03
2.471342e-03
2.475567e-03
2.479795e-03
2.484027e-03
2.488262e-03
2.492501e-03
2.496743e-03
2.500989e-03
2.505239e-03
2.509492e-03
2.513749e-03
2.518010e-03
2.522274e-03
2.526541e-03
2.530813e-03
2.535088e-03
2.539366e-03
2.543648e-03
2.547934e-03
2.552223e-03
2.556516e-03
2.560813e-03
2.565113e-03
2.569417e-03
2.573724e-03
2.578035e-03
2.582350e-03
2.586668e-03
2.590990e-03
2.595315e-03
2.599644e-03
2.603977e-03
2.608313e-03
2.612653e-03
2.616996e-03
2.621343e-03
2.625694e-03
2.630048e-03
2.634406e-03
2.638768e-03
2.643133e-03
2.647501e-03
2.651873e-03
2.656249e-03
2.660629e-03
2.665012e-03
2.669399e-03
2.673789e-03
2.678183e-03
2.682580e-03
2.686981e-03
2.691386e-03
2.695794e-03
2.700206e-03
2.704622e-03
2.709041e-03
2.713464e-03
2.717890e-03
2.722320e-03
2.726754e-03
2.731191e-03
2.735632e-03
2.740076e-03
2.744524e-03
2.748975e-03
2.753431e-03
2.757889e-03
2.762352e-03
2.766818e-03
2.771287e-03
2.775761e-03
2.780237e-03
2.784718e-03
2.789202e-03
2.793689e-03
2.798181e-03
2.802676e-03
2.807174e-03
2.811676e-03
2.816182e-03
2.820691e-03
2.825204e-03
2.829720e-03
2.834240e-03
2.838764e-03
2.843291e-03
2.847822e-03
2.852357e-03
2.856895e-03
2.861437e-03
2.865982e-03
2.870531e-03
2.875083e-03
2.879639e-03
2.884199e-03
2.888762e-03
2.893329e-03
2.897900e-03
2.902474e-03
2.907052e-03
2.911633e-03
2.916218e-03
2.920807e-03
2.925399e-03
2.929995e-03
2.934594e-03
2.939197e-03
2.943804e-03
2.948414e-03
2.953028e-03
2.957645e-03
2.962266e-03
2.966891e-03
2.971519e-03
2.976151e-03
2.980786e-03
2.985425e-03
2.990068e-03
2.994714e-03
2.999364e-03
3.004018e-03
3.008675e-03
3.013335e-03
3.018000e-03
3.022667e-03
3.027339e-03
3.032014e-03
3.036693e-03
3.041375e-03
3.046061e-03
3.050750e-03
3.055444e-03
3.060140e-03
3.064841e-03
3.069545e-03
3.074252e-03
3.078963e-03
3.083678e-03
3.088396e-03
3.093118e-03
3.097844e-03
3.102573e-03
3.107306e-03
3.112042e-03
3.116782e-03
3.121526e-03
3.126273e-03
3.131024e-03
3.135778e-03
3.140536e-03
3.145298e-03
3.150063e-03
3.154832e-03
3.159604e-03
3.164380e-03
3.169160e-03
3.173943e-03
3.178730e-03
3.183521e-03
3.188315e-03
3.193112e-03
3.197914e-03
3.202718e-03
3.207527e-03
3.212339e-03
3.217155e-03
3.221974e-03
3.226797e-03
3.231623e-03
3.236453e-03
3.241287e-03
3.246125e-03
3.250965e-03
3.255810e-03
3.260658e-03
3.265510e-03
3.270365e-03
3.275224e-03
3.280087e-03
3.284953e-03
3.289823e-03
3.294696e-03
3.299573e-03
3.304454e-03
3.309338e-03
3.314226e-03
3.319117e-03
3.324012e-03
3.328911e-03
3.333813e-03
3.338719e-03
3.343628e-03
3.348541e-03
3.353458e-03
3.358378e-03
3.363302e-03
3.368229e-03
3.373160e-03
3.378095e-03
3.383033e-03
3.387975e-03
3.392921e-03
3.397870e-03
3.402822e-03
3.407779e-03
3.412739e-03
3.417702e-03
3.422669e-03
3.427640e-03
3.432614e-03
3.437592e-03
3.442574e-03
3.447559e-03
3.452548e-03
3.457540e-03
3.462536e-03
3.467535e-03
3.472539e-03
3.477545e-03
3.482556e-03
3.487570e-03
3.492587e-03
3.497608e-03
3.502633e-03
3.507662e-03
3.512694e-03
3.517729e-03
3.522768e-03
3.527811e-03
3.532858e-03
3.537908e-03
3.542961e-03
3.548018e-03
3.553079e-03
3.558144e-03
3.563212e-03
3.568283e-03
3.573359e-03
3.578438e-03
3.583520e-03
3.588606e-03
3.593696e-03
3.598789e-03
3.603886e-03
3.608987e-03
3.614091e-03
3.619198e-03
3.624310e-03
3.629425e-03
3.634543e-03
3.639665e-03
3.644791e-03
3.649920e-03
3.655053e-03
3.660190e-03
3.665330e-03
3.670474e-03
3.675621e-03
3.680772e-03
3.685927e-03
3.691085e-03
3.696247e-03
3.701412e-03
3.706581e-03
3.711753e-03
3.716930e-03
3.722110e-03
3.727293e-03
3.732480e-03
3.737671e-03
3.742865e-03
3.748063e-03
3.753264e-03
3.758469e-03
3.763678e-03
3.768890e-03
3.774106e-03
3.779325e-03
3.784548e-03
3.789775e-03
3.795005e-03
3.800239e-03
3.805477e-03
3.810718e-03
3.815963e-03
3.821211e-03
3.826463e-03
3.831718e-03
3.836977e-03
3.842240e-03
3.847506e-03
3.852776e-03
3.858050e-03
3.863327e-03
3.868608e-03
3.873892e-03
3.879180e-03
3.884472e-03
3.889767e-03
3.895066e-03
3.900368e-03
3.905674e-03
3.910984e-03
3.916297e-03
3.921614e-03
3.926934e-03
3.932258e-03
3.937586e-03
3.942917e-03
3.948252e-03
3.953590e-03
3.958932e-03
3.964278e-03
3.969627e-03
3.974980e-03
3.980336e-03
3.985696e-03
3.991060e-03
3.996427e-03
4.001798e-03
4.007173e-03
4.012551e-03
4.017932e-03
4.023318e-03
4.028707e-03
4.034099e-03
4.039495e-03
4.044895e-03
4.050298e-03
4.055705e-03
4.061116e-03
4.066530e-03
4.071948e-03
4.077369e-03
4.082794e-03
4.088223e-03
4.093655e-03
4.099091e-03
4.104530e-03
4.109973e-03
4.115419e-03
4.120870e-03
4.126323e-03
4.131781e-03
4.137242e-03
4.142706e-03
4.148175e-03
4.153646e-03
4.159122e-03
4.164601e-03
4.170084e-03
4.175570e-03
4.181060e-03
4.186553e-03
4.192050e-03
4.197551e-03
4.203055e-03
4.208563e-03
4.214074e-03
4.218925e-03
4.223757e-03
4.228572e-03
4.233368e-03
4.238146e-03
4.242907e-03
4.247649e-03
4.252374e-03
4.257080e-03
4.261769e-03
4.266439e-03
4.271092e-03
4.275727e-03
4.280343e-03
4.284942e-03
4.289523e-03
4.294085e-03
4.298630e-03
4.303157e-03
4.307665e-03
4.312156e-03
4.316629e-03
4.321084e-03
4.325521e-03
4.329940e-03
4.334340e-03
4.338723e-03
4.343088e-03
4.347435e-03
4.351764e-03
4.356075e-03
4.360368e-03
4.364643e-03
4.368900e-03
4.373140e-03
4.377361e-03
4.381564e-03
4.385749e-03
4.389916e-03
4.394065e-03
4.398197e-03
4.402310e-03
4.406405e-03
4.410482e-03
4.414542e-03
4.418583e-03
4.422606e-03
4.426612e-03
4.430599e-03
4.434569e-03
4.438520e-03
4.442454e-03
4.446369e-03
4.450267e-03
4.454146e-03
4.458008e-03
4.461851e-03
4.465677e-03
4.469485e-03
4.473274e-03
4.477046e-03
4.480800e-03
4.484535e-03
4.488253e-03
4.491953e-03
4.495635e-03
4.499298e-03
4.502944e-03
4.506572e-03
4.510182e-03
4.513774e-03
4.517348e-03
4.520904e-03
4.524442e-03
4.527962e-03
4.531464e-03
4.534948e-03
4.538414e-03
4.541862e-03
4.545292e-03
4.548704e-03
4.552098e-03
4.555475e-03
4.558833e-03
4.562173e-03
4.565495e-03
4.568799e-03
4.572086e-03
4.575354e-03
4.578604e-03
4.581837e-03
4.585051e-03
4.588248e-03
4.591426e-03
4.594586e-03
4.597729e-03
4.600853e-03
4.603960e-03
4.607048e-03
4.610119e-03
4.613171e-03
4.616206e-03
4.619223e-03
4.622221e-03
4.625202e-03
4.628165e-03
4.631109e-03
4.634036e-03
4.636945e-03
4.639836e-03
4.642708e-03
4.645563e-03
4.648400e-03
4.651219e-03
4.654020e-03
4.656803e-03
4.659568e-03
4.662315e-03
4.665044e-03
4.667755e-03
4.670448e-03
4.673123e-03
4.675780e-03
4.678419e-03
4.681040e-03
4.683643e-03
4.686228e-03
4.688796e-03
4.691345e-03
4.693876e-03
4.696389e-03
4.698884e-03
4.701362e-03
4.703821e-03
4.706262e-03
4.708686e-03
4.711091e-03
4.713479e-03
4.715848e-03
4.718199e-03
4.720533e-03
4.722848e-03
4.725146e-03
4.727425e-03
4.729687e-03
4.731931e-03
4.734156e-03
4.736364e-03
4.738553e-03
4.740725e-03
4.742879e-03
4.745015e-03
4.747132e-03
4.749232e-03
4.751314e-03
4.753378e-03
4.755424e-03
4.757451e-03
4.759461e-03
4.761453e-03
4.763427e-03
4.765383e-03
4.767321e-03
4.769241e-03
4.771143e-03
4.773027e-03
4.774893e-03
4.776741e-03
4.778571e-03
4.780383e-03
4.782177e-03
4.783954e-03
4.785712e-03
4.787452e-03
4.789174e-03
4.790879e-03
4.792565e-03
4.794233e-03
4.795883e-03
4.797516e-03
4.799130e-03
4.800727e-03
4.802305e-03
4.803865e-03
4.805408e-03
4.806932e-03
4.808439e-03
4.809927e-03
4.811398e-03
4.812850e-03
4.814285e-03
4.815702e-03
4.817100e-03
4.818481e-03
4.819844e-03
4.821188e-03
4.822515e-03
4.823824e-03
4.825115e-03
4.826387e-03
4.827642e-03
4.828879e-03
4.830098e-03
4.831299e-03
4.832482e-03
4.833647e-03
4.834794e-03
4.835923e-03
4.837034e-03
4.838127e-03
4.839202e-03
4.840259e-03
4.841298e-03
4.842319e-03
4.843322e-03
4.844307e-03
4.845274e-03
4.846224e-03
4.847155e-03
4.848068e-03
4.848963e-03
4.849841e-03
4.850700e-03
4.851541e-03
4.852365e-03
4.853170e-03
4.853957e-03
4.854727e-03
4.855478e-03
4.856212e-03
4.856927e-03
4.857625e-03
4.858304e-03
4.858966e-03
4.859609e-03
4.860235e-03
4.860843e-03
4.861432e-03
4.862004e-03
4.862558e-03
4.863093e-03
4.863611e-03
4.864111e-03
4.864593e-03
4.865056e-03
4.865502e-03
4.865930e-03
4.866340e-03
4.866732e-03
4.867106e-03
4.867462e-03
4.867800e-03
4.868120e-03
4.868422e-03
4.868706e-03
4.868972e-03
4.869220e-03
4.869450e-03
4.869662e-03
4.869856e-03
4.870032e-03
4.870190e-03
4.870331e-03
4.870453e-03
4.870557e-03
4.870643e-03
4.870712e-03
4.870762e-03
4.870794e-03
4.870809e-03
4.870805e-03
4.870784e-03
4.870744e-03
4.870686e-03
4.870611e-03
4.870517e-03
4.870406e-03
4.870276e-03
4.870129e-03
4.869964e-03
4.869780e-03
4.869579e-03
4.869359e-03
4.869122e-03
4.868867e-03
4.868594e-03
4.868302e-03
4.867993e-03
4.867666e-03
4.867321e-03
4.866958e-03
4.866576e-03
4.866177e-03
4.865760e-03
4.865325e-03
4.864872e-03
4.864401e-03
4.863912e-03
4.863405e-03
4.862880e-03
4.862559e-03
4.862559e-03
4.862559e-03
4.862559e-03
4.862559e-03
4.862559e-03
4.862559e-03
4.862559e-03
4.862559e-03
4.862559e-03
4.862559e-03
4.862559e-03
4.862559e-03
4.862559e-03
4.862559e-03
4.862559e-03
4.862559e-03
4.862559e-03
4.862559e-03
4.862559e-03
4.862559e-03
4.862559e-03
4.862559e-03
4.862559e-03
4.862559e-03
4.862559e-03
4.862559e-03
4.862559e-03
4.862559e-03
4.862559e-03
4.862559e-03
4.862559e-03
4.862559e-03
4.862559e-03
4.862559e-03
4.862559e-03
4.862559e-03
4.862559e-03
4.862559e-03
4.862559e-03
4.862559e-03
4.862559e-03
4.862559e-03
4.862559e-03
4.862559e-03
4.862559e-03
4.862559e-03
4.862559e-03
4.862559e-03
4.862559e-03
4.862559e-03
4.862559e-03
4.862559e-03
4.862559e-03
4.862559e-03
4.862559e-03
4.862559e-03
4.862559e-03
4.862559e-03
4.862559e-03
4.862559e-03
4.862559e-03
4.862559e-03
4.862559e-03
4.862559e-03
4.862559e-03
4.862559e-03
4.862559e-03
4.862559e-03
4.862559e-03
4.862559e-03
4.862559e-03
4.862559e-03
4.862559e-03
4.862559e-03
4.862559e-03
4.862559e-03
4.862559e-03
4.862559e-03
4.862559e-03
4.862559e-03
4.862559e-03
4.862559e-03
4.862559e-03
4.862559e-03
4.862559e-03
4.862559e-03
4.862559e-03
4.862559e-03
4.862559e-03
4.862559e-03
4.862559e-03
4.862559e-03
4.862559e-03
4.862559e-03
4.862559e-03
4.862559e-03
4.862559e-03
4.862559e-03
4.862559e-03
4.862559e-03
4.862559e-03
4.862559e-03
4.862559e-03
4.862559e-03
4.862559e-03
4.862559e-03
4.862559e-03
4.862559e-03
4.862559e-03
4.862559e-03
4.862559e-03
4.862559e-03
4.862559e-03
4.862559e-03
4.862559e-03
4.862559e-03
4.862559e-03
4.862559e-03
4.862559e-03
4.862559e-03
4.862559e-03
4.862559e-03
4.862559e-03
4.862559e-03
4.862559e-03
4.862559e-03
4.862559e-03
4.862559e-03
4.862559e-03
4.862559e-03
4.862559e-03
4.862559e-03
4.862559e-03
4.862559e-03
4.862559e-03
4.862559e-03
4.862559e-03
4.862559e-03
4.862559e-03
4.862559e-03
4.862559e-03
4.862559e-03
4.862559e-03
4.862559e-03
4.862559e-03
4.862559e-03
4.862559e-03
4.862559e-03
4.862559e-03
4.862559e-03
4.862559e-03
4.862559e-03
4.862559e-03
4.862559e-03
4.862559e-03
4.862559e-03
4.862559e-03
4.862559e-03
4.862559e-03
4.862559e-03
4.862559e-03
4.862559e-03
4.862559e-03
4.862559e-03
4.862559e-03
4.862559e-03
4.862559e-03
4.862559e-03
4.862559e-03
4.862559e-03
4.862559e-03
4.862559e-03
4.862559e-03
4.862559e-03
4.862559e-03
4.862559e-03
4.862559e-03
4.862559e-03
4.862559e-03
4.862559e-03
4.862559e-03
4.862559e-03
4.862559e-03
4.862559e-03
4.862559e-03
4.862559e-03
4.862559e-03
4.862559e-03
4.862559e-03
4.862559e-03
4.862559e-03
4.862559e-03
4.862559e-03
4.862559e-03
4.862559e-03
4.862559e-03
4.862559e-03
4.862559e-03
4.862559e-03
4.862559e-03
