0.000000e+00
1.110371e-07
2.253020e-07
3.427947e-07
4.635153e-07
5.874637e-07
7.146399e-07
8.450439e-07
9.786757e-07
1.115535e-06
1.255623e-06
1.398938e-06
1.545481e-06
1.695252e-06
1.848251e-06
2.004478e-06
2.163932e-06
2.326614e-06
2.492524e-06
2.661662e-06
2.834028e-06
3.009621e-06
3.188443e-06
3.370492e-06
3.555769e-06
3.744274e-06
3.936006e-06
4.130967e-06
4.329155e-06
4.530571e-06
4.735215e-06
4.943087e-06
5.154187e-06
5.368514e-06
5.586069e-06
5.806852e-06
6.030863e-06
6.258102e-06
6.488568e-06
6.722263e-06
6.959185e-06
7.199335e-06
7.442713e-06
7.689318e-06
7.939152e-06
8.192213e-06
8.448502e-06
8.708019e-06
8.970764e-06
9.236736e-06
9.505937e-06
9.778365e-06
1.005402e-05
1.033290e-05
1.061502e-05
1.090036e-05
1.118892e-05
1.148072e-05
1.177574e-05
1.207399e-05
1.237547e-05
1.268018e-05
1.298811e-05
1.329927e-05
1.361366e-05
1.393128e-05
1.425213e-05
1.457620e-05
1.490350e-05
1.523403e-05
1.556779e-05
1.590477e-05
1.624498e-05
1.658842e-05
1.693509e-05
1.728499e-05
1.763811e-05
1.799446e-05
1.835404e-05
1.871685e-05
1.908289e-05
1.945215e-05
1.982464e-05
2.020036e-05
2.057930e-05
2.096148e-05
2.134688e-05
2.173551e-05
2.212737e-05
2.252245e-05
2.292077e-05
2.332231e-05
2.372708e-05
2.413507e-05
2.454630e-05
2.496075e-05
2.537843e-05
2.579934e-05
2.622347e-05
2.665084e-05
2.708143e-05
2.751525e-05
2.795230e-05
2.839257e-05
2.883607e-05
2.928280e-05
2.973276e-05
3.018595e-05
3.064236e-05
3.110200e-05
3.156487e-05
3.203097e-05
3.250030e-05
3.297285e-05
3.344863e-05
3.392764e-05
3.440988e-05
3.489534e-05
3.538403e-05
3.587595e-05
3.637110e-05
3.686948e-05
3.737108e-05
3.787591e-05
3.838397e-05
3.889526e-05
3.940977e-05
3.992752e-05
4.044849e-05
4.097268e-05
4.150011e-05
4.203077e-05
4.256465e-05
4.310176e-05
4.364209e-05
4.418566e-05
4.473245e-05
4.528247e-05
4.583572e-05
4.639220e-05
4.695190e-05
4.751484e-05
4.808100e-05
4.865038e-05
4.922300e-05
4.979884e-05
5.037791e-05
5.096021e-05
5.154574e-05
5.213449e-05
5.272648e-05
5.332169e-05
5.392013e-05
5.452179e-05
5.512669e-05
5.573481e-05
5.634616e-05
5.696073e-05
5.757854e-05
5.819957e-05
5.882383e-05
5.945132e-05
6.008204e-05
6.071598e-05
6.135315e-05
6.199355e-05
6.263718e-05
6.328404e-05
6.393412e-05
6.458743e-05
6.524397e-05
6.590374e-05
6.656673e-05
6.723296e-05
6.790241e-05
6.857508e-05
6.925099e-05
6.993012e-05
7.061249e-05
7.129808e-05
7.198689e-05
7.267894e-05
7.337421e-05
7.407271e-05
7.477444e-05
7.547940e-05
7.618758e-05
7.689899e-05
7.761363e-05
7.833150e-05
7.905260e-05
7.977692e-05
8.050447e-05
8.123525e-05
8.196926e-05
8.270649e-05
8.344695e-05
8.419064e-05
8.493756e-05
8.568771e-05
8.644108e-05
8.719768e-05
8.795751e-05
8.872057e-05
8.948685e-05
9.025637e-05
9.102911e-05
9.180508e-05
9.258427e-05
9.336670e-05
9.415235e-05
9.494123e-05
9.573334e-05
9.652867e-05
9.732723e-05
9.812903e-05
9.893404e-05
9.974229e-05
1.005538e-04
1.013685e-04
1.021864e-04
1.030076e-04
1.038319e-04
1.046596e-04
1.054904e-04
1.063245e-04
1.071618e-04
1.080023e-04
1.088460e-04
1.096930e-04
1.105432e-04
1.113967e-04
1.122533e-04
1.131132e-04
1.139763e-04
1.148427e-04
1.157123e-04
1.165851e-04
1.174611e-04
1.183404e-04
1.192228e-04
1.201086e-04
1.209975e-04
1.218897e-04
1.227851e-04
1.236837e-04
1.245855e-04
1.254906e-04
1.263989e-04
1.273105e-04
1.282252e-04
1.291432e-04
1.300645e-04
1.309889e-04
1.319166e-04
1.328475e-04
1.337816e-04
1.347190e-04
1.356596e-04
1.366034e-04
1.375504e-04
1.385007e-04
1.394542e-04
1.404109e-04
1.413709e-04
1.423341e-04
1.433005e-04
1.442701e-04
1.452430e-04
1.462191e-04
1.471984e-04
1.481809e-04
1.491667e-04
1.501557e-04
1.511479e-04
1.521434e-04
1.531421e-04
1.541440e-04
1.551492e-04
1.561575e-04
1.571691e-04
1.581839e-04
1.592020e-04
1.602233e-04
1.612478e-04
1.622755e-04
1.633065e-04
1.643407e-04
1.653781e-04
1.664188e-04
1.674626e-04
1.685098e-04
1.695601e-04
1.706136e-04
1.716704e-04
1.727305e-04
1.737937e-04
1.748602e-04
1.759299e-04
1.770028e-04
1.780790e-04
1.791583e-04
1.802410e-04
1.813268e-04
1.824159e-04
1.835082e-04
1.846037e-04
1.857024e-04
1.868044e-04
1.879096e-04
1.890180e-04
1.901297e-04
1.912446e-04
1.923627e-04
1.934841e-04
1.946086e-04
1.957364e-04
1.968675e-04
1.980017e-04
1.991392e-04
2.002799e-04
2.014239e-04
2.025710e-04
2.037214e-04
2.048750e-04
2.060319e-04
2.071920e-04
2.083553e-04
2.095218e-04
2.106916e-04
2.118646e-04
2.130408e-04
2.142202e-04
2.154029e-04
2.165888e-04
2.177779e-04
2.189703e-04
2.201659e-04
2.213647e-04
2.225667e-04
2.237720e-04
2.249805e-04
2.261922e-04
2.274072e-04
2.286254e-04
2.298468e-04
2.310714e-04
2.322993e-04
2.335304e-04
2.347647e-04
2.360022e-04
2.372430e-04
2.384870e-04
2.397342e-04
2.409847e-04
2.422384e-04
2.434953e-04
2.447554e-04
2.460188e-04
2.472854e-04
2.485552e-04
2.498283e-04
2.511046e-04
2.523841e-04
2.536668e-04
2.549528e-04
2.562420e-04
2.575344e-04
2.588300e-04
2.601289e-04
2.614310e-04
2.627363e-04
2.640449e-04
2.653567e-04
2.666717e-04
2.679899e-04
2.693114e-04
2.706361e-04
2.719640e-04
2.732952e-04
2.746296e-04
2.759672e-04
2.773080e-04
2.786521e-04
2.799994e-04
2.813499e-04
2.827036e-04
2.840606e-04
2.854208e-04
2.867843e-04
2.881509e-04
2.895208e-04
2.908939e-04
2.922703e-04
2.936498e-04
2.950326e-04
2.964187e-04
2.978079e-04
2.992004e-04
3.005961e-04
3.019951e-04
3.033972e-04
3.048026e-04
3.062112e-04
3.076231e-04
3.090382e-04
3.104565e-04
3.118780e-04
3.133028e-04
3.147307e-04
3.161620e-04
3.175964e-04
3.190341e-04
3.204750e-04
3.219191e-04
3.233665e-04
3.248170e-04
3.262709e-04
3.277279e-04
3.291882e-04
3.306517e-04
3.321184e-04
3.335883e-04
3.350615e-04
3.365379e-04
3.380175e-04
3.395004e-04
3.409865e-04
3.424758e-04
3.439684e-04
3.454641e-04
3.469631e-04
3.484654e-04
3.499708e-04
3.514795e-04
3.529914e-04
3.545066e-04
3.560249e-04
3.575465e-04
3.590713e-04
3.605994e-04
3.621307e-04
3.636652e-04
3.652029e-04
3.667439e-04
3.682881e-04
3.698355e-04
3.713861e-04
3.729400e-04
3.744971e-04
3.760574e-04
3.776210e-04
3.791878e-04
3.807578e-04
3.823310e-04
3.839075e-04
3.854872e-04
3.870701e-04
3.886563e-04
3.902457e-04
3.918383e-04
3.934341e-04
3.950332e-04
3.966354e-04
3.982410e-04
3.998497e-04
4.014617e-04
4.030769e-04
4.046953e-04
4.063170e-04
4.079419e-04
4.095700e-04
4.112013e-04
4.128359e-04
4.144737e-04
4.161147e-04
4.177590e-04
4.194064e-04
4.210572e-04
4.227111e-04
4.243683e-04
4.260286e-04
4.276923e-04
4.293591e-04
4.310292e-04
4.327025e-04
4.343790e-04
4.360588e-04
4.377418e-04
4.394280e-04
4.411174e-04
4.428101e-04
4.445060e-04
4.462051e-04
4.479075e-04
4.496130e-04
4.513219e-04
4.530339e-04
4.547492e-04
4.564677e-04
4.581894e-04
4.599143e-04
4.616425e-04
4.633739e-04
4.651085e-04
4.668464e-04
4.685875e-04
4.703318e-04
4.720793e-04
4.738301e-04
4.755841e-04
4.773413e-04
4.791018e-04
4.808655e-04
4.826324e-04
4.844025e-04
4.861759e-04
4.879525e-04
4.897323e-04
4.915153e-04
4.933016e-04
4.950911e-04
4.968839e-04
4.986798e-04
5.004790e-04
5.022814e-04
5.040871e-04
5.058959e-04
5.077080e-04
5.095234e-04
5.113419e-04
5.131637e-04
5.149887e-04
5.168170e-04
5.186484e-04
5.204831e-04
5.223210e-04
5.241622e-04
5.260066e-04
5.278542e-04
5.297050e-04
5.315591e-04
5.334164e-04
5.352769e-04
5.371406e-04
5.390076e-04
5.408778e-04
5.427512e-04
5.446279e-04
5.465078e-04
5.483909e-04
5.502772e-04
5.521668e-04
5.540596e-04
5.559556e-04
5.578548e-04
5.597573e-04
5.616630e-04
5.635720e-04
5.654841e-04
5.673995e-04
5.693181e-04
5.712400e-04
5.731650e-04
5.750933e-04
5.770249e-04
5.789596e-04
5.808976e-04
5.828388e-04
5.847833e-04
5.867309e-04
5.886818e-04
5.906360e-04
5.925933e-04
5.945539e-04
5.965177e-04
5.984847e-04
6.004550e-04
6.024285e-04
6.044052e-04
6.063851e-04
6.083683e-04
6.103547e-04
6.123444e-04
6.143372e-04
6.163333e-04
6.183326e-04
6.203352e-04
6.223409e-04
6.243499e-04
6.263621e-04
6.283776e-04
6.303963e-04
6.324182e-04
6.344433e-04
6.364717e-04
6.385033e-04
6.405381e-04
6.425761e-04
6.446174e-04
6.466619e-04
6.487096e-04
6.507606e-04
6.528148e-04
6.548722e-04
6.569328e-04
6.589967e-04
6.610638e-04
6.631341e-04
6.652077e-04
6.672845e-04
6.693645e-04
6.714477e-04
6.735342e-04
6.756239e-04
6.777168e-04
6.798129e-04
6.819123e-04
6.840149e-04
6.861208e-04
6.882298e-04
6.903421e-04
6.924576e-04
6.945764e-04
6.966983e-04
6.988235e-04
7.009519e-04
7.030836e-04
7.052185e-04
7.073566e-04
7.094979e-04
7.116425e-04
7.137903e-04
7.159413e-04
7.180956e-04
7.202530e-04
7.224137e-04
7.245777e-04
7.267448e-04
7.289152e-04
7.310888e-04
7.332657e-04
7.354457e-04
7.376290e-04
7.398156e-04
7.420053e-04
7.441983e-04
7.463945e-04
7.485940e-04
7.507966e-04
7.530025e-04
7.552116e-04
7.574240e-04
7.596396e-04
7.618584e-04
7.640804e-04
7.663057e-04
7.685342e-04
7.707659e-04
7.730008e-04
7.752390e-04
7.774804e-04
7.797250e-04
7.819729e-04
7.842240e-04
7.864783e-04
7.887358e-04
7.909966e-04
7.932606e-04
7.955278e-04
7.977982e-04
8.000719e-04
8.023488e-04
8.046290e-04
8.069123e-04
8.091989e-04
8.114887e-04
8.137818e-04
8.160780e-04
8.183775e-04
8.206803e-04
8.229862e-04
8.252954e-04
8.276078e-04
8.299235e-04
8.322423e-04
8.345644e-04
8.368897e-04
8.392183e-04
8.415501e-04
8.438851e-04
8.462233e-04
8.485648e-04
8.509095e-04
8.532574e-04
8.556085e-04
8.579629e-04
8.603205e-04
8.626813e-04
8.650454e-04
8.674127e-04
8.697832e-04
8.721569e-04
8.745339e-04
8.769141e-04
8.792975e-04
8.816842e-04
8.840741e-04
8.864672e-04
8.888635e-04
8.912631e-04
8.936659e-04
8.960719e-04
8.984811e-04
9.008936e-04
9.033093e-04
9.057282e-04
9.081504e-04
9.105758e-04
9.130044e-04
9.154362e-04
9.178713e-04
9.203096e-04
9.227511e-04
9.251959e-04
9.276438e-04
9.300951e-04
9.325495e-04
9.350072e-04
9.374680e-04
9.399322e-04
9.423995e-04
9.448701e-04
9.473439e-04
9.498209e-04
9.523012e-04
9.547847e-04
9.572714e-04
9.597613e-04
9.622545e-04
9.647509e-04
9.672505e-04
9.697534e-04
9.722594e-04
9.747688e-04
9.772813e-04
9.797971e-04
9.823161e-04
9.848383e-04
9.873637e-04
9.898924e-04
9.924243e-04
9.949594e-04
9.974978e-04
1.000039e-03
1.002584e-03
1.005132e-03
1.007684e-03
1.010238e-03
1.012796e-03
1.015357e-03
1.017921e-03
1.020488e-03
1.023059e-03
1.025633e-03
1.028210e-03
1.030790e-03
1.033374e-03
1.035961e-03
1.038551e-03
1.041144e-03
1.043740e-03
1.046340e-03
1.048943e-03
1.051549e-03
1.054158e-03
1.056771e-03
1.059387e-03
1.062006e-03
1.064628e-03
1.067254e-03
1.069882e-03
1.072514e-03
1.075150e-03
1.077788e-03
1.080430e-03
1.083074e-03
1.085723e-03
1.088374e-03
1.091028e-03
1.093686e-03
1.096347e-03
1.099012e-03
1.101679e-03
1.104350e-03
1.107024e-03
1.109701e-03
1.112381e-03
1.115065e-03
1.117752e-03
1.120442e-03
1.123135e-03
1.125831e-03
1.128531e-03
1.131234e-03
1.133940e-03
1.136650e-03
1.139363e-03
1.142078e-03
1.144798e-03
1.147520e-03
1.150245e-03
1.152974e-03
1.155706e-03
1.158442e-03
1.161180e-03
1.163922e-03
1.166667e-03
1.169415e-03
1.172166e-03
1.174921e-03
1.177679e-03
1.180440e-03
1.183204e-03
1.185972e-03
1.188742e-03
1.191516e-03
1.194294e-03
1.197074e-03
1.199858e-03
1.202645e-03
1.205435e-03
1.208228e-03
1.211025e-03
1.213825e-03
1.216628e-03
1.219434e-03
1.222243e-03
1.225056e-03
1.227872e-03
1.230691e-03
1.233514e-03
1.236339e-03
1.239168e-03
1.242000e-03
1.244835e-03
1.247674e-03
1.250516e-03
1.253361e-03
1.256209e-03
1.259060e-03
1.261915e-03
1.264773e-03
1.267634e-03
1.270499e-03
1.273366e-03
1.276237e-03
1.279111e-03
1.281988e-03
1.284869e-03
1.287753e-03
1.290640e-03
1.293530e-03
1.296423e-03
1.299320e-03
1.302220e-03
1.305123e-03
1.308029e-03
1.310939e-03
1.313851e-03
1.316768e-03
1.319687e-03
1.322609e-03
1.325535e-03
1.328464e-03
1.331396e-03
1.334331e-03
1.337270e-03
1.340212e-03
1.343157e-03
1.346105e-03
1.349057e-03
1.352011e-03
1.354969e-03
1.357931e-03
1.360895e-03
1.363863e-03
1.366834e-03
1.369808e-03
1.372785e-03
1.375766e-03
1.378749e-03
1.381736e-03
1.384727e-03
1.387720e-03
1.390717e-03
1.393717e-03
1.396720e-03
1.399726e-03
1.402736e-03
1.405749e-03
1.408765e-03
1.411784e-03
1.414807e-03
1.417833e-03
1.420862e-03
1.423894e-03
1.426929e-03
1.429968e-03
1.433010e-03
1.436055e-03
1.439103e-03
1.442155e-03
1.445210e-03
1.448268e-03
1.451329e-03
1.454393e-03
1.457461e-03
1.460532e-03
1.463606e-03
1.466684e-03
1.469764e-03
1.472848e-03
1.475935e-03
1.479026e-03
1.482119e-03
1.485216e-03
1.488316e-03
1.491419e-03
1.494526e-03
1.497635e-03
1.500748e-03
1.503864e-03
1.506984e-03
1.510106e-03
1.513232e-03
1.516361e-03
1.519493e-03
1.522629e-03
1.525768e-03
1.528910e-03
1.532055e-03
1.535203e-03
1.538355e-03
1.541510e-03
1.544668e-03
1.547829e-03
1.550994e-03
1.554162e-03
1.557333e-03
1.560507e-03
1.563684e-03
1.566865e-03
1.570049e-03
1.573236e-03
1.576426e-03
1.579620e-03
1.582817e-03
1.586017e-03
1.589220e-03
1.592427e-03
1.595637e-03
1.598849e-03
1.602066e-03
1.605285e-03
1.608508e-03
1.611734e-03
1.614963e-03
1.618195e-03
1.621431e-03
1.624669e-03
1.627911e-03
1.631157e-03
1.634405e-03
1.637657e-03
1.640912e-03
1.644170e-03
1.647431e-03
1.650696e-03
1.653964e-03
1.657235e-03
1.660509e-03
1.663787e-03
1.667068e-03
1.670352e-03
1.673639e-03
1.676929e-03
1.680223e-03
1.683520e-03
1.686820e-03
1.690123e-03
1.693430e-03
1.696740e-03
1.700053e-03
1.703369e-03
1.706688e-03
1.710011e-03
1.713337e-03
1.716666e-03
1.719999e-03
1.723334e-03
1.726673e-03
1.730015e-03
1.733361e-03
1.736709e-03
1.740061e-03
1.743416e-03
1.746774e-03
1.750136e-03
1.753500e-03
1.756868e-03
1.760239e-03
1.763614e-03
1.766991e-03
1.770372e-03
1.773756e-03
1.777143e-03
1.780534e-03
1.783928e-03
1.787325e-03
1.790725e-03
1.794128e-03
1.797535e-03
1.800945e-03
1.804358e-03
1.807774e-03
1.811194e-03
1.814616e-03
1.818042e-03
1.821472e-03
1.824904e-03
1.828340e-03
1.831779e-03
1.835221e-03
1.838666e-03
1.842115e-03
1.845567e-03
1.849022e-03
1.852480e-03
1.855942e-03
1.859406e-03
1.862874e-03
1.866346e-03
1.869820e-03
1.873298e-03
1.876779e-03
1.880263e-03
1.883750e-03
1.887241e-03
1.890734e-03
1.894231e-03
1.897732e-03
1.901235e-03
1.904742e-03
1.908252e-03
1.911765e-03
1.915281e-03
1.918801e-03
1.922324e-03
1.925850e-03
1.929379e-03
1.932912e-03
1.936447e-03
1.939986e-03
1.943529e-03
1.947074e-03
1.950623e-03
1.954175e-03
1.957730e-03
1.961288e-03
1.964850e-03
1.968414e-03
1.971983e-03
1.975554e-03
1.979128e-03
1.982706e-03
1.986287e-03
1.989871e-03
1.993458e-03
1.997049e-03
2.000643e-03
2.004240e-03
2.007840e-03
2.011444e-03
2.015051e-03
2.018661e-03
2.022274e-03
2.025890e-03
2.029510e-03
2.033133e-03
2.036759e-03
2.040388e-03
2.044021e-03
2.047657e-03
2.051296e-03
2.054938e-03
2.058584e-03
2.062232e-03
2.065884e-03
2.069540e-03
2.073198e-03
2.076860e-03
2.080524e-03
2.084193e-03
2.087864e-03
2.091538e-03
2.095216e-03
2.098897e-03
2.102581e-03
2.106269e-03
2.109960e-03
2.113654e-03
2.117351e-03
2.121051e-03
2.124755e-03
2.128462e-03
2.132172e-03
2.135885e-03
2.139601e-03
2.143321e-03
2.147044e-03
2.150770e-03
2.154500e-03
2.158232e-03
2.161968e-03
2.165707e-03
2.169450e-03
2.173195e-03
2.176944e-03
2.180696e-03
2.184451e-03
2.188210e-03
2.191972e-03
2.195736e-03
2.199505e-03
2.203276e-03
2.207051e-03
2.210828e-03
2.214610e-03
2.218394e-03
2.222181e-03
2.225972e-03
2.229766e-03
2.233563e-03
2.237364e-03
2.241167e-03
2.244974e-03
2.248784e-03
2.252598e-03
2.256414e-03
2.260234e-03
2.264057e-03
2.267883e-03
2.271713e-03
2.275546e-03
2.279382e-03
2.283221e-03
2.287063e-03
2.290909e-03
2.294758e-03
2.298610e-03
2.302465e-03
2.306324e-03
2.310185e-03
2.314050e-03
2.317919e-03
2.321790e-03
2.325665e-03
2.329543e-03
2.333424e-03
2.337308e-03
2.341196e-03
2.345086e-03
2.348981e-03
2.352878e-03
2.356778e-03
2.360682e-03
2.364589e-03
2.368499e-03
2.372413e-03
2.376329e-03
2.380249e-03
2.384172e-03
2.388099e-03
2.392028e-03
2.395961e-03
2.399897e-03
2.403836e-03
2.407779e-03
2.411724e-03
2.415673e-03
2.419625e-03
2.423581e-03
2.427539e-03
2.431501e-03
2.435466e-03
2.439434e-03
2.443406e-03
2.447381e-03
2.451359e-03
2.455340e-03
2.459324e-03
2.463312e-03
2.467303e-03
2.471297e-03
2.475294e-03
2.479295e-03
2.483299e-03
2.487306e-03
2.491316e-03
2.495329e-03
2.499346e-03
2.503366e-03
2.507389e-03
2.511416e-03
2.515445e-03
2.519478e-03
2.523514e-03
2.527553e-03
2.531596e-03
2.535642e-03
2.539691e-03
2.543743e-03
2.547798e-03
2.551857e-03
2.555919e-03
2.559984e-03
2.564052e-03
2.568124e-03
2.572199e-03
2.576277e-03
2.580358e-03
2.584442e-03
2.588530e-03
2.592621e-03
2.596715e-03
2.600813e-03
2.604913e-03
2.609017e-03
2.613124e-03
2.617235e-03
2.621348e-03
2.625465e-03
2.629585e-03
2.633708e-03
2.637834e-03
2.641964e-03
2.646097e-03
2.650233e-03
2.654373e-03
2.658515e-03
2.662661e-03
2.666810e-03
2.670962e-03
2.675118e-03
2.679276e-03
2.683438e-03
2.687604e-03
2.691772e-03
2.695944e-03
2.700119e-03
2.704297e-03
2.708478e-03
2.712662e-03
2.716850e-03
2.721041e-03
2.725236e-03
2.729433e-03
2.733634e-03
2.737838e-03
2.742045e-03
2.746255e-03
2.750469e-03
2.754686e-03
2.758906e-03
2.763129e-03
2.767355e-03
2.771585e-03
2.775818e-03
2.780054e-03
2.784294e-03
2.788536e-03
2.792782e-03
2.797031e-03
2.801284e-03
2.805539e-03
2.809798e-03
2.814060e-03
2.818325e-03
2.822594e-03
2.826865e-03
2.831140e-03
2.835419e-03
2.839700e-03
2.843985e-03
2.848272e-03
2.852563e-03
2.856858e-03
2.861155e-03
2.865456e-03
2.869760e-03
2.874067e-03
2.878378e-03
2.882691e-03
2.887008e-03
2.891328e-03
2.895652e-03
2.899978e-03
2.904308e-03
2.908641e-03
2.912977e-03
2.917317e-03
2.921659e-03
2.926005e-03
2.930355e-03
2.934707e-03
2.939063e-03
2.943421e-03
2.947784e-03
2.952149e-03
2.956517e-03
2.960889e-03
2.965264e-03
2.969642e-03
2.974024e-03
2.978408e-03
2.982796e-03
2.987187e-03
2.991582e-03
2.995979e-03
3.000380e-03
3.004784e-03
3.009192e-03
3.013602e-03
3.018016e-03
3.022433e-03
3.026853e-03
3.031276e-03
3.035703e-03
3.040133e-03
3.044566e-03
3.049002e-03
3.053442e-03
3.057885e-03
3.062331e-03
3.066780e-03
3.071232e-03
3.075688e-03
3.080147e-03
3.084609e-03
3.089074e-03
3.093543e-03
3.098015e-03
3.102490e-03
3.106968e-03
3.111450e-03
3.115934e-03
3.120422e-03
3.124913e-03
3.129408e-03
3.133906e-03
3.138406e-03
3.142911e-03
3.147418e-03
3.151928e-03
3.156442e-03
3.160959e-03
3.165479e-03
3.170003e-03
3.174530e-03
3.179060e-03
3.183593e-03
3.188129e-03
3.192669e-03
3.197212e-03
3.201758e-03
3.206307e-03
3.210859e-03
3.215415e-03
3.219974e-03
3.224536e-03
3.229102e-03
3.233670e-03
3.238242e-03
3.242817e-03
3.247396e-03
3.251977e-03
3.256562e-03
3.261150e-03
3.265741e-03
3.270336e-03
3.274934e-03
3.279535e-03
3.284139e-03
3.288746e-03
3.293357e-03
3.297971e-03
3.302588e-03
3.307208e-03
3.311832e-03
3.316458e-03
3.321088e-03
3.325721e-03
3.330358e-03
3.334998e-03
3.339640e-03
3.344287e-03
3.348936e-03
3.353589e-03
3.358244e-03
3.362903e-03
3.367566e-03
3.372231e-03
3.376900e-03
3.381572e-03
3.386247e-03
3.390925e-03
3.395607e-03
3.400292e-03
3.404980e-03
3.409671e-03
3.414366e-03
3.419064e-03
3.423765e-03
3.428469e-03
3.433176e-03
3.437887e-03
3.442601e-03
3.447318e-03
3.452038e-03
3.456762e-03
3.461489e-03
3.466219e-03
3.470952e-03
3.475689e-03
3.480428e-03
3.485171e-03
3.489918e-03
3.494667e-03
3.499420e-03
3.504176e-03
3.508935e-03
3.513697e-03
3.518462e-03
3.523231e-03
3.528003e-03
3.532779e-03
3.537557e-03
3.542339e-03
3.547124e-03
3.551912e-03
3.556703e-03
3.561498e-03
3.566296e-03
3.571097e-03
3.575901e-03
3.580708e-03
3.585519e-03
3.590333e-03
3.595150e-03
3.599971e-03
3.604794e-03
3.609621e-03
3.614451e-03
3.619285e-03
3.624121e-03
3.628961e-03
3.633804e-03
3.638650e-03
3.643500e-03
3.648353e-03
3.653209e-03
3.658068e-03
3.662930e-03
3.667796e-03
3.672665e-03
3.677537e-03
3.682412e-03
3.687291e-03
3.692172e-03
3.697057e-03
3.701945e-03
3.706837e-03
3.711732e-03
3.716629e-03
3.721531e-03
3.726435e-03
3.731343e-03
3.736253e-03
3.741167e-03
3.746085e-03
3.751005e-03
3.755929e-03
3.760856e-03
3.765786e-03
3.770719e-03
3.775656e-03
3.780596e-03
3.785539e-03
3.790485e-03
3.794770e-03
3.799039e-03
3.803291e-03
3.807528e-03
3.811748e-03
3.815953e-03
3.820141e-03
3.824313e-03
3.828469e-03
3.832609e-03
3.836733e-03
3.840840e-03
3.844932e-03
3.849008e-03
3.853067e-03
3.857110e-03
3.861138e-03
3.865149e-03
3.869144e-03
3.873123e-03
3.877086e-03
3.881033e-03
3.884963e-03
3.888878e-03
3.892776e-03
3.896659e-03
3.900525e-03
3.904375e-03
3.908209e-03
3.912027e-03
3.915829e-03
3.919615e-03
3.923385e-03
3.927138e-03
3.930876e-03
3.934597e-03
3.938303e-03
3.941992e-03
3.945665e-03
3.949322e-03
3.952963e-03
3.956588e-03
3.960197e-03
3.963789e-03
3.967366e-03
3.970926e-03
3.974471e-03
3.977999e-03
3.981511e-03
3.985007e-03
3.988487e-03
3.991951e-03
3.995399e-03
3.998831e-03
4.002246e-03
4.005646e-03
4.009029e-03
4.012396e-03
4.015748e-03
4.019083e-03
4.022402e-03
4.025705e-03
4.028992e-03
4.032262e-03
4.035517e-03
4.038755e-03
4.041978e-03
4.045184e-03
4.048374e-03
4.051549e-03
4.054707e-03
4.057849e-03
4.060975e-03
4.064084e-03
4.067178e-03
4.070256e-03
4.073317e-03
4.076362e-03
4.079392e-03
4.082405e-03
4.085402e-03
4.088383e-03
4.091348e-03
4.094297e-03
4.097229e-03
4.100146e-03
4.103047e-03
4.105931e-03
4.108799e-03
4.111652e-03
4.114488e-03
4.117308e-03
4.120112e-03
4.122900e-03
4.125671e-03
4.128427e-03
4.131166e-03
4.133890e-03
4.136597e-03
4.139289e-03
4.141964e-03
4.144623e-03
4.147266e-03
4.149893e-03
4.152503e-03
4.155098e-03
4.157677e-03
4.160239e-03
4.162786e-03
4.165316e-03
4.167830e-03
4.170328e-03
4.172810e-03
4.175276e-03
4.177726e-03
4.180160e-03
4.182577e-03
4.184979e-03
4.187364e-03
4.189734e-03
4.192087e-03
4.194424e-03
4.196745e-03
4.199050e-03
4.201339e-03
4.203612e-03
4.205869e-03
4.208109e-03
4.210334e-03
4.212542e-03
4.214734e-03
4.216910e-03
4.219071e-03
4.221215e-03
4.223342e-03
4.225454e-03
4.227550e-03
4.229630e-03
4.231693e-03
4.233740e-03
4.235772e-03
4.237787e-03
4.239786e-03
4.241769e-03
4.243736e-03
4.245687e-03
4.247622e-03
4.249540e-03
4.251443e-03
4.253329e-03
4.255200e-03
4.257054e-03
4.258892e-03
4.260714e-03
4.262520e-03
4.264310e-03
4.266084e-03
4.267842e-03
4.269583e-03
4.271309e-03
4.273018e-03
4.274711e-03
4.276389e-03
4.278050e-03
4.279695e-03
4.281324e-03
4.282937e-03
4.284533e-03
4.286114e-03
4.287678e-03
4.289227e-03
4.290759e-03
4.292275e-03
4.293776e-03
4.295260e-03
4.296728e-03
4.298179e-03
4.299615e-03
4.301035e-03
4.302438e-03
4.303826e-03
4.305197e-03
4.306553e-03
4.307892e-03
4.309215e-03
4.310522e-03
4.311813e-03
4.313088e-03
4.314346e-03
4.315589e-03
4.316815e-03
4.318026e-03
4.319220e-03
4.320398e-03
4.321561e-03
4.322707e-03
4.323836e-03
4.324950e-03
4.326048e-03
4.327130e-03
4.328195e-03
4.329245e-03
4.330278e-03
4.331295e-03
4.332297e-03
4.333282e-03
4.334251e-03
4.335203e-03
4.336140e-03
4.337061e-03
4.337966e-03
4.338854e-03
4.339726e-03
4.340583e-03
4.341423e-03
4.342247e-03
4.343055e-03
4.343847e-03
4.344623e-03
4.345382e-03
4.346126e-03
4.346854e-03
4.347565e-03
4.348260e-03
4.348940e-03
4.349603e-03
4.350250e-03
4.350881e-03
4.351496e-03
4.352094e-03
4.352677e-03
4.353244e-03
4.353794e-03
4.354329e-03
4.354847e-03
4.355349e-03
4.355835e-03
4.356305e-03
4.356759e-03
4.357197e-03
4.357618e-03
4.358024e-03
4.358414e-03
4.358787e-03
4.359144e-03
4.359486e-03
4.359811e-03
4.360120e-03
4.360413e-03
4.360689e-03
4.360950e-03
4.361195e-03
4.361423e-03
4.361636e-03
4.361832e-03
4.362012e-03
4.362177e-03
4.362325e-03
4.362457e-03
4.362573e-03
4.362672e-03
4.362756e-03
4.362824e-03
4.362875e-03
4.362910e-03
4.362930e-03
4.362933e-03
4.362920e-03
4.362891e-03
4.362846e-03
4.362785e-03
4.362708e-03
4.362614e-03
4.362505e-03
4.362379e-03
4.362237e-03
4.362080e-03
4.361906e-03
4.361716e-03
4.361510e-03
4.361288e-03
4.361049e-03
4.360795e-03
4.360525e-03
4.360238e-03
4.359936e-03
4.359617e-03
4.359282e-03
4.358931e-03
4.358564e-03
4.358181e-03
4.357782e-03
4.357366e-03
4.356935e-03
4.356488e-03
4.356024e-03
4.355544e-03
4.355049e-03
4.354537e-03
4.354009e-03
4.353687e-03
4.353687e-03
4.353687e-03
4.353687e-03
4.353687e-03
4.353687e-03
4.353687e-03
4.353687e-03
4.353687e-03
4.353687e-03
4.353687e-03
4.353687e-03
4.353687e-03
4.353687e-03
4.353687e-03
4.353687e-03
4.353687e-03
4.353687e-03
4.353687e-03
4.353687e-03
4.353687e-03
4.353687e-03
4.353687e-03
4.353687e-03
4.353687e-03
4.353687e-03
4.353687e-03
4.353687e-03
4.353687e-03
4.353687e-03
4.353687e-03
4.353687e-03
4.353687e-03
4.353687e-03
4.353687e-03
4.353687e-03
4.353687e-03
4.353687e-03
4.353687e-03
4.353687e-03
4.353687e-03
4.353687e-03
4.353687e-03
4.353687e-03
4.353687e-03
4.353687e-03
4.353687e-03
4.353687e-03
4.353687e-03
4.353687e-03
4.353687e-03
4.353687e-03
4.353687e-03
4.353687e-03
4.353687e-03
4.353687e-03
4.353687e-03
4.353687e-03
4.353687e-03
4.353687e-03
4.353687e-03
4.353687e-03
4.353687e-03
4.353687e-03
4.353687e-03
4.353687e-03
4.353687e-03
4.353687e-03
4.353687e-03
4.353687e-03
4.353687e-03
4.353687e-03
4.353687e-03
4.353687e-03
4.353687e-03
4.353687e-03
4.353687e-03
4.353687e-03
4.353687e-03
4.353687e-03
4.353687e-03
4.353687e-03
4.353687e-03
4.353687e-03
4.353687e-03
4.353687e-03
4.353687e-03
4.353687e-03
4.353687e-03
4.353687e-03
4.353687e-03
4.353687e-03
4.353687e-03
4.353687e-03
4.353687e-03
4.353687e-03
4.353687e-03
4.353687e-03
4.353687e-03
4.353687e-03
4.353687e-03
4.353687e-03
4.353687e-03
4.353687e-03
4.353687e-03
4.353687e-03
4.353687e-03
4.353687e-03
4.353687e-03
4.353687e-03
4.353687e-03
4.353687e-03
4.353687e-03
4.353687e-03
4.353687e-03
4.353687e-03
4.353687e-03
4.353687e-03
4.353687e-03
4.353687e-03
4.353687e-03
4.353687e-03
4.353687e-03
4.353687e-03
4.353687e-03
4.353687e-03
4.353687e-03
4.353687e-03
4.353687e-03
4.353687e-03
4.353687e-03
4.353687e-03
4.353687e-03
4.353687e-03
4.353687e-03
4.353687e-03
4.353687e-03
4.353687e-03
4.353687e-03
4.353687e-03
4.353687e-03
4.353687e-03
4.353687e-03
4.353687e-03
4.353687e-03
4.353687e-03
4.353687e-03
4.353687e-03
4.353687e-03
4.353687e-03
4.353687e-03
4.353687e-03
4.353687e-03
4.353687e-03
4.353687e-03
4.353687e-03
4.353687e-03
4.353687e-03
4.353687e-03
4.353687e-03
4.353687e-03
4.353687e-03
4.353687e-03
4.353687e-03
4.353687e-03
4.353687e-03
4.353687e-03
4.353687e-03
4.353687e-03
4.353687e-03
4.353687e-03
4.353687e-03
4.353687e-03
4.353687e-03
4.353687e-03
4.353687e-03
4.353687e-03
4.353687e-03
4.353687e-03
4.353687e-03
4.353687e-03
4.353687e-03
4.353687e-03
4.353687e-03
4.353687e-03
4.353687e-03
4.353687e-03
4.353687e-03
4.353687e-03
4.353687e-03
4.353687e-03
4.353687e-03
4.353687e-03
4.353687e-03
4.353687e-03
4.353687e-03
4.353687e-03
4.353687e-03
4.353687e-03
4.353687e-03
4.353687e-03
