0.000000e+00
1.110371e-07
2.251330e-07
3.422879e-07
4.625016e-07
5.857742e-07
7.121056e-07
8.414959e-07
9.739451e-07
1.109453e-06
1.248020e-06
1.389646e-06
1.534331e-06
1.682074e-06
1.832877e-06
1.986738e-06
2.143658e-06
2.303637e-06
2.466675e-06
2.632772e-06
2.801928e-06
2.974142e-06
3.149416e-06
3.327748e-06
3.509139e-06
3.693589e-06
3.881098e-06
4.071666e-06
4.265292e-06
4.461978e-06
4.661722e-06
4.864526e-06
5.070388e-06
5.279309e-06
5.491289e-06
5.706327e-06
5.924425e-06
6.145582e-06
6.369797e-06
6.597071e-06
6.827404e-06
7.060796e-06
7.297247e-06
7.536757e-06
7.779326e-06
8.024953e-06
8.273639e-06
8.525385e-06
8.780189e-06
9.038052e-06
9.298974e-06
9.562954e-06
9.829994e-06
1.010009e-05
1.037325e-05
1.064947e-05
1.092874e-05
1.121108e-05
1.149647e-05
1.178492e-05
1.207643e-05
1.237100e-05
1.266863e-05
1.296932e-05
1.327306e-05
1.357987e-05
1.388973e-05
1.420265e-05
1.451863e-05
1.483767e-05
1.515977e-05
1.548493e-05
1.581315e-05
1.614443e-05
1.647876e-05
1.681615e-05
1.715661e-05
1.750012e-05
1.784669e-05
1.819632e-05
1.854901e-05
1.890475e-05
1.926356e-05
1.962542e-05
1.999035e-05
2.035833e-05
2.072937e-05
2.110347e-05
2.148063e-05
2.186085e-05
2.224412e-05
2.263046e-05
2.301985e-05
2.341231e-05
2.380782e-05
2.420639e-05
2.460802e-05
2.501271e-05
2.542046e-05
2.583126e-05
2.624513e-05
2.666205e-05
2.708204e-05
2.750508e-05
2.793118e-05
2.836034e-05
2.879256e-05
2.922784e-05
2.966617e-05
3.010757e-05
3.055202e-05
3.099954e-05
3.145011e-05
3.190374e-05
3.236043e-05
3.282018e-05
3.328298e-05
3.374885e-05
3.421778e-05
3.468976e-05
3.516480e-05
3.564290e-05
3.612407e-05
3.660829e-05
3.709556e-05
3.758590e-05
3.807930e-05
3.857575e-05
3.907527e-05
3.957784e-05
4.008347e-05
4.059216e-05
4.110391e-05
4.161872e-05
4.213659e-05
4.265751e-05
4.318150e-05
4.370854e-05
4.423864e-05
4.477181e-05
4.530803e-05
4.584730e-05
4.638964e-05
4.693504e-05
4.748350e-05
4.803501e-05
4.858958e-05
4.914722e-05
4.970791e-05
5.027166e-05
5.083847e-05
5.140834e-05
5.198126e-05
5.255725e-05
5.313629e-05
5.371840e-05
5.430356e-05
5.489178e-05
5.548306e-05
5.607740e-05
5.667480e-05
5.727525e-05
5.787877e-05
5.848534e-05
5.909498e-05
5.970767e-05
6.032342e-05
6.094223e-05
6.156410e-05
6.218903e-05
6.281701e-05
6.344806e-05
6.408216e-05
6.471933e-05
6.535955e-05
6.600283e-05
6.664917e-05
6.729857e-05
6.795103e-05
6.860654e-05
6.926512e-05
6.992675e-05
7.059145e-05
7.125920e-05
7.193001e-05
7.260388e-05
7.328081e-05
7.396079e-05
7.464384e-05
7.532995e-05
7.601911e-05
7.671133e-05
7.740661e-05
7.810495e-05
7.880635e-05
7.951081e-05
8.021833e-05
8.092891e-05
8.164254e-05
8.235924e-05
8.307899e-05
8.380180e-05
8.452767e-05
8.525660e-05
8.598859e-05
8.672364e-05
8.746174e-05
8.820291e-05
8.894713e-05
8.969441e-05
9.044475e-05
9.119815e-05
9.195461e-05
9.271413e-05
9.347671e-05
9.424234e-05
9.501104e-05
9.578279e-05
9.655761e-05
9.733548e-05
9.811641e-05
9.890040e-05
9.968744e-05
1.004776e-04
1.012707e-04
1.020669e-04
1.028662e-04
1.036686e-04
1.044740e-04
1.052824e-04
1.060939e-04
1.069085e-04
1.077262e-04
1.085469e-04
1.093706e-04
1.101974e-04
1.110273e-04
1.118602e-04
1.126962e-04
1.135353e-04
1.143774e-04
1.152225e-04
1.160708e-04
1.169221e-04
1.177764e-04
1.186338e-04
1.194943e-04
1.203578e-04
1.212244e-04
1.220940e-04
1.229667e-04
1.238424e-04
1.247213e-04
1.256031e-04
1.264881e-04
1.273761e-04
1.282671e-04
1.291612e-04
1.300584e-04
1.309586e-04
1.318619e-04
1.327682e-04
1.336776e-04
1.345901e-04
1.355056e-04
1.364242e-04
1.373458e-04
1.382705e-04
1.391983e-04
1.401291e-04
1.410630e-04
1.419999e-04
1.429399e-04
1.438830e-04
1.448291e-04
1.457782e-04
1.467305e-04
1.476857e-04
1.486441e-04
1.496055e-04
1.505700e-04
1.515375e-04
1.525081e-04
1.534817e-04
1.544584e-04
1.554382e-04
1.564210e-04
1.574068e-04
1.583958e-04
1.593878e-04
1.603828e-04
1.613809e-04
1.623821e-04
1.633863e-04
1.643936e-04
1.654040e-04
1.664174e-04
1.674338e-04
1.684534e-04
1.694759e-04
1.705016e-04
1.715303e-04
1.725620e-04
1.735968e-04
1.746347e-04
1.756757e-04
1.767197e-04
1.777667e-04
1.788168e-04
1.798700e-04
1.809262e-04
1.819855e-04
1.830478e-04
1.841133e-04
1.851817e-04
1.862532e-04
1.873278e-04
1.884055e-04
1.894862e-04
1.905699e-04
1.916567e-04
1.927466e-04
1.938396e-04
1.949355e-04
1.960346e-04
1.971367e-04
1.982419e-04
1.993501e-04
2.004614e-04
2.015757e-04
2.026932e-04
2.038136e-04
2.049371e-04
2.060637e-04
2.071934e-04
2.083261e-04
2.094618e-04
2.106006e-04
2.117425e-04
2.128875e-04
2.140355e-04
2.151865e-04
2.163406e-04
2.174978e-04
2.186580e-04
2.198213e-04
2.209877e-04
2.221571e-04
2.233295e-04
2.245051e-04
2.256836e-04
2.268653e-04
2.280500e-04
2.292377e-04
2.304286e-04
2.316224e-04
2.328194e-04
2.340194e-04
2.352224e-04
2.364285e-04
2.376377e-04
2.388499e-04
2.400652e-04
2.412836e-04
2.425050e-04
2.437295e-04
2.449570e-04
2.461876e-04
2.474212e-04
2.486579e-04
2.498977e-04
2.511405e-04
2.523864e-04
2.536353e-04
2.548873e-04
2.561424e-04
2.574005e-04
2.586617e-04
2.599259e-04
2.611932e-04
2.624635e-04
2.637369e-04
2.650134e-04
2.662929e-04
2.675755e-04
2.688612e-04
2.701499e-04
2.714416e-04
2.727364e-04
2.740343e-04
2.753353e-04
2.766393e-04
2.779463e-04
2.792564e-04
2.805696e-04
2.818858e-04
2.832051e-04
2.845275e-04
2.858529e-04
2.871814e-04
2.885129e-04
2.898475e-04
2.911851e-04
2.925258e-04
2.938696e-04
2.952164e-04
2.965663e-04
2.979192e-04
2.992752e-04
3.006343e-04
3.019964e-04
3.033616e-04
3.047298e-04
3.061011e-04
3.074755e-04
3.088529e-04
3.102333e-04
3.116169e-04
3.130035e-04
3.143931e-04
3.157858e-04
3.171816e-04
3.185804e-04
3.199823e-04
3.213872e-04
3.227952e-04
3.242063e-04
3.256204e-04
3.270376e-04
3.284578e-04
3.298811e-04
3.313074e-04
3.327369e-04
3.341693e-04
3.356049e-04
3.370434e-04
3.384851e-04
3.399298e-04
3.413776e-04
3.428284e-04
3.442823e-04
3.457392e-04
3.471992e-04
3.486623e-04
3.501284e-04
3.515976e-04
3.530698e-04
3.545451e-04
3.560234e-04
3.575049e-04
3.589893e-04
3.604769e-04
3.619674e-04
3.634611e-04
3.649578e-04
3.664576e-04
3.679604e-04
3.694663e-04
3.709752e-04
3.724872e-04
3.740023e-04
3.755204e-04
3.770416e-04
3.785658e-04
3.800931e-04
3.816235e-04
3.831569e-04
3.846933e-04
3.862329e-04
3.877755e-04
3.893211e-04
3.908698e-04
3.924216e-04
3.939764e-04
3.955343e-04
3.970952e-04
3.986592e-04
4.002263e-04
4.017964e-04
4.033696e-04
4.049458e-04
4.065251e-04
4.081075e-04
4.096929e-04
4.112814e-04
4.128729e-04
4.144675e-04
4.160651e-04
4.176658e-04
4.192696e-04
4.208764e-04
4.224863e-04
4.240993e-04
4.257153e-04
4.273343e-04
4.289565e-04
4.305816e-04
4.322099e-04
4.338412e-04
4.354755e-04
4.371129e-04
4.387534e-04
4.403969e-04
4.420435e-04
4.436932e-04
4.453459e-04
4.470017e-04
4.486605e-04
4.503224e-04
4.519873e-04
4.536553e-04
4.553264e-04
4.570005e-04
4.586777e-04
4.603579e-04
4.620412e-04
4.637276e-04
4.654170e-04
4.671095e-04
4.688050e-04
4.705036e-04
4.722052e-04
4.739100e-04
4.756177e-04
4.773286e-04
4.790424e-04
4.807594e-04
4.824794e-04
4.842025e-04
4.859286e-04
4.876578e-04
4.893900e-04
4.911253e-04
4.928636e-04
4.946051e-04
4.963495e-04
4.980971e-04
4.998477e-04
5.016013e-04
5.033580e-04
5.051178e-04
5.068806e-04
5.086465e-04
5.104155e-04
5.121875e-04
5.139625e-04
5.157407e-04
5.175218e-04
5.193061e-04
5.210934e-04
5.228837e-04
5.246772e-04
5.264736e-04
5.282732e-04
5.300758e-04
5.318814e-04
5.336901e-04
5.355019e-04
5.373167e-04
5.391346e-04
5.409556e-04
5.427796e-04
5.446066e-04
5.464367e-04
5.482699e-04
5.501062e-04
5.519455e-04
5.537878e-04
5.556333e-04
5.574817e-04
5.593333e-04
5.611879e-04
5.630455e-04
5.649062e-04
5.667700e-04
5.686368e-04
5.705067e-04
5.723797e-04
5.742557e-04
5.761347e-04
5.780169e-04
5.799020e-04
5.817903e-04
5.836816e-04
5.855759e-04
5.874734e-04
5.893738e-04
5.912774e-04
5.931840e-04
5.950936e-04
5.970063e-04
5.989221e-04
6.008409e-04
6.027628e-04
6.046878e-04
6.066158e-04
6.085469e-04
6.104810e-04
6.124182e-04
6.143584e-04
6.163017e-04
6.182481e-04
6.201975e-04
6.221500e-04
6.241055e-04
6.260641e-04
6.280258e-04
6.299905e-04
6.319582e-04
6.339291e-04
6.359030e-04
6.378799e-04
6.398599e-04
6.418430e-04
6.438291e-04
6.458183e-04
6.478106e-04
6.498059e-04
6.518042e-04
6.538056e-04
6.558101e-04
6.578177e-04
6.598283e-04
6.618419e-04
6.638586e-04
6.658784e-04
6.679012e-04
6.699271e-04
6.719561e-04
6.739881e-04
6.760231e-04
6.780613e-04
6.801025e-04
6.821467e-04
6.841940e-04
6.862444e-04
6.882978e-04
6.903543e-04
6.924138e-04
6.944764e-04
6.965421e-04
6.986108e-04
7.006826e-04
7.027574e-04
7.048353e-04
7.069162e-04
7.090002e-04
7.110873e-04
7.131774e-04
7.152706e-04
7.173669e-04
7.194662e-04
7.215685e-04
7.236740e-04
7.257824e-04
7.278940e-04
7.300086e-04
7.321262e-04
7.342470e-04
7.363707e-04
7.384976e-04
7.406275e-04
7.427604e-04
7.448964e-04
7.470355e-04
7.491776e-04
7.513228e-04
7.534711e-04
7.556224e-04
7.577767e-04
7.599341e-04
7.620946e-04
7.642582e-04
7.664248e-04
7.685944e-04
7.707671e-04
7.729429e-04
7.751218e-04
7.773037e-04
7.794886e-04
7.816766e-04
7.838677e-04
7.860618e-04
7.882590e-04
7.904593e-04
7.926626e-04
7.948689e-04
7.970783e-04
7.992908e-04
8.015064e-04
8.037250e-04
8.059466e-04
8.081714e-04
8.103991e-04
8.126300e-04
8.148639e-04
8.171008e-04
8.193408e-04
8.215839e-04
8.238300e-04
8.260792e-04
8.283315e-04
8.305868e-04
8.328451e-04
8.351066e-04
8.373710e-04
8.396386e-04
8.419092e-04
8.441828e-04
8.464596e-04
8.487393e-04
8.510222e-04
8.533081e-04
8.555970e-04
8.578890e-04
8.601841e-04
8.624823e-04
8.647834e-04
8.670877e-04
8.693950e-04
8.717054e-04
8.740188e-04
8.763353e-04
8.786548e-04
8.809774e-04
8.833031e-04
8.856318e-04
8.879636e-04
8.902984e-04
8.926363e-04
8.949773e-04
8.973213e-04
8.996684e-04
9.020185e-04
9.043717e-04
9.067279e-04
9.090872e-04
9.114496e-04
9.138150e-04
9.161835e-04
9.185551e-04
9.209297e-04
9.233073e-04
9.256880e-04
9.280718e-04
9.304587e-04
9.328486e-04
9.352415e-04
9.376375e-04
9.400366e-04
9.424387e-04
9.448439e-04
9.472522e-04
9.496635e-04
9.520779e-04
9.544953e-04
9.569158e-04
9.593393e-04
9.617659e-04
9.641956e-04
9.666283e-04
9.690641e-04
9.715029e-04
9.739448e-04
9.763898e-04
9.788378e-04
9.812889e-04
9.837430e-04
9.862002e-04
9.886605e-04
9.911238e-04
9.935901e-04
9.960596e-04
9.985320e-04
1.001008e-03
1.003486e-03
1.005968e-03
1.008453e-03
1.010940e-03
1.013431e-03
1.015925e-03
1.018422e-03
1.020922e-03
1.023425e-03
1.025931e-03
1.028440e-03
1.030953e-03
1.033468e-03
1.035986e-03
1.038508e-03
1.041032e-03
1.043560e-03
1.046090e-03
1.048624e-03
1.051161e-03
1.053701e-03
1.056243e-03
1.058789e-03
1.061338e-03
1.063890e-03
1.066445e-03
1.069004e-03
1.071565e-03
1.074129e-03
1.076696e-03
1.079267e-03
1.081840e-03
1.084417e-03
1.086996e-03
1.089579e-03
1.092164e-03
1.094753e-03
1.097345e-03
1.099940e-03
1.102538e-03
1.105139e-03
1.107743e-03
1.110350e-03
1.112960e-03
1.115573e-03
1.118189e-03
1.120809e-03
1.123431e-03
1.126056e-03
1.128685e-03
1.131316e-03
1.133951e-03
1.136589e-03
1.139229e-03
1.141873e-03
1.144520e-03
1.147170e-03
1.149823e-03
1.152479e-03
1.155138e-03
1.157800e-03
1.160465e-03
1.163134e-03
1.165805e-03
1.168479e-03
1.171157e-03
1.173837e-03
1.176521e-03
1.179207e-03
1.181897e-03
1.184590e-03
1.187286e-03
1.189984e-03
1.192686e-03
1.195391e-03
1.198099e-03
1.200810e-03
1.203525e-03
1.206242e-03
1.208962e-03
1.211685e-03
1.214412e-03
1.217141e-03
1.219874e-03
1.222609e-03
1.225348e-03
1.228089e-03
1.230834e-03
1.233582e-03
1.236333e-03
1.239087e-03
1.241844e-03
1.244604e-03
1.247367e-03
1.250133e-03
1.252902e-03
1.255674e-03
1.258450e-03
1.261228e-03
1.264009e-03
1.266794e-03
1.269582e-03
1.272372e-03
1.275166e-03
1.277963e-03
1.280762e-03
1.283565e-03
1.286371e-03
1.289180e-03
1.291992e-03
1.294807e-03
1.297625e-03
1.300446e-03
1.303271e-03
1.306098e-03
1.308928e-03
1.311762e-03
1.314598e-03
1.317438e-03
1.320281e-03
1.323126e-03
1.325975e-03
1.328827e-03
1.331682e-03
1.334539e-03
1.337400e-03
1.340264e-03
1.343132e-03
1.346002e-03
1.348875e-03
1.351751e-03
1.354630e-03
1.357513e-03
1.360398e-03
1.363287e-03
1.366178e-03
1.369073e-03
1.371971e-03
1.374871e-03
1.377775e-03
1.380682e-03
1.383592e-03
1.386505e-03
1.389421e-03
1.392340e-03
1.395262e-03
1.398187e-03
1.401116e-03
1.404047e-03
1.406981e-03
1.409919e-03
1.412859e-03
1.415803e-03
1.418749e-03
1.421699e-03
1.424652e-03
1.427607e-03
1.430566e-03
1.433528e-03
1.436493e-03
1.439461e-03
1.442432e-03
1.445406e-03
1.448384e-03
1.451364e-03
1.454347e-03
1.457334e-03
1.460323e-03
1.463316e-03
1.466311e-03
1.469310e-03
1.472311e-03
1.475316e-03
1.478324e-03
1.481335e-03
1.484349e-03
1.487366e-03
1.490386e-03
1.493409e-03
1.496435e-03
1.499464e-03
1.502496e-03
1.505532e-03
1.508570e-03
1.511611e-03
1.514656e-03
1.517704e-03
1.520754e-03
1.523808e-03
1.526865e-03
1.529924e-03
1.532987e-03
1.536053e-03
1.539122e-03
1.542194e-03
1.545269e-03
1.548347e-03
1.551429e-03
1.554513e-03
1.557600e-03
1.560690e-03
1.563784e-03
1.566880e-03
1.569980e-03
1.573083e-03
1.576188e-03
1.579297e-03
1.582409e-03
1.585524e-03
1.588642e-03
1.591763e-03
1.594887e-03
1.598014e-03
1.601144e-03
1.604277e-03
1.607413e-03
1.610553e-03
1.613695e-03
1.616840e-03
1.619989e-03
1.623140e-03
1.626295e-03
1.629453e-03
1.632613e-03
1.635777e-03
1.638944e-03
1.642114e-03
1.645287e-03
1.648463e-03
1.651642e-03
1.654824e-03
1.658009e-03
1.661198e-03
1.664389e-03
1.667583e-03
1.670781e-03
1.673981e-03
1.677185e-03
1.680392e-03
1.683601e-03
1.686814e-03
1.690030e-03
1.693249e-03
1.696470e-03
1.699695e-03
1.702923e-03
1.706155e-03
1.709389e-03
1.712626e-03
1.715866e-03
1.719110e-03
1.722356e-03
1.725605e-03
1.728858e-03
1.732113e-03
1.735372e-03
1.738634e-03
1.741898e-03
1.745166e-03
1.748437e-03
1.751711e-03
1.754988e-03
1.758268e-03
1.761551e-03
1.764837e-03
1.768126e-03
1.771419e-03
1.774714e-03
1.778012e-03
1.781314e-03
1.784618e-03
1.787926e-03
1.791237e-03
1.794550e-03
1.797867e-03
1.801187e-03
1.804510e-03
1.807835e-03
1.811164e-03
1.814496e-03
1.817832e-03
1.821170e-03
1.824511e-03
1.827855e-03
1.831203e-03
1.834553e-03
1.837906e-03
1.841263e-03
1.844622e-03
1.847985e-03
1.851351e-03
1.854719e-03
1.858091e-03
1.861466e-03
1.864844e-03
1.868225e-03
1.871609e-03
1.874996e-03
1.878386e-03
1.881779e-03
1.885176e-03
1.888575e-03
1.891977e-03
1.895383e-03
1.898791e-03
1.902203e-03
1.905618e-03
1.909035e-03
1.912456e-03
1.915880e-03
1.919307e-03
1.922737e-03
1.926170e-03
1.929606e-03
1.933045e-03
1.936487e-03
1.939932e-03
1.943380e-03
1.946832e-03
1.950286e-03
1.953743e-03
1.957204e-03
1.960667e-03
1.964134e-03
1.967604e-03
1.971077e-03
1.974552e-03
1.978031e-03
1.981513e-03
1.984998e-03
1.988486e-03
1.991977e-03
1.995471e-03
1.998969e-03
2.002469e-03
2.005972e-03
2.009479e-03
2.012988e-03
2.016500e-03
2.020016e-03
2.023535e-03
2.027056e-03
2.030581e-03
2.034109e-03
2.037640e-03
2.041174e-03
2.044711e-03
2.048251e-03
2.051794e-03
2.055340e-03
2.058889e-03
2.062441e-03
2.065997e-03
2.069555e-03
2.073117e-03
2.076681e-03
2.080249e-03
2.083819e-03
2.087393e-03
2.090970e-03
2.094549e-03
2.098132e-03
2.101718e-03
2.105307e-03
2.108899e-03
2.112494e-03
2.116092e-03
2.119694e-03
2.123298e-03
2.126905e-03
2.130516e-03
2.134129e-03
2.137746e-03
2.141365e-03
2.144988e-03
2.148614e-03
2.152242e-03
2.155874e-03
2.159509e-03
2.163147e-03
2.166788e-03
2.170432e-03
2.174079e-03
2.177729e-03
2.181382e-03
2.185039e-03
2.188698e-03
2.192360e-03
2.196026e-03
2.199694e-03
2.203366e-03
2.207040e-03
2.210718e-03
2.214399e-03
2.218083e-03
2.221770e-03
2.225459e-03
2.229152e-03
2.232848e-03
2.236548e-03
2.240250e-03
2.243955e-03
2.247663e-03
2.251375e-03
2.255089e-03
2.258806e-03
2.262527e-03
2.266250e-03
2.269977e-03
2.273707e-03
2.277439e-03
2.281175e-03
2.284914e-03
2.288656e-03
2.292401e-03
2.296149e-03
2.299900e-03
2.303654e-03
2.307412e-03
2.311172e-03
2.314935e-03
2.318702e-03
2.322471e-03
2.326243e-03
2.330019e-03
2.333798e-03
2.337579e-03
2.341364e-03
2.345152e-03
2.348943e-03
2.352737e-03
2.356534e-03
2.360334e-03
2.364137e-03
2.367943e-03
2.371752e-03
2.375564e-03
2.379380e-03
2.383198e-03
2.387020e-03
2.390844e-03
2.394672e-03
2.398502e-03
2.402336e-03
2.406173e-03
2.410013e-03
2.413855e-03
2.417701e-03
2.421550e-03
2.425402e-03
2.429257e-03
2.433116e-03
2.436977e-03
2.440841e-03
2.444708e-03
2.448579e-03
2.452452e-03
2.456329e-03
2.460208e-03
2.464091e-03
2.467977e-03
2.471865e-03
2.475757e-03
2.479652e-03
2.483550e-03
2.487451e-03
2.491355e-03
2.495262e-03
2.499172e-03
2.503085e-03
2.507002e-03
2.510921e-03
2.514843e-03
2.518769e-03
2.522697e-03
2.526629e-03
2.530564e-03
2.534501e-03
2.538442e-03
2.542386e-03
2.546333e-03
2.550283e-03
2.554236e-03
2.558192e-03
2.562151e-03
2.566113e-03
2.570078e-03
2.574046e-03
2.578018e-03
2.581992e-03
2.585970e-03
2.589950e-03
2.593934e-03
2.597920e-03
2.601910e-03
2.605903e-03
2.609899e-03
2.613897e-03
2.617899e-03
2.621904e-03
2.625912e-03
2.629923e-03
2.633938e-03
2.637955e-03
2.641975e-03
2.645998e-03
2.650025e-03
2.654054e-03
2.658087e-03
2.662122e-03
2.666161e-03
2.670203e-03
2.674247e-03
2.678295e-03
2.682346e-03
2.686400e-03
2.690457e-03
2.694517e-03
2.698580e-03
2.702646e-03
2.706716e-03
2.710788e-03
2.714863e-03
2.718942e-03
2.723023e-03
2.727108e-03
2.731195e-03
2.735286e-03
2.739379e-03
2.743476e-03
2.747576e-03
2.751679e-03
2.755785e-03
2.759894e-03
2.764006e-03
2.768121e-03
2.772239e-03
2.776360e-03
2.780485e-03
2.784612e-03
2.788742e-03
2.792876e-03
2.797012e-03
2.801152e-03
2.805294e-03
2.809440e-03
2.813589e-03
2.817741e-03
2.821896e-03
2.826054e-03
2.830215e-03
2.834379e-03
2.838546e-03
2.842716e-03
2.846889e-03
2.851065e-03
2.855245e-03
2.859427e-03
2.863613e-03
2.867801e-03
2.871993e-03
2.876187e-03
2.880385e-03
2.884586e-03
2.888789e-03
2.892996e-03
2.897206e-03
2.901419e-03
2.905635e-03
2.909854e-03
2.914077e-03
2.918302e-03
2.922530e-03
2.926761e-03
2.930996e-03
2.935233e-03
2.939474e-03
2.943717e-03
2.947964e-03
2.952214e-03
2.956466e-03
2.960722e-03
2.964981e-03
2.969243e-03
2.973508e-03
2.977776e-03
2.982047e-03
2.986321e-03
2.990599e-03
2.994879e-03
2.999162e-03
3.003449e-03
3.007738e-03
3.012031e-03
3.016326e-03
3.020625e-03
3.024926e-03
3.029231e-03
3.033539e-03
3.037850e-03
3.042164e-03
3.046481e-03
3.050801e-03
3.055124e-03
3.059450e-03
3.063779e-03
3.068112e-03
3.072447e-03
3.076785e-03
3.081127e-03
3.085471e-03
3.089819e-03
3.094170e-03
3.098523e-03
3.102880e-03
3.107240e-03
3.111603e-03
3.115969e-03
3.120338e-03
3.124710e-03
3.129085e-03
3.133463e-03
3.137844e-03
3.142228e-03
3.146616e-03
3.151006e-03
3.155400e-03
3.159796e-03
3.164196e-03
3.168598e-03
3.173004e-03
3.177413e-03
3.181825e-03
3.186239e-03
3.190657e-03
3.195078e-03
3.199502e-03
3.203930e-03
3.208360e-03
3.212793e-03
3.217229e-03
3.221669e-03
3.226111e-03
3.230556e-03
3.235005e-03
3.239457e-03
3.243911e-03
3.248369e-03
3.252830e-03
3.257293e-03
3.261760e-03
3.266230e-03
3.270703e-03
3.275179e-03
3.279658e-03
3.284141e-03
3.288626e-03
3.293114e-03
3.297605e-03
3.302100e-03
3.306597e-03
3.311098e-03
3.315601e-03
3.320108e-03
3.324618e-03
3.329130e-03
3.333646e-03
3.338165e-03
3.342687e-03
3.347212e-03
3.351740e-03
3.356271e-03
3.360805e-03
3.365343e-03
3.369883e-03
3.374426e-03
3.378973e-03
3.383522e-03
3.388075e-03
3.392630e-03
3.397189e-03
3.401751e-03
3.406315e-03
3.410883e-03
3.415454e-03
3.420028e-03
3.424605e-03
3.429185e-03
3.433768e-03
3.438354e-03
3.442943e-03
3.447536e-03
3.452131e-03
3.456729e-03
3.461331e-03
3.465935e-03
3.470543e-03
3.475154e-03
3.479767e-03
3.484384e-03
3.489004e-03
3.493627e-03
3.498253e-03
3.502882e-03
3.507514e-03
3.512149e-03
3.516787e-03
3.521428e-03
3.526073e-03
3.530720e-03
3.535370e-03
3.540024e-03
3.544680e-03
3.549340e-03
3.554003e-03
3.558668e-03
3.563337e-03
3.568009e-03
3.572684e-03
3.577362e-03
3.582043e-03
3.586727e-03
3.591414e-03
3.596104e-03
3.600797e-03
3.604829e-03
3.608845e-03
3.612846e-03
3.616832e-03
3.620802e-03
3.624758e-03
3.628698e-03
3.632622e-03
3.636532e-03
3.640426e-03
3.644305e-03
3.648169e-03
3.652017e-03
3.655851e-03
3.659669e-03
3.663471e-03
3.667259e-03
3.671031e-03
3.674788e-03
3.678530e-03
3.682256e-03
3.685967e-03
3.689663e-03
3.693344e-03
3.697010e-03
3.700660e-03
3.704295e-03
3.707914e-03
3.711519e-03
3.715108e-03
3.718682e-03
3.722241e-03
3.725784e-03
3.729312e-03
3.732825e-03
3.736323e-03
3.739805e-03
3.743272e-03
3.746724e-03
3.750161e-03
3.753582e-03
3.756988e-03
3.760379e-03
3.763755e-03
3.767115e-03
3.770460e-03
3.773790e-03
3.777105e-03
3.780404e-03
3.783688e-03
3.786957e-03
3.790211e-03
3.793449e-03
3.796672e-03
3.799880e-03
3.803073e-03
3.806250e-03
3.809412e-03
3.812559e-03
3.815691e-03
3.818807e-03
3.821908e-03
3.824994e-03
3.828064e-03
3.831120e-03
3.834160e-03
3.837184e-03
3.840194e-03
3.843188e-03
3.846167e-03
3.849131e-03
3.852080e-03
3.855013e-03
3.857931e-03
3.860834e-03
3.863721e-03
3.866593e-03
3.869450e-03
3.872292e-03
3.875119e-03
3.877930e-03
3.880726e-03
3.883507e-03
3.886272e-03
3.889022e-03
3.891757e-03
3.894477e-03
3.897182e-03
3.899871e-03
3.902545e-03
3.905203e-03
3.907847e-03
3.910475e-03
3.913088e-03
3.915686e-03
3.918268e-03
3.920835e-03
3.923387e-03
3.925924e-03
3.928445e-03
3.930952e-03
3.933442e-03
3.935918e-03
3.938379e-03
3.940824e-03
3.943254e-03
3.945668e-03
3.948068e-03
3.950452e-03
3.952821e-03
3.955174e-03
3.957513e-03
3.959836e-03
3.962144e-03
3.964436e-03
3.966714e-03
3.968976e-03
3.971223e-03
3.973454e-03
3.975671e-03
3.977872e-03
3.980057e-03
3.982228e-03
3.984383e-03
3.986523e-03
3.988648e-03
3.990758e-03
3.992852e-03
3.994931e-03
3.996995e-03
3.999044e-03
4.001077e-03
4.003095e-03
4.005098e-03
4.007085e-03
4.009058e-03
4.011015e-03
4.012956e-03
4.014883e-03
4.016794e-03
4.018690e-03
4.020571e-03
4.022437e-03
4.024287e-03
4.026122e-03
4.027942e-03
4.029746e-03
4.031535e-03
4.033309e-03
4.035068e-03
4.036812e-03
4.038540e-03
4.040253e-03
4.041950e-03
4.043633e-03
4.045300e-03
4.046952e-03
4.048589e-03
4.050210e-03
4.051816e-03
4.053407e-03
4.054983e-03
4.056544e-03
4.058089e-03
4.059619e-03
4.061133e-03
4.062633e-03
4.064117e-03
4.065586e-03
4.067039e-03
4.068478e-03
4.069901e-03
4.071309e-03
4.072702e-03
4.074079e-03
4.075441e-03
4.076788e-03
4.078120e-03
4.079436e-03
4.080737e-03
4.082023e-03
4.083294e-03
4.084549e-03
4.085789e-03
4.087014e-03
4.088224e-03
4.089418e-03
4.090597e-03
4.091761e-03
4.092909e-03
4.094043e-03
4.095161e-03
4.096264e-03
4.097351e-03
4.098424e-03
4.099481e-03
4.100522e-03
4.101549e-03
4.102560e-03
4.103556e-03
4.104537e-03
4.105503e-03
4.106453e-03
4.107388e-03
4.108308e-03
4.109212e-03
4.110102e-03
4.110976e-03
4.111834e-03
4.112678e-03
4.113506e-03
4.114319e-03
4.115117e-03
4.115899e-03
4.116667e-03
4.117419e-03
4.118155e-03
4.118877e-03
4.119583e-03
4.120274e-03
4.120950e-03
4.121610e-03
4.122256e-03
4.122886e-03
4.123500e-03
4.124100e-03
4.124684e-03
4.125253e-03
4.125807e-03
4.126345e-03
4.126868e-03
4.127376e-03
4.127869e-03
4.128346e-03
4.128808e-03
4.129255e-03
4.129687e-03
4.130103e-03
4.130505e-03
4.130890e-03
4.131261e-03
4.131616e-03
4.131957e-03
4.132281e-03
4.132591e-03
4.132885e-03
4.133165e-03
4.133428e-03
4.133677e-03
4.133910e-03
4.134129e-03
4.134331e-03
4.134519e-03
4.134691e-03
4.134849e-03
4.134990e-03
4.135117e-03
4.135228e-03
4.135324e-03
4.135405e-03
4.135471e-03
4.135521e-03
4.135556e-03
4.135576e-03
4.135581e-03
4.135570e-03
4.135544e-03
4.135503e-03
4.135446e-03
4.135375e-03
4.135288e-03
4.135185e-03
4.135068e-03
4.134935e-03
4.134787e-03
4.134624e-03
4.134445e-03
4.134252e-03
4.134043e-03
4.133818e-03
4.133579e-03
4.133324e-03
4.133054e-03
4.132769e-03
4.132468e-03
4.132153e-03
4.131822e-03
4.131475e-03
4.131114e-03
4.130737e-03
4.130345e-03
4.129938e-03
4.129515e-03
4.129077e-03
4.128624e-03
4.128156e-03
4.127672e-03
4.127174e-03
4.126660e-03
4.126130e-03
4.125808e-03
4.125808e-03
4.125808e-03
4.125808e-03
4.125808e-03
4.125808e-03
4.125808e-03
4.125808e-03
4.125808e-03
4.125808e-03
4.125808e-03
4.125808e-03
4.125808e-03
4.125808e-03
4.125808e-03
4.125808e-03
4.125808e-03
4.125808e-03
4.125808e-03
4.125808e-03
4.125808e-03
4.125808e-03
4.125808e-03
4.125808e-03
4.125808e-03
4.125808e-03
4.125808e-03
4.125808e-03
4.125808e-03
4.125808e-03
4.125808e-03
4.125808e-03
4.125808e-03
4.125808e-03
4.125808e-03
4.125808e-03
4.125808e-03
4.125808e-03
4.125808e-03
4.125808e-03
4.125808e-03
4.125808e-03
4.125808e-03
4.125808e-03
4.125808e-03
4.125808e-03
4.125808e-03
4.125808e-03
4.125808e-03
4.125808e-03
4.125808e-03
4.125808e-03
4.125808e-03
4.125808e-03
4.125808e-03
4.125808e-03
4.125808e-03
4.125808e-03
4.125808e-03
4.125808e-03
4.125808e-03
4.125808e-03
4.125808e-03
4.125808e-03
4.125808e-03
4.125808e-03
4.125808e-03
4.125808e-03
4.125808e-03
4.125808e-03
4.125808e-03
4.125808e-03
4.125808e-03
4.125808e-03
4.125808e-03
4.125808e-03
4.125808e-03
4.125808e-03
4.125808e-03
4.125808e-03
4.125808e-03
4.125808e-03
4.125808e-03
4.125808e-03
4.125808e-03
4.125808e-03
4.125808e-03
4.125808e-03
4.125808e-03
4.125808e-03
4.125808e-03
4.125808e-03
4.125808e-03
4.125808e-03
4.125808e-03
4.125808e-03
4.125808e-03
4.125808e-03
4.125808e-03
4.125808e-03
4.125808e-03
4.125808e-03
4.125808e-03
4.125808e-03
4.125808e-03
4.125808e-03
4.125808e-03
4.125808e-03
4.125808e-03
4.125808e-03
4.125808e-03
4.125808e-03
4.125808e-03
4.125808e-03
4.125808e-03
4.125808e-03
4.125808e-03
4.125808e-03
4.125808e-03
4.125808e-03
4.125808e-03
4.125808e-03
4.125808e-03
4.125808e-03
4.125808e-03
4.125808e-03
4.125808e-03
4.125808e-03
4.125808e-03
4.125808e-03
4.125808e-03
4.125808e-03
4.125808e-03
4.125808e-03
4.125808e-03
4.125808e-03
4.125808e-03
4.125808e-03
4.125808e-03
4.125808e-03
4.125808e-03
4.125808e-03
4.125808e-03
4.125808e-03
4.125808e-03
4.125808e-03
4.125808e-03
4.125808e-03
4.125808e-03
4.125808e-03
4.125808e-03
4.125808e-03
4.125808e-03
4.125808e-03
4.125808e-03
4.125808e-03
4.125808e-03
4.125808e-03
4.125808e-03
4.125808e-03
4.125808e-03
4.125808e-03
4.125808e-03
4.125808e-03
4.125808e-03
4.125808e-03
4.125808e-03
4.125808e-03
4.125808e-03
4.125808e-03
4.125808e-03
4.125808e-03
4.125808e-03
4.125808e-03
4.125808e-03
4.125808e-03
4.125808e-03
4.125808e-03
4.125808e-03
4.125808e-03
4.125808e-03
4.125808e-03
4.125808e-03
4.125808e-03
4.125808e-03
4.125808e-03
4.125808e-03
4.125808e-03
4.125808e-03
4.125808e-03
4.125808e-03
4.125808e-03
4.125808e-03
4.125808e-03
4.125808e-03
4.125808e-03
4.125808e-03
4.125808e-03
4.125808e-03
4.125808e-03
4.125808e-03
