0.000000e+00
1.110371e-07
2.251671e-07
3.423901e-07
4.627061e-07
5.861150e-07
7.126168e-07
8.422117e-07
9.748994e-07
1.110680e-06
1.249554e-06
1.391520e-06
1.536580e-06
1.684733e-06
1.835978e-06
1.990317e-06
2.147748e-06
2.308272e-06
2.471890e-06
2.638600e-06
2.808403e-06
2.981299e-06
3.157289e-06
3.336371e-06
3.518546e-06
3.703814e-06
3.892175e-06
4.083629e-06
4.278175e-06
4.475815e-06
4.676548e-06
4.880374e-06
5.087292e-06
5.297304e-06
5.510409e-06
5.726606e-06
5.945897e-06
6.168280e-06
6.393757e-06
6.622326e-06
6.853988e-06
7.088744e-06
7.326592e-06
7.567533e-06
7.811567e-06
8.058694e-06
8.308914e-06
8.562227e-06
8.818633e-06
9.078132e-06
9.340724e-06
9.606409e-06
9.875187e-06
1.014706e-05
1.042202e-05
1.070008e-05
1.098123e-05
1.126547e-05
1.155281e-05
1.184323e-05
1.213676e-05
1.243337e-05
1.273308e-05
1.303588e-05
1.334177e-05
1.365076e-05
1.396284e-05
1.427801e-05
1.459627e-05
1.491763e-05
1.524208e-05
1.556963e-05
1.590026e-05
1.623399e-05
1.657082e-05
1.691073e-05
1.725374e-05
1.759984e-05
1.794904e-05
1.830132e-05
1.865670e-05
1.901518e-05
1.937674e-05
1.974140e-05
2.010916e-05
2.048000e-05
2.085394e-05
2.123097e-05
2.161110e-05
2.199431e-05
2.238062e-05
2.277003e-05
2.316252e-05
2.355811e-05
2.395679e-05
2.435857e-05
2.476344e-05
2.517140e-05
2.558245e-05
2.599660e-05
2.641384e-05
2.683417e-05
2.725759e-05
2.768411e-05
2.811372e-05
2.854643e-05
2.898223e-05
2.942112e-05
2.986310e-05
3.030818e-05
3.075635e-05
3.120761e-05
3.166196e-05
3.211941e-05
3.257995e-05
3.304359e-05
3.351031e-05
3.398013e-05
3.445304e-05
3.492905e-05
3.540815e-05
3.589034e-05
3.637563e-05
3.686400e-05
3.735547e-05
3.785004e-05
3.834769e-05
3.884844e-05
3.935229e-05
3.985922e-05
4.036925e-05
4.088237e-05
4.139858e-05
4.191789e-05
4.244029e-05
4.296579e-05
4.349437e-05
4.402605e-05
4.456082e-05
4.509869e-05
4.563964e-05
4.618370e-05
4.673084e-05
4.728108e-05
4.783441e-05
4.839083e-05
4.895034e-05
4.951295e-05
5.007865e-05
5.064745e-05
5.121934e-05
5.179432e-05
5.237239e-05
5.295356e-05
5.353781e-05
5.412517e-05
5.471561e-05
5.530915e-05
5.590578e-05
5.650551e-05
5.710832e-05
5.771423e-05
5.832323e-05
5.893533e-05
5.955052e-05
6.016880e-05
6.079018e-05
6.141464e-05
6.204220e-05
6.267286e-05
6.330660e-05
6.394344e-05
6.458338e-05
6.522640e-05
6.587252e-05
6.652173e-05
6.717404e-05
6.782943e-05
6.848792e-05
6.914951e-05
6.981418e-05
7.048195e-05
7.115281e-05
7.182677e-05
7.250382e-05
7.318396e-05
7.386719e-05
7.455352e-05
7.524294e-05
7.593545e-05
7.663105e-05
7.732975e-05
7.803154e-05
7.873643e-05
7.944441e-05
8.015548e-05
8.086964e-05
8.158690e-05
8.230725e-05
8.303069e-05
8.375722e-05
8.448685e-05
8.521957e-05
8.595539e-05
8.669429e-05
8.743629e-05
8.818139e-05
8.892957e-05
8.968085e-05
9.043522e-05
9.119269e-05
9.195324e-05
9.271690e-05
9.348364e-05
9.425348e-05
9.502640e-05
9.580243e-05
9.658154e-05
9.736375e-05
9.814905e-05
9.893745e-05
9.972893e-05
1.005235e-04
1.013212e-04
1.021220e-04
1.029258e-04
1.037328e-04
1.045428e-04
1.053559e-04
1.061722e-04
1.069915e-04
1.078139e-04
1.086394e-04
1.094680e-04
1.102997e-04
1.111345e-04
1.119724e-04
1.128134e-04
1.136574e-04
1.145046e-04
1.153549e-04
1.162082e-04
1.170646e-04
1.179242e-04
1.187868e-04
1.196525e-04
1.205213e-04
1.213932e-04
1.222682e-04
1.231463e-04
1.240275e-04
1.249118e-04
1.257991e-04
1.266896e-04
1.275832e-04
1.284798e-04
1.293795e-04
1.302824e-04
1.311883e-04
1.320973e-04
1.330094e-04
1.339246e-04
1.348429e-04
1.357643e-04
1.366888e-04
1.376164e-04
1.385471e-04
1.394808e-04
1.404177e-04
1.413576e-04
1.423007e-04
1.432468e-04
1.441960e-04
1.451484e-04
1.461038e-04
1.470623e-04
1.480239e-04
1.489886e-04
1.499564e-04
1.509272e-04
1.519012e-04
1.528783e-04
1.538584e-04
1.548417e-04
1.558280e-04
1.568175e-04
1.578100e-04
1.588056e-04
1.598043e-04
1.608061e-04
1.618110e-04
1.628190e-04
1.638301e-04
1.648443e-04
1.658616e-04
1.668819e-04
1.679054e-04
1.689319e-04
1.699616e-04
1.709943e-04
1.720302e-04
1.730691e-04
1.741111e-04
1.751562e-04
1.762044e-04
1.772557e-04
1.783101e-04
1.793676e-04
1.804282e-04
1.814918e-04
1.825586e-04
1.836284e-04
1.847014e-04
1.857774e-04
1.868565e-04
1.879388e-04
1.890241e-04
1.901125e-04
1.912040e-04
1.922986e-04
1.933963e-04
1.944971e-04
1.956010e-04
1.967079e-04
1.978180e-04
1.989311e-04
2.000474e-04
2.011667e-04
2.022892e-04
2.034147e-04
2.045433e-04
2.056750e-04
2.068098e-04
2.079477e-04
2.090887e-04
2.102328e-04
2.113800e-04
2.125302e-04
2.136836e-04
2.148401e-04
2.159996e-04
2.171623e-04
2.183280e-04
2.194968e-04
2.206687e-04
2.218437e-04
2.230219e-04
2.242031e-04
2.253873e-04
2.265747e-04
2.277652e-04
2.289588e-04
2.301554e-04
2.313552e-04
2.325581e-04
2.337640e-04
2.349730e-04
2.361852e-04
2.374004e-04
2.386187e-04
2.398401e-04
2.410646e-04
2.422922e-04
2.435229e-04
2.447567e-04
2.459935e-04
2.472335e-04
2.484766e-04
2.497227e-04
2.509720e-04
2.522243e-04
2.534797e-04
2.547383e-04
2.559999e-04
2.572646e-04
2.585324e-04
2.598033e-04
2.610773e-04
2.623543e-04
2.636345e-04
2.649178e-04
2.662041e-04
2.674936e-04
2.687861e-04
2.700818e-04
2.713805e-04
2.726823e-04
2.739873e-04
2.752953e-04
2.766064e-04
2.779206e-04
2.792379e-04
2.805582e-04
2.818817e-04
2.832083e-04
2.845379e-04
2.858707e-04
2.872065e-04
2.885455e-04
2.898875e-04
2.912326e-04
2.925809e-04
2.939322e-04
2.952866e-04
2.966441e-04
2.980047e-04
2.993684e-04
3.007351e-04
3.021050e-04
3.034780e-04
3.048540e-04
3.062332e-04
3.076154e-04
3.090007e-04
3.103892e-04
3.117807e-04
3.131753e-04
3.145730e-04
3.159738e-04
3.173777e-04
3.187847e-04
3.201948e-04
3.216079e-04
3.230242e-04
3.244436e-04
3.258660e-04
3.272916e-04
3.287202e-04
3.301519e-04
3.315867e-04
3.330247e-04
3.344657e-04
3.359098e-04
3.373570e-04
3.388072e-04
3.402606e-04
3.417171e-04
3.431767e-04
3.446393e-04
3.461051e-04
3.475739e-04
3.490459e-04
3.505209e-04
3.519990e-04
3.534802e-04
3.549645e-04
3.564519e-04
3.579424e-04
3.594360e-04
3.609327e-04
3.624325e-04
3.639353e-04
3.654413e-04
3.669504e-04
3.684625e-04
3.699777e-04
3.714961e-04
3.730175e-04
3.745420e-04
3.760696e-04
3.776003e-04
3.791341e-04
3.806710e-04
3.822110e-04
3.837541e-04
3.853002e-04
3.868495e-04
3.884019e-04
3.899573e-04
3.915158e-04
3.930775e-04
3.946422e-04
3.962100e-04
3.977809e-04
3.993549e-04
4.009320e-04
4.025122e-04
4.040955e-04
4.056819e-04
4.072714e-04
4.088639e-04
4.104596e-04
4.120583e-04
4.136602e-04
4.152651e-04
4.168731e-04
4.184842e-04
4.200985e-04
4.217158e-04
4.233362e-04
4.249597e-04
4.265862e-04
4.282159e-04
4.298487e-04
4.314846e-04
4.331235e-04
4.347656e-04
4.364107e-04
4.380589e-04
4.397103e-04
4.413647e-04
4.430222e-04
4.446828e-04
4.463465e-04
4.480133e-04
4.496832e-04
4.513562e-04
4.530322e-04
4.547114e-04
4.563937e-04
4.580790e-04
4.597675e-04
4.614590e-04
4.631536e-04
4.648513e-04
4.665522e-04
4.682561e-04
4.699631e-04
4.716732e-04
4.733864e-04
4.751026e-04
4.768220e-04
4.785445e-04
4.802700e-04
4.819987e-04
4.837304e-04
4.854653e-04
4.872032e-04
4.889442e-04
4.906883e-04
4.924356e-04
4.941859e-04
4.959393e-04
4.976957e-04
4.994553e-04
5.012180e-04
5.029838e-04
5.047526e-04
5.065246e-04
5.082996e-04
5.100778e-04
5.118590e-04
5.136433e-04
5.154308e-04
5.172213e-04
5.190149e-04
5.208116e-04
5.226114e-04
5.244142e-04
5.262202e-04
5.280293e-04
5.298414e-04
5.316567e-04
5.334751e-04
5.352965e-04
5.371210e-04
5.389487e-04
5.407794e-04
5.426132e-04
5.444501e-04
5.462901e-04
5.481332e-04
5.499794e-04
5.518286e-04
5.536810e-04
5.555365e-04
5.573950e-04
5.592567e-04
5.611214e-04
5.629893e-04
5.648602e-04
5.667342e-04
5.686113e-04
5.704915e-04
5.723748e-04
5.742612e-04
5.761507e-04
5.780433e-04
5.799390e-04
5.818377e-04
5.837396e-04
5.856445e-04
5.875526e-04
5.894637e-04
5.913780e-04
5.932953e-04
5.952157e-04
5.971392e-04
5.990658e-04
6.009955e-04
6.029283e-04
6.048642e-04
6.068031e-04
6.087452e-04
6.106904e-04
6.126386e-04
6.145900e-04
6.165444e-04
6.185019e-04
6.204626e-04
6.224263e-04
6.243931e-04
6.263630e-04
6.283360e-04
6.303121e-04
6.322913e-04
6.342735e-04
6.362589e-04
6.382474e-04
6.402389e-04
6.422336e-04
6.442313e-04
6.462321e-04
6.482361e-04
6.502431e-04
6.522532e-04
6.542664e-04
6.562827e-04
6.583021e-04
6.603246e-04
6.623501e-04
6.643788e-04
6.664106e-04
6.684454e-04
6.704834e-04
6.725244e-04
6.745685e-04
6.766158e-04
6.786661e-04
6.807195e-04
6.827760e-04
6.848356e-04
6.868983e-04
6.889641e-04
6.910330e-04
6.931049e-04
6.951800e-04
6.972582e-04
6.993394e-04
7.014237e-04
7.035112e-04
7.056017e-04
7.076953e-04
7.097920e-04
7.118919e-04
7.139948e-04
7.161007e-04
7.182098e-04
7.203220e-04
7.224373e-04
7.245557e-04
7.266771e-04
7.288017e-04
7.309293e-04
7.330600e-04
7.351939e-04
7.373308e-04
7.394708e-04
7.416139e-04
7.437601e-04
7.459094e-04
7.480618e-04
7.502173e-04
7.523759e-04
7.545375e-04
7.567023e-04
7.588701e-04
7.610411e-04
7.632151e-04
7.653922e-04
7.675725e-04
7.697558e-04
7.719422e-04
7.741317e-04
7.763243e-04
7.785200e-04
7.807188e-04
7.829206e-04
7.851256e-04
7.873337e-04
7.895448e-04
7.917591e-04
7.939764e-04
7.961968e-04
7.984204e-04
8.006470e-04
8.028767e-04
8.051095e-04
8.073454e-04
8.095844e-04
8.118265e-04
8.140716e-04
8.163199e-04
8.185713e-04
8.208257e-04
8.230833e-04
8.253439e-04
8.276077e-04
8.298745e-04
8.321444e-04
8.344174e-04
8.366935e-04
8.389727e-04
8.412550e-04
8.435404e-04
8.458289e-04
8.481204e-04
8.504151e-04
8.527129e-04
8.550137e-04
8.573177e-04
8.596247e-04
8.619348e-04
8.642480e-04
8.665644e-04
8.688838e-04
8.712063e-04
8.735319e-04
8.758605e-04
8.781923e-04
8.805272e-04
8.828652e-04
8.852062e-04
8.875504e-04
8.898976e-04
8.922479e-04
8.946014e-04
8.969579e-04
8.993175e-04
9.016802e-04
9.040460e-04
9.064149e-04
9.087869e-04
9.111620e-04
9.135402e-04
9.159214e-04
9.183058e-04
9.206932e-04
9.230838e-04
9.254774e-04
9.278741e-04
9.302740e-04
9.326769e-04
9.350829e-04
9.374920e-04
9.399042e-04
9.423195e-04
9.447379e-04
9.471593e-04
9.495839e-04
9.520116e-04
9.544423e-04
9.568762e-04
9.593131e-04
9.617531e-04
9.641963e-04
9.666425e-04
9.690918e-04
9.715442e-04
9.739997e-04
9.764583e-04
9.789200e-04
9.813847e-04
9.838526e-04
9.863236e-04
9.887976e-04
9.912748e-04
9.937550e-04
9.962383e-04
9.987248e-04
1.001214e-03
1.003707e-03
1.006203e-03
1.008701e-03
1.011203e-03
1.013708e-03
1.016216e-03
1.018728e-03
1.021242e-03
1.023759e-03
1.026280e-03
1.028803e-03
1.031330e-03
1.033860e-03
1.036392e-03
1.038928e-03
1.041467e-03
1.044009e-03
1.046555e-03
1.049103e-03
1.051654e-03
1.054209e-03
1.056766e-03
1.059327e-03
1.061891e-03
1.064457e-03
1.067027e-03
1.069600e-03
1.072177e-03
1.074756e-03
1.077338e-03
1.079924e-03
1.082512e-03
1.085104e-03
1.087698e-03
1.090296e-03
1.092897e-03
1.095501e-03
1.098108e-03
1.100718e-03
1.103331e-03
1.105948e-03
1.108567e-03
1.111190e-03
1.113815e-03
1.116444e-03
1.119076e-03
1.121711e-03
1.124349e-03
1.126990e-03
1.129634e-03
1.132281e-03
1.134931e-03
1.137585e-03
1.140241e-03
1.142901e-03
1.145564e-03
1.148230e-03
1.150898e-03
1.153570e-03
1.156246e-03
1.158924e-03
1.161605e-03
1.164289e-03
1.166977e-03
1.169667e-03
1.172361e-03
1.175058e-03
1.177758e-03
1.180461e-03
1.183167e-03
1.185876e-03
1.188588e-03
1.191303e-03
1.194022e-03
1.196743e-03
1.199468e-03
1.202195e-03
1.204926e-03
1.207660e-03
1.210397e-03
1.213137e-03
1.215880e-03
1.218626e-03
1.221376e-03
1.224128e-03
1.226884e-03
1.229642e-03
1.232404e-03
1.235169e-03
1.237937e-03
1.240708e-03
1.243482e-03
1.246259e-03
1.249039e-03
1.251823e-03
1.254609e-03
1.257399e-03
1.260191e-03
1.262987e-03
1.265786e-03
1.268588e-03
1.271393e-03
1.274201e-03
1.277012e-03
1.279826e-03
1.282644e-03
1.285464e-03
1.288288e-03
1.291114e-03
1.293944e-03
1.296777e-03
1.299613e-03
1.302452e-03
1.305294e-03
1.308139e-03
1.310987e-03
1.313839e-03
1.316693e-03
1.319551e-03
1.322411e-03
1.325275e-03
1.328142e-03
1.331012e-03
1.333885e-03
1.336761e-03
1.339640e-03
1.342523e-03
1.345408e-03
1.348297e-03
1.351188e-03
1.354083e-03
1.356981e-03
1.359882e-03
1.362786e-03
1.365693e-03
1.368603e-03
1.371516e-03
1.374433e-03
1.377352e-03
1.380274e-03
1.383200e-03
1.386129e-03
1.389061e-03
1.391996e-03
1.394934e-03
1.397875e-03
1.400819e-03
1.403766e-03
1.406716e-03
1.409670e-03
1.412626e-03
1.415586e-03
1.418549e-03
1.421515e-03
1.424484e-03
1.427456e-03
1.430431e-03
1.433409e-03
1.436390e-03
1.439375e-03
1.442362e-03
1.445353e-03
1.448346e-03
1.451343e-03
1.454343e-03
1.457346e-03
1.460352e-03
1.463361e-03
1.466373e-03
1.469389e-03
1.472407e-03
1.475429e-03
1.478453e-03
1.481481e-03
1.484512e-03
1.487546e-03
1.490583e-03
1.493623e-03
1.496666e-03
1.499712e-03
1.502761e-03
1.505814e-03
1.508869e-03
1.511928e-03
1.514990e-03
1.518055e-03
1.521122e-03
1.524193e-03
1.527267e-03
1.530345e-03
1.533425e-03
1.536508e-03
1.539595e-03
1.542684e-03
1.545777e-03
1.548873e-03
1.551972e-03
1.555073e-03
1.558178e-03
1.561287e-03
1.564398e-03
1.567512e-03
1.570629e-03
1.573750e-03
1.576874e-03
1.580000e-03
1.583130e-03
1.586263e-03
1.589399e-03
1.592538e-03
1.595680e-03
1.598825e-03
1.601973e-03
1.605125e-03
1.608279e-03
1.611437e-03
1.614598e-03
1.617761e-03
1.620928e-03
1.624098e-03
1.627271e-03
1.630448e-03
1.633627e-03
1.636809e-03
1.639995e-03
1.643183e-03
1.646375e-03
1.649569e-03
1.652767e-03
1.655968e-03
1.659172e-03
1.662379e-03
1.665589e-03
1.668803e-03
1.672019e-03
1.675238e-03
1.678461e-03
1.681687e-03
1.684915e-03
1.688147e-03
1.691382e-03
1.694620e-03
1.697861e-03
1.701105e-03
1.704353e-03
1.707603e-03
1.710857e-03
1.714113e-03
1.717373e-03
1.720636e-03
1.723901e-03
1.727170e-03
1.730442e-03
1.733718e-03
1.736996e-03
1.740277e-03
1.743562e-03
1.746849e-03
1.750140e-03
1.753433e-03
1.756730e-03
1.760030e-03
1.763333e-03
1.766639e-03
1.769948e-03
1.773260e-03
1.776576e-03
1.779894e-03
1.783216e-03
1.786540e-03
1.789868e-03
1.793199e-03
1.796533e-03
1.799870e-03
1.803210e-03
1.806553e-03
1.809899e-03
1.813249e-03
1.816601e-03
1.819957e-03
1.823315e-03
1.826677e-03
1.830042e-03
1.833410e-03
1.836781e-03
1.840155e-03
1.843532e-03
1.846912e-03
1.850296e-03
1.853682e-03
1.857072e-03
1.860464e-03
1.863860e-03
1.867259e-03
1.870661e-03
1.874066e-03
1.877474e-03
1.880885e-03
1.884300e-03
1.887717e-03
1.891138e-03
1.894561e-03
1.897988e-03
1.901418e-03
1.904850e-03
1.908286e-03
1.911726e-03
1.915168e-03
1.918613e-03
1.922061e-03
1.925513e-03
1.928967e-03
1.932425e-03
1.935886e-03
1.939349e-03
1.942816e-03
1.946286e-03
1.949759e-03
1.953235e-03
1.956715e-03
1.960197e-03
1.963683e-03
1.967171e-03
1.970663e-03
1.974157e-03
1.977655e-03
1.981156e-03
1.984660e-03
1.988167e-03
1.991677e-03
1.995191e-03
1.998707e-03
2.002227e-03
2.005749e-03
2.009275e-03
2.012804e-03
2.016335e-03
2.019870e-03
2.023408e-03
2.026950e-03
2.030494e-03
2.034041e-03
2.037591e-03
2.041145e-03
2.044702e-03
2.048261e-03
2.051824e-03
2.055390e-03
2.058959e-03
2.062531e-03
2.066106e-03
2.069684e-03
2.073266e-03
2.076850e-03
2.080438e-03
2.084028e-03
2.087622e-03
2.091219e-03
2.094819e-03
2.098422e-03
2.102028e-03
2.105637e-03
2.109249e-03
2.112864e-03
2.116483e-03
2.120104e-03
2.123729e-03
2.127357e-03
2.130988e-03
2.134621e-03
2.138258e-03
2.141899e-03
2.145542e-03
2.149188e-03
2.152837e-03
2.156490e-03
2.160145e-03
2.163804e-03
2.167466e-03
2.171131e-03
2.174799e-03
2.178470e-03
2.182144e-03
2.185821e-03
2.189501e-03
2.193185e-03
2.196871e-03
2.200561e-03
2.204253e-03
2.207949e-03
2.211648e-03
2.215350e-03
2.219055e-03
2.222763e-03
2.226475e-03
2.230189e-03
2.233906e-03
2.237627e-03
2.241350e-03
2.245077e-03
2.248807e-03
2.252540e-03
2.256276e-03
2.260015e-03
2.263757e-03
2.267502e-03
2.271251e-03
2.275002e-03
2.278757e-03
2.282514e-03
2.286275e-03
2.290039e-03
2.293806e-03
2.297576e-03
2.301349e-03
2.305125e-03
2.308904e-03
2.312687e-03
2.316472e-03
2.320261e-03
2.324052e-03
2.327847e-03
2.331645e-03
2.335446e-03
2.339250e-03
2.343057e-03
2.346867e-03
2.350680e-03
2.354497e-03
2.358316e-03
2.362139e-03
2.365965e-03
2.369793e-03
2.373625e-03
2.377460e-03
2.381298e-03
2.385139e-03
2.388984e-03
2.392831e-03
2.396681e-03
2.400535e-03
2.404392e-03
2.408251e-03
2.412114e-03
2.415980e-03
2.419849e-03
2.423721e-03
2.427596e-03
2.431474e-03
2.435356e-03
2.439240e-03
2.443128e-03
2.447018e-03
2.450912e-03
2.454809e-03
2.458709e-03
2.462612e-03
2.466518e-03
2.470427e-03
2.474339e-03
2.478255e-03
2.482173e-03
2.486095e-03
2.490019e-03
2.493947e-03
2.497878e-03
2.501812e-03
2.505749e-03
2.509689e-03
2.513632e-03
2.517579e-03
2.521528e-03
2.525480e-03
2.529436e-03
2.533395e-03
2.537356e-03
2.541321e-03
2.545289e-03
2.549260e-03
2.553234e-03
2.557212e-03
2.561192e-03
2.565175e-03
2.569162e-03
2.573151e-03
2.577144e-03
2.581140e-03
2.585139e-03
2.589141e-03
2.593146e-03
2.597154e-03
2.601165e-03
2.605180e-03
2.609197e-03
2.613218e-03
2.617241e-03
2.621268e-03
2.625298e-03
2.629331e-03
2.633367e-03
2.637406e-03
2.641448e-03
2.645493e-03
2.649542e-03
2.653593e-03
2.657648e-03
2.661705e-03
2.665766e-03
2.669830e-03
2.673897e-03
2.677967e-03
2.682040e-03
2.686116e-03
2.690195e-03
2.694278e-03
2.698363e-03
2.702452e-03
2.706544e-03
2.710638e-03
2.714736e-03
2.718837e-03
2.722941e-03
2.727048e-03
2.731158e-03
2.735272e-03
2.739388e-03
2.743508e-03
2.747630e-03
2.751756e-03
2.755885e-03
2.760017e-03
2.764152e-03
2.768290e-03
2.772431e-03
2.776575e-03
2.780722e-03
2.784873e-03
2.789026e-03
2.793183e-03
2.797343e-03
2.801506e-03
2.805671e-03
2.809840e-03
2.814013e-03
2.818188e-03
2.822366e-03
2.826547e-03
2.830732e-03
2.834919e-03
2.839110e-03
2.843304e-03
2.847501e-03
2.851701e-03
2.855904e-03
2.860110e-03
2.864319e-03
2.868531e-03
2.872747e-03
2.876965e-03
2.881187e-03
2.885411e-03
2.889639e-03
2.893870e-03
2.898104e-03
2.902341e-03
2.906581e-03
2.910824e-03
2.915071e-03
2.919320e-03
2.923572e-03
2.927828e-03
2.932087e-03
2.936349e-03
2.940613e-03
2.944881e-03
2.949152e-03
2.953427e-03
2.957704e-03
2.961984e-03
2.966268e-03
2.970554e-03
2.974844e-03
2.979136e-03
2.983432e-03
2.987731e-03
2.992033e-03
2.996338e-03
3.000646e-03
3.004958e-03
3.009272e-03
3.013590e-03
3.017910e-03
3.022234e-03
3.026560e-03
3.030890e-03
3.035223e-03
3.039559e-03
3.043898e-03
3.048241e-03
3.052586e-03
3.056934e-03
3.061286e-03
3.065640e-03
3.069998e-03
3.074359e-03
3.078723e-03
3.083089e-03
3.087459e-03
3.091833e-03
3.096209e-03
3.100588e-03
3.104971e-03
3.109356e-03
3.113745e-03
3.118136e-03
3.122531e-03
3.126929e-03
3.131330e-03
3.135734e-03
3.140141e-03
3.144551e-03
3.148965e-03
3.153381e-03
3.157801e-03
3.162223e-03
3.166649e-03
3.171078e-03
3.175510e-03
3.179945e-03
3.184383e-03
3.188824e-03
3.193268e-03
3.197716e-03
3.202166e-03
3.206620e-03
3.211076e-03
3.215536e-03
3.219999e-03
3.224465e-03
3.228934e-03
3.233406e-03
3.237881e-03
3.242359e-03
3.246841e-03
3.251325e-03
3.255813e-03
3.260303e-03
3.264797e-03
3.269294e-03
3.273794e-03
3.278297e-03
3.282803e-03
3.287312e-03
3.291825e-03
3.296340e-03
3.300859e-03
3.305380e-03
3.309905e-03
3.314433e-03
3.318963e-03
3.323497e-03
3.328034e-03
3.332575e-03
3.337118e-03
3.341664e-03
3.346214e-03
3.350766e-03
3.355322e-03
3.359880e-03
3.364442e-03
3.369007e-03
3.373575e-03
3.378146e-03
3.382720e-03
3.387298e-03
3.391878e-03
3.396461e-03
3.401048e-03
3.405638e-03
3.410230e-03
3.414826e-03
3.419425e-03
3.424027e-03
3.428632e-03
3.433240e-03
3.437852e-03
3.442466e-03
3.447084e-03
3.451704e-03
3.456328e-03
3.460955e-03
3.465584e-03
3.470217e-03
3.474853e-03
3.479492e-03
3.484135e-03
3.488780e-03
3.493428e-03
3.498080e-03
3.502734e-03
3.507392e-03
3.512053e-03
3.516717e-03
3.521384e-03
3.526054e-03
3.530727e-03
3.535403e-03
3.540083e-03
3.544765e-03
3.549450e-03
3.554139e-03
3.558831e-03
3.563526e-03
3.568223e-03
3.572924e-03
3.577629e-03
3.582336e-03
3.587046e-03
3.591759e-03
3.596476e-03
3.601195e-03
3.605918e-03
3.610644e-03
3.615372e-03
3.620104e-03
3.624839e-03
3.629577e-03
3.634319e-03
3.639063e-03
3.643146e-03
3.647213e-03
3.651265e-03
3.655301e-03
3.659322e-03
3.663327e-03
3.667317e-03
3.671292e-03
3.675251e-03
3.679195e-03
3.683124e-03
3.687037e-03
3.690934e-03
3.694816e-03
3.698683e-03
3.702534e-03
3.706370e-03
3.710190e-03
3.713995e-03
3.717785e-03
3.721559e-03
3.725318e-03
3.729061e-03
3.732789e-03
3.736502e-03
3.740199e-03
3.743880e-03
3.747546e-03
3.751197e-03
3.754833e-03
3.758452e-03
3.762057e-03
3.765646e-03
3.769220e-03
3.772778e-03
3.776321e-03
3.779848e-03
3.783360e-03
3.786857e-03
3.790338e-03
3.793803e-03
3.797254e-03
3.800688e-03
3.804108e-03
3.807512e-03
3.810900e-03
3.814274e-03
3.817631e-03
3.820974e-03
3.824300e-03
3.827612e-03
3.830908e-03
3.834189e-03
3.837454e-03
3.840703e-03
3.843938e-03
3.847157e-03
3.850360e-03
3.853548e-03
3.856721e-03
3.859878e-03
3.863020e-03
3.866146e-03
3.869257e-03
3.872353e-03
3.875433e-03
3.878497e-03
3.881547e-03
3.884580e-03
3.887599e-03
3.890602e-03
3.893589e-03
3.896562e-03
3.899518e-03
3.902460e-03
3.905385e-03
3.908296e-03
3.911191e-03
3.914070e-03
3.916935e-03
3.919783e-03
3.922617e-03
3.925434e-03
3.928237e-03
3.931024e-03
3.933796e-03
3.936552e-03
3.939293e-03
3.942018e-03
3.944728e-03
3.947422e-03
3.950101e-03
3.952765e-03
3.955413e-03
3.958046e-03
3.960663e-03
3.963265e-03
3.965852e-03
3.968423e-03
3.970979e-03
3.973519e-03
3.976044e-03
3.978553e-03
3.981047e-03
3.983526e-03
3.985989e-03
3.988437e-03
3.990869e-03
3.993286e-03
3.995687e-03
3.998073e-03
4.000444e-03
4.002799e-03
4.005139e-03
4.007463e-03
4.009772e-03
4.012066e-03
4.014344e-03
4.016606e-03
4.018854e-03
4.021085e-03
4.023302e-03
4.025503e-03
4.027688e-03
4.029858e-03
4.032013e-03
4.034152e-03
4.036276e-03
4.038384e-03
4.040477e-03
4.042555e-03
4.044617e-03
4.046664e-03
4.048695e-03
4.050711e-03
4.052711e-03
4.054696e-03
4.056666e-03
4.058620e-03
4.060559e-03
4.062482e-03
4.064390e-03
4.066282e-03
4.068160e-03
4.070021e-03
4.071867e-03
4.073698e-03
4.075513e-03
4.077313e-03
4.079098e-03
4.080867e-03
4.082621e-03
4.084359e-03
4.086082e-03
4.087789e-03
4.089481e-03
4.091158e-03
4.092819e-03
4.094464e-03
4.096095e-03
4.097709e-03
4.099309e-03
4.100893e-03
4.102461e-03
4.104015e-03
4.105552e-03
4.107075e-03
4.108581e-03
4.110073e-03
4.111549e-03
4.113010e-03
4.114455e-03
4.115885e-03
4.117299e-03
4.118698e-03
4.120081e-03
4.121449e-03
4.122802e-03
4.124139e-03
4.125461e-03
4.126767e-03
4.128058e-03
4.129334e-03
4.130594e-03
4.131839e-03
4.133068e-03
4.134282e-03
4.135480e-03
4.136663e-03
4.137831e-03
4.138983e-03
4.140119e-03
4.141241e-03
4.142347e-03
4.143437e-03
4.144512e-03
4.145572e-03
4.146616e-03
4.147645e-03
4.148658e-03
4.149656e-03
4.150638e-03
4.151605e-03
4.152557e-03
4.153493e-03
4.154414e-03
4.155319e-03
4.156209e-03
4.157084e-03
4.157943e-03
4.158786e-03
4.159615e-03
4.160427e-03
4.161225e-03
4.162007e-03
4.162773e-03
4.163524e-03
4.164260e-03
4.164980e-03
4.165685e-03
4.166375e-03
4.167049e-03
4.167707e-03
4.168350e-03
4.168978e-03
4.169590e-03
4.170187e-03
4.170769e-03
4.171335e-03
4.171885e-03
4.172421e-03
4.172940e-03
4.173445e-03
4.173934e-03
4.174407e-03
4.174865e-03
4.175308e-03
4.175735e-03
4.176147e-03
4.176543e-03
4.176924e-03
4.177290e-03
4.177640e-03
4.177974e-03
4.178294e-03
4.178598e-03
4.178886e-03
4.179159e-03
4.179416e-03
4.179659e-03
4.179885e-03
4.180097e-03
4.180292e-03
4.180473e-03
4.180638e-03
4.180788e-03
4.180922e-03
4.181040e-03
4.181144e-03
4.181232e-03
4.181304e-03
4.181361e-03
4.181403e-03
4.181429e-03
4.181440e-03
4.181435e-03
4.181415e-03
4.181380e-03
4.181329e-03
4.181262e-03
4.181181e-03
4.181083e-03
4.180971e-03
4.180843e-03
4.180699e-03
4.180540e-03
4.180366e-03
4.180176e-03
4.179971e-03
4.179751e-03
4.179515e-03
4.179263e-03
4.178996e-03
4.178714e-03
4.178416e-03
4.178103e-03
4.177775e-03
4.177431e-03
4.177071e-03
4.176697e-03
4.176306e-03
4.175901e-03
4.175480e-03
4.175043e-03
4.174591e-03
4.174124e-03
4.173641e-03
4.173143e-03
4.172629e-03
4.172100e-03
4.171778e-03
4.171778e-03
4.171778e-03
4.171778e-03
4.171778e-03
4.171778e-03
4.171778e-03
4.171778e-03
4.171778e-03
4.171778e-03
4.171778e-03
4.171778e-03
4.171778e-03
4.171778e-03
4.171778e-03
4.171778e-03
4.171778e-03
4.171778e-03
4.171778e-03
4.171778e-03
4.171778e-03
4.171778e-03
4.171778e-03
4.171778e-03
4.171778e-03
4.171778e-03
4.171778e-03
4.171778e-03
4.171778e-03
4.171778e-03
4.171778e-03
4.171778e-03
4.171778e-03
4.171778e-03
4.171778e-03
4.171778e-03
4.171778e-03
4.171778e-03
4.171778e-03
4.171778e-03
4.171778e-03
4.171778e-03
4.171778e-03
4.171778e-03
4.171778e-03
4.171778e-03
4.171778e-03
4.171778e-03
4.171778e-03
4.171778e-03
4.171778e-03
4.171778e-03
4.171778e-03
4.171778e-03
4.171778e-03
4.171778e-03
4.171778e-03
4.171778e-03
4.171778e-03
4.171778e-03
4.171778e-03
4.171778e-03
4.171778e-03
4.171778e-03
4.171778e-03
4.171778e-03
4.171778e-03
4.171778e-03
4.171778e-03
4.171778e-03
4.171778e-03
4.171778e-03
4.171778e-03
4.171778e-03
4.171778e-03
4.171778e-03
4.171778e-03
4.171778e-03
4.171778e-03
4.171778e-03
4.171778e-03
4.171778e-03
4.171778e-03
4.171778e-03
4.171778e-03
4.171778e-03
4.171778e-03
4.171778e-03
4.171778e-03
4.171778e-03
4.171778e-03
4.171778e-03
4.171778e-03
4.171778e-03
4.171778e-03
4.171778e-03
4.171778e-03
4.171778e-03
4.171778e-03
4.171778e-03
4.171778e-03
4.171778e-03
4.171778e-03
4.171778e-03
4.171778e-03
4.171778e-03
4.171778e-03
4.171778e-03
4.171778e-03
4.171778e-03
4.171778e-03
4.171778e-03
4.171778e-03
4.171778e-03
4.171778e-03
4.171778e-03
4.171778e-03
4.171778e-03
4.171778e-03
4.171778e-03
4.171778e-03
4.171778e-03
4.171778e-03
4.171778e-03
4.171778e-03
4.171778e-03
4.171778e-03
4.171778e-03
4.171778e-03
4.171778e-03
4.171778e-03
4.171778e-03
4.171778e-03
4.171778e-03
4.171778e-03
4.171778e-03
4.171778e-03
4.171778e-03
4.171778e-03
4.171778e-03
4.171778e-03
4.171778e-03
4.171778e-03
4.171778e-03
4.171778e-03
4.171778e-03
4.171778e-03
4.171778e-03
4.171778e-03
4.171778e-03
4.171778e-03
4.171778e-03
4.171778e-03
4.171778e-03
4.171778e-03
4.171778e-03
4.171778e-03
4.171778e-03
4.171778e-03
4.171778e-03
4.171778e-03
4.171778e-03
4.171778e-03
4.171778e-03
4.171778e-03
4.171778e-03
4.171778e-03
4.171778e-03
4.171778e-03
4.171778e-03
4.171778e-03
4.171778e-03
4.171778e-03
4.171778e-03
4.171778e-03
4.171778e-03
4.171778e-03
4.171778e-03
4.171778e-03
4.171778e-03
4.171778e-03
4.171778e-03
4.171778e-03
4.171778e-03
4.171778e-03
4.171778e-03
4.171778e-03
4.171778e-03
4.171778e-03
4.171778e-03
4.171778e-03
4.171778e-03
4.171778e-03
4.171778e-03
4.171778e-03
4.171778e-03
4.171778e-03
4.171778e-03
4.171778e-03
4.171778e-03
4.171778e-03
