0.000000e+00
1.110371e-07
2.309571e-07
3.597602e-07
4.974461e-07
6.440151e-07
7.994670e-07
9.638019e-07
1.137020e-06
1.319121e-06
1.510104e-06
1.709971e-06
1.918721e-06
2.136354e-06
2.362869e-06
2.598268e-06
2.842549e-06
3.095714e-06
3.357761e-06
3.628692e-06
3.908505e-06
4.197202e-06
4.494781e-06
4.801244e-06
5.116589e-06
5.440817e-06
5.773928e-06
6.115923e-06
6.466800e-06
6.826560e-06
7.195203e-06
7.572729e-06
7.959138e-06
8.354430e-06
8.758605e-06
9.171663e-06
9.593604e-06
1.002443e-05
1.046414e-05
1.091272e-05
1.137020e-05
1.183655e-05
1.231179e-05
1.279591e-05
1.328892e-05
1.379081e-05
1.430158e-05
1.482123e-05
1.534977e-05
1.588719e-05
1.643349e-05
1.698867e-05
1.755274e-05
1.812569e-05
1.870753e-05
1.929825e-05
1.989785e-05
2.050633e-05
2.112370e-05
2.174994e-05
2.238508e-05
2.302909e-05
2.368199e-05
2.434377e-05
2.501443e-05
2.569398e-05
2.638241e-05
2.707972e-05
2.778592e-05
2.850100e-05
2.922496e-05
2.995781e-05
3.069953e-05
3.145014e-05
3.220964e-05
3.297801e-05
3.375527e-05
3.454142e-05
3.533644e-05
3.614035e-05
3.695314e-05
3.777482e-05
3.860537e-05
3.944481e-05
4.029314e-05
4.115034e-05
4.201643e-05
4.289141e-05
4.377526e-05
4.466800e-05
4.556962e-05
4.648012e-05
4.739951e-05
4.832778e-05
4.926493e-05
5.021097e-05
5.116589e-05
5.212969e-05
5.310238e-05
5.408394e-05
5.507439e-05
5.607373e-05
5.708195e-05
5.809905e-05
5.912503e-05
6.015989e-05
6.120364e-05
6.225627e-05
6.331779e-05
6.438819e-05
6.546747e-05
6.655563e-05
6.765268e-05
6.875861e-05
6.987342e-05
7.099711e-05
7.212969e-05
7.327115e-05
7.442150e-05
7.558072e-05
7.674883e-05
7.792583e-05
7.911170e-05
8.030646e-05
8.151010e-05
8.272263e-05
8.394404e-05
8.517433e-05
8.641350e-05
8.766156e-05
8.891850e-05
9.018432e-05
9.145903e-05
9.274262e-05
9.403509e-05
9.533644e-05
9.664668e-05
9.796580e-05
9.929380e-05
1.006307e-04
1.019765e-04
1.033311e-04
1.046946e-04
1.060671e-04
1.074484e-04
1.088386e-04
1.102376e-04
1.116456e-04
1.130624e-04
1.144881e-04
1.159227e-04
1.173662e-04
1.188186e-04
1.202798e-04
1.217499e-04
1.232290e-04
1.247169e-04
1.262136e-04
1.277193e-04
1.292338e-04
1.307573e-04
1.322896e-04
1.338308e-04
1.353809e-04
1.369398e-04
1.385077e-04
1.400844e-04
1.416700e-04
1.432645e-04
1.448679e-04
1.464801e-04
1.481013e-04
1.497313e-04
1.513702e-04
1.530180e-04
1.546747e-04
1.563402e-04
1.580147e-04
1.596980e-04
1.613902e-04
1.630913e-04
1.648012e-04
1.665201e-04
1.682478e-04
1.699845e-04
1.717300e-04
1.734843e-04
1.752476e-04
1.770198e-04
1.788008e-04
1.805907e-04
1.823895e-04
1.841972e-04
1.860138e-04
1.878392e-04
1.896736e-04
1.915168e-04
1.933689e-04
1.952298e-04
1.970997e-04
1.989785e-04
2.008661e-04
2.027626e-04
2.046680e-04
2.065823e-04
2.085054e-04
2.104375e-04
2.123784e-04
2.143282e-04
2.162869e-04
2.182545e-04
2.202310e-04
2.222163e-04
2.242105e-04
2.262136e-04
2.282256e-04
2.302465e-04
2.322763e-04
2.343149e-04
2.363624e-04
2.384188e-04
2.404841e-04
2.425583e-04
2.446414e-04
2.467333e-04
2.488341e-04
2.509438e-04
2.530624e-04
2.551899e-04
2.573262e-04
2.594715e-04
2.616256e-04
2.637886e-04
2.659605e-04
2.681412e-04
2.703309e-04
2.725294e-04
2.747368e-04
2.769531e-04
2.791783e-04
2.814124e-04
2.836553e-04
2.859072e-04
2.881679e-04
2.904375e-04
2.927160e-04
2.950033e-04
2.972996e-04
2.996047e-04
3.019187e-04
3.042416e-04
3.065734e-04
3.089141e-04
3.112636e-04
3.136220e-04
3.159893e-04
3.183655e-04
3.207506e-04
3.231446e-04
3.255474e-04
3.279591e-04
3.303797e-04
3.328092e-04
3.352476e-04
3.376949e-04
3.401510e-04
3.426160e-04
3.450899e-04
3.475727e-04
3.500644e-04
3.525650e-04
3.550744e-04
3.575927e-04
3.601199e-04
3.626560e-04
3.652010e-04
3.677548e-04
3.703176e-04
3.728892e-04
3.754697e-04
3.780591e-04
3.806573e-04
3.832645e-04
3.858805e-04
3.885054e-04
3.911392e-04
3.937819e-04
3.964335e-04
3.990939e-04
4.017633e-04
4.044415e-04
4.071286e-04
4.098246e-04
4.125294e-04
4.152432e-04
4.179658e-04
4.206973e-04
4.234377e-04
4.261870e-04
4.289451e-04
4.317122e-04
4.344881e-04
4.372729e-04
4.400666e-04
4.428692e-04
4.456807e-04
4.485010e-04
4.513302e-04
4.541683e-04
4.570153e-04
4.598712e-04
4.627360e-04
4.656096e-04
4.684921e-04
4.713835e-04
4.742838e-04
4.771930e-04
4.801110e-04
4.830380e-04
4.859738e-04
4.889185e-04
4.918721e-04
4.948346e-04
4.978059e-04
5.007861e-04
5.037753e-04
5.067733e-04
5.097801e-04
5.127959e-04
5.158206e-04
5.188541e-04
5.218965e-04
5.249478e-04
5.280080e-04
5.310771e-04
5.341550e-04
5.372418e-04
5.403376e-04
5.434421e-04
5.465556e-04
5.496780e-04
5.528092e-04
5.559494e-04
5.590984e-04
5.622563e-04
5.654231e-04
5.685987e-04
5.717833e-04
5.749767e-04
5.781790e-04
5.813902e-04
5.846103e-04
5.878392e-04
5.910771e-04
5.943238e-04
5.975794e-04
6.008439e-04
6.041173e-04
6.073995e-04
6.106907e-04
6.139907e-04
6.172996e-04
6.206174e-04
6.239440e-04
6.272796e-04
6.306240e-04
6.339773e-04
6.373396e-04
6.407106e-04
6.440906e-04
6.474795e-04
6.508772e-04
6.542838e-04
6.576993e-04
6.611237e-04
6.645570e-04
6.679991e-04
6.714501e-04
6.749101e-04
6.783789e-04
6.818565e-04
6.853431e-04
6.888386e-04
6.923429e-04
6.958561e-04
6.993782e-04
7.029092e-04
7.064490e-04
7.099978e-04
7.135554e-04
7.171219e-04
7.206973e-04
7.242816e-04
7.278748e-04
7.314768e-04
7.350877e-04
7.387075e-04
7.423362e-04
7.459738e-04
7.496203e-04
7.532756e-04
7.569398e-04
7.606129e-04
7.642949e-04
7.679858e-04
7.716855e-04
7.753942e-04
7.791117e-04
7.828381e-04
7.865734e-04
7.903176e-04
7.940706e-04
7.978326e-04
8.016034e-04
8.053831e-04
8.091717e-04
8.129691e-04
8.167755e-04
8.205907e-04
8.244148e-04
8.282478e-04
8.320897e-04
8.359405e-04
8.398001e-04
8.436687e-04
8.475461e-04
8.514324e-04
8.553276e-04
8.592316e-04
8.631446e-04
8.670664e-04
8.709971e-04
8.749367e-04
8.788852e-04
8.828425e-04
8.868088e-04
8.907839e-04
8.947679e-04
8.987608e-04
9.027626e-04
9.067733e-04
9.107928e-04
9.148212e-04
9.188585e-04
9.229047e-04
9.269598e-04
9.310238e-04
9.350966e-04
9.391783e-04
9.432689e-04
9.473684e-04
9.514768e-04
9.555940e-04
9.597202e-04
9.638552e-04
9.679991e-04
9.721519e-04
9.763136e-04
9.804841e-04
9.846636e-04
9.888519e-04
9.930491e-04
9.972552e-04
1.001470e-03
1.005694e-03
1.009927e-03
1.014168e-03
1.018419e-03
1.022678e-03
1.026946e-03
1.031224e-03
1.035510e-03
1.039805e-03
1.044108e-03
1.048421e-03
1.052743e-03
1.057073e-03
1.061412e-03
1.065761e-03
1.070118e-03
1.074484e-03
1.078859e-03
1.083242e-03
1.087635e-03
1.092036e-03
1.096447e-03
1.100866e-03
1.105294e-03
1.109731e-03
1.114177e-03
1.118632e-03
1.123096e-03
1.127568e-03
1.132050e-03
1.136540e-03
1.141039e-03
1.145547e-03
1.150064e-03
1.154590e-03
1.159125e-03
1.163669e-03
1.168221e-03
1.172783e-03
1.177353e-03
1.181932e-03
1.186520e-03
1.191117e-03
1.195723e-03
1.200338e-03
1.204961e-03
1.209594e-03
1.214235e-03
1.218885e-03
1.223544e-03
1.228212e-03
1.232889e-03
1.237575e-03
1.242270e-03
1.246973e-03
1.251686e-03
1.256407e-03
1.261137e-03
1.265876e-03
1.270624e-03
1.275381e-03
1.280147e-03
1.284921e-03
1.289705e-03
1.294497e-03
1.299298e-03
1.304108e-03
1.308927e-03
1.313755e-03
1.318592e-03
1.323438e-03
1.328292e-03
1.333156e-03
1.338028e-03
1.342909e-03
1.347799e-03
1.352698e-03
1.357606e-03
1.362523e-03
1.367448e-03
1.372383e-03
1.377326e-03
1.382278e-03
1.387240e-03
1.392210e-03
1.397189e-03
1.402176e-03
1.407173e-03
1.412179e-03
1.417193e-03
1.422216e-03
1.427249e-03
1.432290e-03
1.437340e-03
1.442398e-03
1.447466e-03
1.452543e-03
1.457628e-03
1.462723e-03
1.467826e-03
1.472938e-03
1.478059e-03
1.483189e-03
1.488328e-03
1.493475e-03
1.498632e-03
1.503797e-03
1.508972e-03
1.514155e-03
1.519347e-03
1.524548e-03
1.529758e-03
1.534977e-03
1.540204e-03
1.545441e-03
1.550686e-03
1.555940e-03
1.561204e-03
1.566476e-03
1.571757e-03
1.577046e-03
1.582345e-03
1.587653e-03
1.592969e-03
1.598294e-03
1.603629e-03
1.608972e-03
1.614324e-03
1.619685e-03
1.625054e-03
1.630433e-03
1.635821e-03
1.641217e-03
1.646622e-03
1.652036e-03
1.657459e-03
1.662891e-03
1.668332e-03
1.673782e-03
1.679241e-03
1.684708e-03
1.690184e-03
1.695670e-03
1.701164e-03
1.706667e-03
1.712179e-03
1.717699e-03
1.723229e-03
1.728767e-03
1.734315e-03
1.739871e-03
1.745436e-03
1.751010e-03
1.756593e-03
1.762185e-03
1.767786e-03
1.773396e-03
1.779014e-03
1.784641e-03
1.790278e-03
1.795923e-03
1.801577e-03
1.807240e-03
1.812911e-03
1.818592e-03
1.824282e-03
1.829980e-03
1.835687e-03
1.841404e-03
1.847129e-03
1.852863e-03
1.858605e-03
1.864357e-03
1.870118e-03
1.875887e-03
1.881666e-03
1.887453e-03
1.893249e-03
1.899054e-03
1.904868e-03
1.910691e-03
1.916522e-03
1.922363e-03
1.928212e-03
1.934071e-03
1.939938e-03
1.945814e-03
1.951699e-03
1.957593e-03
1.963495e-03
1.969407e-03
1.975328e-03
1.981257e-03
1.987195e-03
1.993142e-03
1.999098e-03
2.005063e-03
2.011037e-03
2.017020e-03
2.023011e-03
2.029012e-03
2.035021e-03
2.041039e-03
2.047066e-03
2.053102e-03
2.059147e-03
2.065201e-03
2.071264e-03
2.077335e-03
2.083416e-03
2.089505e-03
2.095603e-03
2.101710e-03
2.107826e-03
2.113951e-03
2.120084e-03
2.126227e-03
2.132378e-03
2.138539e-03
2.144708e-03
2.150886e-03
2.157073e-03
2.163269e-03
2.169474e-03
2.175687e-03
2.181910e-03
2.188141e-03
2.194382e-03
2.200631e-03
2.206889e-03
2.213156e-03
2.219431e-03
2.225716e-03
2.232010e-03
2.238312e-03
2.244624e-03
2.250944e-03
2.257273e-03
2.263611e-03
2.269958e-03
2.276314e-03
2.282678e-03
2.289052e-03
2.295434e-03
2.301825e-03
2.308226e-03
2.314635e-03
2.321053e-03
2.327479e-03
2.333915e-03
2.340360e-03
2.346813e-03
2.353276e-03
2.359747e-03
2.366227e-03
2.372716e-03
2.379214e-03
2.385721e-03
2.392236e-03
2.398761e-03
2.405294e-03
2.411837e-03
2.418388e-03
2.424948e-03
2.431517e-03
2.438095e-03
2.444681e-03
2.451277e-03
2.457881e-03
2.464495e-03
2.471117e-03
2.477748e-03
2.484388e-03
2.491037e-03
2.497695e-03
2.504362e-03
2.511037e-03
2.517722e-03
2.524415e-03
2.531117e-03
2.537828e-03
2.544548e-03
2.551277e-03
2.558015e-03
2.564761e-03
2.571517e-03
2.578281e-03
2.585054e-03
2.591837e-03
2.598628e-03
2.605427e-03
2.612236e-03
2.619054e-03
2.625881e-03
2.632716e-03
2.639560e-03
2.646414e-03
2.653276e-03
2.660147e-03
2.667026e-03
2.673915e-03
2.680813e-03
2.687719e-03
2.694635e-03
2.701559e-03
2.708492e-03
2.715434e-03
2.722385e-03
2.729345e-03
2.736314e-03
2.743291e-03
2.750278e-03
2.757273e-03
2.764277e-03
2.771290e-03
2.778312e-03
2.785343e-03
2.792383e-03
2.799431e-03
2.806489e-03
2.813555e-03
2.820631e-03
2.827715e-03
2.834808e-03
2.841910e-03
2.849021e-03
2.856140e-03
2.863269e-03
2.870406e-03
2.877553e-03
2.884708e-03
2.891872e-03
2.899045e-03
2.906227e-03
2.913418e-03
2.920617e-03
2.927826e-03
2.935043e-03
2.942270e-03
2.949505e-03
2.956749e-03
2.964002e-03
2.971264e-03
2.978534e-03
2.985814e-03
2.993102e-03
3.000400e-03
3.007706e-03
3.015021e-03
3.022345e-03
3.029678e-03
3.037020e-03
3.044370e-03
3.051730e-03
3.059098e-03
3.066476e-03
3.073862e-03
3.081257e-03
3.088661e-03
3.096074e-03
3.103495e-03
3.110926e-03
3.118366e-03
3.125814e-03
3.133271e-03
3.140737e-03
3.148212e-03
3.155696e-03
3.163189e-03
3.170691e-03
3.178201e-03
3.185721e-03
3.193249e-03
3.200786e-03
3.208332e-03
3.215887e-03
3.223451e-03
3.231024e-03
3.238605e-03
3.246196e-03
3.253795e-03
3.261404e-03
3.269021e-03
3.276647e-03
3.284282e-03
3.291925e-03
3.299578e-03
3.307240e-03
3.314910e-03
3.322589e-03
3.330278e-03
3.337975e-03
3.345681e-03
3.353396e-03
3.361119e-03
3.368852e-03
3.376593e-03
3.384344e-03
3.392103e-03
3.399871e-03
3.407648e-03
3.415434e-03
3.423229e-03
3.431033e-03
3.438845e-03
3.446667e-03
3.454497e-03
3.462336e-03
3.470184e-03
3.478041e-03
3.485907e-03
3.493782e-03
3.501666e-03
3.509558e-03
3.517459e-03
3.525370e-03
3.533289e-03
3.541217e-03
3.549154e-03
3.557100e-03
3.565054e-03
3.573018e-03
3.580990e-03
3.588972e-03
3.596962e-03
3.604961e-03
3.612969e-03
3.620986e-03
3.629012e-03
3.637046e-03
3.645090e-03
3.653142e-03
3.661204e-03
3.669274e-03
3.677353e-03
3.685441e-03
3.693538e-03
3.701643e-03
3.709758e-03
3.717881e-03
3.726014e-03
3.734155e-03
3.742305e-03
3.750464e-03
3.758632e-03
3.766809e-03
3.774994e-03
3.783189e-03
3.791392e-03
3.799605e-03
3.807826e-03
3.816056e-03
3.824295e-03
3.832543e-03
3.840799e-03
3.849065e-03
3.857340e-03
3.865623e-03
3.873915e-03
3.882216e-03
3.890526e-03
3.898845e-03
3.907173e-03
3.915510e-03
3.923855e-03
3.932210e-03
3.940573e-03
3.948945e-03
3.957326e-03
3.965716e-03
3.974115e-03
3.982523e-03
3.990939e-03
3.999365e-03
4.007799e-03
4.016243e-03
4.024695e-03
4.033156e-03
4.041626e-03
4.050104e-03
4.058592e-03
4.067089e-03
4.075594e-03
4.084108e-03
4.092632e-03
4.101164e-03
4.109705e-03
4.118254e-03
4.126813e-03
4.135381e-03
4.143957e-03
4.152543e-03
4.161137e-03
4.169740e-03
4.178352e-03
4.186973e-03
4.195603e-03
4.204242e-03
4.212889e-03
4.221546e-03
4.230211e-03
4.238885e-03
4.247568e-03
4.256260e-03
4.264961e-03
4.273671e-03
4.282390e-03
4.291117e-03
4.299853e-03
4.308599e-03
4.317353e-03
4.326116e-03
4.334888e-03
4.343669e-03
4.352458e-03
4.361257e-03
4.370064e-03
4.378881e-03
4.387706e-03
4.396540e-03
4.405383e-03
4.414235e-03
4.423096e-03
4.431965e-03
4.440844e-03
4.449731e-03
4.458628e-03
4.467533e-03
4.476447e-03
4.485370e-03
4.494302e-03
4.503242e-03
4.512192e-03
4.521150e-03
4.530118e-03
4.539094e-03
4.548079e-03
4.557073e-03
4.566076e-03
4.575088e-03
4.584108e-03
4.593138e-03
4.602176e-03
4.611224e-03
4.620280e-03
4.629345e-03
4.638419e-03
4.647502e-03
4.656593e-03
4.665694e-03
4.674803e-03
4.683922e-03
4.693049e-03
4.702185e-03
4.711330e-03
4.720484e-03
4.729647e-03
4.738819e-03
4.747999e-03
4.757189e-03
4.766387e-03
4.775594e-03
4.784810e-03
4.794035e-03
4.803269e-03
4.812512e-03
4.821763e-03
4.831024e-03
4.840293e-03
4.849571e-03
4.858859e-03
4.868155e-03
4.877459e-03
4.886773e-03
4.896096e-03
4.905427e-03
4.914768e-03
4.924117e-03
4.933475e-03
4.942843e-03
4.952219e-03
4.961603e-03
4.970997e-03
4.980400e-03
4.989811e-03
4.999232e-03
5.008661e-03
5.018099e-03
5.027546e-03
5.037002e-03
5.046467e-03
5.055940e-03
5.065423e-03
5.074915e-03
5.084415e-03
5.093924e-03
5.103442e-03
5.112969e-03
5.122505e-03
5.132050e-03
5.141603e-03
5.151166e-03
5.160737e-03
5.170318e-03
5.179907e-03
5.189505e-03
5.199112e-03
5.208728e-03
5.218352e-03
5.227986e-03
5.237628e-03
5.247280e-03
5.256940e-03
5.266609e-03
5.276287e-03
5.285974e-03
5.295670e-03
5.305374e-03
5.315088e-03
5.324810e-03
5.334541e-03
5.344282e-03
5.354031e-03
5.363789e-03
5.373555e-03
5.383331e-03
5.393116e-03
5.402909e-03
5.412712e-03
5.422523e-03
5.432343e-03
5.442172e-03
5.452010e-03
5.461857e-03
5.471712e-03
5.481577e-03
5.491450e-03
5.501332e-03
5.511224e-03
5.521124e-03
5.531033e-03
5.540950e-03
5.550877e-03
5.560813e-03
5.570757e-03
5.580711e-03
5.590673e-03
5.600644e-03
5.610624e-03
5.620613e-03
5.630611e-03
5.640617e-03
5.650633e-03
5.660657e-03
5.670691e-03
5.680733e-03
5.690784e-03
5.700844e-03
5.710913e-03
5.720990e-03
5.731077e-03
5.741173e-03
5.751277e-03
5.761390e-03
5.771512e-03
5.781643e-03
5.791783e-03
5.801932e-03
5.812090e-03
5.822256e-03
5.832432e-03
5.842616e-03
5.852809e-03
5.863011e-03
5.873222e-03
5.883442e-03
5.893671e-03
5.903909e-03
5.914155e-03
5.924410e-03
5.934675e-03
5.944948e-03
5.955230e-03
5.965521e-03
5.975821e-03
5.986129e-03
5.996447e-03
6.006773e-03
6.017109e-03
6.027453e-03
6.037806e-03
6.048168e-03
6.058539e-03
6.068918e-03
6.079307e-03
6.089705e-03
6.100111e-03
6.110526e-03
6.120950e-03
6.131384e-03
6.141825e-03
6.152276e-03
6.162736e-03
6.173205e-03
6.183682e-03
6.194168e-03
6.204664e-03
6.215168e-03
6.225681e-03
6.236203e-03
6.246733e-03
6.257273e-03
6.267821e-03
6.278379e-03
6.288945e-03
6.299520e-03
6.310104e-03
6.320697e-03
6.331299e-03
6.341910e-03
6.352529e-03
6.363158e-03
6.373795e-03
6.384441e-03
6.395097e-03
6.405761e-03
6.416433e-03
6.427115e-03
6.437806e-03
6.448505e-03
6.459214e-03
6.469931e-03
6.480657e-03
6.491392e-03
6.502136e-03
6.512889e-03
6.523651e-03
6.534421e-03
6.545201e-03
6.555989e-03
6.566787e-03
6.577593e-03
6.588408e-03
6.599232e-03
6.610064e-03
6.620906e-03
6.631757e-03
6.642616e-03
6.653484e-03
6.664362e-03
6.675248e-03
6.686143e-03
6.697046e-03
6.707959e-03
6.718881e-03
6.729811e-03
6.740751e-03
6.751699e-03
6.762656e-03
6.773622e-03
6.784597e-03
6.795581e-03
6.806573e-03
6.817575e-03
6.828585e-03
6.839605e-03
6.850633e-03
6.861670e-03
6.872716e-03
6.883771e-03
6.894835e-03
6.905907e-03
6.916989e-03
6.928079e-03
6.939178e-03
6.950286e-03
6.961404e-03
6.972529e-03
6.983664e-03
6.994808e-03
7.005960e-03
7.017122e-03
7.028292e-03
7.039471e-03
7.050660e-03
7.061857e-03
7.073062e-03
7.084277e-03
7.095501e-03
7.106733e-03
7.117975e-03
7.129225e-03
7.140484e-03
7.151752e-03
7.163029e-03
7.174315e-03
7.185610e-03
7.196913e-03
7.208226e-03
7.219547e-03
7.230877e-03
7.242216e-03
7.253564e-03
7.264921e-03
7.276287e-03
7.287662e-03
7.299045e-03
7.310437e-03
7.321839e-03
7.333249e-03
7.344668e-03
7.356096e-03
7.367533e-03
7.378978e-03
7.390433e-03
7.401897e-03
7.413369e-03
7.424850e-03
7.436340e-03
7.447839e-03
7.459347e-03
7.470864e-03
7.482390e-03
7.493924e-03
7.505467e-03
7.517020e-03
7.528581e-03
7.540151e-03
7.551730e-03
7.563318e-03
7.574915e-03
7.586520e-03
7.598135e-03
7.609758e-03
7.621390e-03
7.633031e-03
7.644681e-03
7.656340e-03
7.668008e-03
7.679685e-03
7.691370e-03
7.703065e-03
7.714768e-03
7.726480e-03
7.738201e-03
7.749931e-03
7.761670e-03
7.773418e-03
7.785174e-03
7.796940e-03
7.808714e-03
7.820497e-03
7.832290e-03
7.844091e-03
7.855901e-03
7.867719e-03
7.879547e-03
7.891384e-03
7.903229e-03
7.915083e-03
7.926946e-03
7.938819e-03
7.950700e-03
7.962589e-03
7.974488e-03
7.986396e-03
7.998312e-03
8.010238e-03
8.022172e-03
8.034115e-03
8.046067e-03
8.058028e-03
8.069998e-03
8.081976e-03
8.093964e-03
8.105960e-03
8.117966e-03
8.129980e-03
8.142003e-03
8.154035e-03
8.166076e-03
8.178126e-03
8.190184e-03
8.202252e-03
8.214328e-03
8.226414e-03
8.238508e-03
8.250611e-03
8.262723e-03
8.274843e-03
8.286973e-03
8.299112e-03
8.311259e-03
8.323416e-03
8.335581e-03
8.347755e-03
8.359938e-03
8.372130e-03
8.384330e-03
8.396540e-03
8.408759e-03
8.420986e-03
8.433222e-03
8.445467e-03
8.457722e-03
8.469984e-03
8.482256e-03
8.494537e-03
8.506827e-03
8.519125e-03
8.531432e-03
8.543749e-03
8.556074e-03
8.568408e-03
8.580751e-03
8.593102e-03
8.605463e-03
8.617833e-03
8.630211e-03
8.642598e-03
8.654994e-03
8.667400e-03
8.679813e-03
8.692236e-03
8.704668e-03
8.717109e-03
8.729558e-03
8.742016e-03
8.754484e-03
8.766960e-03
8.779445e-03
8.791939e-03
8.804441e-03
8.816953e-03
8.829474e-03
8.842003e-03
8.854541e-03
8.867089e-03
8.879645e-03
8.892210e-03
8.904783e-03
8.917366e-03
8.929958e-03
8.942558e-03
8.955168e-03
8.967786e-03
8.980413e-03
8.993049e-03
9.005694e-03
9.018348e-03
9.031010e-03
9.043682e-03
9.056362e-03
9.069052e-03
9.081750e-03
9.094457e-03
9.107173e-03
9.119898e-03
9.132632e-03
9.145374e-03
9.158126e-03
9.170886e-03
9.183655e-03
9.196433e-03
9.209221e-03
9.222016e-03
9.234821e-03
9.247635e-03
9.260457e-03
9.273289e-03
9.286129e-03
9.298978e-03
9.311837e-03
9.324704e-03
9.337579e-03
9.350464e-03
9.363358e-03
9.376260e-03
9.389172e-03
9.402092e-03
9.415021e-03
9.427959e-03
9.440906e-03
9.453862e-03
9.466827e-03
9.479800e-03
9.492783e-03
9.505774e-03
9.518774e-03
9.531783e-03
9.544801e-03
9.557828e-03
9.570864e-03
9.583909e-03
9.596962e-03
9.610024e-03
9.623096e-03
9.636176e-03
9.649265e-03
9.662363e-03
9.675470e-03
9.688585e-03
9.701710e-03
9.714843e-03
9.727986e-03
9.741137e-03
9.754297e-03
9.767466e-03
9.780644e-03
9.793831e-03
9.807026e-03
9.820231e-03
9.833444e-03
9.846667e-03
9.859898e-03
9.873138e-03
9.886387e-03
9.899645e-03
9.912911e-03
9.926187e-03
9.939471e-03
9.952765e-03
9.966067e-03
9.979378e-03
9.992698e-03
1.000603e-02
1.001936e-02
1.003271e-02
1.004607e-02
1.005943e-02
1.007280e-02
1.008619e-02
1.009958e-02
1.011298e-02
1.012639e-02
1.013980e-02
1.015257e-02
1.016528e-02
1.017796e-02
1.019059e-02
1.020317e-02
1.021571e-02
1.022821e-02
1.024066e-02
1.025307e-02
1.026543e-02
1.027775e-02
1.029002e-02
1.030225e-02
1.031444e-02
1.032658e-02
1.033868e-02
1.035073e-02
1.036274e-02
1.037471e-02
1.038663e-02
1.039850e-02
1.041033e-02
1.042212e-02
1.043386e-02
1.044556e-02
1.045722e-02
1.046883e-02
1.048039e-02
1.049191e-02
1.050339e-02
1.051482e-02
1.052621e-02
1.053756e-02
1.054886e-02
1.056011e-02
1.057132e-02
1.058249e-02
1.059361e-02
1.060469e-02
1.061573e-02
1.062672e-02
1.063766e-02
1.064856e-02
1.065942e-02
1.067023e-02
1.068100e-02
1.069173e-02
1.070241e-02
1.071304e-02
1.072363e-02
1.073418e-02
1.074468e-02
1.075514e-02
1.076556e-02
1.077593e-02
1.078625e-02
1.079653e-02
1.080677e-02
1.081696e-02
1.082711e-02
1.083721e-02
1.084727e-02
1.085729e-02
1.086726e-02
1.087719e-02
1.088707e-02
1.089691e-02
1.090670e-02
1.091645e-02
1.092616e-02
1.093582e-02
1.094544e-02
1.095501e-02
1.096454e-02
1.097402e-02
1.098346e-02
1.099286e-02
1.100221e-02
1.101151e-02
1.102078e-02
1.102999e-02
1.103917e-02
1.104830e-02
1.105738e-02
1.106642e-02
1.107542e-02
1.108437e-02
1.109328e-02
1.110214e-02
1.111096e-02
1.111974e-02
1.112847e-02
1.113716e-02
1.114580e-02
1.115440e-02
1.116295e-02
1.117146e-02
1.117992e-02
1.118834e-02
1.119672e-02
1.120505e-02
1.121334e-02
1.122158e-02
1.122978e-02
1.123794e-02
1.124605e-02
1.125412e-02
1.126214e-02
1.127012e-02
1.127805e-02
1.128594e-02
1.129378e-02
1.130158e-02
1.130934e-02
1.131705e-02
1.132472e-02
1.133234e-02
1.133992e-02
1.134746e-02
1.135495e-02
1.136239e-02
1.136980e-02
1.137715e-02
1.138447e-02
1.139174e-02
1.139896e-02
1.140614e-02
1.141328e-02
1.142037e-02
1.142742e-02
1.143442e-02
1.144138e-02
1.144829e-02
1.145516e-02
1.146199e-02
1.146877e-02
1.147551e-02
1.148220e-02
1.148885e-02
1.149546e-02
1.150202e-02
1.150853e-02
1.151500e-02
1.152143e-02
1.152782e-02
1.153415e-02
1.154045e-02
1.154670e-02
1.155290e-02
1.155907e-02
1.156518e-02
1.157126e-02
1.157729e-02
1.158327e-02
1.158921e-02
1.159511e-02
1.160096e-02
1.160676e-02
1.161253e-02
1.161825e-02
1.162392e-02
1.162955e-02
1.163514e-02
1.164068e-02
1.164618e-02
1.165163e-02
1.165704e-02
1.166240e-02
1.166772e-02
1.167300e-02
1.167823e-02
1.168342e-02
1.168856e-02
1.169366e-02
1.169871e-02
1.170372e-02
1.170869e-02
1.171361e-02
1.171848e-02
1.172332e-02
1.172811e-02
1.173285e-02
1.173755e-02
1.174221e-02
1.174682e-02
1.175138e-02
1.175591e-02
1.176038e-02
1.176482e-02
1.176921e-02
1.177355e-02
1.177786e-02
1.178211e-02
1.178632e-02
1.179049e-02
1.179462e-02
1.179870e-02
1.180273e-02
1.180672e-02
1.181067e-02
1.181457e-02
1.181843e-02
1.182224e-02
1.182601e-02
1.182974e-02
1.183342e-02
1.183706e-02
1.184065e-02
1.184420e-02
1.184770e-02
1.185116e-02
1.185458e-02
1.185795e-02
1.186127e-02
1.186456e-02
1.186779e-02
1.187099e-02
1.187414e-02
1.187724e-02
1.188030e-02
1.188332e-02
1.188629e-02
1.188922e-02
1.189210e-02
1.189494e-02
1.189774e-02
1.190049e-02
1.190320e-02
1.190586e-02
1.190848e-02
1.191105e-02
1.191358e-02
1.191606e-02
1.191850e-02
1.192090e-02
1.192325e-02
1.192556e-02
1.192782e-02
1.193004e-02
1.193222e-02
1.193435e-02
1.193644e-02
1.193848e-02
1.194048e-02
1.194243e-02
1.194434e-02
1.194620e-02
1.194802e-02
1.194980e-02
1.195153e-02
1.195322e-02
1.195486e-02
1.195646e-02
1.195802e-02
1.195953e-02
1.196099e-02
1.196241e-02
1.196379e-02
1.196513e-02
1.196641e-02
1.196766e-02
1.196886e-02
1.197002e-02
1.197113e-02
1.197220e-02
1.197322e-02
1.197420e-02
1.197513e-02
1.197602e-02
1.197687e-02
1.197767e-02
1.197843e-02
1.197914e-02
1.197981e-02
1.198043e-02
1.198101e-02
1.198155e-02
1.198204e-02
1.198249e-02
1.198289e-02
1.198325e-02
1.198357e-02
1.198384e-02
1.198406e-02
1.198424e-02
1.198438e-02
1.198447e-02
1.198452e-02
1.198453e-02
1.198449e-02
1.198440e-02
1.198427e-02
1.198410e-02
1.198388e-02
1.198362e-02
1.198332e-02
1.198297e-02
1.198257e-02
1.198213e-02
1.198165e-02
1.198135e-02
1.198135e-02
1.198135e-02
1.198135e-02
1.198135e-02
1.198135e-02
1.198135e-02
1.198135e-02
1.198135e-02
1.198135e-02
1.198135e-02
1.198135e-02
1.198135e-02
1.198135e-02
1.198135e-02
1.198135e-02
1.198135e-02
1.198135e-02
1.198135e-02
1.198135e-02
1.198135e-02
1.198135e-02
1.198135e-02
1.198135e-02
1.198135e-02
1.198135e-02
1.198135e-02
1.198135e-02
1.198135e-02
1.198135e-02
1.198135e-02
1.198135e-02
1.198135e-02
1.198135e-02
1.198135e-02
1.198135e-02
1.198135e-02
1.198135e-02
1.198135e-02
1.198135e-02
1.198135e-02
1.198135e-02
1.198135e-02
1.198135e-02
1.198135e-02
1.198135e-02
1.198135e-02
1.198135e-02
1.198135e-02
1.198135e-02
1.198135e-02
1.198135e-02
1.198135e-02
1.198135e-02
1.198135e-02
1.198135e-02
1.198135e-02
1.198135e-02
1.198135e-02
1.198135e-02
1.198135e-02
1.198135e-02
1.198135e-02
1.198135e-02
1.198135e-02
1.198135e-02
1.198135e-02
1.198135e-02
1.198135e-02
1.198135e-02
1.198135e-02
1.198135e-02
1.198135e-02
1.198135e-02
1.198135e-02
1.198135e-02
1.198135e-02
1.198135e-02
1.198135e-02
1.198135e-02
1.198135e-02
1.198135e-02
1.198135e-02
1.198135e-02
1.198135e-02
1.198135e-02
1.198135e-02
1.198135e-02
1.198135e-02
1.198135e-02
1.198135e-02
1.198135e-02
1.198135e-02
1.198135e-02
1.198135e-02
1.198135e-02
1.198135e-02
1.198135e-02
1.198135e-02
1.198135e-02
1.198135e-02
1.198135e-02
1.198135e-02
1.198135e-02
1.198135e-02
1.198135e-02
1.198135e-02
1.198135e-02
1.198135e-02
1.198135e-02
1.198135e-02
1.198135e-02
1.198135e-02
1.198135e-02
1.198135e-02
1.198135e-02
1.198135e-02
1.198135e-02
1.198135e-02
1.198135e-02
1.198135e-02
1.198135e-02
1.198135e-02
1.198135e-02
1.198135e-02
1.198135e-02
1.198135e-02
1.198135e-02
1.198135e-02
1.198135e-02
1.198135e-02
1.198135e-02
1.198135e-02
1.198135e-02
1.198135e-02
1.198135e-02
1.198135e-02
1.198135e-02
1.198135e-02
1.198135e-02
1.198135e-02
1.198135e-02
1.198135e-02
1.198135e-02
1.198135e-02
1.198135e-02
1.198135e-02
1.198135e-02
1.198135e-02
1.198135e-02
1.198135e-02
1.198135e-02
1.198135e-02
1.198135e-02
1.198135e-02
1.198135e-02
1.198135e-02
1.198135e-02
1.198135e-02
1.198135e-02
1.198135e-02
1.198135e-02
1.198135e-02
1.198135e-02
1.198135e-02
1.198135e-02
1.198135e-02
1.198135e-02
1.198135e-02
1.198135e-02
1.198135e-02
1.198135e-02
1.198135e-02
1.198135e-02
1.198135e-02
1.198135e-02
1.198135e-02
1.198135e-02
1.198135e-02
1.198135e-02
1.198135e-02
1.198135e-02
1.198135e-02
1.198135e-02
1.198135e-02
1.198135e-02
1.198135e-02
1.198135e-02
1.198135e-02
1.198135e-02
1.198135e-02
1.198135e-02
1.198135e-02
1.198135e-02
1.198135e-02
1.198135e-02
1.198135e-02
1.198135e-02
1.198135e-02
1.198135e-02
1.198135e-02
