0.000000e+00
1.110371e-07
2.251758e-07
3.424160e-07
4.627579e-07
5.862014e-07
7.127464e-07
8.423931e-07
9.751413e-07
1.110991e-06
1.249943e-06
1.391996e-06
1.537150e-06
1.685407e-06
1.836764e-06
1.991224e-06
2.148785e-06
2.309447e-06
2.473212e-06
2.640077e-06
2.810045e-06
2.983114e-06
3.159284e-06
3.338556e-06
3.520930e-06
3.706406e-06
3.894982e-06
4.086661e-06
4.281441e-06
4.479323e-06
4.680306e-06
4.884391e-06
5.091578e-06
5.301866e-06
5.515256e-06
5.731747e-06
5.951340e-06
6.174034e-06
6.399830e-06
6.628728e-06
6.860727e-06
7.095828e-06
7.334031e-06
7.575335e-06
7.819740e-06
8.067248e-06
8.317856e-06
8.571567e-06
8.828379e-06
9.088292e-06
9.351308e-06
9.617425e-06
9.886643e-06
1.015896e-05
1.043438e-05
1.071291e-05
1.099453e-05
1.127926e-05
1.156709e-05
1.185802e-05
1.215205e-05
1.244918e-05
1.274941e-05
1.305275e-05
1.335919e-05
1.366873e-05
1.398137e-05
1.429711e-05
1.461595e-05
1.493790e-05
1.526295e-05
1.559110e-05
1.592235e-05
1.625670e-05
1.659415e-05
1.693471e-05
1.727836e-05
1.762512e-05
1.797498e-05
1.832794e-05
1.868401e-05
1.904317e-05
1.940544e-05
1.977080e-05
2.013927e-05
2.051085e-05
2.088552e-05
2.126329e-05
2.164417e-05
2.202815e-05
2.241522e-05
2.280540e-05
2.319869e-05
2.359507e-05
2.399456e-05
2.439714e-05
2.480283e-05
2.521162e-05
2.562351e-05
2.603851e-05
2.645660e-05
2.687780e-05
2.730210e-05
2.772950e-05
2.816000e-05
2.859360e-05
2.903031e-05
2.947011e-05
2.991302e-05
3.035903e-05
3.080814e-05
3.126035e-05
3.171567e-05
3.217408e-05
3.263560e-05
3.310022e-05
3.356794e-05
3.403876e-05
3.451268e-05
3.498971e-05
3.546984e-05
3.595306e-05
3.643939e-05
3.692883e-05
3.742136e-05
3.791699e-05
3.841573e-05
3.891757e-05
3.942251e-05
3.993055e-05
4.044169e-05
4.095594e-05
4.147328e-05
4.199373e-05
4.251728e-05
4.304393e-05
4.357368e-05
4.410654e-05
4.464249e-05
4.518155e-05
4.572371e-05
4.626897e-05
4.681733e-05
4.736879e-05
4.792336e-05
4.848103e-05
4.904179e-05
4.960566e-05
5.017263e-05
5.074271e-05
5.131588e-05
5.189216e-05
5.247154e-05
5.305402e-05
5.363960e-05
5.422828e-05
5.482006e-05
5.541495e-05
5.601294e-05
5.661403e-05
5.721822e-05
5.782551e-05
5.843590e-05
5.904940e-05
5.966600e-05
6.028569e-05
6.090849e-05
6.153440e-05
6.216340e-05
6.279550e-05
6.343071e-05
6.406902e-05
6.471043e-05
6.535494e-05
6.600255e-05
6.665327e-05
6.730708e-05
6.796400e-05
6.862402e-05
6.928714e-05
6.995336e-05
7.062269e-05
7.129511e-05
7.197064e-05
7.264927e-05
7.333100e-05
7.401583e-05
7.470377e-05
7.539480e-05
7.608894e-05
7.678618e-05
7.748652e-05
7.818996e-05
7.889650e-05
7.960615e-05
8.031889e-05
8.103474e-05
8.175369e-05
8.247574e-05
8.320090e-05
8.392915e-05
8.466051e-05
8.539496e-05
8.613252e-05
8.687318e-05
8.761695e-05
8.836381e-05
8.911378e-05
8.986684e-05
9.062301e-05
9.138228e-05
9.214465e-05
9.291013e-05
9.367870e-05
9.445038e-05
9.522516e-05
9.600304e-05
9.678402e-05
9.756810e-05
9.835529e-05
9.914557e-05
9.993896e-05
1.007355e-04
1.015350e-04
1.023377e-04
1.031435e-04
1.039524e-04
1.047644e-04
1.055795e-04
1.063977e-04
1.072190e-04
1.080434e-04
1.088709e-04
1.097015e-04
1.105352e-04
1.113721e-04
1.122120e-04
1.130550e-04
1.139011e-04
1.147503e-04
1.156026e-04
1.164581e-04
1.173166e-04
1.181782e-04
1.190429e-04
1.199107e-04
1.207817e-04
1.216557e-04
1.225328e-04
1.234131e-04
1.242964e-04
1.251828e-04
1.260724e-04
1.269650e-04
1.278608e-04
1.287596e-04
1.296615e-04
1.305666e-04
1.314747e-04
1.323860e-04
1.333003e-04
1.342178e-04
1.351383e-04
1.360620e-04
1.369887e-04
1.379186e-04
1.388516e-04
1.397876e-04
1.407268e-04
1.416691e-04
1.426144e-04
1.435629e-04
1.445145e-04
1.454691e-04
1.464269e-04
1.473878e-04
1.483518e-04
1.493188e-04
1.502890e-04
1.512623e-04
1.522387e-04
1.532182e-04
1.542007e-04
1.551864e-04
1.561752e-04
1.571671e-04
1.581621e-04
1.591602e-04
1.601614e-04
1.611657e-04
1.621731e-04
1.631836e-04
1.641972e-04
1.652139e-04
1.662337e-04
1.672566e-04
1.682826e-04
1.693117e-04
1.703439e-04
1.713792e-04
1.724176e-04
1.734592e-04
1.745038e-04
1.755515e-04
1.766023e-04
1.776562e-04
1.787133e-04
1.797734e-04
1.808366e-04
1.819029e-04
1.829724e-04
1.840449e-04
1.851205e-04
1.861993e-04
1.872811e-04
1.883660e-04
1.894541e-04
1.905452e-04
1.916395e-04
1.927368e-04
1.938373e-04
1.949408e-04
1.960475e-04
1.971572e-04
1.982701e-04
1.993860e-04
2.005051e-04
2.016272e-04
2.027525e-04
2.038808e-04
2.050123e-04
2.061469e-04
2.072845e-04
2.084253e-04
2.095692e-04
2.107161e-04
2.118662e-04
2.130194e-04
2.141757e-04
2.153350e-04
2.164975e-04
2.176631e-04
2.188318e-04
2.200035e-04
2.211784e-04
2.223564e-04
2.235375e-04
2.247217e-04
2.259090e-04
2.270994e-04
2.282929e-04
2.294895e-04
2.306892e-04
2.318920e-04
2.330979e-04
2.343069e-04
2.355190e-04
2.367342e-04
2.379525e-04
2.391739e-04
2.403984e-04
2.416260e-04
2.428567e-04
2.440905e-04
2.453274e-04
2.465675e-04
2.478106e-04
2.490568e-04
2.503061e-04
2.515586e-04
2.528141e-04
2.540727e-04
2.553344e-04
2.565993e-04
2.578672e-04
2.591382e-04
2.604124e-04
2.616896e-04
2.629699e-04
2.642534e-04
2.655399e-04
2.668296e-04
2.681223e-04
2.694182e-04
2.707171e-04
2.720192e-04
2.733243e-04
2.746326e-04
2.759439e-04
2.772584e-04
2.785759e-04
2.798966e-04
2.812203e-04
2.825472e-04
2.838772e-04
2.852102e-04
2.865464e-04
2.878857e-04
2.892280e-04
2.905735e-04
2.919221e-04
2.932738e-04
2.946285e-04
2.959864e-04
2.973474e-04
2.987115e-04
3.000787e-04
3.014489e-04
3.028223e-04
3.041988e-04
3.055784e-04
3.069611e-04
3.083469e-04
3.097358e-04
3.111278e-04
3.125229e-04
3.139211e-04
3.153224e-04
3.167268e-04
3.181343e-04
3.195449e-04
3.209586e-04
3.223754e-04
3.237953e-04
3.252183e-04
3.266444e-04
3.280736e-04
3.295060e-04
3.309414e-04
3.323799e-04
3.338215e-04
3.352662e-04
3.367141e-04
3.381650e-04
3.396190e-04
3.410762e-04
3.425364e-04
3.439997e-04
3.454662e-04
3.469357e-04
3.484083e-04
3.498841e-04
3.513629e-04
3.528448e-04
3.543299e-04
3.558180e-04
3.573093e-04
3.588036e-04
3.603011e-04
3.618016e-04
3.633053e-04
3.648120e-04
3.663219e-04
3.678349e-04
3.693509e-04
3.708701e-04
3.723923e-04
3.739177e-04
3.754462e-04
3.769777e-04
3.785124e-04
3.800502e-04
3.815910e-04
3.831350e-04
3.846821e-04
3.862323e-04
3.877855e-04
3.893419e-04
3.909014e-04
3.924640e-04
3.940297e-04
3.955985e-04
3.971704e-04
3.987453e-04
4.003234e-04
4.019046e-04
4.034889e-04
4.050763e-04
4.066668e-04
4.082604e-04
4.098571e-04
4.114569e-04
4.130598e-04
4.146658e-04
4.162749e-04
4.178871e-04
4.195025e-04
4.211209e-04
4.227424e-04
4.243670e-04
4.259947e-04
4.276255e-04
4.292595e-04
4.308965e-04
4.325366e-04
4.341798e-04
4.358261e-04
4.374756e-04
4.391281e-04
4.407837e-04
4.424425e-04
4.441043e-04
4.457692e-04
4.474373e-04
4.491084e-04
4.507827e-04
4.524600e-04
4.541404e-04
4.558240e-04
4.575106e-04
4.592004e-04
4.608932e-04
4.625892e-04
4.642882e-04
4.659904e-04
4.676957e-04
4.694040e-04
4.711155e-04
4.728300e-04
4.745477e-04
4.762685e-04
4.779923e-04
4.797193e-04
4.814494e-04
4.831825e-04
4.849188e-04
4.866582e-04
4.884007e-04
4.901462e-04
4.918949e-04
4.936467e-04
4.954016e-04
4.971596e-04
4.989206e-04
5.006848e-04
5.024521e-04
5.042225e-04
5.059960e-04
5.077726e-04
5.095523e-04
5.113351e-04
5.131210e-04
5.149100e-04
5.167021e-04
5.184973e-04
5.202956e-04
5.220970e-04
5.239015e-04
5.257091e-04
5.275198e-04
5.293336e-04
5.311506e-04
5.329706e-04
5.347937e-04
5.366199e-04
5.384492e-04
5.402816e-04
5.421172e-04
5.439558e-04
5.457975e-04
5.476424e-04
5.494903e-04
5.513413e-04
5.531954e-04
5.550527e-04
5.569130e-04
5.587765e-04
5.606430e-04
5.625126e-04
5.643854e-04
5.662612e-04
5.681402e-04
5.700222e-04
5.719074e-04
5.737956e-04
5.756870e-04
5.775814e-04
5.794790e-04
5.813796e-04
5.832834e-04
5.851903e-04
5.871002e-04
5.890133e-04
5.909294e-04
5.928487e-04
5.947711e-04
5.966966e-04
5.986251e-04
6.005568e-04
6.024916e-04
6.044294e-04
6.063704e-04
6.083145e-04
6.102617e-04
6.122120e-04
6.141654e-04
6.161218e-04
6.180814e-04
6.200441e-04
6.220099e-04
6.239788e-04
6.259508e-04
6.279259e-04
6.299041e-04
6.318854e-04
6.338698e-04
6.358573e-04
6.378479e-04
6.398416e-04
6.418384e-04
6.438383e-04
6.458413e-04
6.478474e-04
6.498566e-04
6.518690e-04
6.538844e-04
6.559029e-04
6.579245e-04
6.599492e-04
6.619771e-04
6.640080e-04
6.660420e-04
6.680791e-04
6.701194e-04
6.721627e-04
6.742091e-04
6.762587e-04
6.783113e-04
6.803670e-04
6.824259e-04
6.844878e-04
6.865529e-04
6.886210e-04
6.906922e-04
6.927666e-04
6.948440e-04
6.969246e-04
6.990082e-04
7.010950e-04
7.031848e-04
7.052778e-04
7.073739e-04
7.094730e-04
7.115753e-04
7.136806e-04
7.157891e-04
7.179007e-04
7.200153e-04
7.221331e-04
7.242540e-04
7.263779e-04
7.285050e-04
7.306352e-04
7.327685e-04
7.349048e-04
7.370443e-04
7.391869e-04
7.413326e-04
7.434814e-04
7.456333e-04
7.477883e-04
7.499463e-04
7.521075e-04
7.542718e-04
7.564392e-04
7.586097e-04
7.607833e-04
7.629600e-04
7.651398e-04
7.673227e-04
7.695087e-04
7.716978e-04
7.738900e-04
7.760853e-04
7.782838e-04
7.804853e-04
7.826899e-04
7.848976e-04
7.871084e-04
7.893223e-04
7.915393e-04
7.937595e-04
7.959827e-04
7.982090e-04
8.004384e-04
8.026710e-04
8.049066e-04
8.071453e-04
8.093872e-04
8.116321e-04
8.138801e-04
8.161313e-04
8.183855e-04
8.206428e-04
8.229033e-04
8.251668e-04
8.274335e-04
8.297032e-04
8.319761e-04
8.342520e-04
8.365311e-04
8.388132e-04
8.410985e-04
8.433868e-04
8.456783e-04
8.479729e-04
8.502705e-04
8.525713e-04
8.548751e-04
8.571821e-04
8.594922e-04
8.618054e-04
8.641216e-04
8.664410e-04
8.687635e-04
8.710890e-04
8.734177e-04
8.757495e-04
8.780844e-04
8.804224e-04
8.827634e-04
8.851076e-04
8.874549e-04
8.898053e-04
8.921588e-04
8.945154e-04
8.968751e-04
8.992379e-04
9.016038e-04
9.039728e-04
9.063449e-04
9.087201e-04
9.110984e-04
9.134798e-04
9.158643e-04
9.182519e-04
9.206426e-04
9.230364e-04
9.254333e-04
9.278333e-04
9.302365e-04
9.326427e-04
9.350520e-04
9.374644e-04
9.398799e-04
9.422986e-04
9.447203e-04
9.471451e-04
9.495730e-04
9.520041e-04
9.544382e-04
9.568754e-04
9.593158e-04
9.617592e-04
9.642057e-04
9.666554e-04
9.691081e-04
9.715640e-04
9.740229e-04
9.764850e-04
9.789501e-04
9.814183e-04
9.838897e-04
9.863641e-04
9.888417e-04
9.913224e-04
9.938061e-04
9.962930e-04
9.987829e-04
1.001276e-03
1.003772e-03
1.006271e-03
1.008774e-03
1.011279e-03
1.013788e-03
1.016299e-03
1.018814e-03
1.021332e-03
1.023853e-03
1.026377e-03
1.028904e-03
1.031435e-03
1.033968e-03
1.036505e-03
1.039044e-03
1.041587e-03
1.044133e-03
1.046681e-03
1.049233e-03
1.051789e-03
1.054347e-03
1.056908e-03
1.059472e-03
1.062040e-03
1.064611e-03
1.067184e-03
1.069761e-03
1.072341e-03
1.074924e-03
1.077510e-03
1.080099e-03
1.082692e-03
1.085287e-03
1.087886e-03
1.090487e-03
1.093092e-03
1.095700e-03
1.098311e-03
1.100925e-03
1.103542e-03
1.106162e-03
1.108785e-03
1.111412e-03
1.114041e-03
1.116674e-03
1.119310e-03
1.121948e-03
1.124590e-03
1.127235e-03
1.129884e-03
1.132535e-03
1.135189e-03
1.137847e-03
1.140507e-03
1.143171e-03
1.145838e-03
1.148507e-03
1.151180e-03
1.153856e-03
1.156536e-03
1.159218e-03
1.161903e-03
1.164592e-03
1.167283e-03
1.169978e-03
1.172676e-03
1.175377e-03
1.178081e-03
1.180788e-03
1.183498e-03
1.186211e-03
1.188927e-03
1.191647e-03
1.194369e-03
1.197095e-03
1.199824e-03
1.202556e-03
1.205291e-03
1.208029e-03
1.210770e-03
1.213514e-03
1.216262e-03
1.219012e-03
1.221766e-03
1.224523e-03
1.227282e-03
1.230045e-03
1.232811e-03
1.235580e-03
1.238353e-03
1.241128e-03
1.243906e-03
1.246688e-03
1.249472e-03
1.252260e-03
1.255051e-03
1.257845e-03
1.260642e-03
1.263442e-03
1.266245e-03
1.269052e-03
1.271861e-03
1.274673e-03
1.277489e-03
1.280308e-03
1.283130e-03
1.285955e-03
1.288783e-03
1.291614e-03
1.294448e-03
1.297285e-03
1.300126e-03
1.302969e-03
1.305816e-03
1.308666e-03
1.311519e-03
1.314375e-03
1.317234e-03
1.320096e-03
1.322961e-03
1.325829e-03
1.328701e-03
1.331575e-03
1.334453e-03
1.337334e-03
1.340218e-03
1.343105e-03
1.345995e-03
1.348888e-03
1.351784e-03
1.354683e-03
1.357586e-03
1.360492e-03
1.363400e-03
1.366312e-03
1.369227e-03
1.372145e-03
1.375066e-03
1.377990e-03
1.380917e-03
1.383848e-03
1.386781e-03
1.389718e-03
1.392658e-03
1.395600e-03
1.398546e-03
1.401495e-03
1.404447e-03
1.407403e-03
1.410361e-03
1.413322e-03
1.416287e-03
1.419254e-03
1.422225e-03
1.425199e-03
1.428176e-03
1.431156e-03
1.434139e-03
1.437125e-03
1.440114e-03
1.443107e-03
1.446102e-03
1.449101e-03
1.452103e-03
1.455108e-03
1.458115e-03
1.461126e-03
1.464141e-03
1.467158e-03
1.470178e-03
1.473202e-03
1.476228e-03
1.479258e-03
1.482291e-03
1.485326e-03
1.488365e-03
1.491407e-03
1.494452e-03
1.497501e-03
1.500552e-03
1.503607e-03
1.506664e-03
1.509725e-03
1.512788e-03
1.515855e-03
1.518925e-03
1.521998e-03
1.525075e-03
1.528154e-03
1.531236e-03
1.534322e-03
1.537410e-03
1.540502e-03
1.543597e-03
1.546695e-03
1.549795e-03
1.552900e-03
1.556007e-03
1.559117e-03
1.562230e-03
1.565347e-03
1.568466e-03
1.571589e-03
1.574715e-03
1.577844e-03
1.580976e-03
1.584111e-03
1.587249e-03
1.590390e-03
1.593535e-03
1.596682e-03
1.599833e-03
1.602987e-03
1.606143e-03
1.609303e-03
1.612466e-03
1.615632e-03
1.618802e-03
1.621974e-03
1.625149e-03
1.628328e-03
1.631509e-03
1.634694e-03
1.637882e-03
1.641073e-03
1.644267e-03
1.647464e-03
1.650664e-03
1.653868e-03
1.657074e-03
1.660284e-03
1.663496e-03
1.666712e-03
1.669931e-03
1.673153e-03
1.676378e-03
1.679606e-03
1.682837e-03
1.686071e-03
1.689309e-03
1.692549e-03
1.695793e-03
1.699040e-03
1.702290e-03
1.705543e-03
1.708799e-03
1.712058e-03
1.715320e-03
1.718585e-03
1.721854e-03
1.725126e-03
1.728400e-03
1.731678e-03
1.734959e-03
1.738243e-03
1.741530e-03
1.744820e-03
1.748113e-03
1.751410e-03
1.754709e-03
1.758012e-03
1.761317e-03
1.764626e-03
1.767938e-03
1.771253e-03
1.774571e-03
1.777892e-03
1.781217e-03
1.784544e-03
1.787875e-03
1.791208e-03
1.794545e-03
1.797885e-03
1.801227e-03
1.804573e-03
1.807923e-03
1.811275e-03
1.814630e-03
1.817989e-03
1.821350e-03
1.824715e-03
1.828082e-03
1.831453e-03
1.834827e-03
1.838204e-03
1.841584e-03
1.844967e-03
1.848354e-03
1.851743e-03
1.855136e-03
1.858531e-03
1.861930e-03
1.865332e-03
1.868737e-03
1.872145e-03
1.875556e-03
1.878970e-03
1.882388e-03
1.885808e-03
1.889232e-03
1.892658e-03
1.896088e-03
1.899521e-03
1.902957e-03
1.906396e-03
1.909838e-03
1.913283e-03
1.916731e-03
1.920183e-03
1.923638e-03
1.927095e-03
1.930556e-03
1.934020e-03
1.937487e-03
1.940957e-03
1.944430e-03
1.947906e-03
1.951386e-03
1.954868e-03
1.958354e-03
1.961842e-03
1.965334e-03
1.968829e-03
1.972327e-03
1.975828e-03
1.979332e-03
1.982839e-03
1.986350e-03
1.989863e-03
1.993380e-03
1.996900e-03
2.000422e-03
2.003948e-03
2.007477e-03
2.011009e-03
2.014545e-03
2.018083e-03
2.021624e-03
2.025169e-03
2.028716e-03
2.032267e-03
2.035821e-03
2.039378e-03
2.042938e-03
2.046501e-03
2.050067e-03
2.053636e-03
2.057209e-03
2.060784e-03
2.064363e-03
2.067945e-03
2.071530e-03
2.075118e-03
2.078709e-03
2.082303e-03
2.085900e-03
2.089500e-03
2.093104e-03
2.096710e-03
2.100320e-03
2.103933e-03
2.107548e-03
2.111167e-03
2.114789e-03
2.118415e-03
2.122043e-03
2.125674e-03
2.129309e-03
2.132946e-03
2.136587e-03
2.140231e-03
2.143877e-03
2.147527e-03
2.151180e-03
2.154837e-03
2.158496e-03
2.162158e-03
2.165824e-03
2.169492e-03
2.173164e-03
2.176839e-03
2.180517e-03
2.184197e-03
2.187882e-03
2.191569e-03
2.195259e-03
2.198952e-03
2.202649e-03
2.206348e-03
2.210051e-03
2.213757e-03
2.217466e-03
2.221178e-03
2.224893e-03
2.228611e-03
2.232332e-03
2.236057e-03
2.239784e-03
2.243515e-03
2.247249e-03
2.250985e-03
2.254725e-03
2.258468e-03
2.262214e-03
2.265964e-03
2.269716e-03
2.273471e-03
2.277230e-03
2.280991e-03
2.284756e-03
2.288524e-03
2.292295e-03
2.296069e-03
2.299846e-03
2.303626e-03
2.307410e-03
2.311196e-03
2.314986e-03
2.318778e-03
2.322574e-03
2.326373e-03
2.330175e-03
2.333980e-03
2.337788e-03
2.341599e-03
2.345413e-03
2.349231e-03
2.353051e-03
2.356875e-03
2.360702e-03
2.364532e-03
2.368365e-03
2.372201e-03
2.376040e-03
2.379882e-03
2.383727e-03
2.387576e-03
2.391427e-03
2.395282e-03
2.399140e-03
2.403001e-03
2.406865e-03
2.410732e-03
2.414602e-03
2.418475e-03
2.422352e-03
2.426231e-03
2.430114e-03
2.433999e-03
2.437888e-03
2.441780e-03
2.445675e-03
2.449573e-03
2.453474e-03
2.457379e-03
2.461286e-03
2.465196e-03
2.469110e-03
2.473027e-03
2.476946e-03
2.480869e-03
2.484795e-03
2.488724e-03
2.492657e-03
2.496592e-03
2.500530e-03
2.504472e-03
2.508416e-03
2.512364e-03
2.516315e-03
2.520269e-03
2.524226e-03
2.528186e-03
2.532149e-03
2.536116e-03
2.540085e-03
2.544058e-03
2.548033e-03
2.552012e-03
2.555994e-03
2.559979e-03
2.563967e-03
2.567958e-03
2.571952e-03
2.575949e-03
2.579950e-03
2.583953e-03
2.587960e-03
2.591970e-03
2.595983e-03
2.599999e-03
2.604018e-03
2.608040e-03
2.612065e-03
2.616093e-03
2.620125e-03
2.624159e-03
2.628197e-03
2.632238e-03
2.636282e-03
2.640329e-03
2.644379e-03
2.648432e-03
2.652488e-03
2.656547e-03
2.660610e-03
2.664675e-03
2.668744e-03
2.672816e-03
2.676891e-03
2.680969e-03
2.685050e-03
2.689134e-03
2.693221e-03
2.697312e-03
2.701405e-03
2.705502e-03
2.709601e-03
2.713704e-03
2.717810e-03
2.721919e-03
2.726031e-03
2.730146e-03
2.734265e-03
2.738386e-03
2.742511e-03
2.746638e-03
2.750769e-03
2.754903e-03
2.759040e-03
2.763180e-03
2.767323e-03
2.771469e-03
2.775618e-03
2.779771e-03
2.783926e-03
2.788085e-03
2.792247e-03
2.796411e-03
2.800579e-03
2.804750e-03
2.808924e-03
2.813102e-03
2.817282e-03
2.821465e-03
2.825652e-03
2.829842e-03
2.834034e-03
2.838230e-03
2.842429e-03
2.846631e-03
2.850836e-03
2.855044e-03
2.859256e-03
2.863470e-03
2.867688e-03
2.871908e-03
2.876132e-03
2.880359e-03
2.884589e-03
2.888822e-03
2.893058e-03
2.897298e-03
2.901540e-03
2.905785e-03
2.910034e-03
2.914286e-03
2.918540e-03
2.922798e-03
2.927059e-03
2.931323e-03
2.935590e-03
2.939861e-03
2.944134e-03
2.948411e-03
2.952690e-03
2.956973e-03
2.961259e-03
2.965547e-03
2.969839e-03
2.974135e-03
2.978433e-03
2.982734e-03
2.987038e-03
2.991346e-03
2.995657e-03
2.999970e-03
3.004287e-03
3.008607e-03
3.012930e-03
3.017256e-03
3.021585e-03
3.025918e-03
3.030253e-03
3.034591e-03
3.038933e-03
3.043278e-03
3.047626e-03
3.051977e-03
3.056331e-03
3.060688e-03
3.065048e-03
3.069411e-03
3.073778e-03
3.078147e-03
3.082520e-03
3.086896e-03
3.091274e-03
3.095656e-03
3.100041e-03
3.104429e-03
3.108821e-03
3.113215e-03
3.117612e-03
3.122013e-03
3.126417e-03
3.130823e-03
3.135233e-03
3.139646e-03
3.144062e-03
3.148481e-03
3.152904e-03
3.157329e-03
3.161757e-03
3.166189e-03
3.170624e-03
3.175061e-03
3.179502e-03
3.183946e-03
3.188393e-03
3.192844e-03
3.197297e-03
3.201753e-03
3.206213e-03
3.210675e-03
3.215141e-03
3.219610e-03
3.224082e-03
3.228557e-03
3.233035e-03
3.237516e-03
3.242000e-03
3.246487e-03
3.250978e-03
3.255472e-03
3.259968e-03
3.264468e-03
3.268971e-03
3.273477e-03
3.277986e-03
3.282498e-03
3.287013e-03
3.291532e-03
3.296053e-03
3.300578e-03
3.305106e-03
3.309637e-03
3.314170e-03
3.318707e-03
3.323248e-03
3.327791e-03
3.332337e-03
3.336887e-03
3.341439e-03
3.345995e-03
3.350553e-03
3.355115e-03
3.359680e-03
3.364248e-03
3.368819e-03
3.373394e-03
3.377971e-03
3.382551e-03
3.387135e-03
3.391721e-03
3.396311e-03
3.400904e-03
3.405500e-03
3.410099e-03
3.414701e-03
3.419306e-03
3.423915e-03
3.428526e-03
3.433141e-03
3.437758e-03
3.442379e-03
3.447003e-03
3.451630e-03
3.456260e-03
3.460893e-03
3.465529e-03
3.470169e-03
3.474811e-03
3.479457e-03
3.484106e-03
3.488757e-03
3.493412e-03
3.498070e-03
3.502731e-03
3.507395e-03
3.512063e-03
3.516733e-03
3.521407e-03
3.526083e-03
3.530763e-03
3.535446e-03
3.540132e-03
3.544821e-03
3.549513e-03
3.554208e-03
3.558906e-03
3.563608e-03
3.568312e-03
3.573020e-03
3.577730e-03
3.582444e-03
3.587161e-03
3.591881e-03
3.596604e-03
3.601330e-03
3.606060e-03
3.610792e-03
3.615528e-03
3.620266e-03
3.625008e-03
3.629753e-03
3.634501e-03
3.639252e-03
3.644006e-03
3.648763e-03
3.652859e-03
3.656939e-03
3.661003e-03
3.665053e-03
3.669086e-03
3.673105e-03
3.677107e-03
3.681095e-03
3.685066e-03
3.689023e-03
3.692964e-03
3.696889e-03
3.700799e-03
3.704694e-03
3.708573e-03
3.712436e-03
3.716284e-03
3.720117e-03
3.723934e-03
3.727736e-03
3.731522e-03
3.735293e-03
3.739048e-03
3.742788e-03
3.746513e-03
3.750221e-03
3.753915e-03
3.757593e-03
3.761255e-03
3.764902e-03
3.768534e-03
3.772150e-03
3.775751e-03
3.779336e-03
3.782906e-03
3.786460e-03
3.789999e-03
3.793522e-03
3.797030e-03
3.800522e-03
3.803999e-03
3.807461e-03
3.810907e-03
3.814337e-03
3.817752e-03
3.821152e-03
3.824536e-03
3.827904e-03
3.831258e-03
3.834595e-03
3.837918e-03
3.841224e-03
3.844516e-03
3.847791e-03
3.851052e-03
3.854297e-03
3.857526e-03
3.860740e-03
3.863939e-03
3.867122e-03
3.870289e-03
3.873441e-03
3.876578e-03
3.879699e-03
3.882805e-03
3.885895e-03
3.888970e-03
3.892029e-03
3.895073e-03
3.898101e-03
3.901114e-03
3.904112e-03
3.907094e-03
3.910060e-03
3.913011e-03
3.915947e-03
3.918867e-03
3.921772e-03
3.924661e-03
3.927535e-03
3.930393e-03
3.933236e-03
3.936063e-03
3.938875e-03
3.941671e-03
3.944452e-03
3.947217e-03
3.949967e-03
3.952702e-03
3.955421e-03
3.958124e-03
3.960813e-03
3.963485e-03
3.966142e-03
3.968784e-03
3.971410e-03
3.974021e-03
3.976616e-03
3.979196e-03
3.981761e-03
3.984310e-03
3.986843e-03
3.989361e-03
3.991863e-03
3.994350e-03
3.996822e-03
3.999278e-03
4.001719e-03
4.004144e-03
4.006554e-03
4.008948e-03
4.011327e-03
4.013690e-03
4.016038e-03
4.018370e-03
4.020687e-03
4.022989e-03
4.025274e-03
4.027545e-03
4.029800e-03
4.032040e-03
4.034264e-03
4.036472e-03
4.038666e-03
4.040843e-03
4.043005e-03
4.045152e-03
4.047284e-03
4.049399e-03
4.051500e-03
4.053585e-03
4.055654e-03
4.057708e-03
4.059747e-03
4.061770e-03
4.063777e-03
4.065769e-03
4.067746e-03
4.069707e-03
4.071653e-03
4.073583e-03
4.075498e-03
4.077397e-03
4.079281e-03
4.081149e-03
4.083002e-03
4.084840e-03
4.086662e-03
4.088468e-03
4.090259e-03
4.092035e-03
4.093795e-03
4.095539e-03
4.097269e-03
4.098982e-03
4.100680e-03
4.102363e-03
4.104031e-03
4.105682e-03
4.107319e-03
4.108940e-03
4.110545e-03
4.112135e-03
4.113710e-03
4.115269e-03
4.116812e-03
4.118340e-03
4.119853e-03
4.121350e-03
4.122832e-03
4.124298e-03
4.125749e-03
4.127184e-03
4.128604e-03
4.130008e-03
4.131397e-03
4.132771e-03
4.134129e-03
4.135471e-03
4.136798e-03
4.138110e-03
4.139406e-03
4.140686e-03
4.141952e-03
4.143201e-03
4.144435e-03
4.145654e-03
4.146858e-03
4.148045e-03
4.149218e-03
4.150375e-03
4.151516e-03
4.152642e-03
4.153752e-03
4.154848e-03
4.155927e-03
4.156991e-03
4.158040e-03
4.159073e-03
4.160091e-03
4.161093e-03
4.162080e-03
4.163051e-03
4.164007e-03
4.164947e-03
4.165872e-03
4.166781e-03
4.167675e-03
4.168554e-03
4.169417e-03
4.170265e-03
4.171097e-03
4.171913e-03
4.172714e-03
4.173500e-03
4.174270e-03
4.175025e-03
4.175764e-03
4.176488e-03
4.177197e-03
4.177889e-03
4.178567e-03
4.179229e-03
4.179875e-03
4.180506e-03
4.181122e-03
4.181722e-03
4.182307e-03
4.182876e-03
4.183430e-03
4.183968e-03
4.184490e-03
4.184998e-03
4.185490e-03
4.185966e-03
4.186427e-03
4.186872e-03
4.187302e-03
4.187717e-03
4.188116e-03
4.188499e-03
4.188867e-03
4.189220e-03
4.189557e-03
4.189879e-03
4.190185e-03
4.190476e-03
4.190751e-03
4.191011e-03
4.191255e-03
4.191484e-03
4.191698e-03
4.191896e-03
4.192078e-03
4.192245e-03
4.192397e-03
4.192533e-03
4.192653e-03
4.192759e-03
4.192848e-03
4.192922e-03
4.192981e-03
4.193025e-03
4.193052e-03
4.193065e-03
4.193062e-03
4.193043e-03
4.193009e-03
4.192959e-03
4.192895e-03
4.192814e-03
4.192718e-03
4.192607e-03
4.192480e-03
4.192338e-03
4.192180e-03
4.192007e-03
4.191818e-03
4.191614e-03
4.191394e-03
4.191159e-03
4.190908e-03
4.190642e-03
4.190361e-03
4.190064e-03
4.189751e-03
4.189423e-03
4.189080e-03
4.188721e-03
4.188347e-03
4.187957e-03
4.187552e-03
4.187131e-03
4.186695e-03
4.186243e-03
4.185776e-03
4.185294e-03
4.184796e-03
4.184282e-03
4.183753e-03
4.183431e-03
4.183431e-03
4.183431e-03
4.183431e-03
4.183431e-03
4.183431e-03
4.183431e-03
4.183431e-03
4.183431e-03
4.183431e-03
4.183431e-03
4.183431e-03
4.183431e-03
4.183431e-03
4.183431e-03
4.183431e-03
4.183431e-03
4.183431e-03
4.183431e-03
4.183431e-03
4.183431e-03
4.183431e-03
4.183431e-03
4.183431e-03
4.183431e-03
4.183431e-03
4.183431e-03
4.183431e-03
4.183431e-03
4.183431e-03
4.183431e-03
4.183431e-03
4.183431e-03
4.183431e-03
4.183431e-03
4.183431e-03
4.183431e-03
4.183431e-03
4.183431e-03
4.183431e-03
4.183431e-03
4.183431e-03
4.183431e-03
4.183431e-03
4.183431e-03
4.183431e-03
4.183431e-03
4.183431e-03
4.183431e-03
4.183431e-03
4.183431e-03
4.183431e-03
4.183431e-03
4.183431e-03
4.183431e-03
4.183431e-03
4.183431e-03
4.183431e-03
4.183431e-03
4.183431e-03
4.183431e-03
4.183431e-03
4.183431e-03
4.183431e-03
4.183431e-03
4.183431e-03
4.183431e-03
4.183431e-03
4.183431e-03
4.183431e-03
4.183431e-03
4.183431e-03
4.183431e-03
4.183431e-03
4.183431e-03
4.183431e-03
4.183431e-03
4.183431e-03
4.183431e-03
4.183431e-03
4.183431e-03
4.183431e-03
4.183431e-03
4.183431e-03
4.183431e-03
4.183431e-03
4.183431e-03
4.183431e-03
4.183431e-03
4.183431e-03
4.183431e-03
4.183431e-03
4.183431e-03
4.183431e-03
4.183431e-03
4.183431e-03
4.183431e-03
4.183431e-03
4.183431e-03
4.183431e-03
4.183431e-03
4.183431e-03
4.183431e-03
4.183431e-03
4.183431e-03
4.183431e-03
4.183431e-03
4.183431e-03
4.183431e-03
4.183431e-03
4.183431e-03
4.183431e-03
4.183431e-03
4.183431e-03
4.183431e-03
4.183431e-03
4.183431e-03
4.183431e-03
4.183431e-03
4.183431e-03
4.183431e-03
4.183431e-03
4.183431e-03
4.183431e-03
4.183431e-03
4.183431e-03
4.183431e-03
4.183431e-03
4.183431e-03
4.183431e-03
4.183431e-03
4.183431e-03
4.183431e-03
4.183431e-03
4.183431e-03
4.183431e-03
4.183431e-03
4.183431e-03
4.183431e-03
4.183431e-03
4.183431e-03
4.183431e-03
4.183431e-03
4.183431e-03
4.183431e-03
4.183431e-03
4.183431e-03
4.183431e-03
4.183431e-03
4.183431e-03
4.183431e-03
4.183431e-03
4.183431e-03
4.183431e-03
4.183431e-03
4.183431e-03
4.183431e-03
4.183431e-03
4.183431e-03
4.183431e-03
4.183431e-03
4.183431e-03
4.183431e-03
4.183431e-03
4.183431e-03
4.183431e-03
4.183431e-03
4.183431e-03
4.183431e-03
4.183431e-03
4.183431e-03
4.183431e-03
4.183431e-03
4.183431e-03
4.183431e-03
4.183431e-03
4.183431e-03
4.183431e-03
4.183431e-03
4.183431e-03
4.183431e-03
4.183431e-03
4.183431e-03
4.183431e-03
4.183431e-03
4.183431e-03
4.183431e-03
4.183431e-03
4.183431e-03
4.183431e-03
4.183431e-03
4.183431e-03
4.183431e-03
4.183431e-03
4.183431e-03
4.183431e-03
4.183431e-03
4.183431e-03
4.183431e-03
4.183431e-03
4.183431e-03
