0.000000e+00
1.110371e-07
2.250431e-07
3.420180e-07
4.619618e-07
5.848745e-07
7.107561e-07
8.396066e-07
9.714261e-07
1.106214e-06
1.243972e-06
1.384698e-06
1.528393e-06
1.675057e-06
1.824690e-06
1.977291e-06
2.132862e-06
2.291402e-06
2.452910e-06
2.617388e-06
2.784834e-06
2.955249e-06
3.128633e-06
3.304986e-06
3.484308e-06
3.666599e-06
3.851859e-06
4.040087e-06
4.231285e-06
4.425451e-06
4.622587e-06
4.822691e-06
5.025764e-06
5.231806e-06
5.440817e-06
5.652797e-06
5.867746e-06
6.085664e-06
6.306550e-06
6.530406e-06
6.757230e-06
6.987024e-06
7.219786e-06
7.455517e-06
7.694217e-06
7.935886e-06
8.180524e-06
8.428131e-06
8.678706e-06
8.932251e-06
9.188764e-06
9.448247e-06
9.710698e-06
9.976118e-06
1.024451e-05
1.051587e-05
1.079019e-05
1.106749e-05
1.134775e-05
1.163099e-05
1.191719e-05
1.220636e-05
1.249850e-05
1.279361e-05
1.309169e-05
1.339274e-05
1.369675e-05
1.400374e-05
1.431369e-05
1.462661e-05
1.494250e-05
1.526136e-05
1.558319e-05
1.590799e-05
1.623576e-05
1.656650e-05
1.690020e-05
1.723687e-05
1.757652e-05
1.791913e-05
1.826471e-05
1.861326e-05
1.896478e-05
1.931927e-05
1.967672e-05
2.003715e-05
2.040054e-05
2.076690e-05
2.113624e-05
2.150854e-05
2.188381e-05
2.226205e-05
2.264325e-05
2.302743e-05
2.341457e-05
2.380469e-05
2.419777e-05
2.459382e-05
2.499284e-05
2.539483e-05
2.579979e-05
2.620772e-05
2.661862e-05
2.703248e-05
2.744932e-05
2.786912e-05
2.829189e-05
2.871763e-05
2.914634e-05
2.957802e-05
3.001267e-05
3.045029e-05
3.089087e-05
3.133443e-05
3.178095e-05
3.223044e-05
3.268291e-05
3.313834e-05
3.359673e-05
3.405810e-05
3.452244e-05
3.498975e-05
3.546002e-05
3.593326e-05
3.640948e-05
3.688866e-05
3.737081e-05
3.785593e-05
3.834402e-05
3.883507e-05
3.932910e-05
3.982609e-05
4.032606e-05
4.082899e-05
4.133489e-05
4.184376e-05
4.235560e-05
4.287041e-05
4.338819e-05
4.390893e-05
4.443265e-05
4.495933e-05
4.548898e-05
4.602161e-05
4.655720e-05
4.709576e-05
4.763729e-05
4.818178e-05
4.872925e-05
4.927968e-05
4.983309e-05
5.038946e-05
5.094880e-05
5.151111e-05
5.207639e-05
5.264464e-05
5.321586e-05
5.379005e-05
5.436720e-05
5.494733e-05
5.553042e-05
5.611648e-05
5.670551e-05
5.729751e-05
5.789248e-05
5.849042e-05
5.909132e-05
5.969520e-05
6.030204e-05
6.091186e-05
6.152464e-05
6.214039e-05
6.275911e-05
6.338080e-05
6.400546e-05
6.463308e-05
6.526368e-05
6.589724e-05
6.653378e-05
6.717328e-05
6.781575e-05
6.846119e-05
6.910960e-05
6.976098e-05
7.041533e-05
7.107264e-05
7.173293e-05
7.239618e-05
7.306240e-05
7.373159e-05
7.440375e-05
7.507888e-05
7.575698e-05
7.643805e-05
7.712208e-05
7.780909e-05
7.849906e-05
7.919201e-05
7.988792e-05
8.058680e-05
8.128865e-05
8.199347e-05
8.270125e-05
8.341201e-05
8.412573e-05
8.484243e-05
8.556209e-05
8.628472e-05
8.701032e-05
8.773889e-05
8.847043e-05
8.920494e-05
8.994242e-05
9.068286e-05
9.142627e-05
9.217266e-05
9.292201e-05
9.367433e-05
9.442962e-05
9.518788e-05
9.594911e-05
9.671330e-05
9.748047e-05
9.825060e-05
9.902370e-05
9.979978e-05
1.005788e-04
1.013608e-04
1.021458e-04
1.029338e-04
1.037247e-04
1.045186e-04
1.053154e-04
1.061152e-04
1.069180e-04
1.077238e-04
1.085325e-04
1.093442e-04
1.101589e-04
1.109765e-04
1.117971e-04
1.126207e-04
1.134472e-04
1.142768e-04
1.151092e-04
1.159447e-04
1.167831e-04
1.176245e-04
1.184689e-04
1.193162e-04
1.201665e-04
1.210197e-04
1.218760e-04
1.227352e-04
1.235973e-04
1.244625e-04
1.253306e-04
1.262017e-04
1.270757e-04
1.279527e-04
1.288327e-04
1.297157e-04
1.306016e-04
1.314905e-04
1.323823e-04
1.332772e-04
1.341750e-04
1.350757e-04
1.359795e-04
1.368862e-04
1.377958e-04
1.387085e-04
1.396241e-04
1.405427e-04
1.414642e-04
1.423887e-04
1.433162e-04
1.442467e-04
1.451801e-04
1.461165e-04
1.470559e-04
1.479982e-04
1.489435e-04
1.498918e-04
1.508430e-04
1.517972e-04
1.527544e-04
1.537145e-04
1.546776e-04
1.556437e-04
1.566128e-04
1.575848e-04
1.585598e-04
1.595377e-04
1.605187e-04
1.615026e-04
1.624894e-04
1.634792e-04
1.644721e-04
1.654678e-04
1.664666e-04
1.674683e-04
1.684729e-04
1.694806e-04
1.704912e-04
1.715048e-04
1.725213e-04
1.735409e-04
1.745634e-04
1.755888e-04
1.766173e-04
1.776487e-04
1.786830e-04
1.797204e-04
1.807607e-04
1.818039e-04
1.828502e-04
1.838994e-04
1.849516e-04
1.860067e-04
1.870648e-04
1.881259e-04
1.891900e-04
1.902570e-04
1.913270e-04
1.924000e-04
1.934759e-04
1.945548e-04
1.956367e-04
1.967215e-04
1.978093e-04
1.989001e-04
1.999938e-04
2.010905e-04
2.021902e-04
2.032929e-04
2.043985e-04
2.055071e-04
2.066186e-04
2.077332e-04
2.088507e-04
2.099711e-04
2.110946e-04
2.122210e-04
2.133503e-04
2.144827e-04
2.156180e-04
2.167563e-04
2.178975e-04
2.190417e-04
2.201889e-04
2.213391e-04
2.224922e-04
2.236483e-04
2.248073e-04
2.259694e-04
2.271344e-04
2.283023e-04
2.294733e-04
2.306472e-04
2.318241e-04
2.330039e-04
2.341867e-04
2.353725e-04
2.365612e-04
2.377530e-04
2.389477e-04
2.401453e-04
2.413459e-04
2.425495e-04
2.437561e-04
2.449656e-04
2.461781e-04
2.473936e-04
2.486120e-04
2.498334e-04
2.510578e-04
2.522852e-04
2.535155e-04
2.547488e-04
2.559850e-04
2.572242e-04
2.584664e-04
2.597116e-04
2.609597e-04
2.622108e-04
2.634649e-04
2.647219e-04
2.659819e-04
2.672449e-04
2.685108e-04
2.697797e-04
2.710516e-04
2.723265e-04
2.736043e-04
2.748851e-04
2.761688e-04
2.774556e-04
2.787452e-04
2.800379e-04
2.813335e-04
2.826321e-04
2.839337e-04
2.852382e-04
2.865457e-04
2.878562e-04
2.891697e-04
2.904861e-04
2.918055e-04
2.931278e-04
2.944531e-04
2.957814e-04
2.971127e-04
2.984469e-04
2.997841e-04
3.011243e-04
3.024674e-04
3.038135e-04
3.051626e-04
3.065146e-04
3.078696e-04
3.092276e-04
3.105885e-04
3.119525e-04
3.133193e-04
3.146892e-04
3.160620e-04
3.174378e-04
3.188166e-04
3.201983e-04
3.215830e-04
3.229707e-04
3.243613e-04
3.257549e-04
3.271515e-04
3.285510e-04
3.299535e-04
3.313590e-04
3.327675e-04
3.341789e-04
3.355933e-04
3.370106e-04
3.384309e-04
3.398542e-04
3.412805e-04
3.427097e-04
3.441419e-04
3.455771e-04
3.470152e-04
3.484563e-04
3.499004e-04
3.513475e-04
3.527975e-04
3.542505e-04
3.557064e-04
3.571653e-04
3.586272e-04
3.600921e-04
3.615599e-04
3.630307e-04
3.645045e-04
3.659812e-04
3.674609e-04
3.689436e-04
3.704292e-04
3.719178e-04
3.734094e-04
3.749040e-04
3.764015e-04
3.779020e-04
3.794054e-04
3.809118e-04
3.824212e-04
3.839336e-04
3.854489e-04
3.869672e-04
3.884885e-04
3.900127e-04
3.915399e-04
3.930701e-04
3.946032e-04
3.961394e-04
3.976784e-04
3.992205e-04
4.007655e-04
4.023135e-04
4.038644e-04
4.054184e-04
4.069753e-04
4.085351e-04
4.100980e-04
4.116638e-04
4.132325e-04
4.148043e-04
4.163790e-04
4.179567e-04
4.195373e-04
4.211209e-04
4.227075e-04
4.242971e-04
4.258896e-04
4.274851e-04
4.290835e-04
4.306850e-04
4.322893e-04
4.338967e-04
4.355070e-04
4.371204e-04
4.387366e-04
4.403559e-04
4.419781e-04
4.436033e-04
4.452314e-04
4.468625e-04
4.484966e-04
4.501337e-04
4.517737e-04
4.534167e-04
4.550626e-04
4.567116e-04
4.583635e-04
4.600183e-04
4.616762e-04
4.633370e-04
4.650008e-04
4.666675e-04
4.683372e-04
4.700099e-04
4.716855e-04
4.733642e-04
4.750458e-04
4.767303e-04
4.784178e-04
4.801083e-04
4.818018e-04
4.834982e-04
4.851976e-04
4.869000e-04
4.886053e-04
4.903136e-04
4.920249e-04
4.937392e-04
4.954564e-04
4.971766e-04
4.988997e-04
5.006258e-04
5.023549e-04
5.040870e-04
5.058220e-04
5.075600e-04
5.093010e-04
5.110449e-04
5.127918e-04
5.145417e-04
5.162945e-04
5.180504e-04
5.198091e-04
5.215709e-04
5.233356e-04
5.251033e-04
5.268739e-04
5.286476e-04
5.304242e-04
5.322037e-04
5.339863e-04
5.357718e-04
5.375602e-04
5.393517e-04
5.411461e-04
5.429434e-04
5.447438e-04
5.465471e-04
5.483534e-04
5.501626e-04
5.519749e-04
5.537900e-04
5.556082e-04
5.574293e-04
5.592534e-04
5.610805e-04
5.629105e-04
5.647435e-04
5.665795e-04
5.684184e-04
5.702603e-04
5.721052e-04
5.739531e-04
5.758039e-04
5.776577e-04
5.795144e-04
5.813742e-04
5.832368e-04
5.851025e-04
5.869711e-04
5.888427e-04
5.907173e-04
5.925948e-04
5.944753e-04
5.963588e-04
5.982453e-04
6.001347e-04
6.020271e-04
6.039224e-04
6.058207e-04
6.077220e-04
6.096263e-04
6.115335e-04
6.134437e-04
6.153568e-04
6.172730e-04
6.191921e-04
6.211141e-04
6.230392e-04
6.249672e-04
6.268982e-04
6.288321e-04
6.307690e-04
6.327089e-04
6.346518e-04
6.365976e-04
6.385464e-04
6.404981e-04
6.424529e-04
6.444106e-04
6.463712e-04
6.483349e-04
6.503015e-04
6.522710e-04
6.542436e-04
6.562191e-04
6.581976e-04
6.601790e-04
6.621634e-04
6.641508e-04
6.661412e-04
6.681345e-04
6.701308e-04
6.721300e-04
6.741323e-04
6.761375e-04
6.781456e-04
6.801568e-04
6.821709e-04
6.841880e-04
6.862080e-04
6.882310e-04
6.902570e-04
6.922860e-04
6.943179e-04
6.963528e-04
6.983906e-04
7.004314e-04
7.024752e-04
7.045220e-04
7.065717e-04
7.086244e-04
7.106801e-04
7.127387e-04
7.148004e-04
7.168649e-04
7.189325e-04
7.210030e-04
7.230765e-04
7.251529e-04
7.272324e-04
7.293147e-04
7.314001e-04
7.334884e-04
7.355797e-04
7.376740e-04
7.397712e-04
7.418714e-04
7.439746e-04
7.460807e-04
7.481899e-04
7.503019e-04
7.524170e-04
7.545350e-04
7.566560e-04
7.587799e-04
7.609069e-04
7.630368e-04
7.651696e-04
7.673055e-04
7.694443e-04
7.715860e-04
7.737308e-04
7.758785e-04
7.780291e-04
7.801828e-04
7.823394e-04
7.844990e-04
7.866615e-04
7.888271e-04
7.909955e-04
7.931670e-04
7.953414e-04
7.975188e-04
7.996992e-04
8.018825e-04
8.040688e-04
8.062581e-04
8.084503e-04
8.106455e-04
8.128437e-04
8.150449e-04
8.172490e-04
8.194561e-04
8.216661e-04
8.238791e-04
8.260951e-04
8.283141e-04
8.305360e-04
8.327609e-04
8.349888e-04
8.372196e-04
8.394534e-04
8.416902e-04
8.439300e-04
8.461727e-04
8.484183e-04
8.506670e-04
8.529186e-04
8.551732e-04
8.574308e-04
8.596913e-04
8.619548e-04
8.642212e-04
8.664907e-04
8.687631e-04
8.710384e-04
8.733168e-04
8.755981e-04
8.778824e-04
8.801696e-04
8.824598e-04
8.847530e-04
8.870492e-04
8.893483e-04
8.916504e-04
8.939554e-04
8.962635e-04
8.985745e-04
9.008884e-04
9.032053e-04
9.055253e-04
9.078481e-04
9.101740e-04
9.125028e-04
9.148346e-04
9.171693e-04
9.195070e-04
9.218477e-04
9.241914e-04
9.265380e-04
9.288876e-04
9.312401e-04
9.335957e-04
9.359542e-04
9.383156e-04
9.406801e-04
9.430475e-04
9.454178e-04
9.477912e-04
9.501675e-04
9.525468e-04
9.549290e-04
9.573143e-04
9.597024e-04
9.620936e-04
9.644877e-04
9.668848e-04
9.692849e-04
9.716879e-04
9.740939e-04
9.765029e-04
9.789148e-04
9.813297e-04
9.837476e-04
9.861685e-04
9.885923e-04
9.910191e-04
9.934488e-04
9.958815e-04
9.983172e-04
1.000756e-03
1.003198e-03
1.005642e-03
1.008090e-03
1.010540e-03
1.012994e-03
1.015450e-03
1.017910e-03
1.020372e-03
1.022837e-03
1.025306e-03
1.027777e-03
1.030251e-03
1.032729e-03
1.035209e-03
1.037692e-03
1.040178e-03
1.042667e-03
1.045159e-03
1.047655e-03
1.050153e-03
1.052654e-03
1.055158e-03
1.057664e-03
1.060174e-03
1.062687e-03
1.065203e-03
1.067722e-03
1.070244e-03
1.072768e-03
1.075296e-03
1.077827e-03
1.080361e-03
1.082897e-03
1.085437e-03
1.087979e-03
1.090525e-03
1.093073e-03
1.095625e-03
1.098179e-03
1.100737e-03
1.103297e-03
1.105861e-03
1.108427e-03
1.110996e-03
1.113568e-03
1.116144e-03
1.118722e-03
1.121303e-03
1.123887e-03
1.126474e-03
1.129064e-03
1.131657e-03
1.134253e-03
1.136852e-03
1.139454e-03
1.142059e-03
1.144667e-03
1.147278e-03
1.149892e-03
1.152509e-03
1.155128e-03
1.157751e-03
1.160377e-03
1.163005e-03
1.165637e-03
1.168272e-03
1.170909e-03
1.173550e-03
1.176193e-03
1.178840e-03
1.181489e-03
1.184142e-03
1.186797e-03
1.189455e-03
1.192117e-03
1.194781e-03
1.197448e-03
1.200119e-03
1.202792e-03
1.205468e-03
1.208147e-03
1.210829e-03
1.213514e-03
1.216202e-03
1.218893e-03
1.221587e-03
1.224284e-03
1.226984e-03
1.229687e-03
1.232393e-03
1.235102e-03
1.237814e-03
1.240528e-03
1.243246e-03
1.245967e-03
1.248690e-03
1.251417e-03
1.254147e-03
1.256879e-03
1.259615e-03
1.262353e-03
1.265095e-03
1.267839e-03
1.270587e-03
1.273337e-03
1.276090e-03
1.278847e-03
1.281606e-03
1.284368e-03
1.287134e-03
1.289902e-03
1.292673e-03
1.295447e-03
1.298224e-03
1.301004e-03
1.303787e-03
1.306573e-03
1.309362e-03
1.312154e-03
1.314949e-03
1.317747e-03
1.320548e-03
1.323352e-03
1.326159e-03
1.328968e-03
1.331781e-03
1.334597e-03
1.337416e-03
1.340237e-03
1.343062e-03
1.345889e-03
1.348720e-03
1.351554e-03
1.354390e-03
1.357229e-03
1.360072e-03
1.362917e-03
1.365766e-03
1.368617e-03
1.371471e-03
1.374329e-03
1.377189e-03
1.380052e-03
1.382918e-03
1.385787e-03
1.388659e-03
1.391535e-03
1.394413e-03
1.397294e-03
1.400178e-03
1.403065e-03
1.405955e-03
1.408847e-03
1.411743e-03
1.414642e-03
1.417544e-03
1.420449e-03
1.423357e-03
1.426267e-03
1.429181e-03
1.432098e-03
1.435017e-03
1.437940e-03
1.440865e-03
1.443794e-03
1.446725e-03
1.449660e-03
1.452597e-03
1.455538e-03
1.458481e-03
1.461427e-03
1.464377e-03
1.467329e-03
1.470284e-03
1.473242e-03
1.476204e-03
1.479168e-03
1.482135e-03
1.485105e-03
1.488078e-03
1.491054e-03
1.494033e-03
1.497015e-03
1.500000e-03
1.502988e-03
1.505979e-03
1.508973e-03
1.511969e-03
1.514969e-03
1.517972e-03
1.520978e-03
1.523986e-03
1.526998e-03
1.530013e-03
1.533030e-03
1.536051e-03
1.539074e-03
1.542101e-03
1.545130e-03
1.548163e-03
1.551198e-03
1.554237e-03
1.557278e-03
1.560322e-03
1.563370e-03
1.566420e-03
1.569473e-03
1.572529e-03
1.575588e-03
1.578650e-03
1.581716e-03
1.584784e-03
1.587855e-03
1.590929e-03
1.594006e-03
1.597086e-03
1.600169e-03
1.603254e-03
1.606343e-03
1.609435e-03
1.612530e-03
1.615628e-03
1.618728e-03
1.621832e-03
1.624939e-03
1.628048e-03
1.631161e-03
1.634276e-03
1.637395e-03
1.640517e-03
1.643641e-03
1.646768e-03
1.649899e-03
1.653032e-03
1.656169e-03
1.659308e-03
1.662450e-03
1.665595e-03
1.668744e-03
1.671895e-03
1.675049e-03
1.678206e-03
1.681366e-03
1.684529e-03
1.687695e-03
1.690864e-03
1.694036e-03
1.697211e-03
1.700389e-03
1.703570e-03
1.706754e-03
1.709941e-03
1.713131e-03
1.716323e-03
1.719519e-03
1.722718e-03
1.725919e-03
1.729124e-03
1.732332e-03
1.735542e-03
1.738756e-03
1.741972e-03
1.745192e-03
1.748414e-03
1.751640e-03
1.754868e-03
1.758099e-03
1.761334e-03
1.764571e-03
1.767811e-03
1.771055e-03
1.774301e-03
1.777550e-03
1.780802e-03
1.784057e-03
1.787315e-03
1.790576e-03
1.793840e-03
1.797107e-03
1.800377e-03
1.803650e-03
1.806926e-03
1.810205e-03
1.813487e-03
1.816772e-03
1.820059e-03
1.823350e-03
1.826644e-03
1.829940e-03
1.833240e-03
1.836543e-03
1.839848e-03
1.843157e-03
1.846468e-03
1.849783e-03
1.853100e-03
1.856421e-03
1.859744e-03
1.863070e-03
1.866400e-03
1.869732e-03
1.873067e-03
1.876406e-03
1.879747e-03
1.883091e-03
1.886438e-03
1.889788e-03
1.893141e-03
1.896497e-03
1.899856e-03
1.903218e-03
1.906583e-03
1.909951e-03
1.913322e-03
1.916696e-03
1.920073e-03
1.923453e-03
1.926835e-03
1.930221e-03
1.933610e-03
1.937002e-03
1.940396e-03
1.943794e-03
1.947194e-03
1.950598e-03
1.954005e-03
1.957414e-03
1.960826e-03
1.964242e-03
1.967660e-03
1.971082e-03
1.974506e-03
1.977933e-03
1.981364e-03
1.984797e-03
1.988233e-03
1.991672e-03
1.995114e-03
1.998559e-03
2.002008e-03
2.005459e-03
2.008913e-03
2.012370e-03
2.015830e-03
2.019293e-03
2.022758e-03
2.026227e-03
2.029699e-03
2.033174e-03
2.036652e-03
2.040132e-03
2.043616e-03
2.047103e-03
2.050593e-03
2.054085e-03
2.057581e-03
2.061079e-03
2.064581e-03
2.068085e-03
2.071593e-03
2.075103e-03
2.078617e-03
2.082133e-03
2.085652e-03
2.089175e-03
2.092700e-03
2.096228e-03
2.099759e-03
2.103294e-03
2.106831e-03
2.110371e-03
2.113914e-03
2.117460e-03
2.121009e-03
2.124561e-03
2.128116e-03
2.131674e-03
2.135235e-03
2.138799e-03
2.142366e-03
2.145935e-03
2.149508e-03
2.153084e-03
2.156663e-03
2.160244e-03
2.163829e-03
2.167417e-03
2.171007e-03
2.174601e-03
2.178197e-03
2.181797e-03
2.185399e-03
2.189005e-03
2.192613e-03
2.196225e-03
2.199839e-03
2.203456e-03
2.207076e-03
2.210700e-03
2.214326e-03
2.217955e-03
2.221587e-03
2.225222e-03
2.228860e-03
2.232502e-03
2.236146e-03
2.239793e-03
2.243443e-03
2.247096e-03
2.250751e-03
2.254410e-03
2.258072e-03
2.261737e-03
2.265405e-03
2.269076e-03
2.272749e-03
2.276426e-03
2.280106e-03
2.283788e-03
2.287474e-03
2.291162e-03
2.294854e-03
2.298548e-03
2.302246e-03
2.305946e-03
2.309650e-03
2.313356e-03
2.317066e-03
2.320778e-03
2.324493e-03
2.328211e-03
2.331933e-03
2.335657e-03
2.339384e-03
2.343114e-03
2.346847e-03
2.350583e-03
2.354322e-03
2.358064e-03
2.361809e-03
2.365557e-03
2.369308e-03
2.373062e-03
2.376819e-03
2.380579e-03
2.384342e-03
2.388107e-03
2.391876e-03
2.395648e-03
2.399422e-03
2.403200e-03
2.406981e-03
2.410764e-03
2.414551e-03
2.418340e-03
2.422133e-03
2.425928e-03
2.429727e-03
2.433528e-03
2.437332e-03
2.441140e-03
2.444950e-03
2.448763e-03
2.452579e-03
2.456399e-03
2.460221e-03
2.464046e-03
2.467874e-03
2.471705e-03
2.475539e-03
2.479376e-03
2.483216e-03
2.487059e-03
2.490905e-03
2.494754e-03
2.498606e-03
2.502461e-03
2.506318e-03
2.510179e-03
2.514043e-03
2.517910e-03
2.521779e-03
2.525652e-03
2.529528e-03
2.533406e-03
2.537288e-03
2.541172e-03
2.545060e-03
2.548950e-03
2.552844e-03
2.556740e-03
2.560639e-03
2.564542e-03
2.568447e-03
2.572355e-03
2.576266e-03
2.580181e-03
2.584098e-03
2.588018e-03
2.591941e-03
2.595867e-03
2.599796e-03
2.603728e-03
2.607663e-03
2.611601e-03
2.615542e-03
2.619486e-03
2.623433e-03
2.627383e-03
2.631335e-03
2.635291e-03
2.639250e-03
2.643212e-03
2.647176e-03
2.651144e-03
2.655115e-03
2.659088e-03
2.663065e-03
2.667044e-03
2.671027e-03
2.675012e-03
2.679001e-03
2.682992e-03
2.686986e-03
2.690984e-03
2.694984e-03
2.698987e-03
2.702994e-03
2.707003e-03
2.711015e-03
2.715030e-03
2.719048e-03
2.723069e-03
2.727093e-03
2.731120e-03
2.735150e-03
2.739183e-03
2.743219e-03
2.747258e-03
2.751300e-03
2.755345e-03
2.759393e-03
2.763444e-03
2.767497e-03
2.771554e-03
2.775614e-03
2.779676e-03
2.783742e-03
2.787811e-03
2.791882e-03
2.795957e-03
2.800034e-03
2.804115e-03
2.808198e-03
2.812284e-03
2.816374e-03
2.820466e-03
2.824561e-03
2.828660e-03
2.832761e-03
2.836865e-03
2.840972e-03
2.845082e-03
2.849196e-03
2.853312e-03
2.857431e-03
2.861553e-03
2.865678e-03
2.869806e-03
2.873937e-03
2.878071e-03
2.882207e-03
2.886347e-03
2.890490e-03
2.894636e-03
2.898785e-03
2.902936e-03
2.907091e-03
2.911249e-03
2.915409e-03
2.919573e-03
2.923739e-03
2.927909e-03
2.932082e-03
2.936257e-03
2.940435e-03
2.944617e-03
2.948801e-03
2.952989e-03
2.957179e-03
2.961372e-03
2.965568e-03
2.969768e-03
2.973970e-03
2.978175e-03
2.982383e-03
2.986594e-03
2.990808e-03
2.995025e-03
2.999245e-03
3.003468e-03
3.007694e-03
3.011923e-03
3.016155e-03
3.020390e-03
3.024628e-03
3.028868e-03
3.033112e-03
3.037359e-03
3.041609e-03
3.045861e-03
3.050117e-03
3.054376e-03
3.058637e-03
3.062902e-03
3.067169e-03
3.071440e-03
3.075713e-03
3.079989e-03
3.084269e-03
3.088551e-03
3.092837e-03
3.097125e-03
3.101416e-03
3.105710e-03
3.110007e-03
3.114308e-03
3.118611e-03
3.122917e-03
3.127226e-03
3.131538e-03
3.135853e-03
3.140171e-03
3.144492e-03
3.148816e-03
3.153143e-03
3.157473e-03
3.161805e-03
3.166141e-03
3.170480e-03
3.174822e-03
3.179166e-03
3.183514e-03
3.187865e-03
3.192218e-03
3.196575e-03
3.200934e-03
3.205297e-03
3.209662e-03
3.214031e-03
3.218402e-03
3.222777e-03
3.227154e-03
3.231534e-03
3.235918e-03
3.240304e-03
3.244693e-03
3.249085e-03
3.253480e-03
3.257879e-03
3.262280e-03
3.266684e-03
3.271091e-03
3.275501e-03
3.279914e-03
3.284330e-03
3.288749e-03
3.293171e-03
3.297595e-03
3.302023e-03
3.306454e-03
3.310888e-03
3.315325e-03
3.319764e-03
3.324207e-03
3.328653e-03
3.333101e-03
3.337553e-03
3.342007e-03
3.346465e-03
3.350925e-03
3.355389e-03
3.359855e-03
3.364325e-03
3.368797e-03
3.373272e-03
3.377751e-03
3.382232e-03
3.386716e-03
3.391203e-03
3.395693e-03
3.400187e-03
3.404683e-03
3.409182e-03
3.413684e-03
3.418189e-03
3.422697e-03
3.427208e-03
3.431722e-03
3.436239e-03
3.440758e-03
3.445281e-03
3.449807e-03
3.454336e-03
3.458868e-03
3.463402e-03
3.467940e-03
3.472481e-03
3.477024e-03
3.481571e-03
3.486120e-03
3.490673e-03
3.495228e-03
3.499787e-03
3.503684e-03
3.507565e-03
3.511432e-03
3.515285e-03
3.519122e-03
3.522945e-03
3.526753e-03
3.530546e-03
3.534324e-03
3.538087e-03
3.541836e-03
3.545570e-03
3.549289e-03
3.552993e-03
3.556683e-03
3.560357e-03
3.564017e-03
3.567662e-03
3.571292e-03
3.574907e-03
3.578508e-03
3.582094e-03
3.585665e-03
3.589221e-03
3.592762e-03
3.596289e-03
3.599801e-03
3.603298e-03
3.606780e-03
3.610247e-03
3.613700e-03
3.617137e-03
3.620560e-03
3.623968e-03
3.627362e-03
3.630740e-03
3.634104e-03
3.637453e-03
3.640787e-03
3.644106e-03
3.647411e-03
3.650700e-03
3.653975e-03
3.657235e-03
3.660480e-03
3.663711e-03
3.666927e-03
3.670127e-03
3.673313e-03
3.676485e-03
3.679641e-03
3.682783e-03
3.685909e-03
3.689022e-03
3.692119e-03
3.695201e-03
3.698269e-03
3.701321e-03
3.704359e-03
3.707383e-03
3.710391e-03
3.713385e-03
3.716363e-03
3.719327e-03
3.722276e-03
3.725211e-03
3.728130e-03
3.731035e-03
3.733925e-03
3.736800e-03
3.739661e-03
3.742506e-03
3.745337e-03
3.748153e-03
3.750954e-03
3.753740e-03
3.756512e-03
3.759268e-03
3.762010e-03
3.764737e-03
3.767449e-03
3.770147e-03
3.772830e-03
3.775497e-03
3.778151e-03
3.780789e-03
3.783412e-03
3.786021e-03
3.788615e-03
3.791194e-03
3.793758e-03
3.796307e-03
3.798842e-03
3.801362e-03
3.803867e-03
3.806357e-03
3.808832e-03
3.811293e-03
3.813739e-03
3.816170e-03
3.818586e-03
3.820987e-03
3.823374e-03
3.825746e-03
3.828103e-03
3.830445e-03
3.832772e-03
3.835085e-03
3.837382e-03
3.839665e-03
3.841933e-03
3.844187e-03
3.846425e-03
3.848649e-03
3.850858e-03
3.853052e-03
3.855231e-03
3.857396e-03
3.859545e-03
3.861680e-03
3.863800e-03
3.865906e-03
3.867996e-03
3.870072e-03
3.872133e-03
3.874179e-03
3.876210e-03
3.878226e-03
3.880228e-03
3.882215e-03
3.884187e-03
3.886144e-03
3.888086e-03
3.890014e-03
3.891927e-03
3.893825e-03
3.895708e-03
3.897576e-03
3.899430e-03
3.901269e-03
3.903093e-03
3.904902e-03
3.906696e-03
3.908476e-03
3.910240e-03
3.911990e-03
3.913726e-03
3.915446e-03
3.917151e-03
3.918842e-03
3.920518e-03
3.922179e-03
3.923825e-03
3.925457e-03
3.927074e-03
3.928676e-03
3.930263e-03
3.931835e-03
3.933392e-03
3.934935e-03
3.936463e-03
3.937976e-03
3.939474e-03
3.940958e-03
3.942426e-03
3.943880e-03
3.945319e-03
3.946744e-03
3.948153e-03
3.949548e-03
3.950927e-03
3.952292e-03
3.953643e-03
3.954978e-03
3.956299e-03
3.957604e-03
3.958895e-03
3.960172e-03
3.961433e-03
3.962680e-03
3.963911e-03
3.965128e-03
3.966330e-03
3.967518e-03
3.968690e-03
3.969848e-03
3.970991e-03
3.972119e-03
3.973232e-03
3.974331e-03
3.975415e-03
3.976484e-03
3.977538e-03
3.978577e-03
3.979601e-03
3.980611e-03
3.981606e-03
3.982586e-03
3.983551e-03
3.984502e-03
3.985438e-03
3.986358e-03
3.987264e-03
3.988156e-03
3.989032e-03
3.989894e-03
3.990741e-03
3.991573e-03
3.992390e-03
3.993192e-03
3.993980e-03
3.994753e-03
3.995511e-03
3.996254e-03
3.996982e-03
3.997696e-03
3.998395e-03
3.999079e-03
3.999748e-03
4.000402e-03
4.001042e-03
4.001667e-03
4.002276e-03
4.002872e-03
4.003452e-03
4.004018e-03
4.004568e-03
4.005104e-03
4.005625e-03
4.006132e-03
4.006623e-03
4.007100e-03
4.007562e-03
4.008009e-03
4.008441e-03
4.008859e-03
4.009261e-03
4.009649e-03
4.010022e-03
4.010381e-03
4.010724e-03
4.011053e-03
4.011366e-03
4.011666e-03
4.011950e-03
4.012219e-03
4.012474e-03
4.012714e-03
4.012939e-03
4.013149e-03
4.013344e-03
4.013525e-03
4.013691e-03
4.013842e-03
4.013978e-03
4.014099e-03
4.014206e-03
4.014298e-03
4.014375e-03
4.014437e-03
4.014484e-03
4.014517e-03
4.014534e-03
4.014537e-03
4.014526e-03
4.014499e-03
4.014457e-03
4.014401e-03
4.014330e-03
4.014244e-03
4.014143e-03
4.014028e-03
4.013898e-03
4.013753e-03
4.013593e-03
4.013418e-03
4.013228e-03
4.013024e-03
4.012805e-03
4.012571e-03
4.012322e-03
4.012059e-03
4.011780e-03
4.011487e-03
4.011179e-03
4.010857e-03
4.010519e-03
4.010167e-03
4.009799e-03
4.009417e-03
4.009021e-03
4.008609e-03
4.008183e-03
4.007741e-03
4.007285e-03
4.006815e-03
4.006329e-03
4.005829e-03
4.005313e-03
4.004783e-03
4.004460e-03
4.004460e-03
4.004460e-03
4.004460e-03
4.004460e-03
4.004460e-03
4.004460e-03
4.004460e-03
4.004460e-03
4.004460e-03
4.004460e-03
4.004460e-03
4.004460e-03
4.004460e-03
4.004460e-03
4.004460e-03
4.004460e-03
4.004460e-03
4.004460e-03
4.004460e-03
4.004460e-03
4.004460e-03
4.004460e-03
4.004460e-03
4.004460e-03
4.004460e-03
4.004460e-03
4.004460e-03
4.004460e-03
4.004460e-03
4.004460e-03
4.004460e-03
4.004460e-03
4.004460e-03
4.004460e-03
4.004460e-03
4.004460e-03
4.004460e-03
4.004460e-03
4.004460e-03
4.004460e-03
4.004460e-03
4.004460e-03
4.004460e-03
4.004460e-03
4.004460e-03
4.004460e-03
4.004460e-03
4.004460e-03
4.004460e-03
4.004460e-03
4.004460e-03
4.004460e-03
4.004460e-03
4.004460e-03
4.004460e-03
4.004460e-03
4.004460e-03
4.004460e-03
4.004460e-03
4.004460e-03
4.004460e-03
4.004460e-03
4.004460e-03
4.004460e-03
4.004460e-03
4.004460e-03
4.004460e-03
4.004460e-03
4.004460e-03
4.004460e-03
4.004460e-03
4.004460e-03
4.004460e-03
4.004460e-03
4.004460e-03
4.004460e-03
4.004460e-03
4.004460e-03
4.004460e-03
4.004460e-03
4.004460e-03
4.004460e-03
4.004460e-03
4.004460e-03
4.004460e-03
4.004460e-03
4.004460e-03
4.004460e-03
4.004460e-03
4.004460e-03
4.004460e-03
4.004460e-03
4.004460e-03
4.004460e-03
4.004460e-03
4.004460e-03
4.004460e-03
4.004460e-03
4.004460e-03
4.004460e-03
4.004460e-03
4.004460e-03
4.004460e-03
4.004460e-03
4.004460e-03
4.004460e-03
4.004460e-03
4.004460e-03
4.004460e-03
4.004460e-03
4.004460e-03
4.004460e-03
4.004460e-03
4.004460e-03
4.004460e-03
4.004460e-03
4.004460e-03
4.004460e-03
4.004460e-03
4.004460e-03
4.004460e-03
4.004460e-03
4.004460e-03
4.004460e-03
4.004460e-03
4.004460e-03
4.004460e-03
4.004460e-03
4.004460e-03
4.004460e-03
4.004460e-03
4.004460e-03
4.004460e-03
4.004460e-03
4.004460e-03
4.004460e-03
4.004460e-03
4.004460e-03
4.004460e-03
4.004460e-03
4.004460e-03
4.004460e-03
4.004460e-03
4.004460e-03
4.004460e-03
4.004460e-03
4.004460e-03
4.004460e-03
4.004460e-03
4.004460e-03
4.004460e-03
4.004460e-03
4.004460e-03
4.004460e-03
4.004460e-03
4.004460e-03
4.004460e-03
4.004460e-03
4.004460e-03
4.004460e-03
4.004460e-03
4.004460e-03
4.004460e-03
4.004460e-03
4.004460e-03
4.004460e-03
4.004460e-03
4.004460e-03
4.004460e-03
4.004460e-03
4.004460e-03
4.004460e-03
4.004460e-03
4.004460e-03
4.004460e-03
4.004460e-03
4.004460e-03
4.004460e-03
4.004460e-03
4.004460e-03
4.004460e-03
4.004460e-03
4.004460e-03
4.004460e-03
4.004460e-03
4.004460e-03
4.004460e-03
4.004460e-03
4.004460e-03
4.004460e-03
4.004460e-03
4.004460e-03
4.004460e-03
4.004460e-03
4.004460e-03
4.004460e-03
4.004460e-03
4.004460e-03
4.004460e-03
4.004460e-03
