0.000000e+00
1.110371e-07
2.244069e-07
3.401094e-07
4.581446e-07
5.785126e-07
7.012132e-07
8.262466e-07
9.536126e-07
1.083311e-06
1.215343e-06
1.349707e-06
1.486404e-06
1.625434e-06
1.766796e-06
1.910491e-06
2.056519e-06
2.204879e-06
2.355572e-06
2.508598e-06
2.663957e-06
2.821648e-06
2.981672e-06
3.144029e-06
3.308719e-06
3.475741e-06
3.645096e-06
3.816783e-06
3.990804e-06
4.167157e-06
4.345842e-06
4.526861e-06
4.710212e-06
4.895896e-06
5.083912e-06
5.274262e-06
5.466944e-06
5.661958e-06
5.859306e-06
6.058986e-06
6.260999e-06
6.465344e-06
6.672023e-06
6.881034e-06
7.092377e-06
7.306054e-06
7.522063e-06
7.740405e-06
7.961079e-06
8.184086e-06
8.409426e-06
8.637099e-06
8.867104e-06
9.099443e-06
9.334113e-06
9.571117e-06
9.810453e-06
1.005212e-05
1.029612e-05
1.054246e-05
1.079113e-05
1.104213e-05
1.129546e-05
1.155112e-05
1.180912e-05
1.206945e-05
1.233211e-05
1.259711e-05
1.286444e-05
1.313410e-05
1.340610e-05
1.368042e-05
1.395708e-05
1.423607e-05
1.451740e-05
1.480106e-05
1.508705e-05
1.537537e-05
1.566603e-05
1.595902e-05
1.625434e-05
1.655199e-05
1.685198e-05
1.715430e-05
1.745895e-05
1.776593e-05
1.807525e-05
1.838690e-05
1.870088e-05
1.901720e-05
1.933585e-05
1.965683e-05
1.998014e-05
2.030579e-05
2.063377e-05
2.096408e-05
2.129673e-05
2.163170e-05
2.196901e-05
2.230866e-05
2.265063e-05
2.299494e-05
2.334158e-05
2.369056e-05
2.404186e-05
2.439550e-05
2.475147e-05
2.510978e-05
2.547041e-05
2.583338e-05
2.619869e-05
2.656632e-05
2.693629e-05
2.730859e-05
2.768323e-05
2.806019e-05
2.843949e-05
2.882112e-05
2.920509e-05
2.959138e-05
2.998001e-05
3.037098e-05
3.076427e-05
3.115990e-05
3.155786e-05
3.195815e-05
3.236078e-05
3.276574e-05
3.317303e-05
3.358265e-05
3.399461e-05
3.440890e-05
3.482552e-05
3.524448e-05
3.566577e-05
3.608939e-05
3.651534e-05
3.694362e-05
3.737424e-05
3.780719e-05
3.824248e-05
3.868010e-05
3.912005e-05
3.956233e-05
4.000694e-05
4.045389e-05
4.090317e-05
4.135478e-05
4.180873e-05
4.226501e-05
4.272362e-05
4.318456e-05
4.364784e-05
4.411345e-05
4.458139e-05
4.505166e-05
4.552427e-05
4.599921e-05
4.647649e-05
4.695609e-05
4.743803e-05
4.792230e-05
4.840890e-05
4.889784e-05
4.938911e-05
4.988271e-05
5.037865e-05
5.087691e-05
5.137751e-05
5.188045e-05
5.238571e-05
5.289331e-05
5.340324e-05
5.391550e-05
5.443010e-05
5.494703e-05
5.546629e-05
5.598788e-05
5.651181e-05
5.703807e-05
5.756666e-05
5.809759e-05
5.863085e-05
5.916644e-05
5.970436e-05
6.024462e-05
6.078721e-05
6.133213e-05
6.187938e-05
6.242897e-05
6.298089e-05
6.353514e-05
6.409173e-05
6.465064e-05
6.521189e-05
6.577548e-05
6.634139e-05
6.690964e-05
6.748022e-05
6.805314e-05
6.862838e-05
6.920596e-05
6.978588e-05
7.036812e-05
7.095270e-05
7.153961e-05
7.212885e-05
7.272043e-05
7.331434e-05
7.391058e-05
7.450915e-05
7.511006e-05
7.571330e-05
7.631887e-05
7.692677e-05
7.753701e-05
7.814958e-05
7.876448e-05
7.938172e-05
8.000129e-05
8.062319e-05
8.124742e-05
8.187399e-05
8.250289e-05
8.313412e-05
8.376768e-05
8.440358e-05
8.504181e-05
8.568237e-05
8.632527e-05
8.697050e-05
8.761806e-05
8.826795e-05
8.892018e-05
8.957474e-05
9.023163e-05
9.089085e-05
9.155241e-05
9.221630e-05
9.288252e-05
9.355108e-05
9.422197e-05
9.489519e-05
9.557074e-05
9.624863e-05
9.692884e-05
9.761140e-05
9.829628e-05
9.898350e-05
9.967305e-05
1.003649e-04
1.010591e-04
1.017557e-04
1.024546e-04
1.031558e-04
1.038593e-04
1.045652e-04
1.052734e-04
1.059840e-04
1.066968e-04
1.074121e-04
1.081296e-04
1.088495e-04
1.095717e-04
1.102962e-04
1.110231e-04
1.117523e-04
1.124838e-04
1.132177e-04
1.139539e-04
1.146924e-04
1.154333e-04
1.161765e-04
1.169221e-04
1.176699e-04
1.184201e-04
1.191727e-04
1.199275e-04
1.206847e-04
1.214442e-04
1.222061e-04
1.229703e-04
1.237368e-04
1.245057e-04
1.252769e-04
1.260504e-04
1.268263e-04
1.276045e-04
1.283850e-04
1.291679e-04
1.299530e-04
1.307406e-04
1.315304e-04
1.323226e-04
1.331171e-04
1.339140e-04
1.347132e-04
1.355147e-04
1.363186e-04
1.371247e-04
1.379333e-04
1.387441e-04
1.395573e-04
1.403728e-04
1.411907e-04
1.420108e-04
1.428333e-04
1.436582e-04
1.444854e-04
1.453149e-04
1.461467e-04
1.469809e-04
1.478174e-04
1.486563e-04
1.494974e-04
1.503409e-04
1.511868e-04
1.520350e-04
1.528855e-04
1.537383e-04
1.545935e-04
1.554510e-04
1.563108e-04
1.571730e-04
1.580375e-04
1.589043e-04
1.597735e-04
1.606450e-04
1.615188e-04
1.623950e-04
1.632735e-04
1.641543e-04
1.650375e-04
1.659230e-04
1.668108e-04
1.677010e-04
1.685935e-04
1.694883e-04
1.703855e-04
1.712850e-04
1.721868e-04
1.730910e-04
1.739974e-04
1.749063e-04
1.758174e-04
1.767309e-04
1.776467e-04
1.785649e-04
1.794854e-04
1.804082e-04
1.813334e-04
1.822608e-04
1.831907e-04
1.841228e-04
1.850573e-04
1.859941e-04
1.869333e-04
1.878748e-04
1.888186e-04
1.897647e-04
1.907132e-04
1.916640e-04
1.926172e-04
1.935726e-04
1.945304e-04
1.954906e-04
1.964531e-04
1.974179e-04
1.983850e-04
1.993545e-04
2.003263e-04
2.013004e-04
2.022769e-04
2.032557e-04
2.042369e-04
2.052203e-04
2.062061e-04
2.071943e-04
2.081847e-04
2.091775e-04
2.101727e-04
2.111701e-04
2.121699e-04
2.131721e-04
2.141765e-04
2.151833e-04
2.161925e-04
2.172039e-04
2.182177e-04
2.192339e-04
2.202523e-04
2.212731e-04
2.222962e-04
2.233217e-04
2.243495e-04
2.253796e-04
2.264121e-04
2.274469e-04
2.284840e-04
2.295235e-04
2.305652e-04
2.316094e-04
2.326558e-04
2.337046e-04
2.347557e-04
2.358092e-04
2.368650e-04
2.379231e-04
2.389835e-04
2.400463e-04
2.411114e-04
2.421789e-04
2.432487e-04
2.443208e-04
2.453952e-04
2.464720e-04
2.475511e-04
2.486326e-04
2.497163e-04
2.508025e-04
2.518909e-04
2.529817e-04
2.540748e-04
2.551702e-04
2.562680e-04
2.573681e-04
2.584705e-04
2.595753e-04
2.606824e-04
2.617919e-04
2.629036e-04
2.640177e-04
2.651342e-04
2.662529e-04
2.673740e-04
2.684975e-04
2.696232e-04
2.707513e-04
2.718818e-04
2.730145e-04
2.741496e-04
2.752871e-04
2.764268e-04
2.775689e-04
2.787134e-04
2.798601e-04
2.810092e-04
2.821606e-04
2.833144e-04
2.844705e-04
2.856289e-04
2.867897e-04
2.879528e-04
2.891182e-04
2.902859e-04
2.914560e-04
2.926284e-04
2.938032e-04
2.949803e-04
2.961597e-04
2.973415e-04
2.985255e-04
2.997120e-04
3.009007e-04
3.020918e-04
3.032852e-04
3.044810e-04
3.056790e-04
3.068794e-04
3.080822e-04
3.092873e-04
3.104947e-04
3.117044e-04
3.129165e-04
3.141309e-04
3.153477e-04
3.165667e-04
3.177881e-04
3.190119e-04
3.202380e-04
3.214664e-04
3.226971e-04
3.239302e-04
3.251656e-04
3.264033e-04
3.276434e-04
3.288858e-04
3.301305e-04
3.313776e-04
3.326270e-04
3.338787e-04
3.351328e-04
3.363892e-04
3.376479e-04
3.389090e-04
3.401724e-04
3.414381e-04
3.427062e-04
3.439766e-04
3.452493e-04
3.465244e-04
3.478017e-04
3.490815e-04
3.503635e-04
3.516479e-04
3.529346e-04
3.542237e-04
3.555151e-04
3.568088e-04
3.581049e-04
3.594033e-04
3.607040e-04
3.620070e-04
3.633124e-04
3.646201e-04
3.659302e-04
3.672426e-04
3.685573e-04
3.698743e-04
3.711937e-04
3.725154e-04
3.738395e-04
3.751659e-04
3.764946e-04
3.778256e-04
3.791590e-04
3.804947e-04
3.818327e-04
3.831731e-04
3.845158e-04
3.858609e-04
3.872082e-04
3.885580e-04
3.899100e-04
3.912644e-04
3.926211e-04
3.939801e-04
3.953415e-04
3.967052e-04
3.980712e-04
3.994396e-04
4.008103e-04
4.021833e-04
4.035587e-04
4.049364e-04
4.063164e-04
4.076988e-04
4.090835e-04
4.104705e-04
4.118599e-04
4.132516e-04
4.146456e-04
4.160420e-04
4.174407e-04
4.188417e-04
4.202450e-04
4.216507e-04
4.230588e-04
4.244691e-04
4.258818e-04
4.272968e-04
4.287142e-04
4.301339e-04
4.315559e-04
4.329803e-04
4.344069e-04
4.358360e-04
4.372673e-04
4.387010e-04
4.401370e-04
4.415754e-04
4.430160e-04
4.444591e-04
4.459044e-04
4.473521e-04
4.488021e-04
4.502545e-04
4.517091e-04
4.531661e-04
4.546255e-04
4.560872e-04
4.575512e-04
4.590175e-04
4.604862e-04
4.619572e-04
4.634305e-04
4.649062e-04
4.663842e-04
4.678646e-04
4.693472e-04
4.708322e-04
4.723196e-04
4.738092e-04
4.753012e-04
4.767956e-04
4.782922e-04
4.797913e-04
4.812926e-04
4.827962e-04
4.843022e-04
4.858106e-04
4.873212e-04
4.888342e-04
4.903496e-04
4.918672e-04
4.933872e-04
4.949096e-04
4.964342e-04
4.979612e-04
4.994905e-04
5.010222e-04
5.025562e-04
5.040925e-04
5.056312e-04
5.071722e-04
5.087155e-04
5.102611e-04
5.118091e-04
5.133594e-04
5.149121e-04
5.164671e-04
5.180244e-04
5.195840e-04
5.211460e-04
5.227103e-04
5.242770e-04
5.258460e-04
5.274173e-04
5.289909e-04
5.305669e-04
5.321452e-04
5.337259e-04
5.353089e-04
5.368942e-04
5.384818e-04
5.400718e-04
5.416641e-04
5.432587e-04
5.448557e-04
5.464550e-04
5.480567e-04
5.496606e-04
5.512669e-04
5.528756e-04
5.544866e-04
5.560999e-04
5.577155e-04
5.593335e-04
5.609538e-04
5.625764e-04
5.642014e-04
5.658287e-04
5.674583e-04
5.690903e-04
5.707246e-04
5.723612e-04
5.740002e-04
5.756414e-04
5.772851e-04
5.789310e-04
5.805793e-04
5.822300e-04
5.838829e-04
5.855382e-04
5.871958e-04
5.888558e-04
5.905181e-04
5.921827e-04
5.938497e-04
5.955190e-04
5.971906e-04
5.988645e-04
6.005408e-04
6.022194e-04
6.039004e-04
6.055837e-04
6.072693e-04
6.089572e-04
6.106475e-04
6.123401e-04
6.140351e-04
6.157324e-04
6.174320e-04
6.191339e-04
6.208382e-04
6.225448e-04
6.242538e-04
6.259650e-04
6.276787e-04
6.293946e-04
6.311129e-04
6.328335e-04
6.345564e-04
6.362817e-04
6.380093e-04
6.397392e-04
6.414715e-04
6.432061e-04
6.449431e-04
6.466823e-04
6.484239e-04
6.501679e-04
6.519141e-04
6.536627e-04
6.554137e-04
6.571669e-04
6.589225e-04
6.606805e-04
6.624407e-04
6.642033e-04
6.659683e-04
6.677355e-04
6.695051e-04
6.712770e-04
6.730513e-04
6.748279e-04
6.766068e-04
6.783881e-04
6.801717e-04
6.819576e-04
6.837459e-04
6.855364e-04
6.873294e-04
6.891246e-04
6.909222e-04
6.927221e-04
6.945244e-04
6.963290e-04
6.981359e-04
6.999451e-04
7.017567e-04
7.035706e-04
7.053869e-04
7.072055e-04
7.090264e-04
7.108496e-04
7.126752e-04
7.145031e-04
7.163334e-04
7.181659e-04
7.200009e-04
7.218381e-04
7.236777e-04
7.255196e-04
7.273638e-04
7.292104e-04
7.310593e-04
7.329106e-04
7.347641e-04
7.366200e-04
7.384783e-04
7.403388e-04
7.422017e-04
7.440670e-04
7.459345e-04
7.478045e-04
7.496767e-04
7.515513e-04
7.534282e-04
7.553074e-04
7.571890e-04
7.590728e-04
7.609591e-04
7.628476e-04
7.647385e-04
7.666318e-04
7.685273e-04
7.704252e-04
7.723255e-04
7.742280e-04
7.761329e-04
7.780401e-04
7.799497e-04
7.818616e-04
7.837758e-04
7.856924e-04
7.876112e-04
7.895325e-04
7.914560e-04
7.933819e-04
7.953101e-04
7.972407e-04
7.991736e-04
8.011088e-04
8.030463e-04
8.049862e-04
8.069284e-04
8.088730e-04
8.108199e-04
8.127691e-04
8.147206e-04
8.166745e-04
8.186307e-04
8.205893e-04
8.225501e-04
8.245133e-04
8.264789e-04
8.284468e-04
8.304170e-04
8.323895e-04
8.343644e-04
8.363416e-04
8.383211e-04
8.403030e-04
8.422872e-04
8.442738e-04
8.462626e-04
8.482538e-04
8.502474e-04
8.522432e-04
8.542414e-04
8.562420e-04
8.582448e-04
8.602500e-04
8.622576e-04
8.642674e-04
8.662796e-04
8.682942e-04
8.703110e-04
8.723302e-04
8.743517e-04
8.763756e-04
8.784018e-04
8.804303e-04
8.824612e-04
8.844944e-04
8.865299e-04
8.885678e-04
8.906079e-04
8.926505e-04
8.946953e-04
8.967425e-04
8.987920e-04
9.008439e-04
9.028981e-04
9.049546e-04
9.070134e-04
9.090746e-04
9.111381e-04
9.132040e-04
9.152722e-04
9.173427e-04
9.194155e-04
9.214907e-04
9.235682e-04
9.256481e-04
9.277303e-04
9.298148e-04
9.319016e-04
9.339908e-04
9.360823e-04
9.381761e-04
9.402723e-04
9.423708e-04
9.444717e-04
9.465748e-04
9.486803e-04
9.507882e-04
9.528983e-04
9.550109e-04
9.571257e-04
9.592429e-04
9.613624e-04
9.634842e-04
9.656084e-04
9.677349e-04
9.698637e-04
9.719949e-04
9.741284e-04
9.762642e-04
9.784024e-04
9.805429e-04
9.826857e-04
9.848308e-04
9.869783e-04
9.891282e-04
9.912803e-04
9.934348e-04
9.955916e-04
9.977508e-04
9.999123e-04
1.002076e-03
1.004242e-03
1.006411e-03
1.008582e-03
1.010755e-03
1.012930e-03
1.015108e-03
1.017288e-03
1.019471e-03
1.021655e-03
1.023843e-03
1.026032e-03
1.028224e-03
1.030418e-03
1.032615e-03
1.034813e-03
1.037015e-03
1.039218e-03
1.041424e-03
1.043632e-03
1.045842e-03
1.048055e-03
1.050270e-03
1.052488e-03
1.054708e-03
1.056930e-03
1.059154e-03
1.061381e-03
1.063610e-03
1.065842e-03
1.068076e-03
1.070312e-03
1.072550e-03
1.074791e-03
1.077034e-03
1.079280e-03
1.081527e-03
1.083777e-03
1.086030e-03
1.088285e-03
1.090542e-03
1.092801e-03
1.095063e-03
1.097327e-03
1.099594e-03
1.101863e-03
1.104134e-03
1.106407e-03
1.108683e-03
1.110961e-03
1.113241e-03
1.115524e-03
1.117809e-03
1.120097e-03
1.122387e-03
1.124679e-03
1.126973e-03
1.129270e-03
1.131569e-03
1.133871e-03
1.136174e-03
1.138481e-03
1.140789e-03
1.143100e-03
1.145413e-03
1.147728e-03
1.150046e-03
1.152366e-03
1.154689e-03
1.157013e-03
1.159341e-03
1.161670e-03
1.164002e-03
1.166336e-03
1.168672e-03
1.171011e-03
1.173352e-03
1.175696e-03
1.178041e-03
1.180390e-03
1.182740e-03
1.185093e-03
1.187448e-03
1.189805e-03
1.192165e-03
1.194527e-03
1.196892e-03
1.199258e-03
1.201627e-03
1.203999e-03
1.206373e-03
1.208749e-03
1.211127e-03
1.213508e-03
1.215891e-03
1.218277e-03
1.220664e-03
1.223054e-03
1.225447e-03
1.227842e-03
1.230239e-03
1.232638e-03
1.235040e-03
1.237444e-03
1.239850e-03
1.242259e-03
1.244670e-03
1.247084e-03
1.249499e-03
1.251917e-03
1.254338e-03
1.256761e-03
1.259186e-03
1.261613e-03
1.264043e-03
1.266475e-03
1.268909e-03
1.271346e-03
1.273785e-03
1.276227e-03
1.278670e-03
1.281117e-03
1.283565e-03
1.286016e-03
1.288469e-03
1.290924e-03
1.293382e-03
1.295842e-03
1.298304e-03
1.300769e-03
1.303236e-03
1.305706e-03
1.308177e-03
1.310651e-03
1.313128e-03
1.315607e-03
1.318088e-03
1.320571e-03
1.323057e-03
1.325545e-03
1.328035e-03
1.330528e-03
1.333023e-03
1.335520e-03
1.338020e-03
1.340522e-03
1.343027e-03
1.345533e-03
1.348042e-03
1.350554e-03
1.353068e-03
1.355584e-03
1.358102e-03
1.360623e-03
1.363146e-03
1.365671e-03
1.368199e-03
1.370729e-03
1.373261e-03
1.375796e-03
1.378333e-03
1.380873e-03
1.383414e-03
1.385958e-03
1.388505e-03
1.391053e-03
1.393605e-03
1.396158e-03
1.398714e-03
1.401272e-03
1.403832e-03
1.406395e-03
1.408960e-03
1.411527e-03
1.414097e-03
1.416669e-03
1.419243e-03
1.421820e-03
1.424399e-03
1.426981e-03
1.429564e-03
1.432150e-03
1.434739e-03
1.437329e-03
1.439922e-03
1.442518e-03
1.445115e-03
1.447716e-03
1.450318e-03
1.452923e-03
1.455530e-03
1.458139e-03
1.460751e-03
1.463365e-03
1.465981e-03
1.468600e-03
1.471221e-03
1.473844e-03
1.476470e-03
1.479098e-03
1.481728e-03
1.484361e-03
1.486996e-03
1.489633e-03
1.492273e-03
1.494915e-03
1.497560e-03
1.500206e-03
1.502855e-03
1.505507e-03
1.508160e-03
1.510816e-03
1.513475e-03
1.516135e-03
1.518798e-03
1.521464e-03
1.524131e-03
1.526801e-03
1.529474e-03
1.532149e-03
1.534826e-03
1.537505e-03
1.540187e-03
1.542871e-03
1.545557e-03
1.548246e-03
1.550937e-03
1.553630e-03
1.556326e-03
1.559024e-03
1.561724e-03
1.564427e-03
1.567132e-03
1.569839e-03
1.572549e-03
1.575261e-03
1.577975e-03
1.580692e-03
1.583411e-03
1.586132e-03
1.588856e-03
1.591582e-03
1.594310e-03
1.597041e-03
1.599774e-03
1.602509e-03
1.605247e-03
1.607987e-03
1.610729e-03
1.613474e-03
1.616221e-03
1.618970e-03
1.621722e-03
1.624476e-03
1.627232e-03
1.629991e-03
1.632752e-03
1.635515e-03
1.638281e-03
1.641049e-03
1.643819e-03
1.646592e-03
1.649367e-03
1.652144e-03
1.654924e-03
1.657706e-03
1.660490e-03
1.663277e-03
1.666066e-03
1.668857e-03
1.671651e-03
1.674447e-03
1.677245e-03
1.680046e-03
1.682849e-03
1.685654e-03
1.688462e-03
1.691272e-03
1.694084e-03
1.696899e-03
1.699716e-03
1.702535e-03
1.705357e-03
1.708181e-03
1.711007e-03
1.713836e-03
1.716666e-03
1.719500e-03
1.722335e-03
1.725173e-03
1.728014e-03
1.730856e-03
1.733701e-03
1.736549e-03
1.739398e-03
1.742250e-03
1.745105e-03
1.747961e-03
1.750820e-03
1.753681e-03
1.756545e-03
1.759411e-03
1.762279e-03
1.765150e-03
1.768023e-03
1.770898e-03
1.773776e-03
1.776656e-03
1.779538e-03
1.782423e-03
1.785310e-03
1.788199e-03
1.791091e-03
1.793985e-03
1.796881e-03
1.799780e-03
1.802681e-03
1.805584e-03
1.808489e-03
1.811397e-03
1.814308e-03
1.817220e-03
1.820135e-03
1.823053e-03
1.825972e-03
1.828894e-03
1.831818e-03
1.834745e-03
1.837674e-03
1.840605e-03
1.843539e-03
1.846475e-03
1.849413e-03
1.852354e-03
1.855297e-03
1.858242e-03
1.861190e-03
1.864140e-03
1.867092e-03
1.870046e-03
1.873003e-03
1.875963e-03
1.878924e-03
1.881888e-03
1.884855e-03
1.887823e-03
1.890794e-03
1.893767e-03
1.896743e-03
1.899721e-03
1.902701e-03
1.905684e-03
1.908669e-03
1.911656e-03
1.914646e-03
1.917638e-03
1.920632e-03
1.923628e-03
1.926627e-03
1.929629e-03
1.932632e-03
1.935638e-03
1.938646e-03
1.941657e-03
1.944670e-03
1.947685e-03
1.950703e-03
1.953723e-03
1.956745e-03
1.959770e-03
1.962797e-03
1.965826e-03
1.968857e-03
1.971891e-03
1.974928e-03
1.977966e-03
1.981007e-03
1.984050e-03
1.987096e-03
1.990144e-03
1.993194e-03
1.996247e-03
1.999302e-03
2.002359e-03
2.005418e-03
2.008480e-03
2.011545e-03
2.014611e-03
2.017680e-03
2.020751e-03
2.023825e-03
2.026901e-03
2.029979e-03
2.033060e-03
2.036143e-03
2.039228e-03
2.042315e-03
2.045405e-03
2.048498e-03
2.051592e-03
2.054689e-03
2.057788e-03
2.060890e-03
2.063994e-03
2.067100e-03
2.070209e-03
2.073319e-03
2.076433e-03
2.079548e-03
2.082666e-03
2.085786e-03
2.088909e-03
2.092034e-03
2.095161e-03
2.098291e-03
2.101423e-03
2.104557e-03
2.107693e-03
2.110832e-03
2.113974e-03
2.117117e-03
2.120263e-03
2.123411e-03
2.126562e-03
2.129715e-03
2.132870e-03
2.136027e-03
2.139187e-03
2.142350e-03
2.145514e-03
2.148681e-03
2.151850e-03
2.155022e-03
2.158196e-03
2.161372e-03
2.164550e-03
2.167731e-03
2.170915e-03
2.174100e-03
2.177288e-03
2.180478e-03
2.183671e-03
2.186866e-03
2.190063e-03
2.193262e-03
2.196464e-03
2.199668e-03
2.202875e-03
2.206084e-03
2.209295e-03
2.212509e-03
2.215725e-03
2.218943e-03
2.222163e-03
2.225386e-03
2.228611e-03
2.231839e-03
2.235069e-03
2.238301e-03
2.241536e-03
2.244772e-03
2.248012e-03
2.251253e-03
2.254497e-03
2.257743e-03
2.260992e-03
2.264243e-03
2.267496e-03
2.270751e-03
2.274009e-03
2.277269e-03
2.280532e-03
2.283797e-03
2.287064e-03
2.290334e-03
2.293605e-03
2.296880e-03
2.300156e-03
2.303435e-03
2.306716e-03
2.310000e-03
2.313286e-03
2.316574e-03
2.319864e-03
2.323157e-03
2.326452e-03
2.329750e-03
2.333050e-03
2.336352e-03
2.339656e-03
2.342963e-03
2.346272e-03
2.349584e-03
2.352898e-03
2.356214e-03
2.359532e-03
2.362853e-03
2.366177e-03
2.369502e-03
2.372830e-03
2.376160e-03
2.379493e-03
2.382827e-03
2.386165e-03
2.389504e-03
2.392846e-03
2.396190e-03
2.399537e-03
2.402885e-03
2.406237e-03
2.409590e-03
2.412946e-03
2.416304e-03
2.419665e-03
2.423028e-03
2.426393e-03
2.429760e-03
2.433130e-03
2.436502e-03
2.439877e-03
2.443254e-03
2.446633e-03
2.450014e-03
2.453398e-03
2.456784e-03
2.460173e-03
2.463564e-03
2.466957e-03
2.470352e-03
2.473750e-03
2.477150e-03
2.480553e-03
2.483957e-03
2.487365e-03
2.490774e-03
2.494186e-03
2.497600e-03
2.501017e-03
2.504435e-03
2.507857e-03
2.511280e-03
2.514706e-03
2.518134e-03
2.521565e-03
2.524997e-03
2.528432e-03
2.531870e-03
2.535310e-03
2.538752e-03
2.542196e-03
2.545643e-03
2.549092e-03
2.552544e-03
2.555998e-03
2.559454e-03
2.562912e-03
2.566373e-03
2.569836e-03
2.573302e-03
2.576770e-03
2.580240e-03
2.583712e-03
2.587187e-03
2.590664e-03
2.594144e-03
2.597625e-03
2.601110e-03
2.604596e-03
2.608085e-03
2.611576e-03
2.615069e-03
2.618565e-03
2.622063e-03
2.625564e-03
2.629067e-03
2.632572e-03
2.636079e-03
2.639589e-03
2.643101e-03
2.646616e-03
2.650132e-03
2.653652e-03
2.657173e-03
2.660697e-03
2.664223e-03
2.667751e-03
2.671282e-03
2.674815e-03
2.678351e-03
2.681889e-03
2.685429e-03
2.688971e-03
2.692516e-03
2.696063e-03
2.699612e-03
2.703164e-03
2.706718e-03
2.710275e-03
2.713834e-03
2.717395e-03
2.720958e-03
2.724524e-03
2.728092e-03
2.731663e-03
2.735235e-03
2.738810e-03
2.742388e-03
2.745968e-03
2.749550e-03
2.753134e-03
2.756721e-03
2.760310e-03
2.763902e-03
2.767495e-03
2.771091e-03
2.774690e-03
2.778291e-03
2.781894e-03
2.785499e-03
2.788442e-03
2.791374e-03
2.794293e-03
2.797202e-03
2.800098e-03
2.802983e-03
2.805856e-03
2.808718e-03
2.811568e-03
2.814406e-03
2.817233e-03
2.820048e-03
2.822851e-03
2.825643e-03
2.828423e-03
2.831192e-03
2.833949e-03
2.836694e-03
2.839428e-03
2.842150e-03
2.844860e-03
2.847559e-03
2.850246e-03
2.852921e-03
2.855585e-03
2.858237e-03
2.860878e-03
2.863507e-03
2.866124e-03
2.868730e-03
2.871324e-03
2.873906e-03
2.876477e-03
2.879036e-03
2.881584e-03
2.884120e-03
2.886644e-03
2.889156e-03
2.891657e-03
2.894147e-03
2.896625e-03
2.899091e-03
2.901545e-03
2.903988e-03
2.906419e-03
2.908839e-03
2.911247e-03
2.913643e-03
2.916028e-03
2.918401e-03
2.920762e-03
2.923112e-03
2.925450e-03
2.927776e-03
2.930091e-03
2.932394e-03
2.934686e-03
2.936966e-03
2.939234e-03
2.941491e-03
2.943736e-03
2.945970e-03
2.948191e-03
2.950402e-03
2.952600e-03
2.954787e-03
2.956962e-03
2.959126e-03
2.961278e-03
2.963418e-03
2.965547e-03
2.967664e-03
2.969770e-03
2.971864e-03
2.973946e-03
2.976016e-03
2.978075e-03
2.980123e-03
2.982158e-03
2.984182e-03
2.986195e-03
2.988196e-03
2.990185e-03
2.992162e-03
2.994128e-03
2.996082e-03
2.998025e-03
2.999956e-03
3.001875e-03
3.003783e-03
3.005679e-03
3.007564e-03
3.009436e-03
3.011298e-03
3.013147e-03
3.014985e-03
3.016811e-03
3.018626e-03
3.020429e-03
3.022221e-03
3.024000e-03
3.025768e-03
3.027525e-03
3.029270e-03
3.031003e-03
3.032725e-03
3.034435e-03
3.036133e-03
3.037820e-03
3.039495e-03
3.041158e-03
3.042810e-03
3.044450e-03
3.046079e-03
3.047696e-03
3.049301e-03
3.050895e-03
3.052477e-03
3.054047e-03
3.055606e-03
3.057153e-03
3.058688e-03
3.060212e-03
3.061724e-03
3.063225e-03
3.064714e-03
3.066191e-03
3.067657e-03
3.069111e-03
3.070553e-03
3.071984e-03
3.073403e-03
3.074811e-03
3.076207e-03
3.077591e-03
3.078964e-03
3.080325e-03
3.081674e-03
3.083012e-03
3.084338e-03
3.085652e-03
3.086955e-03
3.088246e-03
3.089526e-03
3.090794e-03
3.092050e-03
3.093295e-03
3.094528e-03
3.095749e-03
3.096959e-03
3.098157e-03
3.099344e-03
3.100519e-03
3.101682e-03
3.102834e-03
3.103974e-03
3.105102e-03
3.106219e-03
3.107324e-03
3.108417e-03
3.109499e-03
3.110569e-03
3.111628e-03
3.112675e-03
3.113710e-03
3.114733e-03
3.115746e-03
3.116746e-03
3.117735e-03
3.118712e-03
3.119677e-03
3.120631e-03
3.121573e-03
3.122504e-03
3.123423e-03
3.124330e-03
3.125226e-03
3.126110e-03
3.126982e-03
3.127843e-03
3.128692e-03
3.129530e-03
3.130356e-03
3.131170e-03
3.131973e-03
3.132764e-03
3.133543e-03
3.134311e-03
3.135067e-03
3.135811e-03
3.136544e-03
3.137265e-03
3.137975e-03
3.138673e-03
3.139359e-03
3.140034e-03
3.140697e-03
3.141348e-03
3.141988e-03
3.142616e-03
3.143233e-03
3.143838e-03
3.144431e-03
3.145013e-03
3.145583e-03
3.146141e-03
3.146688e-03
3.147223e-03
3.147746e-03
3.148258e-03
3.148758e-03
3.149247e-03
3.149724e-03
3.150189e-03
3.150643e-03
3.151085e-03
3.151515e-03
3.151934e-03
3.152341e-03
3.152736e-03
3.153120e-03
3.153492e-03
3.153853e-03
3.154202e-03
3.154539e-03
3.154865e-03
3.155179e-03
3.155482e-03
3.155772e-03
3.156052e-03
3.156319e-03
3.156575e-03
3.156819e-03
3.157052e-03
3.157273e-03
3.157482e-03
3.157680e-03
3.157866e-03
3.158041e-03
3.158203e-03
3.158355e-03
3.158494e-03
3.158622e-03
3.158739e-03
3.158843e-03
3.158936e-03
3.159018e-03
3.159087e-03
3.159146e-03
3.159192e-03
3.159227e-03
3.159250e-03
3.159262e-03
3.159262e-03
3.159250e-03
3.159227e-03
3.159192e-03
3.159145e-03
3.159087e-03
3.159017e-03
3.158936e-03
3.158843e-03
3.158738e-03
3.158622e-03
3.158494e-03
3.158354e-03
3.158203e-03
3.158040e-03
3.157866e-03
3.157680e-03
3.157482e-03
3.157272e-03
3.157051e-03
3.156819e-03
3.156574e-03
3.156319e-03
3.156051e-03
3.155772e-03
3.155481e-03
3.155178e-03
3.154864e-03
3.154539e-03
3.154201e-03
3.153852e-03
3.153492e-03
3.153119e-03
3.152736e-03
3.152340e-03
3.151933e-03
3.151514e-03
3.151084e-03
3.150642e-03
3.150188e-03
3.149723e-03
3.149246e-03
3.148757e-03
3.148257e-03
3.147745e-03
3.147222e-03
3.146686e-03
3.146362e-03
3.146362e-03
3.146362e-03
3.146362e-03
3.146362e-03
3.146362e-03
3.146362e-03
3.146362e-03
3.146362e-03
3.146362e-03
3.146362e-03
3.146362e-03
3.146362e-03
3.146362e-03
3.146362e-03
3.146362e-03
3.146362e-03
3.146362e-03
3.146362e-03
3.146362e-03
3.146362e-03
3.146362e-03
3.146362e-03
3.146362e-03
3.146362e-03
3.146362e-03
3.146362e-03
3.146362e-03
3.146362e-03
3.146362e-03
3.146362e-03
3.146362e-03
3.146362e-03
3.146362e-03
3.146362e-03
3.146362e-03
3.146362e-03
3.146362e-03
3.146362e-03
3.146362e-03
3.146362e-03
3.146362e-03
3.146362e-03
3.146362e-03
3.146362e-03
3.146362e-03
3.146362e-03
3.146362e-03
3.146362e-03
3.146362e-03
3.146362e-03
3.146362e-03
3.146362e-03
3.146362e-03
3.146362e-03
3.146362e-03
3.146362e-03
3.146362e-03
3.146362e-03
3.146362e-03
3.146362e-03
3.146362e-03
3.146362e-03
3.146362e-03
3.146362e-03
3.146362e-03
3.146362e-03
3.146362e-03
3.146362e-03
3.146362e-03
3.146362e-03
3.146362e-03
3.146362e-03
3.146362e-03
3.146362e-03
3.146362e-03
3.146362e-03
3.146362e-03
3.146362e-03
3.146362e-03
3.146362e-03
3.146362e-03
3.146362e-03
3.146362e-03
3.146362e-03
3.146362e-03
3.146362e-03
3.146362e-03
3.146362e-03
3.146362e-03
3.146362e-03
3.146362e-03
3.146362e-03
3.146362e-03
3.146362e-03
3.146362e-03
3.146362e-03
3.146362e-03
3.146362e-03
3.146362e-03
3.146362e-03
3.146362e-03
3.146362e-03
3.146362e-03
3.146362e-03
3.146362e-03
3.146362e-03
3.146362e-03
3.146362e-03
3.146362e-03
3.146362e-03
3.146362e-03
3.146362e-03
3.146362e-03
3.146362e-03
3.146362e-03
3.146362e-03
3.146362e-03
3.146362e-03
3.146362e-03
3.146362e-03
3.146362e-03
3.146362e-03
3.146362e-03
3.146362e-03
3.146362e-03
3.146362e-03
3.146362e-03
3.146362e-03
3.146362e-03
3.146362e-03
3.146362e-03
3.146362e-03
3.146362e-03
3.146362e-03
3.146362e-03
3.146362e-03
3.146362e-03
3.146362e-03
3.146362e-03
3.146362e-03
3.146362e-03
3.146362e-03
3.146362e-03
3.146362e-03
3.146362e-03
3.146362e-03
3.146362e-03
3.146362e-03
3.146362e-03
3.146362e-03
3.146362e-03
3.146362e-03
3.146362e-03
3.146362e-03
3.146362e-03
3.146362e-03
3.146362e-03
3.146362e-03
3.146362e-03
3.146362e-03
3.146362e-03
3.146362e-03
3.146362e-03
3.146362e-03
3.146362e-03
3.146362e-03
3.146362e-03
3.146362e-03
3.146362e-03
3.146362e-03
3.146362e-03
3.146362e-03
3.146362e-03
3.146362e-03
3.146362e-03
3.146362e-03
3.146362e-03
3.146362e-03
3.146362e-03
3.146362e-03
3.146362e-03
3.146362e-03
3.146362e-03
3.146362e-03
3.146362e-03
3.146362e-03
3.146362e-03
3.146362e-03
3.146362e-03
3.146362e-03
3.146362e-03
3.146362e-03
3.146362e-03
3.146362e-03
3.146362e-03
3.146362e-03
3.146362e-03
3.146362e-03
3.146362e-03
3.146362e-03
