0.000000e+00
1.110371e-07
2.300625e-07
3.570761e-07
4.920780e-07
6.350682e-07
7.860467e-07
9.450135e-07
1.111969e-06
1.286912e-06
1.469843e-06
1.660763e-06
1.859671e-06
2.066568e-06
2.281453e-06
2.504326e-06
2.735187e-06
2.974036e-06
3.220874e-06
3.475700e-06
3.738515e-06
4.009318e-06
4.288108e-06
4.574888e-06
4.869655e-06
5.172411e-06
5.483155e-06
5.801887e-06
6.128608e-06
6.463317e-06
6.806014e-06
7.156700e-06
7.515373e-06
7.882035e-06
8.256686e-06
8.639324e-06
9.029951e-06
9.428566e-06
9.835170e-06
1.024976e-05
1.067234e-05
1.110291e-05
1.154147e-05
1.198801e-05
1.244254e-05
1.290507e-05
1.337558e-05
1.385407e-05
1.434056e-05
1.483503e-05
1.533750e-05
1.584795e-05
1.636639e-05
1.689281e-05
1.742723e-05
1.796963e-05
1.852003e-05
1.907841e-05
1.964478e-05
2.021913e-05
2.080148e-05
2.139181e-05
2.199014e-05
2.259645e-05
2.321075e-05
2.383303e-05
2.446331e-05
2.510157e-05
2.574782e-05
2.640206e-05
2.706429e-05
2.773451e-05
2.841271e-05
2.909891e-05
2.979309e-05
3.049526e-05
3.120542e-05
3.192356e-05
3.264970e-05
3.338382e-05
3.412593e-05
3.487603e-05
3.563412e-05
3.640019e-05
3.717426e-05
3.795631e-05
3.874635e-05
3.954438e-05
4.035040e-05
4.116440e-05
4.198640e-05
4.281638e-05
4.365435e-05
4.450031e-05
4.535426e-05
4.621619e-05
4.708612e-05
4.796403e-05
4.884993e-05
4.974382e-05
5.064569e-05
5.155556e-05
5.247341e-05
5.339925e-05
5.433308e-05
5.527490e-05
5.622471e-05
5.718250e-05
5.814828e-05
5.912206e-05
6.010382e-05
6.109356e-05
6.209130e-05
6.309702e-05
6.411074e-05
6.513244e-05
6.616213e-05
6.719980e-05
6.824547e-05
6.929912e-05
7.036077e-05
7.143040e-05
7.250802e-05
7.359362e-05
7.468722e-05
7.578880e-05
7.689837e-05
7.801594e-05
7.914148e-05
8.027502e-05
8.141655e-05
8.256606e-05
8.372356e-05
8.488905e-05
8.606253e-05
8.724400e-05
8.843345e-05
8.963089e-05
9.083632e-05
9.204974e-05
9.327115e-05
9.450055e-05
9.573793e-05
9.698331e-05
9.823667e-05
9.949802e-05
1.007674e-04
1.020447e-04
1.033300e-04
1.046233e-04
1.059246e-04
1.072339e-04
1.085511e-04
1.098764e-04
1.112096e-04
1.125509e-04
1.139001e-04
1.152573e-04
1.166225e-04
1.179957e-04
1.193769e-04
1.207660e-04
1.221632e-04
1.235683e-04
1.249814e-04
1.264025e-04
1.278316e-04
1.292687e-04
1.307138e-04
1.321669e-04
1.336279e-04
1.350970e-04
1.365740e-04
1.380590e-04
1.395520e-04
1.410530e-04
1.425620e-04
1.440790e-04
1.456040e-04
1.471369e-04
1.486779e-04
1.502268e-04
1.517837e-04
1.533486e-04
1.549215e-04
1.565024e-04
1.580912e-04
1.596881e-04
1.612930e-04
1.629058e-04
1.645266e-04
1.661554e-04
1.677922e-04
1.694370e-04
1.710898e-04
1.727505e-04
1.744193e-04
1.760960e-04
1.777808e-04
1.794735e-04
1.811742e-04
1.828829e-04
1.845996e-04
1.863242e-04
1.880569e-04
1.897975e-04
1.915462e-04
1.933028e-04
1.950674e-04
1.968400e-04
1.986206e-04
2.004092e-04
2.022057e-04
2.040103e-04
2.058228e-04
2.076433e-04
2.094719e-04
2.113084e-04
2.131529e-04
2.150053e-04
2.168658e-04
2.187343e-04
2.206107e-04
2.224952e-04
2.243876e-04
2.262880e-04
2.281964e-04
2.301128e-04
2.320372e-04
2.339695e-04
2.359099e-04
2.378582e-04
2.398145e-04
2.417789e-04
2.437512e-04
2.457315e-04
2.477197e-04
2.497160e-04
2.517203e-04
2.537325e-04
2.557528e-04
2.577810e-04
2.598172e-04
2.618614e-04
2.639136e-04
2.659738e-04
2.680419e-04
2.701181e-04
2.722022e-04
2.742944e-04
2.763945e-04
2.785026e-04
2.806187e-04
2.827428e-04
2.848748e-04
2.870149e-04
2.891629e-04
2.913190e-04
2.934830e-04
2.956550e-04
2.978350e-04
3.000230e-04
3.022190e-04
3.044230e-04
3.066349e-04
3.088548e-04
3.110828e-04
3.133187e-04
3.155626e-04
3.178145e-04
3.200744e-04
3.223423e-04
3.246181e-04
3.269020e-04
3.291938e-04
3.314936e-04
3.338014e-04
3.361172e-04
3.384410e-04
3.407728e-04
3.431126e-04
3.454603e-04
3.478161e-04
3.501798e-04
3.525515e-04
3.549312e-04
3.573189e-04
3.597146e-04
3.621183e-04
3.645300e-04
3.669496e-04
3.693772e-04
3.718129e-04
3.742565e-04
3.767081e-04
3.791677e-04
3.816353e-04
3.841108e-04
3.865944e-04
3.890859e-04
3.915855e-04
3.940930e-04
3.966085e-04
3.991320e-04
4.016635e-04
4.042030e-04
4.067504e-04
4.093059e-04
4.118693e-04
4.144407e-04
4.170201e-04
4.196076e-04
4.222029e-04
4.248063e-04
4.274177e-04
4.300370e-04
4.326644e-04
4.352997e-04
4.379430e-04
4.405944e-04
4.432537e-04
4.459209e-04
4.485962e-04
4.512795e-04
4.539707e-04
4.566700e-04
4.593772e-04
4.620924e-04
4.648156e-04
4.675468e-04
4.702860e-04
4.730332e-04
4.757883e-04
4.785515e-04
4.813226e-04
4.841017e-04
4.868888e-04
4.896839e-04
4.924870e-04
4.952981e-04
4.981172e-04
5.009442e-04
5.037793e-04
5.066223e-04
5.094733e-04
5.123323e-04
5.151993e-04
5.180743e-04
5.209573e-04
5.238482e-04
5.267472e-04
5.296541e-04
5.325690e-04
5.354919e-04
5.384228e-04
5.413617e-04
5.443086e-04
5.472635e-04
5.502263e-04
5.531971e-04
5.561760e-04
5.591628e-04
5.621576e-04
5.651604e-04
5.681712e-04
5.711900e-04
5.742167e-04
5.772515e-04
5.802942e-04
5.833449e-04
5.864036e-04
5.894703e-04
5.925450e-04
5.956277e-04
5.987184e-04
6.018170e-04
6.049237e-04
6.080383e-04
6.111609e-04
6.142915e-04
6.174301e-04
6.205767e-04
6.237313e-04
6.268938e-04
6.300644e-04
6.332429e-04
6.364294e-04
6.396239e-04
6.428264e-04
6.460369e-04
6.492554e-04
6.524819e-04
6.557163e-04
6.589588e-04
6.622092e-04
6.654676e-04
6.687340e-04
6.720084e-04
6.752908e-04
6.785812e-04
6.818795e-04
6.851859e-04
6.885002e-04
6.918226e-04
6.951529e-04
6.984912e-04
7.018375e-04
7.051917e-04
7.085540e-04
7.119243e-04
7.153025e-04
7.186887e-04
7.220830e-04
7.254852e-04
7.288954e-04
7.323135e-04
7.357397e-04
7.391739e-04
7.426160e-04
7.460662e-04
7.495243e-04
7.529904e-04
7.564645e-04
7.599466e-04
7.634367e-04
7.669348e-04
7.704408e-04
7.739549e-04
7.774769e-04
7.810069e-04
7.845449e-04
7.880909e-04
7.916449e-04
7.952069e-04
7.987768e-04
8.023548e-04
8.059407e-04
8.095347e-04
8.131366e-04
8.167465e-04
8.203644e-04
8.239902e-04
8.276241e-04
8.312660e-04
8.349158e-04
8.385736e-04
8.422395e-04
8.459133e-04
8.495951e-04
8.532849e-04
8.569826e-04
8.606884e-04
8.644021e-04
8.681239e-04
8.718536e-04
8.755913e-04
8.793370e-04
8.830907e-04
8.868524e-04
8.906221e-04
8.943997e-04
8.981854e-04
9.019790e-04
9.057806e-04
9.095902e-04
9.134078e-04
9.172334e-04
9.210670e-04
9.249086e-04
9.287581e-04
9.326157e-04
9.364812e-04
9.403547e-04
9.442362e-04
9.481257e-04
9.520232e-04
9.559287e-04
9.598421e-04
9.637636e-04
9.676930e-04
9.716304e-04
9.755758e-04
9.795292e-04
9.834906e-04
9.874600e-04
9.914374e-04
9.954227e-04
9.994161e-04
1.003417e-03
1.007427e-03
1.011444e-03
1.015469e-03
1.019503e-03
1.023544e-03
1.027593e-03
1.031650e-03
1.035716e-03
1.039789e-03
1.043870e-03
1.047959e-03
1.052056e-03
1.056162e-03
1.060275e-03
1.064396e-03
1.068525e-03
1.072662e-03
1.076807e-03
1.080960e-03
1.085122e-03
1.089291e-03
1.093468e-03
1.097653e-03
1.101846e-03
1.106047e-03
1.110256e-03
1.114473e-03
1.118698e-03
1.122931e-03
1.127172e-03
1.131421e-03
1.135678e-03
1.139943e-03
1.144216e-03
1.148497e-03
1.152785e-03
1.157082e-03
1.161387e-03
1.165700e-03
1.170021e-03
1.174350e-03
1.178687e-03
1.183031e-03
1.187384e-03
1.191745e-03
1.196114e-03
1.200491e-03
1.204875e-03
1.209268e-03
1.213669e-03
1.218078e-03
1.222494e-03
1.226919e-03
1.231352e-03
1.235792e-03
1.240241e-03
1.244698e-03
1.249162e-03
1.253635e-03
1.258116e-03
1.262604e-03
1.267101e-03
1.271606e-03
1.276118e-03
1.280639e-03
1.285167e-03
1.289704e-03
1.294248e-03
1.298801e-03
1.303361e-03
1.307930e-03
1.312506e-03
1.317091e-03
1.321683e-03
1.326284e-03
1.330892e-03
1.335509e-03
1.340133e-03
1.344765e-03
1.349406e-03
1.354054e-03
1.358710e-03
1.363375e-03
1.368047e-03
1.372728e-03
1.377416e-03
1.382112e-03
1.386816e-03
1.391529e-03
1.396249e-03
1.400977e-03
1.405714e-03
1.410458e-03
1.415210e-03
1.419970e-03
1.424738e-03
1.429515e-03
1.434299e-03
1.439091e-03
1.443891e-03
1.448699e-03
1.453515e-03
1.458340e-03
1.463172e-03
1.468012e-03
1.472860e-03
1.477716e-03
1.482580e-03
1.487452e-03
1.492332e-03
1.497220e-03
1.502116e-03
1.507020e-03
1.511932e-03
1.516852e-03
1.521780e-03
1.526716e-03
1.531660e-03
1.536612e-03
1.541572e-03
1.546540e-03
1.551516e-03
1.556500e-03
1.561491e-03
1.566491e-03
1.571499e-03
1.576515e-03
1.581539e-03
1.586571e-03
1.591610e-03
1.596658e-03
1.601714e-03
1.606778e-03
1.611849e-03
1.616929e-03
1.622017e-03
1.627113e-03
1.632216e-03
1.637328e-03
1.642448e-03
1.647575e-03
1.652711e-03
1.657855e-03
1.663006e-03
1.668166e-03
1.673334e-03
1.678509e-03
1.683693e-03
1.688884e-03
1.694084e-03
1.699292e-03
1.704507e-03
1.709731e-03
1.714962e-03
1.720202e-03
1.725449e-03
1.730705e-03
1.735968e-03
1.741240e-03
1.746519e-03
1.751807e-03
1.757102e-03
1.762405e-03
1.767717e-03
1.773036e-03
1.778364e-03
1.783699e-03
1.789042e-03
1.794394e-03
1.799753e-03
1.805120e-03
1.810496e-03
1.815879e-03
1.821270e-03
1.826670e-03
1.832077e-03
1.837492e-03
1.842915e-03
1.848347e-03
1.853786e-03
1.859233e-03
1.864688e-03
1.870151e-03
1.875622e-03
1.881102e-03
1.886589e-03
1.892084e-03
1.897587e-03
1.903098e-03
1.908617e-03
1.914144e-03
1.919679e-03
1.925223e-03
1.930774e-03
1.936333e-03
1.941900e-03
1.947475e-03
1.953058e-03
1.958649e-03
1.964248e-03
1.969855e-03
1.975470e-03
1.981093e-03
1.986723e-03
1.992362e-03
1.998009e-03
2.003664e-03
2.009327e-03
2.014998e-03
2.020677e-03
2.026364e-03
2.032059e-03
2.037761e-03
2.043472e-03
2.049191e-03
2.054918e-03
2.060653e-03
2.066395e-03
2.072146e-03
2.077905e-03
2.083672e-03
2.089446e-03
2.095229e-03
2.101020e-03
2.106818e-03
2.112625e-03
2.118440e-03
2.124262e-03
2.130093e-03
2.135932e-03
2.141778e-03
2.147633e-03
2.153496e-03
2.159366e-03
2.165245e-03
2.171131e-03
2.177026e-03
2.182928e-03
2.188839e-03
2.194757e-03
2.200684e-03
2.206618e-03
2.212561e-03
2.218511e-03
2.224470e-03
2.230436e-03
2.236411e-03
2.242393e-03
2.248384e-03
2.254382e-03
2.260388e-03
2.266403e-03
2.272425e-03
2.278455e-03
2.284494e-03
2.290540e-03
2.296594e-03
2.302657e-03
2.308727e-03
2.314805e-03
2.320892e-03
2.326986e-03
2.333088e-03
2.339198e-03
2.345317e-03
2.351443e-03
2.357577e-03
2.363719e-03
2.369869e-03
2.376027e-03
2.382194e-03
2.388368e-03
2.394550e-03
2.400740e-03
2.406938e-03
2.413144e-03
2.419358e-03
2.425580e-03
2.431810e-03
2.438048e-03
2.444295e-03
2.450549e-03
2.456811e-03
2.463081e-03
2.469359e-03
2.475645e-03
2.481938e-03
2.488240e-03
2.494550e-03
2.500868e-03
2.507194e-03
2.513528e-03
2.519870e-03
2.526220e-03
2.532578e-03
2.538944e-03
2.545318e-03
2.551699e-03
2.558089e-03
2.564487e-03
2.570893e-03
2.577307e-03
2.583728e-03
2.590158e-03
2.596596e-03
2.603042e-03
2.609495e-03
2.615957e-03
2.622427e-03
2.628904e-03
2.635390e-03
2.641884e-03
2.648385e-03
2.654895e-03
2.661413e-03
2.667938e-03
2.674472e-03
2.681014e-03
2.687563e-03
2.694121e-03
2.700686e-03
2.707260e-03
2.713841e-03
2.720431e-03
2.727029e-03
2.733634e-03
2.740248e-03
2.746869e-03
2.753498e-03
2.760136e-03
2.766781e-03
2.773435e-03
2.780096e-03
2.786766e-03
2.793443e-03
2.800128e-03
2.806822e-03
2.813523e-03
2.820233e-03
2.826950e-03
2.833675e-03
2.840409e-03
2.847150e-03
2.853899e-03
2.860656e-03
2.867422e-03
2.874195e-03
2.880976e-03
2.887765e-03
2.894563e-03
2.901368e-03
2.908181e-03
2.915002e-03
2.921831e-03
2.928669e-03
2.935514e-03
2.942367e-03
2.949228e-03
2.956097e-03
2.962974e-03
2.969859e-03
2.976753e-03
2.983654e-03
2.990563e-03
2.997480e-03
3.004405e-03
3.011338e-03
3.018279e-03
3.025228e-03
3.032185e-03
3.039150e-03
3.046123e-03
3.053104e-03
3.060093e-03
3.067090e-03
3.074094e-03
3.081107e-03
3.088128e-03
3.095157e-03
3.102194e-03
3.109239e-03
3.116292e-03
3.123353e-03
3.130421e-03
3.137498e-03
3.144583e-03
3.151676e-03
3.158777e-03
3.165885e-03
3.173002e-03
3.180127e-03
3.187260e-03
3.194400e-03
3.201549e-03
3.208706e-03
3.215870e-03
3.223043e-03
3.230224e-03
3.237412e-03
3.244609e-03
3.251814e-03
3.259026e-03
3.266247e-03
3.273476e-03
3.280712e-03
3.287957e-03
3.295209e-03
3.302470e-03
3.309738e-03
3.317015e-03
3.324299e-03
3.331592e-03
3.338892e-03
3.346201e-03
3.353517e-03
3.360842e-03
3.368174e-03
3.375515e-03
3.382863e-03
3.390219e-03
3.397584e-03
3.404956e-03
3.412337e-03
3.419725e-03
3.427121e-03
3.434526e-03
3.441938e-03
3.449358e-03
3.456787e-03
3.464223e-03
3.471667e-03
3.479119e-03
3.486580e-03
3.494048e-03
3.501524e-03
3.509008e-03
3.516501e-03
3.524001e-03
3.531509e-03
3.539025e-03
3.546549e-03
3.554081e-03
3.561622e-03
3.569170e-03
3.576726e-03
3.584290e-03
3.591862e-03
3.599442e-03
3.607030e-03
3.614626e-03
3.622230e-03
3.629842e-03
3.637462e-03
3.645090e-03
3.652726e-03
3.660370e-03
3.668022e-03
3.675682e-03
3.683350e-03
3.691026e-03
3.698710e-03
3.706402e-03
3.714102e-03
3.721810e-03
3.729526e-03
3.737250e-03
3.744981e-03
3.752721e-03
3.760469e-03
3.768225e-03
3.775989e-03
3.783760e-03
3.791540e-03
3.799328e-03
3.807124e-03
3.814928e-03
3.822739e-03
3.830559e-03
3.838387e-03
3.846222e-03
3.854066e-03
3.861918e-03
3.869777e-03
3.877645e-03
3.885521e-03
3.893404e-03
3.901296e-03
3.909196e-03
3.917103e-03
3.925019e-03
3.932942e-03
3.940874e-03
3.948814e-03
3.956761e-03
3.964717e-03
3.972680e-03
3.980652e-03
3.988631e-03
3.996619e-03
4.004614e-03
4.012617e-03
4.020629e-03
4.028648e-03
4.036676e-03
4.044711e-03
4.052755e-03
4.060806e-03
4.068865e-03
4.076933e-03
4.085008e-03
4.093091e-03
4.101183e-03
4.109282e-03
4.117389e-03
4.125505e-03
4.133628e-03
4.141759e-03
4.149898e-03
4.158046e-03
4.166201e-03
4.174364e-03
4.182535e-03
4.190715e-03
4.198902e-03
4.207097e-03
4.215300e-03
4.223511e-03
4.231730e-03
4.239958e-03
4.248193e-03
4.256436e-03
4.264687e-03
4.272946e-03
4.281213e-03
4.289488e-03
4.297771e-03
4.306062e-03
4.314361e-03
4.322668e-03
4.330983e-03
4.339306e-03
4.347637e-03
4.355976e-03
4.364323e-03
4.372678e-03
4.381041e-03
4.389412e-03
4.397791e-03
4.406178e-03
4.414573e-03
4.422975e-03
4.431386e-03
4.439805e-03
4.448232e-03
4.456667e-03
4.465110e-03
4.473560e-03
4.482019e-03
4.490486e-03
4.498961e-03
4.507443e-03
4.515934e-03
4.524433e-03
4.532940e-03
4.541454e-03
4.549977e-03
4.558508e-03
4.567046e-03
4.575593e-03
4.584148e-03
4.592710e-03
4.601281e-03
4.609860e-03
4.618446e-03
4.627041e-03
4.635643e-03
4.644254e-03
4.652873e-03
4.661499e-03
4.670134e-03
4.678776e-03
4.687427e-03
4.696085e-03
4.704752e-03
4.713426e-03
4.722109e-03
4.730799e-03
4.739497e-03
4.748204e-03
4.756918e-03
4.765641e-03
4.774371e-03
4.783109e-03
4.791856e-03
4.800610e-03
4.809372e-03
4.818143e-03
4.826921e-03
4.835707e-03
4.844502e-03
4.853304e-03
4.862114e-03
4.870933e-03
4.879759e-03
4.888593e-03
4.897435e-03
4.906285e-03
4.915144e-03
4.924010e-03
4.932884e-03
4.941766e-03
4.950656e-03
4.959555e-03
4.968461e-03
4.977375e-03
4.986297e-03
4.995227e-03
5.004165e-03
5.013111e-03
5.022065e-03
5.031027e-03
5.039997e-03
5.048975e-03
5.057961e-03
5.066955e-03
5.075957e-03
5.084967e-03
5.093985e-03
5.103011e-03
5.112045e-03
5.121087e-03
5.130137e-03
5.139195e-03
5.148261e-03
5.157335e-03
5.166417e-03
5.175506e-03
5.184604e-03
5.193710e-03
5.202824e-03
5.211946e-03
5.221076e-03
5.230213e-03
5.239359e-03
5.248513e-03
5.257675e-03
5.266844e-03
5.276022e-03
5.285208e-03
5.294402e-03
5.303603e-03
5.312813e-03
5.322031e-03
5.331256e-03
5.340490e-03
5.349732e-03
5.358981e-03
5.368239e-03
5.377505e-03
5.386778e-03
5.396060e-03
5.405349e-03
5.414647e-03
5.423952e-03
5.433266e-03
5.442587e-03
5.451917e-03
5.461254e-03
5.470600e-03
5.479953e-03
5.489315e-03
5.498684e-03
5.508062e-03
5.517447e-03
5.526841e-03
5.536242e-03
5.545651e-03
5.555069e-03
5.564494e-03
5.573928e-03
5.583369e-03
5.592818e-03
5.602276e-03
5.611741e-03
5.621214e-03
5.630695e-03
5.640185e-03
5.649682e-03
5.659187e-03
5.668700e-03
5.678222e-03
5.687751e-03
5.697288e-03
5.706833e-03
5.716387e-03
5.725948e-03
5.735517e-03
5.745094e-03
5.754679e-03
5.764272e-03
5.773873e-03
5.783482e-03
5.793100e-03
5.802725e-03
5.812358e-03
5.821999e-03
5.831648e-03
5.841305e-03
5.850970e-03
5.860643e-03
5.870324e-03
5.880013e-03
5.889710e-03
5.899415e-03
5.909128e-03
5.918849e-03
5.928578e-03
5.938315e-03
5.948059e-03
5.957812e-03
5.967573e-03
5.977342e-03
5.987119e-03
5.996904e-03
6.006697e-03
6.016497e-03
6.026306e-03
6.036123e-03
6.045948e-03
6.055781e-03
6.065621e-03
6.075470e-03
6.085327e-03
6.095192e-03
6.105064e-03
6.114945e-03
6.124834e-03
6.134730e-03
6.144635e-03
6.154548e-03
6.164468e-03
6.174397e-03
6.184334e-03
6.194278e-03
6.204231e-03
6.214191e-03
6.224160e-03
6.234136e-03
6.244121e-03
6.254114e-03
6.264114e-03
6.274123e-03
6.284139e-03
6.294164e-03
6.304196e-03
6.314237e-03
6.324285e-03
6.334341e-03
6.344406e-03
6.354478e-03
6.364559e-03
6.374647e-03
6.384744e-03
6.394848e-03
6.404960e-03
6.415081e-03
6.425209e-03
6.435345e-03
6.445490e-03
6.455642e-03
6.465802e-03
6.475970e-03
6.486147e-03
6.496331e-03
6.506523e-03
6.516723e-03
6.526932e-03
6.537148e-03
6.547372e-03
6.557604e-03
6.567844e-03
6.578093e-03
6.588349e-03
6.598613e-03
6.608885e-03
6.619165e-03
6.629453e-03
6.639749e-03
6.650053e-03
6.660366e-03
6.670686e-03
6.681014e-03
6.691350e-03
6.701694e-03
6.712046e-03
6.722406e-03
6.732774e-03
6.743150e-03
6.753534e-03
6.763926e-03
6.774326e-03
6.784733e-03
6.795149e-03
6.805573e-03
6.816005e-03
6.826445e-03
6.836893e-03
6.847349e-03
6.857813e-03
6.868284e-03
6.878764e-03
6.889252e-03
6.899748e-03
6.910252e-03
6.920763e-03
6.931283e-03
6.941811e-03
6.952347e-03
6.962890e-03
6.973442e-03
6.984002e-03
6.994570e-03
7.005145e-03
7.015729e-03
7.026321e-03
7.036920e-03
7.047528e-03
7.058143e-03
7.068767e-03
7.079399e-03
7.090038e-03
7.100686e-03
7.111341e-03
7.122005e-03
7.132677e-03
7.143356e-03
7.154044e-03
7.164739e-03
7.175443e-03
7.186154e-03
7.196874e-03
7.207601e-03
7.218336e-03
7.229080e-03
7.239831e-03
7.250591e-03
7.261358e-03
7.272134e-03
7.282917e-03
7.293708e-03
7.304508e-03
7.315315e-03
7.326130e-03
7.336954e-03
7.347785e-03
7.358624e-03
7.369472e-03
7.380327e-03
7.391190e-03
7.402061e-03
7.412941e-03
7.423828e-03
7.434723e-03
7.445626e-03
7.456537e-03
7.467457e-03
7.478384e-03
7.489319e-03
7.500262e-03
7.511213e-03
7.522172e-03
7.533139e-03
7.544114e-03
7.555098e-03
7.566089e-03
7.577088e-03
7.588095e-03
7.599110e-03
7.610133e-03
7.621164e-03
7.632203e-03
7.643250e-03
7.654305e-03
7.665368e-03
7.676439e-03
7.687518e-03
7.698605e-03
7.709700e-03
7.720802e-03
7.731913e-03
7.743032e-03
7.754159e-03
7.765294e-03
7.776437e-03
7.787588e-03
7.798746e-03
7.809913e-03
7.821088e-03
7.832271e-03
7.843462e-03
7.854660e-03
7.865867e-03
7.877082e-03
7.888305e-03
7.899535e-03
7.910774e-03
7.922021e-03
7.933275e-03
7.944538e-03
7.955809e-03
7.967087e-03
7.978374e-03
7.989669e-03
8.000971e-03
8.012282e-03
8.023601e-03
8.034927e-03
8.046262e-03
8.057604e-03
8.068955e-03
8.080313e-03
8.091680e-03
8.103054e-03
8.114437e-03
8.125827e-03
8.137226e-03
8.148632e-03
8.160047e-03
8.171469e-03
8.182900e-03
8.194338e-03
8.205784e-03
8.217239e-03
8.228701e-03
8.240172e-03
8.251650e-03
8.263136e-03
8.274631e-03
8.286133e-03
8.297643e-03
8.309162e-03
8.320688e-03
8.332222e-03
8.343764e-03
8.355315e-03
8.366873e-03
8.378439e-03
8.390013e-03
8.401596e-03
8.413186e-03
8.424784e-03
8.436390e-03
8.448004e-03
8.459626e-03
8.471257e-03
8.482895e-03
8.494541e-03
8.506195e-03
8.517857e-03
8.529527e-03
8.541205e-03
8.552891e-03
8.564585e-03
8.576287e-03
8.587997e-03
8.599715e-03
8.611441e-03
8.623175e-03
8.634917e-03
8.646667e-03
8.658425e-03
8.670191e-03
8.681965e-03
8.693747e-03
8.705537e-03
8.717335e-03
8.729141e-03
8.740954e-03
8.752776e-03
8.764606e-03
8.776444e-03
8.788290e-03
8.800144e-03
8.812005e-03
8.823875e-03
8.835753e-03
8.847639e-03
8.859532e-03
8.871434e-03
8.883344e-03
8.895262e-03
8.907187e-03
8.919121e-03
8.931063e-03
8.943012e-03
8.954970e-03
8.966936e-03
8.978909e-03
8.990891e-03
9.002881e-03
9.014878e-03
9.026884e-03
9.038897e-03
9.050919e-03
9.062948e-03
9.074986e-03
9.087032e-03
9.099085e-03
9.111147e-03
9.123216e-03
9.135293e-03
9.146714e-03
9.158095e-03
9.169436e-03
9.180737e-03
9.191999e-03
9.203220e-03
9.214402e-03
9.225544e-03
9.236646e-03
9.247708e-03
9.258730e-03
9.269713e-03
9.280656e-03
9.291559e-03
9.302422e-03
9.313245e-03
9.324028e-03
9.334772e-03
9.345475e-03
9.356139e-03
9.366763e-03
9.377347e-03
9.387892e-03
9.398396e-03
9.408861e-03
9.419286e-03
9.429671e-03
9.440016e-03
9.450321e-03
9.460587e-03
9.470812e-03
9.480998e-03
9.491144e-03
9.501250e-03
9.511317e-03
9.521343e-03
9.531330e-03
9.541277e-03
9.551184e-03
9.561051e-03
9.570878e-03
9.580666e-03
9.590413e-03
9.600121e-03
9.609789e-03
9.619417e-03
9.629006e-03
9.638554e-03
9.648063e-03
9.657531e-03
9.666960e-03
9.676349e-03
9.685699e-03
9.695008e-03
9.704278e-03
9.713508e-03
9.722698e-03
9.731848e-03
9.740958e-03
9.750028e-03
9.759059e-03
9.768050e-03
9.777001e-03
9.785912e-03
9.794783e-03
9.803615e-03
9.812406e-03
9.821158e-03
9.829870e-03
9.838542e-03
9.847174e-03
9.855767e-03
9.864319e-03
9.872832e-03
9.881305e-03
9.889738e-03
9.898131e-03
9.906485e-03
9.914798e-03
9.923072e-03
9.931306e-03
9.939500e-03
9.947654e-03
9.955768e-03
9.963843e-03
9.971878e-03
9.979873e-03
9.987828e-03
9.995743e-03
1.000362e-02
1.001145e-02
1.001925e-02
1.002701e-02
1.003472e-02
1.004240e-02
1.005003e-02
1.005763e-02
1.006519e-02
1.007270e-02
1.008018e-02
1.008762e-02
1.009502e-02
1.010237e-02
1.010969e-02
1.011697e-02
1.012421e-02
1.013141e-02
1.013856e-02
1.014568e-02
1.015276e-02
1.015980e-02
1.016680e-02
1.017376e-02
1.018068e-02
1.018756e-02
1.019440e-02
1.020120e-02
1.020796e-02
1.021468e-02
1.022136e-02
1.022800e-02
1.023460e-02
1.024116e-02
1.024768e-02
1.025416e-02
1.026060e-02
1.026700e-02
1.027336e-02
1.027969e-02
1.028597e-02
1.029221e-02
1.029841e-02
1.030458e-02
1.031070e-02
1.031678e-02
1.032282e-02
1.032883e-02
1.033479e-02
1.034071e-02
1.034660e-02
1.035244e-02
1.035825e-02
1.036401e-02
1.036973e-02
1.037542e-02
1.038106e-02
1.038667e-02
1.039223e-02
1.039776e-02
1.040324e-02
1.040869e-02
1.041409e-02
1.041946e-02
1.042479e-02
1.043007e-02
1.043532e-02
1.044052e-02
1.044569e-02
1.045082e-02
1.045590e-02
1.046095e-02
1.046596e-02
1.047093e-02
1.047585e-02
1.048074e-02
1.048559e-02
1.049040e-02
1.049517e-02
1.049989e-02
1.050458e-02
1.050923e-02
1.051384e-02
1.051841e-02
1.052294e-02
1.052743e-02
1.053188e-02
1.053629e-02
1.054066e-02
1.054499e-02
1.054928e-02
1.055353e-02
1.055774e-02
1.056191e-02
1.056604e-02
1.057013e-02
1.057418e-02
1.057819e-02
1.058217e-02
1.058610e-02
1.058999e-02
1.059384e-02
1.059765e-02
1.060143e-02
1.060516e-02
1.060885e-02
1.061250e-02
1.061612e-02
1.061969e-02
1.062322e-02
1.062672e-02
1.063017e-02
1.063358e-02
1.063696e-02
1.064029e-02
1.064359e-02
1.064684e-02
1.065006e-02
1.065323e-02
1.065637e-02
1.065946e-02
1.066252e-02
1.066553e-02
1.066851e-02
1.067144e-02
1.067434e-02
1.067719e-02
1.068001e-02
1.068279e-02
1.068552e-02
1.068822e-02
1.069088e-02
1.069350e-02
1.069607e-02
1.069861e-02
1.070111e-02
1.070357e-02
1.070598e-02
1.070836e-02
1.071070e-02
1.071300e-02
1.071526e-02
1.071748e-02
1.071965e-02
1.072179e-02
1.072389e-02
1.072595e-02
1.072797e-02
1.072995e-02
1.073189e-02
1.073379e-02
1.073565e-02
1.073747e-02
1.073925e-02
1.074099e-02
1.074269e-02
1.074436e-02
1.074598e-02
1.074756e-02
1.074910e-02
1.075060e-02
1.075206e-02
1.075349e-02
1.075487e-02
1.075621e-02
1.075751e-02
1.075878e-02
1.076000e-02
1.076118e-02
1.076233e-02
1.076343e-02
1.076449e-02
1.076552e-02
1.076650e-02
1.076744e-02
1.076835e-02
1.076921e-02
1.077004e-02
1.077082e-02
1.077157e-02
1.077227e-02
1.077294e-02
1.077356e-02
1.077415e-02
1.077469e-02
1.077520e-02
1.077567e-02
1.077609e-02
1.077648e-02
1.077682e-02
1.077713e-02
1.077740e-02
1.077762e-02
1.077781e-02
1.077796e-02
1.077807e-02
1.077813e-02
1.077816e-02
1.077815e-02
1.077810e-02
1.077801e-02
1.077788e-02
1.077770e-02
1.077749e-02
1.077724e-02
1.077695e-02
1.077662e-02
1.077625e-02
1.077584e-02
1.077539e-02
1.077490e-02
1.077459e-02
1.077459e-02
1.077459e-02
1.077459e-02
1.077459e-02
1.077459e-02
1.077459e-02
1.077459e-02
1.077459e-02
1.077459e-02
1.077459e-02
1.077459e-02
1.077459e-02
1.077459e-02
1.077459e-02
1.077459e-02
1.077459e-02
1.077459e-02
1.077459e-02
1.077459e-02
1.077459e-02
1.077459e-02
1.077459e-02
1.077459e-02
1.077459e-02
1.077459e-02
1.077459e-02
1.077459e-02
1.077459e-02
1.077459e-02
1.077459e-02
1.077459e-02
1.077459e-02
1.077459e-02
1.077459e-02
1.077459e-02
1.077459e-02
1.077459e-02
1.077459e-02
1.077459e-02
1.077459e-02
1.077459e-02
1.077459e-02
1.077459e-02
1.077459e-02
1.077459e-02
1.077459e-02
1.077459e-02
1.077459e-02
1.077459e-02
1.077459e-02
1.077459e-02
1.077459e-02
1.077459e-02
1.077459e-02
1.077459e-02
1.077459e-02
1.077459e-02
1.077459e-02
1.077459e-02
1.077459e-02
1.077459e-02
1.077459e-02
1.077459e-02
1.077459e-02
1.077459e-02
1.077459e-02
1.077459e-02
1.077459e-02
1.077459e-02
1.077459e-02
1.077459e-02
1.077459e-02
1.077459e-02
1.077459e-02
1.077459e-02
1.077459e-02
1.077459e-02
1.077459e-02
1.077459e-02
1.077459e-02
1.077459e-02
1.077459e-02
1.077459e-02
1.077459e-02
1.077459e-02
1.077459e-02
1.077459e-02
1.077459e-02
1.077459e-02
1.077459e-02
1.077459e-02
1.077459e-02
1.077459e-02
1.077459e-02
1.077459e-02
1.077459e-02
1.077459e-02
1.077459e-02
1.077459e-02
1.077459e-02
1.077459e-02
1.077459e-02
1.077459e-02
1.077459e-02
1.077459e-02
1.077459e-02
1.077459e-02
1.077459e-02
1.077459e-02
1.077459e-02
1.077459e-02
1.077459e-02
1.077459e-02
1.077459e-02
1.077459e-02
1.077459e-02
1.077459e-02
1.077459e-02
1.077459e-02
1.077459e-02
1.077459e-02
1.077459e-02
1.077459e-02
1.077459e-02
1.077459e-02
1.077459e-02
1.077459e-02
1.077459e-02
1.077459e-02
1.077459e-02
1.077459e-02
1.077459e-02
1.077459e-02
1.077459e-02
1.077459e-02
1.077459e-02
1.077459e-02
1.077459e-02
1.077459e-02
1.077459e-02
1.077459e-02
1.077459e-02
1.077459e-02
1.077459e-02
1.077459e-02
1.077459e-02
1.077459e-02
1.077459e-02
1.077459e-02
1.077459e-02
1.077459e-02
1.077459e-02
1.077459e-02
1.077459e-02
1.077459e-02
1.077459e-02
1.077459e-02
1.077459e-02
1.077459e-02
1.077459e-02
1.077459e-02
1.077459e-02
1.077459e-02
1.077459e-02
1.077459e-02
1.077459e-02
1.077459e-02
1.077459e-02
1.077459e-02
1.077459e-02
1.077459e-02
1.077459e-02
1.077459e-02
1.077459e-02
1.077459e-02
1.077459e-02
1.077459e-02
1.077459e-02
1.077459e-02
1.077459e-02
1.077459e-02
1.077459e-02
1.077459e-02
1.077459e-02
1.077459e-02
1.077459e-02
1.077459e-02
1.077459e-02
1.077459e-02
1.077459e-02
1.077459e-02
1.077459e-02
1.077459e-02
1.077459e-02
1.077459e-02
1.077459e-02
1.077459e-02
1.077459e-02
1.077459e-02
1.077459e-02
