0.000000e+00
1.110371e-07
2.244020e-07
3.400947e-07
4.581153e-07
5.784636e-07
7.011398e-07
8.261439e-07
9.534757e-07
1.083135e-06
1.215123e-06
1.349438e-06
1.486081e-06
1.625052e-06
1.766351e-06
1.909978e-06
2.055932e-06
2.204214e-06
2.354824e-06
2.507762e-06
2.663028e-06
2.820621e-06
2.980543e-06
3.142792e-06
3.307369e-06
3.474274e-06
3.643506e-06
3.815067e-06
3.988955e-06
4.165171e-06
4.343715e-06
4.524587e-06
4.707786e-06
4.893314e-06
5.081169e-06
5.271352e-06
5.463863e-06
5.658701e-06
5.855868e-06
6.055362e-06
6.257184e-06
6.461334e-06
6.667812e-06
6.876618e-06
7.087751e-06
7.301212e-06
7.517001e-06
7.735118e-06
7.955563e-06
8.178335e-06
8.403436e-06
8.630864e-06
8.860620e-06
9.092704e-06
9.327115e-06
9.563855e-06
9.802922e-06
1.004432e-05
1.028804e-05
1.053409e-05
1.078247e-05
1.103318e-05
1.128621e-05
1.154157e-05
1.179926e-05
1.205928e-05
1.232162e-05
1.258630e-05
1.285330e-05
1.312263e-05
1.339429e-05
1.366827e-05
1.394458e-05
1.422322e-05
1.450419e-05
1.478749e-05
1.507311e-05
1.536106e-05
1.565134e-05
1.594395e-05
1.623888e-05
1.653615e-05
1.683574e-05
1.713765e-05
1.744190e-05
1.774848e-05
1.805738e-05
1.836861e-05
1.868216e-05
1.899805e-05
1.931626e-05
1.963680e-05
1.995967e-05
2.028487e-05
2.061239e-05
2.094225e-05
2.127443e-05
2.160893e-05
2.194577e-05
2.228493e-05
2.262643e-05
2.297024e-05
2.331639e-05
2.366487e-05
2.401567e-05
2.436880e-05
2.472426e-05
2.508204e-05
2.544216e-05
2.580460e-05
2.616937e-05
2.653647e-05
2.690589e-05
2.727765e-05
2.765173e-05
2.802813e-05
2.840687e-05
2.878794e-05
2.917133e-05
2.955705e-05
2.994510e-05
3.033547e-05
3.072818e-05
3.112321e-05
3.152057e-05
3.192025e-05
3.232227e-05
3.272661e-05
3.313328e-05
3.354228e-05
3.395360e-05
3.436726e-05
3.478324e-05
3.520155e-05
3.562219e-05
3.604515e-05
3.647045e-05
3.689807e-05
3.732801e-05
3.776029e-05
3.819490e-05
3.863183e-05
3.907109e-05
3.951268e-05
3.995659e-05
4.040283e-05
4.085141e-05
4.130230e-05
4.175553e-05
4.221109e-05
4.266897e-05
4.312918e-05
4.359172e-05
4.405658e-05
4.452378e-05
4.499330e-05
4.546515e-05
4.593932e-05
4.641583e-05
4.689466e-05
4.737582e-05
4.785931e-05
4.834513e-05
4.883327e-05
4.932374e-05
4.981654e-05
5.031167e-05
5.080913e-05
5.130891e-05
5.181102e-05
5.231546e-05
5.282223e-05
5.333132e-05
5.384274e-05
5.435649e-05
5.487257e-05
5.539098e-05
5.591171e-05
5.643477e-05
5.696016e-05
5.748788e-05
5.801793e-05
5.855030e-05
5.908500e-05
5.962203e-05
6.016138e-05
6.070307e-05
6.124708e-05
6.179342e-05
6.234209e-05
6.289308e-05
6.344640e-05
6.400206e-05
6.456003e-05
6.512034e-05
6.568298e-05
6.624794e-05
6.681523e-05
6.738485e-05
6.795679e-05
6.853107e-05
6.910767e-05
6.968660e-05
7.026785e-05
7.085144e-05
7.143735e-05
7.202559e-05
7.261616e-05
7.320906e-05
7.380428e-05
7.440183e-05
7.500171e-05
7.560392e-05
7.620845e-05
7.681532e-05
7.742451e-05
7.803603e-05
7.864987e-05
7.926605e-05
7.988455e-05
8.050538e-05
8.112854e-05
8.175402e-05
8.238184e-05
8.301198e-05
8.364445e-05
8.427924e-05
8.491637e-05
8.555582e-05
8.619760e-05
8.684171e-05
8.748815e-05
8.813691e-05
8.878800e-05
8.944142e-05
9.009717e-05
9.075524e-05
9.141565e-05
9.207838e-05
9.274344e-05
9.341082e-05
9.408054e-05
9.475258e-05
9.542695e-05
9.610365e-05
9.678267e-05
9.746402e-05
9.814771e-05
9.883371e-05
9.952205e-05
1.002127e-04
1.009057e-04
1.016010e-04
1.022987e-04
1.029987e-04
1.037010e-04
1.044056e-04
1.051125e-04
1.058218e-04
1.065335e-04
1.072474e-04
1.079637e-04
1.086823e-04
1.094032e-04
1.101264e-04
1.108520e-04
1.115799e-04
1.123102e-04
1.130427e-04
1.137776e-04
1.145149e-04
1.152544e-04
1.159963e-04
1.167405e-04
1.174870e-04
1.182359e-04
1.189871e-04
1.197406e-04
1.204964e-04
1.212546e-04
1.220151e-04
1.227779e-04
1.235431e-04
1.243106e-04
1.250804e-04
1.258525e-04
1.266270e-04
1.274038e-04
1.281829e-04
1.289643e-04
1.297481e-04
1.305342e-04
1.313227e-04
1.321134e-04
1.329065e-04
1.337019e-04
1.344997e-04
1.352997e-04
1.361021e-04
1.369069e-04
1.377139e-04
1.385233e-04
1.393350e-04
1.401491e-04
1.409654e-04
1.417841e-04
1.426051e-04
1.434285e-04
1.442542e-04
1.450822e-04
1.459125e-04
1.467452e-04
1.475802e-04
1.484175e-04
1.492571e-04
1.500991e-04
1.509434e-04
1.517900e-04
1.526390e-04
1.534903e-04
1.543439e-04
1.551998e-04
1.560581e-04
1.569187e-04
1.577816e-04
1.586469e-04
1.595144e-04
1.603843e-04
1.612566e-04
1.621311e-04
1.630080e-04
1.638872e-04
1.647688e-04
1.656527e-04
1.665389e-04
1.674274e-04
1.683183e-04
1.692114e-04
1.701070e-04
1.710048e-04
1.719050e-04
1.728075e-04
1.737123e-04
1.746194e-04
1.755289e-04
1.764407e-04
1.773549e-04
1.782713e-04
1.791901e-04
1.801112e-04
1.810347e-04
1.819605e-04
1.828886e-04
1.838190e-04
1.847517e-04
1.856868e-04
1.866242e-04
1.875640e-04
1.885061e-04
1.894505e-04
1.903972e-04
1.913462e-04
1.922976e-04
1.932513e-04
1.942074e-04
1.951657e-04
1.961264e-04
1.970894e-04
1.980548e-04
1.990225e-04
1.999925e-04
2.009648e-04
2.019394e-04
2.029164e-04
2.038957e-04
2.048774e-04
2.058614e-04
2.068477e-04
2.078363e-04
2.088272e-04
2.098205e-04
2.108161e-04
2.118141e-04
2.128143e-04
2.138169e-04
2.148218e-04
2.158291e-04
2.168387e-04
2.178506e-04
2.188648e-04
2.198814e-04
2.209003e-04
2.219215e-04
2.229450e-04
2.239709e-04
2.249991e-04
2.260296e-04
2.270625e-04
2.280976e-04
2.291352e-04
2.301750e-04
2.312172e-04
2.322617e-04
2.333085e-04
2.343576e-04
2.354091e-04
2.364629e-04
2.375190e-04
2.385775e-04
2.396383e-04
2.407014e-04
2.417668e-04
2.428346e-04
2.439047e-04
2.449771e-04
2.460519e-04
2.471290e-04
2.482084e-04
2.492901e-04
2.503742e-04
2.514606e-04
2.525493e-04
2.536404e-04
2.547337e-04
2.558294e-04
2.569275e-04
2.580278e-04
2.591305e-04
2.602355e-04
2.613429e-04
2.624526e-04
2.635646e-04
2.646789e-04
2.657955e-04
2.669145e-04
2.680358e-04
2.691595e-04
2.702855e-04
2.714137e-04
2.725444e-04
2.736773e-04
2.748126e-04
2.759502e-04
2.770901e-04
2.782324e-04
2.793770e-04
2.805239e-04
2.816732e-04
2.828247e-04
2.839786e-04
2.851349e-04
2.862934e-04
2.874543e-04
2.886175e-04
2.897831e-04
2.909509e-04
2.921211e-04
2.932936e-04
2.944685e-04
2.956457e-04
2.968252e-04
2.980070e-04
2.991912e-04
3.003777e-04
3.015665e-04
3.027576e-04
3.039511e-04
3.051469e-04
3.063450e-04
3.075455e-04
3.087483e-04
3.099534e-04
3.111608e-04
3.123706e-04
3.135827e-04
3.147971e-04
3.160139e-04
3.172330e-04
3.184544e-04
3.196781e-04
3.209042e-04
3.221326e-04
3.233633e-04
3.245963e-04
3.258317e-04
3.270694e-04
3.283094e-04
3.295518e-04
3.307965e-04
3.320435e-04
3.332928e-04
3.345445e-04
3.357985e-04
3.370548e-04
3.383135e-04
3.395745e-04
3.408378e-04
3.421034e-04
3.433714e-04
3.446417e-04
3.459143e-04
3.471892e-04
3.484665e-04
3.497461e-04
3.510280e-04
3.523123e-04
3.535989e-04
3.548878e-04
3.561790e-04
3.574726e-04
3.587685e-04
3.600667e-04
3.613673e-04
3.626702e-04
3.639754e-04
3.652829e-04
3.665928e-04
3.679050e-04
3.692195e-04
3.705363e-04
3.718555e-04
3.731770e-04
3.745009e-04
3.758270e-04
3.771555e-04
3.784863e-04
3.798195e-04
3.811549e-04
3.824927e-04
3.838329e-04
3.851753e-04
3.865201e-04
3.878672e-04
3.892166e-04
3.905684e-04
3.919225e-04
3.932789e-04
3.946377e-04
3.959988e-04
3.973622e-04
3.987279e-04
4.000960e-04
4.014663e-04
4.028391e-04
4.042141e-04
4.055915e-04
4.069712e-04
4.083532e-04
4.097376e-04
4.111242e-04
4.125133e-04
4.139046e-04
4.152983e-04
4.166943e-04
4.180926e-04
4.194932e-04
4.208962e-04
4.223015e-04
4.237091e-04
4.251191e-04
4.265314e-04
4.279460e-04
4.293630e-04
4.307822e-04
4.322038e-04
4.336278e-04
4.350540e-04
4.364826e-04
4.379135e-04
4.393467e-04
4.407823e-04
4.422202e-04
4.436604e-04
4.451030e-04
4.465479e-04
4.479951e-04
4.494446e-04
4.508965e-04
4.523507e-04
4.538072e-04
4.552660e-04
4.567272e-04
4.581907e-04
4.596565e-04
4.611247e-04
4.625952e-04
4.640680e-04
4.655431e-04
4.670206e-04
4.685004e-04
4.699825e-04
4.714670e-04
4.729537e-04
4.744428e-04
4.759343e-04
4.774280e-04
4.789241e-04
4.804226e-04
4.819233e-04
4.834264e-04
4.849318e-04
4.864395e-04
4.879496e-04
4.894620e-04
4.909767e-04
4.924937e-04
4.940131e-04
4.955348e-04
4.970588e-04
4.985852e-04
5.001138e-04
5.016448e-04
5.031782e-04
5.047138e-04
5.062518e-04
5.077921e-04
5.093348e-04
5.108798e-04
5.124271e-04
5.139767e-04
5.155287e-04
5.170830e-04
5.186396e-04
5.201985e-04
5.217598e-04
5.233234e-04
5.248893e-04
5.264576e-04
5.280281e-04
5.296010e-04
5.311763e-04
5.327538e-04
5.343337e-04
5.359160e-04
5.375005e-04
5.390874e-04
5.406766e-04
5.422681e-04
5.438620e-04
5.454582e-04
5.470567e-04
5.486575e-04
5.502607e-04
5.518662e-04
5.534740e-04
5.550842e-04
5.566967e-04
5.583115e-04
5.599286e-04
5.615481e-04
5.631699e-04
5.647940e-04
5.664204e-04
5.680492e-04
5.696803e-04
5.713137e-04
5.729495e-04
5.745876e-04
5.762280e-04
5.778708e-04
5.795158e-04
5.811632e-04
5.828129e-04
5.844650e-04
5.861194e-04
5.877761e-04
5.894351e-04
5.910965e-04
5.927602e-04
5.944262e-04
5.960946e-04
5.977652e-04
5.994383e-04
6.011136e-04
6.027912e-04
6.044712e-04
6.061535e-04
6.078382e-04
6.095252e-04
6.112145e-04
6.129061e-04
6.146001e-04
6.162963e-04
6.179949e-04
6.196959e-04
6.213992e-04
6.231047e-04
6.248127e-04
6.265229e-04
6.282355e-04
6.299504e-04
6.316676e-04
6.333872e-04
6.351091e-04
6.368333e-04
6.385599e-04
6.402887e-04
6.420199e-04
6.437535e-04
6.454893e-04
6.472275e-04
6.489680e-04
6.507108e-04
6.524560e-04
6.542035e-04
6.559533e-04
6.577055e-04
6.594600e-04
6.612168e-04
6.629759e-04
6.647374e-04
6.665012e-04
6.682673e-04
6.700357e-04
6.718065e-04
6.735796e-04
6.753550e-04
6.771328e-04
6.789129e-04
6.806953e-04
6.824800e-04
6.842671e-04
6.860565e-04
6.878482e-04
6.896423e-04
6.914386e-04
6.932374e-04
6.950384e-04
6.968418e-04
6.986474e-04
7.004555e-04
7.022658e-04
7.040785e-04
7.058935e-04
7.077108e-04
7.095305e-04
7.113525e-04
7.131768e-04
7.150034e-04
7.168324e-04
7.186637e-04
7.204973e-04
7.223333e-04
7.241715e-04
7.260121e-04
7.278551e-04
7.297003e-04
7.315479e-04
7.333979e-04
7.352501e-04
7.371047e-04
7.389616e-04
7.408208e-04
7.426824e-04
7.445463e-04
7.464125e-04
7.482810e-04
7.501519e-04
7.520251e-04
7.539006e-04
7.557785e-04
7.576586e-04
7.595412e-04
7.614260e-04
7.633132e-04
7.652027e-04
7.670945e-04
7.689886e-04
7.708851e-04
7.727839e-04
7.746850e-04
7.765885e-04
7.784943e-04
7.804024e-04
7.823128e-04
7.842256e-04
7.861407e-04
7.880581e-04
7.899779e-04
7.919000e-04
7.938244e-04
7.957511e-04
7.976802e-04
7.996116e-04
8.015453e-04
8.034814e-04
8.054197e-04
8.073604e-04
8.093035e-04
8.112488e-04
8.131965e-04
8.151465e-04
8.170989e-04
8.190535e-04
8.210105e-04
8.229699e-04
8.249315e-04
8.268955e-04
8.288618e-04
8.308305e-04
8.328014e-04
8.347747e-04
8.367503e-04
8.387283e-04
8.407086e-04
8.426912e-04
8.446761e-04
8.466634e-04
8.486530e-04
8.506449e-04
8.526391e-04
8.546357e-04
8.566346e-04
8.586358e-04
8.606394e-04
8.626453e-04
8.646535e-04
8.666640e-04
8.686769e-04
8.706921e-04
8.727096e-04
8.747294e-04
8.767516e-04
8.787761e-04
8.808030e-04
8.828321e-04
8.848636e-04
8.868974e-04
8.889336e-04
8.909721e-04
8.930129e-04
8.950560e-04
8.971014e-04
8.991492e-04
9.011993e-04
9.032518e-04
9.053065e-04
9.073636e-04
9.094231e-04
9.114848e-04
9.135489e-04
9.156153e-04
9.176840e-04
9.197551e-04
9.218285e-04
9.239042e-04
9.259823e-04
9.280626e-04
9.301453e-04
9.322304e-04
9.343177e-04
9.364074e-04
9.384994e-04
9.405938e-04
9.426904e-04
9.447894e-04
9.468908e-04
9.489944e-04
9.511004e-04
9.532087e-04
9.553193e-04
9.574323e-04
9.595476e-04
9.616652e-04
9.637851e-04
9.659074e-04
9.680320e-04
9.701590e-04
9.722882e-04
9.744198e-04
9.765537e-04
9.786900e-04
9.808285e-04
9.829694e-04
9.851127e-04
9.872582e-04
9.894061e-04
9.915563e-04
9.937088e-04
9.958637e-04
9.980209e-04
1.000180e-03
1.002342e-03
1.004506e-03
1.006673e-03
1.008842e-03
1.011013e-03
1.013186e-03
1.015362e-03
1.017540e-03
1.019721e-03
1.021904e-03
1.024089e-03
1.026276e-03
1.028466e-03
1.030658e-03
1.032853e-03
1.035049e-03
1.037248e-03
1.039450e-03
1.041654e-03
1.043860e-03
1.046068e-03
1.048279e-03
1.050492e-03
1.052707e-03
1.054925e-03
1.057145e-03
1.059367e-03
1.061592e-03
1.063819e-03
1.066048e-03
1.068280e-03
1.070514e-03
1.072750e-03
1.074989e-03
1.077230e-03
1.079473e-03
1.081719e-03
1.083967e-03
1.086217e-03
1.088470e-03
1.090725e-03
1.092982e-03
1.095242e-03
1.097504e-03
1.099768e-03
1.102035e-03
1.104304e-03
1.106575e-03
1.108848e-03
1.111124e-03
1.113403e-03
1.115683e-03
1.117966e-03
1.120251e-03
1.122539e-03
1.124829e-03
1.127121e-03
1.129415e-03
1.131712e-03
1.134012e-03
1.136313e-03
1.138617e-03
1.140923e-03
1.143232e-03
1.145542e-03
1.147856e-03
1.150171e-03
1.152489e-03
1.154809e-03
1.157131e-03
1.159456e-03
1.161783e-03
1.164113e-03
1.166445e-03
1.168779e-03
1.171115e-03
1.173454e-03
1.175795e-03
1.178138e-03
1.180484e-03
1.182832e-03
1.185183e-03
1.187535e-03
1.189890e-03
1.192248e-03
1.194608e-03
1.196970e-03
1.199334e-03
1.201701e-03
1.204070e-03
1.206441e-03
1.208815e-03
1.211191e-03
1.213569e-03
1.215950e-03
1.218333e-03
1.220718e-03
1.223106e-03
1.225496e-03
1.227888e-03
1.230283e-03
1.232679e-03
1.235079e-03
1.237480e-03
1.239884e-03
1.242291e-03
1.244699e-03
1.247110e-03
1.249523e-03
1.251939e-03
1.254357e-03
1.256777e-03
1.259200e-03
1.261625e-03
1.264052e-03
1.266481e-03
1.268913e-03
1.271347e-03
1.273784e-03
1.276223e-03
1.278664e-03
1.281107e-03
1.283553e-03
1.286002e-03
1.288452e-03
1.290905e-03
1.293360e-03
1.295817e-03
1.298277e-03
1.300739e-03
1.303204e-03
1.305671e-03
1.308140e-03
1.310611e-03
1.313085e-03
1.315561e-03
1.318040e-03
1.320520e-03
1.323003e-03
1.325489e-03
1.327977e-03
1.330467e-03
1.332959e-03
1.335454e-03
1.337951e-03
1.340450e-03
1.342952e-03
1.345456e-03
1.347962e-03
1.350471e-03
1.352982e-03
1.355495e-03
1.358011e-03
1.360529e-03
1.363049e-03
1.365572e-03
1.368097e-03
1.370624e-03
1.373154e-03
1.375686e-03
1.378220e-03
1.380757e-03
1.383296e-03
1.385837e-03
1.388381e-03
1.390927e-03
1.393475e-03
1.396026e-03
1.398578e-03
1.401134e-03
1.403691e-03
1.406251e-03
1.408813e-03
1.411378e-03
1.413945e-03
1.416514e-03
1.419086e-03
1.421659e-03
1.424236e-03
1.426814e-03
1.429395e-03
1.431978e-03
1.434564e-03
1.437152e-03
1.439742e-03
1.442334e-03
1.444929e-03
1.447526e-03
1.450126e-03
1.452728e-03
1.455332e-03
1.457938e-03
1.460547e-03
1.463158e-03
1.465771e-03
1.468387e-03
1.471005e-03
1.473626e-03
1.476249e-03
1.478874e-03
1.481501e-03
1.484131e-03
1.486763e-03
1.489397e-03
1.492034e-03
1.494673e-03
1.497314e-03
1.499958e-03
1.502604e-03
1.505252e-03
1.507903e-03
1.510556e-03
1.513212e-03
1.515869e-03
1.518529e-03
1.521192e-03
1.523856e-03
1.526523e-03
1.529193e-03
1.531864e-03
1.534538e-03
1.537214e-03
1.539893e-03
1.542574e-03
1.545257e-03
1.547943e-03
1.550631e-03
1.553321e-03
1.556014e-03
1.558709e-03
1.561406e-03
1.564105e-03
1.566807e-03
1.569512e-03
1.572218e-03
1.574927e-03
1.577638e-03
1.580352e-03
1.583068e-03
1.585786e-03
1.588506e-03
1.591229e-03
1.593954e-03
1.596682e-03
1.599412e-03
1.602144e-03
1.604878e-03
1.607615e-03
1.610354e-03
1.613096e-03
1.615840e-03
1.618586e-03
1.621334e-03
1.624085e-03
1.626838e-03
1.629594e-03
1.632351e-03
1.635111e-03
1.637874e-03
1.640639e-03
1.643406e-03
1.646175e-03
1.648947e-03
1.651721e-03
1.654497e-03
1.657276e-03
1.660057e-03
1.662840e-03
1.665626e-03
1.668414e-03
1.671205e-03
1.673997e-03
1.676792e-03
1.679590e-03
1.682389e-03
1.685191e-03
1.687996e-03
1.690802e-03
1.693611e-03
1.696423e-03
1.699236e-03
1.702052e-03
1.704870e-03
1.707691e-03
1.710514e-03
1.713339e-03
1.716167e-03
1.718997e-03
1.721829e-03
1.724664e-03
1.727501e-03
1.730340e-03
1.733181e-03
1.736025e-03
1.738872e-03
1.741720e-03
1.744571e-03
1.747424e-03
1.750280e-03
1.753138e-03
1.755998e-03
1.758860e-03
1.761725e-03
1.764592e-03
1.767462e-03
1.770334e-03
1.773208e-03
1.776084e-03
1.778963e-03
1.781844e-03
1.784728e-03
1.787614e-03
1.790502e-03
1.793392e-03
1.796285e-03
1.799180e-03
1.802077e-03
1.804977e-03
1.807879e-03
1.810784e-03
1.813690e-03
1.816600e-03
1.819511e-03
1.822425e-03
1.825341e-03
1.828259e-03
1.831180e-03
1.834103e-03
1.837028e-03
1.839956e-03
1.842886e-03
1.845818e-03
1.848753e-03
1.851690e-03
1.854629e-03
1.857571e-03
1.860515e-03
1.863461e-03
1.866410e-03
1.869361e-03
1.872314e-03
1.875270e-03
1.878228e-03
1.881188e-03
1.884151e-03
1.887116e-03
1.890083e-03
1.893053e-03
1.896025e-03
1.898999e-03
1.901975e-03
1.904954e-03
1.907936e-03
1.910919e-03
1.913905e-03
1.916893e-03
1.919884e-03
1.922877e-03
1.925872e-03
1.928869e-03
1.931869e-03
1.934872e-03
1.937876e-03
1.940883e-03
1.943892e-03
1.946904e-03
1.949917e-03
1.952934e-03
1.955952e-03
1.958973e-03
1.961996e-03
1.965021e-03
1.968049e-03
1.971079e-03
1.974112e-03
1.977147e-03
1.980184e-03
1.983223e-03
1.986265e-03
1.989309e-03
1.992355e-03
1.995404e-03
1.998455e-03
2.001509e-03
2.004564e-03
2.007622e-03
2.010683e-03
2.013746e-03
2.016811e-03
2.019878e-03
2.022948e-03
2.026020e-03
2.029094e-03
2.032171e-03
2.035250e-03
2.038331e-03
2.041415e-03
2.044501e-03
2.047589e-03
2.050680e-03
2.053773e-03
2.056868e-03
2.059966e-03
2.063066e-03
2.066168e-03
2.069272e-03
2.072379e-03
2.075489e-03
2.078600e-03
2.081714e-03
2.084830e-03
2.087949e-03
2.091070e-03
2.094193e-03
2.097319e-03
2.100447e-03
2.103577e-03
2.106709e-03
2.109844e-03
2.112982e-03
2.116121e-03
2.119263e-03
2.122407e-03
2.125554e-03
2.128702e-03
2.131854e-03
2.135007e-03
2.138163e-03
2.141321e-03
2.144482e-03
2.147644e-03
2.150810e-03
2.153977e-03
2.157147e-03
2.160319e-03
2.163493e-03
2.166670e-03
2.169849e-03
2.173031e-03
2.176214e-03
2.179401e-03
2.182589e-03
2.185780e-03
2.188973e-03
2.192168e-03
2.195366e-03
2.198566e-03
2.201768e-03
2.204973e-03
2.208180e-03
2.211389e-03
2.214601e-03
2.217815e-03
2.221032e-03
2.224250e-03
2.227471e-03
2.230695e-03
2.233920e-03
2.237148e-03
2.240379e-03
2.243611e-03
2.246846e-03
2.250083e-03
2.253323e-03
2.256565e-03
2.259809e-03
2.263056e-03
2.266305e-03
2.269556e-03
2.272810e-03
2.276066e-03
2.279324e-03
2.282584e-03
2.285847e-03
2.289113e-03
2.292380e-03
2.295650e-03
2.298922e-03
2.302197e-03
2.305474e-03
2.308753e-03
2.312034e-03
2.315318e-03
2.318605e-03
2.321893e-03
2.325184e-03
2.328477e-03
2.331773e-03
2.335070e-03
2.338371e-03
2.341673e-03
2.344978e-03
2.348285e-03
2.351594e-03
2.354906e-03
2.358220e-03
2.361537e-03
2.364856e-03
2.368177e-03
2.371500e-03
2.374826e-03
2.378154e-03
2.381484e-03
2.384817e-03
2.388152e-03
2.391490e-03
2.394829e-03
2.398171e-03
2.401516e-03
2.404862e-03
2.408211e-03
2.411563e-03
2.414916e-03
2.418273e-03
2.421631e-03
2.424992e-03
2.428355e-03
2.431720e-03
2.435088e-03
2.438458e-03
2.441830e-03
2.445204e-03
2.448581e-03
2.451961e-03
2.455342e-03
2.458726e-03
2.462113e-03
2.465501e-03
2.468892e-03
2.472285e-03
2.475681e-03
2.479079e-03
2.482479e-03
2.485882e-03
2.489287e-03
2.492694e-03
2.496103e-03
2.499515e-03
2.502930e-03
2.506346e-03
2.509765e-03
2.513186e-03
2.516610e-03
2.520036e-03
2.523464e-03
2.526894e-03
2.530327e-03
2.533762e-03
2.537200e-03
2.540640e-03
2.544082e-03
2.547526e-03
2.550973e-03
2.554422e-03
2.557874e-03
2.561327e-03
2.564784e-03
2.568242e-03
2.571703e-03
2.575166e-03
2.578631e-03
2.582099e-03
2.585569e-03
2.589042e-03
2.592516e-03
2.595993e-03
2.599473e-03
2.602954e-03
2.606438e-03
2.609925e-03
2.613414e-03
2.616905e-03
2.620398e-03
2.623894e-03
2.627392e-03
2.630892e-03
2.634395e-03
2.637900e-03
2.641407e-03
2.644917e-03
2.648429e-03
2.651943e-03
2.655460e-03
2.658979e-03
2.662500e-03
2.666023e-03
2.669549e-03
2.673078e-03
2.676608e-03
2.680141e-03
2.683677e-03
2.687214e-03
2.690754e-03
2.694296e-03
2.697841e-03
2.701388e-03
2.704937e-03
2.708489e-03
2.712042e-03
2.715599e-03
2.719157e-03
2.722718e-03
2.726281e-03
2.729847e-03
2.733415e-03
2.736985e-03
2.740557e-03
2.744132e-03
2.747709e-03
2.751289e-03
2.754871e-03
2.758455e-03
2.762041e-03
2.765630e-03
2.769221e-03
2.772815e-03
2.776410e-03
2.780009e-03
2.782944e-03
2.785868e-03
2.788781e-03
2.791682e-03
2.794571e-03
2.797449e-03
2.800315e-03
2.803169e-03
2.806012e-03
2.808843e-03
2.811663e-03
2.814471e-03
2.817267e-03
2.820052e-03
2.822825e-03
2.825587e-03
2.828337e-03
2.831075e-03
2.833802e-03
2.836517e-03
2.839220e-03
2.841912e-03
2.844593e-03
2.847261e-03
2.849918e-03
2.852564e-03
2.855198e-03
2.857820e-03
2.860431e-03
2.863030e-03
2.865617e-03
2.868193e-03
2.870757e-03
2.873310e-03
2.875851e-03
2.878380e-03
2.880898e-03
2.883404e-03
2.885899e-03
2.888382e-03
2.890853e-03
2.893313e-03
2.895761e-03
2.898198e-03
2.900623e-03
2.903036e-03
2.905438e-03
2.907828e-03
2.910206e-03
2.912573e-03
2.914929e-03
2.917272e-03
2.919604e-03
2.921925e-03
2.924234e-03
2.926531e-03
2.928816e-03
2.931091e-03
2.933353e-03
2.935604e-03
2.937843e-03
2.940071e-03
2.942287e-03
2.944491e-03
2.946684e-03
2.948865e-03
2.951034e-03
2.953192e-03
2.955339e-03
2.957473e-03
2.959597e-03
2.961708e-03
2.963808e-03
2.965896e-03
2.967973e-03
2.970038e-03
2.972091e-03
2.974133e-03
2.976164e-03
2.978182e-03
2.980189e-03
2.982185e-03
2.984169e-03
2.986141e-03
2.988101e-03
2.990050e-03
2.991988e-03
2.993914e-03
2.995828e-03
2.997730e-03
2.999621e-03
3.001501e-03
3.003368e-03
3.005224e-03
3.007069e-03
3.008902e-03
3.010723e-03
3.012533e-03
3.014331e-03
3.016118e-03
3.017892e-03
3.019656e-03
3.021407e-03
3.023147e-03
3.024876e-03
3.026593e-03
3.028298e-03
3.029992e-03
3.031674e-03
3.033344e-03
3.035003e-03
3.036650e-03
3.038285e-03
3.039909e-03
3.041522e-03
3.043123e-03
3.044712e-03
3.046289e-03
3.047855e-03
3.049410e-03
3.050952e-03
3.052483e-03
3.054003e-03
3.055511e-03
3.057007e-03
3.058492e-03
3.059965e-03
3.061426e-03
3.062876e-03
3.064314e-03
3.065741e-03
3.067156e-03
3.068559e-03
3.069951e-03
3.071331e-03
3.072700e-03
3.074057e-03
3.075402e-03
3.076736e-03
3.078058e-03
3.079369e-03
3.080668e-03
3.081955e-03
3.083231e-03
3.084495e-03
3.085747e-03
3.086988e-03
3.088218e-03
3.089435e-03
3.090641e-03
3.091836e-03
3.093019e-03
3.094190e-03
3.095350e-03
3.096498e-03
3.097634e-03
3.098759e-03
3.099872e-03
3.100974e-03
3.102064e-03
3.103142e-03
3.104209e-03
3.105264e-03
3.106308e-03
3.107340e-03
3.108360e-03
3.109369e-03
3.110366e-03
3.111351e-03
3.112325e-03
3.113288e-03
3.114238e-03
3.115177e-03
3.116105e-03
3.117021e-03
3.117925e-03
3.118818e-03
3.119699e-03
3.120568e-03
3.121426e-03
3.122272e-03
3.123107e-03
3.123930e-03
3.124741e-03
3.125541e-03
3.126329e-03
3.127106e-03
3.127871e-03
3.128624e-03
3.129366e-03
3.130096e-03
3.130814e-03
3.131521e-03
3.132217e-03
3.132900e-03
3.133572e-03
3.134233e-03
3.134882e-03
3.135519e-03
3.136145e-03
3.136759e-03
3.137361e-03
3.137952e-03
3.138531e-03
3.139099e-03
3.139655e-03
3.140199e-03
3.140732e-03
3.141253e-03
3.141763e-03
3.142261e-03
3.142747e-03
3.143222e-03
3.143685e-03
3.144137e-03
3.144577e-03
3.145005e-03
3.145422e-03
3.145827e-03
3.146220e-03
3.146602e-03
3.146973e-03
3.147331e-03
3.147678e-03
3.148014e-03
3.148338e-03
3.148650e-03
3.148951e-03
3.149240e-03
3.149517e-03
3.149783e-03
3.150037e-03
3.150280e-03
3.150511e-03
3.150730e-03
3.150938e-03
3.151134e-03
3.151319e-03
3.151491e-03
3.151653e-03
3.151803e-03
3.151941e-03
3.152067e-03
3.152182e-03
3.152285e-03
3.152377e-03
3.152457e-03
3.152526e-03
3.152583e-03
3.152628e-03
3.152661e-03
3.152683e-03
3.152694e-03
3.152693e-03
3.152680e-03
3.152656e-03
3.152620e-03
3.152572e-03
3.152513e-03
3.152442e-03
3.152360e-03
3.152265e-03
3.152160e-03
3.152043e-03
3.151914e-03
3.151773e-03
3.151621e-03
3.151457e-03
3.151282e-03
3.151095e-03
3.150897e-03
3.150687e-03
3.150465e-03
3.150232e-03
3.149987e-03
3.149730e-03
3.149462e-03
3.149182e-03
3.148891e-03
3.148588e-03
3.148273e-03
3.147947e-03
3.147609e-03
3.147260e-03
3.146899e-03
3.146526e-03
3.146142e-03
3.145746e-03
3.145339e-03
3.144919e-03
3.144489e-03
3.144047e-03
3.143593e-03
3.143127e-03
3.142650e-03
3.142161e-03
3.141661e-03
3.141149e-03
3.140625e-03
3.140090e-03
3.139766e-03
3.139766e-03
3.139766e-03
3.139766e-03
3.139766e-03
3.139766e-03
3.139766e-03
3.139766e-03
3.139766e-03
3.139766e-03
3.139766e-03
3.139766e-03
3.139766e-03
3.139766e-03
3.139766e-03
3.139766e-03
3.139766e-03
3.139766e-03
3.139766e-03
3.139766e-03
3.139766e-03
3.139766e-03
3.139766e-03
3.139766e-03
3.139766e-03
3.139766e-03
3.139766e-03
3.139766e-03
3.139766e-03
3.139766e-03
3.139766e-03
3.139766e-03
3.139766e-03
3.139766e-03
3.139766e-03
3.139766e-03
3.139766e-03
3.139766e-03
3.139766e-03
3.139766e-03
3.139766e-03
3.139766e-03
3.139766e-03
3.139766e-03
3.139766e-03
3.139766e-03
3.139766e-03
3.139766e-03
3.139766e-03
3.139766e-03
3.139766e-03
3.139766e-03
3.139766e-03
3.139766e-03
3.139766e-03
3.139766e-03
3.139766e-03
3.139766e-03
3.139766e-03
3.139766e-03
3.139766e-03
3.139766e-03
3.139766e-03
3.139766e-03
3.139766e-03
3.139766e-03
3.139766e-03
3.139766e-03
3.139766e-03
3.139766e-03
3.139766e-03
3.139766e-03
3.139766e-03
3.139766e-03
3.139766e-03
3.139766e-03
3.139766e-03
3.139766e-03
3.139766e-03
3.139766e-03
3.139766e-03
3.139766e-03
3.139766e-03
3.139766e-03
3.139766e-03
3.139766e-03
3.139766e-03
3.139766e-03
3.139766e-03
3.139766e-03
3.139766e-03
3.139766e-03
3.139766e-03
3.139766e-03
3.139766e-03
3.139766e-03
3.139766e-03
3.139766e-03
3.139766e-03
3.139766e-03
3.139766e-03
3.139766e-03
3.139766e-03
3.139766e-03
3.139766e-03
3.139766e-03
3.139766e-03
3.139766e-03
3.139766e-03
3.139766e-03
3.139766e-03
3.139766e-03
3.139766e-03
3.139766e-03
3.139766e-03
3.139766e-03
3.139766e-03
3.139766e-03
3.139766e-03
3.139766e-03
3.139766e-03
3.139766e-03
3.139766e-03
3.139766e-03
3.139766e-03
3.139766e-03
3.139766e-03
3.139766e-03
3.139766e-03
3.139766e-03
3.139766e-03
3.139766e-03
3.139766e-03
3.139766e-03
3.139766e-03
3.139766e-03
3.139766e-03
3.139766e-03
3.139766e-03
3.139766e-03
3.139766e-03
3.139766e-03
3.139766e-03
3.139766e-03
3.139766e-03
3.139766e-03
3.139766e-03
3.139766e-03
3.139766e-03
3.139766e-03
3.139766e-03
3.139766e-03
3.139766e-03
3.139766e-03
3.139766e-03
3.139766e-03
3.139766e-03
3.139766e-03
3.139766e-03
3.139766e-03
3.139766e-03
3.139766e-03
3.139766e-03
3.139766e-03
3.139766e-03
3.139766e-03
3.139766e-03
3.139766e-03
3.139766e-03
3.139766e-03
3.139766e-03
3.139766e-03
3.139766e-03
3.139766e-03
3.139766e-03
3.139766e-03
3.139766e-03
3.139766e-03
3.139766e-03
3.139766e-03
3.139766e-03
3.139766e-03
3.139766e-03
3.139766e-03
3.139766e-03
3.139766e-03
3.139766e-03
3.139766e-03
3.139766e-03
3.139766e-03
3.139766e-03
3.139766e-03
3.139766e-03
3.139766e-03
3.139766e-03
3.139766e-03
3.139766e-03
3.139766e-03
3.139766e-03
3.139766e-03
3.139766e-03
