0.000000e+00
1.110371e-07
2.246093e-07
3.407165e-07
4.593589e-07
5.805364e-07
7.042489e-07
8.304966e-07
9.592793e-07
1.090597e-06
1.224450e-06
1.360838e-06
1.499761e-06
1.641219e-06
1.785213e-06
1.931741e-06
2.080805e-06
2.232403e-06
2.386537e-06
2.543206e-06
2.702409e-06
2.864148e-06
3.028422e-06
3.195232e-06
3.364576e-06
3.536455e-06
3.710870e-06
3.887819e-06
4.067304e-06
4.249323e-06
4.433878e-06
4.620968e-06
4.810593e-06
5.002753e-06
5.197448e-06
5.394679e-06
5.594444e-06
5.796744e-06
6.001580e-06
6.208951e-06
6.418856e-06
6.631297e-06
6.846273e-06
7.063784e-06
7.283830e-06
7.506411e-06
7.731528e-06
7.959179e-06
8.189365e-06
8.422087e-06
8.657344e-06
8.895135e-06
9.135462e-06
9.378324e-06
9.623721e-06
9.871653e-06
1.012212e-05
1.037512e-05
1.063066e-05
1.088873e-05
1.114934e-05
1.141248e-05
1.167816e-05
1.194637e-05
1.221712e-05
1.249040e-05
1.276622e-05
1.304458e-05
1.332546e-05
1.360889e-05
1.389485e-05
1.418334e-05
1.447437e-05
1.476793e-05
1.506403e-05
1.536267e-05
1.566383e-05
1.596754e-05
1.627378e-05
1.658255e-05
1.689386e-05
1.720771e-05
1.752409e-05
1.784300e-05
1.816445e-05
1.848844e-05
1.881496e-05
1.914401e-05
1.947560e-05
1.980973e-05
2.014639e-05
2.048558e-05
2.082731e-05
2.117158e-05
2.151838e-05
2.186771e-05
2.221959e-05
2.257399e-05
2.293093e-05
2.329041e-05
2.365242e-05
2.401697e-05
2.438405e-05
2.475366e-05
2.512582e-05
2.550050e-05
2.587773e-05
2.625748e-05
2.663977e-05
2.702460e-05
2.741196e-05
2.780186e-05
2.819429e-05
2.858926e-05
2.898676e-05
2.938680e-05
2.978937e-05
3.019448e-05
3.060213e-05
3.101230e-05
3.142502e-05
3.184026e-05
3.225805e-05
3.267837e-05
3.310122e-05
3.352661e-05
3.395453e-05
3.438499e-05
3.481799e-05
3.525351e-05
3.569158e-05
3.613218e-05
3.657531e-05
3.702098e-05
3.746919e-05
3.791993e-05
3.837320e-05
3.882901e-05
3.928735e-05
3.974823e-05
4.021165e-05
4.067760e-05
4.114609e-05
4.161711e-05
4.209066e-05
4.256675e-05
4.304538e-05
4.352654e-05
4.401023e-05
4.449646e-05
4.498523e-05
4.547653e-05
4.597037e-05
4.646674e-05
4.696565e-05
4.746709e-05
4.797106e-05
4.847758e-05
4.898662e-05
4.949820e-05
5.001232e-05
5.052897e-05
5.104816e-05
5.156988e-05
5.209414e-05
5.262093e-05
5.315026e-05
5.368212e-05
5.421652e-05
5.475345e-05
5.529292e-05
5.583492e-05
5.637946e-05
5.692653e-05
5.747614e-05
5.802829e-05
5.858296e-05
5.914018e-05
5.969993e-05
6.026221e-05
6.082703e-05
6.139438e-05
6.196427e-05
6.253670e-05
6.311165e-05
6.368915e-05
6.426918e-05
6.485174e-05
6.543684e-05
6.602448e-05
6.661465e-05
6.720735e-05
6.780259e-05
6.840037e-05
6.900068e-05
6.960352e-05
7.020890e-05
7.081682e-05
7.142727e-05
7.204025e-05
7.265577e-05
7.327383e-05
7.389442e-05
7.451755e-05
7.514321e-05
7.577140e-05
7.640213e-05
7.703540e-05
7.767120e-05
7.830954e-05
7.895041e-05
7.959382e-05
8.023976e-05
8.088824e-05
8.153925e-05
8.219279e-05
8.284888e-05
8.350749e-05
8.416865e-05
8.483233e-05
8.549856e-05
8.616731e-05
8.683861e-05
8.751243e-05
8.818880e-05
8.886770e-05
8.954913e-05
9.023310e-05
9.091960e-05
9.160864e-05
9.230021e-05
9.299432e-05
9.369096e-05
9.439014e-05
9.509186e-05
9.579611e-05
9.650289e-05
9.721221e-05
9.792406e-05
9.863845e-05
9.935538e-05
1.000748e-04
1.007968e-04
1.015214e-04
1.022484e-04
1.029780e-04
1.037102e-04
1.044448e-04
1.051820e-04
1.059218e-04
1.066641e-04
1.074089e-04
1.081562e-04
1.089061e-04
1.096585e-04
1.104135e-04
1.111709e-04
1.119310e-04
1.126935e-04
1.134586e-04
1.142262e-04
1.149964e-04
1.157691e-04
1.165443e-04
1.173221e-04
1.181024e-04
1.188852e-04
1.196706e-04
1.204585e-04
1.212489e-04
1.220419e-04
1.228374e-04
1.236355e-04
1.244361e-04
1.252392e-04
1.260448e-04
1.268530e-04
1.276637e-04
1.284770e-04
1.292928e-04
1.301111e-04
1.309320e-04
1.317554e-04
1.325813e-04
1.334098e-04
1.342408e-04
1.350743e-04
1.359104e-04
1.367490e-04
1.375902e-04
1.384338e-04
1.392801e-04
1.401288e-04
1.409801e-04
1.418339e-04
1.426903e-04
1.435492e-04
1.444106e-04
1.452745e-04
1.461410e-04
1.470101e-04
1.478816e-04
1.487557e-04
1.496324e-04
1.505115e-04
1.513932e-04
1.522775e-04
1.531643e-04
1.540536e-04
1.549454e-04
1.558398e-04
1.567367e-04
1.576362e-04
1.585381e-04
1.594427e-04
1.603497e-04
1.612593e-04
1.621714e-04
1.630861e-04
1.640033e-04
1.649230e-04
1.658453e-04
1.667701e-04
1.676974e-04
1.686273e-04
1.695597e-04
1.704947e-04
1.714321e-04
1.723721e-04
1.733147e-04
1.742598e-04
1.752074e-04
1.761575e-04
1.771102e-04
1.780655e-04
1.790232e-04
1.799835e-04
1.809463e-04
1.819117e-04
1.828796e-04
1.838500e-04
1.848230e-04
1.857985e-04
1.867765e-04
1.877571e-04
1.887402e-04
1.897259e-04
1.907141e-04
1.917048e-04
1.926980e-04
1.936938e-04
1.946921e-04
1.956930e-04
1.966964e-04
1.977023e-04
1.987108e-04
1.997217e-04
2.007353e-04
2.017513e-04
2.027699e-04
2.037911e-04
2.048148e-04
2.058410e-04
2.068697e-04
2.079010e-04
2.089348e-04
2.099711e-04
2.110100e-04
2.120514e-04
2.130954e-04
2.141419e-04
2.151909e-04
2.162424e-04
2.172965e-04
2.183532e-04
2.194123e-04
2.204740e-04
2.215383e-04
2.226050e-04
2.236743e-04
2.247462e-04
2.258205e-04
2.268974e-04
2.279769e-04
2.290589e-04
2.301434e-04
2.312304e-04
2.323200e-04
2.334121e-04
2.345068e-04
2.356040e-04
2.367037e-04
2.378059e-04
2.389107e-04
2.400181e-04
2.411279e-04
2.422403e-04
2.433553e-04
2.444727e-04
2.455927e-04
2.467153e-04
2.478404e-04
2.489680e-04
2.500981e-04
2.512308e-04
2.523660e-04
2.535038e-04
2.546440e-04
2.557869e-04
2.569322e-04
2.580801e-04
2.592305e-04
2.603835e-04
2.615390e-04
2.626970e-04
2.638576e-04
2.650207e-04
2.661863e-04
2.673545e-04
2.685252e-04
2.696984e-04
2.708742e-04
2.720525e-04
2.732334e-04
2.744168e-04
2.756027e-04
2.767911e-04
2.779821e-04
2.791756e-04
2.803717e-04
2.815703e-04
2.827714e-04
2.839751e-04
2.851813e-04
2.863900e-04
2.876013e-04
2.888151e-04
2.900314e-04
2.912503e-04
2.924717e-04
2.936956e-04
2.949221e-04
2.961511e-04
2.973827e-04
2.986168e-04
2.998534e-04
3.010925e-04
3.023342e-04
3.035784e-04
3.048252e-04
3.060745e-04
3.073263e-04
3.085807e-04
3.098376e-04
3.110970e-04
3.123590e-04
3.136235e-04
3.148905e-04
3.161601e-04
3.174322e-04
3.187069e-04
3.199840e-04
3.212638e-04
3.225460e-04
3.238308e-04
3.251181e-04
3.264080e-04
3.277004e-04
3.289953e-04
3.302927e-04
3.315927e-04
3.328953e-04
3.342003e-04
3.355079e-04
3.368181e-04
3.381307e-04
3.394460e-04
3.407637e-04
3.420840e-04
3.434068e-04
3.447321e-04
3.460600e-04
3.473904e-04
3.487234e-04
3.500589e-04
3.513969e-04
3.527374e-04
3.540805e-04
3.554262e-04
3.567743e-04
3.581250e-04
3.594783e-04
3.608340e-04
3.621923e-04
3.635532e-04
3.649165e-04
3.662824e-04
3.676509e-04
3.690219e-04
3.703954e-04
3.717714e-04
3.731500e-04
3.745311e-04
3.759148e-04
3.773010e-04
3.786897e-04
3.800810e-04
3.814748e-04
3.828711e-04
3.842699e-04
3.856713e-04
3.870753e-04
3.884818e-04
3.898908e-04
3.913023e-04
3.927164e-04
3.941330e-04
3.955521e-04
3.969738e-04
3.983980e-04
3.998248e-04
4.012541e-04
4.026859e-04
4.041202e-04
4.055571e-04
4.069966e-04
4.084385e-04
4.098830e-04
4.113300e-04
4.127796e-04
4.142317e-04
4.156863e-04
4.171435e-04
4.186032e-04
4.200655e-04
4.215302e-04
4.229976e-04
4.244674e-04
4.259398e-04
4.274147e-04
4.288922e-04
4.303721e-04
4.318547e-04
4.333397e-04
4.348273e-04
4.363174e-04
4.378101e-04
4.393053e-04
4.408030e-04
4.423033e-04
4.438061e-04
4.453114e-04
4.468193e-04
4.483297e-04
4.498427e-04
4.513582e-04
4.528762e-04
4.543967e-04
4.559198e-04
4.574454e-04
4.589736e-04
4.605043e-04
4.620375e-04
4.635732e-04
4.651115e-04
4.666524e-04
4.681957e-04
4.697416e-04
4.712901e-04
4.728410e-04
4.743945e-04
4.759506e-04
4.775092e-04
4.790703e-04
4.806339e-04
4.822001e-04
4.837688e-04
4.853401e-04
4.869138e-04
4.884902e-04
4.900690e-04
4.916504e-04
4.932343e-04
4.948208e-04
4.964098e-04
4.980013e-04
4.995954e-04
5.011920e-04
5.027911e-04
5.043928e-04
5.059970e-04
5.076038e-04
5.092130e-04
5.108248e-04
5.124392e-04
5.140561e-04
5.156755e-04
5.172974e-04
5.189219e-04
5.205490e-04
5.221785e-04
5.238106e-04
5.254452e-04
5.270824e-04
5.287221e-04
5.303643e-04
5.320091e-04
5.336564e-04
5.353062e-04
5.369586e-04
5.386135e-04
5.402710e-04
5.419310e-04
5.435935e-04
5.452585e-04
5.469261e-04
5.485962e-04
5.502689e-04
5.519441e-04
5.536218e-04
5.553020e-04
5.569848e-04
5.586702e-04
5.603580e-04
5.620484e-04
5.637414e-04
5.654368e-04
5.671348e-04
5.688354e-04
5.705385e-04
5.722441e-04
5.739522e-04
5.756629e-04
5.773761e-04
5.790919e-04
5.808102e-04
5.825310e-04
5.842543e-04
5.859802e-04
5.877087e-04
5.894396e-04
5.911731e-04
5.929091e-04
5.946477e-04
5.963888e-04
5.981324e-04
5.998786e-04
6.016273e-04
6.033786e-04
6.051323e-04
6.068887e-04
6.086475e-04
6.104089e-04
6.121728e-04
6.139393e-04
6.157082e-04
6.174798e-04
6.192538e-04
6.210304e-04
6.228096e-04
6.245912e-04
6.263754e-04
6.281621e-04
6.299514e-04
6.317432e-04
6.335376e-04
6.353344e-04
6.371338e-04
6.389358e-04
6.407403e-04
6.425473e-04
6.443568e-04
6.461689e-04
6.479835e-04
6.498007e-04
6.516204e-04
6.534426e-04
6.552674e-04
6.570947e-04
6.589245e-04
6.607569e-04
6.625918e-04
6.644292e-04
6.662692e-04
6.681117e-04
6.699567e-04
6.718043e-04
6.736544e-04
6.755070e-04
6.773622e-04
6.792199e-04
6.810802e-04
6.829430e-04
6.848083e-04
6.866762e-04
6.885465e-04
6.904195e-04
6.922949e-04
6.941729e-04
6.960535e-04
6.979365e-04
6.998221e-04
7.017103e-04
7.036009e-04
7.054942e-04
7.073899e-04
7.092882e-04
7.111890e-04
7.130923e-04
7.149982e-04
7.169066e-04
7.188176e-04
7.207311e-04
7.226471e-04
7.245657e-04
7.264868e-04
7.284104e-04
7.303365e-04
7.322652e-04
7.341965e-04
7.361303e-04
7.380666e-04
7.400054e-04
7.419468e-04
7.438907e-04
7.458371e-04
7.477861e-04
7.497376e-04
7.516917e-04
7.536483e-04
7.556074e-04
7.575690e-04
7.595332e-04
7.614999e-04
7.634692e-04
7.654410e-04
7.674153e-04
7.693922e-04
7.713716e-04
7.733535e-04
7.753380e-04
7.773250e-04
7.793146e-04
7.813066e-04
7.833012e-04
7.852984e-04
7.872981e-04
7.893003e-04
7.913050e-04
7.933123e-04
7.953221e-04
7.973345e-04
7.993494e-04
8.013668e-04
8.033868e-04
8.054093e-04
8.074343e-04
8.094619e-04
8.114920e-04
8.135246e-04
8.155598e-04
8.175975e-04
8.196377e-04
8.216805e-04
8.237258e-04
8.257737e-04
8.278241e-04
8.298770e-04
8.319324e-04
8.339904e-04
8.360510e-04
8.381140e-04
8.401796e-04
8.422477e-04
8.443184e-04
8.463916e-04
8.484673e-04
8.505456e-04
8.526264e-04
8.547097e-04
8.567956e-04
8.588840e-04
8.609750e-04
8.630685e-04
8.651645e-04
8.672630e-04
8.693641e-04
8.714677e-04
8.735739e-04
8.756826e-04
8.777938e-04
8.799076e-04
8.820239e-04
8.841427e-04
8.862641e-04
8.883880e-04
8.905144e-04
8.926434e-04
8.947749e-04
8.969089e-04
8.990455e-04
9.011846e-04
9.033262e-04
9.054704e-04
9.076171e-04
9.097664e-04
9.119182e-04
9.140725e-04
9.162294e-04
9.183888e-04
9.205507e-04
9.227151e-04
9.248821e-04
9.270517e-04
9.292237e-04
9.313983e-04
9.335755e-04
9.357552e-04
9.379374e-04
9.401221e-04
9.423094e-04
9.444992e-04
9.466916e-04
9.488864e-04
9.510839e-04
9.532838e-04
9.554863e-04
9.576913e-04
9.598989e-04
9.621090e-04
9.643216e-04
9.665368e-04
9.687545e-04
9.709747e-04
9.731975e-04
9.754228e-04
9.776506e-04
9.798810e-04
9.821139e-04
9.843493e-04
9.865873e-04
9.888278e-04
9.910709e-04
9.933165e-04
9.955646e-04
9.978153e-04
1.000068e-03
1.002324e-03
1.004582e-03
1.006843e-03
1.009107e-03
1.011372e-03
1.013641e-03
1.015912e-03
1.018185e-03
1.020461e-03
1.022740e-03
1.025021e-03
1.027304e-03
1.029591e-03
1.031879e-03
1.034171e-03
1.036464e-03
1.038761e-03
1.041059e-03
1.043361e-03
1.045665e-03
1.047971e-03
1.050280e-03
1.052592e-03
1.054906e-03
1.057222e-03
1.059541e-03
1.061863e-03
1.064187e-03
1.066514e-03
1.068843e-03
1.071175e-03
1.073509e-03
1.075846e-03
1.078185e-03
1.080527e-03
1.082872e-03
1.085219e-03
1.087568e-03
1.089920e-03
1.092275e-03
1.094632e-03
1.096992e-03
1.099354e-03
1.101719e-03
1.104086e-03
1.106456e-03
1.108828e-03
1.111203e-03
1.113580e-03
1.115960e-03
1.118343e-03
1.120728e-03
1.123115e-03
1.125505e-03
1.127898e-03
1.130293e-03
1.132691e-03
1.135091e-03
1.137494e-03
1.139899e-03
1.142307e-03
1.144717e-03
1.147130e-03
1.149546e-03
1.151964e-03
1.154384e-03
1.156807e-03
1.159233e-03
1.161661e-03
1.164092e-03
1.166525e-03
1.168960e-03
1.171399e-03
1.173839e-03
1.176283e-03
1.178729e-03
1.181177e-03
1.183628e-03
1.186081e-03
1.188537e-03
1.190996e-03
1.193457e-03
1.195921e-03
1.198387e-03
1.200855e-03
1.203327e-03
1.205800e-03
1.208277e-03
1.210755e-03
1.213237e-03
1.215721e-03
1.218207e-03
1.220696e-03
1.223188e-03
1.225682e-03
1.228178e-03
1.230677e-03
1.233179e-03
1.235683e-03
1.238190e-03
1.240699e-03
1.243211e-03
1.245725e-03
1.248242e-03
1.250761e-03
1.253283e-03
1.255808e-03
1.258335e-03
1.260864e-03
1.263396e-03
1.265931e-03
1.268468e-03
1.271008e-03
1.273550e-03
1.276094e-03
1.278642e-03
1.281192e-03
1.283744e-03
1.286299e-03
1.288856e-03
1.291416e-03
1.293979e-03
1.296544e-03
1.299111e-03
1.301681e-03
1.304254e-03
1.306829e-03
1.309407e-03
1.311987e-03
1.314570e-03
1.317155e-03
1.319743e-03
1.322333e-03
1.324926e-03
1.327521e-03
1.330119e-03
1.332720e-03
1.335323e-03
1.337928e-03
1.340537e-03
1.343147e-03
1.345760e-03
1.348376e-03
1.350994e-03
1.353615e-03
1.356238e-03
1.358864e-03
1.361493e-03
1.364124e-03
1.366757e-03
1.369393e-03
1.372032e-03
1.374673e-03
1.377316e-03
1.379962e-03
1.382611e-03
1.385262e-03
1.387916e-03
1.390572e-03
1.393231e-03
1.395892e-03
1.398556e-03
1.401223e-03
1.403892e-03
1.406563e-03
1.409237e-03
1.411914e-03
1.414593e-03
1.417274e-03
1.419958e-03
1.422645e-03
1.425334e-03
1.428026e-03
1.430720e-03
1.433417e-03
1.436117e-03
1.438819e-03
1.441523e-03
1.444230e-03
1.446939e-03
1.449652e-03
1.452366e-03
1.455083e-03
1.457803e-03
1.460525e-03
1.463250e-03
1.465977e-03
1.468707e-03
1.471439e-03
1.474174e-03
1.476911e-03
1.479651e-03
1.482394e-03
1.485139e-03
1.487886e-03
1.490636e-03
1.493389e-03
1.496144e-03
1.498902e-03
1.501662e-03
1.504425e-03
1.507190e-03
1.509958e-03
1.512728e-03
1.515501e-03
1.518277e-03
1.521054e-03
1.523835e-03
1.526618e-03
1.529404e-03
1.532192e-03
1.534982e-03
1.537775e-03
1.540571e-03
1.543369e-03
1.546170e-03
1.548973e-03
1.551779e-03
1.554588e-03
1.557399e-03
1.560212e-03
1.563028e-03
1.565847e-03
1.568668e-03
1.571491e-03
1.574317e-03
1.577146e-03
1.579977e-03
1.582811e-03
1.585647e-03
1.588486e-03
1.591327e-03
1.594171e-03
1.597018e-03
1.599866e-03
1.602718e-03
1.605572e-03
1.608428e-03
1.611288e-03
1.614149e-03
1.617013e-03
1.619880e-03
1.622749e-03
1.625621e-03
1.628495e-03
1.631372e-03
1.634251e-03
1.637133e-03
1.640018e-03
1.642905e-03
1.645794e-03
1.648686e-03
1.651581e-03
1.654478e-03
1.657378e-03
1.660280e-03
1.663184e-03
1.666092e-03
1.669001e-03
1.671914e-03
1.674829e-03
1.677746e-03
1.680666e-03
1.683588e-03
1.686513e-03
1.689441e-03
1.692371e-03
1.695304e-03
1.698239e-03
1.701176e-03
1.704117e-03
1.707059e-03
1.710005e-03
1.712952e-03
1.715903e-03
1.718856e-03
1.721811e-03
1.724769e-03
1.727729e-03
1.730692e-03
1.733658e-03
1.736626e-03
1.739597e-03
1.742570e-03
1.745546e-03
1.748524e-03
1.751505e-03
1.754488e-03
1.757474e-03
1.760462e-03
1.763453e-03
1.766446e-03
1.769442e-03
1.772441e-03
1.775442e-03
1.778446e-03
1.781452e-03
1.784460e-03
1.787471e-03
1.790485e-03
1.793501e-03
1.796520e-03
1.799542e-03
1.802565e-03
1.805592e-03
1.808621e-03
1.811652e-03
1.814686e-03
1.817723e-03
1.820762e-03
1.823803e-03
1.826848e-03
1.829894e-03
1.832943e-03
1.835995e-03
1.839049e-03
1.842106e-03
1.845166e-03
1.848228e-03
1.851292e-03
1.854359e-03
1.857428e-03
1.860500e-03
1.863575e-03
1.866652e-03
1.869732e-03
1.872814e-03
1.875899e-03
1.878986e-03
1.882076e-03
1.885168e-03
1.888263e-03
1.891360e-03
1.894460e-03
1.897562e-03
1.900667e-03
1.903775e-03
1.906885e-03
1.909998e-03
1.913113e-03
1.916230e-03
1.919351e-03
1.922473e-03
1.925599e-03
1.928726e-03
1.931857e-03
1.934990e-03
1.938125e-03
1.941263e-03
1.944403e-03
1.947546e-03
1.950692e-03
1.953840e-03
1.956991e-03
1.960144e-03
1.963299e-03
1.966458e-03
1.969618e-03
1.972782e-03
1.975948e-03
1.979116e-03
1.982287e-03
1.985460e-03
1.988636e-03
1.991815e-03
1.994996e-03
1.998179e-03
2.001365e-03
2.004554e-03
2.007745e-03
2.010939e-03
2.014135e-03
2.017334e-03
2.020535e-03
2.023739e-03
2.026946e-03
2.030154e-03
2.033366e-03
2.036580e-03
2.039796e-03
2.043015e-03
2.046237e-03
2.049461e-03
2.052688e-03
2.055917e-03
2.059149e-03
2.062383e-03
2.065620e-03
2.068859e-03
2.072101e-03
2.075346e-03
2.078592e-03
2.081842e-03
2.085094e-03
2.088349e-03
2.091606e-03
2.094865e-03
2.098127e-03
2.101392e-03
2.104659e-03
2.107929e-03
2.111201e-03
2.114476e-03
2.117754e-03
2.121033e-03
2.124316e-03
2.127601e-03
2.130888e-03
2.134178e-03
2.137471e-03
2.140766e-03
2.144064e-03
2.147364e-03
2.150667e-03
2.153972e-03
2.157280e-03
2.160590e-03
2.163903e-03
2.167218e-03
2.170536e-03
2.173857e-03
2.177180e-03
2.180505e-03
2.183833e-03
2.187164e-03
2.190497e-03
2.193833e-03
2.197171e-03
2.200512e-03
2.203855e-03
2.207201e-03
2.210549e-03
2.213900e-03
2.217253e-03
2.220609e-03
2.223968e-03
2.227329e-03
2.230692e-03
2.234059e-03
2.237427e-03
2.240798e-03
2.244172e-03
2.247548e-03
2.250927e-03
2.254308e-03
2.257692e-03
2.261079e-03
2.264468e-03
2.267859e-03
2.271253e-03
2.274649e-03
2.278049e-03
2.281450e-03
2.284854e-03
2.288261e-03
2.291670e-03
2.295082e-03
2.298496e-03
2.301913e-03
2.305332e-03
2.308754e-03
2.312178e-03
2.315605e-03
2.319035e-03
2.322467e-03
2.325901e-03
2.329339e-03
2.332778e-03
2.336220e-03
2.339665e-03
2.343112e-03
2.346562e-03
2.350014e-03
2.353469e-03
2.356926e-03
2.360386e-03
2.363849e-03
2.367314e-03
2.370781e-03
2.374251e-03
2.377724e-03
2.381199e-03
2.384677e-03
2.388157e-03
2.391639e-03
2.395125e-03
2.398612e-03
2.402103e-03
2.405596e-03
2.409091e-03
2.412589e-03
2.416089e-03
2.419592e-03
2.423098e-03
2.426606e-03
2.430117e-03
2.433630e-03
2.437145e-03
2.440664e-03
2.444184e-03
2.447708e-03
2.451233e-03
2.454762e-03
2.458293e-03
2.461826e-03
2.465362e-03
2.468900e-03
2.472442e-03
2.475985e-03
2.479531e-03
2.483080e-03
2.486631e-03
2.490185e-03
2.493741e-03
2.497300e-03
2.500861e-03
2.504425e-03
2.507991e-03
2.511560e-03
2.515131e-03
2.518705e-03
2.522282e-03
2.525861e-03
2.529443e-03
2.533027e-03
2.536613e-03
2.540203e-03
2.543794e-03
2.547388e-03
2.550985e-03
2.554585e-03
2.558186e-03
2.561791e-03
2.565398e-03
2.569007e-03
2.572619e-03
2.576234e-03
2.579851e-03
2.583470e-03
2.587093e-03
2.590717e-03
2.594345e-03
2.597974e-03
2.601607e-03
2.605241e-03
2.608879e-03
2.612519e-03
2.616161e-03
2.619806e-03
2.623453e-03
2.627103e-03
2.630756e-03
2.634411e-03
2.638069e-03
2.641729e-03
2.645392e-03
2.649057e-03
2.652725e-03
2.656395e-03
2.660068e-03
2.663743e-03
2.667421e-03
2.671102e-03
2.674785e-03
2.678470e-03
2.682158e-03
2.685849e-03
2.689542e-03
2.693237e-03
2.696936e-03
2.700636e-03
2.704340e-03
2.708045e-03
2.711754e-03
2.715465e-03
2.719178e-03
2.722894e-03
2.726612e-03
2.730334e-03
2.734057e-03
2.737783e-03
2.741512e-03
2.745243e-03
2.748977e-03
2.752713e-03
2.756452e-03
2.760193e-03
2.763937e-03
2.767683e-03
2.771432e-03
2.775183e-03
2.778937e-03
2.782694e-03
2.786453e-03
2.790214e-03
2.793979e-03
2.797745e-03
2.801514e-03
2.805286e-03
2.809060e-03
2.812837e-03
2.816616e-03
2.820398e-03
2.824183e-03
2.827970e-03
2.831759e-03
2.835551e-03
2.839346e-03
2.843143e-03
2.846942e-03
2.850744e-03
2.854549e-03
2.858356e-03
2.862166e-03
2.865978e-03
2.869793e-03
2.873610e-03
2.877430e-03
2.881253e-03
2.885078e-03
2.888905e-03
2.892735e-03
2.896568e-03
2.900403e-03
2.904240e-03
2.908081e-03
2.911923e-03
2.915768e-03
2.919616e-03
2.923467e-03
2.927319e-03
2.931175e-03
2.935033e-03
2.938893e-03
2.942756e-03
2.946622e-03
2.950490e-03
2.954360e-03
2.958233e-03
2.962109e-03
2.965987e-03
2.969868e-03
2.973751e-03
2.977637e-03
2.981525e-03
2.985416e-03
2.989310e-03
2.993205e-03
2.997104e-03
3.001005e-03
3.004908e-03
3.008815e-03
3.012723e-03
3.015970e-03
3.019203e-03
3.022424e-03
3.025633e-03
3.028829e-03
3.032012e-03
3.035182e-03
3.038340e-03
3.041486e-03
3.044618e-03
3.047738e-03
3.050846e-03
3.053940e-03
3.057022e-03
3.060092e-03
3.063148e-03
3.066193e-03
3.069224e-03
3.072243e-03
3.075249e-03
3.078243e-03
3.081224e-03
3.084192e-03
3.087147e-03
3.090090e-03
3.093021e-03
3.095939e-03
3.098844e-03
3.101736e-03
3.104616e-03
3.107483e-03
3.110337e-03
3.113179e-03
3.116009e-03
3.118825e-03
3.121629e-03
3.124420e-03
3.127199e-03
3.129965e-03
3.132718e-03
3.135459e-03
3.138187e-03
3.140903e-03
3.143605e-03
3.146296e-03
3.148973e-03
3.151638e-03
3.154290e-03
3.156930e-03
3.159557e-03
3.162171e-03
3.164773e-03
3.167362e-03
3.169938e-03
3.172502e-03
3.175053e-03
3.177591e-03
3.180117e-03
3.182630e-03
3.185131e-03
3.187619e-03
3.190094e-03
3.192557e-03
3.195007e-03
3.197444e-03
3.199869e-03
3.202281e-03
3.204680e-03
3.207067e-03
3.209441e-03
3.211802e-03
3.214151e-03
3.216487e-03
3.218811e-03
3.221122e-03
3.223420e-03
3.225706e-03
3.227979e-03
3.230239e-03
3.232487e-03
3.234722e-03
3.236944e-03
3.239154e-03
3.241351e-03
3.243536e-03
3.245707e-03
3.247867e-03
3.250013e-03
3.252147e-03
3.254268e-03
3.256377e-03
3.258473e-03
3.260556e-03
3.262627e-03
3.264685e-03
3.266731e-03
3.268763e-03
3.270783e-03
3.272791e-03
3.274786e-03
3.276768e-03
3.278738e-03
3.280695e-03
3.282639e-03
3.284570e-03
3.286490e-03
3.288396e-03
3.290290e-03
3.292171e-03
3.294039e-03
3.295895e-03
3.297738e-03
3.299569e-03
3.301386e-03
3.303192e-03
3.304984e-03
3.306764e-03
3.308532e-03
3.310286e-03
3.312028e-03
3.313758e-03
3.315474e-03
3.317178e-03
3.318870e-03
3.320549e-03
3.322215e-03
3.323868e-03
3.325509e-03
3.327138e-03
3.328753e-03
3.330356e-03
3.331946e-03
3.333524e-03
3.335089e-03
3.336642e-03
3.338181e-03
3.339708e-03
3.341223e-03
3.342725e-03
3.344214e-03
3.345690e-03
3.347154e-03
3.348606e-03
3.350044e-03
3.351470e-03
3.352884e-03
3.354284e-03
3.355672e-03
3.357048e-03
3.358411e-03
3.359761e-03
3.361098e-03
3.362423e-03
3.363735e-03
3.365035e-03
3.366322e-03
3.367596e-03
3.368858e-03
3.370107e-03
3.371343e-03
3.372567e-03
3.373778e-03
3.374976e-03
3.376162e-03
3.377335e-03
3.378496e-03
3.379643e-03
3.380779e-03
3.381901e-03
3.383011e-03
3.384108e-03
3.385193e-03
3.386265e-03
3.387324e-03
3.388371e-03
3.389405e-03
3.390427e-03
3.391436e-03
3.392432e-03
3.393415e-03
3.394386e-03
3.395344e-03
3.396290e-03
3.397223e-03
3.398143e-03
3.399051e-03
3.399946e-03
3.400828e-03
3.401698e-03
3.402555e-03
3.403400e-03
3.404231e-03
3.405051e-03
3.405857e-03
3.406651e-03
3.407432e-03
3.408201e-03
3.408957e-03
3.409700e-03
3.410431e-03
3.411149e-03
3.411854e-03
3.412547e-03
3.413227e-03
3.413895e-03
3.414549e-03
3.415192e-03
3.415821e-03
3.416438e-03
3.417042e-03
3.417634e-03
3.418213e-03
3.418779e-03
3.419333e-03
3.419874e-03
3.420402e-03
3.420918e-03
3.421421e-03
3.421912e-03
3.422390e-03
3.422855e-03
3.423307e-03
3.423747e-03
3.424175e-03
3.424589e-03
3.424991e-03
3.425381e-03
3.425757e-03
3.426121e-03
3.426473e-03
3.426812e-03
3.427138e-03
3.427451e-03
3.427752e-03
3.428040e-03
3.428316e-03
3.428579e-03
3.428829e-03
3.429067e-03
3.429292e-03
3.429504e-03
3.429704e-03
3.429891e-03
3.430065e-03
3.430227e-03
3.430376e-03
3.430513e-03
3.430637e-03
3.430748e-03
3.430847e-03
3.430932e-03
3.431006e-03
3.431066e-03
3.431115e-03
3.431150e-03
3.431173e-03
3.431183e-03
3.431180e-03
3.431165e-03
3.431137e-03
3.431097e-03
3.431044e-03
3.430978e-03
3.430899e-03
3.430808e-03
3.430705e-03
3.430588e-03
3.430459e-03
3.430318e-03
3.430164e-03
3.429997e-03
3.429817e-03
3.429625e-03
3.429420e-03
3.429203e-03
3.428973e-03
3.428730e-03
3.428475e-03
3.428207e-03
3.427926e-03
3.427633e-03
3.427327e-03
3.427008e-03
3.426677e-03
3.426333e-03
3.425976e-03
3.425607e-03
3.425226e-03
3.424831e-03
3.424424e-03
3.424004e-03
3.423572e-03
3.423127e-03
3.422669e-03
3.422199e-03
3.421716e-03
3.421220e-03
3.420712e-03
3.420191e-03
3.419658e-03
3.419334e-03
3.419334e-03
3.419334e-03
3.419334e-03
3.419334e-03
3.419334e-03
3.419334e-03
3.419334e-03
3.419334e-03
3.419334e-03
3.419334e-03
3.419334e-03
3.419334e-03
3.419334e-03
3.419334e-03
3.419334e-03
3.419334e-03
3.419334e-03
3.419334e-03
3.419334e-03
3.419334e-03
3.419334e-03
3.419334e-03
3.419334e-03
3.419334e-03
3.419334e-03
3.419334e-03
3.419334e-03
3.419334e-03
3.419334e-03
3.419334e-03
3.419334e-03
3.419334e-03
3.419334e-03
3.419334e-03
3.419334e-03
3.419334e-03
3.419334e-03
3.419334e-03
3.419334e-03
3.419334e-03
3.419334e-03
3.419334e-03
3.419334e-03
3.419334e-03
3.419334e-03
3.419334e-03
3.419334e-03
3.419334e-03
3.419334e-03
3.419334e-03
3.419334e-03
3.419334e-03
3.419334e-03
3.419334e-03
3.419334e-03
3.419334e-03
3.419334e-03
3.419334e-03
3.419334e-03
3.419334e-03
3.419334e-03
3.419334e-03
3.419334e-03
3.419334e-03
3.419334e-03
3.419334e-03
3.419334e-03
3.419334e-03
3.419334e-03
3.419334e-03
3.419334e-03
3.419334e-03
3.419334e-03
3.419334e-03
3.419334e-03
3.419334e-03
3.419334e-03
3.419334e-03
3.419334e-03
3.419334e-03
3.419334e-03
3.419334e-03
3.419334e-03
3.419334e-03
3.419334e-03
3.419334e-03
3.419334e-03
3.419334e-03
3.419334e-03
3.419334e-03
3.419334e-03
3.419334e-03
3.419334e-03
3.419334e-03
3.419334e-03
3.419334e-03
3.419334e-03
3.419334e-03
3.419334e-03
3.419334e-03
3.419334e-03
3.419334e-03
3.419334e-03
3.419334e-03
3.419334e-03
3.419334e-03
3.419334e-03
3.419334e-03
3.419334e-03
3.419334e-03
3.419334e-03
3.419334e-03
3.419334e-03
3.419334e-03
3.419334e-03
3.419334e-03
3.419334e-03
3.419334e-03
3.419334e-03
3.419334e-03
3.419334e-03
3.419334e-03
3.419334e-03
3.419334e-03
3.419334e-03
3.419334e-03
3.419334e-03
3.419334e-03
3.419334e-03
3.419334e-03
3.419334e-03
3.419334e-03
3.419334e-03
3.419334e-03
3.419334e-03
3.419334e-03
3.419334e-03
3.419334e-03
3.419334e-03
3.419334e-03
3.419334e-03
3.419334e-03
3.419334e-03
3.419334e-03
3.419334e-03
3.419334e-03
3.419334e-03
3.419334e-03
3.419334e-03
3.419334e-03
3.419334e-03
3.419334e-03
3.419334e-03
3.419334e-03
3.419334e-03
3.419334e-03
3.419334e-03
3.419334e-03
3.419334e-03
3.419334e-03
3.419334e-03
3.419334e-03
3.419334e-03
3.419334e-03
3.419334e-03
3.419334e-03
3.419334e-03
3.419334e-03
3.419334e-03
3.419334e-03
3.419334e-03
3.419334e-03
3.419334e-03
3.419334e-03
3.419334e-03
3.419334e-03
3.419334e-03
3.419334e-03
3.419334e-03
3.419334e-03
3.419334e-03
3.419334e-03
3.419334e-03
3.419334e-03
3.419334e-03
3.419334e-03
3.419334e-03
3.419334e-03
3.419334e-03
3.419334e-03
3.419334e-03
3.419334e-03
3.419334e-03
3.419334e-03
3.419334e-03
3.419334e-03
3.419334e-03
3.419334e-03
3.419334e-03
3.419334e-03
