0.000000e+00
1.110371e-07
2.246564e-07
3.408580e-07
4.596419e-07
5.810080e-07
7.049564e-07
8.314870e-07
9.605999e-07
1.092295e-06
1.226572e-06
1.363432e-06
1.502874e-06
1.644898e-06
1.789505e-06
1.936693e-06
2.086464e-06
2.238818e-06
2.393753e-06
2.551271e-06
2.711371e-06
2.874053e-06
3.039317e-06
3.207164e-06
3.377593e-06
3.550605e-06
3.726198e-06
3.904374e-06
4.085132e-06
4.268472e-06
4.454395e-06
4.642900e-06
4.833987e-06
5.027656e-06
5.223908e-06
5.422741e-06
5.624158e-06
5.828156e-06
6.034737e-06
6.243899e-06
6.455645e-06
6.669972e-06
6.886882e-06
7.106374e-06
7.328448e-06
7.553104e-06
7.780343e-06
8.010164e-06
8.242567e-06
8.477552e-06
8.715120e-06
8.955270e-06
9.198002e-06
9.443317e-06
9.691214e-06
9.941693e-06
1.019475e-05
1.045040e-05
1.070862e-05
1.096943e-05
1.123282e-05
1.149879e-05
1.176735e-05
1.203849e-05
1.231221e-05
1.258851e-05
1.286739e-05
1.314886e-05
1.343291e-05
1.371954e-05
1.400875e-05
1.430054e-05
1.459492e-05
1.489188e-05
1.519142e-05
1.549355e-05
1.579825e-05
1.610554e-05
1.641541e-05
1.672787e-05
1.704290e-05
1.736052e-05
1.768072e-05
1.800350e-05
1.832887e-05
1.865681e-05
1.898734e-05
1.932045e-05
1.965615e-05
1.999442e-05
2.033528e-05
2.067872e-05
2.102474e-05
2.137335e-05
2.172454e-05
2.207830e-05
2.243466e-05
2.279359e-05
2.315511e-05
2.351920e-05
2.388588e-05
2.425515e-05
2.462699e-05
2.500142e-05
2.537843e-05
2.575802e-05
2.614020e-05
2.652495e-05
2.691229e-05
2.730221e-05
2.769472e-05
2.808980e-05
2.848747e-05
2.888772e-05
2.929055e-05
2.969596e-05
3.010396e-05
3.051454e-05
3.092770e-05
3.134345e-05
3.176177e-05
3.218268e-05
3.260617e-05
3.303224e-05
3.346090e-05
3.389213e-05
3.432595e-05
3.476235e-05
3.520134e-05
3.564290e-05
3.608705e-05
3.653378e-05
3.698310e-05
3.743499e-05
3.788947e-05
3.834653e-05
3.880617e-05
3.926839e-05
3.973320e-05
4.020059e-05
4.067056e-05
4.114311e-05
4.161825e-05
4.209597e-05
4.257627e-05
4.305915e-05
4.354461e-05
4.403266e-05
4.452329e-05
4.501650e-05
4.551229e-05
4.601067e-05
4.651163e-05
4.701517e-05
4.752129e-05
4.803000e-05
4.854128e-05
4.905515e-05
4.957160e-05
5.009064e-05
5.061225e-05
5.113645e-05
5.166323e-05
5.219260e-05
5.272454e-05
5.325907e-05
5.379618e-05
5.433587e-05
5.487814e-05
5.542300e-05
5.597044e-05
5.652046e-05
5.707306e-05
5.762825e-05
5.818602e-05
5.874637e-05
5.930930e-05
5.987481e-05
6.044291e-05
6.101359e-05
6.158685e-05
6.216269e-05
6.274112e-05
6.332213e-05
6.390572e-05
6.449189e-05
6.508064e-05
6.567198e-05
6.626590e-05
6.686240e-05
6.746149e-05
6.806315e-05
6.866740e-05
6.927423e-05
6.988364e-05
7.049564e-05
7.111022e-05
7.172738e-05
7.234712e-05
7.296944e-05
7.359435e-05
7.422184e-05
7.485191e-05
7.548456e-05
7.611980e-05
7.675761e-05
7.739801e-05
7.804100e-05
7.868656e-05
7.933471e-05
7.998544e-05
8.063875e-05
8.129464e-05
8.195312e-05
8.261417e-05
8.327781e-05
8.394404e-05
8.461284e-05
8.528423e-05
8.595820e-05
8.663475e-05
8.731388e-05
8.799560e-05
8.867990e-05
8.936678e-05
9.005624e-05
9.074829e-05
9.144291e-05
9.214012e-05
9.283992e-05
9.354229e-05
9.424725e-05
9.495478e-05
9.566491e-05
9.637761e-05
9.709289e-05
9.781076e-05
9.853121e-05
9.925424e-05
9.997986e-05
1.007081e-04
1.014388e-04
1.021722e-04
1.029081e-04
1.036467e-04
1.043878e-04
1.051315e-04
1.058777e-04
1.066266e-04
1.073780e-04
1.081320e-04
1.088886e-04
1.096478e-04
1.104096e-04
1.111739e-04
1.119409e-04
1.127104e-04
1.134825e-04
1.142572e-04
1.150344e-04
1.158143e-04
1.165967e-04
1.173817e-04
1.181693e-04
1.189595e-04
1.197522e-04
1.205475e-04
1.213455e-04
1.221460e-04
1.229490e-04
1.237547e-04
1.245630e-04
1.253738e-04
1.261872e-04
1.270032e-04
1.278218e-04
1.286429e-04
1.294667e-04
1.302930e-04
1.311219e-04
1.319534e-04
1.327874e-04
1.336241e-04
1.344633e-04
1.353051e-04
1.361495e-04
1.369965e-04
1.378461e-04
1.386982e-04
1.395530e-04
1.404103e-04
1.412702e-04
1.421326e-04
1.429977e-04
1.438653e-04
1.447356e-04
1.456084e-04
1.464837e-04
1.473617e-04
1.482423e-04
1.491254e-04
1.500111e-04
1.508994e-04
1.517903e-04
1.526837e-04
1.535798e-04
1.544784e-04
1.553796e-04
1.562834e-04
1.571898e-04
1.580987e-04
1.590103e-04
1.599244e-04
1.608411e-04
1.617604e-04
1.626822e-04
1.636067e-04
1.645337e-04
1.654633e-04
1.663955e-04
1.673303e-04
1.682677e-04
1.692076e-04
1.701501e-04
1.710952e-04
1.720429e-04
1.729932e-04
1.739461e-04
1.749015e-04
1.758595e-04
1.768201e-04
1.777833e-04
1.787491e-04
1.797174e-04
1.806883e-04
1.816618e-04
1.826379e-04
1.836166e-04
1.845979e-04
1.855817e-04
1.865681e-04
1.875571e-04
1.885487e-04
1.895429e-04
1.905396e-04
1.915390e-04
1.925409e-04
1.935454e-04
1.945525e-04
1.955621e-04
1.965744e-04
1.975892e-04
1.986066e-04
1.996266e-04
2.006492e-04
2.016743e-04
2.027021e-04
2.037324e-04
2.047653e-04
2.058008e-04
2.068389e-04
2.078795e-04
2.089227e-04
2.099685e-04
2.110169e-04
2.120679e-04
2.131215e-04
2.141776e-04
2.152364e-04
2.162977e-04
2.173616e-04
2.184280e-04
2.194971e-04
2.205687e-04
2.216429e-04
2.227197e-04
2.237991e-04
2.248811e-04
2.259656e-04
2.270528e-04
2.281425e-04
2.292348e-04
2.303297e-04
2.314271e-04
2.325272e-04
2.336298e-04
2.347350e-04
2.358428e-04
2.369531e-04
2.380661e-04
2.391816e-04
2.402997e-04
2.414204e-04
2.425437e-04
2.436696e-04
2.447980e-04
2.459291e-04
2.470627e-04
2.481989e-04
2.493377e-04
2.504790e-04
2.516229e-04
2.527695e-04
2.539186e-04
2.550703e-04
2.562245e-04
2.573814e-04
2.585408e-04
2.597028e-04
2.608674e-04
2.620346e-04
2.632044e-04
2.643767e-04
2.655516e-04
2.667292e-04
2.679092e-04
2.690919e-04
2.702772e-04
2.714650e-04
2.726554e-04
2.738484e-04
2.750440e-04
2.762422e-04
2.774429e-04
2.786463e-04
2.798522e-04
2.810607e-04
2.822718e-04
2.834854e-04
2.847017e-04
2.859205e-04
2.871419e-04
2.883659e-04
2.895925e-04
2.908216e-04
2.920534e-04
2.932877e-04
2.945246e-04
2.957641e-04
2.970061e-04
2.982508e-04
2.994980e-04
3.007478e-04
3.020002e-04
3.032552e-04
3.045128e-04
3.057729e-04
3.070356e-04
3.083009e-04
3.095688e-04
3.108393e-04
3.121123e-04
3.133880e-04
3.146662e-04
3.159470e-04
3.172304e-04
3.185163e-04
3.198049e-04
3.210960e-04
3.223897e-04
3.236860e-04
3.249849e-04
3.262864e-04
3.275904e-04
3.288970e-04
3.302062e-04
3.315180e-04
3.328324e-04
3.341493e-04
3.354689e-04
3.367910e-04
3.381157e-04
3.394430e-04
3.407728e-04
3.421053e-04
3.434403e-04
3.447779e-04
3.461181e-04
3.474609e-04
3.488062e-04
3.501542e-04
3.515047e-04
3.528578e-04
3.542135e-04
3.555717e-04
3.569326e-04
3.582960e-04
3.596620e-04
3.610306e-04
3.624018e-04
3.637756e-04
3.651519e-04
3.665308e-04
3.679123e-04
3.692964e-04
3.706831e-04
3.720724e-04
3.734642e-04
3.748586e-04
3.762556e-04
3.776552e-04
3.790574e-04
3.804621e-04
3.818695e-04
3.832794e-04
3.846919e-04
3.861069e-04
3.875246e-04
3.889448e-04
3.903677e-04
3.917931e-04
3.932211e-04
3.946516e-04
3.960848e-04
3.975205e-04
3.989588e-04
4.003997e-04
4.018432e-04
4.032893e-04
4.047379e-04
4.061892e-04
4.076430e-04
4.090994e-04
4.105583e-04
4.120199e-04
4.134840e-04
4.149508e-04
4.164201e-04
4.178919e-04
4.193664e-04
4.208435e-04
4.223231e-04
4.238053e-04
4.252901e-04
4.267775e-04
4.282675e-04
4.297600e-04
4.312551e-04
4.327528e-04
4.342531e-04
4.357560e-04
4.372615e-04
4.387695e-04
4.402801e-04
4.417933e-04
4.433091e-04
4.448275e-04
4.463484e-04
4.478720e-04
4.493981e-04
4.509268e-04
4.524581e-04
4.539919e-04
4.555284e-04
4.570674e-04
4.586090e-04
4.601532e-04
4.617000e-04
4.632493e-04
4.648012e-04
4.663558e-04
4.679129e-04
4.694725e-04
4.710348e-04
4.725997e-04
4.741671e-04
4.757371e-04
4.773097e-04
4.788849e-04
4.804626e-04
4.820430e-04
4.836259e-04
4.852114e-04
4.867995e-04
4.883902e-04
4.899834e-04
4.915793e-04
4.931777e-04
4.947787e-04
4.963823e-04
4.979884e-04
4.995972e-04
5.012085e-04
5.028224e-04
5.044389e-04
5.060580e-04
5.076796e-04
5.093039e-04
5.109307e-04
5.125601e-04
5.141921e-04
5.158267e-04
5.174638e-04
5.191035e-04
5.207459e-04
5.223908e-04
5.240382e-04
5.256883e-04
5.273409e-04
5.289962e-04
5.306540e-04
5.323144e-04
5.339773e-04
5.356429e-04
5.373110e-04
5.389818e-04
5.406551e-04
5.423310e-04
5.440094e-04
5.456905e-04
5.473741e-04
5.490603e-04
5.507491e-04
5.524405e-04
5.541345e-04
5.558310e-04
5.575301e-04
5.592318e-04
5.609361e-04
5.626430e-04
5.643524e-04
5.660645e-04
5.677791e-04
5.694963e-04
5.712161e-04
5.729385e-04
5.746634e-04
5.763909e-04
5.781210e-04
5.798537e-04
5.815890e-04
5.833269e-04
5.850673e-04
5.868103e-04
5.885559e-04
5.903041e-04
5.920549e-04
5.938083e-04
5.955642e-04
5.973227e-04
5.990838e-04
6.008475e-04
6.026138e-04
6.043826e-04
6.061540e-04
6.079280e-04
6.097046e-04
6.114838e-04
6.132656e-04
6.150499e-04
6.168368e-04
6.186263e-04
6.204184e-04
6.222131e-04
6.240103e-04
6.258102e-04
6.276126e-04
6.294176e-04
6.312252e-04
6.330353e-04
6.348481e-04
6.366634e-04
6.384813e-04
6.403018e-04
6.421249e-04
6.439505e-04
6.457788e-04
6.476096e-04
6.494430e-04
6.512790e-04
6.531176e-04
6.549587e-04
6.568024e-04
6.586488e-04
6.604977e-04
6.623491e-04
6.642032e-04
6.660598e-04
6.679191e-04
6.697809e-04
6.716453e-04
6.735122e-04
6.753818e-04
6.772539e-04
6.791286e-04
6.810059e-04
6.828858e-04
6.847683e-04
6.866533e-04
6.885410e-04
6.904312e-04
6.923240e-04
6.942194e-04
6.961173e-04
6.980179e-04
6.999210e-04
7.018267e-04
7.037350e-04
7.056458e-04
7.075593e-04
7.094753e-04
7.113940e-04
7.133152e-04
7.152389e-04
7.171653e-04
7.190942e-04
7.210258e-04
7.229599e-04
7.248966e-04
7.268359e-04
7.287777e-04
7.307222e-04
7.326692e-04
7.346188e-04
7.365710e-04
7.385257e-04
7.404831e-04
7.424430e-04
7.444055e-04
7.463706e-04
7.483383e-04
7.503086e-04
7.522814e-04
7.542569e-04
7.562349e-04
7.582155e-04
7.601986e-04
7.621844e-04
7.641727e-04
7.661636e-04
7.681571e-04
7.701532e-04
7.721519e-04
7.741531e-04
7.761570e-04
7.781634e-04
7.801724e-04
7.821840e-04
7.841981e-04
7.862149e-04
7.882342e-04
7.902561e-04
7.922806e-04
7.943077e-04
7.963373e-04
7.983696e-04
8.004044e-04
8.024418e-04
8.044818e-04
8.065243e-04
8.085695e-04
8.106172e-04
8.126675e-04
8.147204e-04
8.167759e-04
8.188340e-04
8.208946e-04
8.229578e-04
8.250236e-04
8.270920e-04
8.291630e-04
8.312365e-04
8.333127e-04
8.353914e-04
8.374727e-04
8.395566e-04
8.416430e-04
8.437321e-04
8.458237e-04
8.479179e-04
8.500147e-04
8.521141e-04
8.542161e-04
8.563206e-04
8.584277e-04
8.605374e-04
8.626497e-04
8.647646e-04
8.668820e-04
8.690021e-04
8.711247e-04
8.732499e-04
8.753777e-04
8.775080e-04
8.796410e-04
8.817765e-04
8.839146e-04
8.860553e-04
8.881986e-04
8.903444e-04
8.924929e-04
8.946439e-04
8.967975e-04
8.989537e-04
9.011124e-04
9.032738e-04
9.054377e-04
9.076042e-04
9.097733e-04
9.119450e-04
9.141193e-04
9.162961e-04
9.184755e-04
9.206575e-04
9.228421e-04
9.250293e-04
9.272191e-04
9.294114e-04
9.316063e-04
9.338038e-04
9.360039e-04
9.382066e-04
9.404118e-04
9.426196e-04
9.448301e-04
9.470431e-04
9.492586e-04
9.514768e-04
9.536975e-04
9.559209e-04
9.581468e-04
9.603753e-04
9.626063e-04
9.648400e-04
9.670762e-04
9.693150e-04
9.715564e-04
9.738004e-04
9.760470e-04
9.782961e-04
9.805479e-04
9.828022e-04
9.850591e-04
9.873185e-04
9.895806e-04
9.918452e-04
9.941125e-04
9.963823e-04
9.986546e-04
1.000930e-03
1.003207e-03
1.005487e-03
1.007770e-03
1.010055e-03
1.012343e-03
1.014634e-03
1.016927e-03
1.019222e-03
1.021521e-03
1.023821e-03
1.026125e-03
1.028431e-03
1.030739e-03
1.033050e-03
1.035364e-03
1.037680e-03
1.039999e-03
1.042321e-03
1.044645e-03
1.046971e-03
1.049300e-03
1.051632e-03
1.053967e-03
1.056304e-03
1.058643e-03
1.060985e-03
1.063330e-03
1.065677e-03
1.068027e-03
1.070379e-03
1.072734e-03
1.075092e-03
1.077452e-03
1.079815e-03
1.082180e-03
1.084548e-03
1.086919e-03
1.089292e-03
1.091668e-03
1.094046e-03
1.096427e-03
1.098810e-03
1.101196e-03
1.103585e-03
1.105976e-03
1.108370e-03
1.110766e-03
1.113165e-03
1.115566e-03
1.117970e-03
1.120377e-03
1.122786e-03
1.125198e-03
1.127613e-03
1.130030e-03
1.132449e-03
1.134871e-03
1.137296e-03
1.139723e-03
1.142153e-03
1.144586e-03
1.147021e-03
1.149459e-03
1.151899e-03
1.154342e-03
1.156787e-03
1.159235e-03
1.161685e-03
1.164139e-03
1.166594e-03
1.169053e-03
1.171514e-03
1.173977e-03
1.176443e-03
1.178912e-03
1.181383e-03
1.183857e-03
1.186333e-03
1.188812e-03
1.191294e-03
1.193778e-03
1.196265e-03
1.198754e-03
1.201246e-03
1.203740e-03
1.206237e-03
1.208737e-03
1.211239e-03
1.213744e-03
1.216251e-03
1.218761e-03
1.221274e-03
1.223789e-03
1.226306e-03
1.228827e-03
1.231350e-03
1.233875e-03
1.236403e-03
1.238934e-03
1.241467e-03
1.244003e-03
1.246541e-03
1.249082e-03
1.251626e-03
1.254172e-03
1.256720e-03
1.259272e-03
1.261825e-03
1.264382e-03
1.266941e-03
1.269503e-03
1.272067e-03
1.274633e-03
1.277203e-03
1.279775e-03
1.282349e-03
1.284926e-03
1.287506e-03
1.290088e-03
1.292673e-03
1.295261e-03
1.297851e-03
1.300443e-03
1.303038e-03
1.305636e-03
1.308236e-03
1.310839e-03
1.313445e-03
1.316053e-03
1.318664e-03
1.321277e-03
1.323893e-03
1.326511e-03
1.329132e-03
1.331756e-03
1.334382e-03
1.337010e-03
1.339642e-03
1.342276e-03
1.344912e-03
1.347551e-03
1.350193e-03
1.352837e-03
1.355484e-03
1.358133e-03
1.360785e-03
1.363440e-03
1.366097e-03
1.368757e-03
1.371419e-03
1.374084e-03
1.376751e-03
1.379421e-03
1.382094e-03
1.384769e-03
1.387447e-03
1.390128e-03
1.392810e-03
1.395496e-03
1.398184e-03
1.400875e-03
1.403568e-03
1.406264e-03
1.408963e-03
1.411664e-03
1.414367e-03
1.417073e-03
1.419782e-03
1.422494e-03
1.425207e-03
1.427924e-03
1.430643e-03
1.433365e-03
1.436089e-03
1.438816e-03
1.441545e-03
1.444277e-03
1.447012e-03
1.449749e-03
1.452489e-03
1.455231e-03
1.457976e-03
1.460724e-03
1.463474e-03
1.466227e-03
1.468982e-03
1.471740e-03
1.474500e-03
1.477263e-03
1.480029e-03
1.482797e-03
1.485568e-03
1.488341e-03
1.491117e-03
1.493896e-03
1.496677e-03
1.499460e-03
1.502247e-03
1.505035e-03
1.507827e-03
1.510621e-03
1.513417e-03
1.516217e-03
1.519018e-03
1.521823e-03
1.524630e-03
1.527439e-03
1.530251e-03
1.533066e-03
1.535883e-03
1.538703e-03
1.541525e-03
1.544350e-03
1.547178e-03
1.550008e-03
1.552841e-03
1.555676e-03
1.558514e-03
1.561354e-03
1.564198e-03
1.567043e-03
1.569891e-03
1.572742e-03
1.575596e-03
1.578452e-03
1.581310e-03
1.584171e-03
1.587035e-03
1.589901e-03
1.592770e-03
1.595642e-03
1.598516e-03
1.601392e-03
1.604272e-03
1.607153e-03
1.610038e-03
1.612925e-03
1.615814e-03
1.618706e-03
1.621601e-03
1.624498e-03
1.627398e-03
1.630301e-03
1.633206e-03
1.636113e-03
1.639024e-03
1.641936e-03
1.644852e-03
1.647770e-03
1.650690e-03
1.653613e-03
1.656539e-03
1.659467e-03
1.662398e-03
1.665332e-03
1.668268e-03
1.671206e-03
1.674147e-03
1.677091e-03
1.680038e-03
1.682987e-03
1.685938e-03
1.688892e-03
1.691849e-03
1.694808e-03
1.697770e-03
1.700734e-03
1.703701e-03
1.706671e-03
1.709643e-03
1.712618e-03
1.715595e-03
1.718575e-03
1.721558e-03
1.724543e-03
1.727530e-03
1.730521e-03
1.733514e-03
1.736509e-03
1.739507e-03
1.742508e-03
1.745511e-03
1.748516e-03
1.751525e-03
1.754536e-03
1.757549e-03
1.760565e-03
1.763584e-03
1.766605e-03
1.769629e-03
1.772655e-03
1.775684e-03
1.778716e-03
1.781750e-03
1.784787e-03
1.787826e-03
1.790868e-03
1.793913e-03
1.796960e-03
1.800009e-03
1.803062e-03
1.806116e-03
1.809174e-03
1.812234e-03
1.815296e-03
1.818361e-03
1.821429e-03
1.824499e-03
1.827572e-03
1.830648e-03
1.833726e-03
1.836806e-03
1.839890e-03
1.842975e-03
1.846064e-03
1.849155e-03
1.852248e-03
1.855344e-03
1.858443e-03
1.861545e-03
1.864648e-03
1.867755e-03
1.870864e-03
1.873975e-03
1.877090e-03
1.880206e-03
1.883326e-03
1.886448e-03
1.889572e-03
1.892699e-03
1.895829e-03
1.898961e-03
1.902096e-03
1.905234e-03
1.908374e-03
1.911516e-03
1.914662e-03
1.917809e-03
1.920960e-03
1.924113e-03
1.927268e-03
1.930426e-03
1.933587e-03
1.936750e-03
1.939916e-03
1.943084e-03
1.946255e-03
1.949429e-03
1.952605e-03
1.955784e-03
1.958965e-03
1.962149e-03
1.965336e-03
1.968525e-03
1.971717e-03
1.974911e-03
1.978108e-03
1.981307e-03
1.984509e-03
1.987714e-03
1.990921e-03
1.994131e-03
1.997343e-03
2.000558e-03
2.003775e-03
2.006995e-03
2.010218e-03
2.013443e-03
2.016671e-03
2.019901e-03
2.023134e-03
2.026370e-03
2.029608e-03
2.032849e-03
2.036092e-03
2.039338e-03
2.042587e-03
2.045838e-03
2.049091e-03
2.052348e-03
2.055606e-03
2.058868e-03
2.062132e-03
2.065398e-03
2.068667e-03
2.071939e-03
2.075213e-03
2.078490e-03
2.081770e-03
2.085052e-03
2.088336e-03
2.091624e-03
2.094913e-03
2.098206e-03
2.101501e-03
2.104798e-03
2.108098e-03
2.111401e-03
2.114706e-03
2.118014e-03
2.121325e-03
2.124638e-03
2.127953e-03
2.131272e-03
2.134592e-03
2.137916e-03
2.141242e-03
2.144570e-03
2.147901e-03
2.151235e-03
2.154571e-03
2.157910e-03
2.161252e-03
2.164596e-03
2.167942e-03
2.171291e-03
2.174643e-03
2.177998e-03
2.181355e-03
2.184714e-03
2.188076e-03
2.191441e-03
2.194808e-03
2.198178e-03
2.201550e-03
2.204925e-03
2.208303e-03
2.211683e-03
2.215066e-03
2.218451e-03
2.221839e-03
2.225230e-03
2.228623e-03
2.232018e-03
2.235417e-03
2.238818e-03
2.242221e-03
2.245627e-03
2.249036e-03
2.252447e-03
2.255860e-03
2.259277e-03
2.262696e-03
2.266117e-03
2.269541e-03
2.272968e-03
2.276397e-03
2.279829e-03
2.283263e-03
2.286700e-03
2.290140e-03
2.293582e-03
2.297027e-03
2.300474e-03
2.303924e-03
2.307376e-03
2.310832e-03
2.314289e-03
2.317749e-03
2.321212e-03
2.324678e-03
2.328146e-03
2.331616e-03
2.335089e-03
2.338565e-03
2.342043e-03
2.345524e-03
2.349008e-03
2.352494e-03
2.355982e-03
2.359474e-03
2.362967e-03
2.366464e-03
2.369963e-03
2.373464e-03
2.376968e-03
2.380475e-03
2.383984e-03
2.387496e-03
2.391011e-03
2.394528e-03
2.398047e-03
2.401569e-03
2.405094e-03
2.408622e-03
2.412152e-03
2.415684e-03
2.419219e-03
2.422757e-03
2.426297e-03
2.429840e-03
2.433385e-03
2.436934e-03
2.440484e-03
2.444037e-03
2.447593e-03
2.451151e-03
2.454712e-03
2.458276e-03
2.461842e-03
2.465411e-03
2.468982e-03
2.472556e-03
2.476132e-03
2.479711e-03
2.483293e-03
2.486877e-03
2.490464e-03
2.494053e-03
2.497645e-03
2.501239e-03
2.504837e-03
2.508436e-03
2.512038e-03
2.515643e-03
2.519251e-03
2.522861e-03
2.526473e-03
2.530088e-03
2.533706e-03
2.537327e-03
2.540949e-03
2.544575e-03
2.548203e-03
2.551834e-03
2.555467e-03
2.559103e-03
2.562741e-03
2.566382e-03
2.570026e-03
2.573672e-03
2.577321e-03
2.580972e-03
2.584626e-03
2.588282e-03
2.591941e-03
2.595603e-03
2.599267e-03
2.602934e-03
2.606603e-03
2.610275e-03
2.613950e-03
2.617627e-03
2.621307e-03
2.624989e-03
2.628674e-03
2.632361e-03
2.636051e-03
2.639744e-03
2.643439e-03
2.647137e-03
2.650837e-03
2.654540e-03
2.658246e-03
2.661954e-03
2.665665e-03
2.669378e-03
2.673094e-03
2.676812e-03
2.680533e-03
2.684257e-03
2.687983e-03
2.691712e-03
2.695443e-03
2.699177e-03
2.702914e-03
2.706653e-03
2.710395e-03
2.714139e-03
2.717886e-03
2.721635e-03
2.725387e-03
2.729142e-03
2.732899e-03
2.736659e-03
2.740421e-03
2.744186e-03
2.747954e-03
2.751724e-03
2.755496e-03
2.759272e-03
2.763049e-03
2.766830e-03
2.770613e-03
2.774398e-03
2.778187e-03
2.781977e-03
2.785771e-03
2.789567e-03
2.793365e-03
2.797166e-03
2.800970e-03
2.804776e-03
2.808585e-03
2.812396e-03
2.816210e-03
2.820027e-03
2.823846e-03
2.827668e-03
2.831492e-03
2.835319e-03
2.839149e-03
2.842981e-03
2.846815e-03
2.850653e-03
2.854492e-03
2.858335e-03
2.862180e-03
2.866027e-03
2.869877e-03
2.873730e-03
2.877585e-03
2.881443e-03
2.885304e-03
2.889167e-03
2.893033e-03
2.896901e-03
2.900772e-03
2.904645e-03
2.908521e-03
2.912399e-03
2.916281e-03
2.920164e-03
2.924051e-03
2.927940e-03
2.931831e-03
2.935725e-03
2.939622e-03
2.943521e-03
2.947423e-03
2.951327e-03
2.955234e-03
2.959144e-03
2.963056e-03
2.966970e-03
2.970888e-03
2.974807e-03
2.978730e-03
2.982655e-03
2.986583e-03
2.990513e-03
2.994446e-03
2.998381e-03
3.002319e-03
3.006259e-03
3.010203e-03
3.014148e-03
3.018096e-03
3.022047e-03
3.026001e-03
3.029957e-03
3.033915e-03
3.037877e-03
3.041840e-03
3.045807e-03
3.049776e-03
3.053747e-03
3.057721e-03
3.061698e-03
3.065677e-03
3.068994e-03
3.072298e-03
3.075590e-03
3.078868e-03
3.082134e-03
3.085387e-03
3.088626e-03
3.091853e-03
3.095067e-03
3.098269e-03
3.101457e-03
3.104632e-03
3.107795e-03
3.110945e-03
3.114081e-03
3.117205e-03
3.120316e-03
3.123415e-03
3.126500e-03
3.129572e-03
3.132632e-03
3.135679e-03
3.138712e-03
3.141733e-03
3.144741e-03
3.147737e-03
3.150719e-03
3.153688e-03
3.156645e-03
3.159589e-03
3.162519e-03
3.165437e-03
3.168342e-03
3.171234e-03
3.174114e-03
3.176980e-03
3.179834e-03
3.182674e-03
3.185502e-03
3.188317e-03
3.191119e-03
3.193908e-03
3.196684e-03
3.199448e-03
3.202198e-03
3.204936e-03
3.207661e-03
3.210372e-03
3.213071e-03
3.215758e-03
3.218431e-03
3.221091e-03
3.223739e-03
3.226373e-03
3.228995e-03
3.231604e-03
3.234200e-03
3.236783e-03
3.239353e-03
3.241911e-03
3.244455e-03
3.246987e-03
3.249505e-03
3.252011e-03
3.254504e-03
3.256984e-03
3.259451e-03
3.261906e-03
3.264347e-03
3.266776e-03
3.269192e-03
3.271594e-03
3.273984e-03
3.276361e-03
3.278726e-03
3.281077e-03
3.283415e-03
3.285741e-03
3.288054e-03
3.290353e-03
3.292640e-03
3.294914e-03
3.297176e-03
3.299424e-03
3.301659e-03
3.303882e-03
3.306092e-03
3.308288e-03
3.310472e-03
3.312643e-03
3.314802e-03
3.316947e-03
3.319079e-03
3.321199e-03
3.323305e-03
3.325399e-03
3.327480e-03
3.329548e-03
3.331603e-03
3.333646e-03
3.335675e-03
3.337692e-03
3.339695e-03
3.341686e-03
3.343664e-03
3.345629e-03
3.347581e-03
3.349520e-03
3.351447e-03
3.353360e-03
3.355261e-03
3.357148e-03
3.359023e-03
3.360885e-03
3.362734e-03
3.364571e-03
3.366394e-03
3.368205e-03
3.370002e-03
3.371787e-03
3.373559e-03
3.375318e-03
3.377064e-03
3.378797e-03
3.380517e-03
3.382225e-03
3.383919e-03
3.385601e-03
3.387270e-03
3.388926e-03
3.390569e-03
3.392199e-03
3.393817e-03
3.395421e-03
3.397013e-03
3.398591e-03
3.400157e-03
3.401710e-03
3.403250e-03
3.404777e-03
3.406292e-03
3.407793e-03
3.409282e-03
3.410757e-03
3.412220e-03
3.413670e-03
3.415107e-03
3.416531e-03
3.417943e-03
3.419341e-03
3.420727e-03
3.422099e-03
3.423459e-03
3.424806e-03
3.426140e-03
3.427461e-03
3.428770e-03
3.430065e-03
3.431348e-03
3.432617e-03
3.433874e-03
3.435118e-03
3.436349e-03
3.437567e-03
3.438772e-03
3.439965e-03
3.441144e-03
3.442311e-03
3.443465e-03
3.444606e-03
3.445734e-03
3.446849e-03
3.447951e-03
3.449040e-03
3.450117e-03
3.451180e-03
3.452231e-03
3.453269e-03
3.454294e-03
3.455306e-03
3.456305e-03
3.457292e-03
3.458265e-03
3.459226e-03
3.460174e-03
3.461108e-03
3.462030e-03
3.462939e-03
3.463836e-03
3.464719e-03
3.465590e-03
3.466447e-03
3.467292e-03
3.468124e-03
3.468943e-03
3.469749e-03
3.470542e-03
3.471322e-03
3.472090e-03
3.472844e-03
3.473586e-03
3.474315e-03
3.475031e-03
3.475734e-03
3.476424e-03
3.477101e-03
3.477766e-03
3.478417e-03
3.479056e-03
3.479682e-03
3.480295e-03
3.480895e-03
3.481482e-03
3.482056e-03
3.482618e-03
3.483166e-03
3.483702e-03
3.484225e-03
3.484735e-03
3.485232e-03
3.485716e-03
3.486187e-03
3.486646e-03
3.487091e-03
3.487524e-03
3.487943e-03
3.488350e-03
3.488744e-03
3.489126e-03
3.489494e-03
3.489849e-03
3.490192e-03
3.490521e-03
3.490838e-03
3.491142e-03
3.491433e-03
3.491711e-03
3.491976e-03
3.492229e-03
3.492468e-03
3.492695e-03
3.492909e-03
3.493109e-03
3.493297e-03
3.493473e-03
3.493635e-03
3.493784e-03
3.493921e-03
3.494044e-03
3.494155e-03
3.494253e-03
3.494338e-03
3.494410e-03
3.494469e-03
3.494515e-03
3.494549e-03
3.494570e-03
3.494577e-03
3.494572e-03
3.494554e-03
3.494523e-03
3.494479e-03
3.494423e-03
3.494353e-03
3.494271e-03
3.494175e-03
3.494067e-03
3.493946e-03
3.493812e-03
3.493665e-03
3.493506e-03
3.493333e-03
3.493148e-03
3.492949e-03
3.492738e-03
3.492514e-03
3.492277e-03
3.492027e-03
3.491765e-03
3.491489e-03
3.491201e-03
3.490899e-03
3.490585e-03
3.490258e-03
3.489918e-03
3.489565e-03
3.489199e-03
3.488821e-03
3.488429e-03
3.488025e-03
3.487608e-03
3.487178e-03
3.486735e-03
3.486279e-03
3.485810e-03
3.485328e-03
3.484834e-03
3.484327e-03
3.483806e-03
3.483273e-03
3.482949e-03
3.482949e-03
3.482949e-03
3.482949e-03
3.482949e-03
3.482949e-03
3.482949e-03
3.482949e-03
3.482949e-03
3.482949e-03
3.482949e-03
3.482949e-03
3.482949e-03
3.482949e-03
3.482949e-03
3.482949e-03
3.482949e-03
3.482949e-03
3.482949e-03
3.482949e-03
3.482949e-03
3.482949e-03
3.482949e-03
3.482949e-03
3.482949e-03
3.482949e-03
3.482949e-03
3.482949e-03
3.482949e-03
3.482949e-03
3.482949e-03
3.482949e-03
3.482949e-03
3.482949e-03
3.482949e-03
3.482949e-03
3.482949e-03
3.482949e-03
3.482949e-03
3.482949e-03
3.482949e-03
3.482949e-03
3.482949e-03
3.482949e-03
3.482949e-03
3.482949e-03
3.482949e-03
3.482949e-03
3.482949e-03
3.482949e-03
3.482949e-03
3.482949e-03
3.482949e-03
3.482949e-03
3.482949e-03
3.482949e-03
3.482949e-03
3.482949e-03
3.482949e-03
3.482949e-03
3.482949e-03
3.482949e-03
3.482949e-03
3.482949e-03
3.482949e-03
3.482949e-03
3.482949e-03
3.482949e-03
3.482949e-03
3.482949e-03
3.482949e-03
3.482949e-03
3.482949e-03
3.482949e-03
3.482949e-03
3.482949e-03
3.482949e-03
3.482949e-03
3.482949e-03
3.482949e-03
3.482949e-03
3.482949e-03
3.482949e-03
3.482949e-03
3.482949e-03
3.482949e-03
3.482949e-03
3.482949e-03
3.482949e-03
3.482949e-03
3.482949e-03
3.482949e-03
3.482949e-03
3.482949e-03
3.482949e-03
3.482949e-03
3.482949e-03
3.482949e-03
3.482949e-03
3.482949e-03
3.482949e-03
3.482949e-03
3.482949e-03
3.482949e-03
3.482949e-03
3.482949e-03
3.482949e-03
3.482949e-03
3.482949e-03
3.482949e-03
3.482949e-03
3.482949e-03
3.482949e-03
3.482949e-03
3.482949e-03
3.482949e-03
3.482949e-03
3.482949e-03
3.482949e-03
3.482949e-03
3.482949e-03
3.482949e-03
3.482949e-03
3.482949e-03
3.482949e-03
3.482949e-03
3.482949e-03
3.482949e-03
3.482949e-03
3.482949e-03
3.482949e-03
3.482949e-03
3.482949e-03
3.482949e-03
3.482949e-03
3.482949e-03
3.482949e-03
3.482949e-03
3.482949e-03
3.482949e-03
3.482949e-03
3.482949e-03
3.482949e-03
3.482949e-03
3.482949e-03
3.482949e-03
3.482949e-03
3.482949e-03
3.482949e-03
3.482949e-03
3.482949e-03
3.482949e-03
3.482949e-03
3.482949e-03
3.482949e-03
3.482949e-03
3.482949e-03
3.482949e-03
3.482949e-03
3.482949e-03
3.482949e-03
3.482949e-03
3.482949e-03
3.482949e-03
3.482949e-03
3.482949e-03
3.482949e-03
3.482949e-03
3.482949e-03
3.482949e-03
3.482949e-03
3.482949e-03
3.482949e-03
3.482949e-03
3.482949e-03
3.482949e-03
3.482949e-03
3.482949e-03
3.482949e-03
3.482949e-03
3.482949e-03
3.482949e-03
3.482949e-03
3.482949e-03
3.482949e-03
3.482949e-03
3.482949e-03
3.482949e-03
3.482949e-03
3.482949e-03
3.482949e-03
3.482949e-03
3.482949e-03
3.482949e-03
3.482949e-03
3.482949e-03
3.482949e-03
3.482949e-03
3.482949e-03
3.482949e-03
3.482949e-03
