0.000000e+00
1.110371e-07
2.245092e-07
3.404163e-07
4.587585e-07
5.795357e-07
7.027479e-07
8.283951e-07
9.564774e-07
1.086995e-06
1.219947e-06
1.355334e-06
1.493157e-06
1.633414e-06
1.776106e-06
1.921234e-06
2.068796e-06
2.218794e-06
2.371226e-06
2.526094e-06
2.683396e-06
2.843134e-06
3.005306e-06
3.169914e-06
3.336957e-06
3.506434e-06
3.678347e-06
3.852695e-06
4.029477e-06
4.208695e-06
4.390348e-06
4.574436e-06
4.760959e-06
4.949916e-06
5.141309e-06
5.335137e-06
5.531400e-06
5.730098e-06
5.931231e-06
6.134799e-06
6.340802e-06
6.549240e-06
6.760113e-06
6.973421e-06
7.189164e-06
7.407342e-06
7.627956e-06
7.851004e-06
8.076487e-06
8.304405e-06
8.534759e-06
8.767547e-06
9.002770e-06
9.240428e-06
9.480522e-06
9.723050e-06
9.968014e-06
1.021541e-05
1.046525e-05
1.071751e-05
1.097222e-05
1.122936e-05
1.148893e-05
1.175094e-05
1.201538e-05
1.228226e-05
1.255157e-05
1.282332e-05
1.309751e-05
1.337412e-05
1.365318e-05
1.393467e-05
1.421859e-05
1.450495e-05
1.479374e-05
1.508497e-05
1.537864e-05
1.567474e-05
1.597327e-05
1.627424e-05
1.657764e-05
1.688348e-05
1.719176e-05
1.750246e-05
1.781561e-05
1.813119e-05
1.844920e-05
1.876965e-05
1.909253e-05
1.941785e-05
1.974561e-05
2.007580e-05
2.040842e-05
2.074348e-05
2.108098e-05
2.142090e-05
2.176327e-05
2.210807e-05
2.245530e-05
2.280497e-05
2.315708e-05
2.351162e-05
2.386859e-05
2.422800e-05
2.458984e-05
2.495412e-05
2.532084e-05
2.568999e-05
2.606157e-05
2.643559e-05
2.681205e-05
2.719094e-05
2.757226e-05
2.795602e-05
2.834222e-05
2.873085e-05
2.912191e-05
2.951541e-05
2.991135e-05
3.030972e-05
3.071052e-05
3.111376e-05
3.151944e-05
3.192755e-05
3.233809e-05
3.275107e-05
3.316649e-05
3.358434e-05
3.400462e-05
3.442734e-05
3.485250e-05
3.528009e-05
3.571011e-05
3.614257e-05
3.657747e-05
3.701480e-05
3.745456e-05
3.789676e-05
3.834140e-05
3.878847e-05
3.923797e-05
3.968991e-05
4.014429e-05
4.060110e-05
4.106035e-05
4.152203e-05
4.198614e-05
4.245269e-05
4.292168e-05
4.339310e-05
4.386695e-05
4.434324e-05
4.482197e-05
4.530313e-05
4.578673e-05
4.627276e-05
4.676122e-05
4.725212e-05
4.774546e-05
4.824123e-05
4.873944e-05
4.924008e-05
4.974315e-05
5.024866e-05
5.075661e-05
5.126699e-05
5.177981e-05
5.229506e-05
5.281274e-05
5.333287e-05
5.385542e-05
5.438041e-05
5.490784e-05
5.543770e-05
5.597000e-05
5.650473e-05
5.704189e-05
5.758150e-05
5.812353e-05
5.866800e-05
5.921491e-05
5.976425e-05
6.031603e-05
6.087024e-05
6.142689e-05
6.198597e-05
6.254748e-05
6.311143e-05
6.367782e-05
6.424664e-05
6.481790e-05
6.539159e-05
6.596772e-05
6.654628e-05
6.712728e-05
6.771071e-05
6.829657e-05
6.888488e-05
6.947561e-05
7.006878e-05
7.066439e-05
7.126243e-05
7.186291e-05
7.246582e-05
7.307117e-05
7.367895e-05
7.428917e-05
7.490182e-05
7.551691e-05
7.613443e-05
7.675439e-05
7.737678e-05
7.800161e-05
7.862887e-05
7.925856e-05
7.989070e-05
8.052526e-05
8.116227e-05
8.180170e-05
8.244358e-05
8.308788e-05
8.373463e-05
8.438380e-05
8.503541e-05
8.568946e-05
8.634594e-05
8.700486e-05
8.766621e-05
8.833000e-05
8.899622e-05
8.966488e-05
9.033597e-05
9.100950e-05
9.168547e-05
9.236386e-05
9.304470e-05
9.372796e-05
9.441367e-05
9.510180e-05
9.579238e-05
9.648538e-05
9.718083e-05
9.787870e-05
9.857902e-05
9.928177e-05
9.998695e-05
1.006946e-04
1.014046e-04
1.021171e-04
1.028320e-04
1.035494e-04
1.042692e-04
1.049914e-04
1.057161e-04
1.064432e-04
1.071727e-04
1.079047e-04
1.086391e-04
1.093759e-04
1.101152e-04
1.108569e-04
1.116010e-04
1.123476e-04
1.130966e-04
1.138481e-04
1.146020e-04
1.153583e-04
1.161170e-04
1.168782e-04
1.176418e-04
1.184079e-04
1.191764e-04
1.199473e-04
1.207207e-04
1.214965e-04
1.222747e-04
1.230554e-04
1.238385e-04
1.246240e-04
1.254120e-04
1.262024e-04
1.269953e-04
1.277905e-04
1.285883e-04
1.293884e-04
1.301910e-04
1.309960e-04
1.318035e-04
1.326133e-04
1.334257e-04
1.342404e-04
1.350576e-04
1.358773e-04
1.366993e-04
1.375238e-04
1.383507e-04
1.391801e-04
1.400119e-04
1.408462e-04
1.416828e-04
1.425219e-04
1.433635e-04
1.442075e-04
1.450539e-04
1.459027e-04
1.467540e-04
1.476077e-04
1.484639e-04
1.493225e-04
1.501835e-04
1.510470e-04
1.519129e-04
1.527812e-04
1.536520e-04
1.545252e-04
1.554008e-04
1.562789e-04
1.571594e-04
1.580423e-04
1.589277e-04
1.598155e-04
1.607057e-04
1.615984e-04
1.624935e-04
1.633911e-04
1.642911e-04
1.651935e-04
1.660983e-04
1.670056e-04
1.679153e-04
1.688275e-04
1.697421e-04
1.706591e-04
1.715786e-04
1.725005e-04
1.734248e-04
1.743516e-04
1.752808e-04
1.762124e-04
1.771465e-04
1.780830e-04
1.790220e-04
1.799634e-04
1.809072e-04
1.818534e-04
1.828021e-04
1.837532e-04
1.847068e-04
1.856628e-04
1.866212e-04
1.875821e-04
1.885454e-04
1.895111e-04
1.904793e-04
1.914499e-04
1.924229e-04
1.933984e-04
1.943763e-04
1.953566e-04
1.963394e-04
1.973246e-04
1.983122e-04
1.993023e-04
2.002948e-04
2.012898e-04
2.022872e-04
2.032870e-04
2.042892e-04
2.052939e-04
2.063011e-04
2.073106e-04
2.083226e-04
2.093371e-04
2.103539e-04
2.113732e-04
2.123950e-04
2.134191e-04
2.144457e-04
2.154748e-04
2.165062e-04
2.175402e-04
2.185765e-04
2.196153e-04
2.206565e-04
2.217002e-04
2.227462e-04
2.237948e-04
2.248457e-04
2.258991e-04
2.269549e-04
2.280132e-04
2.290739e-04
2.301370e-04
2.312026e-04
2.322706e-04
2.333410e-04
2.344139e-04
2.354892e-04
2.365669e-04
2.376471e-04
2.387297e-04
2.398148e-04
2.409023e-04
2.419922e-04
2.430845e-04
2.441793e-04
2.452765e-04
2.463762e-04
2.474783e-04
2.485828e-04
2.496898e-04
2.507992e-04
2.519110e-04
2.530253e-04
2.541420e-04
2.552611e-04
2.563827e-04
2.575067e-04
2.586331e-04
2.597620e-04
2.608933e-04
2.620271e-04
2.631633e-04
2.643019e-04
2.654429e-04
2.665864e-04
2.677323e-04
2.688807e-04
2.700315e-04
2.711847e-04
2.723404e-04
2.734985e-04
2.746590e-04
2.758220e-04
2.769874e-04
2.781552e-04
2.793255e-04
2.804982e-04
2.816733e-04
2.828509e-04
2.840309e-04
2.852134e-04
2.863982e-04
2.875856e-04
2.887753e-04
2.899675e-04
2.911621e-04
2.923592e-04
2.935587e-04
2.947606e-04
2.959650e-04
2.971718e-04
2.983810e-04
2.995927e-04
3.008068e-04
3.020233e-04
3.032423e-04
3.044637e-04
3.056875e-04
3.069138e-04
3.081425e-04
3.093737e-04
3.106073e-04
3.118433e-04
3.130817e-04
3.143226e-04
3.155659e-04
3.168117e-04
3.180599e-04
3.193105e-04
3.205636e-04
3.218191e-04
3.230770e-04
3.243374e-04
3.256002e-04
3.268654e-04
3.281331e-04
3.294032e-04
3.306757e-04
3.319507e-04
3.332281e-04
3.345080e-04
3.357903e-04
3.370750e-04
3.383621e-04
3.396517e-04
3.409438e-04
3.422382e-04
3.435351e-04
3.448344e-04
3.461362e-04
3.474404e-04
3.487470e-04
3.500561e-04
3.513676e-04
3.526815e-04
3.539979e-04
3.553167e-04
3.566380e-04
3.579617e-04
3.592878e-04
3.606163e-04
3.619473e-04
3.632807e-04
3.646166e-04
3.659549e-04
3.672956e-04
3.686387e-04
3.699843e-04
3.713324e-04
3.726828e-04
3.740357e-04
3.753911e-04
3.767488e-04
3.781090e-04
3.794717e-04
3.808368e-04
3.822043e-04
3.835742e-04
3.849466e-04
3.863214e-04
3.876986e-04
3.890783e-04
3.904605e-04
3.918450e-04
3.932320e-04
3.946214e-04
3.960133e-04
3.974076e-04
3.988043e-04
4.002035e-04
4.016051e-04
4.030091e-04
4.044156e-04
4.058245e-04
4.072358e-04
4.086496e-04
4.100658e-04
4.114844e-04
4.129055e-04
4.143290e-04
4.157550e-04
4.171834e-04
4.186142e-04
4.200475e-04
4.214831e-04
4.229213e-04
4.243618e-04
4.258048e-04
4.272503e-04
4.286981e-04
4.301484e-04
4.316012e-04
4.330563e-04
4.345139e-04
4.359740e-04
4.374364e-04
4.389014e-04
4.403687e-04
4.418385e-04
4.433107e-04
4.447853e-04
4.462624e-04
4.477420e-04
4.492239e-04
4.507083e-04
4.521951e-04
4.536844e-04
4.551761e-04
4.566702e-04
4.581668e-04
4.596658e-04
4.611672e-04
4.626711e-04
4.641774e-04
4.656861e-04
4.671973e-04
4.687109e-04
4.702270e-04
4.717454e-04
4.732664e-04
4.747897e-04
4.763155e-04
4.778437e-04
4.793744e-04
4.809075e-04
4.824430e-04
4.839810e-04
4.855213e-04
4.870642e-04
4.886094e-04
4.901571e-04
4.917073e-04
4.932599e-04
4.948149e-04
4.963723e-04
4.979322e-04
4.994945e-04
5.010592e-04
5.026264e-04
5.041960e-04
5.057681e-04
5.073426e-04
5.089195e-04
5.104988e-04
5.120806e-04
5.136649e-04
5.152515e-04
5.168406e-04
5.184322e-04
5.200261e-04
5.216225e-04
5.232214e-04
5.248226e-04
5.264263e-04
5.280325e-04
5.296411e-04
5.312521e-04
5.328655e-04
5.344814e-04
5.360997e-04
5.377205e-04
5.393437e-04
5.409693e-04
5.425973e-04
5.442278e-04
5.458608e-04
5.474961e-04
5.491339e-04
5.507741e-04
5.524168e-04
5.540619e-04
5.557094e-04
5.573594e-04
5.590118e-04
5.606667e-04
5.623239e-04
5.639837e-04
5.656458e-04
5.673104e-04
5.689774e-04
5.706469e-04
5.723187e-04
5.739931e-04
5.756698e-04
5.773490e-04
5.790306e-04
5.807147e-04
5.824012e-04
5.840901e-04
5.857815e-04
5.874753e-04
5.891715e-04
5.908702e-04
5.925713e-04
5.942749e-04
5.959808e-04
5.976893e-04
5.994001e-04
6.011134e-04
6.028291e-04
6.045473e-04
6.062678e-04
6.079909e-04
6.097163e-04
6.114442e-04
6.131746e-04
6.149073e-04
6.166425e-04
6.183801e-04
6.201202e-04
6.218627e-04
6.236077e-04
6.253550e-04
6.271048e-04
6.288571e-04
6.306118e-04
6.323689e-04
6.341284e-04
6.358904e-04
6.376548e-04
6.394217e-04
6.411910e-04
6.429627e-04
6.447368e-04
6.465134e-04
6.482925e-04
6.500739e-04
6.518578e-04
6.536442e-04
6.554329e-04
6.572241e-04
6.590178e-04
6.608138e-04
6.626124e-04
6.644133e-04
6.662167e-04
6.680225e-04
6.698307e-04
6.716414e-04
6.734545e-04
6.752701e-04
6.770881e-04
6.789085e-04
6.807314e-04
6.825567e-04
6.843844e-04
6.862146e-04
6.880471e-04
6.898822e-04
6.917197e-04
6.935596e-04
6.954019e-04
6.972467e-04
6.990939e-04
7.009435e-04
7.027956e-04
7.046501e-04
7.065071e-04
7.083664e-04
7.102283e-04
7.120925e-04
7.139592e-04
7.158283e-04
7.176999e-04
7.195739e-04
7.214503e-04
7.233292e-04
7.252105e-04
7.270942e-04
7.289804e-04
7.308690e-04
7.327600e-04
7.346535e-04
7.365494e-04
7.384478e-04
7.403485e-04
7.422518e-04
7.441574e-04
7.460655e-04
7.479760e-04
7.498890e-04
7.518044e-04
7.537222e-04
7.556424e-04
7.575651e-04
7.594903e-04
7.614178e-04
7.633478e-04
7.652803e-04
7.672151e-04
7.691524e-04
7.710922e-04
7.730344e-04
7.749790e-04
7.769260e-04
7.788755e-04
7.808274e-04
7.827818e-04
7.847385e-04
7.866978e-04
7.886594e-04
7.906235e-04
7.925900e-04
7.945590e-04
7.965304e-04
7.985042e-04
8.004805e-04
8.024592e-04
8.044403e-04
8.064239e-04
8.084099e-04
8.103983e-04
8.123892e-04
8.143825e-04
8.163783e-04
8.183764e-04
8.203771e-04
8.223801e-04
8.243856e-04
8.263935e-04
8.284039e-04
8.304167e-04
8.324319e-04
8.344495e-04
8.364696e-04
8.384922e-04
8.405171e-04
8.425445e-04
8.445744e-04
8.466066e-04
8.486414e-04
8.506785e-04
8.527181e-04
8.547601e-04
8.568045e-04
8.588514e-04
8.609007e-04
8.629525e-04
8.650067e-04
8.670633e-04
8.691223e-04
8.711838e-04
8.732478e-04
8.753141e-04
8.773829e-04
8.794541e-04
8.815278e-04
8.836039e-04
8.856824e-04
8.877634e-04
8.898468e-04
8.919327e-04
8.940209e-04
8.961117e-04
8.982048e-04
9.003004e-04
9.023984e-04
9.044989e-04
9.066017e-04
9.087071e-04
9.108148e-04
9.129250e-04
9.150376e-04
9.171527e-04
9.192702e-04
9.213901e-04
9.235125e-04
9.256373e-04
9.277645e-04
9.298942e-04
9.320263e-04
9.341609e-04
9.362978e-04
9.384372e-04
9.405791e-04
9.427234e-04
9.448701e-04
9.470192e-04
9.491708e-04
9.513248e-04
9.534813e-04
9.556402e-04
9.578015e-04
9.599653e-04
9.621315e-04
9.643001e-04
9.664712e-04
9.686447e-04
9.708206e-04
9.729990e-04
9.751798e-04
9.773630e-04
9.795487e-04
9.817368e-04
9.839274e-04
9.861204e-04
9.883158e-04
9.905136e-04
9.927139e-04
9.949166e-04
9.971218e-04
9.993294e-04
1.001539e-03
1.003752e-03
1.005967e-03
1.008184e-03
1.010404e-03
1.012626e-03
1.014851e-03
1.017078e-03
1.019307e-03
1.021539e-03
1.023774e-03
1.026010e-03
1.028250e-03
1.030491e-03
1.032735e-03
1.034982e-03
1.037231e-03
1.039482e-03
1.041736e-03
1.043993e-03
1.046251e-03
1.048512e-03
1.050776e-03
1.053042e-03
1.055311e-03
1.057581e-03
1.059855e-03
1.062131e-03
1.064409e-03
1.066689e-03
1.068973e-03
1.071258e-03
1.073546e-03
1.075836e-03
1.078129e-03
1.080424e-03
1.082722e-03
1.085022e-03
1.087325e-03
1.089630e-03
1.091937e-03
1.094247e-03
1.096559e-03
1.098874e-03
1.101191e-03
1.103511e-03
1.105833e-03
1.108157e-03
1.110484e-03
1.112814e-03
1.115145e-03
1.117480e-03
1.119816e-03
1.122155e-03
1.124497e-03
1.126841e-03
1.129187e-03
1.131536e-03
1.133887e-03
1.136241e-03
1.138597e-03
1.140956e-03
1.143317e-03
1.145680e-03
1.148046e-03
1.150414e-03
1.152785e-03
1.155158e-03
1.157534e-03
1.159912e-03
1.162292e-03
1.164675e-03
1.167061e-03
1.169448e-03
1.171839e-03
1.174231e-03
1.176626e-03
1.179024e-03
1.181424e-03
1.183826e-03
1.186231e-03
1.188638e-03
1.191048e-03
1.193460e-03
1.195875e-03
1.198292e-03
1.200711e-03
1.203133e-03
1.205557e-03
1.207984e-03
1.210413e-03
1.212845e-03
1.215279e-03
1.217715e-03
1.220154e-03
1.222596e-03
1.225040e-03
1.227486e-03
1.229934e-03
1.232386e-03
1.234839e-03
1.237295e-03
1.239753e-03
1.242214e-03
1.244678e-03
1.247143e-03
1.249611e-03
1.252082e-03
1.254555e-03
1.257030e-03
1.259508e-03
1.261989e-03
1.264471e-03
1.266957e-03
1.269444e-03
1.271934e-03
1.274427e-03
1.276922e-03
1.279419e-03
1.281919e-03
1.284421e-03
1.286926e-03
1.289433e-03
1.291942e-03
1.294454e-03
1.296969e-03
1.299486e-03
1.302005e-03
1.304527e-03
1.307051e-03
1.309577e-03
1.312106e-03
1.314638e-03
1.317172e-03
1.319708e-03
1.322247e-03
1.324788e-03
1.327331e-03
1.329878e-03
1.332426e-03
1.334977e-03
1.337530e-03
1.340086e-03
1.342644e-03
1.345205e-03
1.347768e-03
1.350334e-03
1.352902e-03
1.355472e-03
1.358045e-03
1.360620e-03
1.363198e-03
1.365778e-03
1.368361e-03
1.370946e-03
1.373533e-03
1.376123e-03
1.378715e-03
1.381310e-03
1.383907e-03
1.386507e-03
1.389109e-03
1.391714e-03
1.394320e-03
1.396930e-03
1.399542e-03
1.402156e-03
1.404773e-03
1.407392e-03
1.410013e-03
1.412637e-03
1.415264e-03
1.417892e-03
1.420524e-03
1.423157e-03
1.425794e-03
1.428432e-03
1.431073e-03
1.433717e-03
1.436363e-03
1.439011e-03
1.441662e-03
1.444315e-03
1.446971e-03
1.449629e-03
1.452289e-03
1.454952e-03
1.457617e-03
1.460285e-03
1.462955e-03
1.465628e-03
1.468303e-03
1.470981e-03
1.473661e-03
1.476343e-03
1.479028e-03
1.481715e-03
1.484405e-03
1.487097e-03
1.489792e-03
1.492489e-03
1.495188e-03
1.497890e-03
1.500595e-03
1.503301e-03
1.506011e-03
1.508722e-03
1.511436e-03
1.514153e-03
1.516872e-03
1.519593e-03
1.522317e-03
1.525043e-03
1.527772e-03
1.530503e-03
1.533237e-03
1.535973e-03
1.538711e-03
1.541452e-03
1.544195e-03
1.546941e-03
1.549689e-03
1.552440e-03
1.555193e-03
1.557948e-03
1.560706e-03
1.563466e-03
1.566229e-03
1.568994e-03
1.571762e-03
1.574532e-03
1.577305e-03
1.580080e-03
1.582857e-03
1.585637e-03
1.588419e-03
1.591204e-03
1.593991e-03
1.596781e-03
1.599573e-03
1.602367e-03
1.605164e-03
1.607963e-03
1.610765e-03
1.613569e-03
1.616376e-03
1.619185e-03
1.621996e-03
1.624810e-03
1.627626e-03
1.630445e-03
1.633266e-03
1.636090e-03
1.638916e-03
1.641745e-03
1.644576e-03
1.647409e-03
1.650245e-03
1.653083e-03
1.655924e-03
1.658767e-03
1.661613e-03
1.664461e-03
1.667311e-03
1.670164e-03
1.673019e-03
1.675877e-03
1.678737e-03
1.681600e-03
1.684465e-03
1.687332e-03
1.690202e-03
1.693075e-03
1.695949e-03
1.698827e-03
1.701706e-03
1.704588e-03
1.707473e-03
1.710360e-03
1.713249e-03
1.716141e-03
1.719035e-03
1.721932e-03
1.724831e-03
1.727733e-03
1.730637e-03
1.733543e-03
1.736452e-03
1.739363e-03
1.742277e-03
1.745193e-03
1.748112e-03
1.751033e-03
1.753956e-03
1.756882e-03
1.759811e-03
1.762742e-03
1.765675e-03
1.768610e-03
1.771548e-03
1.774489e-03
1.777432e-03
1.780377e-03
1.783325e-03
1.786276e-03
1.789228e-03
1.792183e-03
1.795141e-03
1.798101e-03
1.801063e-03
1.804028e-03
1.806996e-03
1.809965e-03
1.812938e-03
1.815912e-03
1.818889e-03
1.821869e-03
1.824851e-03
1.827835e-03
1.830822e-03
1.833811e-03
1.836803e-03
1.839797e-03
1.842793e-03
1.845792e-03
1.848794e-03
1.851798e-03
1.854804e-03
1.857813e-03
1.860824e-03
1.863837e-03
1.866853e-03
1.869872e-03
1.872893e-03
1.875916e-03
1.878942e-03
1.881970e-03
1.885001e-03
1.888034e-03
1.891069e-03
1.894107e-03
1.897148e-03
1.900190e-03
1.903236e-03
1.906283e-03
1.909333e-03
1.912386e-03
1.915441e-03
1.918498e-03
1.921558e-03
1.924620e-03
1.927685e-03
1.930752e-03
1.933822e-03
1.936894e-03
1.939968e-03
1.943045e-03
1.946125e-03
1.949206e-03
1.952291e-03
1.955377e-03
1.958466e-03
1.961558e-03
1.964652e-03
1.967748e-03
1.970847e-03
1.973948e-03
1.977052e-03
1.980158e-03
1.983267e-03
1.986378e-03
1.989491e-03
1.992607e-03
1.995725e-03
1.998846e-03
2.001969e-03
2.005095e-03
2.008223e-03
2.011353e-03
2.014486e-03
2.017621e-03
2.020759e-03
2.023899e-03
2.027042e-03
2.030187e-03
2.033335e-03
2.036484e-03
2.039637e-03
2.042792e-03
2.045949e-03
2.049109e-03
2.052271e-03
2.055435e-03
2.058602e-03
2.061772e-03
2.064944e-03
2.068118e-03
2.071295e-03
2.074474e-03
2.077655e-03
2.080839e-03
2.084026e-03
2.087215e-03
2.090406e-03
2.093600e-03
2.096796e-03
2.099995e-03
2.103196e-03
2.106399e-03
2.109605e-03
2.112814e-03
2.116025e-03
2.119238e-03
2.122453e-03
2.125672e-03
2.128892e-03
2.132115e-03
2.135341e-03
2.138568e-03
2.141799e-03
2.145031e-03
2.148267e-03
2.151504e-03
2.154744e-03
2.157987e-03
2.161232e-03
2.164479e-03
2.167729e-03
2.170981e-03
2.174236e-03
2.177493e-03
2.180752e-03
2.184014e-03
2.187279e-03
2.190545e-03
2.193815e-03
2.197086e-03
2.200361e-03
2.203637e-03
2.206916e-03
2.210198e-03
2.213481e-03
2.216768e-03
2.220057e-03
2.223348e-03
2.226641e-03
2.229937e-03
2.233236e-03
2.236537e-03
2.239840e-03
2.243146e-03
2.246454e-03
2.249765e-03
2.253078e-03
2.256393e-03
2.259711e-03
2.263032e-03
2.266355e-03
2.269680e-03
2.273008e-03
2.276338e-03
2.279670e-03
2.283005e-03
2.286343e-03
2.289683e-03
2.293025e-03
2.296370e-03
2.299717e-03
2.303066e-03
2.306419e-03
2.309773e-03
2.313130e-03
2.316489e-03
2.319851e-03
2.323215e-03
2.326582e-03
2.329951e-03
2.333323e-03
2.336697e-03
2.340073e-03
2.343452e-03
2.346833e-03
2.350217e-03
2.353603e-03
2.356992e-03
2.360383e-03
2.363776e-03
2.367172e-03
2.370570e-03
2.373971e-03
2.377374e-03
2.380780e-03
2.384188e-03
2.387598e-03
2.391011e-03
2.394427e-03
2.397844e-03
2.401265e-03
2.404687e-03
2.408112e-03
2.411540e-03
2.414970e-03
2.418402e-03
2.421837e-03
2.425274e-03
2.428714e-03
2.432156e-03
2.435601e-03
2.439048e-03
2.442497e-03
2.445949e-03
2.449404e-03
2.452860e-03
2.456320e-03
2.459781e-03
2.463245e-03
2.466712e-03
2.470181e-03
2.473652e-03
2.477126e-03
2.480602e-03
2.484081e-03
2.487562e-03
2.491045e-03
2.494531e-03
2.498020e-03
2.501511e-03
2.505004e-03
2.508500e-03
2.511998e-03
2.515498e-03
2.519001e-03
2.522507e-03
2.526015e-03
2.529525e-03
2.533038e-03
2.536553e-03
2.540071e-03
2.543591e-03
2.547113e-03
2.550638e-03
2.554166e-03
2.557695e-03
2.561228e-03
2.564762e-03
2.568299e-03
2.571839e-03
2.575381e-03
2.578925e-03
2.582472e-03
2.586022e-03
2.589573e-03
2.593127e-03
2.596684e-03
2.600243e-03
2.603805e-03
2.607368e-03
2.610935e-03
2.614504e-03
2.618075e-03
2.621648e-03
2.625225e-03
2.628803e-03
2.632384e-03
2.635967e-03
2.639553e-03
2.643141e-03
2.646732e-03
2.650325e-03
2.653921e-03
2.657519e-03
2.661119e-03
2.664722e-03
2.668327e-03
2.671935e-03
2.675545e-03
2.679158e-03
2.682773e-03
2.686390e-03
2.690010e-03
2.693633e-03
2.697257e-03
2.700885e-03
2.704514e-03
2.708146e-03
2.711781e-03
2.715418e-03
2.719057e-03
2.722699e-03
2.726343e-03
2.729990e-03
2.733639e-03
2.737291e-03
2.740945e-03
2.744601e-03
2.748260e-03
2.751921e-03
2.755585e-03
2.759251e-03
2.762920e-03
2.766591e-03
2.770264e-03
2.773940e-03
2.777619e-03
2.781299e-03
2.784983e-03
2.788668e-03
2.792356e-03
2.796047e-03
2.799740e-03
2.803435e-03
2.807133e-03
2.810833e-03
2.814536e-03
2.818241e-03
2.821949e-03
2.825659e-03
2.829371e-03
2.833086e-03
2.836803e-03
2.840523e-03
2.844245e-03
2.847970e-03
2.851697e-03
2.855426e-03
2.859158e-03
2.862893e-03
2.866629e-03
2.870369e-03
2.874110e-03
2.877854e-03
2.881601e-03
2.885350e-03
2.889101e-03
2.892855e-03
2.896611e-03
2.900370e-03
2.903466e-03
2.906551e-03
2.909623e-03
2.912683e-03
2.915731e-03
2.918766e-03
2.921790e-03
2.924801e-03
2.927800e-03
2.930788e-03
2.933762e-03
2.936725e-03
2.939676e-03
2.942615e-03
2.945541e-03
2.948455e-03
2.951357e-03
2.954247e-03
2.957125e-03
2.959991e-03
2.962844e-03
2.965686e-03
2.968515e-03
2.971332e-03
2.974137e-03
2.976930e-03
2.979710e-03
2.982479e-03
2.985235e-03
2.987980e-03
2.990712e-03
2.993432e-03
2.996140e-03
2.998835e-03
3.001519e-03
3.004190e-03
3.006849e-03
3.009497e-03
3.012131e-03
3.014754e-03
3.017365e-03
3.019964e-03
3.022550e-03
3.025124e-03
3.027686e-03
3.030236e-03
3.032774e-03
3.035300e-03
3.037813e-03
3.040315e-03
3.042804e-03
3.045281e-03
3.047746e-03
3.050199e-03
3.052640e-03
3.055068e-03
3.057484e-03
3.059889e-03
3.062281e-03
3.064661e-03
3.067029e-03
3.069384e-03
3.071728e-03
3.074059e-03
3.076378e-03
3.078686e-03
3.080981e-03
3.083263e-03
3.085534e-03
3.087793e-03
3.090039e-03
3.092273e-03
3.094495e-03
3.096705e-03
3.098903e-03
3.101089e-03
3.103262e-03
3.105424e-03
3.107573e-03
3.109710e-03
3.111835e-03
3.113948e-03
3.116049e-03
3.118137e-03
3.120214e-03
3.122278e-03
3.124330e-03
3.126370e-03
3.128398e-03
3.130413e-03
3.132417e-03
3.134408e-03
3.136388e-03
3.138355e-03
3.140310e-03
3.142253e-03
3.144183e-03
3.146102e-03
3.148008e-03
3.149902e-03
3.151785e-03
3.153655e-03
3.155512e-03
3.157358e-03
3.159192e-03
3.161013e-03
3.162822e-03
3.164619e-03
3.166404e-03
3.168177e-03
3.169938e-03
3.171686e-03
3.173423e-03
3.175147e-03
3.176859e-03
3.178559e-03
3.180247e-03
3.181923e-03
3.183586e-03
3.185238e-03
3.186877e-03
3.188504e-03
3.190119e-03
3.191722e-03
3.193312e-03
3.194891e-03
3.196457e-03
3.198012e-03
3.199554e-03
3.201084e-03
3.202602e-03
3.204107e-03
3.205601e-03
3.207082e-03
3.208552e-03
3.210009e-03
3.211454e-03
3.212886e-03
3.214307e-03
3.215716e-03
3.217112e-03
3.218496e-03
3.219868e-03
3.221228e-03
3.222576e-03
3.223912e-03
3.225236e-03
3.226547e-03
3.227846e-03
3.229133e-03
3.230408e-03
3.231671e-03
3.232922e-03
3.234160e-03
3.235387e-03
3.236601e-03
3.237803e-03
3.238993e-03
3.240171e-03
3.241337e-03
3.242490e-03
3.243632e-03
3.244761e-03
3.245878e-03
3.246983e-03
3.248076e-03
3.249157e-03
3.250225e-03
3.251281e-03
3.252326e-03
3.253358e-03
3.254378e-03
3.255386e-03
3.256381e-03
3.257365e-03
3.258336e-03
3.259296e-03
3.260243e-03
3.261178e-03
3.262101e-03
3.263011e-03
3.263910e-03
3.264796e-03
3.265670e-03
3.266533e-03
3.267383e-03
3.268220e-03
3.269046e-03
3.269860e-03
3.270661e-03
3.271450e-03
3.272227e-03
3.272992e-03
3.273745e-03
3.274486e-03
3.275214e-03
3.275931e-03
3.276635e-03
3.277327e-03
3.278007e-03
3.278675e-03
3.279331e-03
3.279974e-03
3.280606e-03
3.281225e-03
3.281832e-03
3.282427e-03
3.283010e-03
3.283581e-03
3.284139e-03
3.284686e-03
3.285220e-03
3.285742e-03
3.286252e-03
3.286750e-03
3.287236e-03
3.287709e-03
3.288171e-03
3.288620e-03
3.289057e-03
3.289482e-03
3.289895e-03
3.290295e-03
3.290684e-03
3.291060e-03
3.291425e-03
3.291777e-03
3.292117e-03
3.292445e-03
3.292760e-03
3.293064e-03
3.293355e-03
3.293635e-03
3.293902e-03
3.294157e-03
3.294400e-03
3.294630e-03
3.294849e-03
3.295055e-03
3.295249e-03
3.295432e-03
3.295602e-03
3.295759e-03
3.295905e-03
3.296039e-03
3.296160e-03
3.296269e-03
3.296367e-03
3.296451e-03
3.296524e-03
3.296585e-03
3.296634e-03
3.296670e-03
3.296694e-03
3.296706e-03
3.296706e-03
3.296694e-03
3.296670e-03
3.296634e-03
3.296585e-03
3.296524e-03
3.296451e-03
3.296366e-03
3.296269e-03
3.296160e-03
3.296038e-03
3.295905e-03
3.295759e-03
3.295601e-03
3.295431e-03
3.295249e-03
3.295055e-03
3.294848e-03
3.294630e-03
3.294399e-03
3.294156e-03
3.293901e-03
3.293634e-03
3.293355e-03
3.293063e-03
3.292760e-03
3.292444e-03
3.292116e-03
3.291776e-03
3.291424e-03
3.291060e-03
3.290683e-03
3.290295e-03
3.289894e-03
3.289481e-03
3.289056e-03
3.288619e-03
3.288170e-03
3.287708e-03
3.287235e-03
3.286749e-03
3.286251e-03
3.285741e-03
3.285219e-03
3.284684e-03
3.284360e-03
3.284360e-03
3.284360e-03
3.284360e-03
3.284360e-03
3.284360e-03
3.284360e-03
3.284360e-03
3.284360e-03
3.284360e-03
3.284360e-03
3.284360e-03
3.284360e-03
3.284360e-03
3.284360e-03
3.284360e-03
3.284360e-03
3.284360e-03
3.284360e-03
3.284360e-03
3.284360e-03
3.284360e-03
3.284360e-03
3.284360e-03
3.284360e-03
3.284360e-03
3.284360e-03
3.284360e-03
3.284360e-03
3.284360e-03
3.284360e-03
3.284360e-03
3.284360e-03
3.284360e-03
3.284360e-03
3.284360e-03
3.284360e-03
3.284360e-03
3.284360e-03
3.284360e-03
3.284360e-03
3.284360e-03
3.284360e-03
3.284360e-03
3.284360e-03
3.284360e-03
3.284360e-03
3.284360e-03
3.284360e-03
3.284360e-03
3.284360e-03
3.284360e-03
3.284360e-03
3.284360e-03
3.284360e-03
3.284360e-03
3.284360e-03
3.284360e-03
3.284360e-03
3.284360e-03
3.284360e-03
3.284360e-03
3.284360e-03
3.284360e-03
3.284360e-03
3.284360e-03
3.284360e-03
3.284360e-03
3.284360e-03
3.284360e-03
3.284360e-03
3.284360e-03
3.284360e-03
3.284360e-03
3.284360e-03
3.284360e-03
3.284360e-03
3.284360e-03
3.284360e-03
3.284360e-03
3.284360e-03
3.284360e-03
3.284360e-03
3.284360e-03
3.284360e-03
3.284360e-03
3.284360e-03
3.284360e-03
3.284360e-03
3.284360e-03
3.284360e-03
3.284360e-03
3.284360e-03
3.284360e-03
3.284360e-03
3.284360e-03
3.284360e-03
3.284360e-03
3.284360e-03
3.284360e-03
3.284360e-03
3.284360e-03
3.284360e-03
3.284360e-03
3.284360e-03
3.284360e-03
3.284360e-03
3.284360e-03
3.284360e-03
3.284360e-03
3.284360e-03
3.284360e-03
3.284360e-03
3.284360e-03
3.284360e-03
3.284360e-03
3.284360e-03
3.284360e-03
3.284360e-03
3.284360e-03
3.284360e-03
3.284360e-03
3.284360e-03
3.284360e-03
3.284360e-03
3.284360e-03
3.284360e-03
3.284360e-03
3.284360e-03
3.284360e-03
3.284360e-03
3.284360e-03
3.284360e-03
3.284360e-03
3.284360e-03
3.284360e-03
3.284360e-03
3.284360e-03
3.284360e-03
3.284360e-03
3.284360e-03
3.284360e-03
3.284360e-03
3.284360e-03
3.284360e-03
3.284360e-03
3.284360e-03
3.284360e-03
3.284360e-03
3.284360e-03
3.284360e-03
3.284360e-03
3.284360e-03
3.284360e-03
3.284360e-03
3.284360e-03
3.284360e-03
3.284360e-03
3.284360e-03
3.284360e-03
3.284360e-03
3.284360e-03
3.284360e-03
3.284360e-03
3.284360e-03
3.284360e-03
3.284360e-03
3.284360e-03
3.284360e-03
3.284360e-03
3.284360e-03
3.284360e-03
3.284360e-03
3.284360e-03
3.284360e-03
3.284360e-03
3.284360e-03
3.284360e-03
3.284360e-03
3.284360e-03
3.284360e-03
3.284360e-03
3.284360e-03
3.284360e-03
3.284360e-03
3.284360e-03
3.284360e-03
3.284360e-03
3.284360e-03
3.284360e-03
3.284360e-03
3.284360e-03
3.284360e-03
3.284360e-03
3.284360e-03
3.284360e-03
3.284360e-03
3.284360e-03
3.284360e-03
3.284360e-03
3.284360e-03
