0.000000e+00
1.110371e-07
2.244167e-07
3.401389e-07
4.582037e-07
5.786110e-07
7.013608e-07
8.264533e-07
9.538882e-07
1.083666e-06
1.215786e-06
1.350248e-06
1.487054e-06
1.626201e-06
1.767692e-06
1.911525e-06
2.057700e-06
2.206218e-06
2.357078e-06
2.510281e-06
2.665827e-06
2.823715e-06
2.983946e-06
3.146519e-06
3.311435e-06
3.478694e-06
3.648294e-06
3.820238e-06
3.994524e-06
4.171153e-06
4.350124e-06
4.531438e-06
4.715094e-06
4.901093e-06
5.089434e-06
5.280118e-06
5.473144e-06
5.668514e-06
5.866225e-06
6.066279e-06
6.268676e-06
6.473415e-06
6.680497e-06
6.889921e-06
7.101688e-06
7.315798e-06
7.532250e-06
7.751045e-06
7.972182e-06
8.195661e-06
8.421484e-06
8.649648e-06
8.880156e-06
9.113006e-06
9.348198e-06
9.585733e-06
9.825611e-06
1.006783e-05
1.031239e-05
1.055930e-05
1.080855e-05
1.106014e-05
1.131407e-05
1.157035e-05
1.182896e-05
1.208992e-05
1.235323e-05
1.261887e-05
1.288686e-05
1.315719e-05
1.342987e-05
1.370488e-05
1.398224e-05
1.426194e-05
1.454398e-05
1.482837e-05
1.511510e-05
1.540417e-05
1.569558e-05
1.598934e-05
1.628544e-05
1.658388e-05
1.688466e-05
1.718779e-05
1.749326e-05
1.780107e-05
1.811123e-05
1.842372e-05
1.873856e-05
1.905574e-05
1.937527e-05
1.969714e-05
2.002135e-05
2.034790e-05
2.067679e-05
2.100803e-05
2.134161e-05
2.167753e-05
2.201580e-05
2.235640e-05
2.269935e-05
2.304465e-05
2.339228e-05
2.374226e-05
2.409458e-05
2.444924e-05
2.480625e-05
2.516560e-05
2.552729e-05
2.589132e-05
2.625769e-05
2.662641e-05
2.699747e-05
2.737088e-05
2.774662e-05
2.812471e-05
2.850514e-05
2.888791e-05
2.927303e-05
2.966049e-05
3.005029e-05
3.044243e-05
3.083692e-05
3.123375e-05
3.163292e-05
3.203443e-05
3.243829e-05
3.284449e-05
3.325303e-05
3.366391e-05
3.407714e-05
3.449271e-05
3.491062e-05
3.533088e-05
3.575347e-05
3.617841e-05
3.660569e-05
3.703532e-05
3.746729e-05
3.790160e-05
3.833825e-05
3.877724e-05
3.921858e-05
3.966226e-05
4.010828e-05
4.055665e-05
4.100735e-05
4.146040e-05
4.191580e-05
4.237353e-05
4.283361e-05
4.329603e-05
4.376079e-05
4.422790e-05
4.469735e-05
4.516914e-05
4.564327e-05
4.611975e-05
4.659856e-05
4.707972e-05
4.756323e-05
4.804907e-05
4.853726e-05
4.902779e-05
4.952067e-05
5.001588e-05
5.051344e-05
5.101334e-05
5.151559e-05
5.202017e-05
5.252710e-05
5.303637e-05
5.354799e-05
5.406194e-05
5.457824e-05
5.509688e-05
5.561787e-05
5.614119e-05
5.666686e-05
5.719488e-05
5.772523e-05
5.825793e-05
5.879297e-05
5.933035e-05
5.987007e-05
6.041214e-05
6.095655e-05
6.150330e-05
6.205240e-05
6.260383e-05
6.315761e-05
6.371374e-05
6.427220e-05
6.483301e-05
6.539616e-05
6.596165e-05
6.652949e-05
6.709966e-05
6.767218e-05
6.824705e-05
6.882425e-05
6.940380e-05
6.998569e-05
7.056992e-05
7.115650e-05
7.174542e-05
7.233668e-05
7.293028e-05
7.352623e-05
7.412452e-05
7.472515e-05
7.532812e-05
7.593344e-05
7.654110e-05
7.715110e-05
7.776344e-05
7.837813e-05
7.899516e-05
7.961453e-05
8.023624e-05
8.086030e-05
8.148670e-05
8.211544e-05
8.274652e-05
8.337995e-05
8.401572e-05
8.465383e-05
8.529429e-05
8.593708e-05
8.658222e-05
8.722970e-05
8.787953e-05
8.853170e-05
8.918621e-05
8.984306e-05
9.050225e-05
9.116379e-05
9.182767e-05
9.249389e-05
9.316246e-05
9.383337e-05
9.450662e-05
9.518221e-05
9.586014e-05
9.654042e-05
9.722304e-05
9.790801e-05
9.859531e-05
9.928496e-05
9.997695e-05
1.006713e-04
1.013680e-04
1.020670e-04
1.027683e-04
1.034720e-04
1.041781e-04
1.048865e-04
1.055972e-04
1.063103e-04
1.070257e-04
1.077435e-04
1.084636e-04
1.091860e-04
1.099108e-04
1.106379e-04
1.113674e-04
1.120992e-04
1.128334e-04
1.135699e-04
1.143087e-04
1.150499e-04
1.157934e-04
1.165393e-04
1.172875e-04
1.180380e-04
1.187909e-04
1.195462e-04
1.203038e-04
1.210637e-04
1.218260e-04
1.225906e-04
1.233575e-04
1.241268e-04
1.248985e-04
1.256724e-04
1.264488e-04
1.272274e-04
1.280084e-04
1.287918e-04
1.295775e-04
1.303655e-04
1.311559e-04
1.319486e-04
1.327437e-04
1.335411e-04
1.343408e-04
1.351429e-04
1.359473e-04
1.367541e-04
1.375632e-04
1.383747e-04
1.391885e-04
1.400046e-04
1.408231e-04
1.416440e-04
1.424671e-04
1.432927e-04
1.441205e-04
1.449507e-04
1.457833e-04
1.466181e-04
1.474554e-04
1.482949e-04
1.491369e-04
1.499811e-04
1.508277e-04
1.516767e-04
1.525279e-04
1.533816e-04
1.542375e-04
1.550959e-04
1.559565e-04
1.568195e-04
1.576848e-04
1.585525e-04
1.594226e-04
1.602949e-04
1.611696e-04
1.620467e-04
1.629261e-04
1.638078e-04
1.646919e-04
1.655783e-04
1.664671e-04
1.673582e-04
1.682516e-04
1.691474e-04
1.700456e-04
1.709460e-04
1.718489e-04
1.727540e-04
1.736615e-04
1.745714e-04
1.754836e-04
1.763981e-04
1.773150e-04
1.782342e-04
1.791558e-04
1.800797e-04
1.810059e-04
1.819345e-04
1.828654e-04
1.837987e-04
1.847343e-04
1.856723e-04
1.866126e-04
1.875552e-04
1.885002e-04
1.894475e-04
1.903972e-04
1.913492e-04
1.923036e-04
1.932603e-04
1.942193e-04
1.951807e-04
1.961444e-04
1.971105e-04
1.980789e-04
1.990497e-04
2.000228e-04
2.009982e-04
2.019760e-04
2.029561e-04
2.039386e-04
2.049234e-04
2.059105e-04
2.069000e-04
2.078919e-04
2.088861e-04
2.098826e-04
2.108814e-04
2.118827e-04
2.128862e-04
2.138921e-04
2.149003e-04
2.159109e-04
2.169238e-04
2.179391e-04
2.189567e-04
2.199766e-04
2.209989e-04
2.220236e-04
2.230505e-04
2.240799e-04
2.251115e-04
2.261455e-04
2.271819e-04
2.282206e-04
2.292616e-04
2.303050e-04
2.313507e-04
2.323987e-04
2.334491e-04
2.345019e-04
2.355570e-04
2.366144e-04
2.376742e-04
2.387363e-04
2.398008e-04
2.408676e-04
2.419367e-04
2.430082e-04
2.440820e-04
2.451582e-04
2.462367e-04
2.473175e-04
2.484007e-04
2.494863e-04
2.505742e-04
2.516644e-04
2.527570e-04
2.538519e-04
2.549491e-04
2.560487e-04
2.571506e-04
2.582549e-04
2.593616e-04
2.604705e-04
2.615818e-04
2.626955e-04
2.638115e-04
2.649298e-04
2.660505e-04
2.671735e-04
2.682989e-04
2.694266e-04
2.705566e-04
2.716890e-04
2.728237e-04
2.739608e-04
2.751002e-04
2.762420e-04
2.773861e-04
2.785325e-04
2.796813e-04
2.808325e-04
2.819859e-04
2.831418e-04
2.842999e-04
2.854604e-04
2.866233e-04
2.877885e-04
2.889560e-04
2.901259e-04
2.912981e-04
2.924726e-04
2.936495e-04
2.948288e-04
2.960103e-04
2.971943e-04
2.983805e-04
2.995692e-04
3.007601e-04
3.019534e-04
3.031490e-04
3.043470e-04
3.055474e-04
3.067500e-04
3.079550e-04
3.091624e-04
3.103721e-04
3.115841e-04
3.127985e-04
3.140152e-04
3.152343e-04
3.164557e-04
3.176794e-04
3.189055e-04
3.201340e-04
3.213648e-04
3.225979e-04
3.238333e-04
3.250711e-04
3.263113e-04
3.275538e-04
3.287986e-04
3.300458e-04
3.312953e-04
3.325472e-04
3.338014e-04
3.350579e-04
3.363168e-04
3.375780e-04
3.388416e-04
3.401075e-04
3.413758e-04
3.426464e-04
3.439193e-04
3.451946e-04
3.464723e-04
3.477522e-04
3.490345e-04
3.503192e-04
3.516062e-04
3.528955e-04
3.541872e-04
3.554812e-04
3.567776e-04
3.580763e-04
3.593774e-04
3.606808e-04
3.619865e-04
3.632946e-04
3.646050e-04
3.659178e-04
3.672329e-04
3.685504e-04
3.698702e-04
3.711923e-04
3.725168e-04
3.738436e-04
3.751728e-04
3.765043e-04
3.778381e-04
3.791743e-04
3.805129e-04
3.818537e-04
3.831969e-04
3.845425e-04
3.858904e-04
3.872407e-04
3.885933e-04
3.899482e-04
3.913055e-04
3.926651e-04
3.940270e-04
3.953914e-04
3.967580e-04
3.981270e-04
3.994983e-04
4.008720e-04
4.022480e-04
4.036264e-04
4.050071e-04
4.063901e-04
4.077755e-04
4.091632e-04
4.105533e-04
4.119457e-04
4.133405e-04
4.147376e-04
4.161370e-04
4.175388e-04
4.189429e-04
4.203494e-04
4.217582e-04
4.231694e-04
4.245829e-04
4.259987e-04
4.274169e-04
4.288374e-04
4.302603e-04
4.316855e-04
4.331130e-04
4.345429e-04
4.359752e-04
4.374098e-04
4.388467e-04
4.402859e-04
4.417275e-04
4.431715e-04
4.446178e-04
4.460664e-04
4.475174e-04
4.489707e-04
4.504264e-04
4.518844e-04
4.533447e-04
4.548074e-04
4.562725e-04
4.577398e-04
4.592096e-04
4.606816e-04
4.621560e-04
4.636328e-04
4.651119e-04
4.665933e-04
4.680771e-04
4.695632e-04
4.710516e-04
4.725424e-04
4.740356e-04
4.755311e-04
4.770289e-04
4.785291e-04
4.800316e-04
4.815365e-04
4.830437e-04
4.845532e-04
4.860651e-04
4.875793e-04
4.890959e-04
4.906148e-04
4.921360e-04
4.936596e-04
4.951856e-04
4.967139e-04
4.982445e-04
4.997775e-04
5.013128e-04
5.028504e-04
5.043904e-04
5.059328e-04
5.074774e-04
5.090245e-04
5.105738e-04
5.121255e-04
5.136796e-04
5.152360e-04
5.167947e-04
5.183558e-04
5.199192e-04
5.214850e-04
5.230531e-04
5.246235e-04
5.261963e-04
5.277715e-04
5.293489e-04
5.309287e-04
5.325109e-04
5.340954e-04
5.356823e-04
5.372714e-04
5.388630e-04
5.404569e-04
5.420531e-04
5.436516e-04
5.452525e-04
5.468558e-04
5.484614e-04
5.500693e-04
5.516796e-04
5.532922e-04
5.549071e-04
5.565244e-04
5.581441e-04
5.597661e-04
5.613904e-04
5.630171e-04
5.646461e-04
5.662774e-04
5.679111e-04
5.695472e-04
5.711855e-04
5.728263e-04
5.744693e-04
5.761148e-04
5.777625e-04
5.794126e-04
5.810650e-04
5.827198e-04
5.843769e-04
5.860364e-04
5.876982e-04
5.893624e-04
5.910289e-04
5.926977e-04
5.943689e-04
5.960424e-04
5.977183e-04
5.993965e-04
6.010770e-04
6.027599e-04
6.044451e-04
6.061327e-04
6.078226e-04
6.095149e-04
6.112095e-04
6.129064e-04
6.146057e-04
6.163074e-04
6.180113e-04
6.197177e-04
6.214263e-04
6.231373e-04
6.248507e-04
6.265663e-04
6.282844e-04
6.300048e-04
6.317275e-04
6.334525e-04
6.351799e-04
6.369097e-04
6.386417e-04
6.403762e-04
6.421129e-04
6.438521e-04
6.455935e-04
6.473373e-04
6.490835e-04
6.508319e-04
6.525828e-04
6.543359e-04
6.560914e-04
6.578493e-04
6.596095e-04
6.613720e-04
6.631369e-04
6.649041e-04
6.666737e-04
6.684456e-04
6.702199e-04
6.719964e-04
6.737754e-04
6.755567e-04
6.773403e-04
6.791262e-04
6.809146e-04
6.827052e-04
6.844982e-04
6.862935e-04
6.880912e-04
6.898912e-04
6.916936e-04
6.934983e-04
6.953053e-04
6.971147e-04
6.989265e-04
7.007405e-04
7.025569e-04
7.043757e-04
7.061968e-04
7.080203e-04
7.098460e-04
7.116742e-04
7.135046e-04
7.153375e-04
7.171726e-04
7.190101e-04
7.208500e-04
7.226921e-04
7.245367e-04
7.263835e-04
7.282327e-04
7.300843e-04
7.319382e-04
7.337944e-04
7.356530e-04
7.375139e-04
7.393772e-04
7.412428e-04
7.431108e-04
7.449811e-04
7.468537e-04
7.487287e-04
7.506060e-04
7.524857e-04
7.543677e-04
7.562520e-04
7.581387e-04
7.600278e-04
7.619192e-04
7.638129e-04
7.657089e-04
7.676073e-04
7.695081e-04
7.714112e-04
7.733166e-04
7.752244e-04
7.771345e-04
7.790470e-04
7.809618e-04
7.828789e-04
7.847984e-04
7.867202e-04
7.886444e-04
7.905709e-04
7.924998e-04
7.944310e-04
7.963645e-04
7.983004e-04
8.002387e-04
8.021792e-04
8.041221e-04
8.060674e-04
8.080150e-04
8.099649e-04
8.119172e-04
8.138719e-04
8.158288e-04
8.177881e-04
8.197498e-04
8.217138e-04
8.236801e-04
8.256488e-04
8.276198e-04
8.295932e-04
8.315689e-04
8.335470e-04
8.355274e-04
8.375101e-04
8.394952e-04
8.414826e-04
8.434724e-04
8.454645e-04
8.474589e-04
8.494557e-04
8.514549e-04
8.534563e-04
8.554602e-04
8.574663e-04
8.594748e-04
8.614857e-04
8.634989e-04
8.655144e-04
8.675323e-04
8.695525e-04
8.715751e-04
8.736000e-04
8.756272e-04
8.776568e-04
8.796887e-04
8.817230e-04
8.837596e-04
8.857986e-04
8.878399e-04
8.898835e-04
8.919295e-04
8.939779e-04
8.960285e-04
8.980815e-04
9.001369e-04
9.021946e-04
9.042546e-04
9.063170e-04
9.083818e-04
9.104488e-04
9.125182e-04
9.145900e-04
9.166641e-04
9.187405e-04
9.208193e-04
9.229004e-04
9.249839e-04
9.270697e-04
9.291579e-04
9.312484e-04
9.333412e-04
9.354364e-04
9.375339e-04
9.396338e-04
9.417360e-04
9.438405e-04
9.459474e-04
9.480567e-04
9.501682e-04
9.522822e-04
9.543984e-04
9.565170e-04
9.586380e-04
9.607613e-04
9.628869e-04
9.650149e-04
9.671452e-04
9.692779e-04
9.714129e-04
9.735502e-04
9.756899e-04
9.778319e-04
9.799763e-04
9.821230e-04
9.842721e-04
9.864235e-04
9.885772e-04
9.907333e-04
9.928918e-04
9.950525e-04
9.972156e-04
9.993811e-04
1.001549e-03
1.003719e-03
1.005892e-03
1.008066e-03
1.010244e-03
1.012423e-03
1.014605e-03
1.016789e-03
1.018976e-03
1.021165e-03
1.023356e-03
1.025549e-03
1.027745e-03
1.029943e-03
1.032144e-03
1.034347e-03
1.036552e-03
1.038760e-03
1.040970e-03
1.043182e-03
1.045397e-03
1.047614e-03
1.049833e-03
1.052055e-03
1.054279e-03
1.056505e-03
1.058734e-03
1.060965e-03
1.063198e-03
1.065434e-03
1.067672e-03
1.069913e-03
1.072155e-03
1.074400e-03
1.076648e-03
1.078898e-03
1.081150e-03
1.083404e-03
1.085661e-03
1.087920e-03
1.090182e-03
1.092446e-03
1.094712e-03
1.096980e-03
1.099251e-03
1.101524e-03
1.103800e-03
1.106078e-03
1.108358e-03
1.110641e-03
1.112926e-03
1.115213e-03
1.117503e-03
1.119794e-03
1.122089e-03
1.124385e-03
1.126684e-03
1.128986e-03
1.131289e-03
1.133595e-03
1.135904e-03
1.138214e-03
1.140528e-03
1.142843e-03
1.145161e-03
1.147481e-03
1.149803e-03
1.152128e-03
1.154455e-03
1.156784e-03
1.159116e-03
1.161450e-03
1.163787e-03
1.166126e-03
1.168467e-03
1.170810e-03
1.173156e-03
1.175504e-03
1.177855e-03
1.180208e-03
1.182563e-03
1.184920e-03
1.187280e-03
1.189642e-03
1.192007e-03
1.194374e-03
1.196743e-03
1.199115e-03
1.201489e-03
1.203865e-03
1.206244e-03
1.208625e-03
1.211008e-03
1.213394e-03
1.215782e-03
1.218172e-03
1.220565e-03
1.222960e-03
1.225357e-03
1.227757e-03
1.230159e-03
1.232563e-03
1.234970e-03
1.237379e-03
1.239790e-03
1.242204e-03
1.244620e-03
1.247039e-03
1.249460e-03
1.251883e-03
1.254308e-03
1.256736e-03
1.259166e-03
1.261599e-03
1.264034e-03
1.266471e-03
1.268910e-03
1.271352e-03
1.273796e-03
1.276243e-03
1.278692e-03
1.281143e-03
1.283597e-03
1.286053e-03
1.288511e-03
1.290972e-03
1.293434e-03
1.295900e-03
1.298367e-03
1.300837e-03
1.303310e-03
1.305784e-03
1.308261e-03
1.310741e-03
1.313223e-03
1.315707e-03
1.318193e-03
1.320682e-03
1.323173e-03
1.325666e-03
1.328162e-03
1.330660e-03
1.333160e-03
1.335663e-03
1.338168e-03
1.340676e-03
1.343186e-03
1.345698e-03
1.348212e-03
1.350729e-03
1.353248e-03
1.355770e-03
1.358294e-03
1.360820e-03
1.363348e-03
1.365879e-03
1.368413e-03
1.370948e-03
1.373486e-03
1.376026e-03
1.378569e-03
1.381114e-03
1.383661e-03
1.386211e-03
1.388763e-03
1.391317e-03
1.393874e-03
1.396433e-03
1.398994e-03
1.401558e-03
1.404124e-03
1.406692e-03
1.409263e-03
1.411836e-03
1.414411e-03
1.416989e-03
1.419569e-03
1.422152e-03
1.424737e-03
1.427324e-03
1.429913e-03
1.432505e-03
1.435099e-03
1.437696e-03
1.440294e-03
1.442896e-03
1.445499e-03
1.448105e-03
1.450713e-03
1.453324e-03
1.455937e-03
1.458552e-03
1.461169e-03
1.463789e-03
1.466412e-03
1.469036e-03
1.471663e-03
1.474292e-03
1.476924e-03
1.479558e-03
1.482194e-03
1.484833e-03
1.487474e-03
1.490117e-03
1.492763e-03
1.495411e-03
1.498061e-03
1.500714e-03
1.503369e-03
1.506026e-03
1.508686e-03
1.511348e-03
1.514013e-03
1.516679e-03
1.519349e-03
1.522020e-03
1.524694e-03
1.527370e-03
1.530048e-03
1.532729e-03
1.535412e-03
1.538098e-03
1.540786e-03
1.543476e-03
1.546168e-03
1.548863e-03
1.551561e-03
1.554260e-03
1.556962e-03
1.559666e-03
1.562373e-03
1.565082e-03
1.567793e-03
1.570507e-03
1.573223e-03
1.575941e-03
1.578662e-03
1.581385e-03
1.584110e-03
1.586838e-03
1.589568e-03
1.592300e-03
1.595035e-03
1.597772e-03
1.600511e-03
1.603253e-03
1.605997e-03
1.608743e-03
1.611492e-03
1.614243e-03
1.616997e-03
1.619752e-03
1.622510e-03
1.625271e-03
1.628034e-03
1.630799e-03
1.633566e-03
1.636336e-03
1.639108e-03
1.641883e-03
1.644660e-03
1.647439e-03
1.650221e-03
1.653004e-03
1.655791e-03
1.658579e-03
1.661370e-03
1.664163e-03
1.666959e-03
1.669757e-03
1.672557e-03
1.675360e-03
1.678165e-03
1.680972e-03
1.683782e-03
1.686594e-03
1.689408e-03
1.692225e-03
1.695044e-03
1.697865e-03
1.700689e-03
1.703515e-03
1.706343e-03
1.709174e-03
1.712007e-03
1.714843e-03
1.717680e-03
1.720521e-03
1.723363e-03
1.726208e-03
1.729055e-03
1.731904e-03
1.734756e-03
1.737610e-03
1.740467e-03
1.743326e-03
1.746187e-03
1.749051e-03
1.751916e-03
1.754785e-03
1.757655e-03
1.760528e-03
1.763403e-03
1.766281e-03
1.769161e-03
1.772043e-03
1.774928e-03
1.777815e-03
1.780704e-03
1.783596e-03
1.786490e-03
1.789386e-03
1.792285e-03
1.795186e-03
1.798089e-03
1.800995e-03
1.803903e-03
1.806813e-03
1.809726e-03
1.812641e-03
1.815558e-03
1.818478e-03
1.821400e-03
1.824325e-03
1.827252e-03
1.830181e-03
1.833112e-03
1.836046e-03
1.838982e-03
1.841921e-03
1.844862e-03
1.847805e-03
1.850750e-03
1.853698e-03
1.856648e-03
1.859601e-03
1.862556e-03
1.865513e-03
1.868473e-03
1.871435e-03
1.874399e-03
1.877365e-03
1.880334e-03
1.883306e-03
1.886279e-03
1.889255e-03
1.892234e-03
1.895214e-03
1.898197e-03
1.901183e-03
1.904170e-03
1.907160e-03
1.910153e-03
1.913147e-03
1.916145e-03
1.919144e-03
1.922146e-03
1.925150e-03
1.928156e-03
1.931165e-03
1.934176e-03
1.937190e-03
1.940205e-03
1.943224e-03
1.946244e-03
1.949267e-03
1.952292e-03
1.955320e-03
1.958349e-03
1.961382e-03
1.964416e-03
1.967453e-03
1.970492e-03
1.973534e-03
1.976578e-03
1.979624e-03
1.982673e-03
1.985724e-03
1.988777e-03
1.991832e-03
1.994890e-03
1.997951e-03
2.001013e-03
2.004078e-03
2.007146e-03
2.010215e-03
2.013287e-03
2.016362e-03
2.019439e-03
2.022518e-03
2.025599e-03
2.028683e-03
2.031769e-03
2.034857e-03
2.037948e-03
2.041041e-03
2.044137e-03
2.047234e-03
2.050334e-03
2.053437e-03
2.056542e-03
2.059649e-03
2.062758e-03
2.065870e-03
2.068984e-03
2.072101e-03
2.075220e-03
2.078341e-03
2.081465e-03
2.084591e-03
2.087719e-03
2.090849e-03
2.093982e-03
2.097118e-03
2.100255e-03
2.103395e-03
2.106538e-03
2.109682e-03
2.112829e-03
2.115978e-03
2.119130e-03
2.122284e-03
2.125441e-03
2.128599e-03
2.131760e-03
2.134924e-03
2.138089e-03
2.141257e-03
2.144428e-03
2.147601e-03
2.150776e-03
2.153953e-03
2.157133e-03
2.160315e-03
2.163500e-03
2.166686e-03
2.169875e-03
2.173067e-03
2.176261e-03
2.179457e-03
2.182656e-03
2.185856e-03
2.189060e-03
2.192265e-03
2.195473e-03
2.198683e-03
2.201896e-03
2.205111e-03
2.208328e-03
2.211548e-03
2.214770e-03
2.217994e-03
2.221221e-03
2.224450e-03
2.227681e-03
2.230915e-03
2.234151e-03
2.237389e-03
2.240630e-03
2.243873e-03
2.247118e-03
2.250366e-03
2.253616e-03
2.256868e-03
2.260123e-03
2.263380e-03
2.266639e-03
2.269901e-03
2.273165e-03
2.276432e-03
2.279701e-03
2.282972e-03
2.286245e-03
2.289521e-03
2.292799e-03
2.296080e-03
2.299363e-03
2.302648e-03
2.305935e-03
2.309225e-03
2.312517e-03
2.315812e-03
2.319109e-03
2.322408e-03
2.325710e-03
2.329014e-03
2.332320e-03
2.335629e-03
2.338940e-03
2.342253e-03
2.345568e-03
2.348886e-03
2.352207e-03
2.355530e-03
2.358855e-03
2.362182e-03
2.365512e-03
2.368844e-03
2.372178e-03
2.375515e-03
2.378854e-03
2.382195e-03
2.385539e-03
2.388885e-03
2.392234e-03
2.395584e-03
2.398938e-03
2.402293e-03
2.405651e-03
2.409011e-03
2.412373e-03
2.415738e-03
2.419106e-03
2.422475e-03
2.425847e-03
2.429221e-03
2.432598e-03
2.435977e-03
2.439358e-03
2.442741e-03
2.446127e-03
2.449516e-03
2.452906e-03
2.456299e-03
2.459694e-03
2.463092e-03
2.466492e-03
2.469894e-03
2.473299e-03
2.476706e-03
2.480115e-03
2.483527e-03
2.486941e-03
2.490358e-03
2.493776e-03
2.497197e-03
2.500621e-03
2.504047e-03
2.507475e-03
2.510905e-03
2.514338e-03
2.517773e-03
2.521210e-03
2.524650e-03
2.528092e-03
2.531537e-03
2.534984e-03
2.538433e-03
2.541884e-03
2.545338e-03
2.548794e-03
2.552253e-03
2.555714e-03
2.559177e-03
2.562643e-03
2.566111e-03
2.569581e-03
2.573054e-03
2.576528e-03
2.580006e-03
2.583485e-03
2.586967e-03
2.590452e-03
2.593938e-03
2.597427e-03
2.600919e-03
2.604412e-03
2.607908e-03
2.611407e-03
2.614907e-03
2.618411e-03
2.621916e-03
2.625424e-03
2.628934e-03
2.632446e-03
2.635961e-03
2.639478e-03
2.642997e-03
2.646519e-03
2.650043e-03
2.653570e-03
2.657099e-03
2.660630e-03
2.664163e-03
2.667699e-03
2.671237e-03
2.674778e-03
2.678321e-03
2.681866e-03
2.685414e-03
2.688964e-03
2.692516e-03
2.696070e-03
2.699627e-03
2.703187e-03
2.706748e-03
2.710312e-03
2.713879e-03
2.717447e-03
2.721018e-03
2.724591e-03
2.728167e-03
2.731745e-03
2.735326e-03
2.738908e-03
2.742493e-03
2.746081e-03
2.749670e-03
2.753262e-03
2.756857e-03
2.760454e-03
2.764053e-03
2.767654e-03
2.771258e-03
2.774864e-03
2.778473e-03
2.782083e-03
2.785697e-03
2.789312e-03
2.792930e-03
2.796550e-03
2.799508e-03
2.802454e-03
2.805388e-03
2.808311e-03
2.811222e-03
2.814122e-03
2.817009e-03
2.819885e-03
2.822750e-03
2.825602e-03
2.828443e-03
2.831272e-03
2.834090e-03
2.836896e-03
2.839690e-03
2.842473e-03
2.845244e-03
2.848003e-03
2.850750e-03
2.853486e-03
2.856210e-03
2.858923e-03
2.861624e-03
2.864313e-03
2.866990e-03
2.869656e-03
2.872310e-03
2.874952e-03
2.877583e-03
2.880202e-03
2.882809e-03
2.885405e-03
2.887989e-03
2.890561e-03
2.893122e-03
2.895671e-03
2.898208e-03
2.900733e-03
2.903247e-03
2.905750e-03
2.908240e-03
2.910719e-03
2.913186e-03
2.915642e-03
2.918085e-03
2.920517e-03
2.922938e-03
2.925347e-03
2.927744e-03
2.930129e-03
2.932503e-03
2.934865e-03
2.937215e-03
2.939554e-03
2.941881e-03
2.944196e-03
2.946500e-03
2.948792e-03
2.951072e-03
2.953340e-03
2.955597e-03
2.957842e-03
2.960076e-03
2.962298e-03
2.964508e-03
2.966706e-03
2.968893e-03
2.971068e-03
2.973232e-03
2.975383e-03
2.977524e-03
2.979652e-03
2.981769e-03
2.983874e-03
2.985967e-03
2.988049e-03
2.990119e-03
2.992177e-03
2.994224e-03
2.996258e-03
2.998282e-03
3.000293e-03
3.002293e-03
3.004281e-03
3.006258e-03
3.008223e-03
3.010176e-03
3.012117e-03
3.014047e-03
3.015965e-03
3.017872e-03
3.019766e-03
3.021649e-03
3.023521e-03
3.025381e-03
3.027229e-03
3.029065e-03
3.030890e-03
3.032703e-03
3.034504e-03
3.036294e-03
3.038071e-03
3.039838e-03
3.041592e-03
3.043335e-03
3.045066e-03
3.046786e-03
3.048494e-03
3.050190e-03
3.051874e-03
3.053547e-03
3.055208e-03
3.056858e-03
3.058495e-03
3.060122e-03
3.061736e-03
3.063339e-03
3.064930e-03
3.066509e-03
3.068077e-03
3.069633e-03
3.071177e-03
3.072710e-03
3.074231e-03
3.075740e-03
3.077237e-03
3.078723e-03
3.080197e-03
3.081660e-03
3.083111e-03
3.084550e-03
3.085977e-03
3.087393e-03
3.088797e-03
3.090190e-03
3.091571e-03
3.092940e-03
3.094297e-03
3.095643e-03
3.096977e-03
3.098299e-03
3.099610e-03
3.100909e-03
3.102196e-03
3.103472e-03
3.104736e-03
3.105988e-03
3.107229e-03
3.108457e-03
3.109675e-03
3.110880e-03
3.112074e-03
3.113256e-03
3.114427e-03
3.115585e-03
3.116733e-03
3.117868e-03
3.118992e-03
3.120104e-03
3.121204e-03
3.122293e-03
3.123370e-03
3.124435e-03
3.125489e-03
3.126531e-03
3.127561e-03
3.128580e-03
3.129587e-03
3.130582e-03
3.131566e-03
3.132538e-03
3.133498e-03
3.134446e-03
3.135383e-03
3.136308e-03
3.137222e-03
3.138124e-03
3.139014e-03
3.139892e-03
3.140759e-03
3.141614e-03
3.142458e-03
3.143289e-03
3.144109e-03
3.144918e-03
3.145714e-03
3.146499e-03
3.147273e-03
3.148034e-03
3.148784e-03
3.149523e-03
3.150249e-03
3.150964e-03
3.151667e-03
3.152359e-03
3.153039e-03
3.153707e-03
3.154363e-03
3.155008e-03
3.155641e-03
3.156263e-03
3.156872e-03
3.157471e-03
3.158057e-03
3.158632e-03
3.159195e-03
3.159746e-03
3.160286e-03
3.160814e-03
3.161330e-03
3.161835e-03
3.162328e-03
3.162809e-03
3.163279e-03
3.163736e-03
3.164183e-03
3.164617e-03
3.165040e-03
3.165451e-03
3.165851e-03
3.166239e-03
3.166615e-03
3.166979e-03
3.167332e-03
3.167673e-03
3.168002e-03
3.168320e-03
3.168626e-03
3.168921e-03
3.169203e-03
3.169474e-03
3.169734e-03
3.169981e-03
3.170217e-03
3.170441e-03
3.170654e-03
3.170855e-03
3.171044e-03
3.171222e-03
3.171388e-03
3.171542e-03
3.171684e-03
3.171815e-03
3.171934e-03
3.172042e-03
3.172138e-03
3.172222e-03
3.172294e-03
3.172355e-03
3.172404e-03
3.172441e-03
3.172467e-03
3.172481e-03
3.172483e-03
3.172474e-03
3.172453e-03
3.172420e-03
3.172376e-03
3.172320e-03
3.172252e-03
3.172172e-03
3.172081e-03
3.171978e-03
3.171864e-03
3.171738e-03
3.171600e-03
3.171450e-03
3.171289e-03
3.171116e-03
3.170932e-03
3.170735e-03
3.170527e-03
3.170308e-03
3.170077e-03
3.169834e-03
3.169579e-03
3.169313e-03
3.169034e-03
3.168745e-03
3.168443e-03
3.168130e-03
3.167806e-03
3.167469e-03
3.167121e-03
3.166761e-03
3.166390e-03
3.166006e-03
3.165612e-03
3.165205e-03
3.164787e-03
3.164357e-03
3.163915e-03
3.163462e-03
3.162997e-03
3.162521e-03
3.162032e-03
3.161532e-03
3.161021e-03
3.160497e-03
3.159962e-03
3.159638e-03
3.159638e-03
3.159638e-03
3.159638e-03
3.159638e-03
3.159638e-03
3.159638e-03
3.159638e-03
3.159638e-03
3.159638e-03
3.159638e-03
3.159638e-03
3.159638e-03
3.159638e-03
3.159638e-03
3.159638e-03
3.159638e-03
3.159638e-03
3.159638e-03
3.159638e-03
3.159638e-03
3.159638e-03
3.159638e-03
3.159638e-03
3.159638e-03
3.159638e-03
3.159638e-03
3.159638e-03
3.159638e-03
3.159638e-03
3.159638e-03
3.159638e-03
3.159638e-03
3.159638e-03
3.159638e-03
3.159638e-03
3.159638e-03
3.159638e-03
3.159638e-03
3.159638e-03
3.159638e-03
3.159638e-03
3.159638e-03
3.159638e-03
3.159638e-03
3.159638e-03
3.159638e-03
3.159638e-03
3.159638e-03
3.159638e-03
3.159638e-03
3.159638e-03
3.159638e-03
3.159638e-03
3.159638e-03
3.159638e-03
3.159638e-03
3.159638e-03
3.159638e-03
3.159638e-03
3.159638e-03
3.159638e-03
3.159638e-03
3.159638e-03
3.159638e-03
3.159638e-03
3.159638e-03
3.159638e-03
3.159638e-03
3.159638e-03
3.159638e-03
3.159638e-03
3.159638e-03
3.159638e-03
3.159638e-03
3.159638e-03
3.159638e-03
3.159638e-03
3.159638e-03
3.159638e-03
3.159638e-03
3.159638e-03
3.159638e-03
3.159638e-03
3.159638e-03
3.159638e-03
3.159638e-03
3.159638e-03
3.159638e-03
3.159638e-03
3.159638e-03
3.159638e-03
3.159638e-03
3.159638e-03
3.159638e-03
3.159638e-03
3.159638e-03
3.159638e-03
3.159638e-03
3.159638e-03
3.159638e-03
3.159638e-03
3.159638e-03
3.159638e-03
3.159638e-03
3.159638e-03
3.159638e-03
3.159638e-03
3.159638e-03
3.159638e-03
3.159638e-03
3.159638e-03
3.159638e-03
3.159638e-03
3.159638e-03
3.159638e-03
3.159638e-03
3.159638e-03
3.159638e-03
3.159638e-03
3.159638e-03
3.159638e-03
3.159638e-03
3.159638e-03
3.159638e-03
3.159638e-03
3.159638e-03
3.159638e-03
3.159638e-03
3.159638e-03
3.159638e-03
3.159638e-03
3.159638e-03
3.159638e-03
3.159638e-03
3.159638e-03
3.159638e-03
3.159638e-03
3.159638e-03
3.159638e-03
3.159638e-03
3.159638e-03
3.159638e-03
3.159638e-03
3.159638e-03
3.159638e-03
3.159638e-03
3.159638e-03
3.159638e-03
3.159638e-03
3.159638e-03
3.159638e-03
3.159638e-03
3.159638e-03
3.159638e-03
3.159638e-03
3.159638e-03
3.159638e-03
3.159638e-03
3.159638e-03
3.159638e-03
3.159638e-03
3.159638e-03
3.159638e-03
3.159638e-03
3.159638e-03
3.159638e-03
3.159638e-03
3.159638e-03
3.159638e-03
3.159638e-03
3.159638e-03
3.159638e-03
3.159638e-03
3.159638e-03
3.159638e-03
3.159638e-03
3.159638e-03
3.159638e-03
3.159638e-03
3.159638e-03
3.159638e-03
3.159638e-03
3.159638e-03
3.159638e-03
3.159638e-03
3.159638e-03
3.159638e-03
3.159638e-03
3.159638e-03
3.159638e-03
3.159638e-03
3.159638e-03
3.159638e-03
3.159638e-03
3.159638e-03
3.159638e-03
3.159638e-03
3.159638e-03
3.159638e-03
3.159638e-03
