0.000000e+00
1.110371e-07
2.247627e-07
3.411769e-07
4.602796e-07
5.820709e-07
7.065508e-07
8.337191e-07
9.635761e-07
1.096122e-06
1.231356e-06
1.369278e-06
1.509889e-06
1.653189e-06
1.799177e-06
1.947854e-06
2.099219e-06
2.253273e-06
2.410016e-06
2.569447e-06
2.731566e-06
2.896374e-06
3.063871e-06
3.234056e-06
3.406930e-06
3.582492e-06
3.760743e-06
3.941682e-06
4.125310e-06
4.311627e-06
4.500632e-06
4.692325e-06
4.886707e-06
5.083778e-06
5.283537e-06
5.485985e-06
5.691121e-06
5.898946e-06
6.109459e-06
6.322661e-06
6.538552e-06
6.757131e-06
6.978399e-06
7.202355e-06
7.428999e-06
7.658333e-06
7.890355e-06
8.125065e-06
8.362464e-06
8.602551e-06
8.845327e-06
9.090792e-06
9.338945e-06
9.589787e-06
9.843317e-06
1.009954e-05
1.035844e-05
1.062004e-05
1.088432e-05
1.115130e-05
1.142096e-05
1.169331e-05
1.196835e-05
1.224607e-05
1.252649e-05
1.280959e-05
1.309539e-05
1.338387e-05
1.367504e-05
1.396890e-05
1.426544e-05
1.456468e-05
1.486660e-05
1.517121e-05
1.547852e-05
1.578851e-05
1.610118e-05
1.641655e-05
1.673461e-05
1.705535e-05
1.737878e-05
1.770490e-05
1.803371e-05
1.836521e-05
1.869940e-05
1.903627e-05
1.937584e-05
1.971809e-05
2.006303e-05
2.041066e-05
2.076098e-05
2.111398e-05
2.146968e-05
2.182806e-05
2.218914e-05
2.255290e-05
2.291935e-05
2.328848e-05
2.366031e-05
2.403482e-05
2.441203e-05
2.479192e-05
2.517450e-05
2.555977e-05
2.594773e-05
2.633837e-05
2.673171e-05
2.712773e-05
2.752644e-05
2.792784e-05
2.833193e-05
2.873871e-05
2.914818e-05
2.956033e-05
2.997517e-05
3.039271e-05
3.081293e-05
3.123583e-05
3.166143e-05
3.208972e-05
3.252069e-05
3.295436e-05
3.339071e-05
3.382975e-05
3.427148e-05
3.471589e-05
3.516300e-05
3.561279e-05
3.606528e-05
3.652045e-05
3.697831e-05
3.743886e-05
3.790209e-05
3.836802e-05
3.883663e-05
3.930794e-05
3.978193e-05
4.025861e-05
4.073797e-05
4.122003e-05
4.170478e-05
4.219221e-05
4.268233e-05
4.317514e-05
4.367064e-05
4.416883e-05
4.466971e-05
4.517327e-05
4.567953e-05
4.618847e-05
4.670010e-05
4.721442e-05
4.773143e-05
4.825113e-05
4.877351e-05
4.929858e-05
4.982635e-05
5.035680e-05
5.088994e-05
5.142576e-05
5.196428e-05
5.250549e-05
5.304938e-05
5.359596e-05
5.414523e-05
5.469719e-05
5.525184e-05
5.580918e-05
5.636920e-05
5.693191e-05
5.749732e-05
5.806541e-05
5.863618e-05
5.920965e-05
5.978581e-05
6.036465e-05
6.094619e-05
6.153041e-05
6.211732e-05
6.270692e-05
6.329920e-05
6.389418e-05
6.449185e-05
6.509220e-05
6.569524e-05
6.630097e-05
6.690939e-05
6.752050e-05
6.813429e-05
6.875078e-05
6.936995e-05
6.999181e-05
7.061636e-05
7.124360e-05
7.187353e-05
7.250614e-05
7.314145e-05
7.377944e-05
7.442012e-05
7.506349e-05
7.570955e-05
7.635830e-05
7.700973e-05
7.766385e-05
7.832067e-05
7.898017e-05
7.964236e-05
8.030724e-05
8.097480e-05
8.164506e-05
8.231800e-05
8.299364e-05
8.367196e-05
8.435297e-05
8.503666e-05
8.572305e-05
8.641213e-05
8.710389e-05
8.779834e-05
8.849548e-05
8.919531e-05
8.989783e-05
9.060304e-05
9.131093e-05
9.202151e-05
9.273479e-05
9.345075e-05
9.416940e-05
9.489073e-05
9.561476e-05
9.634148e-05
9.707088e-05
9.780297e-05
9.853775e-05
9.927522e-05
1.000154e-04
1.007582e-04
1.015038e-04
1.022520e-04
1.030029e-04
1.037565e-04
1.045128e-04
1.052718e-04
1.060334e-04
1.067978e-04
1.075648e-04
1.083346e-04
1.091070e-04
1.098821e-04
1.106599e-04
1.114404e-04
1.122235e-04
1.130094e-04
1.137980e-04
1.145892e-04
1.153831e-04
1.161797e-04
1.169790e-04
1.177810e-04
1.185857e-04
1.193931e-04
1.202032e-04
1.210159e-04
1.218313e-04
1.226495e-04
1.234703e-04
1.242938e-04
1.251200e-04
1.259489e-04
1.267804e-04
1.276147e-04
1.284516e-04
1.292913e-04
1.301336e-04
1.309786e-04
1.318263e-04
1.326767e-04
1.335298e-04
1.343855e-04
1.352440e-04
1.361051e-04
1.369690e-04
1.378355e-04
1.387047e-04
1.395766e-04
1.404512e-04
1.413284e-04
1.422084e-04
1.430910e-04
1.439764e-04
1.448644e-04
1.457551e-04
1.466485e-04
1.475446e-04
1.484434e-04
1.493449e-04
1.502490e-04
1.511559e-04
1.520654e-04
1.529776e-04
1.538926e-04
1.548102e-04
1.557305e-04
1.566534e-04
1.575791e-04
1.585075e-04
1.594385e-04
1.603722e-04
1.613087e-04
1.622478e-04
1.631896e-04
1.641341e-04
1.650812e-04
1.660311e-04
1.669836e-04
1.679389e-04
1.688968e-04
1.698574e-04
1.708207e-04
1.717867e-04
1.727554e-04
1.737268e-04
1.747009e-04
1.756776e-04
1.766570e-04
1.776392e-04
1.786240e-04
1.796115e-04
1.806017e-04
1.815946e-04
1.825901e-04
1.835884e-04
1.845893e-04
1.855930e-04
1.865993e-04
1.876083e-04
1.886200e-04
1.896344e-04
1.906515e-04
1.916713e-04
1.926937e-04
1.937188e-04
1.947467e-04
1.957772e-04
1.968104e-04
1.978463e-04
1.988849e-04
1.999262e-04
2.009701e-04
2.020168e-04
2.030661e-04
2.041182e-04
2.051729e-04
2.062303e-04
2.072904e-04
2.083532e-04
2.094186e-04
2.104868e-04
2.115576e-04
2.126312e-04
2.137074e-04
2.147863e-04
2.158679e-04
2.169522e-04
2.180392e-04
2.191289e-04
2.202212e-04
2.213163e-04
2.224140e-04
2.235144e-04
2.246175e-04
2.257233e-04
2.268318e-04
2.279430e-04
2.290569e-04
2.301734e-04
2.312927e-04
2.324146e-04
2.335392e-04
2.346665e-04
2.357965e-04
2.369292e-04
2.380646e-04
2.392027e-04
2.403434e-04
2.414868e-04
2.426330e-04
2.437818e-04
2.449333e-04
2.460875e-04
2.472444e-04
2.484039e-04
2.495662e-04
2.507312e-04
2.518988e-04
2.530691e-04
2.542421e-04
2.554178e-04
2.565962e-04
2.577773e-04
2.589611e-04
2.601475e-04
2.613367e-04
2.625285e-04
2.637230e-04
2.649202e-04
2.661201e-04
2.673227e-04
2.685280e-04
2.697360e-04
2.709466e-04
2.721600e-04
2.733760e-04
2.745947e-04
2.758161e-04
2.770402e-04
2.782670e-04
2.794965e-04
2.807286e-04
2.819635e-04
2.832010e-04
2.844413e-04
2.856842e-04
2.869298e-04
2.881781e-04
2.894291e-04
2.906827e-04
2.919391e-04
2.931981e-04
2.944599e-04
2.957243e-04
2.969914e-04
2.982612e-04
2.995337e-04
3.008089e-04
3.020867e-04
3.033673e-04
3.046505e-04
3.059365e-04
3.072251e-04
3.085164e-04
3.098104e-04
3.111071e-04
3.124065e-04
3.137085e-04
3.150133e-04
3.163207e-04
3.176309e-04
3.189437e-04
3.202592e-04
3.215774e-04
3.228983e-04
3.242218e-04
3.255481e-04
3.268771e-04
3.282087e-04
3.295430e-04
3.308800e-04
3.322197e-04
3.335621e-04
3.349072e-04
3.362550e-04
3.376054e-04
3.389586e-04
3.403144e-04
3.416729e-04
3.430342e-04
3.443981e-04
3.457646e-04
3.471339e-04
3.485059e-04
3.498805e-04
3.512579e-04
3.526379e-04
3.540206e-04
3.554061e-04
3.567942e-04
3.581849e-04
3.595784e-04
3.609746e-04
3.623734e-04
3.637750e-04
3.651792e-04
3.665861e-04
3.679957e-04
3.694080e-04
3.708230e-04
3.722407e-04
3.736610e-04
3.750841e-04
3.765098e-04
3.779382e-04
3.793694e-04
3.808032e-04
3.822397e-04
3.836788e-04
3.851207e-04
3.865653e-04
3.880125e-04
3.894624e-04
3.909151e-04
3.923704e-04
3.938284e-04
3.952891e-04
3.967524e-04
3.982185e-04
3.996873e-04
4.011587e-04
4.026328e-04
4.041097e-04
4.055892e-04
4.070714e-04
4.085563e-04
4.100438e-04
4.115341e-04
4.130270e-04
4.145227e-04
4.160210e-04
4.175220e-04
4.190257e-04
4.205321e-04
4.220412e-04
4.235530e-04
4.250674e-04
4.265846e-04
4.281044e-04
4.296270e-04
4.311522e-04
4.326801e-04
4.342107e-04
4.357439e-04
4.372799e-04
4.388186e-04
4.403599e-04
4.419039e-04
4.434507e-04
4.450001e-04
4.465522e-04
4.481070e-04
4.496644e-04
4.512246e-04
4.527875e-04
4.543530e-04
4.559212e-04
4.574922e-04
4.590658e-04
4.606421e-04
4.622210e-04
4.638027e-04
4.653871e-04
4.669741e-04
4.685639e-04
4.701563e-04
4.717514e-04
4.733492e-04
4.749497e-04
4.765529e-04
4.781588e-04
4.797673e-04
4.813786e-04
4.829925e-04
4.846091e-04
4.862284e-04
4.878504e-04
4.894751e-04
4.911025e-04
4.927326e-04
4.943653e-04
4.960008e-04
4.976389e-04
4.992797e-04
5.009232e-04
5.025694e-04
5.042183e-04
5.058699e-04
5.075242e-04
5.091811e-04
5.108408e-04
5.125031e-04
5.141681e-04
5.158358e-04
5.175062e-04
5.191793e-04
5.208551e-04
5.225335e-04
5.242147e-04
5.258985e-04
5.275851e-04
5.292743e-04
5.309662e-04
5.326608e-04
5.343580e-04
5.360580e-04
5.377607e-04
5.394660e-04
5.411741e-04
5.428848e-04
5.445982e-04
5.463143e-04
5.480331e-04
5.497546e-04
5.514787e-04
5.532056e-04
5.549351e-04
5.566674e-04
5.584023e-04
5.601399e-04
5.618802e-04
5.636232e-04
5.653689e-04
5.671172e-04
5.688683e-04
5.706220e-04
5.723784e-04
5.741376e-04
5.758994e-04
5.776639e-04
5.794310e-04
5.812009e-04
5.829735e-04
5.847487e-04
5.865267e-04
5.883073e-04
5.900906e-04
5.918766e-04
5.936653e-04
5.954567e-04
5.972507e-04
5.990475e-04
6.008469e-04
6.026491e-04
6.044539e-04
6.062614e-04
6.080716e-04
6.098845e-04
6.117001e-04
6.135183e-04
6.153393e-04
6.171629e-04
6.189893e-04
6.208183e-04
6.226500e-04
6.244844e-04
6.263215e-04
6.281613e-04
6.300037e-04
6.318489e-04
6.336967e-04
6.355472e-04
6.374005e-04
6.392564e-04
6.411150e-04
6.429762e-04
6.448402e-04
6.467069e-04
6.485762e-04
6.504483e-04
6.523230e-04
6.542004e-04
6.560805e-04
6.579633e-04
6.598488e-04
6.617369e-04
6.636278e-04
6.655213e-04
6.674176e-04
6.693165e-04
6.712181e-04
6.731224e-04
6.750294e-04
6.769391e-04
6.788514e-04
6.807665e-04
6.826842e-04
6.846047e-04
6.865278e-04
6.884536e-04
6.903821e-04
6.923133e-04
6.942471e-04
6.961837e-04
6.981230e-04
7.000649e-04
7.020095e-04
7.039568e-04
7.059069e-04
7.078595e-04
7.098149e-04
7.117730e-04
7.137338e-04
7.156972e-04
7.176633e-04
7.196322e-04
7.216037e-04
7.235779e-04
7.255548e-04
7.275343e-04
7.295166e-04
7.315016e-04
7.334892e-04
7.354795e-04
7.374726e-04
7.394683e-04
7.414667e-04
7.434678e-04
7.454715e-04
7.474780e-04
7.494872e-04
7.514990e-04
7.535135e-04
7.555307e-04
7.575507e-04
7.595733e-04
7.615985e-04
7.636265e-04
7.656572e-04
7.676905e-04
7.697266e-04
7.717653e-04
7.738067e-04
7.758508e-04
7.778976e-04
7.799471e-04
7.819992e-04
7.840541e-04
7.861117e-04
7.881719e-04
7.902348e-04
7.923004e-04
7.943687e-04
7.964397e-04
7.985134e-04
8.005898e-04
8.026688e-04
8.047506e-04
8.068350e-04
8.089221e-04
8.110119e-04
8.131044e-04
8.151996e-04
8.172975e-04
8.193980e-04
8.215013e-04
8.236072e-04
8.257159e-04
8.278272e-04
8.299412e-04
8.320579e-04
8.341773e-04
8.362993e-04
8.384241e-04
8.405516e-04
8.426817e-04
8.448145e-04
8.469500e-04
8.490882e-04
8.512291e-04
8.533727e-04
8.555190e-04
8.576679e-04
8.598196e-04
8.619739e-04
8.641309e-04
8.662906e-04
8.684530e-04
8.706181e-04
8.727859e-04
8.749564e-04
8.771295e-04
8.793054e-04
8.814839e-04
8.836651e-04
8.858490e-04
8.880356e-04
8.902249e-04
8.924169e-04
8.946116e-04
8.968089e-04
8.990089e-04
9.012117e-04
9.034171e-04
9.056252e-04
9.078360e-04
9.100495e-04
9.122656e-04
9.144845e-04
9.167061e-04
9.189303e-04
9.211572e-04
9.233868e-04
9.256191e-04
9.278541e-04
9.300918e-04
9.323322e-04
9.345752e-04
9.368210e-04
9.390694e-04
9.413205e-04
9.435743e-04
9.458308e-04
9.480900e-04
9.503519e-04
9.526165e-04
9.548837e-04
9.571537e-04
9.594263e-04
9.617016e-04
9.639796e-04
9.662603e-04
9.685437e-04
9.708298e-04
9.731185e-04
9.754100e-04
9.777041e-04
9.800010e-04
9.823005e-04
9.846027e-04
9.869076e-04
9.892152e-04
9.915254e-04
9.938384e-04
9.961540e-04
9.984724e-04
1.000793e-03
1.003117e-03
1.005444e-03
1.007773e-03
1.010104e-03
1.012439e-03
1.014776e-03
1.017116e-03
1.019458e-03
1.021804e-03
1.024152e-03
1.026502e-03
1.028855e-03
1.031211e-03
1.033570e-03
1.035931e-03
1.038295e-03
1.040662e-03
1.043032e-03
1.045404e-03
1.047778e-03
1.050156e-03
1.052536e-03
1.054919e-03
1.057305e-03
1.059693e-03
1.062084e-03
1.064477e-03
1.066874e-03
1.069273e-03
1.071674e-03
1.074079e-03
1.076486e-03
1.078895e-03
1.081308e-03
1.083723e-03
1.086141e-03
1.088561e-03
1.090985e-03
1.093410e-03
1.095839e-03
1.098270e-03
1.100704e-03
1.103141e-03
1.105580e-03
1.108022e-03
1.110467e-03
1.112914e-03
1.115364e-03
1.117817e-03
1.120273e-03
1.122731e-03
1.125191e-03
1.127655e-03
1.130121e-03
1.132590e-03
1.135062e-03
1.137536e-03
1.140013e-03
1.142493e-03
1.144975e-03
1.147460e-03
1.149948e-03
1.152438e-03
1.154931e-03
1.157427e-03
1.159925e-03
1.162427e-03
1.164930e-03
1.167437e-03
1.169946e-03
1.172458e-03
1.174973e-03
1.177490e-03
1.180010e-03
1.182533e-03
1.185058e-03
1.187586e-03
1.190117e-03
1.192650e-03
1.195186e-03
1.197725e-03
1.200267e-03
1.202811e-03
1.205358e-03
1.207907e-03
1.210459e-03
1.213014e-03
1.215572e-03
1.218132e-03
1.220695e-03
1.223261e-03
1.225829e-03
1.228400e-03
1.230974e-03
1.233551e-03
1.236130e-03
1.238711e-03
1.241296e-03
1.243883e-03
1.246473e-03
1.249066e-03
1.251661e-03
1.254259e-03
1.256859e-03
1.259463e-03
1.262069e-03
1.264677e-03
1.267289e-03
1.269903e-03
1.272520e-03
1.275139e-03
1.277761e-03
1.280386e-03
1.283014e-03
1.285644e-03
1.288277e-03
1.290912e-03
1.293551e-03
1.296192e-03
1.298835e-03
1.301482e-03
1.304131e-03
1.306782e-03
1.309437e-03
1.312094e-03
1.314754e-03
1.317416e-03
1.320081e-03
1.322749e-03
1.325420e-03
1.328093e-03
1.330769e-03
1.333447e-03
1.336129e-03
1.338813e-03
1.341499e-03
1.344189e-03
1.346881e-03
1.349575e-03
1.352273e-03
1.354973e-03
1.357676e-03
1.360381e-03
1.363089e-03
1.365800e-03
1.368514e-03
1.371230e-03
1.373949e-03
1.376671e-03
1.379395e-03
1.382122e-03
1.384852e-03
1.387584e-03
1.390319e-03
1.393057e-03
1.395797e-03
1.398540e-03
1.401286e-03
1.404035e-03
1.406786e-03
1.409540e-03
1.412296e-03
1.415056e-03
1.417818e-03
1.420582e-03
1.423349e-03
1.426119e-03
1.428892e-03
1.431668e-03
1.434446e-03
1.437226e-03
1.440010e-03
1.442796e-03
1.445585e-03
1.448376e-03
1.451171e-03
1.453967e-03
1.456767e-03
1.459569e-03
1.462374e-03
1.465182e-03
1.467992e-03
1.470805e-03
1.473621e-03
1.476439e-03
1.479261e-03
1.482084e-03
1.484911e-03
1.487740e-03
1.490572e-03
1.493406e-03
1.496244e-03
1.499083e-03
1.501926e-03
1.504771e-03
1.507619e-03
1.510470e-03
1.513323e-03
1.516179e-03
1.519038e-03
1.521900e-03
1.524764e-03
1.527630e-03
1.530500e-03
1.533372e-03
1.536247e-03
1.539125e-03
1.542005e-03
1.544888e-03
1.547773e-03
1.550662e-03
1.553553e-03
1.556446e-03
1.559343e-03
1.562242e-03
1.565144e-03
1.568048e-03
1.570955e-03
1.573865e-03
1.576777e-03
1.579693e-03
1.582611e-03
1.585531e-03
1.588454e-03
1.591380e-03
1.594309e-03
1.597240e-03
1.600174e-03
1.603111e-03
1.606050e-03
1.608992e-03
1.611937e-03
1.614885e-03
1.617835e-03
1.620788e-03
1.623743e-03
1.626701e-03
1.629662e-03
1.632626e-03
1.635592e-03
1.638561e-03
1.641533e-03
1.644507e-03
1.647484e-03
1.650464e-03
1.653446e-03
1.656431e-03
1.659419e-03
1.662410e-03
1.665403e-03
1.668399e-03
1.671397e-03
1.674398e-03
1.677402e-03
1.680409e-03
1.683418e-03
1.686430e-03
1.689445e-03
1.692462e-03
1.695482e-03
1.698505e-03
1.701530e-03
1.704559e-03
1.707589e-03
1.710623e-03
1.713659e-03
1.716698e-03
1.719739e-03
1.722784e-03
1.725831e-03
1.728880e-03
1.731933e-03
1.734988e-03
1.738045e-03
1.741106e-03
1.744169e-03
1.747234e-03
1.750303e-03
1.753374e-03
1.756448e-03
1.759524e-03
1.762604e-03
1.765685e-03
1.768770e-03
1.771857e-03
1.774947e-03
1.778040e-03
1.781135e-03
1.784233e-03
1.787334e-03
1.790437e-03
1.793543e-03
1.796652e-03
1.799764e-03
1.802878e-03
1.805995e-03
1.809114e-03
1.812236e-03
1.815361e-03
1.818489e-03
1.821619e-03
1.824752e-03
1.827888e-03
1.831026e-03
1.834167e-03
1.837311e-03
1.840457e-03
1.843606e-03
1.846758e-03
1.849913e-03
1.853070e-03
1.856230e-03
1.859392e-03
1.862557e-03
1.865725e-03
1.868896e-03
1.872069e-03
1.875245e-03
1.878424e-03
1.881605e-03
1.884789e-03
1.887976e-03
1.891165e-03
1.894357e-03
1.897552e-03
1.900750e-03
1.903950e-03
1.907153e-03
1.910358e-03
1.913567e-03
1.916778e-03
1.919991e-03
1.923208e-03
1.926427e-03
1.929648e-03
1.932873e-03
1.936100e-03
1.939329e-03
1.942562e-03
1.945797e-03
1.949035e-03
1.952275e-03
1.955518e-03
1.958764e-03
1.962013e-03
1.965264e-03
1.968518e-03
1.971775e-03
1.975034e-03
1.978296e-03
1.981561e-03
1.984828e-03
1.988098e-03
1.991371e-03
1.994647e-03
1.997925e-03
2.001206e-03
2.004489e-03
2.007775e-03
2.011064e-03
2.014356e-03
2.017650e-03
2.020947e-03
2.024247e-03
2.027549e-03
2.030854e-03
2.034162e-03
2.037472e-03
2.040785e-03
2.044101e-03
2.047420e-03
2.050741e-03
2.054065e-03
2.057391e-03
2.060720e-03
2.064052e-03
2.067387e-03
2.070724e-03
2.074064e-03
2.077407e-03
2.080752e-03
2.084100e-03
2.087451e-03
2.090804e-03
2.094161e-03
2.097519e-03
2.100881e-03
2.104245e-03
2.107612e-03
2.110981e-03
2.114354e-03
2.117729e-03
2.121106e-03
2.124487e-03
2.127870e-03
2.131255e-03
2.134644e-03
2.138035e-03
2.141428e-03
2.144825e-03
2.148224e-03
2.151626e-03
2.155030e-03
2.158438e-03
2.161847e-03
2.165260e-03
2.168675e-03
2.172093e-03
2.175514e-03
2.178937e-03
2.182363e-03
2.185792e-03
2.189223e-03
2.192657e-03
2.196094e-03
2.199534e-03
2.202976e-03
2.206421e-03
2.209868e-03
2.213318e-03
2.216771e-03
2.220227e-03
2.223685e-03
2.227146e-03
2.230610e-03
2.234076e-03
2.237545e-03
2.241017e-03
2.244491e-03
2.247968e-03
2.251448e-03
2.254931e-03
2.258416e-03
2.261904e-03
2.265394e-03
2.268887e-03
2.272383e-03
2.275882e-03
2.279383e-03
2.282887e-03
2.286394e-03
2.289903e-03
2.293415e-03
2.296930e-03
2.300448e-03
2.303968e-03
2.307490e-03
2.311016e-03
2.314544e-03
2.318075e-03
2.321609e-03
2.325145e-03
2.328684e-03
2.332225e-03
2.335770e-03
2.339317e-03
2.342866e-03
2.346419e-03
2.349974e-03
2.353532e-03
2.357092e-03
2.360655e-03
2.364221e-03
2.367790e-03
2.371361e-03
2.374935e-03
2.378511e-03
2.382090e-03
2.385672e-03
2.389257e-03
2.392844e-03
2.396434e-03
2.400027e-03
2.403622e-03
2.407221e-03
2.410821e-03
2.414425e-03
2.418031e-03
2.421640e-03
2.425251e-03
2.428866e-03
2.432482e-03
2.436102e-03
2.439724e-03
2.443349e-03
2.446977e-03
2.450607e-03
2.454240e-03
2.457876e-03
2.461514e-03
2.465156e-03
2.468799e-03
2.472446e-03
2.476095e-03
2.479747e-03
2.483401e-03
2.487059e-03
2.490719e-03
2.494381e-03
2.498047e-03
2.501714e-03
2.505385e-03
2.509059e-03
2.512735e-03
2.516413e-03
2.520095e-03
2.523779e-03
2.527466e-03
2.531155e-03
2.534847e-03
2.538542e-03
2.542240e-03
2.545940e-03
2.549643e-03
2.553349e-03
2.557057e-03
2.560768e-03
2.564482e-03
2.568198e-03
2.571917e-03
2.575639e-03
2.579363e-03
2.583090e-03
2.586820e-03
2.590553e-03
2.594288e-03
2.598026e-03
2.601766e-03
2.605510e-03
2.609256e-03
2.613004e-03
2.616756e-03
2.620510e-03
2.624266e-03
2.628026e-03
2.631788e-03
2.635553e-03
2.639320e-03
2.643090e-03
2.646863e-03
2.650639e-03
2.654417e-03
2.658198e-03
2.661981e-03
2.665768e-03
2.669557e-03
2.673348e-03
2.677143e-03
2.680940e-03
2.684739e-03
2.688542e-03
2.692347e-03
2.696155e-03
2.699965e-03
2.703778e-03
2.707594e-03
2.711413e-03
2.715234e-03
2.719058e-03
2.722885e-03
2.726714e-03
2.730546e-03
2.734380e-03
2.738218e-03
2.742058e-03
2.745901e-03
2.749746e-03
2.753594e-03
2.757445e-03
2.761298e-03
2.765155e-03
2.769014e-03
2.772875e-03
2.776739e-03
2.780606e-03
2.784476e-03
2.788348e-03
2.792223e-03
2.796101e-03
2.799981e-03
2.803864e-03
2.807750e-03
2.811639e-03
2.815530e-03
2.819424e-03
2.823320e-03
2.827219e-03
2.831121e-03
2.835026e-03
2.838933e-03
2.842843e-03
2.846756e-03
2.850671e-03
2.854589e-03
2.858510e-03
2.862433e-03
2.866359e-03
2.870288e-03
2.874219e-03
2.878154e-03
2.882090e-03
2.886030e-03
2.889972e-03
2.893917e-03
2.897865e-03
2.901815e-03
2.905768e-03
2.909724e-03
2.913682e-03
2.917643e-03
2.921607e-03
2.925573e-03
2.929542e-03
2.933514e-03
2.937489e-03
2.941466e-03
2.945446e-03
2.949428e-03
2.953413e-03
2.957401e-03
2.961392e-03
2.965385e-03
2.969381e-03
2.973380e-03
2.977381e-03
2.981385e-03
2.985392e-03
2.989401e-03
2.993414e-03
2.997428e-03
3.001446e-03
3.005466e-03
3.009489e-03
3.013515e-03
3.017543e-03
3.021574e-03
3.025607e-03
3.029644e-03
3.033683e-03
3.037724e-03
3.041769e-03
3.045816e-03
3.049866e-03
3.053918e-03
3.057973e-03
3.062031e-03
3.066092e-03
3.070155e-03
3.074221e-03
3.078289e-03
3.082360e-03
3.086434e-03
3.090511e-03
3.094590e-03
3.098672e-03
3.102757e-03
3.106845e-03
3.110935e-03
3.115027e-03
3.119123e-03
3.123221e-03
3.127322e-03
3.131425e-03
3.135532e-03
3.139641e-03
3.143752e-03
3.147866e-03
3.151983e-03
3.156103e-03
3.160225e-03
3.164350e-03
3.168478e-03
3.172609e-03
3.176742e-03
3.180878e-03
3.185016e-03
3.188492e-03
3.191955e-03
3.195405e-03
3.198841e-03
3.202264e-03
3.205673e-03
3.209069e-03
3.212452e-03
3.215821e-03
3.219177e-03
3.222519e-03
3.225848e-03
3.229164e-03
3.232466e-03
3.235755e-03
3.239030e-03
3.242292e-03
3.245540e-03
3.248776e-03
3.251997e-03
3.255205e-03
3.258400e-03
3.261582e-03
3.264750e-03
3.267905e-03
3.271046e-03
3.274174e-03
3.277288e-03
3.280389e-03
3.283477e-03
3.286551e-03
3.289612e-03
3.292659e-03
3.295693e-03
3.298714e-03
3.301721e-03
3.304715e-03
3.307695e-03
3.310662e-03
3.313616e-03
3.316556e-03
3.319482e-03
3.322396e-03
3.325296e-03
3.328182e-03
3.331055e-03
3.333915e-03
3.336761e-03
3.339594e-03
3.342414e-03
3.345220e-03
3.348012e-03
3.350792e-03
3.353558e-03
3.356310e-03
3.359049e-03
3.361775e-03
3.364487e-03
3.367186e-03
3.369871e-03
3.372543e-03
3.375202e-03
3.377847e-03
3.380479e-03
3.383097e-03
3.385702e-03
3.388294e-03
3.390872e-03
3.393437e-03
3.395988e-03
3.398526e-03
3.401050e-03
3.403561e-03
3.406059e-03
3.408543e-03
3.411014e-03
3.413472e-03
3.415916e-03
3.418347e-03
3.420764e-03
3.423168e-03
3.425558e-03
3.427935e-03
3.430299e-03
3.432649e-03
3.434986e-03
3.437309e-03
3.439619e-03
3.441916e-03
3.444199e-03
3.446469e-03
3.448725e-03
3.450968e-03
3.453198e-03
3.455414e-03
3.457617e-03
3.459806e-03
3.461982e-03
3.464145e-03
3.466294e-03
3.468430e-03
3.470552e-03
3.472661e-03
3.474756e-03
3.476838e-03
3.478907e-03
3.480962e-03
3.483004e-03
3.485033e-03
3.487048e-03
3.489049e-03
3.491038e-03
3.493012e-03
3.494974e-03
3.496922e-03
3.498857e-03
3.500778e-03
3.502686e-03
3.504580e-03
3.506461e-03
3.508329e-03
3.510183e-03
3.512024e-03
3.513851e-03
3.515665e-03
3.517465e-03
3.519253e-03
3.521026e-03
3.522787e-03
3.524533e-03
3.526267e-03
3.527987e-03
3.529694e-03
3.531387e-03
3.533067e-03
3.534733e-03
3.536387e-03
3.538026e-03
3.539652e-03
3.541265e-03
3.542865e-03
3.544451e-03
3.546023e-03
3.547583e-03
3.549128e-03
3.550661e-03
3.552180e-03
3.553685e-03
3.555178e-03
3.556656e-03
3.558122e-03
3.559574e-03
3.561012e-03
3.562437e-03
3.563849e-03
3.565248e-03
3.566632e-03
3.568004e-03
3.569362e-03
3.570707e-03
3.572038e-03
3.573356e-03
3.574661e-03
3.575952e-03
3.577229e-03
3.578494e-03
3.579744e-03
3.580982e-03
3.582206e-03
3.583417e-03
3.584614e-03
3.585798e-03
3.586968e-03
3.588125e-03
3.589269e-03
3.590399e-03
3.591516e-03
3.592619e-03
3.593709e-03
3.594786e-03
3.595849e-03
3.596898e-03
3.597935e-03
3.598958e-03
3.599967e-03
3.600963e-03
3.601946e-03
3.602915e-03
3.603871e-03
3.604814e-03
3.605743e-03
3.606659e-03
3.607561e-03
3.608450e-03
3.609325e-03
3.610187e-03
3.611036e-03
3.611871e-03
3.612693e-03
3.613501e-03
3.614296e-03
3.615078e-03
3.615846e-03
3.616601e-03
3.617343e-03
3.618070e-03
3.618785e-03
3.619486e-03
3.620174e-03
3.620848e-03
3.621509e-03
3.622157e-03
3.622791e-03
3.623412e-03
3.624019e-03
3.624613e-03
3.625193e-03
3.625761e-03
3.626314e-03
3.626855e-03
3.627381e-03
3.627895e-03
3.628395e-03
3.628882e-03
3.629355e-03
3.629815e-03
3.630261e-03
3.630694e-03
3.631114e-03
3.631520e-03
3.631913e-03
3.632292e-03
3.632658e-03
3.633011e-03
3.633350e-03
3.633676e-03
3.633988e-03
3.634287e-03
3.634573e-03
3.634845e-03
3.635104e-03
3.635349e-03
3.635581e-03
3.635799e-03
3.636004e-03
3.636196e-03
3.636375e-03
3.636539e-03
3.636691e-03
3.636829e-03
3.636954e-03
3.637065e-03
3.637163e-03
3.637247e-03
3.637318e-03
3.637376e-03
3.637420e-03
3.637451e-03
3.637468e-03
3.637472e-03
3.637463e-03
3.637440e-03
3.637404e-03
3.637354e-03
3.637291e-03
3.637215e-03
3.637125e-03
3.637022e-03
3.636905e-03
3.636775e-03
3.636632e-03
3.636475e-03
3.636304e-03
3.636121e-03
3.635924e-03
3.635713e-03
3.635489e-03
3.635252e-03
3.635001e-03
3.634737e-03
3.634459e-03
3.634169e-03
3.633864e-03
3.633546e-03
3.633215e-03
3.632871e-03
3.632513e-03
3.632141e-03
3.631757e-03
3.631358e-03
3.630947e-03
3.630522e-03
3.630083e-03
3.629631e-03
3.629166e-03
3.628688e-03
3.628196e-03
3.627690e-03
3.627171e-03
3.626639e-03
3.626315e-03
3.626315e-03
3.626315e-03
3.626315e-03
3.626315e-03
3.626315e-03
3.626315e-03
3.626315e-03
3.626315e-03
3.626315e-03
3.626315e-03
3.626315e-03
3.626315e-03
3.626315e-03
3.626315e-03
3.626315e-03
3.626315e-03
3.626315e-03
3.626315e-03
3.626315e-03
3.626315e-03
3.626315e-03
3.626315e-03
3.626315e-03
3.626315e-03
3.626315e-03
3.626315e-03
3.626315e-03
3.626315e-03
3.626315e-03
3.626315e-03
3.626315e-03
3.626315e-03
3.626315e-03
3.626315e-03
3.626315e-03
3.626315e-03
3.626315e-03
3.626315e-03
3.626315e-03
3.626315e-03
3.626315e-03
3.626315e-03
3.626315e-03
3.626315e-03
3.626315e-03
3.626315e-03
3.626315e-03
3.626315e-03
3.626315e-03
3.626315e-03
3.626315e-03
3.626315e-03
3.626315e-03
3.626315e-03
3.626315e-03
3.626315e-03
3.626315e-03
3.626315e-03
3.626315e-03
3.626315e-03
3.626315e-03
3.626315e-03
3.626315e-03
3.626315e-03
3.626315e-03
3.626315e-03
3.626315e-03
3.626315e-03
3.626315e-03
3.626315e-03
3.626315e-03
3.626315e-03
3.626315e-03
3.626315e-03
3.626315e-03
3.626315e-03
3.626315e-03
3.626315e-03
3.626315e-03
3.626315e-03
3.626315e-03
3.626315e-03
3.626315e-03
3.626315e-03
3.626315e-03
3.626315e-03
3.626315e-03
3.626315e-03
3.626315e-03
3.626315e-03
3.626315e-03
3.626315e-03
3.626315e-03
3.626315e-03
3.626315e-03
3.626315e-03
3.626315e-03
3.626315e-03
3.626315e-03
3.626315e-03
3.626315e-03
3.626315e-03
3.626315e-03
3.626315e-03
3.626315e-03
3.626315e-03
3.626315e-03
3.626315e-03
3.626315e-03
3.626315e-03
3.626315e-03
3.626315e-03
3.626315e-03
3.626315e-03
3.626315e-03
3.626315e-03
3.626315e-03
3.626315e-03
3.626315e-03
3.626315e-03
3.626315e-03
3.626315e-03
3.626315e-03
3.626315e-03
3.626315e-03
3.626315e-03
3.626315e-03
3.626315e-03
3.626315e-03
3.626315e-03
3.626315e-03
3.626315e-03
3.626315e-03
3.626315e-03
3.626315e-03
3.626315e-03
3.626315e-03
3.626315e-03
3.626315e-03
3.626315e-03
3.626315e-03
3.626315e-03
3.626315e-03
3.626315e-03
3.626315e-03
3.626315e-03
3.626315e-03
3.626315e-03
3.626315e-03
3.626315e-03
3.626315e-03
3.626315e-03
3.626315e-03
3.626315e-03
3.626315e-03
3.626315e-03
3.626315e-03
3.626315e-03
3.626315e-03
3.626315e-03
3.626315e-03
3.626315e-03
3.626315e-03
3.626315e-03
3.626315e-03
3.626315e-03
3.626315e-03
3.626315e-03
3.626315e-03
3.626315e-03
3.626315e-03
3.626315e-03
3.626315e-03
3.626315e-03
3.626315e-03
3.626315e-03
3.626315e-03
3.626315e-03
3.626315e-03
3.626315e-03
3.626315e-03
3.626315e-03
3.626315e-03
3.626315e-03
3.626315e-03
3.626315e-03
3.626315e-03
3.626315e-03
3.626315e-03
3.626315e-03
3.626315e-03
3.626315e-03
3.626315e-03
3.626315e-03
3.626315e-03
3.626315e-03
3.626315e-03
3.626315e-03
3.626315e-03
3.626315e-03
