0.000000e+00
1.110371e-07
2.248226e-07
3.413566e-07
4.606390e-07
5.826699e-07
7.074492e-07
8.349769e-07
9.652531e-07
1.098278e-06
1.234051e-06
1.372572e-06
1.513842e-06
1.657861e-06
1.804627e-06
1.954143e-06
2.106407e-06
2.261419e-06
2.419179e-06
2.579688e-06
2.742946e-06
2.908952e-06
3.077706e-06
3.249209e-06
3.423460e-06
3.600460e-06
3.780208e-06
3.962705e-06
4.147950e-06
4.335943e-06
4.526685e-06
4.720176e-06
4.916414e-06
5.115402e-06
5.317137e-06
5.521621e-06
5.728854e-06
5.938835e-06
6.151565e-06
6.367042e-06
6.585269e-06
6.806244e-06
7.029967e-06
7.256439e-06
7.485659e-06
7.717627e-06
7.952344e-06
8.189810e-06
8.430024e-06
8.672986e-06
8.918697e-06
9.167156e-06
9.418364e-06
9.672320e-06
9.929024e-06
1.018848e-05
1.045068e-05
1.071563e-05
1.098333e-05
1.125377e-05
1.152697e-05
1.180291e-05
1.208160e-05
1.236305e-05
1.264723e-05
1.293417e-05
1.322386e-05
1.351629e-05
1.381147e-05
1.410941e-05
1.441009e-05
1.471351e-05
1.501969e-05
1.532861e-05
1.564029e-05
1.595471e-05
1.627188e-05
1.659180e-05
1.691447e-05
1.723988e-05
1.756805e-05
1.789896e-05
1.823262e-05
1.856903e-05
1.890819e-05
1.925009e-05
1.959475e-05
1.994215e-05
2.029230e-05
2.064520e-05
2.100085e-05
2.135925e-05
2.172039e-05
2.208429e-05
2.245093e-05
2.282032e-05
2.319246e-05
2.356735e-05
2.394498e-05
2.432537e-05
2.470850e-05
2.509438e-05
2.548301e-05
2.587439e-05
2.626852e-05
2.666539e-05
2.706501e-05
2.746739e-05
2.787251e-05
2.828038e-05
2.869099e-05
2.910436e-05
2.952047e-05
2.993934e-05
3.036095e-05
3.078531e-05
3.121242e-05
3.164227e-05
3.207488e-05
3.251023e-05
3.294833e-05
3.338918e-05
3.383278e-05
3.427913e-05
3.472822e-05
3.518007e-05
3.563466e-05
3.609200e-05
3.655209e-05
3.701493e-05
3.748051e-05
3.794885e-05
3.841993e-05
3.889376e-05
3.937034e-05
3.984967e-05
4.033175e-05
4.081657e-05
4.130415e-05
4.179447e-05
4.228754e-05
4.278336e-05
4.328193e-05
4.378324e-05
4.428731e-05
4.479412e-05
4.530368e-05
4.581599e-05
4.633105e-05
4.684886e-05
4.736941e-05
4.789271e-05
4.841877e-05
4.894757e-05
4.947912e-05
5.001341e-05
5.055046e-05
5.109025e-05
5.163279e-05
5.217809e-05
5.272613e-05
5.327691e-05
5.383045e-05
5.438673e-05
5.494577e-05
5.550755e-05
5.607208e-05
5.663936e-05
5.720939e-05
5.778216e-05
5.835768e-05
5.893596e-05
5.951698e-05
6.010075e-05
6.068726e-05
6.127653e-05
6.186855e-05
6.246331e-05
6.306082e-05
6.366108e-05
6.426409e-05
6.486984e-05
6.547835e-05
6.608960e-05
6.670361e-05
6.732036e-05
6.793986e-05
6.856210e-05
6.918710e-05
6.981484e-05
7.044534e-05
7.107858e-05
7.171457e-05
7.235330e-05
7.299479e-05
7.363903e-05
7.428601e-05
7.493574e-05
7.558822e-05
7.624345e-05
7.690143e-05
7.756215e-05
7.822563e-05
7.889185e-05
7.956082e-05
8.023254e-05
8.090701e-05
8.158422e-05
8.226419e-05
8.294690e-05
8.363236e-05
8.432057e-05
8.501153e-05
8.570524e-05
8.640169e-05
8.710090e-05
8.780285e-05
8.850755e-05
8.921500e-05
8.992520e-05
9.063814e-05
9.135384e-05
9.207228e-05
9.279347e-05
9.351741e-05
9.424410e-05
9.497354e-05
9.570572e-05
9.644066e-05
9.717834e-05
9.791877e-05
9.866195e-05
9.940788e-05
1.001566e-04
1.009080e-04
1.016621e-04
1.024191e-04
1.031787e-04
1.039412e-04
1.047063e-04
1.054742e-04
1.062449e-04
1.070183e-04
1.077945e-04
1.085734e-04
1.093550e-04
1.101394e-04
1.109266e-04
1.117165e-04
1.125092e-04
1.133046e-04
1.141027e-04
1.149036e-04
1.157072e-04
1.165136e-04
1.173228e-04
1.181347e-04
1.189493e-04
1.197667e-04
1.205868e-04
1.214097e-04
1.222353e-04
1.230637e-04
1.238949e-04
1.247287e-04
1.255654e-04
1.264047e-04
1.272469e-04
1.280917e-04
1.289393e-04
1.297897e-04
1.306428e-04
1.314987e-04
1.323573e-04
1.332187e-04
1.340828e-04
1.349496e-04
1.358192e-04
1.366916e-04
1.375667e-04
1.384446e-04
1.393252e-04
1.402085e-04
1.410946e-04
1.419835e-04
1.428750e-04
1.437694e-04
1.446665e-04
1.455663e-04
1.464689e-04
1.473742e-04
1.482823e-04
1.491932e-04
1.501067e-04
1.510231e-04
1.519422e-04
1.528640e-04
1.537886e-04
1.547159e-04
1.556460e-04
1.565788e-04
1.575144e-04
1.584527e-04
1.593937e-04
1.603376e-04
1.612841e-04
1.622334e-04
1.631855e-04
1.641403e-04
1.650979e-04
1.660582e-04
1.670212e-04
1.679870e-04
1.689556e-04
1.699269e-04
1.709009e-04
1.718777e-04
1.728573e-04
1.738396e-04
1.748246e-04
1.758124e-04
1.768029e-04
1.777962e-04
1.787922e-04
1.797910e-04
1.807926e-04
1.817968e-04
1.828039e-04
1.838137e-04
1.848262e-04
1.858415e-04
1.868595e-04
1.878802e-04
1.889038e-04
1.899300e-04
1.909591e-04
1.919908e-04
1.930253e-04
1.940626e-04
1.951026e-04
1.961454e-04
1.971909e-04
1.982391e-04
1.992901e-04
2.003439e-04
2.014004e-04
2.024596e-04
2.035216e-04
2.045864e-04
2.056539e-04
2.067241e-04
2.077971e-04
2.088729e-04
2.099513e-04
2.110326e-04
2.121166e-04
2.132033e-04
2.142928e-04
2.153850e-04
2.164800e-04
2.175777e-04
2.186782e-04
2.197814e-04
2.208874e-04
2.219961e-04
2.231076e-04
2.242218e-04
2.253388e-04
2.264585e-04
2.275810e-04
2.287062e-04
2.298341e-04
2.309648e-04
2.320983e-04
2.332345e-04
2.343735e-04
2.355152e-04
2.366596e-04
2.378068e-04
2.389568e-04
2.401095e-04
2.412649e-04
2.424231e-04
2.435840e-04
2.447477e-04
2.459142e-04
2.470834e-04
2.482553e-04
2.494300e-04
2.506074e-04
2.517876e-04
2.529705e-04
2.541562e-04
2.553446e-04
2.565358e-04
2.577297e-04
2.589264e-04
2.601258e-04
2.613280e-04
2.625329e-04
2.637406e-04
2.649510e-04
2.661641e-04
2.673801e-04
2.685987e-04
2.698201e-04
2.710443e-04
2.722712e-04
2.735008e-04
2.747332e-04
2.759684e-04
2.772063e-04
2.784469e-04
2.796903e-04
2.809365e-04
2.821854e-04
2.834370e-04
2.846914e-04
2.859485e-04
2.872084e-04
2.884711e-04
2.897364e-04
2.910046e-04
2.922754e-04
2.935491e-04
2.948255e-04
2.961046e-04
2.973865e-04
2.986711e-04
2.999584e-04
3.012486e-04
3.025414e-04
3.038370e-04
3.051354e-04
3.064365e-04
3.077404e-04
3.090470e-04
3.103564e-04
3.116685e-04
3.129833e-04
3.143009e-04
3.156213e-04
3.169444e-04
3.182702e-04
3.195988e-04
3.209302e-04
3.222643e-04
3.236011e-04
3.249407e-04
3.262830e-04
3.276281e-04
3.289760e-04
3.303265e-04
3.316799e-04
3.330360e-04
3.343948e-04
3.357564e-04
3.371207e-04
3.384878e-04
3.398576e-04
3.412302e-04
3.426055e-04
3.439835e-04
3.453644e-04
3.467479e-04
3.481342e-04
3.495233e-04
3.509151e-04
3.523097e-04
3.537070e-04
3.551070e-04
3.565099e-04
3.579154e-04
3.593237e-04
3.607348e-04
3.621486e-04
3.635651e-04
3.649844e-04
3.664064e-04
3.678312e-04
3.692588e-04
3.706891e-04
3.721221e-04
3.735579e-04
3.749964e-04
3.764377e-04
3.778817e-04
3.793285e-04
3.807781e-04
3.822303e-04
3.836854e-04
3.851431e-04
3.866037e-04
3.880669e-04
3.895329e-04
3.910017e-04
3.924732e-04
3.939475e-04
3.954245e-04
3.969043e-04
3.983868e-04
3.998720e-04
4.013600e-04
4.028508e-04
4.043443e-04
4.058406e-04
4.073396e-04
4.088413e-04
4.103458e-04
4.118530e-04
4.133630e-04
4.148758e-04
4.163913e-04
4.179095e-04
4.194305e-04
4.209542e-04
4.224807e-04
4.240100e-04
4.255419e-04
4.270767e-04
4.286141e-04
4.301544e-04
4.316974e-04
4.332431e-04
4.347915e-04
4.363428e-04
4.378967e-04
4.394535e-04
4.410129e-04
4.425751e-04
4.441401e-04
4.457078e-04
4.472783e-04
4.488515e-04
4.504274e-04
4.520061e-04
4.535876e-04
4.551718e-04
4.567588e-04
4.583484e-04
4.599409e-04
4.615361e-04
4.631340e-04
4.647347e-04
4.663382e-04
4.679444e-04
4.695533e-04
4.711650e-04
4.727794e-04
4.743966e-04
4.760165e-04
4.776392e-04
4.792646e-04
4.808928e-04
4.825238e-04
4.841574e-04
4.857938e-04
4.874330e-04
4.890749e-04
4.907196e-04
4.923670e-04
4.940172e-04
4.956701e-04
4.973258e-04
4.989842e-04
5.006453e-04
5.023092e-04
5.039759e-04
5.056453e-04
5.073175e-04
5.089924e-04
5.106700e-04
5.123504e-04
5.140335e-04
5.157194e-04
5.174081e-04
5.190995e-04
5.207936e-04
5.224905e-04
5.241901e-04
5.258925e-04
5.275977e-04
5.293055e-04
5.310162e-04
5.327296e-04
5.344457e-04
5.361646e-04
5.378862e-04
5.396106e-04
5.413377e-04
5.430675e-04
5.448002e-04
5.465355e-04
5.482736e-04
5.500145e-04
5.517581e-04
5.535045e-04
5.552536e-04
5.570055e-04
5.587601e-04
5.605174e-04
5.622775e-04
5.640404e-04
5.658060e-04
5.675743e-04
5.693454e-04
5.711193e-04
5.728958e-04
5.746752e-04
5.764573e-04
5.782421e-04
5.800297e-04
5.818200e-04
5.836131e-04
5.854090e-04
5.872075e-04
5.890089e-04
5.908129e-04
5.926198e-04
5.944293e-04
5.962417e-04
5.980567e-04
5.998746e-04
6.016951e-04
6.035184e-04
6.053445e-04
6.071733e-04
6.090049e-04
6.108392e-04
6.126763e-04
6.145161e-04
6.163586e-04
6.182039e-04
6.200520e-04
6.219028e-04
6.237563e-04
6.256126e-04
6.274717e-04
6.293335e-04
6.311980e-04
6.330653e-04
6.349353e-04
6.368081e-04
6.386837e-04
6.405620e-04
6.424430e-04
6.443268e-04
6.462133e-04
6.481026e-04
6.499946e-04
6.518894e-04
6.537869e-04
6.556872e-04
6.575902e-04
6.594960e-04
6.614045e-04
6.633158e-04
6.652298e-04
6.671465e-04
6.690661e-04
6.709883e-04
6.729133e-04
6.748411e-04
6.767716e-04
6.787048e-04
6.806408e-04
6.825796e-04
6.845211e-04
6.864653e-04
6.884123e-04
6.903621e-04
6.923146e-04
6.942698e-04
6.962278e-04
6.981886e-04
7.001520e-04
7.021183e-04
7.040873e-04
7.060590e-04
7.080335e-04
7.100107e-04
7.119907e-04
7.139734e-04
7.159589e-04
7.179471e-04
7.199381e-04
7.219318e-04
7.239283e-04
7.259275e-04
7.279295e-04
7.299342e-04
7.319416e-04
7.339518e-04
7.359648e-04
7.379805e-04
7.399990e-04
7.420202e-04
7.440441e-04
7.460708e-04
7.481003e-04
7.501325e-04
7.521674e-04
7.542051e-04
7.562456e-04
7.582888e-04
7.603347e-04
7.623834e-04
7.644348e-04
7.664890e-04
7.685459e-04
7.706056e-04
7.726681e-04
7.747332e-04
7.768012e-04
7.788718e-04
7.809453e-04
7.830214e-04
7.851004e-04
7.871820e-04
7.892665e-04
7.913536e-04
7.934435e-04
7.955362e-04
7.976316e-04
7.997298e-04
8.018307e-04
8.039343e-04
8.060407e-04
8.081499e-04
8.102618e-04
8.123765e-04
8.144939e-04
8.166140e-04
8.187369e-04
8.208625e-04
8.229909e-04
8.251221e-04
8.272560e-04
8.293926e-04
8.315320e-04
8.336741e-04
8.358190e-04
8.379667e-04
8.401170e-04
8.422702e-04
8.444260e-04
8.465847e-04
8.487461e-04
8.509102e-04
8.530770e-04
8.552467e-04
8.574190e-04
8.595942e-04
8.617720e-04
8.639526e-04
8.661360e-04
8.683221e-04
8.705110e-04
8.727026e-04
8.748969e-04
8.770940e-04
8.792939e-04
8.814965e-04
8.837018e-04
8.859099e-04
8.881208e-04
8.903344e-04
8.925507e-04
8.947698e-04
8.969917e-04
8.992163e-04
9.014436e-04
9.036737e-04
9.059065e-04
9.081421e-04
9.103804e-04
9.126215e-04
9.148653e-04
9.171119e-04
9.193612e-04
9.216133e-04
9.238681e-04
9.261257e-04
9.283860e-04
9.306491e-04
9.329149e-04
9.351835e-04
9.374548e-04
9.397288e-04
9.420057e-04
9.442852e-04
9.465675e-04
9.488526e-04
9.511404e-04
9.534309e-04
9.557242e-04
9.580203e-04
9.603191e-04
9.626206e-04
9.649249e-04
9.672320e-04
9.695418e-04
9.718543e-04
9.741696e-04
9.764876e-04
9.788084e-04
9.811319e-04
9.834582e-04
9.857873e-04
9.881190e-04
9.904536e-04
9.927908e-04
9.951309e-04
9.974736e-04
9.998192e-04
1.002167e-03
1.004518e-03
1.006872e-03
1.009229e-03
1.011588e-03
1.013950e-03
1.016315e-03
1.018682e-03
1.021053e-03
1.023426e-03
1.025801e-03
1.028180e-03
1.030561e-03
1.032945e-03
1.035332e-03
1.037721e-03
1.040114e-03
1.042509e-03
1.044906e-03
1.047307e-03
1.049710e-03
1.052116e-03
1.054525e-03
1.056936e-03
1.059350e-03
1.061767e-03
1.064187e-03
1.066610e-03
1.069035e-03
1.071463e-03
1.073894e-03
1.076327e-03
1.078763e-03
1.081202e-03
1.083644e-03
1.086088e-03
1.088536e-03
1.090986e-03
1.093438e-03
1.095894e-03
1.098352e-03
1.100813e-03
1.103277e-03
1.105743e-03
1.108212e-03
1.110684e-03
1.113159e-03
1.115636e-03
1.118117e-03
1.120599e-03
1.123085e-03
1.125574e-03
1.128065e-03
1.130559e-03
1.133055e-03
1.135555e-03
1.138057e-03
1.140562e-03
1.143070e-03
1.145580e-03
1.148093e-03
1.150609e-03
1.153128e-03
1.155649e-03
1.158173e-03
1.160700e-03
1.163230e-03
1.165762e-03
1.168298e-03
1.170836e-03
1.173376e-03
1.175920e-03
1.178466e-03
1.181015e-03
1.183566e-03
1.186121e-03
1.188678e-03
1.191238e-03
1.193800e-03
1.196366e-03
1.198934e-03
1.201505e-03
1.204078e-03
1.206655e-03
1.209234e-03
1.211816e-03
1.214401e-03
1.216988e-03
1.219578e-03
1.222171e-03
1.224767e-03
1.227365e-03
1.229966e-03
1.232570e-03
1.235177e-03
1.237786e-03
1.240398e-03
1.243013e-03
1.245631e-03
1.248251e-03
1.250874e-03
1.253500e-03
1.256128e-03
1.258760e-03
1.261394e-03
1.264031e-03
1.266670e-03
1.269313e-03
1.271958e-03
1.274606e-03
1.277256e-03
1.279910e-03
1.282566e-03
1.285225e-03
1.287886e-03
1.290551e-03
1.293218e-03
1.295887e-03
1.298560e-03
1.301235e-03
1.303913e-03
1.306594e-03
1.309278e-03
1.311964e-03
1.314653e-03
1.317345e-03
1.320040e-03
1.322737e-03
1.325437e-03
1.328140e-03
1.330845e-03
1.333554e-03
1.336265e-03
1.338979e-03
1.341695e-03
1.344415e-03
1.347137e-03
1.349861e-03
1.352589e-03
1.355319e-03
1.358052e-03
1.360788e-03
1.363527e-03
1.366268e-03
1.369012e-03
1.371759e-03
1.374508e-03
1.377261e-03
1.380016e-03
1.382773e-03
1.385534e-03
1.388297e-03
1.391063e-03
1.393832e-03
1.396604e-03
1.399378e-03
1.402155e-03
1.404935e-03
1.407717e-03
1.410502e-03
1.413290e-03
1.416081e-03
1.418875e-03
1.421671e-03
1.424470e-03
1.427272e-03
1.430076e-03
1.432884e-03
1.435694e-03
1.438506e-03
1.441322e-03
1.444140e-03
1.446961e-03
1.449785e-03
1.452611e-03
1.455441e-03
1.458273e-03
1.461107e-03
1.463945e-03
1.466785e-03
1.469628e-03
1.472474e-03
1.475322e-03
1.478174e-03
1.481027e-03
1.483884e-03
1.486744e-03
1.489606e-03
1.492471e-03
1.495339e-03
1.498209e-03
1.501082e-03
1.503958e-03
1.506837e-03
1.509718e-03
1.512603e-03
1.515490e-03
1.518379e-03
1.521272e-03
1.524167e-03
1.527065e-03
1.529966e-03
1.532869e-03
1.535775e-03
1.538684e-03
1.541596e-03
1.544510e-03
1.547428e-03
1.550348e-03
1.553270e-03
1.556196e-03
1.559124e-03
1.562055e-03
1.564989e-03
1.567925e-03
1.570864e-03
1.573806e-03
1.576751e-03
1.579698e-03
1.582648e-03
1.585601e-03
1.588557e-03
1.591515e-03
1.594477e-03
1.597441e-03
1.600407e-03
1.603377e-03
1.606349e-03
1.609324e-03
1.612301e-03
1.615282e-03
1.618265e-03
1.621251e-03
1.624240e-03
1.627231e-03
1.630225e-03
1.633222e-03
1.636222e-03
1.639224e-03
1.642229e-03
1.645237e-03
1.648248e-03
1.651261e-03
1.654277e-03
1.657296e-03
1.660318e-03
1.663342e-03
1.666369e-03
1.669399e-03
1.672432e-03
1.675467e-03
1.678505e-03
1.681546e-03
1.684590e-03
1.687636e-03
1.690685e-03
1.693737e-03
1.696792e-03
1.699849e-03
1.702909e-03
1.705972e-03
1.709038e-03
1.712106e-03
1.715177e-03
1.718251e-03
1.721328e-03
1.724407e-03
1.727489e-03
1.730574e-03
1.733662e-03
1.736752e-03
1.739845e-03
1.742941e-03
1.746039e-03
1.749141e-03
1.752245e-03
1.755352e-03
1.758461e-03
1.761574e-03
1.764689e-03
1.767807e-03
1.770927e-03
1.774051e-03
1.777177e-03
1.780305e-03
1.783437e-03
1.786571e-03
1.789708e-03
1.792848e-03
1.795991e-03
1.799136e-03
1.802284e-03
1.805435e-03
1.808589e-03
1.811745e-03
1.814904e-03
1.818066e-03
1.821230e-03
1.824398e-03
1.827568e-03
1.830740e-03
1.833916e-03
1.837094e-03
1.840275e-03
1.843459e-03
1.846646e-03
1.849835e-03
1.853027e-03
1.856222e-03
1.859419e-03
1.862620e-03
1.865823e-03
1.869028e-03
1.872237e-03
1.875448e-03
1.878662e-03
1.881879e-03
1.885099e-03
1.888321e-03
1.891546e-03
1.894774e-03
1.898004e-03
1.901237e-03
1.904473e-03
1.907712e-03
1.910954e-03
1.914198e-03
1.917445e-03
1.920695e-03
1.923947e-03
1.927203e-03
1.930461e-03
1.933721e-03
1.936985e-03
1.940251e-03
1.943520e-03
1.946792e-03
1.950066e-03
1.953344e-03
1.956624e-03
1.959906e-03
1.963192e-03
1.966480e-03
1.969771e-03
1.973065e-03
1.976361e-03
1.979660e-03
1.982962e-03
1.986267e-03
1.989575e-03
1.992885e-03
1.996198e-03
1.999514e-03
2.002832e-03
2.006153e-03
2.009477e-03
2.012804e-03
2.016133e-03
2.019466e-03
2.022801e-03
2.026138e-03
2.029479e-03
2.032822e-03
2.036168e-03
2.039517e-03
2.042868e-03
2.046222e-03
2.049579e-03
2.052939e-03
2.056301e-03
2.059666e-03
2.063034e-03
2.066405e-03
2.069779e-03
2.073155e-03
2.076534e-03
2.079915e-03
2.083300e-03
2.086687e-03
2.090077e-03
2.093470e-03
2.096865e-03
2.100263e-03
2.103664e-03
2.107068e-03
2.110474e-03
2.113883e-03
2.117295e-03
2.120710e-03
2.124127e-03
2.127548e-03
2.130970e-03
2.134396e-03
2.137825e-03
2.141256e-03
2.144690e-03
2.148126e-03
2.151566e-03
2.155008e-03
2.158453e-03
2.161900e-03
2.165351e-03
2.168804e-03
2.172260e-03
2.175718e-03
2.179180e-03
2.182644e-03
2.186111e-03
2.189580e-03
2.193053e-03
2.196528e-03
2.200006e-03
2.203486e-03
2.206970e-03
2.210456e-03
2.213945e-03
2.217436e-03
2.220931e-03
2.224428e-03
2.227928e-03
2.231430e-03
2.234936e-03
2.238444e-03
2.241955e-03
2.245468e-03
2.248985e-03
2.252504e-03
2.256026e-03
2.259550e-03
2.263078e-03
2.266608e-03
2.270141e-03
2.273676e-03
2.277215e-03
2.280756e-03
2.284299e-03
2.287846e-03
2.291395e-03
2.294947e-03
2.298502e-03
2.302060e-03
2.305620e-03
2.309183e-03
2.312749e-03
2.316318e-03
2.319889e-03
2.323463e-03
2.327040e-03
2.330620e-03
2.334202e-03
2.337787e-03
2.341375e-03
2.344965e-03
2.348559e-03
2.352155e-03
2.355753e-03
2.359355e-03
2.362959e-03
2.366566e-03
2.370176e-03
2.373789e-03
2.377404e-03
2.381022e-03
2.384643e-03
2.388266e-03
2.391893e-03
2.395522e-03
2.399154e-03
2.402788e-03
2.406425e-03
2.410065e-03
2.413708e-03
2.417354e-03
2.421002e-03
2.424653e-03
2.428307e-03
2.431963e-03
2.435623e-03
2.439285e-03
2.442949e-03
2.446617e-03
2.450287e-03
2.453960e-03
2.457636e-03
2.461315e-03
2.464996e-03
2.468680e-03
2.472367e-03
2.476056e-03
2.479748e-03
2.483443e-03
2.487141e-03
2.490842e-03
2.494545e-03
2.498251e-03
2.501960e-03
2.505671e-03
2.509385e-03
2.513102e-03
2.516822e-03
2.520545e-03
2.524270e-03
2.527998e-03
2.531729e-03
2.535462e-03
2.539198e-03
2.542937e-03
2.546679e-03
2.550423e-03
2.554171e-03
2.557921e-03
2.561673e-03
2.565429e-03
2.569187e-03
2.572948e-03
2.576712e-03
2.580478e-03
2.584247e-03
2.588019e-03
2.591794e-03
2.595572e-03
2.599352e-03
2.603135e-03
2.606920e-03
2.610709e-03
2.614500e-03
2.618294e-03
2.622091e-03
2.625890e-03
2.629692e-03
2.633497e-03
2.637305e-03
2.641115e-03
2.644929e-03
2.648745e-03
2.652563e-03
2.656385e-03
2.660209e-03
2.664036e-03
2.667866e-03
2.671698e-03
2.675533e-03
2.679371e-03
2.683212e-03
2.687055e-03
2.690901e-03
2.694750e-03
2.698602e-03
2.702456e-03
2.706314e-03
2.710173e-03
2.714036e-03
2.717901e-03
2.721770e-03
2.725641e-03
2.729514e-03
2.733391e-03
2.737270e-03
2.741152e-03
2.745036e-03
2.748924e-03
2.752814e-03
2.756707e-03
2.760602e-03
2.764501e-03
2.768402e-03
2.772306e-03
2.776212e-03
2.780122e-03
2.784034e-03
2.787949e-03
2.791866e-03
2.795787e-03
2.799710e-03
2.803636e-03
2.807564e-03
2.811496e-03
2.815430e-03
2.819367e-03
2.823306e-03
2.827249e-03
2.831194e-03
2.835142e-03
2.839092e-03
2.843046e-03
2.847002e-03
2.850961e-03
2.854922e-03
2.858887e-03
2.862854e-03
2.866824e-03
2.870796e-03
2.874772e-03
2.878750e-03
2.882731e-03
2.886714e-03
2.890700e-03
2.894690e-03
2.898681e-03
2.902676e-03
2.906673e-03
2.910673e-03
2.914676e-03
2.918682e-03
2.922690e-03
2.926701e-03
2.930715e-03
2.934732e-03
2.938751e-03
2.942773e-03
2.946798e-03
2.950825e-03
2.954856e-03
2.958889e-03
2.962925e-03
2.966963e-03
2.971004e-03
2.975049e-03
2.979095e-03
2.983145e-03
2.987197e-03
2.991252e-03
2.995310e-03
2.999371e-03
3.003434e-03
3.007500e-03
3.011569e-03
3.015640e-03
3.019715e-03
3.023792e-03
3.027871e-03
3.031954e-03
3.036039e-03
3.040127e-03
3.044218e-03
3.048312e-03
3.052408e-03
3.056507e-03
3.060609e-03
3.064713e-03
3.068820e-03
3.072930e-03
3.077043e-03
3.081159e-03
3.085277e-03
3.089398e-03
3.093522e-03
3.097648e-03
3.101778e-03
3.105910e-03
3.110044e-03
3.114182e-03
3.118322e-03
3.122465e-03
3.126611e-03
3.130759e-03
3.134911e-03
3.139065e-03
3.143221e-03
3.147381e-03
3.151543e-03
3.155708e-03
3.159876e-03
3.164046e-03
3.168220e-03
3.172396e-03
3.176574e-03
3.180756e-03
3.184940e-03
3.189127e-03
3.193317e-03
3.197509e-03
3.201704e-03
3.205902e-03
3.210103e-03
3.214307e-03
3.218513e-03
3.222722e-03
3.226933e-03
3.231148e-03
3.235365e-03
3.239585e-03
3.243808e-03
3.248033e-03
3.252261e-03
3.255828e-03
3.259380e-03
3.262919e-03
3.266444e-03
3.269955e-03
3.273453e-03
3.276937e-03
3.280407e-03
3.283864e-03
3.287307e-03
3.290736e-03
3.294151e-03
3.297553e-03
3.300941e-03
3.304315e-03
3.307676e-03
3.311023e-03
3.314356e-03
3.317676e-03
3.320981e-03
3.324274e-03
3.327552e-03
3.330817e-03
3.334068e-03
3.337305e-03
3.340528e-03
3.343738e-03
3.346934e-03
3.350117e-03
3.353286e-03
3.356441e-03
3.359582e-03
3.362710e-03
3.365824e-03
3.368924e-03
3.372010e-03
3.375083e-03
3.378142e-03
3.381188e-03
3.384219e-03
3.387237e-03
3.390241e-03
3.393232e-03
3.396209e-03
3.399172e-03
3.402121e-03
3.405057e-03
3.407979e-03
3.410888e-03
3.413782e-03
3.416663e-03
3.419530e-03
3.422384e-03
3.425224e-03
3.428050e-03
3.430862e-03
3.433661e-03
3.436446e-03
3.439217e-03
3.441975e-03
3.444719e-03
3.447449e-03
3.450165e-03
3.452868e-03
3.455557e-03
3.458232e-03
3.460894e-03
3.463542e-03
3.466176e-03
3.468797e-03
3.471403e-03
3.473996e-03
3.476576e-03
3.479142e-03
3.481694e-03
3.484232e-03
3.486756e-03
3.489267e-03
3.491764e-03
3.494248e-03
3.496718e-03
3.499174e-03
3.501616e-03
3.504045e-03
3.506460e-03
3.508861e-03
3.511248e-03
3.513622e-03
3.515982e-03
3.518329e-03
3.520661e-03
3.522980e-03
3.525286e-03
3.527577e-03
3.529855e-03
3.532119e-03
3.534370e-03
3.536606e-03
3.538829e-03
3.541039e-03
3.543234e-03
3.545416e-03
3.547585e-03
3.549739e-03
3.551880e-03
3.554007e-03
3.556120e-03
3.558220e-03
3.560306e-03
3.562378e-03
3.564437e-03
3.566482e-03
3.568513e-03
3.570531e-03
3.572534e-03
3.574524e-03
3.576501e-03
3.578463e-03
3.580412e-03
3.582347e-03
3.584269e-03
3.586177e-03
3.588071e-03
3.589951e-03
3.591818e-03
3.593671e-03
3.595510e-03
3.597336e-03
3.599148e-03
3.600946e-03
3.602730e-03
3.604501e-03
3.606258e-03
3.608002e-03
3.609731e-03
3.611447e-03
3.613149e-03
3.614838e-03
3.616513e-03
3.618174e-03
3.619821e-03
3.621455e-03
3.623075e-03
3.624681e-03
3.626274e-03
3.627853e-03
3.629418e-03
3.630969e-03
3.632507e-03
3.634031e-03
3.635542e-03
3.637038e-03
3.638521e-03
3.639990e-03
3.641446e-03
3.642888e-03
3.644316e-03
3.645730e-03
3.647131e-03
3.648518e-03
3.649891e-03
3.651251e-03
3.652597e-03
3.653929e-03
3.655247e-03
3.656552e-03
3.657843e-03
3.659121e-03
3.660384e-03
3.661634e-03
3.662870e-03
3.664093e-03
3.665302e-03
3.666497e-03
3.667678e-03
3.668846e-03
3.670000e-03
3.671140e-03
3.672267e-03
3.673380e-03
3.674479e-03
3.675564e-03
3.676636e-03
3.677694e-03
3.678739e-03
3.679769e-03
3.680786e-03
3.681789e-03
3.682779e-03
3.683755e-03
3.684717e-03
3.685665e-03
3.686600e-03
3.687521e-03
3.688428e-03
3.689322e-03
3.690202e-03
3.691068e-03
3.691921e-03
3.692759e-03
3.693584e-03
3.694396e-03
3.695193e-03
3.695977e-03
3.696748e-03
3.697504e-03
3.698247e-03
3.698976e-03
3.699692e-03
3.700393e-03
3.701081e-03
3.701756e-03
3.702416e-03
3.703063e-03
3.703696e-03
3.704316e-03
3.704922e-03
3.705514e-03
3.706092e-03
3.706657e-03
3.707208e-03
3.707745e-03
3.708268e-03
3.708778e-03
3.709274e-03
3.709757e-03
3.710225e-03
3.710681e-03
3.711122e-03
3.711549e-03
3.711963e-03
3.712364e-03
3.712750e-03
3.713123e-03
3.713482e-03
3.713827e-03
3.714159e-03
3.714477e-03
3.714781e-03
3.715072e-03
3.715348e-03
3.715612e-03
3.715861e-03
3.716097e-03
3.716319e-03
3.716527e-03
3.716722e-03
3.716903e-03
3.717070e-03
3.717223e-03
3.717363e-03
3.717489e-03
3.717602e-03
3.717700e-03
3.717785e-03
3.717856e-03
3.717914e-03
3.717958e-03
3.717988e-03
3.718004e-03
3.718007e-03
3.717996e-03
3.717971e-03
3.717933e-03
3.717881e-03
3.717815e-03
3.717736e-03
3.717642e-03
3.717535e-03
3.717415e-03
3.717281e-03
3.717133e-03
3.716971e-03
3.716795e-03
3.716606e-03
3.716403e-03
3.716187e-03
3.715956e-03
3.715712e-03
3.715455e-03
3.715183e-03
3.714898e-03
3.714600e-03
3.714287e-03
3.713961e-03
3.713621e-03
3.713267e-03
3.712900e-03
3.712519e-03
3.712124e-03
3.711716e-03
3.711294e-03
3.710858e-03
3.710408e-03
3.709945e-03
3.709468e-03
3.708977e-03
3.708473e-03
3.707955e-03
3.707423e-03
3.707100e-03
3.707100e-03
3.707100e-03
3.707100e-03
3.707100e-03
3.707100e-03
3.707100e-03
3.707100e-03
3.707100e-03
3.707100e-03
3.707100e-03
3.707100e-03
3.707100e-03
3.707100e-03
3.707100e-03
3.707100e-03
3.707100e-03
3.707100e-03
3.707100e-03
3.707100e-03
3.707100e-03
3.707100e-03
3.707100e-03
3.707100e-03
3.707100e-03
3.707100e-03
3.707100e-03
3.707100e-03
3.707100e-03
3.707100e-03
3.707100e-03
3.707100e-03
3.707100e-03
3.707100e-03
3.707100e-03
3.707100e-03
3.707100e-03
3.707100e-03
3.707100e-03
3.707100e-03
3.707100e-03
3.707100e-03
3.707100e-03
3.707100e-03
3.707100e-03
3.707100e-03
3.707100e-03
3.707100e-03
3.707100e-03
3.707100e-03
3.707100e-03
3.707100e-03
3.707100e-03
3.707100e-03
3.707100e-03
3.707100e-03
3.707100e-03
3.707100e-03
3.707100e-03
3.707100e-03
3.707100e-03
3.707100e-03
3.707100e-03
3.707100e-03
3.707100e-03
3.707100e-03
3.707100e-03
3.707100e-03
3.707100e-03
3.707100e-03
3.707100e-03
3.707100e-03
3.707100e-03
3.707100e-03
3.707100e-03
3.707100e-03
3.707100e-03
3.707100e-03
3.707100e-03
3.707100e-03
3.707100e-03
3.707100e-03
3.707100e-03
3.707100e-03
3.707100e-03
3.707100e-03
3.707100e-03
3.707100e-03
3.707100e-03
3.707100e-03
3.707100e-03
3.707100e-03
3.707100e-03
3.707100e-03
3.707100e-03
3.707100e-03
3.707100e-03
3.707100e-03
3.707100e-03
3.707100e-03
3.707100e-03
3.707100e-03
3.707100e-03
3.707100e-03
3.707100e-03
3.707100e-03
3.707100e-03
3.707100e-03
3.707100e-03
3.707100e-03
3.707100e-03
3.707100e-03
3.707100e-03
3.707100e-03
3.707100e-03
3.707100e-03
3.707100e-03
3.707100e-03
3.707100e-03
3.707100e-03
3.707100e-03
3.707100e-03
3.707100e-03
3.707100e-03
3.707100e-03
3.707100e-03
3.707100e-03
3.707100e-03
3.707100e-03
3.707100e-03
3.707100e-03
3.707100e-03
3.707100e-03
3.707100e-03
3.707100e-03
3.707100e-03
3.707100e-03
3.707100e-03
3.707100e-03
3.707100e-03
3.707100e-03
3.707100e-03
3.707100e-03
3.707100e-03
3.707100e-03
3.707100e-03
3.707100e-03
3.707100e-03
3.707100e-03
3.707100e-03
3.707100e-03
3.707100e-03
3.707100e-03
3.707100e-03
3.707100e-03
3.707100e-03
3.707100e-03
3.707100e-03
3.707100e-03
3.707100e-03
3.707100e-03
3.707100e-03
3.707100e-03
3.707100e-03
3.707100e-03
3.707100e-03
3.707100e-03
3.707100e-03
3.707100e-03
3.707100e-03
3.707100e-03
3.707100e-03
3.707100e-03
3.707100e-03
3.707100e-03
3.707100e-03
3.707100e-03
3.707100e-03
3.707100e-03
3.707100e-03
3.707100e-03
3.707100e-03
3.707100e-03
3.707100e-03
3.707100e-03
3.707100e-03
3.707100e-03
3.707100e-03
3.707100e-03
3.707100e-03
3.707100e-03
3.707100e-03
3.707100e-03
3.707100e-03
3.707100e-03
3.707100e-03
3.707100e-03
3.707100e-03
3.707100e-03
3.707100e-03
3.707100e-03
