0.000000e+00
1.110371e-07
2.247692e-07
3.411965e-07
4.603188e-07
5.821362e-07
7.066486e-07
8.338562e-07
9.637588e-07
1.096356e-06
1.231649e-06
1.369637e-06
1.510320e-06
1.653698e-06
1.799771e-06
1.948539e-06
2.100002e-06
2.254161e-06
2.411014e-06
2.570562e-06
2.732806e-06
2.897745e-06
3.065378e-06
3.235707e-06
3.408731e-06
3.584450e-06
3.762864e-06
3.943973e-06
4.127777e-06
4.314276e-06
4.503470e-06
4.695360e-06
4.889944e-06
5.087223e-06
5.287198e-06
5.489868e-06
5.695232e-06
5.903292e-06
6.114047e-06
6.327497e-06
6.543642e-06
6.762482e-06
6.984017e-06
7.208247e-06
7.435173e-06
7.664793e-06
7.897109e-06
8.132119e-06
8.369825e-06
8.610225e-06
8.853321e-06
9.099112e-06
9.347598e-06
9.598779e-06
9.852655e-06
1.010923e-05
1.036849e-05
1.063045e-05
1.089511e-05
1.116246e-05
1.143251e-05
1.170525e-05
1.198069e-05
1.225882e-05
1.253964e-05
1.282317e-05
1.310938e-05
1.339830e-05
1.368990e-05
1.398420e-05
1.428120e-05
1.458089e-05
1.488328e-05
1.518836e-05
1.549614e-05
1.580661e-05
1.611978e-05
1.643564e-05
1.675420e-05
1.707546e-05
1.739940e-05
1.772605e-05
1.805538e-05
1.838742e-05
1.872215e-05
1.905957e-05
1.939969e-05
1.974250e-05
2.008801e-05
2.043621e-05
2.078711e-05
2.114071e-05
2.149700e-05
2.185598e-05
2.221766e-05
2.258203e-05
2.294910e-05
2.331887e-05
2.369133e-05
2.406648e-05
2.444433e-05
2.482487e-05
2.520811e-05
2.559405e-05
2.598268e-05
2.637400e-05
2.676802e-05
2.716474e-05
2.756415e-05
2.796625e-05
2.837105e-05
2.877855e-05
2.918874e-05
2.960162e-05
3.001721e-05
3.043548e-05
3.085645e-05
3.128012e-05
3.170648e-05
3.213553e-05
3.256729e-05
3.300173e-05
3.343887e-05
3.387871e-05
3.432124e-05
3.476647e-05
3.521439e-05
3.566500e-05
3.611832e-05
3.657432e-05
3.703302e-05
3.749442e-05
3.795851e-05
3.842530e-05
3.889478e-05
3.936696e-05
3.984183e-05
4.031940e-05
4.079966e-05
4.128262e-05
4.176827e-05
4.225662e-05
4.274766e-05
4.324140e-05
4.373783e-05
4.423696e-05
4.473878e-05
4.524330e-05
4.575051e-05
4.626042e-05
4.677303e-05
4.728832e-05
4.780632e-05
4.832701e-05
4.885039e-05
4.937647e-05
4.990524e-05
5.043671e-05
5.097087e-05
5.150773e-05
5.204729e-05
5.258954e-05
5.313448e-05
5.368212e-05
5.423245e-05
5.478548e-05
5.534121e-05
5.589963e-05
5.646074e-05
5.702455e-05
5.759106e-05
5.816026e-05
5.873215e-05
5.930674e-05
5.988403e-05
6.046401e-05
6.104668e-05
6.163205e-05
6.222012e-05
6.281088e-05
6.340433e-05
6.400048e-05
6.459933e-05
6.520087e-05
6.580511e-05
6.641204e-05
6.702166e-05
6.763398e-05
6.824900e-05
6.886671e-05
6.948712e-05
7.011022e-05
7.073601e-05
7.136451e-05
7.199569e-05
7.262957e-05
7.326615e-05
7.390542e-05
7.454739e-05
7.519205e-05
7.583941e-05
7.648946e-05
7.714221e-05
7.779765e-05
7.845579e-05
7.911662e-05
7.978015e-05
8.044637e-05
8.111529e-05
8.178690e-05
8.246121e-05
8.313821e-05
8.381791e-05
8.450030e-05
8.518539e-05
8.587317e-05
8.656365e-05
8.725682e-05
8.795269e-05
8.865126e-05
8.935251e-05
9.005647e-05
9.076312e-05
9.147246e-05
9.218450e-05
9.289923e-05
9.361666e-05
9.433679e-05
9.505960e-05
9.578512e-05
9.651333e-05
9.724423e-05
9.797783e-05
9.871413e-05
9.945312e-05
1.001948e-04
1.009392e-04
1.016863e-04
1.024360e-04
1.031885e-04
1.039436e-04
1.047015e-04
1.054621e-04
1.062253e-04
1.069912e-04
1.077599e-04
1.085312e-04
1.093052e-04
1.100820e-04
1.108614e-04
1.116435e-04
1.124283e-04
1.132158e-04
1.140060e-04
1.147989e-04
1.155945e-04
1.163927e-04
1.171937e-04
1.179974e-04
1.188038e-04
1.196128e-04
1.204246e-04
1.212390e-04
1.220562e-04
1.228760e-04
1.236985e-04
1.245238e-04
1.253517e-04
1.261823e-04
1.270156e-04
1.278517e-04
1.286904e-04
1.295318e-04
1.303759e-04
1.312227e-04
1.320721e-04
1.329243e-04
1.337792e-04
1.346368e-04
1.354970e-04
1.363600e-04
1.372257e-04
1.380940e-04
1.389651e-04
1.398388e-04
1.407153e-04
1.415944e-04
1.424762e-04
1.433607e-04
1.442480e-04
1.451379e-04
1.460305e-04
1.469258e-04
1.478238e-04
1.487245e-04
1.496279e-04
1.505339e-04
1.514427e-04
1.523542e-04
1.532684e-04
1.541852e-04
1.551048e-04
1.560270e-04
1.569520e-04
1.578796e-04
1.588100e-04
1.597430e-04
1.606787e-04
1.616172e-04
1.625583e-04
1.635021e-04
1.644486e-04
1.653978e-04
1.663497e-04
1.673043e-04
1.682616e-04
1.692216e-04
1.701843e-04
1.711497e-04
1.721177e-04
1.730885e-04
1.740620e-04
1.750381e-04
1.760170e-04
1.769985e-04
1.779827e-04
1.789697e-04
1.799593e-04
1.809516e-04
1.819467e-04
1.829444e-04
1.839448e-04
1.849479e-04
1.859537e-04
1.869622e-04
1.879734e-04
1.889873e-04
1.900039e-04
1.910231e-04
1.920451e-04
1.930698e-04
1.940971e-04
1.951272e-04
1.961599e-04
1.971954e-04
1.982335e-04
1.992744e-04
2.003179e-04
2.013641e-04
2.024131e-04
2.034647e-04
2.045190e-04
2.055760e-04
2.066357e-04
2.076981e-04
2.087632e-04
2.098310e-04
2.109015e-04
2.119746e-04
2.130505e-04
2.141291e-04
2.152104e-04
2.162943e-04
2.173810e-04
2.184703e-04
2.195624e-04
2.206571e-04
2.217545e-04
2.228547e-04
2.239575e-04
2.250630e-04
2.261712e-04
2.272821e-04
2.283957e-04
2.295120e-04
2.306310e-04
2.317527e-04
2.328771e-04
2.340042e-04
2.351340e-04
2.362664e-04
2.374016e-04
2.385395e-04
2.396800e-04
2.408233e-04
2.419692e-04
2.431179e-04
2.442692e-04
2.454232e-04
2.465799e-04
2.477394e-04
2.489015e-04
2.500663e-04
2.512338e-04
2.524040e-04
2.535769e-04
2.547525e-04
2.559308e-04
2.571118e-04
2.582954e-04
2.594818e-04
2.606709e-04
2.618626e-04
2.630571e-04
2.642543e-04
2.654541e-04
2.666566e-04
2.678619e-04
2.690698e-04
2.702804e-04
2.714938e-04
2.727098e-04
2.739285e-04
2.751499e-04
2.763740e-04
2.776008e-04
2.788303e-04
2.800625e-04
2.812974e-04
2.825349e-04
2.837752e-04
2.850182e-04
2.862638e-04
2.875122e-04
2.887633e-04
2.900170e-04
2.912735e-04
2.925326e-04
2.937944e-04
2.950590e-04
2.963262e-04
2.975961e-04
2.988687e-04
3.001440e-04
3.014220e-04
3.027027e-04
3.039861e-04
3.052722e-04
3.065610e-04
3.078525e-04
3.091467e-04
3.104435e-04
3.117431e-04
3.130453e-04
3.143503e-04
3.156580e-04
3.169683e-04
3.182813e-04
3.195971e-04
3.209155e-04
3.222366e-04
3.235605e-04
3.248870e-04
3.262162e-04
3.275481e-04
3.288827e-04
3.302200e-04
3.315600e-04
3.329027e-04
3.342480e-04
3.355961e-04
3.369469e-04
3.383004e-04
3.396565e-04
3.410154e-04
3.423769e-04
3.437412e-04
3.451081e-04
3.464778e-04
3.478501e-04
3.492251e-04
3.506028e-04
3.519833e-04
3.533664e-04
3.547522e-04
3.561407e-04
3.575319e-04
3.589258e-04
3.603224e-04
3.617216e-04
3.631236e-04
3.645283e-04
3.659357e-04
3.673457e-04
3.687585e-04
3.701739e-04
3.715921e-04
3.730129e-04
3.744365e-04
3.758627e-04
3.772916e-04
3.787232e-04
3.801576e-04
3.815946e-04
3.830343e-04
3.844767e-04
3.859218e-04
3.873696e-04
3.888201e-04
3.902733e-04
3.917291e-04
3.931877e-04
3.946490e-04
3.961129e-04
3.975796e-04
3.990490e-04
4.005210e-04
4.019958e-04
4.034732e-04
4.049533e-04
4.064362e-04
4.079217e-04
4.094099e-04
4.109008e-04
4.123944e-04
4.138907e-04
4.153897e-04
4.168914e-04
4.183958e-04
4.199029e-04
4.214127e-04
4.229252e-04
4.244403e-04
4.259582e-04
4.274788e-04
4.290020e-04
4.305280e-04
4.320566e-04
4.335880e-04
4.351220e-04
4.366587e-04
4.381982e-04
4.397403e-04
4.412851e-04
4.428326e-04
4.443828e-04
4.459357e-04
4.474913e-04
4.490496e-04
4.506106e-04
4.521743e-04
4.537407e-04
4.553097e-04
4.568815e-04
4.584560e-04
4.600331e-04
4.616130e-04
4.631955e-04
4.647808e-04
4.663687e-04
4.679593e-04
4.695527e-04
4.711487e-04
4.727474e-04
4.743488e-04
4.759529e-04
4.775597e-04
4.791692e-04
4.807814e-04
4.823963e-04
4.840139e-04
4.856342e-04
4.872571e-04
4.888828e-04
4.905112e-04
4.921422e-04
4.937760e-04
4.954124e-04
4.970516e-04
4.986934e-04
5.003380e-04
5.019852e-04
5.036351e-04
5.052877e-04
5.069431e-04
5.086011e-04
5.102618e-04
5.119252e-04
5.135913e-04
5.152601e-04
5.169315e-04
5.186057e-04
5.202826e-04
5.219622e-04
5.236444e-04
5.253294e-04
5.270170e-04
5.287074e-04
5.304004e-04
5.320962e-04
5.337946e-04
5.354958e-04
5.371996e-04
5.389061e-04
5.406153e-04
5.423272e-04
5.440418e-04
5.457591e-04
5.474791e-04
5.492018e-04
5.509272e-04
5.526553e-04
5.543861e-04
5.561195e-04
5.578557e-04
5.595946e-04
5.613361e-04
5.630804e-04
5.648273e-04
5.665770e-04
5.683293e-04
5.700843e-04
5.718421e-04
5.736025e-04
5.753656e-04
5.771314e-04
5.788999e-04
5.806711e-04
5.824450e-04
5.842216e-04
5.860009e-04
5.877829e-04
5.895676e-04
5.913550e-04
5.931450e-04
5.949378e-04
5.967332e-04
5.985314e-04
6.003322e-04
6.021358e-04
6.039420e-04
6.057510e-04
6.075626e-04
6.093769e-04
6.111939e-04
6.130137e-04
6.148361e-04
6.166612e-04
6.184890e-04
6.203195e-04
6.221527e-04
6.239885e-04
6.258271e-04
6.276684e-04
6.295124e-04
6.313590e-04
6.332084e-04
6.350604e-04
6.369152e-04
6.387726e-04
6.406328e-04
6.424956e-04
6.443611e-04
6.462294e-04
6.481003e-04
6.499739e-04
6.518502e-04
6.537292e-04
6.556109e-04
6.574953e-04
6.593824e-04
6.612722e-04
6.631647e-04
6.650599e-04
6.669577e-04
6.688583e-04
6.707616e-04
6.726675e-04
6.745762e-04
6.764875e-04
6.784016e-04
6.803183e-04
6.822377e-04
6.841599e-04
6.860847e-04
6.880122e-04
6.899424e-04
6.918753e-04
6.938109e-04
6.957492e-04
6.976902e-04
6.996339e-04
7.015803e-04
7.035294e-04
7.054811e-04
7.074356e-04
7.093928e-04
7.113526e-04
7.133152e-04
7.152804e-04
7.172484e-04
7.192190e-04
7.211923e-04
7.231684e-04
7.251471e-04
7.271285e-04
7.291126e-04
7.310994e-04
7.330889e-04
7.350811e-04
7.370760e-04
7.390736e-04
7.410739e-04
7.430769e-04
7.450826e-04
7.470909e-04
7.491020e-04
7.511158e-04
7.531322e-04
7.551514e-04
7.571732e-04
7.591978e-04
7.612250e-04
7.632549e-04
7.652875e-04
7.673229e-04
7.693609e-04
7.714016e-04
7.734450e-04
7.754911e-04
7.775399e-04
7.795914e-04
7.816456e-04
7.837025e-04
7.857620e-04
7.878243e-04
7.898893e-04
7.919569e-04
7.940273e-04
7.961003e-04
7.981761e-04
8.002545e-04
8.023357e-04
8.044195e-04
8.065060e-04
8.085952e-04
8.106872e-04
8.127818e-04
8.148791e-04
8.169791e-04
8.190818e-04
8.211872e-04
8.232953e-04
8.254060e-04
8.275195e-04
8.296357e-04
8.317546e-04
8.338761e-04
8.360004e-04
8.381273e-04
8.402570e-04
8.423893e-04
8.445244e-04
8.466621e-04
8.488025e-04
8.509456e-04
8.530915e-04
8.552400e-04
8.573912e-04
8.595451e-04
8.617017e-04
8.638610e-04
8.660230e-04
8.681877e-04
8.703550e-04
8.725251e-04
8.746979e-04
8.768733e-04
8.790515e-04
8.812324e-04
8.834159e-04
8.856022e-04
8.877911e-04
8.899827e-04
8.921771e-04
8.943741e-04
8.965738e-04
8.987762e-04
9.009813e-04
9.031891e-04
9.053996e-04
9.076128e-04
9.098287e-04
9.120473e-04
9.142686e-04
9.164926e-04
9.187192e-04
9.209486e-04
9.231807e-04
9.254154e-04
9.276529e-04
9.298930e-04
9.321359e-04
9.343814e-04
9.366296e-04
9.388806e-04
9.411342e-04
9.433905e-04
9.456495e-04
9.479112e-04
9.501756e-04
9.524427e-04
9.547125e-04
9.569850e-04
9.592602e-04
9.615380e-04
9.638186e-04
9.661019e-04
9.683878e-04
9.706765e-04
9.729679e-04
9.752619e-04
9.775587e-04
9.798581e-04
9.821602e-04
9.844650e-04
9.867726e-04
9.890828e-04
9.913957e-04
9.937113e-04
9.960296e-04
9.983506e-04
1.000674e-03
1.003001e-03
1.005330e-03
1.007662e-03
1.009996e-03
1.012333e-03
1.014673e-03
1.017016e-03
1.019361e-03
1.021709e-03
1.024059e-03
1.026413e-03
1.028769e-03
1.031128e-03
1.033489e-03
1.035853e-03
1.038220e-03
1.040589e-03
1.042962e-03
1.045337e-03
1.047714e-03
1.050094e-03
1.052477e-03
1.054863e-03
1.057251e-03
1.059643e-03
1.062036e-03
1.064433e-03
1.066832e-03
1.069234e-03
1.071638e-03
1.074046e-03
1.076456e-03
1.078868e-03
1.081283e-03
1.083701e-03
1.086122e-03
1.088546e-03
1.090972e-03
1.093401e-03
1.095832e-03
1.098266e-03
1.100703e-03
1.103143e-03
1.105585e-03
1.108030e-03
1.110478e-03
1.112928e-03
1.115381e-03
1.117837e-03
1.120295e-03
1.122756e-03
1.125220e-03
1.127687e-03
1.130156e-03
1.132628e-03
1.135102e-03
1.137580e-03
1.140060e-03
1.142543e-03
1.145028e-03
1.147516e-03
1.150007e-03
1.152500e-03
1.154996e-03
1.157495e-03
1.159997e-03
1.162501e-03
1.165008e-03
1.167518e-03
1.170030e-03
1.172545e-03
1.175063e-03
1.177583e-03
1.180106e-03
1.182632e-03
1.185161e-03
1.187692e-03
1.190226e-03
1.192763e-03
1.195302e-03
1.197844e-03
1.200389e-03
1.202936e-03
1.205486e-03
1.208039e-03
1.210594e-03
1.213152e-03
1.215713e-03
1.218277e-03
1.220843e-03
1.223412e-03
1.225984e-03
1.228558e-03
1.231135e-03
1.233715e-03
1.236297e-03
1.238882e-03
1.241470e-03
1.244061e-03
1.246654e-03
1.249250e-03
1.251848e-03
1.254450e-03
1.257054e-03
1.259660e-03
1.262270e-03
1.264882e-03
1.267496e-03
1.270114e-03
1.272734e-03
1.275357e-03
1.277982e-03
1.280611e-03
1.283242e-03
1.285875e-03
1.288512e-03
1.291151e-03
1.293792e-03
1.296437e-03
1.299084e-03
1.301734e-03
1.304386e-03
1.307041e-03
1.309699e-03
1.312360e-03
1.315023e-03
1.317689e-03
1.320358e-03
1.323029e-03
1.325703e-03
1.328380e-03
1.331059e-03
1.333741e-03
1.336426e-03
1.339114e-03
1.341804e-03
1.344497e-03
1.347192e-03
1.349891e-03
1.352592e-03
1.355295e-03
1.358002e-03
1.360711e-03
1.363423e-03
1.366137e-03
1.368854e-03
1.371574e-03
1.374297e-03
1.377022e-03
1.379750e-03
1.382481e-03
1.385214e-03
1.387950e-03
1.390689e-03
1.393430e-03
1.396174e-03
1.398921e-03
1.401671e-03
1.404423e-03
1.407178e-03
1.409935e-03
1.412696e-03
1.415459e-03
1.418224e-03
1.420993e-03
1.423764e-03
1.426538e-03
1.429314e-03
1.432093e-03
1.434875e-03
1.437660e-03
1.440447e-03
1.443237e-03
1.446030e-03
1.448825e-03
1.451623e-03
1.454424e-03
1.457227e-03
1.460033e-03
1.462842e-03
1.465653e-03
1.468468e-03
1.471285e-03
1.474104e-03
1.476926e-03
1.479751e-03
1.482579e-03
1.485409e-03
1.488242e-03
1.491078e-03
1.493917e-03
1.496758e-03
1.499602e-03
1.502448e-03
1.505297e-03
1.508149e-03
1.511004e-03
1.513861e-03
1.516721e-03
1.519584e-03
1.522449e-03
1.525318e-03
1.528188e-03
1.531062e-03
1.533938e-03
1.536817e-03
1.539698e-03
1.542583e-03
1.545470e-03
1.548359e-03
1.551252e-03
1.554147e-03
1.557044e-03
1.559945e-03
1.562848e-03
1.565754e-03
1.568662e-03
1.571574e-03
1.574488e-03
1.577404e-03
1.580323e-03
1.583245e-03
1.586170e-03
1.589098e-03
1.592028e-03
1.594960e-03
1.597896e-03
1.600834e-03
1.603775e-03
1.606718e-03
1.609665e-03
1.612614e-03
1.615565e-03
1.618520e-03
1.621477e-03
1.624436e-03
1.627399e-03
1.630364e-03
1.633332e-03
1.636302e-03
1.639276e-03
1.642251e-03
1.645230e-03
1.648211e-03
1.651195e-03
1.654182e-03
1.657171e-03
1.660163e-03
1.663158e-03
1.666156e-03
1.669156e-03
1.672159e-03
1.675164e-03
1.678172e-03
1.681183e-03
1.684197e-03
1.687213e-03
1.690232e-03
1.693254e-03
1.696279e-03
1.699306e-03
1.702335e-03
1.705368e-03
1.708403e-03
1.711441e-03
1.714482e-03
1.717525e-03
1.720571e-03
1.723620e-03
1.726671e-03
1.729725e-03
1.732782e-03
1.735841e-03
1.738903e-03
1.741968e-03
1.745036e-03
1.748106e-03
1.751179e-03
1.754254e-03
1.757333e-03
1.760414e-03
1.763497e-03
1.766584e-03
1.769673e-03
1.772765e-03
1.775859e-03
1.778956e-03
1.782056e-03
1.785159e-03
1.788264e-03
1.791372e-03
1.794483e-03
1.797596e-03
1.800712e-03
1.803831e-03
1.806952e-03
1.810076e-03
1.813203e-03
1.816333e-03
1.819465e-03
1.822600e-03
1.825738e-03
1.828878e-03
1.832021e-03
1.835167e-03
1.838315e-03
1.841466e-03
1.844620e-03
1.847776e-03
1.850935e-03
1.854097e-03
1.857262e-03
1.860429e-03
1.863599e-03
1.866772e-03
1.869947e-03
1.873125e-03
1.876306e-03
1.879489e-03
1.882675e-03
1.885864e-03
1.889056e-03
1.892250e-03
1.895447e-03
1.898646e-03
1.901849e-03
1.905054e-03
1.908261e-03
1.911472e-03
1.914685e-03
1.917900e-03
1.921119e-03
1.924340e-03
1.927564e-03
1.930790e-03
1.934020e-03
1.937252e-03
1.940486e-03
1.943724e-03
1.946964e-03
1.950206e-03
1.953452e-03
1.956700e-03
1.959951e-03
1.963204e-03
1.966460e-03
1.969719e-03
1.972981e-03
1.976245e-03
1.979512e-03
1.982782e-03
1.986054e-03
1.989329e-03
1.992607e-03
1.995887e-03
1.999170e-03
2.002456e-03
2.005745e-03
2.009036e-03
2.012330e-03
2.015627e-03
2.018926e-03
2.022228e-03
2.025533e-03
2.028840e-03
2.032150e-03
2.035463e-03
2.038778e-03
2.042097e-03
2.045417e-03
2.048741e-03
2.052067e-03
2.055396e-03
2.058728e-03
2.062062e-03
2.065399e-03
2.068739e-03
2.072081e-03
2.075427e-03
2.078774e-03
2.082125e-03
2.085478e-03
2.088834e-03
2.092193e-03
2.095554e-03
2.098918e-03
2.102285e-03
2.105654e-03
2.109026e-03
2.112401e-03
2.115778e-03
2.119158e-03
2.122541e-03
2.125927e-03
2.129315e-03
2.132706e-03
2.136100e-03
2.139496e-03
2.142895e-03
2.146297e-03
2.149701e-03
2.153108e-03
2.156518e-03
2.159931e-03
2.163346e-03
2.166764e-03
2.170184e-03
2.173608e-03
2.177034e-03
2.180462e-03
2.183894e-03
2.187328e-03
2.190764e-03
2.194204e-03
2.197646e-03
2.201091e-03
2.204538e-03
2.207989e-03
2.211442e-03
2.214897e-03
2.218356e-03
2.221817e-03
2.225280e-03
2.228747e-03
2.232216e-03
2.235688e-03
2.239162e-03
2.242639e-03
2.246119e-03
2.249602e-03
2.253087e-03
2.256575e-03
2.260066e-03
2.263559e-03
2.267055e-03
2.270554e-03
2.274055e-03
2.277559e-03
2.281066e-03
2.284576e-03
2.288088e-03
2.291603e-03
2.295120e-03
2.298641e-03
2.302164e-03
2.305689e-03
2.309218e-03
2.312749e-03
2.316283e-03
2.319819e-03
2.323358e-03
2.326900e-03
2.330445e-03
2.333992e-03
2.337542e-03
2.341095e-03
2.344650e-03
2.348208e-03
2.351769e-03
2.355332e-03
2.358898e-03
2.362467e-03
2.366039e-03
2.369613e-03
2.373190e-03
2.376769e-03
2.380352e-03
2.383937e-03
2.387524e-03
2.391115e-03
2.394708e-03
2.398304e-03
2.401902e-03
2.405503e-03
2.409107e-03
2.412714e-03
2.416323e-03
2.419935e-03
2.423549e-03
2.427167e-03
2.430787e-03
2.434409e-03
2.438035e-03
2.441663e-03
2.445294e-03
2.448927e-03
2.452563e-03
2.456202e-03
2.459844e-03
2.463488e-03
2.467135e-03
2.470785e-03
2.474437e-03
2.478092e-03
2.481750e-03
2.485410e-03
2.489074e-03
2.492739e-03
2.496408e-03
2.500079e-03
2.503753e-03
2.507430e-03
2.511109e-03
2.514791e-03
2.518476e-03
2.522163e-03
2.525853e-03
2.529546e-03
2.533242e-03
2.536940e-03
2.540641e-03
2.544344e-03
2.548050e-03
2.551759e-03
2.555471e-03
2.559185e-03
2.562903e-03
2.566622e-03
2.570345e-03
2.574070e-03
2.577798e-03
2.581528e-03
2.585261e-03
2.588997e-03
2.592736e-03
2.596477e-03
2.600221e-03
2.603968e-03
2.607717e-03
2.611469e-03
2.615224e-03
2.618982e-03
2.622742e-03
2.626505e-03
2.630270e-03
2.634038e-03
2.637809e-03
2.641583e-03
2.645359e-03
2.649138e-03
2.652920e-03
2.656705e-03
2.660492e-03
2.664282e-03
2.668074e-03
2.671869e-03
2.675667e-03
2.679468e-03
2.683271e-03
2.687077e-03
2.690886e-03
2.694697e-03
2.698511e-03
2.702328e-03
2.706147e-03
2.709970e-03
2.713794e-03
2.717622e-03
2.721452e-03
2.725285e-03
2.729121e-03
2.732959e-03
2.736800e-03
2.740644e-03
2.744490e-03
2.748339e-03
2.752191e-03
2.756046e-03
2.759903e-03
2.763763e-03
2.767625e-03
2.771491e-03
2.775358e-03
2.779229e-03
2.783103e-03
2.786979e-03
2.790857e-03
2.794739e-03
2.798623e-03
2.802510e-03
2.806399e-03
2.810292e-03
2.814186e-03
2.818084e-03
2.821984e-03
2.825887e-03
2.829793e-03
2.833701e-03
2.837613e-03
2.841526e-03
2.845443e-03
2.849362e-03
2.853284e-03
2.857208e-03
2.861136e-03
2.865066e-03
2.868998e-03
2.872934e-03
2.876872e-03
2.880812e-03
2.884756e-03
2.888702e-03
2.892651e-03
2.896602e-03
2.900557e-03
2.904513e-03
2.908473e-03
2.912435e-03
2.916400e-03
2.920368e-03
2.924338e-03
2.928312e-03
2.932287e-03
2.936266e-03
2.940247e-03
2.944231e-03
2.948217e-03
2.952207e-03
2.956199e-03
2.960193e-03
2.964191e-03
2.968191e-03
2.972193e-03
2.976199e-03
2.980207e-03
2.984218e-03
2.988231e-03
2.992247e-03
2.996266e-03
3.000288e-03
3.004312e-03
3.008339e-03
3.012369e-03
3.016401e-03
3.020436e-03
3.024474e-03
3.028514e-03
3.032558e-03
3.036603e-03
3.040652e-03
3.044703e-03
3.048757e-03
3.052814e-03
3.056873e-03
3.060935e-03
3.065000e-03
3.069067e-03
3.073137e-03
3.077210e-03
3.081286e-03
3.085364e-03
3.089445e-03
3.093528e-03
3.097615e-03
3.101704e-03
3.105795e-03
3.109890e-03
3.113987e-03
3.118086e-03
3.122189e-03
3.126294e-03
3.130402e-03
3.134512e-03
3.138625e-03
3.142741e-03
3.146860e-03
3.150981e-03
3.155105e-03
3.159232e-03
3.163361e-03
3.167494e-03
3.171628e-03
3.175766e-03
3.179906e-03
3.184049e-03
3.188194e-03
3.192343e-03
3.195829e-03
3.199302e-03
3.202761e-03
3.206207e-03
3.209639e-03
3.213058e-03
3.216464e-03
3.219856e-03
3.223235e-03
3.226600e-03
3.229952e-03
3.233290e-03
3.236615e-03
3.239927e-03
3.243225e-03
3.246509e-03
3.249780e-03
3.253038e-03
3.256282e-03
3.259513e-03
3.262731e-03
3.265935e-03
3.269125e-03
3.272302e-03
3.275466e-03
3.278616e-03
3.281753e-03
3.284876e-03
3.287986e-03
3.291083e-03
3.294166e-03
3.297235e-03
3.300291e-03
3.303334e-03
3.306363e-03
3.309379e-03
3.312382e-03
3.315371e-03
3.318346e-03
3.321308e-03
3.324257e-03
3.327192e-03
3.330114e-03
3.333022e-03
3.335917e-03
3.338798e-03
3.341666e-03
3.344521e-03
3.347362e-03
3.350190e-03
3.353004e-03
3.355805e-03
3.358592e-03
3.361366e-03
3.364126e-03
3.366873e-03
3.369607e-03
3.372327e-03
3.375034e-03
3.377727e-03
3.380407e-03
3.383073e-03
3.385726e-03
3.388366e-03
3.390992e-03
3.393604e-03
3.396204e-03
3.398789e-03
3.401362e-03
3.403921e-03
3.406466e-03
3.408998e-03
3.411517e-03
3.414022e-03
3.416513e-03
3.418992e-03
3.421456e-03
3.423908e-03
3.426346e-03
3.428770e-03
3.431181e-03
3.433579e-03
3.435963e-03
3.438334e-03
3.440691e-03
3.443035e-03
3.445365e-03
3.447682e-03
3.449986e-03
3.452276e-03
3.454553e-03
3.456816e-03
3.459066e-03
3.461302e-03
3.463525e-03
3.465734e-03
3.467930e-03
3.470113e-03
3.472282e-03
3.474438e-03
3.476580e-03
3.478709e-03
3.480824e-03
3.482926e-03
3.485014e-03
3.487089e-03
3.489151e-03
3.491199e-03
3.493234e-03
3.495255e-03
3.497263e-03
3.499258e-03
3.501239e-03
3.503206e-03
3.505160e-03
3.507101e-03
3.509028e-03
3.510942e-03
3.512842e-03
3.514729e-03
3.516603e-03
3.518463e-03
3.520309e-03
3.522142e-03
3.523962e-03
3.525768e-03
3.527561e-03
3.529340e-03
3.531106e-03
3.532859e-03
3.534598e-03
3.536324e-03
3.538036e-03
3.539735e-03
3.541420e-03
3.543092e-03
3.544750e-03
3.546395e-03
3.548027e-03
3.549645e-03
3.551249e-03
3.552841e-03
3.554418e-03
3.555983e-03
3.557534e-03
3.559071e-03
3.560595e-03
3.562106e-03
3.563603e-03
3.565087e-03
3.566557e-03
3.568014e-03
3.569457e-03
3.570887e-03
3.572304e-03
3.573707e-03
3.575096e-03
3.576473e-03
3.577835e-03
3.579185e-03
3.580521e-03
3.581843e-03
3.583152e-03
3.584448e-03
3.585730e-03
3.586998e-03
3.588254e-03
3.589495e-03
3.590724e-03
3.591939e-03
3.593140e-03
3.594328e-03
3.595503e-03
3.596664e-03
3.597812e-03
3.598946e-03
3.600067e-03
3.601174e-03
3.602268e-03
3.603349e-03
3.604416e-03
3.605469e-03
3.606510e-03
3.607536e-03
3.608550e-03
3.609550e-03
3.610536e-03
3.611509e-03
3.612469e-03
3.613415e-03
3.614347e-03
3.615267e-03
3.616173e-03
3.617065e-03
3.617944e-03
3.618809e-03
3.619661e-03
3.620500e-03
3.621325e-03
3.622137e-03
3.622935e-03
3.623720e-03
3.624491e-03
3.625249e-03
3.625994e-03
3.626725e-03
3.627443e-03
3.628147e-03
3.628838e-03
3.629515e-03
3.630179e-03
3.630829e-03
3.631466e-03
3.632090e-03
3.632700e-03
3.633297e-03
3.633880e-03
3.634450e-03
3.635006e-03
3.635549e-03
3.636079e-03
3.636595e-03
3.637097e-03
3.637587e-03
3.638062e-03
3.638525e-03
3.638974e-03
3.639409e-03
3.639831e-03
3.640240e-03
3.640635e-03
3.641016e-03
3.641385e-03
3.641739e-03
3.642081e-03
3.642409e-03
3.642723e-03
3.643024e-03
3.643312e-03
3.643586e-03
3.643847e-03
3.644094e-03
3.644328e-03
3.644548e-03
3.644755e-03
3.644949e-03
3.645129e-03
3.645295e-03
3.645448e-03
3.645588e-03
3.645715e-03
3.645827e-03
3.645927e-03
3.646013e-03
3.646085e-03
3.646145e-03
3.646190e-03
3.646222e-03
3.646241e-03
3.646247e-03
3.646239e-03
3.646217e-03
3.646182e-03
3.646134e-03
3.646072e-03
3.645997e-03
3.645908e-03
3.645806e-03
3.645690e-03
3.645561e-03
3.645419e-03
3.645263e-03
3.645093e-03
3.644911e-03
3.644714e-03
3.644505e-03
3.644281e-03
3.644045e-03
3.643795e-03
3.643532e-03
3.643255e-03
3.642964e-03
3.642661e-03
3.642343e-03
3.642013e-03
3.641669e-03
3.641311e-03
3.640940e-03
3.640556e-03
3.640158e-03
3.639747e-03
3.639322e-03
3.638884e-03
3.638432e-03
3.637967e-03
3.637489e-03
3.636997e-03
3.636492e-03
3.635973e-03
3.635441e-03
3.635117e-03
3.635117e-03
3.635117e-03
3.635117e-03
3.635117e-03
3.635117e-03
3.635117e-03
3.635117e-03
3.635117e-03
3.635117e-03
3.635117e-03
3.635117e-03
3.635117e-03
3.635117e-03
3.635117e-03
3.635117e-03
3.635117e-03
3.635117e-03
3.635117e-03
3.635117e-03
3.635117e-03
3.635117e-03
3.635117e-03
3.635117e-03
3.635117e-03
3.635117e-03
3.635117e-03
3.635117e-03
3.635117e-03
3.635117e-03
3.635117e-03
3.635117e-03
3.635117e-03
3.635117e-03
3.635117e-03
3.635117e-03
3.635117e-03
3.635117e-03
3.635117e-03
3.635117e-03
3.635117e-03
3.635117e-03
3.635117e-03
3.635117e-03
3.635117e-03
3.635117e-03
3.635117e-03
3.635117e-03
3.635117e-03
3.635117e-03
3.635117e-03
3.635117e-03
3.635117e-03
3.635117e-03
3.635117e-03
3.635117e-03
3.635117e-03
3.635117e-03
3.635117e-03
3.635117e-03
3.635117e-03
3.635117e-03
3.635117e-03
3.635117e-03
3.635117e-03
3.635117e-03
3.635117e-03
3.635117e-03
3.635117e-03
3.635117e-03
3.635117e-03
3.635117e-03
3.635117e-03
3.635117e-03
3.635117e-03
3.635117e-03
3.635117e-03
3.635117e-03
3.635117e-03
3.635117e-03
3.635117e-03
3.635117e-03
3.635117e-03
3.635117e-03
3.635117e-03
3.635117e-03
3.635117e-03
3.635117e-03
3.635117e-03
3.635117e-03
3.635117e-03
3.635117e-03
3.635117e-03
3.635117e-03
3.635117e-03
3.635117e-03
3.635117e-03
3.635117e-03
3.635117e-03
3.635117e-03
3.635117e-03
3.635117e-03
3.635117e-03
3.635117e-03
3.635117e-03
3.635117e-03
3.635117e-03
3.635117e-03
3.635117e-03
3.635117e-03
3.635117e-03
3.635117e-03
3.635117e-03
3.635117e-03
3.635117e-03
3.635117e-03
3.635117e-03
3.635117e-03
3.635117e-03
3.635117e-03
3.635117e-03
3.635117e-03
3.635117e-03
3.635117e-03
3.635117e-03
3.635117e-03
3.635117e-03
3.635117e-03
3.635117e-03
3.635117e-03
3.635117e-03
3.635117e-03
3.635117e-03
3.635117e-03
3.635117e-03
3.635117e-03
3.635117e-03
3.635117e-03
3.635117e-03
3.635117e-03
3.635117e-03
3.635117e-03
3.635117e-03
3.635117e-03
3.635117e-03
3.635117e-03
3.635117e-03
3.635117e-03
3.635117e-03
3.635117e-03
3.635117e-03
3.635117e-03
3.635117e-03
3.635117e-03
3.635117e-03
3.635117e-03
3.635117e-03
3.635117e-03
3.635117e-03
3.635117e-03
3.635117e-03
3.635117e-03
3.635117e-03
3.635117e-03
3.635117e-03
3.635117e-03
3.635117e-03
3.635117e-03
3.635117e-03
3.635117e-03
3.635117e-03
3.635117e-03
3.635117e-03
3.635117e-03
3.635117e-03
3.635117e-03
3.635117e-03
3.635117e-03
3.635117e-03
3.635117e-03
3.635117e-03
3.635117e-03
3.635117e-03
3.635117e-03
3.635117e-03
3.635117e-03
3.635117e-03
3.635117e-03
3.635117e-03
3.635117e-03
3.635117e-03
3.635117e-03
3.635117e-03
3.635117e-03
3.635117e-03
3.635117e-03
3.635117e-03
3.635117e-03
3.635117e-03
3.635117e-03
3.635117e-03
