0.000000e+00
1.110371e-07
2.244417e-07
3.402138e-07
4.583535e-07
5.788607e-07
7.017354e-07
8.269777e-07
9.545875e-07
1.084565e-06
1.216910e-06
1.351622e-06
1.488702e-06
1.628149e-06
1.769964e-06
1.914147e-06
2.060697e-06
2.209614e-06
2.360899e-06
2.514552e-06
2.670572e-06
2.828960e-06
2.989715e-06
3.152838e-06
3.318328e-06
3.486186e-06
3.656411e-06
3.829004e-06
4.003964e-06
4.181292e-06
4.360987e-06
4.543050e-06
4.727481e-06
4.914279e-06
5.103444e-06
5.294977e-06
5.488878e-06
5.685146e-06
5.883782e-06
6.084785e-06
6.288156e-06
6.493894e-06
6.702000e-06
6.912473e-06
7.125314e-06
7.340522e-06
7.558098e-06
7.778041e-06
8.000352e-06
8.225031e-06
8.452077e-06
8.681490e-06
8.913271e-06
9.147420e-06
9.383936e-06
9.622820e-06
9.864071e-06
1.010769e-05
1.035368e-05
1.060203e-05
1.085275e-05
1.110584e-05
1.136130e-05
1.161912e-05
1.187931e-05
1.214187e-05
1.240680e-05
1.267409e-05
1.294375e-05
1.321578e-05
1.349018e-05
1.376694e-05
1.404607e-05
1.432757e-05
1.461144e-05
1.489767e-05
1.518627e-05
1.547724e-05
1.577058e-05
1.606629e-05
1.636436e-05
1.666480e-05
1.696760e-05
1.727278e-05
1.758032e-05
1.789023e-05
1.820251e-05
1.851715e-05
1.883416e-05
1.915354e-05
1.947529e-05
1.979940e-05
2.012589e-05
2.045474e-05
2.078595e-05
2.111954e-05
2.145549e-05
2.179381e-05
2.213450e-05
2.247755e-05
2.282297e-05
2.317076e-05
2.352092e-05
2.387345e-05
2.422834e-05
2.458560e-05
2.494523e-05
2.530722e-05
2.567158e-05
2.603832e-05
2.640741e-05
2.677888e-05
2.715271e-05
2.752891e-05
2.790748e-05
2.828841e-05
2.867172e-05
2.905739e-05
2.944543e-05
2.983583e-05
3.022860e-05
3.062374e-05
3.102125e-05
3.142113e-05
3.182337e-05
3.222798e-05
3.263496e-05
3.304431e-05
3.345602e-05
3.387010e-05
3.428655e-05
3.470536e-05
3.512655e-05
3.555010e-05
3.597602e-05
3.640430e-05
3.683496e-05
3.726798e-05
3.770336e-05
3.814112e-05
3.858124e-05
3.902374e-05
3.946859e-05
3.991582e-05
4.036541e-05
4.081738e-05
4.127170e-05
4.172840e-05
4.218746e-05
4.264890e-05
4.311269e-05
4.357886e-05
4.404739e-05
4.451830e-05
4.499156e-05
4.546720e-05
4.594520e-05
4.642558e-05
4.690832e-05
4.739342e-05
4.788090e-05
4.837074e-05
4.886295e-05
4.935752e-05
4.985447e-05
5.035378e-05
5.085546e-05
5.135951e-05
5.186592e-05
5.237470e-05
5.288585e-05
5.339937e-05
5.391525e-05
5.443350e-05
5.495412e-05
5.547711e-05
5.600247e-05
5.653019e-05
5.706028e-05
5.759273e-05
5.812756e-05
5.866475e-05
5.920431e-05
5.974624e-05
6.029053e-05
6.083720e-05
6.138623e-05
6.193762e-05
6.249139e-05
6.304752e-05
6.360602e-05
6.416689e-05
6.473012e-05
6.529573e-05
6.586370e-05
6.643403e-05
6.700674e-05
6.758181e-05
6.815925e-05
6.873906e-05
6.932123e-05
6.990578e-05
7.049269e-05
7.108197e-05
7.167361e-05
7.226762e-05
7.286400e-05
7.346275e-05
7.406387e-05
7.466735e-05
7.527320e-05
7.588142e-05
7.649200e-05
7.710496e-05
7.772028e-05
7.833797e-05
7.895802e-05
7.958045e-05
8.020524e-05
8.083239e-05
8.146192e-05
8.209381e-05
8.272807e-05
8.336470e-05
8.400370e-05
8.464506e-05
8.528879e-05
8.593489e-05
8.658336e-05
8.723419e-05
8.788739e-05
8.854296e-05
8.920090e-05
8.986120e-05
9.052387e-05
9.118891e-05
9.185632e-05
9.252609e-05
9.319823e-05
9.387274e-05
9.454962e-05
9.522886e-05
9.591047e-05
9.659445e-05
9.728080e-05
9.796951e-05
9.866059e-05
9.935404e-05
1.000499e-04
1.007480e-04
1.014486e-04
1.021515e-04
1.028568e-04
1.035645e-04
1.042745e-04
1.049869e-04
1.057016e-04
1.064187e-04
1.071382e-04
1.078601e-04
1.085843e-04
1.093109e-04
1.100399e-04
1.107712e-04
1.115049e-04
1.122410e-04
1.129794e-04
1.137202e-04
1.144634e-04
1.152089e-04
1.159568e-04
1.167071e-04
1.174597e-04
1.182147e-04
1.189721e-04
1.197318e-04
1.204939e-04
1.212584e-04
1.220253e-04
1.227945e-04
1.235660e-04
1.243400e-04
1.251163e-04
1.258950e-04
1.266760e-04
1.274594e-04
1.282452e-04
1.290334e-04
1.298239e-04
1.306168e-04
1.314120e-04
1.322097e-04
1.330096e-04
1.338120e-04
1.346167e-04
1.354238e-04
1.362333e-04
1.370451e-04
1.378593e-04
1.386759e-04
1.394948e-04
1.403161e-04
1.411397e-04
1.419658e-04
1.427942e-04
1.436249e-04
1.444581e-04
1.452936e-04
1.461314e-04
1.469717e-04
1.478143e-04
1.486592e-04
1.495066e-04
1.503563e-04
1.512084e-04
1.520628e-04
1.529196e-04
1.537788e-04
1.546403e-04
1.555042e-04
1.563705e-04
1.572392e-04
1.581102e-04
1.589836e-04
1.598593e-04
1.607374e-04
1.616179e-04
1.625008e-04
1.633860e-04
1.642736e-04
1.651635e-04
1.660558e-04
1.669505e-04
1.678476e-04
1.687470e-04
1.696488e-04
1.705530e-04
1.714595e-04
1.723684e-04
1.732796e-04
1.741933e-04
1.751093e-04
1.760276e-04
1.769484e-04
1.778715e-04
1.787969e-04
1.797248e-04
1.806550e-04
1.815875e-04
1.825225e-04
1.834598e-04
1.843995e-04
1.853415e-04
1.862859e-04
1.872327e-04
1.881818e-04
1.891333e-04
1.900872e-04
1.910435e-04
1.920021e-04
1.929630e-04
1.939264e-04
1.948921e-04
1.958602e-04
1.968306e-04
1.978035e-04
1.987786e-04
1.997562e-04
2.007361e-04
2.017184e-04
2.027031e-04
2.036901e-04
2.046795e-04
2.056712e-04
2.066654e-04
2.076618e-04
2.086607e-04
2.096619e-04
2.106655e-04
2.116715e-04
2.126798e-04
2.136905e-04
2.147036e-04
2.157190e-04
2.167368e-04
2.177570e-04
2.187795e-04
2.198044e-04
2.208317e-04
2.218613e-04
2.228933e-04
2.239277e-04
2.249645e-04
2.260036e-04
2.270450e-04
2.280889e-04
2.291351e-04
2.301837e-04
2.312346e-04
2.322879e-04
2.333436e-04
2.344017e-04
2.354621e-04
2.365249e-04
2.375900e-04
2.386575e-04
2.397274e-04
2.407997e-04
2.418743e-04
2.429513e-04
2.440306e-04
2.451124e-04
2.461964e-04
2.472829e-04
2.483717e-04
2.494629e-04
2.505565e-04
2.516524e-04
2.527507e-04
2.538514e-04
2.549544e-04
2.560598e-04
2.571676e-04
2.582777e-04
2.593902e-04
2.605051e-04
2.616223e-04
2.627419e-04
2.638639e-04
2.649882e-04
2.661149e-04
2.672440e-04
2.683755e-04
2.695093e-04
2.706454e-04
2.717840e-04
2.729249e-04
2.740682e-04
2.752138e-04
2.763618e-04
2.775122e-04
2.786650e-04
2.798201e-04
2.809776e-04
2.821374e-04
2.832996e-04
2.844642e-04
2.856312e-04
2.868005e-04
2.879722e-04
2.891463e-04
2.903227e-04
2.915015e-04
2.926826e-04
2.938662e-04
2.950521e-04
2.962403e-04
2.974309e-04
2.986239e-04
2.998193e-04
3.010170e-04
3.022171e-04
3.034196e-04
3.046244e-04
3.058316e-04
3.070412e-04
3.082532e-04
3.094675e-04
3.106841e-04
3.119032e-04
3.131246e-04
3.143484e-04
3.155745e-04
3.168030e-04
3.180339e-04
3.192671e-04
3.205027e-04
3.217407e-04
3.229811e-04
3.242238e-04
3.254689e-04
3.267163e-04
3.279661e-04
3.292183e-04
3.304729e-04
3.317298e-04
3.329891e-04
3.342508e-04
3.355148e-04
3.367812e-04
3.380499e-04
3.393210e-04
3.405945e-04
3.418704e-04
3.431486e-04
3.444292e-04
3.457122e-04
3.469975e-04
3.482852e-04
3.495753e-04
3.508677e-04
3.521625e-04
3.534597e-04
3.547592e-04
3.560611e-04
3.573654e-04
3.586720e-04
3.599811e-04
3.612924e-04
3.626062e-04
3.639223e-04
3.652408e-04
3.665616e-04
3.678848e-04
3.692104e-04
3.705383e-04
3.718686e-04
3.732013e-04
3.745364e-04
3.758738e-04
3.772136e-04
3.785557e-04
3.799003e-04
3.812471e-04
3.825964e-04
3.839480e-04
3.853020e-04
3.866584e-04
3.880171e-04
3.893782e-04
3.907416e-04
3.921075e-04
3.934757e-04
3.948462e-04
3.962192e-04
3.975944e-04
3.989721e-04
4.003521e-04
4.017345e-04
4.031193e-04
4.045064e-04
4.058960e-04
4.072878e-04
4.086821e-04
4.100787e-04
4.114776e-04
4.128790e-04
4.142827e-04
4.156888e-04
4.170972e-04
4.185080e-04
4.199212e-04
4.213367e-04
4.227546e-04
4.241749e-04
4.255976e-04
4.270226e-04
4.284500e-04
4.298797e-04
4.313118e-04
4.327463e-04
4.341832e-04
4.356224e-04
4.370640e-04
4.385079e-04
4.399543e-04
4.414030e-04
4.428540e-04
4.443074e-04
4.457632e-04
4.472214e-04
4.486819e-04
4.501448e-04
4.516101e-04
4.530777e-04
4.545477e-04
4.560201e-04
4.574948e-04
4.589719e-04
4.604514e-04
4.619332e-04
4.634174e-04
4.649040e-04
4.663929e-04
4.678842e-04
4.693779e-04
4.708740e-04
4.723724e-04
4.738731e-04
4.753763e-04
4.768818e-04
4.783897e-04
4.798999e-04
4.814125e-04
4.829275e-04
4.844449e-04
4.859646e-04
4.874867e-04
4.890111e-04
4.905379e-04
4.920671e-04
4.935987e-04
4.951326e-04
4.966689e-04
4.982075e-04
4.997486e-04
5.012920e-04
5.028377e-04
5.043858e-04
5.059363e-04
5.074892e-04
5.090444e-04
5.106020e-04
5.121620e-04
5.137243e-04
5.152890e-04
5.168561e-04
5.184255e-04
5.199973e-04
5.215715e-04
5.231480e-04
5.247269e-04
5.263082e-04
5.278919e-04
5.294779e-04
5.310662e-04
5.326570e-04
5.342501e-04
5.358456e-04
5.374434e-04
5.390436e-04
5.406462e-04
5.422512e-04
5.438585e-04
5.454681e-04
5.470802e-04
5.486946e-04
5.503114e-04
5.519306e-04
5.535521e-04
5.551760e-04
5.568022e-04
5.584308e-04
5.600618e-04
5.616952e-04
5.633309e-04
5.649690e-04
5.666095e-04
5.682523e-04
5.698975e-04
5.715451e-04
5.731950e-04
5.748473e-04
5.765019e-04
5.781590e-04
5.798184e-04
5.814802e-04
5.831443e-04
5.848108e-04
5.864797e-04
5.881509e-04
5.898245e-04
5.915005e-04
5.931788e-04
5.948595e-04
5.965426e-04
5.982280e-04
5.999159e-04
6.016060e-04
6.032986e-04
6.049935e-04
6.066908e-04
6.083904e-04
6.100924e-04
6.117968e-04
6.135036e-04
6.152127e-04
6.169242e-04
6.186380e-04
6.203543e-04
6.220728e-04
6.237938e-04
6.255171e-04
6.272428e-04
6.289709e-04
6.307013e-04
6.324341e-04
6.341693e-04
6.359068e-04
6.376467e-04
6.393890e-04
6.411336e-04
6.428806e-04
6.446299e-04
6.463817e-04
6.481358e-04
6.498923e-04
6.516511e-04
6.534123e-04
6.551759e-04
6.569418e-04
6.587101e-04
6.604808e-04
6.622538e-04
6.640292e-04
6.658070e-04
6.675872e-04
6.693697e-04
6.711546e-04
6.729418e-04
6.747314e-04
6.765234e-04
6.783177e-04
6.801145e-04
6.819136e-04
6.837150e-04
6.855188e-04
6.873250e-04
6.891336e-04
6.909445e-04
6.927578e-04
6.945734e-04
6.963915e-04
6.982119e-04
7.000346e-04
7.018597e-04
7.036872e-04
7.055171e-04
7.073493e-04
7.091839e-04
7.110209e-04
7.128602e-04
7.147019e-04
7.165460e-04
7.183924e-04
7.202412e-04
7.220924e-04
7.239459e-04
7.258018e-04
7.276601e-04
7.295208e-04
7.313838e-04
7.332491e-04
7.351169e-04
7.369870e-04
7.388595e-04
7.407343e-04
7.426115e-04
7.444911e-04
7.463731e-04
7.482574e-04
7.501441e-04
7.520331e-04
7.539245e-04
7.558183e-04
7.577145e-04
7.596130e-04
7.615139e-04
7.634171e-04
7.653228e-04
7.672308e-04
7.691411e-04
7.710538e-04
7.729689e-04
7.748864e-04
7.768062e-04
7.787284e-04
7.806530e-04
7.825799e-04
7.845092e-04
7.864409e-04
7.883749e-04
7.903113e-04
7.922501e-04
7.941912e-04
7.961347e-04
7.980806e-04
8.000288e-04
8.019794e-04
8.039324e-04
8.058878e-04
8.078455e-04
8.098055e-04
8.117680e-04
8.137328e-04
8.157000e-04
8.176695e-04
8.196414e-04
8.216157e-04
8.235924e-04
8.255714e-04
8.275528e-04
8.295365e-04
8.315226e-04
8.335111e-04
8.355020e-04
8.374952e-04
8.394908e-04
8.414888e-04
8.434891e-04
8.454918e-04
8.474968e-04
8.495043e-04
8.515141e-04
8.535262e-04
8.555408e-04
8.575576e-04
8.595769e-04
8.615985e-04
8.636225e-04
8.656489e-04
8.676776e-04
8.697088e-04
8.717422e-04
8.737781e-04
8.758163e-04
8.778568e-04
8.798998e-04
8.819451e-04
8.839928e-04
8.860428e-04
8.880952e-04
8.901500e-04
8.922071e-04
8.942667e-04
8.963285e-04
8.983928e-04
9.004594e-04
9.025284e-04
9.045997e-04
9.066734e-04
9.087495e-04
9.108280e-04
9.129088e-04
9.149920e-04
9.170776e-04
9.191655e-04
9.212558e-04
9.233484e-04
9.254434e-04
9.275408e-04
9.296406e-04
9.317427e-04
9.338472e-04
9.359541e-04
9.380633e-04
9.401749e-04
9.422889e-04
9.444052e-04
9.465239e-04
9.486450e-04
9.507684e-04
9.528942e-04
9.550224e-04
9.571529e-04
9.592858e-04
9.614211e-04
9.635588e-04
9.656988e-04
9.678412e-04
9.699859e-04
9.721330e-04
9.742825e-04
9.764343e-04
9.785885e-04
9.807451e-04
9.829041e-04
9.850654e-04
9.872291e-04
9.893951e-04
9.915635e-04
9.937343e-04
9.959075e-04
9.980830e-04
1.000261e-03
1.002441e-03
1.004624e-03
1.006809e-03
1.008996e-03
1.011186e-03
1.013378e-03
1.015572e-03
1.017769e-03
1.019968e-03
1.022170e-03
1.024374e-03
1.026580e-03
1.028789e-03
1.031000e-03
1.033213e-03
1.035429e-03
1.037647e-03
1.039868e-03
1.042091e-03
1.044316e-03
1.046543e-03
1.048773e-03
1.051006e-03
1.053241e-03
1.055478e-03
1.057717e-03
1.059959e-03
1.062203e-03
1.064450e-03
1.066698e-03
1.068950e-03
1.071203e-03
1.073459e-03
1.075718e-03
1.077979e-03
1.080242e-03
1.082507e-03
1.084775e-03
1.087045e-03
1.089318e-03
1.091593e-03
1.093870e-03
1.096150e-03
1.098432e-03
1.100716e-03
1.103003e-03
1.105292e-03
1.107584e-03
1.109878e-03
1.112174e-03
1.114473e-03
1.116774e-03
1.119077e-03
1.121383e-03
1.123691e-03
1.126001e-03
1.128314e-03
1.130629e-03
1.132947e-03
1.135267e-03
1.137589e-03
1.139914e-03
1.142241e-03
1.144570e-03
1.146902e-03
1.149236e-03
1.151573e-03
1.153912e-03
1.156253e-03
1.158596e-03
1.160942e-03
1.163291e-03
1.165642e-03
1.167995e-03
1.170350e-03
1.172708e-03
1.175068e-03
1.177431e-03
1.179796e-03
1.182163e-03
1.184533e-03
1.186905e-03
1.189279e-03
1.191656e-03
1.194035e-03
1.196416e-03
1.198800e-03
1.201186e-03
1.203575e-03
1.205966e-03
1.208359e-03
1.210755e-03
1.213153e-03
1.215554e-03
1.217956e-03
1.220362e-03
1.222769e-03
1.225179e-03
1.227591e-03
1.230006e-03
1.232423e-03
1.234842e-03
1.237264e-03
1.239688e-03
1.242115e-03
1.244543e-03
1.246975e-03
1.249408e-03
1.251844e-03
1.254283e-03
1.256723e-03
1.259166e-03
1.261612e-03
1.264059e-03
1.266510e-03
1.268962e-03
1.271417e-03
1.273874e-03
1.276334e-03
1.278796e-03
1.281260e-03
1.283727e-03
1.286196e-03
1.288668e-03
1.291141e-03
1.293618e-03
1.296096e-03
1.298577e-03
1.301060e-03
1.303546e-03
1.306034e-03
1.308524e-03
1.311017e-03
1.313512e-03
1.316010e-03
1.318510e-03
1.321012e-03
1.323517e-03
1.326024e-03
1.328533e-03
1.331045e-03
1.333559e-03
1.336075e-03
1.338594e-03
1.341115e-03
1.343639e-03
1.346165e-03
1.348693e-03
1.351224e-03
1.353757e-03
1.356292e-03
1.358830e-03
1.361370e-03
1.363912e-03
1.366457e-03
1.369004e-03
1.371554e-03
1.374106e-03
1.376660e-03
1.379217e-03
1.381776e-03
1.384337e-03
1.386901e-03
1.389467e-03
1.392036e-03
1.394607e-03
1.397180e-03
1.399756e-03
1.402334e-03
1.404914e-03
1.407497e-03
1.410082e-03
1.412669e-03
1.415259e-03
1.417851e-03
1.420446e-03
1.423043e-03
1.425642e-03
1.428244e-03
1.430848e-03
1.433454e-03
1.436063e-03
1.438674e-03
1.441288e-03
1.443904e-03
1.446522e-03
1.449143e-03
1.451766e-03
1.454391e-03
1.457019e-03
1.459649e-03
1.462281e-03
1.464916e-03
1.467553e-03
1.470193e-03
1.472835e-03
1.475479e-03
1.478126e-03
1.480775e-03
1.483426e-03
1.486080e-03
1.488736e-03
1.491395e-03
1.494055e-03
1.496719e-03
1.499384e-03
1.502052e-03
1.504723e-03
1.507395e-03
1.510070e-03
1.512748e-03
1.515428e-03
1.518110e-03
1.520794e-03
1.523481e-03
1.526170e-03
1.528862e-03
1.531556e-03
1.534252e-03
1.536951e-03
1.539652e-03
1.542356e-03
1.545062e-03
1.547770e-03
1.550480e-03
1.553193e-03
1.555909e-03
1.558626e-03
1.561346e-03
1.564069e-03
1.566794e-03
1.569521e-03
1.572250e-03
1.574982e-03
1.577716e-03
1.580453e-03
1.583192e-03
1.585933e-03
1.588677e-03
1.591423e-03
1.594172e-03
1.596923e-03
1.599676e-03
1.602431e-03
1.605189e-03
1.607950e-03
1.610712e-03
1.613477e-03
1.616245e-03
1.619014e-03
1.621787e-03
1.624561e-03
1.627338e-03
1.630117e-03
1.632899e-03
1.635683e-03
1.638469e-03
1.641258e-03
1.644049e-03
1.646842e-03
1.649638e-03
1.652436e-03
1.655237e-03
1.658040e-03
1.660845e-03
1.663653e-03
1.666463e-03
1.669275e-03
1.672090e-03
1.674907e-03
1.677727e-03
1.680548e-03
1.683373e-03
1.686199e-03
1.689028e-03
1.691860e-03
1.694693e-03
1.697529e-03
1.700368e-03
1.703209e-03
1.706052e-03
1.708897e-03
1.711745e-03
1.714595e-03
1.717448e-03
1.720303e-03
1.723160e-03
1.726020e-03
1.728882e-03
1.731747e-03
1.734614e-03
1.737483e-03
1.740354e-03
1.743228e-03
1.746105e-03
1.748983e-03
1.751864e-03
1.754748e-03
1.757634e-03
1.760522e-03
1.763412e-03
1.766305e-03
1.769200e-03
1.772098e-03
1.774998e-03
1.777900e-03
1.780805e-03
1.783712e-03
1.786622e-03
1.789533e-03
1.792448e-03
1.795364e-03
1.798283e-03
1.801204e-03
1.804128e-03
1.807054e-03
1.809982e-03
1.812913e-03
1.815846e-03
1.818782e-03
1.821720e-03
1.824660e-03
1.827602e-03
1.830547e-03
1.833495e-03
1.836445e-03
1.839397e-03
1.842351e-03
1.845308e-03
1.848267e-03
1.851229e-03
1.854192e-03
1.857159e-03
1.860127e-03
1.863098e-03
1.866072e-03
1.869048e-03
1.872026e-03
1.875006e-03
1.877989e-03
1.880974e-03
1.883962e-03
1.886952e-03
1.889944e-03
1.892939e-03
1.895936e-03
1.898935e-03
1.901937e-03
1.904941e-03
1.907948e-03
1.910957e-03
1.913968e-03
1.916981e-03
1.919997e-03
1.923016e-03
1.926037e-03
1.929060e-03
1.932085e-03
1.935113e-03
1.938143e-03
1.941176e-03
1.944211e-03
1.947248e-03
1.950288e-03
1.953330e-03
1.956374e-03
1.959421e-03
1.962470e-03
1.965521e-03
1.968575e-03
1.971632e-03
1.974690e-03
1.977751e-03
1.980814e-03
1.983880e-03
1.986948e-03
1.990019e-03
1.993092e-03
1.996167e-03
1.999244e-03
2.002324e-03
2.005406e-03
2.008491e-03
2.011578e-03
2.014668e-03
2.017759e-03
2.020853e-03
2.023950e-03
2.027049e-03
2.030150e-03
2.033254e-03
2.036360e-03
2.039468e-03
2.042579e-03
2.045692e-03
2.048807e-03
2.051925e-03
2.055045e-03
2.058168e-03
2.061292e-03
2.064420e-03
2.067549e-03
2.070681e-03
2.073816e-03
2.076952e-03
2.080092e-03
2.083233e-03
2.086377e-03
2.089523e-03
2.092672e-03
2.095823e-03
2.098976e-03
2.102132e-03
2.105290e-03
2.108450e-03
2.111613e-03
2.114778e-03
2.117946e-03
2.121115e-03
2.124288e-03
2.127462e-03
2.130639e-03
2.133819e-03
2.137000e-03
2.140184e-03
2.143371e-03
2.146560e-03
2.149751e-03
2.152944e-03
2.156140e-03
2.159339e-03
2.162539e-03
2.165742e-03
2.168948e-03
2.172156e-03
2.175366e-03
2.178578e-03
2.181793e-03
2.185010e-03
2.188230e-03
2.191452e-03
2.194676e-03
2.197903e-03
2.201132e-03
2.204363e-03
2.207597e-03
2.210833e-03
2.214072e-03
2.217313e-03
2.220556e-03
2.223802e-03
2.227050e-03
2.230300e-03
2.233553e-03
2.236808e-03
2.240065e-03
2.243325e-03
2.246588e-03
2.249852e-03
2.253119e-03
2.256388e-03
2.259660e-03
2.262934e-03
2.266211e-03
2.269489e-03
2.272771e-03
2.276054e-03
2.279340e-03
2.282628e-03
2.285919e-03
2.289212e-03
2.292507e-03
2.295805e-03
2.299105e-03
2.302407e-03
2.305712e-03
2.309020e-03
2.312329e-03
2.315641e-03
2.318955e-03
2.322272e-03
2.325591e-03
2.328912e-03
2.332236e-03
2.335562e-03
2.338891e-03
2.342222e-03
2.345555e-03
2.348891e-03
2.352229e-03
2.355569e-03
2.358912e-03
2.362257e-03
2.365604e-03
2.368954e-03
2.372306e-03
2.375661e-03
2.379018e-03
2.382377e-03
2.385739e-03
2.389103e-03
2.392469e-03
2.395838e-03
2.399209e-03
2.402582e-03
2.405958e-03
2.409336e-03
2.412717e-03
2.416100e-03
2.419485e-03
2.422873e-03
2.426263e-03
2.429656e-03
2.433050e-03
2.436447e-03
2.439847e-03
2.443249e-03
2.446653e-03
2.450060e-03
2.453469e-03
2.456880e-03
2.460294e-03
2.463710e-03
2.467129e-03
2.470549e-03
2.473973e-03
2.477398e-03
2.480826e-03
2.484256e-03
2.487689e-03
2.491124e-03
2.494562e-03
2.498001e-03
2.501443e-03
2.504888e-03
2.508335e-03
2.511784e-03
2.515236e-03
2.518690e-03
2.522146e-03
2.525605e-03
2.529066e-03
2.532529e-03
2.535995e-03
2.539463e-03
2.542934e-03
2.546407e-03
2.549882e-03
2.553360e-03
2.556840e-03
2.560322e-03
2.563807e-03
2.567294e-03
2.570784e-03
2.574276e-03
2.577770e-03
2.581266e-03
2.584765e-03
2.588267e-03
2.591770e-03
2.595276e-03
2.598785e-03
2.602296e-03
2.605809e-03
2.609324e-03
2.612842e-03
2.616363e-03
2.619885e-03
2.623410e-03
2.626938e-03
2.630467e-03
2.634000e-03
2.637534e-03
2.641071e-03
2.644610e-03
2.648152e-03
2.651696e-03
2.655242e-03
2.658791e-03
2.662342e-03
2.665895e-03
2.669451e-03
2.673009e-03
2.676570e-03
2.680132e-03
2.683698e-03
2.687265e-03
2.690835e-03
2.694408e-03
2.697982e-03
2.701560e-03
2.705139e-03
2.708721e-03
2.712305e-03
2.715892e-03
2.719481e-03
2.723072e-03
2.726666e-03
2.730262e-03
2.733860e-03
2.737461e-03
2.741064e-03
2.744669e-03
2.748277e-03
2.751888e-03
2.755500e-03
2.759115e-03
2.762732e-03
2.766352e-03
2.769974e-03
2.773599e-03
2.777226e-03
2.780855e-03
2.784486e-03
2.788120e-03
2.791756e-03
2.795395e-03
2.799036e-03
2.802680e-03
2.806325e-03
2.809973e-03
2.813624e-03
2.817277e-03
2.820932e-03
2.824590e-03
2.827585e-03
2.830568e-03
2.833540e-03
2.836500e-03
2.839448e-03
2.842384e-03
2.845308e-03
2.848221e-03
2.851121e-03
2.854010e-03
2.856888e-03
2.859753e-03
2.862606e-03
2.865448e-03
2.868278e-03
2.871096e-03
2.873903e-03
2.876697e-03
2.879480e-03
2.882251e-03
2.885010e-03
2.887757e-03
2.890493e-03
2.893216e-03
2.895928e-03
2.898628e-03
2.901316e-03
2.903993e-03
2.906658e-03
2.909310e-03
2.911951e-03
2.914581e-03
2.917198e-03
2.919804e-03
2.922397e-03
2.924979e-03
2.927550e-03
2.930108e-03
2.932655e-03
2.935189e-03
2.937712e-03
2.940224e-03
2.942723e-03
2.945210e-03
2.947686e-03
2.950150e-03
2.952602e-03
2.955043e-03
2.957471e-03
2.959888e-03
2.962293e-03
2.964686e-03
2.967067e-03
2.969437e-03
2.971794e-03
2.974140e-03
2.976474e-03
2.978796e-03
2.981107e-03
2.983406e-03
2.985692e-03
2.987967e-03
2.990231e-03
2.992482e-03
2.994722e-03
2.996950e-03
2.999166e-03
3.001370e-03
3.003562e-03
3.005743e-03
3.007912e-03
3.010068e-03
3.012214e-03
3.014347e-03
3.016469e-03
3.018578e-03
3.020676e-03
3.022762e-03
3.024837e-03
3.026899e-03
3.028950e-03
3.030989e-03
3.033016e-03
3.035031e-03
3.037035e-03
3.039027e-03
3.041006e-03
3.042974e-03
3.044931e-03
3.046875e-03
3.048808e-03
3.050729e-03
3.052638e-03
3.054535e-03
3.056420e-03
3.058294e-03
3.060156e-03
3.062006e-03
3.063844e-03
3.065671e-03
3.067485e-03
3.069288e-03
3.071079e-03
3.072858e-03
3.074625e-03
3.076381e-03
3.078125e-03
3.079857e-03
3.081577e-03
3.083285e-03
3.084982e-03
3.086666e-03
3.088339e-03
3.090001e-03
3.091650e-03
3.093287e-03
3.094913e-03
3.096527e-03
3.098129e-03
3.099719e-03
3.101298e-03
3.102864e-03
3.104419e-03
3.105962e-03
3.107494e-03
3.109013e-03
3.110521e-03
3.112017e-03
3.113501e-03
3.114973e-03
3.116433e-03
3.117882e-03
3.119319e-03
3.120744e-03
3.122157e-03
3.123558e-03
3.124948e-03
3.126325e-03
3.127691e-03
3.129046e-03
3.130388e-03
3.131718e-03
3.133037e-03
3.134344e-03
3.135639e-03
3.136923e-03
3.138194e-03
3.139454e-03
3.140702e-03
3.141938e-03
3.143162e-03
3.144375e-03
3.145575e-03
3.146764e-03
3.147941e-03
3.149106e-03
3.150260e-03
3.151402e-03
3.152531e-03
3.153649e-03
3.154756e-03
3.155850e-03
3.156933e-03
3.158003e-03
3.159062e-03
3.160110e-03
3.161145e-03
3.162169e-03
3.163180e-03
3.164180e-03
3.165169e-03
3.166145e-03
3.167109e-03
3.168062e-03
3.169003e-03
3.169932e-03
3.170850e-03
3.171755e-03
3.172649e-03
3.173531e-03
3.174401e-03
3.175259e-03
3.176106e-03
3.176940e-03
3.177763e-03
3.178574e-03
3.179374e-03
3.180161e-03
3.180937e-03
3.181701e-03
3.182453e-03
3.183193e-03
3.183921e-03
3.184638e-03
3.185343e-03
3.186036e-03
3.186717e-03
3.187386e-03
3.188044e-03
3.188690e-03
3.189324e-03
3.189946e-03
3.190556e-03
3.191155e-03
3.191741e-03
3.192316e-03
3.192880e-03
3.193431e-03
3.193970e-03
3.194498e-03
3.195014e-03
3.195518e-03
3.196011e-03
3.196491e-03
3.196960e-03
3.197417e-03
3.197862e-03
3.198295e-03
3.198716e-03
3.199126e-03
3.199524e-03
3.199910e-03
3.200284e-03
3.200647e-03
3.200997e-03
3.201336e-03
3.201663e-03
3.201978e-03
3.202282e-03
3.202573e-03
3.202853e-03
3.203121e-03
3.203377e-03
3.203622e-03
3.203854e-03
3.204075e-03
3.204284e-03
3.204481e-03
3.204666e-03
3.204840e-03
3.205002e-03
3.205152e-03
3.205290e-03
3.205416e-03
3.205531e-03
3.205633e-03
3.205724e-03
3.205803e-03
3.205871e-03
3.205926e-03
3.205970e-03
3.206002e-03
3.206022e-03
3.206030e-03
3.206026e-03
3.206011e-03
3.205984e-03
3.205945e-03
3.205894e-03
3.205831e-03
3.205757e-03
3.205671e-03
3.205573e-03
3.205463e-03
3.205341e-03
3.205208e-03
3.205063e-03
3.204906e-03
3.204737e-03
3.204556e-03
3.204364e-03
3.204160e-03
3.203944e-03
3.203716e-03
3.203476e-03
3.203224e-03
3.202961e-03
3.202686e-03
3.202399e-03
3.202100e-03
3.201790e-03
3.201468e-03
3.201134e-03
3.200788e-03
3.200430e-03
3.200060e-03
3.199679e-03
3.199286e-03
3.198881e-03
3.198464e-03
3.198035e-03
3.197595e-03
3.197143e-03
3.196679e-03
3.196203e-03
3.195715e-03
3.195216e-03
3.194705e-03
3.194182e-03
3.193647e-03
3.193322e-03
3.193322e-03
3.193322e-03
3.193322e-03
3.193322e-03
3.193322e-03
3.193322e-03
3.193322e-03
3.193322e-03
3.193322e-03
3.193322e-03
3.193322e-03
3.193322e-03
3.193322e-03
3.193322e-03
3.193322e-03
3.193322e-03
3.193322e-03
3.193322e-03
3.193322e-03
3.193322e-03
3.193322e-03
3.193322e-03
3.193322e-03
3.193322e-03
3.193322e-03
3.193322e-03
3.193322e-03
3.193322e-03
3.193322e-03
3.193322e-03
3.193322e-03
3.193322e-03
3.193322e-03
3.193322e-03
3.193322e-03
3.193322e-03
3.193322e-03
3.193322e-03
3.193322e-03
3.193322e-03
3.193322e-03
3.193322e-03
3.193322e-03
3.193322e-03
3.193322e-03
3.193322e-03
3.193322e-03
3.193322e-03
3.193322e-03
3.193322e-03
3.193322e-03
3.193322e-03
3.193322e-03
3.193322e-03
3.193322e-03
3.193322e-03
3.193322e-03
3.193322e-03
3.193322e-03
3.193322e-03
3.193322e-03
3.193322e-03
3.193322e-03
3.193322e-03
3.193322e-03
3.193322e-03
3.193322e-03
3.193322e-03
3.193322e-03
3.193322e-03
3.193322e-03
3.193322e-03
3.193322e-03
3.193322e-03
3.193322e-03
3.193322e-03
3.193322e-03
3.193322e-03
3.193322e-03
3.193322e-03
3.193322e-03
3.193322e-03
3.193322e-03
3.193322e-03
3.193322e-03
3.193322e-03
3.193322e-03
3.193322e-03
3.193322e-03
3.193322e-03
3.193322e-03
3.193322e-03
3.193322e-03
3.193322e-03
3.193322e-03
3.193322e-03
3.193322e-03
3.193322e-03
3.193322e-03
3.193322e-03
3.193322e-03
3.193322e-03
3.193322e-03
3.193322e-03
3.193322e-03
3.193322e-03
3.193322e-03
3.193322e-03
3.193322e-03
3.193322e-03
3.193322e-03
3.193322e-03
3.193322e-03
3.193322e-03
3.193322e-03
3.193322e-03
3.193322e-03
3.193322e-03
3.193322e-03
3.193322e-03
3.193322e-03
3.193322e-03
3.193322e-03
3.193322e-03
3.193322e-03
3.193322e-03
3.193322e-03
3.193322e-03
3.193322e-03
3.193322e-03
3.193322e-03
3.193322e-03
3.193322e-03
3.193322e-03
3.193322e-03
3.193322e-03
3.193322e-03
3.193322e-03
3.193322e-03
3.193322e-03
3.193322e-03
3.193322e-03
3.193322e-03
3.193322e-03
3.193322e-03
3.193322e-03
3.193322e-03
3.193322e-03
3.193322e-03
3.193322e-03
3.193322e-03
3.193322e-03
3.193322e-03
3.193322e-03
3.193322e-03
3.193322e-03
3.193322e-03
3.193322e-03
3.193322e-03
3.193322e-03
3.193322e-03
3.193322e-03
3.193322e-03
3.193322e-03
3.193322e-03
3.193322e-03
3.193322e-03
3.193322e-03
3.193322e-03
3.193322e-03
3.193322e-03
3.193322e-03
3.193322e-03
3.193322e-03
3.193322e-03
3.193322e-03
3.193322e-03
3.193322e-03
3.193322e-03
3.193322e-03
3.193322e-03
3.193322e-03
3.193322e-03
3.193322e-03
3.193322e-03
3.193322e-03
3.193322e-03
3.193322e-03
3.193322e-03
3.193322e-03
3.193322e-03
3.193322e-03
3.193322e-03
3.193322e-03
3.193322e-03
3.193322e-03
3.193322e-03
3.193322e-03
3.193322e-03
3.193322e-03
