0.000000e+00
1.110371e-07
2.246746e-07
3.409125e-07
4.597507e-07
5.811894e-07
7.052285e-07
8.318680e-07
9.611079e-07
1.092948e-06
1.227389e-06
1.364430e-06
1.504071e-06
1.646313e-06
1.791156e-06
1.938598e-06
2.088641e-06
2.241285e-06
2.396529e-06
2.554373e-06
2.714818e-06
2.877863e-06
3.043508e-06
3.211754e-06
3.382601e-06
3.556047e-06
3.732094e-06
3.910742e-06
4.091990e-06
4.275838e-06
4.462287e-06
4.651336e-06
4.842985e-06
5.037235e-06
5.234085e-06
5.433536e-06
5.635587e-06
5.840239e-06
6.047491e-06
6.257343e-06
6.469796e-06
6.684849e-06
6.902502e-06
7.122756e-06
7.345610e-06
7.571065e-06
7.799120e-06
8.029776e-06
8.263032e-06
8.498888e-06
8.737345e-06
8.978402e-06
9.222059e-06
9.468317e-06
9.717175e-06
9.968634e-06
1.022269e-05
1.047935e-05
1.073861e-05
1.100047e-05
1.126493e-05
1.153199e-05
1.180166e-05
1.207392e-05
1.234878e-05
1.262624e-05
1.290631e-05
1.318897e-05
1.347423e-05
1.376210e-05
1.405256e-05
1.434563e-05
1.464129e-05
1.493956e-05
1.524043e-05
1.554389e-05
1.584996e-05
1.615863e-05
1.646989e-05
1.678376e-05
1.710023e-05
1.741930e-05
1.774097e-05
1.806524e-05
1.839211e-05
1.872158e-05
1.905365e-05
1.938832e-05
1.972560e-05
2.006547e-05
2.040794e-05
2.075301e-05
2.110069e-05
2.145096e-05
2.180384e-05
2.215931e-05
2.251738e-05
2.287806e-05
2.324134e-05
2.360721e-05
2.397569e-05
2.434677e-05
2.472044e-05
2.509672e-05
2.547560e-05
2.585708e-05
2.624116e-05
2.662784e-05
2.701712e-05
2.740900e-05
2.780348e-05
2.820056e-05
2.860024e-05
2.900252e-05
2.940741e-05
2.981489e-05
3.022497e-05
3.063765e-05
3.105294e-05
3.147082e-05
3.189131e-05
3.231439e-05
3.274008e-05
3.316836e-05
3.359925e-05
3.403274e-05
3.446882e-05
3.490751e-05
3.534880e-05
3.579269e-05
3.623918e-05
3.668827e-05
3.713996e-05
3.759425e-05
3.805114e-05
3.851063e-05
3.897272e-05
3.943741e-05
3.990470e-05
4.037459e-05
4.084709e-05
4.132218e-05
4.179987e-05
4.228017e-05
4.276306e-05
4.324856e-05
4.373665e-05
4.422735e-05
4.472064e-05
4.521654e-05
4.571503e-05
4.621613e-05
4.671983e-05
4.722613e-05
4.773503e-05
4.824652e-05
4.876062e-05
4.927732e-05
4.979662e-05
5.031852e-05
5.084302e-05
5.137012e-05
5.189983e-05
5.243213e-05
5.296703e-05
5.350453e-05
5.404464e-05
5.458734e-05
5.513264e-05
5.568055e-05
5.623105e-05
5.678416e-05
5.733986e-05
5.789817e-05
5.845908e-05
5.902258e-05
5.958869e-05
6.015740e-05
6.072870e-05
6.130261e-05
6.187912e-05
6.245823e-05
6.303994e-05
6.362425e-05
6.421116e-05
6.480067e-05
6.539278e-05
6.598749e-05
6.658481e-05
6.718472e-05
6.778723e-05
6.839234e-05
6.900006e-05
6.961037e-05
7.022329e-05
7.083880e-05
7.145692e-05
7.207763e-05
7.270095e-05
7.332686e-05
7.395538e-05
7.458650e-05
7.522021e-05
7.585653e-05
7.649545e-05
7.713697e-05
7.778109e-05
7.842781e-05
7.907713e-05
7.972905e-05
8.038357e-05
8.104069e-05
8.170041e-05
8.236273e-05
8.302766e-05
8.369518e-05
8.436530e-05
8.503803e-05
8.571335e-05
8.639127e-05
8.707180e-05
8.775492e-05
8.844065e-05
8.912898e-05
8.981990e-05
9.051343e-05
9.120956e-05
9.190828e-05
9.260961e-05
9.331354e-05
9.402007e-05
9.472920e-05
9.544093e-05
9.615526e-05
9.687219e-05
9.759172e-05
9.831385e-05
9.903858e-05
9.976591e-05
1.004958e-04
1.012284e-04
1.019635e-04
1.027012e-04
1.034416e-04
1.041845e-04
1.049300e-04
1.056782e-04
1.064289e-04
1.071823e-04
1.079382e-04
1.086967e-04
1.094579e-04
1.102216e-04
1.109879e-04
1.117569e-04
1.125284e-04
1.133026e-04
1.140793e-04
1.148586e-04
1.156406e-04
1.164251e-04
1.172123e-04
1.180020e-04
1.187943e-04
1.195893e-04
1.203868e-04
1.211870e-04
1.219897e-04
1.227951e-04
1.236030e-04
1.244135e-04
1.252267e-04
1.260424e-04
1.268608e-04
1.276817e-04
1.285053e-04
1.293314e-04
1.301602e-04
1.309915e-04
1.318255e-04
1.326620e-04
1.335012e-04
1.343429e-04
1.351873e-04
1.360342e-04
1.368838e-04
1.377359e-04
1.385907e-04
1.394480e-04
1.403080e-04
1.411705e-04
1.420357e-04
1.429034e-04
1.437738e-04
1.446467e-04
1.455223e-04
1.464004e-04
1.472812e-04
1.481646e-04
1.490505e-04
1.499391e-04
1.508302e-04
1.517240e-04
1.526203e-04
1.535193e-04
1.544209e-04
1.553250e-04
1.562318e-04
1.571411e-04
1.580531e-04
1.589677e-04
1.598848e-04
1.608046e-04
1.617269e-04
1.626519e-04
1.635795e-04
1.645096e-04
1.654424e-04
1.663778e-04
1.673157e-04
1.682563e-04
1.691995e-04
1.701452e-04
1.710936e-04
1.720446e-04
1.729981e-04
1.739543e-04
1.749131e-04
1.758744e-04
1.768384e-04
1.778050e-04
1.787741e-04
1.797459e-04
1.807203e-04
1.816972e-04
1.826768e-04
1.836590e-04
1.846438e-04
1.856311e-04
1.866211e-04
1.876137e-04
1.886088e-04
1.896066e-04
1.906070e-04
1.916100e-04
1.926155e-04
1.936237e-04
1.946345e-04
1.956479e-04
1.966638e-04
1.976824e-04
1.987036e-04
1.997274e-04
2.007538e-04
2.017827e-04
2.028143e-04
2.038485e-04
2.048853e-04
2.059246e-04
2.069666e-04
2.080112e-04
2.090584e-04
2.101082e-04
2.111606e-04
2.122155e-04
2.132731e-04
2.143333e-04
2.153961e-04
2.164615e-04
2.175295e-04
2.186000e-04
2.196732e-04
2.207490e-04
2.218274e-04
2.229084e-04
2.239920e-04
2.250782e-04
2.261669e-04
2.272583e-04
2.283523e-04
2.294489e-04
2.305481e-04
2.316499e-04
2.327543e-04
2.338613e-04
2.349709e-04
2.360830e-04
2.371978e-04
2.383152e-04
2.394352e-04
2.405578e-04
2.416830e-04
2.428108e-04
2.439412e-04
2.450742e-04
2.462098e-04
2.473480e-04
2.484888e-04
2.496322e-04
2.507782e-04
2.519268e-04
2.530780e-04
2.542318e-04
2.553882e-04
2.565472e-04
2.577088e-04
2.588730e-04
2.600398e-04
2.612092e-04
2.623812e-04
2.635558e-04
2.647330e-04
2.659128e-04
2.670952e-04
2.682802e-04
2.694678e-04
2.706580e-04
2.718508e-04
2.730462e-04
2.742442e-04
2.754448e-04
2.766480e-04
2.778538e-04
2.790622e-04
2.802732e-04
2.814868e-04
2.827030e-04
2.839218e-04
2.851432e-04
2.863672e-04
2.875939e-04
2.888231e-04
2.900549e-04
2.912893e-04
2.925263e-04
2.937659e-04
2.950081e-04
2.962529e-04
2.975003e-04
2.987504e-04
3.000030e-04
3.012582e-04
3.025160e-04
3.037764e-04
3.050394e-04
3.063050e-04
3.075732e-04
3.088441e-04
3.101175e-04
3.113935e-04
3.126721e-04
3.139533e-04
3.152371e-04
3.165236e-04
3.178126e-04
3.191042e-04
3.203984e-04
3.216952e-04
3.229947e-04
3.242967e-04
3.256013e-04
3.269085e-04
3.282183e-04
3.295308e-04
3.308458e-04
3.321634e-04
3.334836e-04
3.348065e-04
3.361319e-04
3.374599e-04
3.387905e-04
3.401238e-04
3.414596e-04
3.427980e-04
3.441390e-04
3.454827e-04
3.468289e-04
3.481777e-04
3.495291e-04
3.508832e-04
3.522398e-04
3.535990e-04
3.549609e-04
3.563253e-04
3.576923e-04
3.590620e-04
3.604342e-04
3.618090e-04
3.631864e-04
3.645665e-04
3.659491e-04
3.673343e-04
3.687222e-04
3.701126e-04
3.715056e-04
3.729013e-04
3.742995e-04
3.757004e-04
3.771038e-04
3.785098e-04
3.799185e-04
3.813297e-04
3.827435e-04
3.841600e-04
3.855790e-04
3.870007e-04
3.884249e-04
3.898517e-04
3.912812e-04
3.927132e-04
3.941479e-04
3.955851e-04
3.970249e-04
3.984674e-04
3.999124e-04
4.013601e-04
4.028103e-04
4.042631e-04
4.057186e-04
4.071766e-04
4.086373e-04
4.101005e-04
4.115664e-04
4.130348e-04
4.145059e-04
4.159795e-04
4.174558e-04
4.189346e-04
4.204161e-04
4.219001e-04
4.233868e-04
4.248760e-04
4.263678e-04
4.278623e-04
4.293593e-04
4.308590e-04
4.323613e-04
4.338661e-04
4.353736e-04
4.368836e-04
4.383963e-04
4.399115e-04
4.414294e-04
4.429498e-04
4.444729e-04
4.459985e-04
4.475268e-04
4.490576e-04
4.505911e-04
4.521272e-04
4.536658e-04
4.552071e-04
4.567509e-04
4.582974e-04
4.598464e-04
4.613981e-04
4.629524e-04
4.645092e-04
4.660687e-04
4.676307e-04
4.691954e-04
4.707627e-04
4.723325e-04
4.739050e-04
4.754800e-04
4.770577e-04
4.786380e-04
4.802208e-04
4.818063e-04
4.833944e-04
4.849850e-04
4.865783e-04
4.881742e-04
4.897726e-04
4.913737e-04
4.929774e-04
4.945836e-04
4.961925e-04
4.978040e-04
4.994180e-04
5.010347e-04
5.026540e-04
5.042758e-04
5.059003e-04
5.075274e-04
5.091570e-04
5.107893e-04
5.124242e-04
5.140617e-04
5.157017e-04
5.173444e-04
5.189897e-04
5.206376e-04
5.222880e-04
5.239411e-04
5.255968e-04
5.272551e-04
5.289159e-04
5.305794e-04
5.322455e-04
5.339142e-04
5.355854e-04
5.372593e-04
5.389358e-04
5.406149e-04
5.422965e-04
5.439808e-04
5.456677e-04
5.473572e-04
5.490493e-04
5.507439e-04
5.524412e-04
5.541411e-04
5.558436e-04
5.575487e-04
5.592564e-04
5.609666e-04
5.626795e-04
5.643950e-04
5.661131e-04
5.678338e-04
5.695571e-04
5.712829e-04
5.730114e-04
5.747425e-04
5.764762e-04
5.782125e-04
5.799514e-04
5.816929e-04
5.834370e-04
5.851836e-04
5.869329e-04
5.886848e-04
5.904393e-04
5.921964e-04
5.939561e-04
5.957184e-04
5.974833e-04
5.992508e-04
6.010209e-04
6.027936e-04
6.045689e-04
6.063467e-04
6.081272e-04
6.099103e-04
6.116960e-04
6.134843e-04
6.152752e-04
6.170687e-04
6.188648e-04
6.206635e-04
6.224648e-04
6.242687e-04
6.260752e-04
6.278843e-04
6.296960e-04
6.315103e-04
6.333272e-04
6.351467e-04
6.369688e-04
6.387935e-04
6.406208e-04
6.424507e-04
6.442832e-04
6.461183e-04
6.479560e-04
6.497963e-04
6.516392e-04
6.534847e-04
6.553328e-04
6.571835e-04
6.590368e-04
6.608927e-04
6.627512e-04
6.646124e-04
6.664761e-04
6.683424e-04
6.702113e-04
6.720828e-04
6.739569e-04
6.758336e-04
6.777129e-04
6.795948e-04
6.814793e-04
6.833664e-04
6.852561e-04
6.871485e-04
6.890434e-04
6.909409e-04
6.928410e-04
6.947437e-04
6.966490e-04
6.985569e-04
7.004674e-04
7.023806e-04
7.042963e-04
7.062146e-04
7.081355e-04
7.100590e-04
7.119851e-04
7.139139e-04
7.158452e-04
7.177791e-04
7.197156e-04
7.216547e-04
7.235964e-04
7.255408e-04
7.274877e-04
7.294372e-04
7.313893e-04
7.333440e-04
7.353014e-04
7.372613e-04
7.392238e-04
7.411889e-04
7.431567e-04
7.451270e-04
7.470999e-04
7.490754e-04
7.510536e-04
7.530343e-04
7.550176e-04
7.570035e-04
7.589921e-04
7.609832e-04
7.629769e-04
7.649732e-04
7.669722e-04
7.689737e-04
7.709778e-04
7.729845e-04
7.749939e-04
7.770058e-04
7.790203e-04
7.810375e-04
7.830572e-04
7.850795e-04
7.871045e-04
7.891320e-04
7.911621e-04
7.931949e-04
7.952302e-04
7.972681e-04
7.993087e-04
8.013518e-04
8.033975e-04
8.054459e-04
8.074968e-04
8.095503e-04
8.116065e-04
8.136652e-04
8.157265e-04
8.177905e-04
8.198570e-04
8.219262e-04
8.239979e-04
8.260722e-04
8.281492e-04
8.302287e-04
8.323109e-04
8.343956e-04
8.364829e-04
8.385729e-04
8.406654e-04
8.427606e-04
8.448583e-04
8.469586e-04
8.490616e-04
8.511671e-04
8.532753e-04
8.553860e-04
8.574994e-04
8.596153e-04
8.617339e-04
8.638550e-04
8.659788e-04
8.681051e-04
8.702341e-04
8.723656e-04
8.744997e-04
8.766365e-04
8.787758e-04
8.809178e-04
8.830623e-04
8.852095e-04
8.873592e-04
8.895116e-04
8.916665e-04
8.938241e-04
8.959843e-04
8.981470e-04
9.003124e-04
9.024803e-04
9.046509e-04
9.068240e-04
9.089998e-04
9.111781e-04
9.133591e-04
9.155426e-04
9.177288e-04
9.199176e-04
9.221089e-04
9.243029e-04
9.264994e-04
9.286986e-04
9.309003e-04
9.331047e-04
9.353117e-04
9.375212e-04
9.397334e-04
9.419481e-04
9.441655e-04
9.463855e-04
9.486080e-04
9.508332e-04
9.530610e-04
9.552913e-04
9.575243e-04
9.597598e-04
9.619980e-04
9.642388e-04
9.664821e-04
9.687281e-04
9.709767e-04
9.732278e-04
9.754816e-04
9.777380e-04
9.799969e-04
9.822585e-04
9.845227e-04
9.867894e-04
9.890588e-04
9.913308e-04
9.936054e-04
9.958825e-04
9.981623e-04
1.000445e-03
1.002730e-03
1.005017e-03
1.007307e-03
1.009600e-03
1.011896e-03
1.014194e-03
1.016494e-03
1.018797e-03
1.021103e-03
1.023411e-03
1.025722e-03
1.028036e-03
1.030352e-03
1.032671e-03
1.034992e-03
1.037316e-03
1.039643e-03
1.041972e-03
1.044304e-03
1.046638e-03
1.048975e-03
1.051315e-03
1.053657e-03
1.056002e-03
1.058349e-03
1.060699e-03
1.063052e-03
1.065407e-03
1.067765e-03
1.070125e-03
1.072488e-03
1.074854e-03
1.077222e-03
1.079593e-03
1.081966e-03
1.084342e-03
1.086720e-03
1.089102e-03
1.091485e-03
1.093872e-03
1.096261e-03
1.098652e-03
1.101047e-03
1.103443e-03
1.105843e-03
1.108245e-03
1.110649e-03
1.113057e-03
1.115466e-03
1.117879e-03
1.120294e-03
1.122711e-03
1.125132e-03
1.127554e-03
1.129980e-03
1.132408e-03
1.134838e-03
1.137271e-03
1.139707e-03
1.142146e-03
1.144587e-03
1.147030e-03
1.149476e-03
1.151925e-03
1.154377e-03
1.156831e-03
1.159287e-03
1.161746e-03
1.164208e-03
1.166673e-03
1.169140e-03
1.171609e-03
1.174081e-03
1.176556e-03
1.179034e-03
1.181514e-03
1.183996e-03
1.186481e-03
1.188969e-03
1.191460e-03
1.193953e-03
1.196448e-03
1.198946e-03
1.201447e-03
1.203951e-03
1.206457e-03
1.208965e-03
1.211477e-03
1.213990e-03
1.216507e-03
1.219026e-03
1.221547e-03
1.224072e-03
1.226598e-03
1.229128e-03
1.231660e-03
1.234194e-03
1.236732e-03
1.239271e-03
1.241814e-03
1.244359e-03
1.246906e-03
1.249457e-03
1.252009e-03
1.254565e-03
1.257123e-03
1.259684e-03
1.262247e-03
1.264813e-03
1.267381e-03
1.269952e-03
1.272526e-03
1.275102e-03
1.277681e-03
1.280262e-03
1.282846e-03
1.285433e-03
1.288022e-03
1.290614e-03
1.293208e-03
1.295805e-03
1.298405e-03
1.301007e-03
1.303612e-03
1.306219e-03
1.308829e-03
1.311442e-03
1.314057e-03
1.316675e-03
1.319295e-03
1.321918e-03
1.324544e-03
1.327172e-03
1.329803e-03
1.332436e-03
1.335072e-03
1.337711e-03
1.340352e-03
1.342996e-03
1.345643e-03
1.348292e-03
1.350943e-03
1.353597e-03
1.356254e-03
1.358914e-03
1.361576e-03
1.364240e-03
1.366908e-03
1.369577e-03
1.372250e-03
1.374925e-03
1.377603e-03
1.380283e-03
1.382966e-03
1.385651e-03
1.388339e-03
1.391030e-03
1.393723e-03
1.396419e-03
1.399117e-03
1.401818e-03
1.404522e-03
1.407228e-03
1.409937e-03
1.412648e-03
1.415362e-03
1.418079e-03
1.420798e-03
1.423520e-03
1.426245e-03
1.428972e-03
1.431701e-03
1.434434e-03
1.437168e-03
1.439906e-03
1.442646e-03
1.445388e-03
1.448134e-03
1.450882e-03
1.453632e-03
1.456385e-03
1.459141e-03
1.461899e-03
1.464660e-03
1.467423e-03
1.470189e-03
1.472958e-03
1.475729e-03
1.478503e-03
1.481279e-03
1.484059e-03
1.486840e-03
1.489624e-03
1.492411e-03
1.495201e-03
1.497993e-03
1.500787e-03
1.503585e-03
1.506385e-03
1.509187e-03
1.511992e-03
1.514800e-03
1.517610e-03
1.520423e-03
1.523238e-03
1.526056e-03
1.528877e-03
1.531700e-03
1.534526e-03
1.537354e-03
1.540186e-03
1.543019e-03
1.545855e-03
1.548694e-03
1.551536e-03
1.554380e-03
1.557226e-03
1.560076e-03
1.562928e-03
1.565782e-03
1.568639e-03
1.571499e-03
1.574361e-03
1.577226e-03
1.580093e-03
1.582963e-03
1.585836e-03
1.588711e-03
1.591589e-03
1.594470e-03
1.597353e-03
1.600238e-03
1.603127e-03
1.606018e-03
1.608911e-03
1.611807e-03
1.614706e-03
1.617607e-03
1.620511e-03
1.623417e-03
1.626326e-03
1.629238e-03
1.632152e-03
1.635069e-03
1.637989e-03
1.640911e-03
1.643835e-03
1.646763e-03
1.649693e-03
1.652625e-03
1.655560e-03
1.658498e-03
1.661438e-03
1.664381e-03
1.667326e-03
1.670274e-03
1.673225e-03
1.676178e-03
1.679134e-03
1.682093e-03
1.685054e-03
1.688018e-03
1.690984e-03
1.693953e-03
1.696924e-03
1.699898e-03
1.702875e-03
1.705854e-03
1.708836e-03
1.711821e-03
1.714808e-03
1.717797e-03
1.720790e-03
1.723784e-03
1.726782e-03
1.729782e-03
1.732785e-03
1.735790e-03
1.738798e-03
1.741808e-03
1.744821e-03
1.747837e-03
1.750855e-03
1.753876e-03
1.756900e-03
1.759926e-03
1.762955e-03
1.765986e-03
1.769020e-03
1.772056e-03
1.775095e-03
1.778137e-03
1.781181e-03
1.784228e-03
1.787278e-03
1.790330e-03
1.793384e-03
1.796442e-03
1.799502e-03
1.802564e-03
1.805629e-03
1.808697e-03
1.811767e-03
1.814840e-03
1.817916e-03
1.820994e-03
1.824074e-03
1.827158e-03
1.830244e-03
1.833332e-03
1.836423e-03
1.839517e-03
1.842613e-03
1.845712e-03
1.848814e-03
1.851918e-03
1.855024e-03
1.858134e-03
1.861246e-03
1.864360e-03
1.867477e-03
1.870597e-03
1.873719e-03
1.876844e-03
1.879972e-03
1.883102e-03
1.886234e-03
1.889370e-03
1.892508e-03
1.895648e-03
1.898791e-03
1.901937e-03
1.905085e-03
1.908236e-03
1.911390e-03
1.914546e-03
1.917704e-03
1.920866e-03
1.924030e-03
1.927196e-03
1.930365e-03
1.933537e-03
1.936711e-03
1.939888e-03
1.943068e-03
1.946250e-03
1.949434e-03
1.952622e-03
1.955812e-03
1.959004e-03
1.962199e-03
1.965397e-03
1.968597e-03
1.971800e-03
1.975006e-03
1.978214e-03
1.981425e-03
1.984638e-03
1.987854e-03
1.991072e-03
1.994293e-03
1.997517e-03
2.000743e-03
2.003972e-03
2.007204e-03
2.010438e-03
2.013675e-03
2.016914e-03
2.020156e-03
2.023400e-03
2.026648e-03
2.029897e-03
2.033150e-03
2.036405e-03
2.039662e-03
2.042922e-03
2.046185e-03
2.049450e-03
2.052718e-03
2.055989e-03
2.059262e-03
2.062538e-03
2.065816e-03
2.069097e-03
2.072380e-03
2.075666e-03
2.078955e-03
2.082246e-03
2.085540e-03
2.088837e-03
2.092136e-03
2.095438e-03
2.098742e-03
2.102049e-03
2.105359e-03
2.108671e-03
2.111985e-03
2.115303e-03
2.118623e-03
2.121945e-03
2.125270e-03
2.128598e-03
2.131928e-03
2.135261e-03
2.138597e-03
2.141935e-03
2.145276e-03
2.148619e-03
2.151965e-03
2.155314e-03
2.158665e-03
2.162018e-03
2.165375e-03
2.168734e-03
2.172095e-03
2.175459e-03
2.178826e-03
2.182195e-03
2.185567e-03
2.188942e-03
2.192319e-03
2.195699e-03
2.199081e-03
2.202466e-03
2.205854e-03
2.209244e-03
2.212637e-03
2.216032e-03
2.219430e-03
2.222830e-03
2.226234e-03
2.229639e-03
2.233048e-03
2.236459e-03
2.239872e-03
2.243288e-03
2.246707e-03
2.250128e-03
2.253552e-03
2.256979e-03
2.260408e-03
2.263840e-03
2.267274e-03
2.270711e-03
2.274151e-03
2.277593e-03
2.281037e-03
2.284485e-03
2.287935e-03
2.291387e-03
2.294842e-03
2.298300e-03
2.301761e-03
2.305224e-03
2.308689e-03
2.312157e-03
2.315628e-03
2.319101e-03
2.322577e-03
2.326056e-03
2.329537e-03
2.333021e-03
2.336507e-03
2.339996e-03
2.343488e-03
2.346982e-03
2.350479e-03
2.353978e-03
2.357480e-03
2.360984e-03
2.364492e-03
2.368001e-03
2.371514e-03
2.375029e-03
2.378546e-03
2.382066e-03
2.385589e-03
2.389115e-03
2.392642e-03
2.396173e-03
2.399706e-03
2.403242e-03
2.406780e-03
2.410321e-03
2.413865e-03
2.417411e-03
2.420960e-03
2.424511e-03
2.428065e-03
2.431622e-03
2.435181e-03
2.438743e-03
2.442307e-03
2.445874e-03
2.449444e-03
2.453016e-03
2.456590e-03
2.460168e-03
2.463748e-03
2.467330e-03
2.470916e-03
2.474503e-03
2.478094e-03
2.481687e-03
2.485282e-03
2.488880e-03
2.492481e-03
2.496085e-03
2.499691e-03
2.503299e-03
2.506910e-03
2.510524e-03
2.514140e-03
2.517759e-03
2.521381e-03
2.525005e-03
2.528632e-03
2.532261e-03
2.535893e-03
2.539528e-03
2.543165e-03
2.546805e-03
2.550447e-03
2.554092e-03
2.557740e-03
2.561390e-03
2.565043e-03
2.568698e-03
2.572356e-03
2.576017e-03
2.579680e-03
2.583346e-03
2.587014e-03
2.590685e-03
2.594359e-03
2.598035e-03
2.601714e-03
2.605395e-03
2.609079e-03
2.612766e-03
2.616455e-03
2.620147e-03
2.623841e-03
2.627538e-03
2.631238e-03
2.634940e-03
2.638644e-03
2.642352e-03
2.646062e-03
2.649774e-03
2.653490e-03
2.657207e-03
2.660928e-03
2.664651e-03
2.668376e-03
2.672105e-03
2.675835e-03
2.679569e-03
2.683305e-03
2.687043e-03
2.690785e-03
2.694528e-03
2.698275e-03
2.702024e-03
2.705775e-03
2.709530e-03
2.713286e-03
2.717046e-03
2.720808e-03
2.724572e-03
2.728340e-03
2.732109e-03
2.735882e-03
2.739657e-03
2.743434e-03
2.747215e-03
2.750997e-03
2.754783e-03
2.758571e-03
2.762361e-03
2.766155e-03
2.769950e-03
2.773749e-03
2.777550e-03
2.781353e-03
2.785160e-03
2.788968e-03
2.792780e-03
2.796594e-03
2.800410e-03
2.804230e-03
2.808051e-03
2.811876e-03
2.815703e-03
2.819532e-03
2.823365e-03
2.827200e-03
2.831037e-03
2.834877e-03
2.838720e-03
2.842565e-03
2.846413e-03
2.850263e-03
2.854116e-03
2.857972e-03
2.861830e-03
2.865691e-03
2.869554e-03
2.873420e-03
2.877289e-03
2.881160e-03
2.885034e-03
2.888910e-03
2.892789e-03
2.896671e-03
2.900555e-03
2.904442e-03
2.908331e-03
2.912223e-03
2.916118e-03
2.920015e-03
2.923915e-03
2.927817e-03
2.931722e-03
2.935630e-03
2.939540e-03
2.943453e-03
2.947368e-03
2.951286e-03
2.955207e-03
2.959130e-03
2.963056e-03
2.966985e-03
2.970916e-03
2.974849e-03
2.978785e-03
2.982724e-03
2.986666e-03
2.990610e-03
2.994556e-03
2.998506e-03
3.002457e-03
3.006412e-03
3.010369e-03
3.014328e-03
3.018291e-03
3.022256e-03
3.026223e-03
3.030193e-03
3.034166e-03
3.038141e-03
3.042119e-03
3.046099e-03
3.050082e-03
3.054068e-03
3.058056e-03
3.062047e-03
3.066040e-03
3.070036e-03
3.074035e-03
3.078036e-03
3.082040e-03
3.086046e-03
3.089391e-03
3.092722e-03
3.096040e-03
3.099346e-03
3.102638e-03
3.105918e-03
3.109184e-03
3.112438e-03
3.115678e-03
3.118906e-03
3.122120e-03
3.125322e-03
3.128511e-03
3.131686e-03
3.134849e-03
3.137999e-03
3.141136e-03
3.144260e-03
3.147371e-03
3.150468e-03
3.153553e-03
3.156625e-03
3.159684e-03
3.162730e-03
3.165763e-03
3.168784e-03
3.171791e-03
3.174785e-03
3.177766e-03
3.180734e-03
3.183690e-03
3.186632e-03
3.189561e-03
3.192478e-03
3.195381e-03
3.198271e-03
3.201149e-03
3.204013e-03
3.206865e-03
3.209703e-03
3.212529e-03
3.215342e-03
3.218141e-03
3.220928e-03
3.223702e-03
3.226462e-03
3.229210e-03
3.231945e-03
3.234667e-03
3.237376e-03
3.240072e-03
3.242755e-03
3.245425e-03
3.248082e-03
3.250726e-03
3.253357e-03
3.255975e-03
3.258580e-03
3.261172e-03
3.263751e-03
3.266318e-03
3.268871e-03
3.271411e-03
3.273939e-03
3.276453e-03
3.278954e-03
3.281443e-03
3.283918e-03
3.286381e-03
3.288830e-03
3.291267e-03
3.293691e-03
3.296101e-03
3.298499e-03
3.300884e-03
3.303255e-03
3.305614e-03
3.307960e-03
3.310293e-03
3.312613e-03
3.314919e-03
3.317213e-03
3.319494e-03
3.321762e-03
3.324017e-03
3.326259e-03
3.328488e-03
3.330705e-03
3.332908e-03
3.335098e-03
3.337275e-03
3.339439e-03
3.341591e-03
3.343729e-03
3.345854e-03
3.347967e-03
3.350066e-03
3.352153e-03
3.354226e-03
3.356287e-03
3.358334e-03
3.360369e-03
3.362390e-03
3.364399e-03
3.366395e-03
3.368377e-03
3.370347e-03
3.372304e-03
3.374248e-03
3.376179e-03
3.378096e-03
3.380001e-03
3.381893e-03
3.383772e-03
3.385638e-03
3.387491e-03
3.389331e-03
3.391158e-03
3.392973e-03
3.394774e-03
3.396562e-03
3.398337e-03
3.400099e-03
3.401849e-03
3.403585e-03
3.405308e-03
3.407019e-03
3.408716e-03
3.410401e-03
3.412072e-03
3.413731e-03
3.415376e-03
3.417009e-03
3.418628e-03
3.420235e-03
3.421829e-03
3.423409e-03
3.424977e-03
3.426532e-03
3.428074e-03
3.429603e-03
3.431119e-03
3.432621e-03
3.434111e-03
3.435588e-03
3.437052e-03
3.438503e-03
3.439942e-03
3.441367e-03
3.442779e-03
3.444178e-03
3.445564e-03
3.446937e-03
3.448298e-03
3.449645e-03
3.450979e-03
3.452301e-03
3.453609e-03
3.454905e-03
3.456187e-03
3.457456e-03
3.458713e-03
3.459957e-03
3.461187e-03
3.462405e-03
3.463609e-03
3.464801e-03
3.465980e-03
3.467146e-03
3.468298e-03
3.469438e-03
3.470565e-03
3.471679e-03
3.472780e-03
3.473868e-03
3.474943e-03
3.476005e-03
3.477054e-03
3.478090e-03
3.479113e-03
3.480123e-03
3.481120e-03
3.482105e-03
3.483076e-03
3.484034e-03
3.484980e-03
3.485912e-03
3.486831e-03
3.487738e-03
3.488631e-03
3.489512e-03
3.490379e-03
3.491234e-03
3.492075e-03
3.492904e-03
3.493719e-03
3.494522e-03
3.495312e-03
3.496089e-03
3.496852e-03
3.497603e-03
3.498341e-03
3.499066e-03
3.499778e-03
3.500477e-03
3.501163e-03
3.501836e-03
3.502496e-03
3.503143e-03
3.503777e-03
3.504398e-03
3.505006e-03
3.505601e-03
3.506183e-03
3.506753e-03
3.507309e-03
3.507852e-03
3.508383e-03
3.508900e-03
3.509405e-03
3.509896e-03
3.510374e-03
3.510840e-03
3.511293e-03
3.511732e-03
3.512159e-03
3.512572e-03
3.512973e-03
3.513361e-03
3.513736e-03
3.514097e-03
3.514446e-03
3.514782e-03
3.515105e-03
3.515415e-03
3.515712e-03
3.515996e-03
3.516267e-03
3.516525e-03
3.516770e-03
3.517002e-03
3.517221e-03
3.517427e-03
3.517620e-03
3.517801e-03
3.517968e-03
3.518122e-03
3.518264e-03
3.518392e-03
3.518507e-03
3.518610e-03
3.518699e-03
3.518776e-03
3.518839e-03
3.518890e-03
3.518927e-03
3.518952e-03
3.518964e-03
3.518962e-03
3.518948e-03
3.518921e-03
3.518881e-03
3.518827e-03
3.518761e-03
3.518682e-03
3.518590e-03
3.518485e-03
3.518367e-03
3.518236e-03
3.518092e-03
3.517935e-03
3.517765e-03
3.517582e-03
3.517387e-03
3.517178e-03
3.516956e-03
3.516721e-03
3.516474e-03
3.516213e-03
3.515939e-03
3.515653e-03
3.515353e-03
3.515041e-03
3.514715e-03
3.514377e-03
3.514025e-03
3.513661e-03
3.513283e-03
3.512893e-03
3.512490e-03
3.512074e-03
3.511644e-03
3.511202e-03
3.510747e-03
3.510279e-03
3.509798e-03
3.509304e-03
3.508797e-03
3.508277e-03
3.507744e-03
3.507420e-03
3.507420e-03
3.507420e-03
3.507420e-03
3.507420e-03
3.507420e-03
3.507420e-03
3.507420e-03
3.507420e-03
3.507420e-03
3.507420e-03
3.507420e-03
3.507420e-03
3.507420e-03
3.507420e-03
3.507420e-03
3.507420e-03
3.507420e-03
3.507420e-03
3.507420e-03
3.507420e-03
3.507420e-03
3.507420e-03
3.507420e-03
3.507420e-03
3.507420e-03
3.507420e-03
3.507420e-03
3.507420e-03
3.507420e-03
3.507420e-03
3.507420e-03
3.507420e-03
3.507420e-03
3.507420e-03
3.507420e-03
3.507420e-03
3.507420e-03
3.507420e-03
3.507420e-03
3.507420e-03
3.507420e-03
3.507420e-03
3.507420e-03
3.507420e-03
3.507420e-03
3.507420e-03
3.507420e-03
3.507420e-03
3.507420e-03
3.507420e-03
3.507420e-03
3.507420e-03
3.507420e-03
3.507420e-03
3.507420e-03
3.507420e-03
3.507420e-03
3.507420e-03
3.507420e-03
3.507420e-03
3.507420e-03
3.507420e-03
3.507420e-03
3.507420e-03
3.507420e-03
3.507420e-03
3.507420e-03
3.507420e-03
3.507420e-03
3.507420e-03
3.507420e-03
3.507420e-03
3.507420e-03
3.507420e-03
3.507420e-03
3.507420e-03
3.507420e-03
3.507420e-03
3.507420e-03
3.507420e-03
3.507420e-03
3.507420e-03
3.507420e-03
3.507420e-03
3.507420e-03
3.507420e-03
3.507420e-03
3.507420e-03
3.507420e-03
3.507420e-03
3.507420e-03
3.507420e-03
3.507420e-03
3.507420e-03
3.507420e-03
3.507420e-03
3.507420e-03
3.507420e-03
3.507420e-03
3.507420e-03
3.507420e-03
3.507420e-03
3.507420e-03
3.507420e-03
3.507420e-03
3.507420e-03
3.507420e-03
3.507420e-03
3.507420e-03
3.507420e-03
3.507420e-03
3.507420e-03
3.507420e-03
3.507420e-03
3.507420e-03
3.507420e-03
3.507420e-03
3.507420e-03
3.507420e-03
3.507420e-03
3.507420e-03
3.507420e-03
3.507420e-03
3.507420e-03
3.507420e-03
3.507420e-03
3.507420e-03
3.507420e-03
3.507420e-03
3.507420e-03
3.507420e-03
3.507420e-03
3.507420e-03
3.507420e-03
3.507420e-03
3.507420e-03
3.507420e-03
3.507420e-03
3.507420e-03
3.507420e-03
3.507420e-03
3.507420e-03
3.507420e-03
3.507420e-03
3.507420e-03
3.507420e-03
3.507420e-03
3.507420e-03
3.507420e-03
3.507420e-03
3.507420e-03
3.507420e-03
3.507420e-03
3.507420e-03
3.507420e-03
3.507420e-03
3.507420e-03
3.507420e-03
3.507420e-03
3.507420e-03
3.507420e-03
3.507420e-03
3.507420e-03
3.507420e-03
3.507420e-03
3.507420e-03
3.507420e-03
3.507420e-03
3.507420e-03
3.507420e-03
3.507420e-03
3.507420e-03
3.507420e-03
3.507420e-03
3.507420e-03
3.507420e-03
3.507420e-03
3.507420e-03
3.507420e-03
3.507420e-03
3.507420e-03
3.507420e-03
3.507420e-03
3.507420e-03
3.507420e-03
3.507420e-03
3.507420e-03
3.507420e-03
3.507420e-03
3.507420e-03
3.507420e-03
3.507420e-03
3.507420e-03
3.507420e-03
3.507420e-03
3.507420e-03
3.507420e-03
3.507420e-03
3.507420e-03
3.507420e-03
