0.000000e+00
1.110371e-07
2.246504e-07
3.408401e-07
4.596059e-07
5.809481e-07
7.048665e-07
8.313612e-07
9.604322e-07
1.092079e-06
1.226303e-06
1.363103e-06
1.502479e-06
1.644431e-06
1.788959e-06
1.936064e-06
2.085745e-06
2.238003e-06
2.392836e-06
2.550246e-06
2.710232e-06
2.872795e-06
3.037933e-06
3.205648e-06
3.375940e-06
3.548807e-06
3.724251e-06
3.902271e-06
4.082867e-06
4.266040e-06
4.451789e-06
4.640114e-06
4.831015e-06
5.024493e-06
5.220546e-06
5.419177e-06
5.620383e-06
5.824166e-06
6.030525e-06
6.239460e-06
6.450971e-06
6.665059e-06
6.881723e-06
7.100963e-06
7.322780e-06
7.547173e-06
7.774142e-06
8.003687e-06
8.235809e-06
8.470507e-06
8.707781e-06
8.947631e-06
9.190058e-06
9.435061e-06
9.682640e-06
9.932796e-06
1.018553e-05
1.044084e-05
1.069872e-05
1.095918e-05
1.122222e-05
1.148783e-05
1.175602e-05
1.202678e-05
1.230013e-05
1.257604e-05
1.285454e-05
1.313561e-05
1.341926e-05
1.370548e-05
1.399428e-05
1.428566e-05
1.457961e-05
1.487614e-05
1.517524e-05
1.547692e-05
1.578118e-05
1.608801e-05
1.639742e-05
1.670941e-05
1.702397e-05
1.734111e-05
1.766082e-05
1.798311e-05
1.830798e-05
1.863542e-05
1.896544e-05
1.929804e-05
1.963321e-05
1.997096e-05
2.031129e-05
2.065419e-05
2.099966e-05
2.134772e-05
2.169835e-05
2.205155e-05
2.240734e-05
2.276569e-05
2.312663e-05
2.349014e-05
2.385623e-05
2.422489e-05
2.459613e-05
2.496995e-05
2.534634e-05
2.572531e-05
2.610685e-05
2.649098e-05
2.687767e-05
2.726695e-05
2.765880e-05
2.805322e-05
2.845023e-05
2.884981e-05
2.925196e-05
2.965669e-05
3.006400e-05
3.047388e-05
3.088634e-05
3.130138e-05
3.171899e-05
3.213918e-05
3.256195e-05
3.298729e-05
3.341521e-05
3.384570e-05
3.427877e-05
3.471442e-05
3.515264e-05
3.559344e-05
3.603682e-05
3.648277e-05
3.693130e-05
3.738240e-05
3.783608e-05
3.829234e-05
3.875117e-05
3.921258e-05
3.967657e-05
4.014313e-05
4.061227e-05
4.108398e-05
4.155827e-05
4.203514e-05
4.251458e-05
4.299660e-05
4.348120e-05
4.396837e-05
4.445812e-05
4.495044e-05
4.544534e-05
4.594282e-05
4.644287e-05
4.694550e-05
4.745071e-05
4.795849e-05
4.846885e-05
4.898178e-05
4.949729e-05
5.001538e-05
5.053604e-05
5.105928e-05
5.158510e-05
5.211349e-05
5.264446e-05
5.317801e-05
5.371413e-05
5.425282e-05
5.479410e-05
5.533795e-05
5.588437e-05
5.643338e-05
5.698495e-05
5.753911e-05
5.809584e-05
5.865515e-05
5.921703e-05
5.978149e-05
6.034853e-05
6.091814e-05
6.149033e-05
6.206509e-05
6.264244e-05
6.322235e-05
6.380485e-05
6.438992e-05
6.497756e-05
6.556779e-05
6.616058e-05
6.675596e-05
6.735391e-05
6.795444e-05
6.855754e-05
6.916322e-05
6.977148e-05
7.038231e-05
7.099572e-05
7.161171e-05
7.223027e-05
7.285141e-05
7.347512e-05
7.410141e-05
7.473028e-05
7.536172e-05
7.599574e-05
7.663234e-05
7.727151e-05
7.791326e-05
7.855758e-05
7.920448e-05
7.985396e-05
8.050601e-05
8.116064e-05
8.181784e-05
8.247763e-05
8.313998e-05
8.380492e-05
8.447243e-05
8.514252e-05
8.581518e-05
8.649042e-05
8.716823e-05
8.784863e-05
8.853160e-05
8.921714e-05
8.990526e-05
9.059596e-05
9.128923e-05
9.198508e-05
9.268351e-05
9.338451e-05
9.408809e-05
9.479424e-05
9.550297e-05
9.621428e-05
9.692816e-05
9.764462e-05
9.836366e-05
9.908527e-05
9.980946e-05
1.005362e-04
1.012656e-04
1.019975e-04
1.027320e-04
1.034690e-04
1.042087e-04
1.049509e-04
1.056957e-04
1.064431e-04
1.071930e-04
1.079456e-04
1.087007e-04
1.094584e-04
1.102186e-04
1.109814e-04
1.117468e-04
1.125148e-04
1.132854e-04
1.140585e-04
1.148342e-04
1.156125e-04
1.163934e-04
1.171768e-04
1.179629e-04
1.187515e-04
1.195426e-04
1.203364e-04
1.211327e-04
1.219316e-04
1.227331e-04
1.235371e-04
1.243438e-04
1.251530e-04
1.259647e-04
1.267791e-04
1.275960e-04
1.284155e-04
1.292376e-04
1.300623e-04
1.308895e-04
1.317194e-04
1.325517e-04
1.333867e-04
1.342243e-04
1.350644e-04
1.359071e-04
1.367523e-04
1.376002e-04
1.384506e-04
1.393036e-04
1.401592e-04
1.410174e-04
1.418781e-04
1.427414e-04
1.436073e-04
1.444757e-04
1.453468e-04
1.462204e-04
1.470966e-04
1.479753e-04
1.488567e-04
1.497406e-04
1.506271e-04
1.515162e-04
1.524078e-04
1.533020e-04
1.541988e-04
1.550982e-04
1.560002e-04
1.569047e-04
1.578118e-04
1.587215e-04
1.596337e-04
1.605485e-04
1.614660e-04
1.623859e-04
1.633085e-04
1.642336e-04
1.651614e-04
1.660916e-04
1.670245e-04
1.679600e-04
1.688980e-04
1.698386e-04
1.707817e-04
1.717275e-04
1.726758e-04
1.736267e-04
1.745802e-04
1.755362e-04
1.764949e-04
1.774561e-04
1.784199e-04
1.793862e-04
1.803551e-04
1.813267e-04
1.823007e-04
1.832774e-04
1.842566e-04
1.852385e-04
1.862228e-04
1.872098e-04
1.881994e-04
1.891915e-04
1.901862e-04
1.911834e-04
1.921833e-04
1.931857e-04
1.941907e-04
1.951983e-04
1.962085e-04
1.972212e-04
1.982365e-04
1.992544e-04
2.002748e-04
2.012979e-04
2.023235e-04
2.033517e-04
2.043824e-04
2.054158e-04
2.064517e-04
2.074902e-04
2.085313e-04
2.095749e-04
2.106211e-04
2.116699e-04
2.127213e-04
2.137752e-04
2.148318e-04
2.158909e-04
2.169526e-04
2.180168e-04
2.190836e-04
2.201531e-04
2.212250e-04
2.222996e-04
2.233767e-04
2.244564e-04
2.255387e-04
2.266236e-04
2.277110e-04
2.288011e-04
2.298937e-04
2.309888e-04
2.320866e-04
2.331869e-04
2.342898e-04
2.353953e-04
2.365033e-04
2.376140e-04
2.387272e-04
2.398429e-04
2.409613e-04
2.420822e-04
2.432057e-04
2.443318e-04
2.454605e-04
2.465917e-04
2.477255e-04
2.488619e-04
2.500009e-04
2.511424e-04
2.522866e-04
2.534333e-04
2.545825e-04
2.557344e-04
2.568888e-04
2.580458e-04
2.592054e-04
2.603675e-04
2.615323e-04
2.626996e-04
2.638695e-04
2.650419e-04
2.662170e-04
2.673946e-04
2.685748e-04
2.697575e-04
2.709429e-04
2.721308e-04
2.733213e-04
2.745143e-04
2.757100e-04
2.769082e-04
2.781090e-04
2.793124e-04
2.805183e-04
2.817269e-04
2.829380e-04
2.841516e-04
2.853679e-04
2.865867e-04
2.878081e-04
2.890321e-04
2.902587e-04
2.914878e-04
2.927195e-04
2.939538e-04
2.951907e-04
2.964301e-04
2.976721e-04
2.989167e-04
3.001639e-04
3.014136e-04
3.026660e-04
3.039209e-04
3.051783e-04
3.064384e-04
3.077010e-04
3.089662e-04
3.102340e-04
3.115044e-04
3.127773e-04
3.140528e-04
3.153309e-04
3.166116e-04
3.178948e-04
3.191806e-04
3.204690e-04
3.217600e-04
3.230535e-04
3.243496e-04
3.256483e-04
3.269496e-04
3.282535e-04
3.295599e-04
3.308689e-04
3.321805e-04
3.334946e-04
3.348113e-04
3.361306e-04
3.374525e-04
3.387770e-04
3.401040e-04
3.414336e-04
3.427658e-04
3.441006e-04
3.454379e-04
3.467778e-04
3.481203e-04
3.494654e-04
3.508130e-04
3.521633e-04
3.535161e-04
3.548714e-04
3.562294e-04
3.575899e-04
3.589530e-04
3.603187e-04
3.616869e-04
3.630578e-04
3.644312e-04
3.658072e-04
3.671857e-04
3.685669e-04
3.699506e-04
3.713369e-04
3.727257e-04
3.741172e-04
3.755112e-04
3.769078e-04
3.783070e-04
3.797087e-04
3.811130e-04
3.825199e-04
3.839294e-04
3.853415e-04
3.867561e-04
3.881733e-04
3.895931e-04
3.910154e-04
3.924404e-04
3.938679e-04
3.952980e-04
3.967306e-04
3.981659e-04
3.996037e-04
4.010441e-04
4.024870e-04
4.039326e-04
4.053807e-04
4.068314e-04
4.082847e-04
4.097405e-04
4.111989e-04
4.126599e-04
4.141235e-04
4.155897e-04
4.170584e-04
4.185297e-04
4.200036e-04
4.214800e-04
4.229591e-04
4.244407e-04
4.259249e-04
4.274116e-04
4.289010e-04
4.303929e-04
4.318874e-04
4.333844e-04
4.348841e-04
4.363863e-04
4.378911e-04
4.393985e-04
4.409084e-04
4.424210e-04
4.439361e-04
4.454537e-04
4.469740e-04
4.484968e-04
4.500222e-04
4.515502e-04
4.530808e-04
4.546139e-04
4.561496e-04
4.576879e-04
4.592288e-04
4.607722e-04
4.623182e-04
4.638668e-04
4.654180e-04
4.669717e-04
4.685281e-04
4.700870e-04
4.716484e-04
4.732125e-04
4.747791e-04
4.763483e-04
4.779201e-04
4.794945e-04
4.810714e-04
4.826509e-04
4.842330e-04
4.858177e-04
4.874049e-04
4.889947e-04
4.905871e-04
4.921821e-04
4.937796e-04
4.953797e-04
4.969824e-04
4.985877e-04
5.001955e-04
5.018060e-04
5.034190e-04
5.050345e-04
5.066527e-04
5.082734e-04
5.098967e-04
5.115226e-04
5.131511e-04
5.147821e-04
5.164157e-04
5.180519e-04
5.196907e-04
5.213320e-04
5.229759e-04
5.246224e-04
5.262715e-04
5.279231e-04
5.295773e-04
5.312341e-04
5.328935e-04
5.345555e-04
5.362200e-04
5.378871e-04
5.395568e-04
5.412290e-04
5.429039e-04
5.445813e-04
5.462612e-04
5.479438e-04
5.496289e-04
5.513167e-04
5.530069e-04
5.546998e-04
5.563952e-04
5.580933e-04
5.597939e-04
5.614970e-04
5.632028e-04
5.649111e-04
5.666220e-04
5.683355e-04
5.700515e-04
5.717701e-04
5.734914e-04
5.752151e-04
5.769415e-04
5.786704e-04
5.804019e-04
5.821360e-04
5.838727e-04
5.856119e-04
5.873537e-04
5.890981e-04
5.908451e-04
5.925946e-04
5.943467e-04
5.961014e-04
5.978587e-04
5.996186e-04
6.013810e-04
6.031460e-04
6.049136e-04
6.066837e-04
6.084564e-04
6.102317e-04
6.120096e-04
6.137901e-04
6.155731e-04
6.173587e-04
6.191469e-04
6.209377e-04
6.227310e-04
6.245269e-04
6.263254e-04
6.281265e-04
6.299301e-04
6.317364e-04
6.335452e-04
6.353565e-04
6.371705e-04
6.389870e-04
6.408061e-04
6.426278e-04
6.444520e-04
6.462789e-04
6.481083e-04
6.499403e-04
6.517748e-04
6.536120e-04
6.554517e-04
6.572940e-04
6.591388e-04
6.609863e-04
6.628363e-04
6.646889e-04
6.665440e-04
6.684018e-04
6.702621e-04
6.721250e-04
6.739905e-04
6.758585e-04
6.777292e-04
6.796024e-04
6.814781e-04
6.833565e-04
6.852374e-04
6.871209e-04
6.890070e-04
6.908957e-04
6.927869e-04
6.946807e-04
6.965771e-04
6.984761e-04
7.003776e-04
7.022817e-04
7.041884e-04
7.060977e-04
7.080096e-04
7.099240e-04
7.118410e-04
7.137606e-04
7.156827e-04
7.176074e-04
7.195347e-04
7.214646e-04
7.233971e-04
7.253321e-04
7.272697e-04
7.292099e-04
7.311527e-04
7.330980e-04
7.350459e-04
7.369964e-04
7.389495e-04
7.409051e-04
7.428634e-04
7.448242e-04
7.467875e-04
7.487535e-04
7.507220e-04
7.526931e-04
7.546668e-04
7.566430e-04
7.586219e-04
7.606033e-04
7.625873e-04
7.645738e-04
7.665629e-04
7.685547e-04
7.705489e-04
7.725458e-04
7.745453e-04
7.765473e-04
7.785519e-04
7.805590e-04
7.825688e-04
7.845811e-04
7.865960e-04
7.886135e-04
7.906335e-04
7.926561e-04
7.946813e-04
7.967091e-04
7.987395e-04
8.007724e-04
8.028079e-04
8.048460e-04
8.068867e-04
8.089299e-04
8.109757e-04
8.130241e-04
8.150751e-04
8.171286e-04
8.191847e-04
8.212434e-04
8.233047e-04
8.253685e-04
8.274350e-04
8.295040e-04
8.315755e-04
8.336497e-04
8.357264e-04
8.378057e-04
8.398876e-04
8.419721e-04
8.440591e-04
8.461487e-04
8.482409e-04
8.503357e-04
8.524330e-04
8.545329e-04
8.566354e-04
8.587405e-04
8.608481e-04
8.629583e-04
8.650711e-04
8.671865e-04
8.693045e-04
8.714250e-04
8.735481e-04
8.756738e-04
8.778020e-04
8.799328e-04
8.820662e-04
8.842022e-04
8.863408e-04
8.884819e-04
8.906256e-04
8.927719e-04
8.949208e-04
8.970722e-04
8.992262e-04
9.013828e-04
9.035420e-04
9.057038e-04
9.078681e-04
9.100350e-04
9.122044e-04
9.143765e-04
9.165511e-04
9.187283e-04
9.209081e-04
9.230905e-04
9.252754e-04
9.274629e-04
9.296530e-04
9.318456e-04
9.340409e-04
9.362387e-04
9.384391e-04
9.406420e-04
9.428476e-04
9.450557e-04
9.472664e-04
9.494797e-04
9.516955e-04
9.539139e-04
9.561349e-04
9.583585e-04
9.605847e-04
9.628134e-04
9.650447e-04
9.672786e-04
9.695150e-04
9.717541e-04
9.739957e-04
9.762399e-04
9.784866e-04
9.807360e-04
9.829879e-04
9.852424e-04
9.874994e-04
9.897591e-04
9.920213e-04
9.942861e-04
9.965535e-04
9.988234e-04
1.001096e-03
1.003371e-03
1.005649e-03
1.007929e-03
1.010212e-03
1.012497e-03
1.014785e-03
1.017076e-03
1.019369e-03
1.021665e-03
1.023963e-03
1.026264e-03
1.028567e-03
1.030873e-03
1.033182e-03
1.035493e-03
1.037807e-03
1.040123e-03
1.042442e-03
1.044763e-03
1.047087e-03
1.049414e-03
1.051743e-03
1.054075e-03
1.056409e-03
1.058746e-03
1.061086e-03
1.063428e-03
1.065773e-03
1.068120e-03
1.070470e-03
1.072822e-03
1.075177e-03
1.077535e-03
1.079895e-03
1.082257e-03
1.084623e-03
1.086990e-03
1.089361e-03
1.091734e-03
1.094109e-03
1.096488e-03
1.098868e-03
1.101252e-03
1.103638e-03
1.106026e-03
1.108417e-03
1.110811e-03
1.113207e-03
1.115606e-03
1.118007e-03
1.120411e-03
1.122817e-03
1.125226e-03
1.127638e-03
1.130052e-03
1.132469e-03
1.134888e-03
1.137310e-03
1.139735e-03
1.142162e-03
1.144592e-03
1.147024e-03
1.149459e-03
1.151896e-03
1.154336e-03
1.156779e-03
1.159224e-03
1.161672e-03
1.164122e-03
1.166575e-03
1.169030e-03
1.171488e-03
1.173949e-03
1.176412e-03
1.178878e-03
1.181346e-03
1.183817e-03
1.186290e-03
1.188766e-03
1.191245e-03
1.193726e-03
1.196210e-03
1.198696e-03
1.201185e-03
1.203677e-03
1.206171e-03
1.208668e-03
1.211167e-03
1.213669e-03
1.216173e-03
1.218680e-03
1.221189e-03
1.223702e-03
1.226216e-03
1.228734e-03
1.231253e-03
1.233776e-03
1.236301e-03
1.238828e-03
1.241359e-03
1.243891e-03
1.246427e-03
1.248964e-03
1.251505e-03
1.254048e-03
1.256594e-03
1.259142e-03
1.261693e-03
1.264246e-03
1.266802e-03
1.269360e-03
1.271921e-03
1.274485e-03
1.277051e-03
1.279620e-03
1.282191e-03
1.284765e-03
1.287342e-03
1.289921e-03
1.292503e-03
1.295087e-03
1.297674e-03
1.300263e-03
1.302855e-03
1.305450e-03
1.308047e-03
1.310646e-03
1.313249e-03
1.315854e-03
1.318461e-03
1.321071e-03
1.323684e-03
1.326299e-03
1.328917e-03
1.331537e-03
1.334160e-03
1.336785e-03
1.339413e-03
1.342044e-03
1.344677e-03
1.347313e-03
1.349951e-03
1.352592e-03
1.355236e-03
1.357882e-03
1.360530e-03
1.363182e-03
1.365836e-03
1.368492e-03
1.371151e-03
1.373812e-03
1.376477e-03
1.379143e-03
1.381812e-03
1.384484e-03
1.387159e-03
1.389836e-03
1.392515e-03
1.395197e-03
1.397882e-03
1.400570e-03
1.403259e-03
1.405952e-03
1.408647e-03
1.411344e-03
1.414045e-03
1.416747e-03
1.419453e-03
1.422161e-03
1.424871e-03
1.427584e-03
1.430300e-03
1.433018e-03
1.435739e-03
1.438462e-03
1.441188e-03
1.443917e-03
1.446648e-03
1.449382e-03
1.452118e-03
1.454857e-03
1.457598e-03
1.460342e-03
1.463089e-03
1.465838e-03
1.468589e-03
1.471344e-03
1.474101e-03
1.476860e-03
1.479622e-03
1.482387e-03
1.485154e-03
1.487923e-03
1.490696e-03
1.493471e-03
1.496248e-03
1.499028e-03
1.501811e-03
1.504596e-03
1.507384e-03
1.510174e-03
1.512967e-03
1.515763e-03
1.518561e-03
1.521361e-03
1.524165e-03
1.526970e-03
1.529779e-03
1.532590e-03
1.535403e-03
1.538219e-03
1.541038e-03
1.543859e-03
1.546683e-03
1.549510e-03
1.552339e-03
1.555170e-03
1.558004e-03
1.560841e-03
1.563680e-03
1.566522e-03
1.569367e-03
1.572214e-03
1.575063e-03
1.577916e-03
1.580770e-03
1.583628e-03
1.586488e-03
1.589350e-03
1.592215e-03
1.595083e-03
1.597953e-03
1.600826e-03
1.603701e-03
1.606579e-03
1.609460e-03
1.612343e-03
1.615228e-03
1.618117e-03
1.621007e-03
1.623901e-03
1.626797e-03
1.629695e-03
1.632597e-03
1.635500e-03
1.638407e-03
1.641315e-03
1.644227e-03
1.647141e-03
1.650057e-03
1.652977e-03
1.655898e-03
1.658823e-03
1.661750e-03
1.664679e-03
1.667611e-03
1.670546e-03
1.673483e-03
1.676423e-03
1.679365e-03
1.682310e-03
1.685258e-03
1.688208e-03
1.691160e-03
1.694115e-03
1.697073e-03
1.700034e-03
1.702997e-03
1.705962e-03
1.708930e-03
1.711901e-03
1.714874e-03
1.717850e-03
1.720829e-03
1.723810e-03
1.726793e-03
1.729779e-03
1.732768e-03
1.735759e-03
1.738753e-03
1.741750e-03
1.744749e-03
1.747750e-03
1.750754e-03
1.753761e-03
1.756771e-03
1.759782e-03
1.762797e-03
1.765814e-03
1.768834e-03
1.771856e-03
1.774881e-03
1.777908e-03
1.780938e-03
1.783971e-03
1.787006e-03
1.790043e-03
1.793084e-03
1.796126e-03
1.799172e-03
1.802220e-03
1.805270e-03
1.808323e-03
1.811379e-03
1.814437e-03
1.817498e-03
1.820562e-03
1.823628e-03
1.826696e-03
1.829768e-03
1.832841e-03
1.835918e-03
1.838996e-03
1.842078e-03
1.845162e-03
1.848249e-03
1.851338e-03
1.854430e-03
1.857524e-03
1.860621e-03
1.863720e-03
1.866822e-03
1.869927e-03
1.873034e-03
1.876144e-03
1.879257e-03
1.882372e-03
1.885489e-03
1.888609e-03
1.891732e-03
1.894857e-03
1.897985e-03
1.901115e-03
1.904248e-03
1.907384e-03
1.910522e-03
1.913663e-03
1.916806e-03
1.919952e-03
1.923101e-03
1.926252e-03
1.929405e-03
1.932561e-03
1.935720e-03
1.938881e-03
1.942045e-03
1.945212e-03
1.948381e-03
1.951553e-03
1.954727e-03
1.957904e-03
1.961083e-03
1.964265e-03
1.967449e-03
1.970636e-03
1.973826e-03
1.977018e-03
1.980213e-03
1.983411e-03
1.986611e-03
1.989813e-03
1.993018e-03
1.996226e-03
1.999436e-03
2.002649e-03
2.005865e-03
2.009083e-03
2.012303e-03
2.015526e-03
2.018752e-03
2.021980e-03
2.025211e-03
2.028445e-03
2.031681e-03
2.034919e-03
2.038161e-03
2.041404e-03
2.044651e-03
2.047900e-03
2.051151e-03
2.054405e-03
2.057662e-03
2.060921e-03
2.064183e-03
2.067447e-03
2.070714e-03
2.073984e-03
2.077256e-03
2.080531e-03
2.083808e-03
2.087088e-03
2.090370e-03
2.093655e-03
2.096943e-03
2.100233e-03
2.103526e-03
2.106821e-03
2.110119e-03
2.113419e-03
2.116722e-03
2.120028e-03
2.123336e-03
2.126647e-03
2.129960e-03
2.133276e-03
2.136595e-03
2.139916e-03
2.143239e-03
2.146566e-03
2.149894e-03
2.153226e-03
2.156560e-03
2.159896e-03
2.163235e-03
2.166577e-03
2.169921e-03
2.173268e-03
2.176617e-03
2.179969e-03
2.183324e-03
2.186681e-03
2.190041e-03
2.193403e-03
2.196768e-03
2.200135e-03
2.203505e-03
2.206878e-03
2.210253e-03
2.213631e-03
2.217011e-03
2.220394e-03
2.223780e-03
2.227168e-03
2.230558e-03
2.233952e-03
2.237347e-03
2.240746e-03
2.244147e-03
2.247550e-03
2.250956e-03
2.254365e-03
2.257776e-03
2.261190e-03
2.264606e-03
2.268025e-03
2.271447e-03
2.274871e-03
2.278298e-03
2.281727e-03
2.285159e-03
2.288593e-03
2.292030e-03
2.295470e-03
2.298912e-03
2.302357e-03
2.305804e-03
2.309254e-03
2.312706e-03
2.316161e-03
2.319619e-03
2.323079e-03
2.326542e-03
2.330007e-03
2.333475e-03
2.336946e-03
2.340419e-03
2.343894e-03
2.347372e-03
2.350853e-03
2.354337e-03
2.357823e-03
2.361311e-03
2.364802e-03
2.368296e-03
2.371792e-03
2.375291e-03
2.378792e-03
2.382296e-03
2.385803e-03
2.389312e-03
2.392824e-03
2.396338e-03
2.399855e-03
2.403374e-03
2.406896e-03
2.410421e-03
2.413948e-03
2.417478e-03
2.421010e-03
2.424545e-03
2.428082e-03
2.431623e-03
2.435165e-03
2.438710e-03
2.442258e-03
2.445808e-03
2.449361e-03
2.452917e-03
2.456475e-03
2.460036e-03
2.463599e-03
2.467165e-03
2.470733e-03
2.474304e-03
2.477878e-03
2.481454e-03
2.485032e-03
2.488614e-03
2.492198e-03
2.495784e-03
2.499373e-03
2.502965e-03
2.506559e-03
2.510155e-03
2.513755e-03
2.517357e-03
2.520961e-03
2.524568e-03
2.528178e-03
2.531790e-03
2.535405e-03
2.539022e-03
2.542642e-03
2.546264e-03
2.549889e-03
2.553517e-03
2.557147e-03
2.560780e-03
2.564415e-03
2.568053e-03
2.571694e-03
2.575337e-03
2.578983e-03
2.582631e-03
2.586282e-03
2.589935e-03
2.593591e-03
2.597250e-03
2.600911e-03
2.604575e-03
2.608241e-03
2.611910e-03
2.615581e-03
2.619255e-03
2.622932e-03
2.626611e-03
2.630293e-03
2.633977e-03
2.637664e-03
2.641353e-03
2.645045e-03
2.648740e-03
2.652437e-03
2.656137e-03
2.659839e-03
2.663544e-03
2.667252e-03
2.670962e-03
2.674674e-03
2.678390e-03
2.682108e-03
2.685828e-03
2.689551e-03
2.693276e-03
2.697005e-03
2.700735e-03
2.704468e-03
2.708204e-03
2.711943e-03
2.715684e-03
2.719427e-03
2.723173e-03
2.726922e-03
2.730673e-03
2.734427e-03
2.738184e-03
2.741943e-03
2.745704e-03
2.749469e-03
2.753235e-03
2.757005e-03
2.760777e-03
2.764551e-03
2.768328e-03
2.772108e-03
2.775890e-03
2.779675e-03
2.783462e-03
2.787252e-03
2.791045e-03
2.794840e-03
2.798637e-03
2.802438e-03
2.806241e-03
2.810046e-03
2.813854e-03
2.817664e-03
2.821478e-03
2.825293e-03
2.829112e-03
2.832932e-03
2.836756e-03
2.840582e-03
2.844411e-03
2.848242e-03
2.852075e-03
2.855912e-03
2.859751e-03
2.863592e-03
2.867436e-03
2.871283e-03
2.875132e-03
2.878984e-03
2.882838e-03
2.886695e-03
2.890555e-03
2.894417e-03
2.898281e-03
2.902149e-03
2.906018e-03
2.909891e-03
2.913766e-03
2.917643e-03
2.921523e-03
2.925406e-03
2.929291e-03
2.933179e-03
2.937070e-03
2.940963e-03
2.944858e-03
2.948756e-03
2.952657e-03
2.956560e-03
2.960466e-03
2.964375e-03
2.968286e-03
2.972199e-03
2.976115e-03
2.980034e-03
2.983956e-03
2.987879e-03
2.991806e-03
2.995735e-03
2.999667e-03
3.003601e-03
3.007538e-03
3.011477e-03
3.015419e-03
3.019363e-03
3.023311e-03
3.027260e-03
3.031212e-03
3.035167e-03
3.039125e-03
3.043085e-03
3.047047e-03
3.051012e-03
3.054980e-03
3.058950e-03
3.062259e-03
3.065554e-03
3.068836e-03
3.072106e-03
3.075362e-03
3.078606e-03
3.081837e-03
3.085056e-03
3.088261e-03
3.091453e-03
3.094633e-03
3.097800e-03
3.100954e-03
3.104095e-03
3.107223e-03
3.110339e-03
3.113441e-03
3.116531e-03
3.119608e-03
3.122672e-03
3.125723e-03
3.128761e-03
3.131787e-03
3.134799e-03
3.137799e-03
3.140786e-03
3.143760e-03
3.146721e-03
3.149670e-03
3.152605e-03
3.155528e-03
3.158438e-03
3.161335e-03
3.164219e-03
3.167090e-03
3.169949e-03
3.172794e-03
3.175627e-03
3.178447e-03
3.181254e-03
3.184048e-03
3.186830e-03
3.189598e-03
3.192354e-03
3.195097e-03
3.197827e-03
3.200544e-03
3.203248e-03
3.205940e-03
3.208618e-03
3.211284e-03
3.213937e-03
3.216577e-03
3.219204e-03
3.221819e-03
3.224420e-03
3.227009e-03
3.229585e-03
3.232148e-03
3.234698e-03
3.237235e-03
3.239760e-03
3.242271e-03
3.244770e-03
3.247256e-03
3.249729e-03
3.252189e-03
3.254636e-03
3.257071e-03
3.259493e-03
3.261901e-03
3.264297e-03
3.266681e-03
3.269051e-03
3.271408e-03
3.273753e-03
3.276085e-03
3.278403e-03
3.280709e-03
3.283003e-03
3.285283e-03
3.287550e-03
3.289805e-03
3.292047e-03
3.294276e-03
3.296492e-03
3.298695e-03
3.300886e-03
3.303063e-03
3.305228e-03
3.307380e-03
3.309519e-03
3.311645e-03
3.313758e-03
3.315859e-03
3.317947e-03
3.320021e-03
3.322083e-03
3.324132e-03
3.326169e-03
3.328192e-03
3.330203e-03
3.332200e-03
3.334185e-03
3.336157e-03
3.338116e-03
3.340063e-03
3.341996e-03
3.343917e-03
3.345825e-03
3.347719e-03
3.349602e-03
3.351471e-03
3.353327e-03
3.355171e-03
3.357001e-03
3.358819e-03
3.360624e-03
3.362416e-03
3.364196e-03
3.365962e-03
3.367716e-03
3.369457e-03
3.371185e-03
3.372900e-03
3.374602e-03
3.376291e-03
3.377968e-03
3.379631e-03
3.381282e-03
3.382920e-03
3.384545e-03
3.386158e-03
3.387757e-03
3.389344e-03
3.390917e-03
3.392478e-03
3.394026e-03
3.395562e-03
3.397084e-03
3.398594e-03
3.400090e-03
3.401574e-03
3.403045e-03
3.404503e-03
3.405948e-03
3.407381e-03
3.408800e-03
3.410207e-03
3.411601e-03
3.412982e-03
3.414350e-03
3.415706e-03
3.417048e-03
3.418378e-03
3.419695e-03
3.420999e-03
3.422290e-03
3.423568e-03
3.424834e-03
3.426086e-03
3.427326e-03
3.428553e-03
3.429767e-03
3.430968e-03
3.432156e-03
3.433332e-03
3.434494e-03
3.435644e-03
3.436781e-03
3.437905e-03
3.439017e-03
3.440115e-03
3.441201e-03
3.442273e-03
3.443333e-03
3.444380e-03
3.445414e-03
3.446436e-03
3.447444e-03
3.448440e-03
3.449423e-03
3.450392e-03
3.451350e-03
3.452294e-03
3.453225e-03
3.454144e-03
3.455049e-03
3.455942e-03
3.456822e-03
3.457690e-03
3.458544e-03
3.459385e-03
3.460214e-03
3.461030e-03
3.461833e-03
3.462623e-03
3.463400e-03
3.464164e-03
3.464916e-03
3.465655e-03
3.466380e-03
3.467093e-03
3.467794e-03
3.468481e-03
3.469155e-03
3.469817e-03
3.470466e-03
3.471102e-03
3.471725e-03
3.472335e-03
3.472932e-03
3.473517e-03
3.474089e-03
3.474647e-03
3.475193e-03
3.475726e-03
3.476247e-03
3.476754e-03
3.477249e-03
3.477731e-03
3.478199e-03
3.478656e-03
3.479099e-03
3.479529e-03
3.479947e-03
3.480351e-03
3.480743e-03
3.481122e-03
3.481488e-03
3.481842e-03
3.482182e-03
3.482510e-03
3.482824e-03
3.483126e-03
3.483415e-03
3.483691e-03
3.483955e-03
3.484205e-03
3.484443e-03
3.484668e-03
3.484880e-03
3.485079e-03
3.485265e-03
3.485439e-03
3.485599e-03
3.485747e-03
3.485882e-03
3.486004e-03
3.486113e-03
3.486209e-03
3.486293e-03
3.486363e-03
3.486421e-03
3.486466e-03
3.486498e-03
3.486518e-03
3.486524e-03
3.486517e-03
3.486498e-03
3.486466e-03
3.486421e-03
3.486363e-03
3.486293e-03
3.486209e-03
3.486113e-03
3.486003e-03
3.485881e-03
3.485747e-03
3.485599e-03
3.485438e-03
3.485265e-03
3.485078e-03
3.484879e-03
3.484667e-03
3.484442e-03
3.484205e-03
3.483954e-03
3.483691e-03
3.483415e-03
3.483126e-03
3.482824e-03
3.482509e-03
3.482181e-03
3.481841e-03
3.481487e-03
3.481121e-03
3.480742e-03
3.480350e-03
3.479946e-03
3.479528e-03
3.479098e-03
3.478655e-03
3.478199e-03
3.477730e-03
3.477248e-03
3.476753e-03
3.476246e-03
3.475725e-03
3.475192e-03
3.474868e-03
3.474868e-03
3.474868e-03
3.474868e-03
3.474868e-03
3.474868e-03
3.474868e-03
3.474868e-03
3.474868e-03
3.474868e-03
3.474868e-03
3.474868e-03
3.474868e-03
3.474868e-03
3.474868e-03
3.474868e-03
3.474868e-03
3.474868e-03
3.474868e-03
3.474868e-03
3.474868e-03
3.474868e-03
3.474868e-03
3.474868e-03
3.474868e-03
3.474868e-03
3.474868e-03
3.474868e-03
3.474868e-03
3.474868e-03
3.474868e-03
3.474868e-03
3.474868e-03
3.474868e-03
3.474868e-03
3.474868e-03
3.474868e-03
3.474868e-03
3.474868e-03
3.474868e-03
3.474868e-03
3.474868e-03
3.474868e-03
3.474868e-03
3.474868e-03
3.474868e-03
3.474868e-03
3.474868e-03
3.474868e-03
3.474868e-03
3.474868e-03
3.474868e-03
3.474868e-03
3.474868e-03
3.474868e-03
3.474868e-03
3.474868e-03
3.474868e-03
3.474868e-03
3.474868e-03
3.474868e-03
3.474868e-03
3.474868e-03
3.474868e-03
3.474868e-03
3.474868e-03
3.474868e-03
3.474868e-03
3.474868e-03
3.474868e-03
3.474868e-03
3.474868e-03
3.474868e-03
3.474868e-03
3.474868e-03
3.474868e-03
3.474868e-03
3.474868e-03
3.474868e-03
3.474868e-03
3.474868e-03
3.474868e-03
3.474868e-03
3.474868e-03
3.474868e-03
3.474868e-03
3.474868e-03
3.474868e-03
3.474868e-03
3.474868e-03
3.474868e-03
3.474868e-03
3.474868e-03
3.474868e-03
3.474868e-03
3.474868e-03
3.474868e-03
3.474868e-03
3.474868e-03
3.474868e-03
3.474868e-03
3.474868e-03
3.474868e-03
3.474868e-03
3.474868e-03
3.474868e-03
3.474868e-03
3.474868e-03
3.474868e-03
3.474868e-03
3.474868e-03
3.474868e-03
3.474868e-03
3.474868e-03
3.474868e-03
3.474868e-03
3.474868e-03
3.474868e-03
3.474868e-03
3.474868e-03
3.474868e-03
3.474868e-03
3.474868e-03
3.474868e-03
3.474868e-03
3.474868e-03
3.474868e-03
3.474868e-03
3.474868e-03
3.474868e-03
3.474868e-03
3.474868e-03
3.474868e-03
3.474868e-03
3.474868e-03
3.474868e-03
3.474868e-03
3.474868e-03
3.474868e-03
3.474868e-03
3.474868e-03
3.474868e-03
3.474868e-03
3.474868e-03
3.474868e-03
3.474868e-03
3.474868e-03
3.474868e-03
3.474868e-03
3.474868e-03
3.474868e-03
3.474868e-03
3.474868e-03
3.474868e-03
3.474868e-03
3.474868e-03
3.474868e-03
3.474868e-03
3.474868e-03
3.474868e-03
3.474868e-03
3.474868e-03
3.474868e-03
3.474868e-03
3.474868e-03
3.474868e-03
3.474868e-03
3.474868e-03
3.474868e-03
3.474868e-03
3.474868e-03
3.474868e-03
3.474868e-03
3.474868e-03
3.474868e-03
3.474868e-03
3.474868e-03
3.474868e-03
3.474868e-03
3.474868e-03
3.474868e-03
3.474868e-03
3.474868e-03
3.474868e-03
3.474868e-03
3.474868e-03
3.474868e-03
3.474868e-03
3.474868e-03
3.474868e-03
3.474868e-03
3.474868e-03
3.474868e-03
3.474868e-03
3.474868e-03
3.474868e-03
3.474868e-03
3.474868e-03
3.474868e-03
3.474868e-03
3.474868e-03
