0.000000e+00
1.110371e-07
2.245472e-07
3.405302e-07
4.589863e-07
5.799153e-07
7.033173e-07
8.291923e-07
9.575403e-07
1.088361e-06
1.221655e-06
1.357422e-06
1.495662e-06
1.636375e-06
1.779561e-06
1.925220e-06
2.073352e-06
2.223957e-06
2.377034e-06
2.532585e-06
2.690609e-06
2.851106e-06
3.014076e-06
3.179519e-06
3.347434e-06
3.517823e-06
3.690685e-06
3.866020e-06
4.043827e-06
4.224108e-06
4.406862e-06
4.592088e-06
4.779788e-06
4.969961e-06
5.162606e-06
5.357725e-06
5.555317e-06
5.755381e-06
5.957919e-06
6.162929e-06
6.370413e-06
6.580369e-06
6.792799e-06
7.007701e-06
7.225077e-06
7.444925e-06
7.667247e-06
7.892041e-06
8.119309e-06
8.349049e-06
8.581263e-06
8.815949e-06
9.053108e-06
9.292741e-06
9.534846e-06
9.779424e-06
1.002648e-05
1.027600e-05
1.052800e-05
1.078247e-05
1.103941e-05
1.129883e-05
1.156072e-05
1.182508e-05
1.209191e-05
1.236122e-05
1.263300e-05
1.290726e-05
1.318398e-05
1.346318e-05
1.374486e-05
1.402900e-05
1.431562e-05
1.460472e-05
1.489628e-05
1.519032e-05
1.548683e-05
1.578581e-05
1.608727e-05
1.639120e-05
1.669760e-05
1.700648e-05
1.731783e-05
1.763165e-05
1.794795e-05
1.826671e-05
1.858795e-05
1.891167e-05
1.923786e-05
1.956652e-05
1.989765e-05
2.023125e-05
2.056733e-05
2.090588e-05
2.124691e-05
2.159041e-05
2.193638e-05
2.228482e-05
2.263574e-05
2.298913e-05
2.334499e-05
2.370333e-05
2.406414e-05
2.442742e-05
2.479317e-05
2.516140e-05
2.553210e-05
2.590527e-05
2.628092e-05
2.665904e-05
2.703963e-05
2.742270e-05
2.780824e-05
2.819625e-05
2.858673e-05
2.897969e-05
2.937512e-05
2.977302e-05
3.017340e-05
3.057625e-05
3.098157e-05
3.138937e-05
3.179964e-05
3.221238e-05
3.262759e-05
3.304528e-05
3.346544e-05
3.388807e-05
3.431318e-05
3.474076e-05
3.517081e-05
3.560334e-05
3.603834e-05
3.647581e-05
3.691575e-05
3.735817e-05
3.780306e-05
3.825042e-05
3.870026e-05
3.915257e-05
3.960735e-05
4.006460e-05
4.052433e-05
4.098653e-05
4.145121e-05
4.191835e-05
4.238797e-05
4.286007e-05
4.333463e-05
4.381167e-05
4.429119e-05
4.477317e-05
4.525763e-05
4.574456e-05
4.623396e-05
4.672584e-05
4.722019e-05
4.771701e-05
4.821631e-05
4.871808e-05
4.922232e-05
4.972903e-05
5.023822e-05
5.074988e-05
5.126402e-05
5.178062e-05
5.229970e-05
5.282126e-05
5.334528e-05
5.387178e-05
5.440075e-05
5.493220e-05
5.546612e-05
5.600251e-05
5.654137e-05
5.708271e-05
5.762652e-05
5.817280e-05
5.872156e-05
5.927278e-05
5.982649e-05
6.038266e-05
6.094131e-05
6.150243e-05
6.206602e-05
6.263209e-05
6.320063e-05
6.377164e-05
6.434513e-05
6.492108e-05
6.549952e-05
6.608042e-05
6.666380e-05
6.724965e-05
6.783797e-05
6.842877e-05
6.902204e-05
6.961778e-05
7.021600e-05
7.081668e-05
7.141985e-05
7.202548e-05
7.263359e-05
7.324417e-05
7.385722e-05
7.447275e-05
7.509075e-05
7.571122e-05
7.633416e-05
7.695958e-05
7.758747e-05
7.821784e-05
7.885067e-05
7.948598e-05
8.012377e-05
8.076402e-05
8.140675e-05
8.205196e-05
8.269963e-05
8.334978e-05
8.400240e-05
8.465749e-05
8.531506e-05
8.597510e-05
8.663761e-05
8.730260e-05
8.797006e-05
8.863999e-05
8.931240e-05
8.998727e-05
9.066462e-05
9.134445e-05
9.202675e-05
9.271152e-05
9.339876e-05
9.408847e-05
9.478066e-05
9.547533e-05
9.617246e-05
9.687207e-05
9.757415e-05
9.827870e-05
9.898573e-05
9.969523e-05
1.004072e-04
1.011216e-04
1.018386e-04
1.025580e-04
1.032798e-04
1.040042e-04
1.047310e-04
1.054603e-04
1.061920e-04
1.069262e-04
1.076629e-04
1.084021e-04
1.091438e-04
1.098879e-04
1.106345e-04
1.113836e-04
1.121351e-04
1.128891e-04
1.136456e-04
1.144046e-04
1.151660e-04
1.159299e-04
1.166963e-04
1.174651e-04
1.182364e-04
1.190102e-04
1.197865e-04
1.205653e-04
1.213465e-04
1.221302e-04
1.229163e-04
1.237050e-04
1.244961e-04
1.252896e-04
1.260857e-04
1.268842e-04
1.276852e-04
1.284887e-04
1.292946e-04
1.301031e-04
1.309140e-04
1.317273e-04
1.325432e-04
1.333615e-04
1.341823e-04
1.350055e-04
1.358312e-04
1.366595e-04
1.374901e-04
1.383233e-04
1.391589e-04
1.399970e-04
1.408376e-04
1.416806e-04
1.425261e-04
1.433741e-04
1.442246e-04
1.450775e-04
1.459329e-04
1.467908e-04
1.476511e-04
1.485140e-04
1.493793e-04
1.502470e-04
1.511173e-04
1.519900e-04
1.528652e-04
1.537428e-04
1.546230e-04
1.555056e-04
1.563907e-04
1.572782e-04
1.581682e-04
1.590607e-04
1.599557e-04
1.608532e-04
1.617531e-04
1.626555e-04
1.635603e-04
1.644677e-04
1.653775e-04
1.662898e-04
1.672045e-04
1.681218e-04
1.690415e-04
1.699637e-04
1.708883e-04
1.718154e-04
1.727450e-04
1.736771e-04
1.746116e-04
1.755486e-04
1.764881e-04
1.774301e-04
1.783745e-04
1.793214e-04
1.802708e-04
1.812227e-04
1.821770e-04
1.831338e-04
1.840931e-04
1.850548e-04
1.860190e-04
1.869857e-04
1.879549e-04
1.889265e-04
1.899006e-04
1.908772e-04
1.918563e-04
1.928378e-04
1.938218e-04
1.948083e-04
1.957972e-04
1.967886e-04
1.977825e-04
1.987789e-04
1.997777e-04
2.007790e-04
2.017828e-04
2.027891e-04
2.037978e-04
2.048090e-04
2.058227e-04
2.068388e-04
2.078575e-04
2.088786e-04
2.099021e-04
2.109282e-04
2.119567e-04
2.129877e-04
2.140211e-04
2.150571e-04
2.160955e-04
2.171364e-04
2.181797e-04
2.192255e-04
2.202738e-04
2.213246e-04
2.223779e-04
2.234336e-04
2.244918e-04
2.255524e-04
2.266156e-04
2.276812e-04
2.287493e-04
2.298198e-04
2.308928e-04
2.319683e-04
2.330463e-04
2.341268e-04
2.352097e-04
2.362951e-04
2.373829e-04
2.384733e-04
2.395661e-04
2.406614e-04
2.417591e-04
2.428594e-04
2.439621e-04
2.450673e-04
2.461749e-04
2.472850e-04
2.483976e-04
2.495127e-04
2.506302e-04
2.517503e-04
2.528727e-04
2.539977e-04
2.551251e-04
2.562550e-04
2.573874e-04
2.585223e-04
2.596596e-04
2.607994e-04
2.619417e-04
2.630864e-04
2.642336e-04
2.653833e-04
2.665355e-04
2.676901e-04
2.688472e-04
2.700068e-04
2.711689e-04
2.723334e-04
2.735004e-04
2.746699e-04
2.758418e-04
2.770163e-04
2.781932e-04
2.793725e-04
2.805544e-04
2.817387e-04
2.829255e-04
2.841147e-04
2.853065e-04
2.865007e-04
2.876973e-04
2.888965e-04
2.900981e-04
2.913022e-04
2.925088e-04
2.937178e-04
2.949293e-04
2.961433e-04
2.973598e-04
2.985787e-04
2.998001e-04
3.010240e-04
3.022504e-04
3.034792e-04
3.047105e-04
3.059443e-04
3.071805e-04
3.084192e-04
3.096604e-04
3.109041e-04
3.121502e-04
3.133988e-04
3.146499e-04
3.159035e-04
3.171595e-04
3.184180e-04
3.196790e-04
3.209424e-04
3.222084e-04
3.234768e-04
3.247476e-04
3.260210e-04
3.272968e-04
3.285751e-04
3.298558e-04
3.311391e-04
3.324248e-04
3.337129e-04
3.350036e-04
3.362967e-04
3.375923e-04
3.388904e-04
3.401909e-04
3.414939e-04
3.427994e-04
3.441074e-04
3.454178e-04
3.467307e-04
3.480461e-04
3.493640e-04
3.506843e-04
3.520071e-04
3.533324e-04
3.546601e-04
3.559903e-04
3.573230e-04
3.586582e-04
3.599958e-04
3.613359e-04
3.626785e-04
3.640236e-04
3.653711e-04
3.667211e-04
3.680736e-04
3.694285e-04
3.707860e-04
3.721459e-04
3.735082e-04
3.748731e-04
3.762404e-04
3.776102e-04
3.789824e-04
3.803572e-04
3.817344e-04
3.831141e-04
3.844962e-04
3.858808e-04
3.872679e-04
3.886575e-04
3.900495e-04
3.914441e-04
3.928411e-04
3.942405e-04
3.956424e-04
3.970469e-04
3.984537e-04
3.998631e-04
4.012749e-04
4.026892e-04
4.041060e-04
4.055252e-04
4.069470e-04
4.083712e-04
4.097978e-04
4.112270e-04
4.126586e-04
4.140927e-04
4.155292e-04
4.169682e-04
4.184098e-04
4.198537e-04
4.213002e-04
4.227491e-04
4.242005e-04
4.256544e-04
4.271107e-04
4.285695e-04
4.300308e-04
4.314946e-04
4.329608e-04
4.344295e-04
4.359007e-04
4.373743e-04
4.388505e-04
4.403291e-04
4.418101e-04
4.432937e-04
4.447797e-04
4.462682e-04
4.477592e-04
4.492526e-04
4.507485e-04
4.522469e-04
4.537477e-04
4.552511e-04
4.567569e-04
4.582651e-04
4.597759e-04
4.612891e-04
4.628048e-04
4.643230e-04
4.658436e-04
4.673667e-04
4.688923e-04
4.704204e-04
4.719509e-04
4.734839e-04
4.750194e-04
4.765573e-04
4.780977e-04
4.796406e-04
4.811860e-04
4.827339e-04
4.842842e-04
4.858370e-04
4.873922e-04
4.889500e-04
4.905102e-04
4.920728e-04
4.936380e-04
4.952056e-04
4.967757e-04
4.983483e-04
4.999233e-04
5.015009e-04
5.030808e-04
5.046633e-04
5.062482e-04
5.078357e-04
5.094255e-04
5.110179e-04
5.126127e-04
5.142100e-04
5.158098e-04
5.174120e-04
5.190168e-04
5.206240e-04
5.222336e-04
5.238458e-04
5.254604e-04
5.270775e-04
5.286970e-04
5.303191e-04
5.319436e-04
5.335705e-04
5.352000e-04
5.368319e-04
5.384663e-04
5.401032e-04
5.417425e-04
5.433843e-04
5.450286e-04
5.466754e-04
5.483246e-04
5.499763e-04
5.516305e-04
5.532872e-04
5.549463e-04
5.566079e-04
5.582720e-04
5.599385e-04
5.616075e-04
5.632790e-04
5.649530e-04
5.666294e-04
5.683083e-04
5.699897e-04
5.716736e-04
5.733599e-04
5.750487e-04
5.767400e-04
5.784337e-04
5.801300e-04
5.818286e-04
5.835298e-04
5.852335e-04
5.869396e-04
5.886482e-04
5.903592e-04
5.920727e-04
5.937887e-04
5.955072e-04
5.972282e-04
5.989516e-04
6.006775e-04
6.024059e-04
6.041367e-04
6.058700e-04
6.076058e-04
6.093441e-04
6.110848e-04
6.128280e-04
6.145737e-04
6.163219e-04
6.180725e-04
6.198256e-04
6.215812e-04
6.233392e-04
6.250997e-04
6.268627e-04
6.286282e-04
6.303961e-04
6.321665e-04
6.339394e-04
6.357148e-04
6.374926e-04
6.392729e-04
6.410557e-04
6.428409e-04
6.446286e-04
6.464188e-04
6.482115e-04
6.500067e-04
6.518043e-04
6.536044e-04
6.554069e-04
6.572119e-04
6.590195e-04
6.608294e-04
6.626419e-04
6.644568e-04
6.662742e-04
6.680941e-04
6.699164e-04
6.717412e-04
6.735685e-04
6.753983e-04
6.772305e-04
6.790652e-04
6.809024e-04
6.827421e-04
6.845842e-04
6.864288e-04
6.882759e-04
6.901254e-04
6.919774e-04
6.938319e-04
6.956889e-04
6.975483e-04
6.994102e-04
7.012746e-04
7.031415e-04
7.050108e-04
7.068826e-04
7.087569e-04
7.106336e-04
7.125129e-04
7.143946e-04
7.162787e-04
7.181654e-04
7.200545e-04
7.219461e-04
7.238401e-04
7.257367e-04
7.276357e-04
7.295372e-04
7.314411e-04
7.333475e-04
7.352564e-04
7.371678e-04
7.390816e-04
7.409980e-04
7.429167e-04
7.448380e-04
7.467617e-04
7.486880e-04
7.506166e-04
7.525478e-04
7.544814e-04
7.564175e-04
7.583561e-04
7.602971e-04
7.622407e-04
7.641867e-04
7.661351e-04
7.680861e-04
7.700395e-04
7.719954e-04
7.739537e-04
7.759145e-04
7.778779e-04
7.798436e-04
7.818119e-04
7.837826e-04
7.857558e-04
7.877315e-04
7.897096e-04
7.916902e-04
7.936733e-04
7.956589e-04
7.976469e-04
7.996374e-04
8.016304e-04
8.036258e-04
8.056238e-04
8.076242e-04
8.096270e-04
8.116324e-04
8.136402e-04
8.156505e-04
8.176633e-04
8.196785e-04
8.216962e-04
8.237164e-04
8.257390e-04
8.277642e-04
8.297918e-04
8.318218e-04
8.338544e-04
8.358894e-04
8.379269e-04
8.399669e-04
8.420093e-04
8.440542e-04
8.461016e-04
8.481515e-04
8.502038e-04
8.522586e-04
8.543159e-04
8.563756e-04
8.584379e-04
8.605026e-04
8.625697e-04
8.646394e-04
8.667115e-04
8.687861e-04
8.708631e-04
8.729427e-04
8.750247e-04
8.771091e-04
8.791961e-04
8.812855e-04
8.833774e-04
8.854718e-04
8.875686e-04
8.896680e-04
8.917698e-04
8.938740e-04
8.959808e-04
8.980900e-04
9.002016e-04
9.023158e-04
9.044324e-04
9.065515e-04
9.086731e-04
9.107972e-04
9.129237e-04
9.150527e-04
9.171841e-04
9.193181e-04
9.214545e-04
9.235934e-04
9.257347e-04
9.278786e-04
9.300249e-04
9.321737e-04
9.343249e-04
9.364786e-04
9.386348e-04
9.407935e-04
9.429546e-04
9.451183e-04
9.472843e-04
9.494529e-04
9.516239e-04
9.537974e-04
9.559734e-04
9.581519e-04
9.603328e-04
9.625162e-04
9.647021e-04
9.668904e-04
9.690812e-04
9.712745e-04
9.734703e-04
9.756685e-04
9.778692e-04
9.800724e-04
9.822781e-04
9.844862e-04
9.866968e-04
9.889099e-04
9.911254e-04
9.933435e-04
9.955640e-04
9.977869e-04
1.000012e-03
1.002240e-03
1.004471e-03
1.006704e-03
1.008939e-03
1.011177e-03
1.013417e-03
1.015660e-03
1.017905e-03
1.020153e-03
1.022403e-03
1.024655e-03
1.026911e-03
1.029168e-03
1.031428e-03
1.033691e-03
1.035956e-03
1.038223e-03
1.040493e-03
1.042766e-03
1.045041e-03
1.047318e-03
1.049598e-03
1.051880e-03
1.054165e-03
1.056452e-03
1.058742e-03
1.061034e-03
1.063329e-03
1.065626e-03
1.067926e-03
1.070228e-03
1.072532e-03
1.074839e-03
1.077149e-03
1.079461e-03
1.081775e-03
1.084092e-03
1.086412e-03
1.088733e-03
1.091058e-03
1.093385e-03
1.095714e-03
1.098046e-03
1.100380e-03
1.102717e-03
1.105056e-03
1.107398e-03
1.109742e-03
1.112088e-03
1.114437e-03
1.116789e-03
1.119143e-03
1.121500e-03
1.123859e-03
1.126220e-03
1.128584e-03
1.130950e-03
1.133319e-03
1.135691e-03
1.138064e-03
1.140441e-03
1.142819e-03
1.145201e-03
1.147584e-03
1.149971e-03
1.152359e-03
1.154750e-03
1.157144e-03
1.159540e-03
1.161939e-03
1.164340e-03
1.166743e-03
1.169149e-03
1.171557e-03
1.173968e-03
1.176382e-03
1.178798e-03
1.181216e-03
1.183637e-03
1.186060e-03
1.188486e-03
1.190914e-03
1.193345e-03
1.195778e-03
1.198214e-03
1.200652e-03
1.203092e-03
1.205535e-03
1.207981e-03
1.210429e-03
1.212879e-03
1.215332e-03
1.217788e-03
1.220246e-03
1.222706e-03
1.225169e-03
1.227634e-03
1.230102e-03
1.232572e-03
1.235045e-03
1.237520e-03
1.239998e-03
1.242478e-03
1.244961e-03
1.247446e-03
1.249933e-03
1.252423e-03
1.254916e-03
1.257411e-03
1.259908e-03
1.262408e-03
1.264911e-03
1.267416e-03
1.269923e-03
1.272433e-03
1.274945e-03
1.277460e-03
1.279977e-03
1.282497e-03
1.285019e-03
1.287544e-03
1.290071e-03
1.292601e-03
1.295133e-03
1.297667e-03
1.300204e-03
1.302744e-03
1.305286e-03
1.307830e-03
1.310377e-03
1.312926e-03
1.315478e-03
1.318033e-03
1.320590e-03
1.323149e-03
1.325711e-03
1.328275e-03
1.330842e-03
1.333411e-03
1.335982e-03
1.338557e-03
1.341133e-03
1.343712e-03
1.346294e-03
1.348878e-03
1.351464e-03
1.354053e-03
1.356645e-03
1.359239e-03
1.361835e-03
1.364434e-03
1.367035e-03
1.369639e-03
1.372245e-03
1.374854e-03
1.377465e-03
1.380079e-03
1.382695e-03
1.385314e-03
1.387935e-03
1.390558e-03
1.393185e-03
1.395813e-03
1.398444e-03
1.401078e-03
1.403714e-03
1.406352e-03
1.408993e-03
1.411636e-03
1.414282e-03
1.416930e-03
1.419581e-03
1.422234e-03
1.424890e-03
1.427548e-03
1.430209e-03
1.432872e-03
1.435538e-03
1.438206e-03
1.440877e-03
1.443550e-03
1.446225e-03
1.448903e-03
1.451584e-03
1.454267e-03
1.456952e-03
1.459640e-03
1.462330e-03
1.465023e-03
1.467718e-03
1.470416e-03
1.473116e-03
1.475819e-03
1.478524e-03
1.481232e-03
1.483942e-03
1.486655e-03
1.489370e-03
1.492087e-03
1.494807e-03
1.497530e-03
1.500255e-03
1.502982e-03
1.505712e-03
1.508445e-03
1.511180e-03
1.513917e-03
1.516657e-03
1.519399e-03
1.522144e-03
1.524891e-03
1.527641e-03
1.530393e-03
1.533148e-03
1.535905e-03
1.538664e-03
1.541426e-03
1.544191e-03
1.546958e-03
1.549728e-03
1.552500e-03
1.555274e-03
1.558051e-03
1.560830e-03
1.563612e-03
1.566396e-03
1.569183e-03
1.571973e-03
1.574764e-03
1.577559e-03
1.580355e-03
1.583154e-03
1.585956e-03
1.588760e-03
1.591567e-03
1.594376e-03
1.597187e-03
1.600001e-03
1.602818e-03
1.605637e-03
1.608458e-03
1.611282e-03
1.614109e-03
1.616937e-03
1.619769e-03
1.622603e-03
1.625439e-03
1.628278e-03
1.631119e-03
1.633962e-03
1.636809e-03
1.639657e-03
1.642508e-03
1.645362e-03
1.648218e-03
1.651076e-03
1.653937e-03
1.656801e-03
1.659667e-03
1.662535e-03
1.665406e-03
1.668280e-03
1.671155e-03
1.674034e-03
1.676914e-03
1.679798e-03
1.682683e-03
1.685572e-03
1.688462e-03
1.691355e-03
1.694251e-03
1.697149e-03
1.700050e-03
1.702953e-03
1.705858e-03
1.708766e-03
1.711677e-03
1.714590e-03
1.717505e-03
1.720423e-03
1.723343e-03
1.726266e-03
1.729191e-03
1.732119e-03
1.735049e-03
1.737982e-03
1.740917e-03
1.743855e-03
1.746795e-03
1.749738e-03
1.752683e-03
1.755630e-03
1.758580e-03
1.761533e-03
1.764488e-03
1.767445e-03
1.770405e-03
1.773368e-03
1.776332e-03
1.779300e-03
1.782270e-03
1.785242e-03
1.788217e-03
1.791194e-03
1.794174e-03
1.797156e-03
1.800140e-03
1.803128e-03
1.806117e-03
1.809109e-03
1.812104e-03
1.815101e-03
1.818100e-03
1.821102e-03
1.824107e-03
1.827114e-03
1.830123e-03
1.833135e-03
1.836149e-03
1.839166e-03
1.842185e-03
1.845207e-03
1.848231e-03
1.851258e-03
1.854287e-03
1.857319e-03
1.860353e-03
1.863389e-03
1.866428e-03
1.869470e-03
1.872514e-03
1.875560e-03
1.878609e-03
1.881661e-03
1.884715e-03
1.887771e-03
1.890830e-03
1.893891e-03
1.896955e-03
1.900021e-03
1.903090e-03
1.906161e-03
1.909235e-03
1.912311e-03
1.915389e-03
1.918471e-03
1.921554e-03
1.924640e-03
1.927729e-03
1.930820e-03
1.933913e-03
1.937009e-03
1.940107e-03
1.943208e-03
1.946312e-03
1.949418e-03
1.952526e-03
1.955637e-03
1.958750e-03
1.961866e-03
1.964984e-03
1.968104e-03
1.971228e-03
1.974353e-03
1.977481e-03
1.980612e-03
1.983745e-03
1.986880e-03
1.990018e-03
1.993159e-03
1.996302e-03
1.999447e-03
2.002595e-03
2.005745e-03
2.008898e-03
2.012053e-03
2.015211e-03
2.018371e-03
2.021534e-03
2.024699e-03
2.027867e-03
2.031037e-03
2.034210e-03
2.037385e-03
2.040562e-03
2.043742e-03
2.046925e-03
2.050110e-03
2.053297e-03
2.056487e-03
2.059679e-03
2.062874e-03
2.066072e-03
2.069271e-03
2.072474e-03
2.075678e-03
2.078886e-03
2.082095e-03
2.085307e-03
2.088522e-03
2.091739e-03
2.094959e-03
2.098181e-03
2.101405e-03
2.104632e-03
2.107862e-03
2.111094e-03
2.114328e-03
2.117565e-03
2.120804e-03
2.124046e-03
2.127291e-03
2.130537e-03
2.133787e-03
2.137038e-03
2.140293e-03
2.143549e-03
2.146808e-03
2.150070e-03
2.153334e-03
2.156601e-03
2.159870e-03
2.163141e-03
2.166415e-03
2.169692e-03
2.172971e-03
2.176252e-03
2.179536e-03
2.182822e-03
2.186111e-03
2.189402e-03
2.192696e-03
2.195992e-03
2.199291e-03
2.202592e-03
2.205896e-03
2.209202e-03
2.212511e-03
2.215822e-03
2.219135e-03
2.222451e-03
2.225770e-03
2.229091e-03
2.232414e-03
2.235740e-03
2.239069e-03
2.242399e-03
2.245733e-03
2.249069e-03
2.252407e-03
2.255748e-03
2.259091e-03
2.262437e-03
2.265785e-03
2.269135e-03
2.272488e-03
2.275844e-03
2.279202e-03
2.282563e-03
2.285926e-03
2.289291e-03
2.292659e-03
2.296030e-03
2.299402e-03
2.302778e-03
2.306156e-03
2.309536e-03
2.312919e-03
2.316304e-03
2.319692e-03
2.323082e-03
2.326475e-03
2.329870e-03
2.333268e-03
2.336668e-03
2.340070e-03
2.343475e-03
2.346883e-03
2.350293e-03
2.353705e-03
2.357120e-03
2.360538e-03
2.363958e-03
2.367380e-03
2.370805e-03
2.374232e-03
2.377662e-03
2.381094e-03
2.384529e-03
2.387966e-03
2.391406e-03
2.394848e-03
2.398293e-03
2.401740e-03
2.405189e-03
2.408641e-03
2.412096e-03
2.415553e-03
2.419012e-03
2.422474e-03
2.425939e-03
2.429405e-03
2.432875e-03
2.436347e-03
2.439821e-03
2.443298e-03
2.446777e-03
2.450259e-03
2.453743e-03
2.457229e-03
2.460719e-03
2.464210e-03
2.467704e-03
2.471201e-03
2.474700e-03
2.478201e-03
2.481705e-03
2.485212e-03
2.488721e-03
2.492232e-03
2.495746e-03
2.499262e-03
2.502781e-03
2.506302e-03
2.509826e-03
2.513352e-03
2.516881e-03
2.520412e-03
2.523946e-03
2.527482e-03
2.531021e-03
2.534562e-03
2.538105e-03
2.541651e-03
2.545200e-03
2.548751e-03
2.552304e-03
2.555860e-03
2.559418e-03
2.562979e-03
2.566543e-03
2.570108e-03
2.573677e-03
2.577247e-03
2.580821e-03
2.584396e-03
2.587975e-03
2.591555e-03
2.595138e-03
2.598724e-03
2.602312e-03
2.605902e-03
2.609495e-03
2.613091e-03
2.616689e-03
2.620289e-03
2.623892e-03
2.627498e-03
2.631105e-03
2.634716e-03
2.638328e-03
2.641944e-03
2.645561e-03
2.649182e-03
2.652804e-03
2.656429e-03
2.660057e-03
2.663687e-03
2.667320e-03
2.670955e-03
2.674592e-03
2.678232e-03
2.681875e-03
2.685520e-03
2.689167e-03
2.692817e-03
2.696469e-03
2.700124e-03
2.703781e-03
2.707441e-03
2.711104e-03
2.714768e-03
2.718435e-03
2.722105e-03
2.725777e-03
2.729452e-03
2.733129e-03
2.736808e-03
2.740491e-03
2.744175e-03
2.747862e-03
2.751551e-03
2.755243e-03
2.758938e-03
2.762635e-03
2.766334e-03
2.770036e-03
2.773740e-03
2.777447e-03
2.781156e-03
2.784868e-03
2.788582e-03
2.792299e-03
2.796018e-03
2.799739e-03
2.803463e-03
2.807190e-03
2.810919e-03
2.814650e-03
2.818384e-03
2.822121e-03
2.825860e-03
2.829601e-03
2.833345e-03
2.837091e-03
2.840840e-03
2.844591e-03
2.848345e-03
2.852101e-03
2.855860e-03
2.859621e-03
2.863385e-03
2.867151e-03
2.870920e-03
2.874691e-03
2.878464e-03
2.882240e-03
2.886019e-03
2.889800e-03
2.893583e-03
2.897369e-03
2.901157e-03
2.904948e-03
2.908741e-03
2.912537e-03
2.916335e-03
2.920136e-03
2.923939e-03
2.927745e-03
2.931553e-03
2.935364e-03
2.939177e-03
2.942992e-03
2.946146e-03
2.949287e-03
2.952415e-03
2.955532e-03
2.958636e-03
2.961727e-03
2.964807e-03
2.967874e-03
2.970928e-03
2.973970e-03
2.977000e-03
2.980018e-03
2.983023e-03
2.986016e-03
2.988997e-03
2.991965e-03
2.994921e-03
2.997865e-03
3.000796e-03
3.003715e-03
3.006622e-03
3.009516e-03
3.012398e-03
3.015268e-03
3.018125e-03
3.020970e-03
3.023803e-03
3.026623e-03
3.029431e-03
3.032227e-03
3.035010e-03
3.037781e-03
3.040540e-03
3.043286e-03
3.046020e-03
3.048742e-03
3.051451e-03
3.054148e-03
3.056833e-03
3.059505e-03
3.062165e-03
3.064813e-03
3.067448e-03
3.070071e-03
3.072682e-03
3.075280e-03
3.077866e-03
3.080440e-03
3.083001e-03
3.085551e-03
3.088087e-03
3.090612e-03
3.093124e-03
3.095623e-03
3.098111e-03
3.100586e-03
3.103048e-03
3.105499e-03
3.107937e-03
3.110363e-03
3.112776e-03
3.115177e-03
3.117566e-03
3.119942e-03
3.122306e-03
3.124658e-03
3.126997e-03
3.129324e-03
3.131639e-03
3.133941e-03
3.136231e-03
3.138509e-03
3.140774e-03
3.143028e-03
3.145268e-03
3.147497e-03
3.149713e-03
3.151916e-03
3.154108e-03
3.156287e-03
3.158454e-03
3.160608e-03
3.162750e-03
3.164880e-03
3.166997e-03
3.169102e-03
3.171195e-03
3.173275e-03
3.175343e-03
3.177399e-03
3.179443e-03
3.181474e-03
3.183492e-03
3.185499e-03
3.187493e-03
3.189475e-03
3.191444e-03
3.193401e-03
3.195346e-03
3.197278e-03
3.199198e-03
3.201106e-03
3.203002e-03
3.204885e-03
3.206756e-03
3.208614e-03
3.210460e-03
3.212294e-03
3.214115e-03
3.215924e-03
3.217721e-03
3.219506e-03
3.221278e-03
3.223037e-03
3.224785e-03
3.226520e-03
3.228243e-03
3.229953e-03
3.231651e-03
3.233337e-03
3.235011e-03
3.236672e-03
3.238320e-03
3.239957e-03
3.241581e-03
3.243193e-03
3.244792e-03
3.246379e-03
3.247954e-03
3.249517e-03
3.251067e-03
3.252605e-03
3.254130e-03
3.255643e-03
3.257144e-03
3.258632e-03
3.260109e-03
3.261572e-03
3.263024e-03
3.264463e-03
3.265890e-03
3.267304e-03
3.268706e-03
3.270096e-03
3.271474e-03
3.272839e-03
3.274192e-03
3.275532e-03
3.276860e-03
3.278176e-03
3.279480e-03
3.280771e-03
3.282050e-03
3.283316e-03
3.284570e-03
3.285812e-03
3.287042e-03
3.288259e-03
3.289464e-03
3.290656e-03
3.291836e-03
3.293004e-03
3.294160e-03
3.295303e-03
3.296434e-03
3.297552e-03
3.298658e-03
3.299752e-03
3.300834e-03
3.301903e-03
3.302960e-03
3.304004e-03
3.305036e-03
3.306056e-03
3.307064e-03
3.308059e-03
3.309042e-03
3.310012e-03
3.310970e-03
3.311916e-03
3.312850e-03
3.313771e-03
3.314680e-03
3.315576e-03
3.316461e-03
3.317332e-03
3.318192e-03
3.319039e-03
3.319874e-03
3.320697e-03
3.321507e-03
3.322305e-03
3.323090e-03
3.323863e-03
3.324624e-03
3.325373e-03
3.326109e-03
3.326833e-03
3.327544e-03
3.328244e-03
3.328931e-03
3.329605e-03
3.330267e-03
3.330917e-03
3.331555e-03
3.332180e-03
3.332793e-03
3.333393e-03
3.333982e-03
3.334558e-03
3.335121e-03
3.335672e-03
3.336211e-03
3.336738e-03
3.337252e-03
3.337754e-03
3.338243e-03
3.338721e-03
3.339186e-03
3.339638e-03
3.340078e-03
3.340506e-03
3.340922e-03
3.341325e-03
3.341716e-03
3.342095e-03
3.342461e-03
3.342815e-03
3.343156e-03
3.343486e-03
3.343803e-03
3.344107e-03
3.344399e-03
3.344679e-03
3.344947e-03
3.345202e-03
3.345445e-03
3.345676e-03
3.345894e-03
3.346100e-03
3.346294e-03
3.346475e-03
3.346644e-03
3.346800e-03
3.346945e-03
3.347077e-03
3.347196e-03
3.347303e-03
3.347398e-03
3.347481e-03
3.347551e-03
3.347609e-03
3.347655e-03
3.347688e-03
3.347709e-03
3.347718e-03
3.347714e-03
3.347698e-03
3.347670e-03
3.347629e-03
3.347576e-03
3.347510e-03
3.347433e-03
3.347343e-03
3.347240e-03
3.347126e-03
3.346999e-03
3.346859e-03
3.346708e-03
3.346544e-03
3.346367e-03
3.346178e-03
3.345977e-03
3.345764e-03
3.345538e-03
3.345300e-03
3.345050e-03
3.344787e-03
3.344512e-03
3.344225e-03
3.343925e-03
3.343613e-03
3.343289e-03
3.342952e-03
3.342603e-03
3.342242e-03
3.341868e-03
3.341482e-03
3.341084e-03
3.340673e-03
3.340250e-03
3.339815e-03
3.339367e-03
3.338907e-03
3.338435e-03
3.337950e-03
3.337453e-03
3.336944e-03
3.336422e-03
3.335888e-03
3.335564e-03
3.335564e-03
3.335564e-03
3.335564e-03
3.335564e-03
3.335564e-03
3.335564e-03
3.335564e-03
3.335564e-03
3.335564e-03
3.335564e-03
3.335564e-03
3.335564e-03
3.335564e-03
3.335564e-03
3.335564e-03
3.335564e-03
3.335564e-03
3.335564e-03
3.335564e-03
3.335564e-03
3.335564e-03
3.335564e-03
3.335564e-03
3.335564e-03
3.335564e-03
3.335564e-03
3.335564e-03
3.335564e-03
3.335564e-03
3.335564e-03
3.335564e-03
3.335564e-03
3.335564e-03
3.335564e-03
3.335564e-03
3.335564e-03
3.335564e-03
3.335564e-03
3.335564e-03
3.335564e-03
3.335564e-03
3.335564e-03
3.335564e-03
3.335564e-03
3.335564e-03
3.335564e-03
3.335564e-03
3.335564e-03
3.335564e-03
3.335564e-03
3.335564e-03
3.335564e-03
3.335564e-03
3.335564e-03
3.335564e-03
3.335564e-03
3.335564e-03
3.335564e-03
3.335564e-03
3.335564e-03
3.335564e-03
3.335564e-03
3.335564e-03
3.335564e-03
3.335564e-03
3.335564e-03
3.335564e-03
3.335564e-03
3.335564e-03
3.335564e-03
3.335564e-03
3.335564e-03
3.335564e-03
3.335564e-03
3.335564e-03
3.335564e-03
3.335564e-03
3.335564e-03
3.335564e-03
3.335564e-03
3.335564e-03
3.335564e-03
3.335564e-03
3.335564e-03
3.335564e-03
3.335564e-03
3.335564e-03
3.335564e-03
3.335564e-03
3.335564e-03
3.335564e-03
3.335564e-03
3.335564e-03
3.335564e-03
3.335564e-03
3.335564e-03
3.335564e-03
3.335564e-03
3.335564e-03
3.335564e-03
3.335564e-03
3.335564e-03
3.335564e-03
3.335564e-03
3.335564e-03
3.335564e-03
3.335564e-03
3.335564e-03
3.335564e-03
3.335564e-03
3.335564e-03
3.335564e-03
3.335564e-03
3.335564e-03
3.335564e-03
3.335564e-03
3.335564e-03
3.335564e-03
3.335564e-03
3.335564e-03
3.335564e-03
3.335564e-03
3.335564e-03
3.335564e-03
3.335564e-03
3.335564e-03
3.335564e-03
3.335564e-03
3.335564e-03
3.335564e-03
3.335564e-03
3.335564e-03
3.335564e-03
3.335564e-03
3.335564e-03
3.335564e-03
3.335564e-03
3.335564e-03
3.335564e-03
3.335564e-03
3.335564e-03
3.335564e-03
3.335564e-03
3.335564e-03
3.335564e-03
3.335564e-03
3.335564e-03
3.335564e-03
3.335564e-03
3.335564e-03
3.335564e-03
3.335564e-03
3.335564e-03
3.335564e-03
3.335564e-03
3.335564e-03
3.335564e-03
3.335564e-03
3.335564e-03
3.335564e-03
3.335564e-03
3.335564e-03
3.335564e-03
3.335564e-03
3.335564e-03
3.335564e-03
3.335564e-03
3.335564e-03
3.335564e-03
3.335564e-03
3.335564e-03
3.335564e-03
3.335564e-03
3.335564e-03
3.335564e-03
3.335564e-03
3.335564e-03
3.335564e-03
3.335564e-03
3.335564e-03
3.335564e-03
3.335564e-03
3.335564e-03
3.335564e-03
3.335564e-03
3.335564e-03
3.335564e-03
3.335564e-03
3.335564e-03
3.335564e-03
3.335564e-03
3.335564e-03
3.335564e-03
3.335564e-03
3.335564e-03
3.335564e-03
3.335564e-03
3.335564e-03
3.335564e-03
3.335564e-03
