0.000000e+00
1.110371e-07
2.245362e-07
3.404973e-07
4.589205e-07
5.798056e-07
7.031528e-07
8.289620e-07
9.572332e-07
1.087966e-06
1.221162e-06
1.356819e-06
1.494938e-06
1.635520e-06
1.778563e-06
1.924068e-06
2.072036e-06
2.222465e-06
2.375357e-06
2.530710e-06
2.688525e-06
2.848803e-06
3.011542e-06
3.176744e-06
3.344407e-06
3.514533e-06
3.687121e-06
3.862170e-06
4.039682e-06
4.219655e-06
4.402091e-06
4.586989e-06
4.774349e-06
4.964170e-06
5.156454e-06
5.351200e-06
5.548407e-06
5.748077e-06
5.950209e-06
6.154803e-06
6.361859e-06
6.571377e-06
6.783357e-06
6.997798e-06
7.214702e-06
7.434068e-06
7.655896e-06
7.880186e-06
8.106938e-06
8.336152e-06
8.567828e-06
8.801966e-06
9.038567e-06
9.277629e-06
9.519153e-06
9.763139e-06
1.000959e-05
1.025850e-05
1.050987e-05
1.076370e-05
1.102000e-05
1.127876e-05
1.153998e-05
1.180366e-05
1.206981e-05
1.233841e-05
1.260948e-05
1.288301e-05
1.315900e-05
1.343746e-05
1.371837e-05
1.400175e-05
1.428759e-05
1.457589e-05
1.486666e-05
1.515989e-05
1.545557e-05
1.575373e-05
1.605434e-05
1.635741e-05
1.666295e-05
1.697095e-05
1.728141e-05
1.759433e-05
1.790972e-05
1.822756e-05
1.854787e-05
1.887064e-05
1.919587e-05
1.952357e-05
1.985373e-05
2.018635e-05
2.052143e-05
2.085897e-05
2.119897e-05
2.154144e-05
2.188637e-05
2.223376e-05
2.258361e-05
2.293593e-05
2.329071e-05
2.364794e-05
2.400765e-05
2.436981e-05
2.473443e-05
2.510152e-05
2.547107e-05
2.584308e-05
2.621755e-05
2.659449e-05
2.697389e-05
2.735575e-05
2.774007e-05
2.812685e-05
2.851610e-05
2.890780e-05
2.930197e-05
2.969860e-05
3.009770e-05
3.049925e-05
3.090327e-05
3.130975e-05
3.171869e-05
3.213010e-05
3.254396e-05
3.296029e-05
3.337908e-05
3.380033e-05
3.422404e-05
3.465022e-05
3.507886e-05
3.550996e-05
3.594352e-05
3.637954e-05
3.681803e-05
3.725897e-05
3.770238e-05
3.814826e-05
3.859659e-05
3.904739e-05
3.950064e-05
3.995636e-05
4.041455e-05
4.087519e-05
4.133829e-05
4.180386e-05
4.227189e-05
4.274238e-05
4.321534e-05
4.369075e-05
4.416863e-05
4.464897e-05
4.513177e-05
4.561704e-05
4.610476e-05
4.659495e-05
4.708760e-05
4.758272e-05
4.808029e-05
4.858033e-05
4.908282e-05
4.958778e-05
5.009521e-05
5.060509e-05
5.111744e-05
5.163225e-05
5.214952e-05
5.266925e-05
5.319144e-05
5.371610e-05
5.424322e-05
5.477280e-05
5.530484e-05
5.583934e-05
5.637631e-05
5.691574e-05
5.745763e-05
5.800198e-05
5.854880e-05
5.909807e-05
5.964981e-05
6.020401e-05
6.076068e-05
6.131980e-05
6.188139e-05
6.244544e-05
6.301195e-05
6.358092e-05
6.415235e-05
6.472625e-05
6.530261e-05
6.588143e-05
6.646271e-05
6.704646e-05
6.763266e-05
6.822133e-05
6.881246e-05
6.940606e-05
7.000211e-05
7.060063e-05
7.120161e-05
7.180505e-05
7.241095e-05
7.301932e-05
7.363014e-05
7.424343e-05
7.485918e-05
7.547740e-05
7.609807e-05
7.672121e-05
7.734681e-05
7.797487e-05
7.860539e-05
7.923838e-05
7.987383e-05
8.051174e-05
8.115211e-05
8.179494e-05
8.244024e-05
8.308799e-05
8.373821e-05
8.439089e-05
8.504604e-05
8.570364e-05
8.636371e-05
8.702624e-05
8.769123e-05
8.835868e-05
8.902860e-05
8.970098e-05
9.037582e-05
9.105312e-05
9.173288e-05
9.241511e-05
9.309980e-05
9.378695e-05
9.447656e-05
9.516863e-05
9.586317e-05
9.656016e-05
9.725962e-05
9.796155e-05
9.866593e-05
9.937278e-05
1.000821e-04
1.007939e-04
1.015081e-04
1.022248e-04
1.029439e-04
1.036656e-04
1.043896e-04
1.051162e-04
1.058452e-04
1.065766e-04
1.073106e-04
1.080470e-04
1.087858e-04
1.095271e-04
1.102709e-04
1.110171e-04
1.117658e-04
1.125170e-04
1.132706e-04
1.140267e-04
1.147853e-04
1.155463e-04
1.163097e-04
1.170757e-04
1.178441e-04
1.186149e-04
1.193883e-04
1.201640e-04
1.209423e-04
1.217230e-04
1.225062e-04
1.232918e-04
1.240799e-04
1.248704e-04
1.256635e-04
1.264589e-04
1.272569e-04
1.280573e-04
1.288601e-04
1.296655e-04
1.304733e-04
1.312835e-04
1.320962e-04
1.329114e-04
1.337290e-04
1.345491e-04
1.353717e-04
1.361967e-04
1.370242e-04
1.378541e-04
1.386866e-04
1.395214e-04
1.403588e-04
1.411986e-04
1.420408e-04
1.428855e-04
1.437327e-04
1.445824e-04
1.454345e-04
1.462890e-04
1.471461e-04
1.480055e-04
1.488675e-04
1.497319e-04
1.505988e-04
1.514681e-04
1.523399e-04
1.532142e-04
1.540909e-04
1.549701e-04
1.558518e-04
1.567359e-04
1.576224e-04
1.585115e-04
1.594030e-04
1.602969e-04
1.611934e-04
1.620922e-04
1.629936e-04
1.638974e-04
1.648037e-04
1.657124e-04
1.666236e-04
1.675372e-04
1.684534e-04
1.693719e-04
1.702930e-04
1.712165e-04
1.721424e-04
1.730709e-04
1.740018e-04
1.749351e-04
1.758709e-04
1.768092e-04
1.777499e-04
1.786931e-04
1.796388e-04
1.805869e-04
1.815375e-04
1.824906e-04
1.834461e-04
1.844040e-04
1.853645e-04
1.863274e-04
1.872927e-04
1.882605e-04
1.892308e-04
1.902036e-04
1.911788e-04
1.921564e-04
1.931366e-04
1.941192e-04
1.951042e-04
1.960917e-04
1.970817e-04
1.980742e-04
1.990691e-04
2.000664e-04
2.010663e-04
2.020685e-04
2.030733e-04
2.040805e-04
2.050902e-04
2.061023e-04
2.071169e-04
2.081340e-04
2.091535e-04
2.101755e-04
2.111999e-04
2.122268e-04
2.132562e-04
2.142880e-04
2.153223e-04
2.163591e-04
2.173983e-04
2.184400e-04
2.194841e-04
2.205307e-04
2.215798e-04
2.226313e-04
2.236853e-04
2.247418e-04
2.258007e-04
2.268621e-04
2.279259e-04
2.289922e-04
2.300610e-04
2.311322e-04
2.322059e-04
2.332820e-04
2.343606e-04
2.354417e-04
2.365252e-04
2.376112e-04
2.386997e-04
2.397906e-04
2.408840e-04
2.419798e-04
2.430782e-04
2.441789e-04
2.452822e-04
2.463878e-04
2.474960e-04
2.486066e-04
2.497197e-04
2.508352e-04
2.519532e-04
2.530737e-04
2.541966e-04
2.553220e-04
2.564499e-04
2.575802e-04
2.587130e-04
2.598482e-04
2.609859e-04
2.621261e-04
2.632687e-04
2.644138e-04
2.655613e-04
2.667113e-04
2.678638e-04
2.690187e-04
2.701761e-04
2.713360e-04
2.724983e-04
2.736631e-04
2.748303e-04
2.760000e-04
2.771722e-04
2.783468e-04
2.795239e-04
2.807035e-04
2.818855e-04
2.830700e-04
2.842569e-04
2.854463e-04
2.866382e-04
2.878325e-04
2.890293e-04
2.902285e-04
2.914303e-04
2.926344e-04
2.938411e-04
2.950502e-04
2.962617e-04
2.974757e-04
2.986922e-04
2.999112e-04
3.011326e-04
3.023564e-04
3.035828e-04
3.048116e-04
3.060428e-04
3.072765e-04
3.085127e-04
3.097514e-04
3.109925e-04
3.122360e-04
3.134821e-04
3.147306e-04
3.159815e-04
3.172349e-04
3.184908e-04
3.197491e-04
3.210099e-04
3.222732e-04
3.235389e-04
3.248071e-04
3.260778e-04
3.273509e-04
3.286264e-04
3.299045e-04
3.311850e-04
3.324679e-04
3.337534e-04
3.350412e-04
3.363316e-04
3.376244e-04
3.389197e-04
3.402174e-04
3.415176e-04
3.428202e-04
3.441254e-04
3.454329e-04
3.467430e-04
3.480555e-04
3.493704e-04
3.506879e-04
3.520078e-04
3.533301e-04
3.546549e-04
3.559822e-04
3.573119e-04
3.586441e-04
3.599788e-04
3.613159e-04
3.626555e-04
3.639975e-04
3.653421e-04
3.666890e-04
3.680385e-04
3.693903e-04
3.707447e-04
3.721015e-04
3.734608e-04
3.748225e-04
3.761868e-04
3.775534e-04
3.789226e-04
3.802941e-04
3.816682e-04
3.830447e-04
3.844237e-04
3.858051e-04
3.871890e-04
3.885754e-04
3.899642e-04
3.913555e-04
3.927493e-04
3.941455e-04
3.955441e-04
3.969453e-04
3.983489e-04
3.997549e-04
4.011635e-04
4.025744e-04
4.039879e-04
4.054038e-04
4.068222e-04
4.082430e-04
4.096663e-04
4.110920e-04
4.125203e-04
4.139509e-04
4.153841e-04
4.168197e-04
4.182577e-04
4.196983e-04
4.211413e-04
4.225867e-04
4.240346e-04
4.254850e-04
4.269378e-04
4.283931e-04
4.298509e-04
4.313111e-04
4.327738e-04
4.342390e-04
4.357066e-04
4.371766e-04
4.386492e-04
4.401242e-04
4.416016e-04
4.430816e-04
4.445639e-04
4.460488e-04
4.475361e-04
4.490259e-04
4.505181e-04
4.520128e-04
4.535099e-04
4.550095e-04
4.565116e-04
4.580162e-04
4.595232e-04
4.610326e-04
4.625446e-04
4.640589e-04
4.655758e-04
4.670951e-04
4.686169e-04
4.701411e-04
4.716678e-04
4.731970e-04
4.747286e-04
4.762627e-04
4.777992e-04
4.793382e-04
4.808797e-04
4.824236e-04
4.839700e-04
4.855189e-04
4.870702e-04
4.886240e-04
4.901802e-04
4.917389e-04
4.933001e-04
4.948637e-04
4.964298e-04
4.979984e-04
4.995694e-04
5.011429e-04
5.027188e-04
5.042972e-04
5.058781e-04
5.074614e-04
5.090472e-04
5.106354e-04
5.122261e-04
5.138193e-04
5.154150e-04
5.170130e-04
5.186136e-04
5.202166e-04
5.218221e-04
5.234301e-04
5.250405e-04
5.266533e-04
5.282687e-04
5.298865e-04
5.315067e-04
5.331294e-04
5.347546e-04
5.363822e-04
5.380124e-04
5.396449e-04
5.412799e-04
5.429174e-04
5.445574e-04
5.461998e-04
5.478447e-04
5.494920e-04
5.511418e-04
5.527941e-04
5.544488e-04
5.561060e-04
5.577656e-04
5.594277e-04
5.610923e-04
5.627593e-04
5.644288e-04
5.661008e-04
5.677752e-04
5.694521e-04
5.711314e-04
5.728132e-04
5.744975e-04
5.761842e-04
5.778734e-04
5.795651e-04
5.812592e-04
5.829558e-04
5.846548e-04
5.863563e-04
5.880603e-04
5.897667e-04
5.914756e-04
5.931870e-04
5.949008e-04
5.966170e-04
5.983358e-04
6.000570e-04
6.017806e-04
6.035068e-04
6.052353e-04
6.069664e-04
6.086999e-04
6.104359e-04
6.121743e-04
6.139152e-04
6.156585e-04
6.174044e-04
6.191526e-04
6.209034e-04
6.226566e-04
6.244123e-04
6.261704e-04
6.279310e-04
6.296940e-04
6.314595e-04
6.332275e-04
6.349980e-04
6.367709e-04
6.385462e-04
6.403240e-04
6.421043e-04
6.438871e-04
6.456723e-04
6.474600e-04
6.492501e-04
6.510427e-04
6.528377e-04
6.546353e-04
6.564353e-04
6.582377e-04
6.600426e-04
6.618500e-04
6.636598e-04
6.654721e-04
6.672868e-04
6.691041e-04
6.709237e-04
6.727459e-04
6.745705e-04
6.763976e-04
6.782271e-04
6.800591e-04
6.818935e-04
6.837304e-04
6.855698e-04
6.874116e-04
6.892559e-04
6.911027e-04
6.929519e-04
6.948036e-04
6.966578e-04
6.985144e-04
7.003734e-04
7.022350e-04
7.040990e-04
7.059654e-04
7.078343e-04
7.097057e-04
7.115796e-04
7.134559e-04
7.153346e-04
7.172159e-04
7.190996e-04
7.209857e-04
7.228743e-04
7.247654e-04
7.266589e-04
7.285549e-04
7.304534e-04
7.323543e-04
7.342577e-04
7.361636e-04
7.380719e-04
7.399827e-04
7.418959e-04
7.438116e-04
7.457298e-04
7.476504e-04
7.495735e-04
7.514990e-04
7.534270e-04
7.553575e-04
7.572904e-04
7.592258e-04
7.611637e-04
7.631040e-04
7.650468e-04
7.669920e-04
7.689397e-04
7.708899e-04
7.728425e-04
7.747976e-04
7.767551e-04
7.787152e-04
7.806776e-04
7.826426e-04
7.846100e-04
7.865798e-04
7.885522e-04
7.905269e-04
7.925042e-04
7.944839e-04
7.964661e-04
7.984507e-04
8.004378e-04
8.024274e-04
8.044194e-04
8.064139e-04
8.084108e-04
8.104102e-04
8.124121e-04
8.144164e-04
8.164232e-04
8.184325e-04
8.204442e-04
8.224583e-04
8.244750e-04
8.264941e-04
8.285157e-04
8.305397e-04
8.325662e-04
8.345951e-04
8.366265e-04
8.386604e-04
8.406967e-04
8.427355e-04
8.447768e-04
8.468205e-04
8.488667e-04
8.509154e-04
8.529665e-04
8.550200e-04
8.570761e-04
8.591346e-04
8.611955e-04
8.632589e-04
8.653248e-04
8.673932e-04
8.694640e-04
8.715372e-04
8.736130e-04
8.756912e-04
8.777718e-04
8.798549e-04
8.819405e-04
8.840285e-04
8.861190e-04
8.882120e-04
8.903074e-04
8.924053e-04
8.945057e-04
8.966085e-04
8.987137e-04
9.008215e-04
9.029317e-04
9.050443e-04
9.071595e-04
9.092770e-04
9.113971e-04
9.135196e-04
9.156446e-04
9.177720e-04
9.199019e-04
9.220342e-04
9.241691e-04
9.263063e-04
9.284461e-04
9.305883e-04
9.327329e-04
9.348801e-04
9.370297e-04
9.391817e-04
9.413362e-04
9.434932e-04
9.456526e-04
9.478145e-04
9.499789e-04
9.521457e-04
9.543150e-04
9.564868e-04
9.586610e-04
9.608376e-04
9.630168e-04
9.651984e-04
9.673824e-04
9.695689e-04
9.717579e-04
9.739494e-04
9.761433e-04
9.783396e-04
9.805385e-04
9.827398e-04
9.849435e-04
9.871497e-04
9.893584e-04
9.915696e-04
9.937832e-04
9.959992e-04
9.982177e-04
1.000439e-03
1.002662e-03
1.004888e-03
1.007116e-03
1.009347e-03
1.011581e-03
1.013816e-03
1.016055e-03
1.018295e-03
1.020538e-03
1.022784e-03
1.025032e-03
1.027283e-03
1.029536e-03
1.031791e-03
1.034049e-03
1.036309e-03
1.038572e-03
1.040838e-03
1.043105e-03
1.045376e-03
1.047648e-03
1.049923e-03
1.052201e-03
1.054481e-03
1.056764e-03
1.059049e-03
1.061336e-03
1.063626e-03
1.065918e-03
1.068213e-03
1.070511e-03
1.072810e-03
1.075113e-03
1.077417e-03
1.079724e-03
1.082034e-03
1.084346e-03
1.086661e-03
1.088978e-03
1.091297e-03
1.093619e-03
1.095943e-03
1.098270e-03
1.100600e-03
1.102931e-03
1.105266e-03
1.107602e-03
1.109941e-03
1.112283e-03
1.114627e-03
1.116974e-03
1.119323e-03
1.121674e-03
1.124028e-03
1.126385e-03
1.128743e-03
1.131105e-03
1.133469e-03
1.135835e-03
1.138204e-03
1.140575e-03
1.142948e-03
1.145324e-03
1.147703e-03
1.150084e-03
1.152467e-03
1.154853e-03
1.157242e-03
1.159633e-03
1.162026e-03
1.164422e-03
1.166820e-03
1.169221e-03
1.171624e-03
1.174030e-03
1.176438e-03
1.178848e-03
1.181261e-03
1.183677e-03
1.186095e-03
1.188515e-03
1.190938e-03
1.193363e-03
1.195791e-03
1.198221e-03
1.200654e-03
1.203089e-03
1.205527e-03
1.207967e-03
1.210410e-03
1.212855e-03
1.215302e-03
1.217752e-03
1.220205e-03
1.222659e-03
1.225117e-03
1.227577e-03
1.230039e-03
1.232504e-03
1.234971e-03
1.237440e-03
1.239912e-03
1.242387e-03
1.244864e-03
1.247344e-03
1.249826e-03
1.252310e-03
1.254797e-03
1.257286e-03
1.259778e-03
1.262272e-03
1.264769e-03
1.267268e-03
1.269770e-03
1.272274e-03
1.274781e-03
1.277290e-03
1.279801e-03
1.282315e-03
1.284832e-03
1.287350e-03
1.289872e-03
1.292396e-03
1.294922e-03
1.297451e-03
1.299982e-03
1.302515e-03
1.305052e-03
1.307590e-03
1.310131e-03
1.312675e-03
1.315221e-03
1.317769e-03
1.320320e-03
1.322873e-03
1.325429e-03
1.327988e-03
1.330548e-03
1.333112e-03
1.335677e-03
1.338245e-03
1.340816e-03
1.343389e-03
1.345964e-03
1.348542e-03
1.351123e-03
1.353706e-03
1.356291e-03
1.358879e-03
1.361469e-03
1.364062e-03
1.366657e-03
1.369255e-03
1.371855e-03
1.374458e-03
1.377063e-03
1.379670e-03
1.382280e-03
1.384893e-03
1.387508e-03
1.390125e-03
1.392745e-03
1.395367e-03
1.397992e-03
1.400619e-03
1.403249e-03
1.405881e-03
1.408516e-03
1.411153e-03
1.413792e-03
1.416434e-03
1.419079e-03
1.421726e-03
1.424375e-03
1.427027e-03
1.429681e-03
1.432338e-03
1.434997e-03
1.437659e-03
1.440323e-03
1.442989e-03
1.445659e-03
1.448330e-03
1.451004e-03
1.453681e-03
1.456359e-03
1.459041e-03
1.461725e-03
1.464411e-03
1.467100e-03
1.469791e-03
1.472485e-03
1.475181e-03
1.477879e-03
1.480581e-03
1.483284e-03
1.485990e-03
1.488699e-03
1.491410e-03
1.494123e-03
1.496839e-03
1.499557e-03
1.502278e-03
1.505001e-03
1.507727e-03
1.510455e-03
1.513186e-03
1.515919e-03
1.518654e-03
1.521392e-03
1.524133e-03
1.526876e-03
1.529621e-03
1.532369e-03
1.535119e-03
1.537872e-03
1.540627e-03
1.543385e-03
1.546145e-03
1.548908e-03
1.551673e-03
1.554440e-03
1.557210e-03
1.559983e-03
1.562758e-03
1.565535e-03
1.568315e-03
1.571097e-03
1.573882e-03
1.576670e-03
1.579459e-03
1.582251e-03
1.585046e-03
1.587843e-03
1.590643e-03
1.593445e-03
1.596249e-03
1.599056e-03
1.601866e-03
1.604677e-03
1.607492e-03
1.610309e-03
1.613128e-03
1.615950e-03
1.618774e-03
1.621600e-03
1.624429e-03
1.627261e-03
1.630095e-03
1.632932e-03
1.635771e-03
1.638612e-03
1.641456e-03
1.644302e-03
1.647151e-03
1.650002e-03
1.652856e-03
1.655712e-03
1.658571e-03
1.661432e-03
1.664295e-03
1.667162e-03
1.670030e-03
1.672901e-03
1.675774e-03
1.678650e-03
1.681529e-03
1.684409e-03
1.687293e-03
1.690178e-03
1.693067e-03
1.695957e-03
1.698850e-03
1.701746e-03
1.704644e-03
1.707545e-03
1.710448e-03
1.713353e-03
1.716261e-03
1.719171e-03
1.722084e-03
1.724999e-03
1.727917e-03
1.730837e-03
1.733760e-03
1.736685e-03
1.739613e-03
1.742543e-03
1.745475e-03
1.748410e-03
1.751348e-03
1.754287e-03
1.757230e-03
1.760175e-03
1.763122e-03
1.766072e-03
1.769024e-03
1.771979e-03
1.774936e-03
1.777895e-03
1.780857e-03
1.783822e-03
1.786789e-03
1.789758e-03
1.792730e-03
1.795705e-03
1.798681e-03
1.801661e-03
1.804642e-03
1.807627e-03
1.810613e-03
1.813602e-03
1.816594e-03
1.819588e-03
1.822585e-03
1.825584e-03
1.828585e-03
1.831589e-03
1.834595e-03
1.837604e-03
1.840615e-03
1.843629e-03
1.846645e-03
1.849664e-03
1.852685e-03
1.855709e-03
1.858735e-03
1.861764e-03
1.864794e-03
1.867828e-03
1.870864e-03
1.873902e-03
1.876943e-03
1.879986e-03
1.883032e-03
1.886080e-03
1.889131e-03
1.892184e-03
1.895240e-03
1.898298e-03
1.901358e-03
1.904421e-03
1.907487e-03
1.910555e-03
1.913625e-03
1.916698e-03
1.919773e-03
1.922851e-03
1.925931e-03
1.929014e-03
1.932099e-03
1.935187e-03
1.938277e-03
1.941369e-03
1.944464e-03
1.947562e-03
1.950662e-03
1.953764e-03
1.956869e-03
1.959976e-03
1.963086e-03
1.966198e-03
1.969313e-03
1.972430e-03
1.975550e-03
1.978672e-03
1.981797e-03
1.984924e-03
1.988053e-03
1.991185e-03
1.994319e-03
1.997456e-03
2.000596e-03
2.003737e-03
2.006882e-03
2.010028e-03
2.013177e-03
2.016329e-03
2.019483e-03
2.022640e-03
2.025799e-03
2.028960e-03
2.032124e-03
2.035291e-03
2.038459e-03
2.041631e-03
2.044805e-03
2.047981e-03
2.051160e-03
2.054341e-03
2.057524e-03
2.060710e-03
2.063899e-03
2.067090e-03
2.070284e-03
2.073479e-03
2.076678e-03
2.079879e-03
2.083082e-03
2.086288e-03
2.089496e-03
2.092707e-03
2.095920e-03
2.099136e-03
2.102354e-03
2.105574e-03
2.108797e-03
2.112023e-03
2.115251e-03
2.118481e-03
2.121714e-03
2.124949e-03
2.128187e-03
2.131428e-03
2.134670e-03
2.137915e-03
2.141163e-03
2.144413e-03
2.147666e-03
2.150921e-03
2.154178e-03
2.157438e-03
2.160701e-03
2.163966e-03
2.167233e-03
2.170503e-03
2.173775e-03
2.177050e-03
2.180327e-03
2.183607e-03
2.186889e-03
2.190173e-03
2.193460e-03
2.196750e-03
2.200042e-03
2.203336e-03
2.206633e-03
2.209932e-03
2.213234e-03
2.216539e-03
2.219845e-03
2.223155e-03
2.226466e-03
2.229780e-03
2.233097e-03
2.236416e-03
2.239737e-03
2.243061e-03
2.246388e-03
2.249717e-03
2.253048e-03
2.256382e-03
2.259718e-03
2.263057e-03
2.266398e-03
2.269742e-03
2.273088e-03
2.276437e-03
2.279788e-03
2.283141e-03
2.286497e-03
2.289856e-03
2.293216e-03
2.296580e-03
2.299946e-03
2.303314e-03
2.306685e-03
2.310058e-03
2.313434e-03
2.316812e-03
2.320192e-03
2.323575e-03
2.326961e-03
2.330349e-03
2.333739e-03
2.337132e-03
2.340528e-03
2.343925e-03
2.347326e-03
2.350728e-03
2.354134e-03
2.357541e-03
2.360952e-03
2.364364e-03
2.367779e-03
2.371197e-03
2.374617e-03
2.378039e-03
2.381464e-03
2.384891e-03
2.388321e-03
2.391754e-03
2.395188e-03
2.398626e-03
2.402065e-03
2.405507e-03
2.408952e-03
2.412399e-03
2.415849e-03
2.419301e-03
2.422755e-03
2.426212e-03
2.429671e-03
2.433133e-03
2.436598e-03
2.440064e-03
2.443534e-03
2.447005e-03
2.450479e-03
2.453956e-03
2.457435e-03
2.460917e-03
2.464401e-03
2.467887e-03
2.471376e-03
2.474867e-03
2.478361e-03
2.481858e-03
2.485356e-03
2.488858e-03
2.492361e-03
2.495868e-03
2.499376e-03
2.502887e-03
2.506401e-03
2.509917e-03
2.513435e-03
2.516956e-03
2.520480e-03
2.524005e-03
2.527534e-03
2.531065e-03
2.534598e-03
2.538133e-03
2.541672e-03
2.545212e-03
2.548755e-03
2.552301e-03
2.555849e-03
2.559399e-03
2.562952e-03
2.566508e-03
2.570066e-03
2.573626e-03
2.577189e-03
2.580754e-03
2.584322e-03
2.587892e-03
2.591465e-03
2.595040e-03
2.598617e-03
2.602197e-03
2.605780e-03
2.609365e-03
2.612952e-03
2.616542e-03
2.620134e-03
2.623729e-03
2.627326e-03
2.630926e-03
2.634528e-03
2.638133e-03
2.641740e-03
2.645350e-03
2.648962e-03
2.652576e-03
2.656193e-03
2.659812e-03
2.663434e-03
2.667059e-03
2.670685e-03
2.674315e-03
2.677946e-03
2.681581e-03
2.685217e-03
2.688856e-03
2.692498e-03
2.696142e-03
2.699788e-03
2.703437e-03
2.707089e-03
2.710743e-03
2.714399e-03
2.718058e-03
2.721719e-03
2.725383e-03
2.729049e-03
2.732718e-03
2.736389e-03
2.740062e-03
2.743738e-03
2.747417e-03
2.751098e-03
2.754781e-03
2.758467e-03
2.762156e-03
2.765846e-03
2.769540e-03
2.773235e-03
2.776934e-03
2.780634e-03
2.784337e-03
2.788043e-03
2.791751e-03
2.795462e-03
2.799175e-03
2.802890e-03
2.806608e-03
2.810328e-03
2.814051e-03
2.817776e-03
2.821504e-03
2.825234e-03
2.828967e-03
2.832702e-03
2.836440e-03
2.840180e-03
2.843922e-03
2.847667e-03
2.851415e-03
2.855165e-03
2.858917e-03
2.862672e-03
2.866429e-03
2.870189e-03
2.873951e-03
2.877716e-03
2.881483e-03
2.885252e-03
2.889024e-03
2.892799e-03
2.896576e-03
2.900355e-03
2.904137e-03
2.907922e-03
2.911709e-03
2.915498e-03
2.919290e-03
2.923084e-03
2.926880e-03
2.930680e-03
2.933816e-03
2.936941e-03
2.940053e-03
2.943153e-03
2.946241e-03
2.949317e-03
2.952380e-03
2.955431e-03
2.958469e-03
2.961496e-03
2.964510e-03
2.967512e-03
2.970501e-03
2.973478e-03
2.976443e-03
2.979396e-03
2.982336e-03
2.985265e-03
2.988180e-03
2.991084e-03
2.993975e-03
2.996854e-03
2.999721e-03
3.002576e-03
3.005418e-03
3.008248e-03
3.011065e-03
3.013871e-03
3.016664e-03
3.019445e-03
3.022213e-03
3.024969e-03
3.027713e-03
3.030445e-03
3.033165e-03
3.035872e-03
3.038567e-03
3.041249e-03
3.043920e-03
3.046578e-03
3.049223e-03
3.051857e-03
3.054478e-03
3.057087e-03
3.059684e-03
3.062268e-03
3.064840e-03
3.067400e-03
3.069947e-03
3.072483e-03
3.075006e-03
3.077516e-03
3.080015e-03
3.082501e-03
3.084975e-03
3.087436e-03
3.089886e-03
3.092323e-03
3.094748e-03
3.097160e-03
3.099560e-03
3.101948e-03
3.104324e-03
3.106687e-03
3.109038e-03
3.111377e-03
3.113704e-03
3.116018e-03
3.118320e-03
3.120610e-03
3.122887e-03
3.125152e-03
3.127405e-03
3.129646e-03
3.131874e-03
3.134090e-03
3.136294e-03
3.138486e-03
3.140665e-03
3.142832e-03
3.144986e-03
3.147129e-03
3.149259e-03
3.151377e-03
3.153482e-03
3.155576e-03
3.157657e-03
3.159725e-03
3.161782e-03
3.163826e-03
3.165858e-03
3.167877e-03
3.169885e-03
3.171880e-03
3.173863e-03
3.175833e-03
3.177791e-03
3.179737e-03
3.181671e-03
3.183592e-03
3.185501e-03
3.187398e-03
3.189283e-03
3.191155e-03
3.193015e-03
3.194863e-03
3.196698e-03
3.198522e-03
3.200332e-03
3.202131e-03
3.203917e-03
3.205691e-03
3.207453e-03
3.209203e-03
3.210940e-03
3.212665e-03
3.214378e-03
3.216078e-03
3.217766e-03
3.219442e-03
3.221106e-03
3.222757e-03
3.224396e-03
3.226023e-03
3.227637e-03
3.229239e-03
3.230829e-03
3.232407e-03
3.233972e-03
3.235525e-03
3.237066e-03
3.238595e-03
3.240111e-03
3.241615e-03
3.243106e-03
3.244586e-03
3.246053e-03
3.247508e-03
3.248950e-03
3.250381e-03
3.251799e-03
3.253205e-03
3.254598e-03
3.255979e-03
3.257348e-03
3.258705e-03
3.260049e-03
3.261381e-03
3.262701e-03
3.264009e-03
3.265304e-03
3.266587e-03
3.267857e-03
3.269116e-03
3.270362e-03
3.271596e-03
3.272817e-03
3.274027e-03
3.275224e-03
3.276409e-03
3.277581e-03
3.278741e-03
3.279889e-03
3.281025e-03
3.282148e-03
3.283259e-03
3.284358e-03
3.285445e-03
3.286519e-03
3.287581e-03
3.288631e-03
3.289668e-03
3.290693e-03
3.291706e-03
3.292707e-03
3.293695e-03
3.294671e-03
3.295635e-03
3.296586e-03
3.297525e-03
3.298452e-03
3.299367e-03
3.300269e-03
3.301159e-03
3.302037e-03
3.302903e-03
3.303756e-03
3.304597e-03
3.305426e-03
3.306242e-03
3.307046e-03
3.307838e-03
3.308618e-03
3.309385e-03
3.310140e-03
3.310883e-03
3.311613e-03
3.312332e-03
3.313038e-03
3.313731e-03
3.314413e-03
3.315082e-03
3.315739e-03
3.316383e-03
3.317015e-03
3.317635e-03
3.318243e-03
3.318839e-03
3.319422e-03
3.319993e-03
3.320551e-03
3.321098e-03
3.321632e-03
3.322153e-03
3.322663e-03
3.323160e-03
3.323645e-03
3.324118e-03
3.324578e-03
3.325026e-03
3.325462e-03
3.325886e-03
3.326297e-03
3.326696e-03
3.327083e-03
3.327457e-03
3.327819e-03
3.328169e-03
3.328507e-03
3.328832e-03
3.329145e-03
3.329446e-03
3.329734e-03
3.330011e-03
3.330275e-03
3.330526e-03
3.330766e-03
3.330993e-03
3.331208e-03
3.331410e-03
3.331600e-03
3.331778e-03
3.331944e-03
3.332098e-03
3.332239e-03
3.332368e-03
3.332484e-03
3.332589e-03
3.332681e-03
3.332761e-03
3.332828e-03
3.332883e-03
3.332926e-03
3.332957e-03
3.332975e-03
3.332981e-03
3.332975e-03
3.332957e-03
3.332926e-03
3.332883e-03
3.332828e-03
3.332760e-03
3.332681e-03
3.332588e-03
3.332484e-03
3.332367e-03
3.332239e-03
3.332097e-03
3.331944e-03
3.331778e-03
3.331600e-03
3.331410e-03
3.331207e-03
3.330992e-03
3.330765e-03
3.330526e-03
3.330274e-03
3.330010e-03
3.329734e-03
3.329445e-03
3.329144e-03
3.328831e-03
3.328506e-03
3.328168e-03
3.327818e-03
3.327456e-03
3.327082e-03
3.326695e-03
3.326296e-03
3.325885e-03
3.325461e-03
3.325025e-03
3.324577e-03
3.324117e-03
3.323644e-03
3.323159e-03
3.322662e-03
3.322152e-03
3.321630e-03
3.321096e-03
3.320772e-03
3.320772e-03
3.320772e-03
3.320772e-03
3.320772e-03
3.320772e-03
3.320772e-03
3.320772e-03
3.320772e-03
3.320772e-03
3.320772e-03
3.320772e-03
3.320772e-03
3.320772e-03
3.320772e-03
3.320772e-03
3.320772e-03
3.320772e-03
3.320772e-03
3.320772e-03
3.320772e-03
3.320772e-03
3.320772e-03
3.320772e-03
3.320772e-03
3.320772e-03
3.320772e-03
3.320772e-03
3.320772e-03
3.320772e-03
3.320772e-03
3.320772e-03
3.320772e-03
3.320772e-03
3.320772e-03
3.320772e-03
3.320772e-03
3.320772e-03
3.320772e-03
3.320772e-03
3.320772e-03
3.320772e-03
3.320772e-03
3.320772e-03
3.320772e-03
3.320772e-03
3.320772e-03
3.320772e-03
3.320772e-03
3.320772e-03
3.320772e-03
3.320772e-03
3.320772e-03
3.320772e-03
3.320772e-03
3.320772e-03
3.320772e-03
3.320772e-03
3.320772e-03
3.320772e-03
3.320772e-03
3.320772e-03
3.320772e-03
3.320772e-03
3.320772e-03
3.320772e-03
3.320772e-03
3.320772e-03
3.320772e-03
3.320772e-03
3.320772e-03
3.320772e-03
3.320772e-03
3.320772e-03
3.320772e-03
3.320772e-03
3.320772e-03
3.320772e-03
3.320772e-03
3.320772e-03
3.320772e-03
3.320772e-03
3.320772e-03
3.320772e-03
3.320772e-03
3.320772e-03
3.320772e-03
3.320772e-03
3.320772e-03
3.320772e-03
3.320772e-03
3.320772e-03
3.320772e-03
3.320772e-03
3.320772e-03
3.320772e-03
3.320772e-03
3.320772e-03
3.320772e-03
3.320772e-03
3.320772e-03
3.320772e-03
3.320772e-03
3.320772e-03
3.320772e-03
3.320772e-03
3.320772e-03
3.320772e-03
3.320772e-03
3.320772e-03
3.320772e-03
3.320772e-03
3.320772e-03
3.320772e-03
3.320772e-03
3.320772e-03
3.320772e-03
3.320772e-03
3.320772e-03
3.320772e-03
3.320772e-03
3.320772e-03
3.320772e-03
3.320772e-03
3.320772e-03
3.320772e-03
3.320772e-03
3.320772e-03
3.320772e-03
3.320772e-03
3.320772e-03
3.320772e-03
3.320772e-03
3.320772e-03
3.320772e-03
3.320772e-03
3.320772e-03
3.320772e-03
3.320772e-03
3.320772e-03
3.320772e-03
3.320772e-03
3.320772e-03
3.320772e-03
3.320772e-03
3.320772e-03
3.320772e-03
3.320772e-03
3.320772e-03
3.320772e-03
3.320772e-03
3.320772e-03
3.320772e-03
3.320772e-03
3.320772e-03
3.320772e-03
3.320772e-03
3.320772e-03
3.320772e-03
3.320772e-03
3.320772e-03
3.320772e-03
3.320772e-03
3.320772e-03
3.320772e-03
3.320772e-03
3.320772e-03
3.320772e-03
3.320772e-03
3.320772e-03
3.320772e-03
3.320772e-03
3.320772e-03
3.320772e-03
3.320772e-03
3.320772e-03
3.320772e-03
3.320772e-03
3.320772e-03
3.320772e-03
3.320772e-03
3.320772e-03
3.320772e-03
3.320772e-03
3.320772e-03
3.320772e-03
3.320772e-03
3.320772e-03
3.320772e-03
3.320772e-03
3.320772e-03
3.320772e-03
3.320772e-03
3.320772e-03
3.320772e-03
3.320772e-03
3.320772e-03
3.320772e-03
3.320772e-03
3.320772e-03
3.320772e-03
