0.000000e+00
1.110371e-07
2.244267e-07
3.401687e-07
4.582632e-07
5.787102e-07
7.015097e-07
8.266617e-07
9.541661e-07
1.084023e-06
1.216232e-06
1.350794e-06
1.487709e-06
1.626976e-06
1.768595e-06
1.912567e-06
2.058891e-06
2.207568e-06
2.358597e-06
2.511979e-06
2.667713e-06
2.825800e-06
2.986239e-06
3.149031e-06
3.314175e-06
3.481671e-06
3.651520e-06
3.823722e-06
3.998276e-06
4.175183e-06
4.354442e-06
4.536053e-06
4.720017e-06
4.906334e-06
5.095003e-06
5.286024e-06
5.479398e-06
5.675124e-06
5.873203e-06
6.073635e-06
6.276418e-06
6.481555e-06
6.689043e-06
6.898885e-06
7.111078e-06
7.325625e-06
7.542523e-06
7.761775e-06
7.983378e-06
8.207334e-06
8.433643e-06
8.662304e-06
8.893318e-06
9.126684e-06
9.362402e-06
9.600474e-06
9.840897e-06
1.008367e-05
1.032880e-05
1.057628e-05
1.082612e-05
1.107830e-05
1.133284e-05
1.158973e-05
1.184897e-05
1.211057e-05
1.237452e-05
1.264082e-05
1.290947e-05
1.318048e-05
1.345384e-05
1.372955e-05
1.400761e-05
1.428803e-05
1.457079e-05
1.485592e-05
1.514339e-05
1.543321e-05
1.572539e-05
1.601992e-05
1.631681e-05
1.661604e-05
1.691763e-05
1.722157e-05
1.752786e-05
1.783651e-05
1.814751e-05
1.846086e-05
1.877656e-05
1.909461e-05
1.941502e-05
1.973778e-05
2.006290e-05
2.039036e-05
2.072018e-05
2.105235e-05
2.138687e-05
2.172375e-05
2.206297e-05
2.240456e-05
2.274849e-05
2.309477e-05
2.344341e-05
2.379440e-05
2.414774e-05
2.450344e-05
2.486149e-05
2.522189e-05
2.558464e-05
2.594974e-05
2.631720e-05
2.668701e-05
2.705917e-05
2.743369e-05
2.781056e-05
2.818978e-05
2.857135e-05
2.895527e-05
2.934155e-05
2.973018e-05
3.012116e-05
3.051450e-05
3.091018e-05
3.130822e-05
3.170862e-05
3.211136e-05
3.251646e-05
3.292391e-05
3.333371e-05
3.374586e-05
3.416037e-05
3.457723e-05
3.499644e-05
3.541801e-05
3.584192e-05
3.626819e-05
3.669682e-05
3.712779e-05
3.756112e-05
3.799680e-05
3.843483e-05
3.887521e-05
3.931795e-05
3.976304e-05
4.021048e-05
4.066028e-05
4.111242e-05
4.156692e-05
4.202377e-05
4.248298e-05
4.294453e-05
4.340844e-05
4.387470e-05
4.434332e-05
4.481429e-05
4.528760e-05
4.576328e-05
4.624130e-05
4.672168e-05
4.720441e-05
4.768949e-05
4.817692e-05
4.866671e-05
4.915885e-05
4.965334e-05
5.015018e-05
5.064938e-05
5.115093e-05
5.165483e-05
5.216108e-05
5.266969e-05
5.318065e-05
5.369396e-05
5.420962e-05
5.472764e-05
5.524801e-05
5.577073e-05
5.629580e-05
5.682323e-05
5.735301e-05
5.788514e-05
5.841962e-05
5.895646e-05
5.949565e-05
6.003719e-05
6.058108e-05
6.112733e-05
6.167593e-05
6.222688e-05
6.278018e-05
6.333584e-05
6.389384e-05
6.445421e-05
6.501692e-05
6.558198e-05
6.614940e-05
6.671917e-05
6.729130e-05
6.786577e-05
6.844260e-05
6.902178e-05
6.960332e-05
7.018720e-05
7.077344e-05
7.136203e-05
7.195297e-05
7.254627e-05
7.314192e-05
7.373992e-05
7.434027e-05
7.494298e-05
7.554803e-05
7.615544e-05
7.676521e-05
7.737732e-05
7.799179e-05
7.860861e-05
7.922778e-05
7.984931e-05
8.047319e-05
8.109942e-05
8.172800e-05
8.235894e-05
8.299222e-05
8.362786e-05
8.426586e-05
8.490620e-05
8.554890e-05
8.619395e-05
8.684135e-05
8.749111e-05
8.814322e-05
8.879768e-05
8.945449e-05
9.011365e-05
9.077517e-05
9.143904e-05
9.210526e-05
9.277384e-05
9.344477e-05
9.411805e-05
9.479368e-05
9.547166e-05
9.615200e-05
9.683469e-05
9.751973e-05
9.820713e-05
9.889687e-05
9.958897e-05
1.002834e-04
1.009802e-04
1.016794e-04
1.023809e-04
1.030848e-04
1.037910e-04
1.044995e-04
1.052105e-04
1.059237e-04
1.066394e-04
1.073573e-04
1.080777e-04
1.088003e-04
1.095254e-04
1.102528e-04
1.109825e-04
1.117146e-04
1.124490e-04
1.131858e-04
1.139250e-04
1.146665e-04
1.154103e-04
1.161566e-04
1.169051e-04
1.176560e-04
1.184093e-04
1.191649e-04
1.199229e-04
1.206832e-04
1.214459e-04
1.222109e-04
1.229783e-04
1.237480e-04
1.245201e-04
1.252945e-04
1.260713e-04
1.268505e-04
1.276320e-04
1.284158e-04
1.292020e-04
1.299906e-04
1.307815e-04
1.315747e-04
1.323703e-04
1.331683e-04
1.339686e-04
1.347713e-04
1.355763e-04
1.363837e-04
1.371934e-04
1.380055e-04
1.388199e-04
1.396367e-04
1.404558e-04
1.412773e-04
1.421011e-04
1.429273e-04
1.437559e-04
1.445868e-04
1.454200e-04
1.462556e-04
1.470936e-04
1.479339e-04
1.487765e-04
1.496215e-04
1.504689e-04
1.513186e-04
1.521707e-04
1.530251e-04
1.538819e-04
1.547410e-04
1.556025e-04
1.564663e-04
1.573325e-04
1.582010e-04
1.590719e-04
1.599452e-04
1.608208e-04
1.616987e-04
1.625790e-04
1.634616e-04
1.643467e-04
1.652340e-04
1.661237e-04
1.670158e-04
1.679102e-04
1.688070e-04
1.697061e-04
1.706075e-04
1.715114e-04
1.724175e-04
1.733261e-04
1.742369e-04
1.751502e-04
1.760658e-04
1.769837e-04
1.779040e-04
1.788266e-04
1.797516e-04
1.806790e-04
1.816087e-04
1.825407e-04
1.834751e-04
1.844119e-04
1.853510e-04
1.862925e-04
1.872363e-04
1.881825e-04
1.891310e-04
1.900818e-04
1.910351e-04
1.919907e-04
1.929486e-04
1.939089e-04
1.948715e-04
1.958365e-04
1.968038e-04
1.977735e-04
1.987456e-04
1.997200e-04
2.006967e-04
2.016758e-04
2.026573e-04
2.036411e-04
2.046272e-04
2.056157e-04
2.066066e-04
2.075998e-04
2.085954e-04
2.095933e-04
2.105936e-04
2.115962e-04
2.126012e-04
2.136085e-04
2.146182e-04
2.156303e-04
2.166446e-04
2.176614e-04
2.186805e-04
2.197019e-04
2.207257e-04
2.217519e-04
2.227804e-04
2.238112e-04
2.248445e-04
2.258800e-04
2.269179e-04
2.279582e-04
2.290008e-04
2.300458e-04
2.310931e-04
2.321428e-04
2.331948e-04
2.342492e-04
2.353059e-04
2.363650e-04
2.374265e-04
2.384903e-04
2.395564e-04
2.406249e-04
2.416957e-04
2.427689e-04
2.438445e-04
2.449224e-04
2.460027e-04
2.470853e-04
2.481702e-04
2.492576e-04
2.503472e-04
2.514392e-04
2.525336e-04
2.536303e-04
2.547294e-04
2.558309e-04
2.569346e-04
2.580408e-04
2.591493e-04
2.602601e-04
2.613733e-04
2.624888e-04
2.636067e-04
2.647270e-04
2.658496e-04
2.669746e-04
2.681019e-04
2.692315e-04
2.703635e-04
2.714979e-04
2.726346e-04
2.737737e-04
2.749151e-04
2.760589e-04
2.772050e-04
2.783535e-04
2.795043e-04
2.806575e-04
2.818131e-04
2.829710e-04
2.841312e-04
2.852938e-04
2.864587e-04
2.876260e-04
2.887957e-04
2.899677e-04
2.911421e-04
2.923188e-04
2.934978e-04
2.946793e-04
2.958630e-04
2.970491e-04
2.982376e-04
2.994284e-04
3.006216e-04
3.018172e-04
3.030150e-04
3.042153e-04
3.054179e-04
3.066228e-04
3.078301e-04
3.090397e-04
3.102517e-04
3.114661e-04
3.126828e-04
3.139018e-04
3.151233e-04
3.163470e-04
3.175731e-04
3.188016e-04
3.200324e-04
3.212656e-04
3.225011e-04
3.237390e-04
3.249792e-04
3.262218e-04
3.274667e-04
3.287140e-04
3.299636e-04
3.312156e-04
3.324700e-04
3.337267e-04
3.349857e-04
3.362471e-04
3.375109e-04
3.387770e-04
3.400454e-04
3.413162e-04
3.425894e-04
3.438649e-04
3.451428e-04
3.464230e-04
3.477056e-04
3.489905e-04
3.502778e-04
3.515674e-04
3.528594e-04
3.541537e-04
3.554504e-04
3.567495e-04
3.580508e-04
3.593546e-04
3.606607e-04
3.619691e-04
3.632799e-04
3.645931e-04
3.659086e-04
3.672265e-04
3.685467e-04
3.698692e-04
3.711942e-04
3.725214e-04
3.738510e-04
3.751830e-04
3.765174e-04
3.778540e-04
3.791931e-04
3.805344e-04
3.818782e-04
3.832243e-04
3.845727e-04
3.859235e-04
3.872767e-04
3.886322e-04
3.899900e-04
3.913502e-04
3.927128e-04
3.940777e-04
3.954449e-04
3.968146e-04
3.981865e-04
3.995608e-04
4.009375e-04
4.023165e-04
4.036979e-04
4.050816e-04
4.064677e-04
4.078562e-04
4.092469e-04
4.106401e-04
4.120356e-04
4.134334e-04
4.148336e-04
4.162362e-04
4.176411e-04
4.190483e-04
4.204579e-04
4.218699e-04
4.232842e-04
4.247009e-04
4.261199e-04
4.275412e-04
4.289650e-04
4.303910e-04
4.318195e-04
4.332502e-04
4.346834e-04
4.361189e-04
4.375567e-04
4.389969e-04
4.404394e-04
4.418843e-04
4.433316e-04
4.447812e-04
4.462331e-04
4.476874e-04
4.491441e-04
4.506031e-04
4.520644e-04
4.535282e-04
4.549942e-04
4.564626e-04
4.579334e-04
4.594065e-04
4.608820e-04
4.623598e-04
4.638400e-04
4.653226e-04
4.668074e-04
4.682947e-04
4.697843e-04
4.712762e-04
4.727705e-04
4.742672e-04
4.757662e-04
4.772675e-04
4.787712e-04
4.802773e-04
4.817857e-04
4.832964e-04
4.848096e-04
4.863250e-04
4.878429e-04
4.893630e-04
4.908855e-04
4.924104e-04
4.939377e-04
4.954672e-04
4.969992e-04
4.985335e-04
5.000701e-04
5.016091e-04
5.031504e-04
5.046941e-04
5.062402e-04
5.077886e-04
5.093393e-04
5.108925e-04
5.124479e-04
5.140057e-04
5.155659e-04
5.171284e-04
5.186933e-04
5.202605e-04
5.218301e-04
5.234020e-04
5.249763e-04
5.265529e-04
5.281319e-04
5.297132e-04
5.312969e-04
5.328830e-04
5.344714e-04
5.360621e-04
5.376552e-04
5.392507e-04
5.408485e-04
5.424486e-04
5.440511e-04
5.456560e-04
5.472632e-04
5.488728e-04
5.504847e-04
5.520990e-04
5.537156e-04
5.553346e-04
5.569559e-04
5.585796e-04
5.602056e-04
5.618340e-04
5.634648e-04
5.650978e-04
5.667333e-04
5.683711e-04
5.700112e-04
5.716537e-04
5.732986e-04
5.749458e-04
5.765954e-04
5.782473e-04
5.799015e-04
5.815582e-04
5.832171e-04
5.848784e-04
5.865421e-04
5.882081e-04
5.898765e-04
5.915473e-04
5.932203e-04
5.948958e-04
5.965736e-04
5.982537e-04
5.999362e-04
6.016210e-04
6.033082e-04
6.049978e-04
6.066897e-04
6.083840e-04
6.100806e-04
6.117795e-04
6.134808e-04
6.151845e-04
6.168905e-04
6.185989e-04
6.203096e-04
6.220227e-04
6.237381e-04
6.254559e-04
6.271760e-04
6.288985e-04
6.306234e-04
6.323506e-04
6.340801e-04
6.358120e-04
6.375462e-04
6.392829e-04
6.410218e-04
6.427631e-04
6.445068e-04
6.462528e-04
6.480011e-04
6.497519e-04
6.515049e-04
6.532603e-04
6.550181e-04
6.567782e-04
6.585407e-04
6.603056e-04
6.620727e-04
6.638423e-04
6.656142e-04
6.673884e-04
6.691650e-04
6.709439e-04
6.727252e-04
6.745089e-04
6.762949e-04
6.780833e-04
6.798740e-04
6.816670e-04
6.834624e-04
6.852602e-04
6.870603e-04
6.888628e-04
6.906676e-04
6.924748e-04
6.942843e-04
6.960962e-04
6.979104e-04
6.997270e-04
7.015460e-04
7.033672e-04
7.051909e-04
7.070169e-04
7.088452e-04
7.106759e-04
7.125090e-04
7.143444e-04
7.161821e-04
7.180223e-04
7.198647e-04
7.217095e-04
7.235567e-04
7.254062e-04
7.272581e-04
7.291123e-04
7.309689e-04
7.328278e-04
7.346891e-04
7.365528e-04
7.384187e-04
7.402871e-04
7.421578e-04
7.440308e-04
7.459062e-04
7.477840e-04
7.496641e-04
7.515465e-04
7.534313e-04
7.553185e-04
7.572080e-04
7.590999e-04
7.609941e-04
7.628907e-04
7.647896e-04
7.666909e-04
7.685945e-04
7.705005e-04
7.724088e-04
7.743195e-04
7.762325e-04
7.781479e-04
7.800656e-04
7.819857e-04
7.839082e-04
7.858330e-04
7.877601e-04
7.896896e-04
7.916215e-04
7.935557e-04
7.954923e-04
7.974312e-04
7.993725e-04
8.013161e-04
8.032620e-04
8.052104e-04
8.071610e-04
8.091141e-04
8.110695e-04
8.130272e-04
8.149873e-04
8.169497e-04
8.189145e-04
8.208817e-04
8.228512e-04
8.248230e-04
8.267972e-04
8.287738e-04
8.307527e-04
8.327339e-04
8.347175e-04
8.367035e-04
8.386918e-04
8.406825e-04
8.426755e-04
8.446709e-04
8.466686e-04
8.486687e-04
8.506711e-04
8.526759e-04
8.546830e-04
8.566925e-04
8.587044e-04
8.607186e-04
8.627351e-04
8.647540e-04
8.667753e-04
8.687989e-04
8.708248e-04
8.728531e-04
8.748838e-04
8.769168e-04
8.789522e-04
8.809899e-04
8.830300e-04
8.850724e-04
8.871172e-04
8.891643e-04
8.912138e-04
8.932656e-04
8.953198e-04
8.973763e-04
8.994352e-04
9.014965e-04
9.035601e-04
9.056260e-04
9.076943e-04
9.097650e-04
9.118380e-04
9.139133e-04
9.159910e-04
9.180711e-04
9.201535e-04
9.222383e-04
9.243254e-04
9.264149e-04
9.285067e-04
9.306009e-04
9.326974e-04
9.347963e-04
9.368975e-04
9.390011e-04
9.411071e-04
9.432154e-04
9.453260e-04
9.474390e-04
9.495543e-04
9.516720e-04
9.537921e-04
9.559145e-04
9.580393e-04
9.601664e-04
9.622959e-04
9.644277e-04
9.665618e-04
9.686984e-04
9.708372e-04
9.729785e-04
9.751220e-04
9.772680e-04
9.794163e-04
9.815669e-04
9.837199e-04
9.858752e-04
9.880329e-04
9.901930e-04
9.923554e-04
9.945201e-04
9.966872e-04
9.988567e-04
1.001029e-03
1.003203e-03
1.005379e-03
1.007558e-03
1.009739e-03
1.011923e-03
1.014109e-03
1.016297e-03
1.018488e-03
1.020681e-03
1.022876e-03
1.025074e-03
1.027274e-03
1.029476e-03
1.031681e-03
1.033888e-03
1.036097e-03
1.038309e-03
1.040523e-03
1.042740e-03
1.044959e-03
1.047180e-03
1.049404e-03
1.051629e-03
1.053858e-03
1.056088e-03
1.058321e-03
1.060557e-03
1.062794e-03
1.065034e-03
1.067277e-03
1.069521e-03
1.071769e-03
1.074018e-03
1.076270e-03
1.078524e-03
1.080780e-03
1.083039e-03
1.085300e-03
1.087564e-03
1.089830e-03
1.092098e-03
1.094369e-03
1.096642e-03
1.098917e-03
1.101195e-03
1.103475e-03
1.105757e-03
1.108042e-03
1.110329e-03
1.112618e-03
1.114910e-03
1.117204e-03
1.119501e-03
1.121800e-03
1.124101e-03
1.126404e-03
1.128710e-03
1.131019e-03
1.133329e-03
1.135642e-03
1.137957e-03
1.140275e-03
1.142595e-03
1.144918e-03
1.147242e-03
1.149569e-03
1.151899e-03
1.154231e-03
1.156565e-03
1.158901e-03
1.161240e-03
1.163581e-03
1.165925e-03
1.168271e-03
1.170619e-03
1.172969e-03
1.175322e-03
1.177678e-03
1.180035e-03
1.182395e-03
1.184758e-03
1.187122e-03
1.189489e-03
1.191859e-03
1.194231e-03
1.196605e-03
1.198981e-03
1.201360e-03
1.203741e-03
1.206125e-03
1.208511e-03
1.210899e-03
1.213290e-03
1.215682e-03
1.218078e-03
1.220475e-03
1.222875e-03
1.225278e-03
1.227682e-03
1.230090e-03
1.232499e-03
1.234911e-03
1.237325e-03
1.239741e-03
1.242160e-03
1.244581e-03
1.247005e-03
1.249431e-03
1.251859e-03
1.254290e-03
1.256722e-03
1.259158e-03
1.261595e-03
1.264035e-03
1.266478e-03
1.268922e-03
1.271369e-03
1.273819e-03
1.276271e-03
1.278725e-03
1.281181e-03
1.283640e-03
1.286101e-03
1.288565e-03
1.291031e-03
1.293499e-03
1.295969e-03
1.298442e-03
1.300918e-03
1.303395e-03
1.305875e-03
1.308358e-03
1.310842e-03
1.313329e-03
1.315819e-03
1.318310e-03
1.320804e-03
1.323301e-03
1.325800e-03
1.328301e-03
1.330804e-03
1.333310e-03
1.335818e-03
1.338329e-03
1.340842e-03
1.343357e-03
1.345875e-03
1.348395e-03
1.350917e-03
1.353442e-03
1.355969e-03
1.358498e-03
1.361030e-03
1.363564e-03
1.366101e-03
1.368639e-03
1.371181e-03
1.373724e-03
1.376270e-03
1.378818e-03
1.381369e-03
1.383922e-03
1.386477e-03
1.389034e-03
1.391594e-03
1.394157e-03
1.396721e-03
1.399288e-03
1.401858e-03
1.404430e-03
1.407004e-03
1.409580e-03
1.412159e-03
1.414740e-03
1.417323e-03
1.419909e-03
1.422498e-03
1.425088e-03
1.427681e-03
1.430276e-03
1.432874e-03
1.435474e-03
1.438076e-03
1.440681e-03
1.443288e-03
1.445897e-03
1.448509e-03
1.451123e-03
1.453739e-03
1.456358e-03
1.458979e-03
1.461603e-03
1.464229e-03
1.466857e-03
1.469487e-03
1.472120e-03
1.474756e-03
1.477393e-03
1.480033e-03
1.482675e-03
1.485320e-03
1.487967e-03
1.490616e-03
1.493268e-03
1.495922e-03
1.498579e-03
1.501237e-03
1.503899e-03
1.506562e-03
1.509228e-03
1.511896e-03
1.514567e-03
1.517239e-03
1.519915e-03
1.522592e-03
1.525272e-03
1.527955e-03
1.530639e-03
1.533326e-03
1.536016e-03
1.538707e-03
1.541401e-03
1.544098e-03
1.546796e-03
1.549498e-03
1.552201e-03
1.554907e-03
1.557615e-03
1.560326e-03
1.563038e-03
1.565754e-03
1.568471e-03
1.571191e-03
1.573914e-03
1.576638e-03
1.579365e-03
1.582095e-03
1.584826e-03
1.587560e-03
1.590297e-03
1.593035e-03
1.595777e-03
1.598520e-03
1.601266e-03
1.604014e-03
1.606765e-03
1.609517e-03
1.612273e-03
1.615030e-03
1.617790e-03
1.620552e-03
1.623317e-03
1.626084e-03
1.628853e-03
1.631625e-03
1.634399e-03
1.637175e-03
1.639954e-03
1.642735e-03
1.645519e-03
1.648305e-03
1.651093e-03
1.653883e-03
1.656676e-03
1.659471e-03
1.662269e-03
1.665069e-03
1.667871e-03
1.670676e-03
1.673483e-03
1.676292e-03
1.679104e-03
1.681918e-03
1.684734e-03
1.687553e-03
1.690374e-03
1.693197e-03
1.696023e-03
1.698851e-03
1.701682e-03
1.704515e-03
1.707350e-03
1.710188e-03
1.713027e-03
1.715870e-03
1.718714e-03
1.721561e-03
1.724411e-03
1.727262e-03
1.730116e-03
1.732973e-03
1.735831e-03
1.738693e-03
1.741556e-03
1.744422e-03
1.747290e-03
1.750160e-03
1.753033e-03
1.755908e-03
1.758786e-03
1.761666e-03
1.764548e-03
1.767433e-03
1.770320e-03
1.773209e-03
1.776101e-03
1.778995e-03
1.781891e-03
1.784790e-03
1.787691e-03
1.790594e-03
1.793500e-03
1.796408e-03
1.799319e-03
1.802232e-03
1.805147e-03
1.808064e-03
1.810984e-03
1.813907e-03
1.816831e-03
1.819758e-03
1.822687e-03
1.825619e-03
1.828553e-03
1.831489e-03
1.834428e-03
1.837369e-03
1.840313e-03
1.843258e-03
1.846207e-03
1.849157e-03
1.852110e-03
1.855065e-03
1.858023e-03
1.860983e-03
1.863945e-03
1.866909e-03
1.869876e-03
1.872846e-03
1.875817e-03
1.878791e-03
1.881768e-03
1.884746e-03
1.887727e-03
1.890711e-03
1.893697e-03
1.896685e-03
1.899675e-03
1.902668e-03
1.905663e-03
1.908661e-03
1.911661e-03
1.914663e-03
1.917667e-03
1.920674e-03
1.923684e-03
1.926695e-03
1.929709e-03
1.932726e-03
1.935744e-03
1.938765e-03
1.941789e-03
1.944815e-03
1.947843e-03
1.950873e-03
1.953906e-03
1.956941e-03
1.959979e-03
1.963019e-03
1.966061e-03
1.969105e-03
1.972152e-03
1.975202e-03
1.978253e-03
1.981307e-03
1.984364e-03
1.987422e-03
1.990483e-03
1.993547e-03
1.996612e-03
1.999681e-03
2.002751e-03
2.005824e-03
2.008899e-03
2.011976e-03
2.015056e-03
2.018139e-03
2.021223e-03
2.024310e-03
2.027399e-03
2.030491e-03
2.033585e-03
2.036681e-03
2.039780e-03
2.042881e-03
2.045984e-03
2.049090e-03
2.052198e-03
2.055309e-03
2.058422e-03
2.061537e-03
2.064654e-03
2.067774e-03
2.070896e-03
2.074021e-03
2.077148e-03
2.080277e-03
2.083409e-03
2.086543e-03
2.089679e-03
2.092818e-03
2.095959e-03
2.099102e-03
2.102248e-03
2.105396e-03
2.108546e-03
2.111699e-03
2.114854e-03
2.118012e-03
2.121172e-03
2.124334e-03
2.127498e-03
2.130665e-03
2.133835e-03
2.137006e-03
2.140180e-03
2.143356e-03
2.146535e-03
2.149716e-03
2.152899e-03
2.156085e-03
2.159273e-03
2.162464e-03
2.165657e-03
2.168852e-03
2.172049e-03
2.175249e-03
2.178451e-03
2.181656e-03
2.184863e-03
2.188072e-03
2.191283e-03
2.194497e-03
2.197714e-03
2.200932e-03
2.204153e-03
2.207377e-03
2.210603e-03
2.213831e-03
2.217061e-03
2.220294e-03
2.223529e-03
2.226766e-03
2.230006e-03
2.233248e-03
2.236493e-03
2.239740e-03
2.242989e-03
2.246241e-03
2.249495e-03
2.252751e-03
2.256010e-03
2.259271e-03
2.262534e-03
2.265800e-03
2.269068e-03
2.272338e-03
2.275611e-03
2.278886e-03
2.282164e-03
2.285443e-03
2.288726e-03
2.292010e-03
2.295297e-03
2.298586e-03
2.301878e-03
2.305172e-03
2.308468e-03
2.311767e-03
2.315068e-03
2.318371e-03
2.321677e-03
2.324985e-03
2.328295e-03
2.331608e-03
2.334923e-03
2.338241e-03
2.341560e-03
2.344883e-03
2.348207e-03
2.351534e-03
2.354863e-03
2.358195e-03
2.361529e-03
2.364865e-03
2.368204e-03
2.371545e-03
2.374888e-03
2.378234e-03
2.381582e-03
2.384932e-03
2.388285e-03
2.391640e-03
2.394997e-03
2.398357e-03
2.401719e-03
2.405084e-03
2.408451e-03
2.411820e-03
2.415192e-03
2.418566e-03
2.421942e-03
2.425321e-03
2.428701e-03
2.432085e-03
2.435471e-03
2.438859e-03
2.442249e-03
2.445642e-03
2.449037e-03
2.452434e-03
2.455834e-03
2.459236e-03
2.462641e-03
2.466048e-03
2.469457e-03
2.472868e-03
2.476282e-03
2.479699e-03
2.483117e-03
2.486538e-03
2.489961e-03
2.493387e-03
2.496815e-03
2.500246e-03
2.503678e-03
2.507113e-03
2.510551e-03
2.513991e-03
2.517433e-03
2.520877e-03
2.524324e-03
2.527773e-03
2.531225e-03
2.534679e-03
2.538135e-03
2.541594e-03
2.545055e-03
2.548518e-03
2.551984e-03
2.555452e-03
2.558922e-03
2.562395e-03
2.565870e-03
2.569347e-03
2.572827e-03
2.576309e-03
2.579794e-03
2.583281e-03
2.586770e-03
2.590261e-03
2.593755e-03
2.597252e-03
2.600750e-03
2.604251e-03
2.607754e-03
2.611260e-03
2.614768e-03
2.618278e-03
2.621791e-03
2.625306e-03
2.628824e-03
2.632344e-03
2.635866e-03
2.639390e-03
2.642917e-03
2.646446e-03
2.649978e-03
2.653512e-03
2.657048e-03
2.660586e-03
2.664127e-03
2.667671e-03
2.671216e-03
2.674764e-03
2.678315e-03
2.681867e-03
2.685423e-03
2.688980e-03
2.692540e-03
2.696102e-03
2.699666e-03
2.703233e-03
2.706802e-03
2.710374e-03
2.713948e-03
2.717524e-03
2.721103e-03
2.724684e-03
2.728267e-03
2.731852e-03
2.735440e-03
2.739031e-03
2.742624e-03
2.746219e-03
2.749816e-03
2.753416e-03
2.757018e-03
2.760622e-03
2.764229e-03
2.767838e-03
2.771450e-03
2.775064e-03
2.778680e-03
2.782299e-03
2.785920e-03
2.789543e-03
2.793168e-03
2.796796e-03
2.800427e-03
2.804060e-03
2.807695e-03
2.810667e-03
2.813628e-03
2.816577e-03
2.819515e-03
2.822441e-03
2.825355e-03
2.828257e-03
2.831147e-03
2.834026e-03
2.836893e-03
2.839749e-03
2.842592e-03
2.845424e-03
2.848244e-03
2.851053e-03
2.853849e-03
2.856634e-03
2.859408e-03
2.862169e-03
2.864919e-03
2.867657e-03
2.870383e-03
2.873098e-03
2.875801e-03
2.878492e-03
2.881171e-03
2.883839e-03
2.886495e-03
2.889139e-03
2.891771e-03
2.894392e-03
2.897001e-03
2.899598e-03
2.902184e-03
2.904758e-03
2.907320e-03
2.909870e-03
2.912409e-03
2.914935e-03
2.917451e-03
2.919954e-03
2.922446e-03
2.924926e-03
2.927394e-03
2.929850e-03
2.932295e-03
2.934728e-03
2.937149e-03
2.939559e-03
2.941957e-03
2.944343e-03
2.946717e-03
2.949080e-03
2.951431e-03
2.953770e-03
2.956098e-03
2.958413e-03
2.960717e-03
2.963009e-03
2.965290e-03
2.967559e-03
2.969816e-03
2.972061e-03
2.974295e-03
2.976517e-03
2.978727e-03
2.980925e-03
2.983112e-03
2.985287e-03
2.987450e-03
2.989601e-03
2.991741e-03
2.993869e-03
2.995986e-03
2.998090e-03
3.000183e-03
3.002264e-03
3.004333e-03
3.006391e-03
3.008437e-03
3.010471e-03
3.012493e-03
3.014504e-03
3.016503e-03
3.018490e-03
3.020466e-03
3.022430e-03
3.024382e-03
3.026322e-03
3.028251e-03
3.030168e-03
3.032073e-03
3.033966e-03
3.035848e-03
3.037718e-03
3.039576e-03
3.041422e-03
3.043257e-03
3.045080e-03
3.046891e-03
3.048691e-03
3.050479e-03
3.052255e-03
3.054019e-03
3.055772e-03
3.057513e-03
3.059242e-03
3.060959e-03
3.062665e-03
3.064359e-03
3.066041e-03
3.067712e-03
3.069370e-03
3.071017e-03
3.072653e-03
3.074276e-03
3.075888e-03
3.077488e-03
3.079077e-03
3.080653e-03
3.082218e-03
3.083771e-03
3.085313e-03
3.086843e-03
3.088361e-03
3.089867e-03
3.091361e-03
3.092844e-03
3.094315e-03
3.095775e-03
3.097222e-03
3.098658e-03
3.100082e-03
3.101495e-03
3.102895e-03
3.104284e-03
3.105662e-03
3.107027e-03
3.108381e-03
3.109723e-03
3.111053e-03
3.112372e-03
3.113678e-03
3.114974e-03
3.116257e-03
3.117529e-03
3.118789e-03
3.120037e-03
3.121273e-03
3.122498e-03
3.123711e-03
3.124912e-03
3.126102e-03
3.127279e-03
3.128446e-03
3.129600e-03
3.130742e-03
3.131873e-03
3.132992e-03
3.134100e-03
3.135196e-03
3.136279e-03
3.137352e-03
3.138412e-03
3.139461e-03
3.140498e-03
3.141523e-03
3.142537e-03
3.143539e-03
3.144529e-03
3.145507e-03
3.146474e-03
3.147429e-03
3.148372e-03
3.149303e-03
3.150223e-03
3.151131e-03
3.152027e-03
3.152912e-03
3.153784e-03
3.154646e-03
3.155495e-03
3.156332e-03
3.157158e-03
3.157972e-03
3.158775e-03
3.159565e-03
3.160344e-03
3.161112e-03
3.161867e-03
3.162611e-03
3.163343e-03
3.164063e-03
3.164772e-03
3.165468e-03
3.166154e-03
3.166827e-03
3.167489e-03
3.168138e-03
3.168777e-03
3.169403e-03
3.170018e-03
3.170621e-03
3.171212e-03
3.171791e-03
3.172359e-03
3.172915e-03
3.173460e-03
3.173992e-03
3.174513e-03
3.175022e-03
3.175520e-03
3.176005e-03
3.176479e-03
3.176941e-03
3.177392e-03
3.177830e-03
3.178257e-03
3.178673e-03
3.179076e-03
3.179468e-03
3.179848e-03
3.180217e-03
3.180573e-03
3.180918e-03
3.181251e-03
3.181573e-03
3.181882e-03
3.182180e-03
3.182466e-03
3.182741e-03
3.183004e-03
3.183255e-03
3.183494e-03
3.183722e-03
3.183937e-03
3.184142e-03
3.184334e-03
3.184515e-03
3.184684e-03
3.184841e-03
3.184986e-03
3.185120e-03
3.185242e-03
3.185352e-03
3.185451e-03
3.185537e-03
3.185613e-03
3.185676e-03
3.185727e-03
3.185767e-03
3.185795e-03
3.185812e-03
3.185817e-03
3.185810e-03
3.185791e-03
3.185760e-03
3.185718e-03
3.185664e-03
3.185598e-03
3.185521e-03
3.185432e-03
3.185331e-03
3.185218e-03
3.185094e-03
3.184958e-03
3.184810e-03
3.184650e-03
3.184479e-03
3.184296e-03
3.184101e-03
3.183895e-03
3.183677e-03
3.183447e-03
3.183205e-03
3.182952e-03
3.182686e-03
3.182410e-03
3.182121e-03
3.181821e-03
3.181509e-03
3.181185e-03
3.180849e-03
3.180502e-03
3.180143e-03
3.179772e-03
3.179390e-03
3.178996e-03
3.178590e-03
3.178172e-03
3.177743e-03
3.177302e-03
3.176849e-03
3.176384e-03
3.175908e-03
3.175420e-03
3.174920e-03
3.174409e-03
3.173885e-03
3.173351e-03
3.173026e-03
3.173026e-03
3.173026e-03
3.173026e-03
3.173026e-03
3.173026e-03
3.173026e-03
3.173026e-03
3.173026e-03
3.173026e-03
3.173026e-03
3.173026e-03
3.173026e-03
3.173026e-03
3.173026e-03
3.173026e-03
3.173026e-03
3.173026e-03
3.173026e-03
3.173026e-03
3.173026e-03
3.173026e-03
3.173026e-03
3.173026e-03
3.173026e-03
3.173026e-03
3.173026e-03
3.173026e-03
3.173026e-03
3.173026e-03
3.173026e-03
3.173026e-03
3.173026e-03
3.173026e-03
3.173026e-03
3.173026e-03
3.173026e-03
3.173026e-03
3.173026e-03
3.173026e-03
3.173026e-03
3.173026e-03
3.173026e-03
3.173026e-03
3.173026e-03
3.173026e-03
3.173026e-03
3.173026e-03
3.173026e-03
3.173026e-03
3.173026e-03
3.173026e-03
3.173026e-03
3.173026e-03
3.173026e-03
3.173026e-03
3.173026e-03
3.173026e-03
3.173026e-03
3.173026e-03
3.173026e-03
3.173026e-03
3.173026e-03
3.173026e-03
3.173026e-03
3.173026e-03
3.173026e-03
3.173026e-03
3.173026e-03
3.173026e-03
3.173026e-03
3.173026e-03
3.173026e-03
3.173026e-03
3.173026e-03
3.173026e-03
3.173026e-03
3.173026e-03
3.173026e-03
3.173026e-03
3.173026e-03
3.173026e-03
3.173026e-03
3.173026e-03
3.173026e-03
3.173026e-03
3.173026e-03
3.173026e-03
3.173026e-03
3.173026e-03
3.173026e-03
3.173026e-03
3.173026e-03
3.173026e-03
3.173026e-03
3.173026e-03
3.173026e-03
3.173026e-03
3.173026e-03
3.173026e-03
3.173026e-03
3.173026e-03
3.173026e-03
3.173026e-03
3.173026e-03
3.173026e-03
3.173026e-03
3.173026e-03
3.173026e-03
3.173026e-03
3.173026e-03
3.173026e-03
3.173026e-03
3.173026e-03
3.173026e-03
3.173026e-03
3.173026e-03
3.173026e-03
3.173026e-03
3.173026e-03
3.173026e-03
3.173026e-03
3.173026e-03
3.173026e-03
3.173026e-03
3.173026e-03
3.173026e-03
3.173026e-03
3.173026e-03
3.173026e-03
3.173026e-03
3.173026e-03
3.173026e-03
3.173026e-03
3.173026e-03
3.173026e-03
3.173026e-03
3.173026e-03
3.173026e-03
3.173026e-03
3.173026e-03
3.173026e-03
3.173026e-03
3.173026e-03
3.173026e-03
3.173026e-03
3.173026e-03
3.173026e-03
3.173026e-03
3.173026e-03
3.173026e-03
3.173026e-03
3.173026e-03
3.173026e-03
3.173026e-03
3.173026e-03
3.173026e-03
3.173026e-03
3.173026e-03
3.173026e-03
3.173026e-03
3.173026e-03
3.173026e-03
3.173026e-03
3.173026e-03
3.173026e-03
3.173026e-03
3.173026e-03
3.173026e-03
3.173026e-03
3.173026e-03
3.173026e-03
3.173026e-03
3.173026e-03
3.173026e-03
3.173026e-03
3.173026e-03
3.173026e-03
3.173026e-03
3.173026e-03
3.173026e-03
3.173026e-03
3.173026e-03
3.173026e-03
3.173026e-03
3.173026e-03
3.173026e-03
3.173026e-03
3.173026e-03
3.173026e-03
3.173026e-03
3.173026e-03
3.173026e-03
3.173026e-03
3.173026e-03
3.173026e-03
3.173026e-03
3.173026e-03
3.173026e-03
3.173026e-03
3.173026e-03
