0.000000e+00
1.110371e-07
2.243495e-07
3.399373e-07
4.578004e-07
5.779389e-07
7.003528e-07
8.250420e-07
9.520065e-07
1.081246e-06
1.212762e-06
1.346552e-06
1.482618e-06
1.620959e-06
1.761576e-06
1.904468e-06
2.049635e-06
2.197078e-06
2.346796e-06
2.498790e-06
2.653058e-06
2.809602e-06
2.968422e-06
3.129517e-06
3.292887e-06
3.458532e-06
3.626453e-06
3.796649e-06
3.969121e-06
4.143868e-06
4.320890e-06
4.500187e-06
4.681760e-06
4.865609e-06
5.051732e-06
5.240131e-06
5.430806e-06
5.623755e-06
5.818980e-06
6.016481e-06
6.216257e-06
6.418308e-06
6.622634e-06
6.829236e-06
7.038113e-06
7.249266e-06
7.462693e-06
7.678397e-06
7.896375e-06
8.116629e-06
8.339158e-06
8.563963e-06
8.791043e-06
9.020398e-06
9.252029e-06
9.485935e-06
9.722116e-06
9.960573e-06
1.020130e-05
1.044431e-05
1.068959e-05
1.093715e-05
1.118699e-05
1.143910e-05
1.169348e-05
1.195014e-05
1.220907e-05
1.247028e-05
1.273377e-05
1.299953e-05
1.326757e-05
1.353788e-05
1.381047e-05
1.408533e-05
1.436247e-05
1.464188e-05
1.492357e-05
1.520753e-05
1.549377e-05
1.578228e-05
1.607307e-05
1.636614e-05
1.666148e-05
1.695909e-05
1.725899e-05
1.756115e-05
1.786559e-05
1.817231e-05
1.848130e-05
1.879257e-05
1.910612e-05
1.942193e-05
1.974003e-05
2.006040e-05
2.038304e-05
2.070796e-05
2.103516e-05
2.136463e-05
2.169637e-05
2.203040e-05
2.236669e-05
2.270526e-05
2.304611e-05
2.338923e-05
2.373463e-05
2.408231e-05
2.443225e-05
2.478448e-05
2.513898e-05
2.549575e-05
2.585480e-05
2.621613e-05
2.657973e-05
2.694561e-05
2.731376e-05
2.768419e-05
2.805689e-05
2.843187e-05
2.880912e-05
2.918865e-05
2.957045e-05
2.995453e-05
3.034088e-05
3.072951e-05
3.112042e-05
3.151360e-05
3.190906e-05
3.230679e-05
3.270679e-05
3.310907e-05
3.351363e-05
3.392046e-05
3.432957e-05
3.474096e-05
3.515461e-05
3.557055e-05
3.598876e-05
3.640924e-05
3.683200e-05
3.725704e-05
3.768435e-05
3.811393e-05
3.854580e-05
3.897993e-05
3.941635e-05
3.985503e-05
4.029600e-05
4.073923e-05
4.118475e-05
4.163254e-05
4.208260e-05
4.253494e-05
4.298956e-05
4.344645e-05
4.390561e-05
4.436705e-05
4.483077e-05
4.529676e-05
4.576503e-05
4.623557e-05
4.670839e-05
4.718348e-05
4.766085e-05
4.814049e-05
4.862241e-05
4.910661e-05
4.959308e-05
5.008182e-05
5.057284e-05
5.106614e-05
5.156171e-05
5.205956e-05
5.255968e-05
5.306208e-05
5.356675e-05
5.407370e-05
5.458292e-05
5.509442e-05
5.560819e-05
5.612424e-05
5.664257e-05
5.716317e-05
5.768604e-05
5.821119e-05
5.873862e-05
5.926832e-05
5.980030e-05
6.033455e-05
6.087108e-05
6.140988e-05
6.195096e-05
6.249431e-05
6.303994e-05
6.358784e-05
6.413802e-05
6.469048e-05
6.524521e-05
6.580222e-05
6.636150e-05
6.692305e-05
6.748688e-05
6.805299e-05
6.862137e-05
6.919203e-05
6.976497e-05
7.034017e-05
7.091766e-05
7.149742e-05
7.207945e-05
7.266376e-05
7.325035e-05
7.383921e-05
7.443034e-05
7.502375e-05
7.561944e-05
7.621740e-05
7.681764e-05
7.742015e-05
7.802494e-05
7.863200e-05
7.924134e-05
7.985296e-05
8.046685e-05
8.108301e-05
8.170145e-05
8.232217e-05
8.294516e-05
8.357042e-05
8.419797e-05
8.482778e-05
8.545988e-05
8.609424e-05
8.673089e-05
8.736980e-05
8.801100e-05
8.865447e-05
8.930021e-05
8.994823e-05
9.059853e-05
9.125110e-05
9.190594e-05
9.256306e-05
9.322246e-05
9.388413e-05
9.454808e-05
9.521430e-05
9.588280e-05
9.655357e-05
9.722662e-05
9.790195e-05
9.857954e-05
9.925942e-05
9.994157e-05
1.006260e-04
1.013127e-04
1.020017e-04
1.026929e-04
1.033864e-04
1.040823e-04
1.047803e-04
1.054807e-04
1.061833e-04
1.068882e-04
1.075954e-04
1.083048e-04
1.090166e-04
1.097306e-04
1.104469e-04
1.111654e-04
1.118862e-04
1.126094e-04
1.133347e-04
1.140624e-04
1.147923e-04
1.155245e-04
1.162590e-04
1.169958e-04
1.177348e-04
1.184761e-04
1.192197e-04
1.199656e-04
1.207137e-04
1.214641e-04
1.222168e-04
1.229718e-04
1.237290e-04
1.244885e-04
1.252503e-04
1.260144e-04
1.267807e-04
1.275493e-04
1.283202e-04
1.290934e-04
1.298688e-04
1.306465e-04
1.314265e-04
1.322088e-04
1.329933e-04
1.337801e-04
1.345692e-04
1.353606e-04
1.361542e-04
1.369501e-04
1.377483e-04
1.385488e-04
1.393515e-04
1.401566e-04
1.409639e-04
1.417734e-04
1.425853e-04
1.433994e-04
1.442158e-04
1.450345e-04
1.458554e-04
1.466786e-04
1.475041e-04
1.483319e-04
1.491619e-04
1.499943e-04
1.508289e-04
1.516657e-04
1.525049e-04
1.533463e-04
1.541900e-04
1.550360e-04
1.558842e-04
1.567348e-04
1.575876e-04
1.584426e-04
1.593000e-04
1.601596e-04
1.610215e-04
1.618857e-04
1.627522e-04
1.636209e-04
1.644919e-04
1.653652e-04
1.662407e-04
1.671186e-04
1.679987e-04
1.688810e-04
1.697657e-04
1.706526e-04
1.715418e-04
1.724333e-04
1.733271e-04
1.742231e-04
1.751214e-04
1.760220e-04
1.769249e-04
1.778300e-04
1.787374e-04
1.796471e-04
1.805590e-04
1.814733e-04
1.823898e-04
1.833086e-04
1.842296e-04
1.851530e-04
1.860786e-04
1.870065e-04
1.879366e-04
1.888691e-04
1.898038e-04
1.907408e-04
1.916800e-04
1.926216e-04
1.935654e-04
1.945115e-04
1.954599e-04
1.964105e-04
1.973634e-04
1.983186e-04
1.992761e-04
2.002358e-04
2.011978e-04
2.021621e-04
2.031287e-04
2.040975e-04
2.050687e-04
2.060421e-04
2.070177e-04
2.079957e-04
2.089759e-04
2.099584e-04
2.109432e-04
2.119302e-04
2.129195e-04
2.139111e-04
2.149050e-04
2.159011e-04
2.168996e-04
2.179003e-04
2.189032e-04
2.199085e-04
2.209160e-04
2.219258e-04
2.229379e-04
2.239522e-04
2.249689e-04
2.259878e-04
2.270090e-04
2.280324e-04
2.290581e-04
2.300861e-04
2.311164e-04
2.321490e-04
2.331838e-04
2.342209e-04
2.352603e-04
2.363019e-04
2.373459e-04
2.383921e-04
2.394406e-04
2.404913e-04
2.415443e-04
2.425997e-04
2.436572e-04
2.447171e-04
2.457792e-04
2.468436e-04
2.479103e-04
2.489793e-04
2.500505e-04
2.511240e-04
2.521998e-04
2.532779e-04
2.543582e-04
2.554408e-04
2.565257e-04
2.576129e-04
2.587023e-04
2.597940e-04
2.608880e-04
2.619843e-04
2.630828e-04
2.641836e-04
2.652867e-04
2.663921e-04
2.674997e-04
2.686096e-04
2.697218e-04
2.708363e-04
2.719530e-04
2.730721e-04
2.741933e-04
2.753169e-04
2.764428e-04
2.775709e-04
2.787013e-04
2.798339e-04
2.809689e-04
2.821061e-04
2.832456e-04
2.843874e-04
2.855314e-04
2.866777e-04
2.878263e-04
2.889772e-04
2.901304e-04
2.912858e-04
2.924435e-04
2.936034e-04
2.947657e-04
2.959302e-04
2.970970e-04
2.982661e-04
2.994374e-04
3.006111e-04
3.017870e-04
3.029651e-04
3.041456e-04
3.053283e-04
3.065133e-04
3.077006e-04
3.088902e-04
3.100820e-04
3.112761e-04
3.124725e-04
3.136711e-04
3.148721e-04
3.160753e-04
3.172807e-04
3.184885e-04
3.196985e-04
3.209108e-04
3.221254e-04
3.233423e-04
3.245614e-04
3.257828e-04
3.270065e-04
3.282325e-04
3.294607e-04
3.306912e-04
3.319240e-04
3.331590e-04
3.343964e-04
3.356360e-04
3.368779e-04
3.381220e-04
3.393685e-04
3.406172e-04
3.418682e-04
3.431214e-04
3.443770e-04
3.456348e-04
3.468949e-04
3.481572e-04
3.494219e-04
3.506888e-04
3.519580e-04
3.532294e-04
3.545032e-04
3.557792e-04
3.570575e-04
3.583381e-04
3.596209e-04
3.609060e-04
3.621934e-04
3.634831e-04
3.647750e-04
3.660693e-04
3.673657e-04
3.686645e-04
3.699656e-04
3.712689e-04
3.725745e-04
3.738823e-04
3.751925e-04
3.765049e-04
3.778196e-04
3.791366e-04
3.804558e-04
3.817774e-04
3.831012e-04
3.844272e-04
3.857556e-04
3.870862e-04
3.884191e-04
3.897543e-04
3.910917e-04
3.924315e-04
3.937735e-04
3.951177e-04
3.964643e-04
3.978131e-04
3.991642e-04
4.005176e-04
4.018733e-04
4.032312e-04
4.045914e-04
4.059539e-04
4.073186e-04
4.086856e-04
4.100550e-04
4.114265e-04
4.128004e-04
4.141765e-04
4.155549e-04
4.169356e-04
4.183186e-04
4.197038e-04
4.210913e-04
4.224811e-04
4.238732e-04
4.252675e-04
4.266641e-04
4.280630e-04
4.294641e-04
4.308676e-04
4.322733e-04
4.336813e-04
4.350915e-04
4.365041e-04
4.379189e-04
4.393360e-04
4.407553e-04
4.421770e-04
4.436009e-04
4.450271e-04
4.464556e-04
4.478863e-04
4.493193e-04
4.507546e-04
4.521922e-04
4.536320e-04
4.550741e-04
4.565185e-04
4.579652e-04
4.594141e-04
4.608653e-04
4.623188e-04
4.637746e-04
4.652327e-04
4.666930e-04
4.681556e-04
4.696204e-04
4.710876e-04
4.725570e-04
4.740287e-04
4.755027e-04
4.769789e-04
4.784574e-04
4.799382e-04
4.814213e-04
4.829067e-04
4.843943e-04
4.858842e-04
4.873764e-04
4.888708e-04
4.903675e-04
4.918665e-04
4.933678e-04
4.948714e-04
4.963772e-04
4.978853e-04
4.993957e-04
5.009083e-04
5.024232e-04
5.039405e-04
5.054599e-04
5.069817e-04
5.085057e-04
5.100320e-04
5.115606e-04
5.130915e-04
5.146246e-04
5.161600e-04
5.176977e-04
5.192376e-04
5.207799e-04
5.223244e-04
5.238712e-04
5.254202e-04
5.269715e-04
5.285252e-04
5.300810e-04
5.316392e-04
5.331996e-04
5.347623e-04
5.363273e-04
5.378946e-04
5.394641e-04
5.410359e-04
5.426100e-04
5.441864e-04
5.457650e-04
5.473459e-04
5.489291e-04
5.505146e-04
5.521023e-04
5.536923e-04
5.552846e-04
5.568792e-04
5.584760e-04
5.600752e-04
5.616766e-04
5.632802e-04
5.648862e-04
5.664944e-04
5.681049e-04
5.697176e-04
5.713327e-04
5.729500e-04
5.745696e-04
5.761915e-04
5.778156e-04
5.794420e-04
5.810707e-04
5.827017e-04
5.843349e-04
5.859705e-04
5.876083e-04
5.892483e-04
5.908907e-04
5.925353e-04
5.941822e-04
5.958314e-04
5.974828e-04
5.991366e-04
6.007925e-04
6.024508e-04
6.041114e-04
6.057742e-04
6.074393e-04
6.091067e-04
6.107763e-04
6.124483e-04
6.141225e-04
6.157989e-04
6.174777e-04
6.191587e-04
6.208420e-04
6.225276e-04
6.242155e-04
6.259056e-04
6.275980e-04
6.292927e-04
6.309896e-04
6.326889e-04
6.343904e-04
6.360942e-04
6.378002e-04
6.395085e-04
6.412192e-04
6.429320e-04
6.446472e-04
6.463646e-04
6.480843e-04
6.498063e-04
6.515306e-04
6.532571e-04
6.549859e-04
6.567170e-04
6.584504e-04
6.601860e-04
6.619239e-04
6.636641e-04
6.654066e-04
6.671513e-04
6.688983e-04
6.706476e-04
6.723992e-04
6.741530e-04
6.759091e-04
6.776675e-04
6.794282e-04
6.811911e-04
6.829564e-04
6.847238e-04
6.864936e-04
6.882657e-04
6.900400e-04
6.918166e-04
6.935954e-04
6.953766e-04
6.971600e-04
6.989457e-04
7.007337e-04
7.025239e-04
7.043164e-04
7.061112e-04
7.079083e-04
7.097076e-04
7.115093e-04
7.133132e-04
7.151193e-04
7.169278e-04
7.187385e-04
7.205515e-04
7.223668e-04
7.241843e-04
7.260042e-04
7.278263e-04
7.296506e-04
7.314773e-04
7.333062e-04
7.351374e-04
7.369709e-04
7.388066e-04
7.406447e-04
7.424850e-04
7.443276e-04
7.461724e-04
7.480195e-04
7.498689e-04
7.517206e-04
7.535746e-04
7.554308e-04
7.572893e-04
7.591501e-04
7.610131e-04
7.628785e-04
7.647461e-04
7.666160e-04
7.684881e-04
7.703626e-04
7.722393e-04
7.741183e-04
7.759995e-04
7.778831e-04
7.797689e-04
7.816569e-04
7.835473e-04
7.854399e-04
7.873349e-04
7.892320e-04
7.911315e-04
7.930332e-04
7.949373e-04
7.968435e-04
7.987521e-04
8.006629e-04
8.025761e-04
8.044915e-04
8.064091e-04
8.083291e-04
8.102513e-04
8.121758e-04
8.141025e-04
8.160316e-04
8.179629e-04
8.198965e-04
8.218323e-04
8.237705e-04
8.257109e-04
8.276536e-04
8.295986e-04
8.315458e-04
8.334953e-04
8.354471e-04
8.374012e-04
8.393576e-04
8.413162e-04
8.432771e-04
8.452402e-04
8.472057e-04
8.491734e-04
8.511434e-04
8.531157e-04
8.550902e-04
8.570671e-04
8.590462e-04
8.610275e-04
8.630112e-04
8.649971e-04
8.669853e-04
8.689758e-04
8.709685e-04
8.729636e-04
8.749609e-04
8.769604e-04
8.789623e-04
8.809664e-04
8.829728e-04
8.849815e-04
8.869925e-04
8.890057e-04
8.910212e-04
8.930390e-04
8.950590e-04
8.970814e-04
8.991060e-04
9.011329e-04
9.031620e-04
9.051934e-04
9.072271e-04
9.092631e-04
9.113014e-04
9.133419e-04
9.153847e-04
9.174298e-04
9.194772e-04
9.215268e-04
9.235787e-04
9.256329e-04
9.276894e-04
9.297481e-04
9.318091e-04
9.338724e-04
9.359380e-04
9.380058e-04
9.400759e-04
9.421483e-04
9.442230e-04
9.462999e-04
9.483791e-04
9.504606e-04
9.525444e-04
9.546304e-04
9.567187e-04
9.588093e-04
9.609022e-04
9.629973e-04
9.650948e-04
9.671945e-04
9.692964e-04
9.714007e-04
9.735072e-04
9.756160e-04
9.777271e-04
9.798404e-04
9.819560e-04
9.840739e-04
9.861941e-04
9.883165e-04
9.904413e-04
9.925683e-04
9.946975e-04
9.968291e-04
9.989629e-04
1.001099e-03
1.003237e-03
1.005378e-03
1.007521e-03
1.009666e-03
1.011814e-03
1.013963e-03
1.016115e-03
1.018270e-03
1.020426e-03
1.022585e-03
1.024746e-03
1.026910e-03
1.029075e-03
1.031243e-03
1.033414e-03
1.035586e-03
1.037761e-03
1.039938e-03
1.042117e-03
1.044299e-03
1.046483e-03
1.048669e-03
1.050857e-03
1.053048e-03
1.055241e-03
1.057436e-03
1.059634e-03
1.061834e-03
1.064036e-03
1.066240e-03
1.068447e-03
1.070656e-03
1.072867e-03
1.075080e-03
1.077296e-03
1.079514e-03
1.081734e-03
1.083957e-03
1.086182e-03
1.088409e-03
1.090638e-03
1.092870e-03
1.095104e-03
1.097340e-03
1.099578e-03
1.101819e-03
1.104062e-03
1.106308e-03
1.108555e-03
1.110805e-03
1.113057e-03
1.115312e-03
1.117568e-03
1.119827e-03
1.122088e-03
1.124352e-03
1.126618e-03
1.128886e-03
1.131156e-03
1.133429e-03
1.135704e-03
1.137981e-03
1.140260e-03
1.142542e-03
1.144826e-03
1.147112e-03
1.149401e-03
1.151692e-03
1.153985e-03
1.156280e-03
1.158578e-03
1.160878e-03
1.163180e-03
1.165484e-03
1.167791e-03
1.170100e-03
1.172411e-03
1.174725e-03
1.177041e-03
1.179359e-03
1.181679e-03
1.184002e-03
1.186327e-03
1.188654e-03
1.190984e-03
1.193316e-03
1.195650e-03
1.197986e-03
1.200325e-03
1.202665e-03
1.205009e-03
1.207354e-03
1.209702e-03
1.212052e-03
1.214404e-03
1.216758e-03
1.219115e-03
1.221474e-03
1.223836e-03
1.226199e-03
1.228565e-03
1.230933e-03
1.233304e-03
1.235677e-03
1.238052e-03
1.240429e-03
1.242809e-03
1.245190e-03
1.247574e-03
1.249961e-03
1.252350e-03
1.254740e-03
1.257134e-03
1.259529e-03
1.261927e-03
1.264327e-03
1.266729e-03
1.269134e-03
1.271541e-03
1.273950e-03
1.276361e-03
1.278775e-03
1.281191e-03
1.283609e-03
1.286030e-03
1.288453e-03
1.290878e-03
1.293305e-03
1.295735e-03
1.298166e-03
1.300601e-03
1.303037e-03
1.305476e-03
1.307917e-03
1.310360e-03
1.312806e-03
1.315253e-03
1.317703e-03
1.320156e-03
1.322611e-03
1.325067e-03
1.327527e-03
1.329988e-03
1.332452e-03
1.334918e-03
1.337386e-03
1.339857e-03
1.342330e-03
1.344805e-03
1.347282e-03
1.349762e-03
1.352244e-03
1.354728e-03
1.357214e-03
1.359703e-03
1.362194e-03
1.364688e-03
1.367183e-03
1.369681e-03
1.372181e-03
1.374684e-03
1.377188e-03
1.379695e-03
1.382205e-03
1.384716e-03
1.387230e-03
1.389746e-03
1.392264e-03
1.394785e-03
1.397308e-03
1.399833e-03
1.402361e-03
1.404890e-03
1.407422e-03
1.409957e-03
1.412493e-03
1.415032e-03
1.417573e-03
1.420117e-03
1.422662e-03
1.425210e-03
1.427760e-03
1.430313e-03
1.432868e-03
1.435425e-03
1.437984e-03
1.440546e-03
1.443109e-03
1.445676e-03
1.448244e-03
1.450815e-03
1.453388e-03
1.455963e-03
1.458540e-03
1.461120e-03
1.463702e-03
1.466287e-03
1.468873e-03
1.471462e-03
1.474053e-03
1.476647e-03
1.479242e-03
1.481840e-03
1.484441e-03
1.487043e-03
1.489648e-03
1.492255e-03
1.494865e-03
1.497476e-03
1.500090e-03
1.502706e-03
1.505325e-03
1.507946e-03
1.510569e-03
1.513194e-03
1.515821e-03
1.518451e-03
1.521083e-03
1.523718e-03
1.526354e-03
1.528993e-03
1.531635e-03
1.534278e-03
1.536924e-03
1.539572e-03
1.542222e-03
1.544875e-03
1.547530e-03
1.550187e-03
1.552846e-03
1.555508e-03
1.558172e-03
1.560838e-03
1.563507e-03
1.566178e-03
1.568851e-03
1.571526e-03
1.574204e-03
1.576884e-03
1.579566e-03
1.582250e-03
1.584937e-03
1.587626e-03
1.590317e-03
1.593011e-03
1.595707e-03
1.598405e-03
1.601105e-03
1.603808e-03
1.606513e-03
1.609220e-03
1.611929e-03
1.614641e-03
1.617355e-03
1.620072e-03
1.622790e-03
1.625511e-03
1.628234e-03
1.630960e-03
1.633687e-03
1.636417e-03
1.639149e-03
1.641884e-03
1.644621e-03
1.647360e-03
1.650101e-03
1.652845e-03
1.655591e-03
1.658339e-03
1.661089e-03
1.663842e-03
1.666597e-03
1.669354e-03
1.672114e-03
1.674876e-03
1.677640e-03
1.680406e-03
1.683175e-03
1.685946e-03
1.688719e-03
1.691494e-03
1.694272e-03
1.697052e-03
1.699834e-03
1.702619e-03
1.705406e-03
1.708195e-03
1.710986e-03
1.713780e-03
1.716576e-03
1.719374e-03
1.722175e-03
1.724978e-03
1.727783e-03
1.730590e-03
1.733400e-03
1.736211e-03
1.739026e-03
1.741842e-03
1.744661e-03
1.747482e-03
1.750305e-03
1.753130e-03
1.755958e-03
1.758788e-03
1.761621e-03
1.764455e-03
1.767292e-03
1.770131e-03
1.772973e-03
1.775817e-03
1.778663e-03
1.781511e-03
1.784361e-03
1.787214e-03
1.790069e-03
1.792927e-03
1.795786e-03
1.798648e-03
1.801513e-03
1.804379e-03
1.807248e-03
1.810119e-03
1.812992e-03
1.815868e-03
1.818746e-03
1.821626e-03
1.824508e-03
1.827393e-03
1.830280e-03
1.833169e-03
1.836061e-03
1.838954e-03
1.841850e-03
1.844749e-03
1.847649e-03
1.850552e-03
1.853457e-03
1.856365e-03
1.859275e-03
1.862187e-03
1.865101e-03
1.868017e-03
1.870936e-03
1.873857e-03
1.876781e-03
1.879706e-03
1.882634e-03
1.885564e-03
1.888497e-03
1.891432e-03
1.894369e-03
1.897308e-03
1.900250e-03
1.903193e-03
1.906140e-03
1.909088e-03
1.912039e-03
1.914992e-03
1.917947e-03
1.920904e-03
1.923864e-03
1.926826e-03
1.929790e-03
1.932757e-03
1.935726e-03
1.938697e-03
1.941670e-03
1.944646e-03
1.947624e-03
1.950604e-03
1.953587e-03
1.956572e-03
1.959559e-03
1.962548e-03
1.965540e-03
1.968534e-03
1.971530e-03
1.974528e-03
1.977529e-03
1.980532e-03
1.983537e-03
1.986545e-03
1.989555e-03
1.992567e-03
1.995581e-03
1.998598e-03
2.001617e-03
2.004638e-03
2.007662e-03
2.010687e-03
2.013715e-03
2.016746e-03
2.019778e-03
2.022813e-03
2.025850e-03
2.028890e-03
2.031931e-03
2.034975e-03
2.038022e-03
2.041070e-03
2.044121e-03
2.047174e-03
2.050229e-03
2.053287e-03
2.056347e-03
2.059409e-03
2.062473e-03
2.065540e-03
2.068609e-03
2.071680e-03
2.074754e-03
2.077830e-03
2.080908e-03
2.083988e-03
2.087071e-03
2.090156e-03
2.093243e-03
2.096332e-03
2.099424e-03
2.102518e-03
2.105614e-03
2.108713e-03
2.111814e-03
2.114917e-03
2.118022e-03
2.121130e-03
2.124240e-03
2.127352e-03
2.130467e-03
2.133584e-03
2.136703e-03
2.139824e-03
2.142948e-03
2.146073e-03
2.149202e-03
2.152332e-03
2.155465e-03
2.158600e-03
2.161737e-03
2.164876e-03
2.168018e-03
2.171162e-03
2.174309e-03
2.177457e-03
2.180608e-03
2.183761e-03
2.186917e-03
2.190075e-03
2.193235e-03
2.196397e-03
2.199561e-03
2.202728e-03
2.205897e-03
2.209069e-03
2.212242e-03
2.215418e-03
2.218597e-03
2.221777e-03
2.224960e-03
2.228145e-03
2.231332e-03
2.234522e-03
2.237714e-03
2.240908e-03
2.244104e-03
2.247303e-03
2.250504e-03
2.253707e-03
2.256913e-03
2.260120e-03
2.263330e-03
2.266543e-03
2.269757e-03
2.272974e-03
2.276193e-03
2.279415e-03
2.282639e-03
2.285865e-03
2.289093e-03
2.292323e-03
2.295556e-03
2.298791e-03
2.302029e-03
2.305268e-03
2.308510e-03
2.311754e-03
2.315001e-03
2.318250e-03
2.321501e-03
2.324754e-03
2.328009e-03
2.331267e-03
2.334527e-03
2.337790e-03
2.341055e-03
2.344321e-03
2.347591e-03
2.350862e-03
2.354136e-03
2.357412e-03
2.360690e-03
2.363971e-03
2.367254e-03
2.370539e-03
2.373826e-03
2.377116e-03
2.380408e-03
2.383702e-03
2.386999e-03
2.390298e-03
2.393599e-03
2.396902e-03
2.400208e-03
2.403516e-03
2.406826e-03
2.410138e-03
2.413453e-03
2.416770e-03
2.420089e-03
2.423411e-03
2.426735e-03
2.430061e-03
2.433389e-03
2.436720e-03
2.440053e-03
2.443388e-03
2.446725e-03
2.450065e-03
2.453407e-03
2.456752e-03
2.460098e-03
2.463447e-03
2.466798e-03
2.470152e-03
2.473507e-03
2.476865e-03
2.480225e-03
2.483588e-03
2.486953e-03
2.490320e-03
2.493689e-03
2.497061e-03
2.500435e-03
2.503811e-03
2.507189e-03
2.510570e-03
2.513953e-03
2.517338e-03
2.520726e-03
2.524116e-03
2.527508e-03
2.530902e-03
2.534299e-03
2.537698e-03
2.541099e-03
2.544502e-03
2.547908e-03
2.551316e-03
2.554726e-03
2.558139e-03
2.561554e-03
2.564971e-03
2.568390e-03
2.571812e-03
2.575236e-03
2.578662e-03
2.582091e-03
2.585521e-03
2.588954e-03
2.592390e-03
2.595827e-03
2.599267e-03
2.602709e-03
2.606154e-03
2.609600e-03
2.613049e-03
2.616501e-03
2.619954e-03
2.623410e-03
2.626868e-03
2.630328e-03
2.633791e-03
2.637256e-03
2.640723e-03
2.644193e-03
2.647664e-03
2.651138e-03
2.654615e-03
2.658093e-03
2.661574e-03
2.665057e-03
2.668542e-03
2.672030e-03
2.675520e-03
2.679012e-03
2.682507e-03
2.686004e-03
2.689503e-03
2.693004e-03
2.696507e-03
2.700013e-03
2.703521e-03
2.707032e-03
2.710545e-03
2.714059e-03
2.717577e-03
2.721096e-03
2.723953e-03
2.726799e-03
2.729633e-03
2.732456e-03
2.735268e-03
2.738068e-03
2.740857e-03
2.743635e-03
2.746401e-03
2.749156e-03
2.751900e-03
2.754632e-03
2.757353e-03
2.760062e-03
2.762760e-03
2.765447e-03
2.768123e-03
2.770787e-03
2.773440e-03
2.776081e-03
2.778711e-03
2.781330e-03
2.783937e-03
2.786534e-03
2.789118e-03
2.791692e-03
2.794254e-03
2.796804e-03
2.799344e-03
2.801872e-03
2.804388e-03
2.806894e-03
2.809388e-03
2.811870e-03
2.814341e-03
2.816801e-03
2.819250e-03
2.821687e-03
2.824113e-03
2.826528e-03
2.828931e-03
2.831323e-03
2.833703e-03
2.836072e-03
2.838430e-03
2.840776e-03
2.843112e-03
2.845435e-03
2.847748e-03
2.850049e-03
2.852338e-03
2.854617e-03
2.856884e-03
2.859140e-03
2.861384e-03
2.863617e-03
2.865838e-03
2.868049e-03
2.870248e-03
2.872435e-03
2.874612e-03
2.876776e-03
2.878930e-03
2.881072e-03
2.883203e-03
2.885323e-03
2.887431e-03
2.889528e-03
2.891613e-03
2.893687e-03
2.895750e-03
2.897801e-03
2.899842e-03
2.901870e-03
2.903888e-03
2.905894e-03
2.907888e-03
2.909872e-03
2.911844e-03
2.913804e-03
2.915754e-03
2.917692e-03
2.919618e-03
2.921534e-03
2.923438e-03
2.925330e-03
2.927211e-03
2.929081e-03
2.930940e-03
2.932787e-03
2.934623e-03
2.936447e-03
2.938261e-03
2.940062e-03
2.941853e-03
2.943632e-03
2.945400e-03
2.947156e-03
2.948901e-03
2.950635e-03
2.952357e-03
2.954068e-03
2.955768e-03
2.957456e-03
2.959133e-03
2.960799e-03
2.962453e-03
2.964096e-03
2.965728e-03
2.967348e-03
2.968957e-03
2.970555e-03
2.972141e-03
2.973716e-03
2.975279e-03
2.976832e-03
2.978372e-03
2.979902e-03
2.981420e-03
2.982927e-03
2.984422e-03
2.985906e-03
2.987379e-03
2.988841e-03
2.990291e-03
2.991729e-03
2.993157e-03
2.994573e-03
2.995978e-03
2.997371e-03
2.998753e-03
3.000124e-03
3.001483e-03
3.002831e-03
3.004167e-03
3.005493e-03
3.006807e-03
3.008109e-03
3.009400e-03
3.010680e-03
3.011949e-03
3.013206e-03
3.014452e-03
3.015686e-03
3.016909e-03
3.018121e-03
3.019322e-03
3.020511e-03
3.021689e-03
3.022855e-03
3.024010e-03
3.025154e-03
3.026286e-03
3.027407e-03
3.028517e-03
3.029615e-03
3.030702e-03
3.031778e-03
3.032842e-03
3.033895e-03
3.034937e-03
3.035967e-03
3.036986e-03
3.037993e-03
3.038989e-03
3.039974e-03
3.040948e-03
3.041910e-03
3.042861e-03
3.043800e-03
3.044728e-03
3.045645e-03
3.046551e-03
3.047445e-03
3.048328e-03
3.049199e-03
3.050059e-03
3.050908e-03
3.051745e-03
3.052571e-03
3.053386e-03
3.054189e-03
3.054981e-03
3.055762e-03
3.056531e-03
3.057289e-03
3.058035e-03
3.058771e-03
3.059495e-03
3.060207e-03
3.060908e-03
3.061598e-03
3.062277e-03
3.062944e-03
3.063600e-03
3.064244e-03
3.064877e-03
3.065499e-03
3.066110e-03
3.066709e-03
3.067296e-03
3.067873e-03
3.068438e-03
3.068991e-03
3.069534e-03
3.070065e-03
3.070584e-03
3.071093e-03
3.071590e-03
3.072075e-03
3.072550e-03
3.073013e-03
3.073464e-03
3.073904e-03
3.074333e-03
3.074751e-03
3.075157e-03
3.075552e-03
3.075935e-03
3.076308e-03
3.076668e-03
3.077018e-03
3.077356e-03
3.077683e-03
3.077998e-03
3.078302e-03
3.078595e-03
3.078876e-03
3.079146e-03
3.079405e-03
3.079652e-03
3.079888e-03
3.080113e-03
3.080326e-03
3.080528e-03
3.080719e-03
3.080898e-03
3.081066e-03
3.081223e-03
3.081368e-03
3.081502e-03
3.081624e-03
3.081735e-03
3.081835e-03
3.081924e-03
3.082001e-03
3.082067e-03
3.082121e-03
3.082164e-03
3.082196e-03
3.082216e-03
3.082225e-03
3.082223e-03
3.082210e-03
3.082185e-03
3.082148e-03
3.082101e-03
3.082042e-03
3.081971e-03
3.081890e-03
3.081796e-03
3.081692e-03
3.081576e-03
3.081449e-03
3.081311e-03
3.081161e-03
3.081000e-03
3.080827e-03
3.080644e-03
3.080448e-03
3.080242e-03
3.080024e-03
3.079795e-03
3.079554e-03
3.079302e-03
3.079039e-03
3.078764e-03
3.078479e-03
3.078181e-03
3.077873e-03
3.077553e-03
3.077221e-03
3.076879e-03
3.076525e-03
3.076159e-03
3.075783e-03
3.075394e-03
3.074995e-03
3.074584e-03
3.074162e-03
3.073729e-03
3.073284e-03
3.072828e-03
3.072360e-03
3.071881e-03
3.071391e-03
3.070890e-03
3.070377e-03
3.069853e-03
3.069317e-03
3.068992e-03
3.068992e-03
3.068992e-03
3.068992e-03
3.068992e-03
3.068992e-03
3.068992e-03
3.068992e-03
3.068992e-03
3.068992e-03
3.068992e-03
3.068992e-03
3.068992e-03
3.068992e-03
3.068992e-03
3.068992e-03
3.068992e-03
3.068992e-03
3.068992e-03
3.068992e-03
3.068992e-03
3.068992e-03
3.068992e-03
3.068992e-03
3.068992e-03
3.068992e-03
3.068992e-03
3.068992e-03
3.068992e-03
3.068992e-03
3.068992e-03
3.068992e-03
3.068992e-03
3.068992e-03
3.068992e-03
3.068992e-03
3.068992e-03
3.068992e-03
3.068992e-03
3.068992e-03
3.068992e-03
3.068992e-03
3.068992e-03
3.068992e-03
3.068992e-03
3.068992e-03
3.068992e-03
3.068992e-03
3.068992e-03
3.068992e-03
3.068992e-03
3.068992e-03
3.068992e-03
3.068992e-03
3.068992e-03
3.068992e-03
3.068992e-03
3.068992e-03
3.068992e-03
3.068992e-03
3.068992e-03
3.068992e-03
3.068992e-03
3.068992e-03
3.068992e-03
3.068992e-03
3.068992e-03
3.068992e-03
3.068992e-03
3.068992e-03
3.068992e-03
3.068992e-03
3.068992e-03
3.068992e-03
3.068992e-03
3.068992e-03
3.068992e-03
3.068992e-03
3.068992e-03
3.068992e-03
3.068992e-03
3.068992e-03
3.068992e-03
3.068992e-03
3.068992e-03
3.068992e-03
3.068992e-03
3.068992e-03
3.068992e-03
3.068992e-03
3.068992e-03
3.068992e-03
3.068992e-03
3.068992e-03
3.068992e-03
3.068992e-03
3.068992e-03
3.068992e-03
3.068992e-03
3.068992e-03
3.068992e-03
3.068992e-03
3.068992e-03
3.068992e-03
3.068992e-03
3.068992e-03
3.068992e-03
3.068992e-03
3.068992e-03
3.068992e-03
3.068992e-03
3.068992e-03
3.068992e-03
3.068992e-03
3.068992e-03
3.068992e-03
3.068992e-03
3.068992e-03
3.068992e-03
3.068992e-03
3.068992e-03
3.068992e-03
3.068992e-03
3.068992e-03
3.068992e-03
3.068992e-03
3.068992e-03
3.068992e-03
3.068992e-03
3.068992e-03
3.068992e-03
3.068992e-03
3.068992e-03
3.068992e-03
3.068992e-03
3.068992e-03
3.068992e-03
3.068992e-03
3.068992e-03
3.068992e-03
3.068992e-03
3.068992e-03
3.068992e-03
3.068992e-03
3.068992e-03
3.068992e-03
3.068992e-03
3.068992e-03
3.068992e-03
3.068992e-03
3.068992e-03
3.068992e-03
3.068992e-03
3.068992e-03
3.068992e-03
3.068992e-03
3.068992e-03
3.068992e-03
3.068992e-03
3.068992e-03
3.068992e-03
3.068992e-03
3.068992e-03
3.068992e-03
3.068992e-03
3.068992e-03
3.068992e-03
3.068992e-03
3.068992e-03
3.068992e-03
3.068992e-03
3.068992e-03
3.068992e-03
3.068992e-03
3.068992e-03
3.068992e-03
3.068992e-03
3.068992e-03
3.068992e-03
3.068992e-03
3.068992e-03
3.068992e-03
3.068992e-03
3.068992e-03
3.068992e-03
3.068992e-03
3.068992e-03
3.068992e-03
3.068992e-03
3.068992e-03
3.068992e-03
3.068992e-03
3.068992e-03
3.068992e-03
3.068992e-03
3.068992e-03
3.068992e-03
3.068992e-03
3.068992e-03
3.068992e-03
3.068992e-03
