0.000000e+00
1.110371e-07
2.244621e-07
3.402749e-07
4.584757e-07
5.790644e-07
7.020409e-07
8.274054e-07
9.551577e-07
1.085298e-06
1.217826e-06
1.352742e-06
1.490046e-06
1.629738e-06
1.771818e-06
1.916285e-06
2.063141e-06
2.212384e-06
2.364015e-06
2.518035e-06
2.674442e-06
2.833237e-06
2.994419e-06
3.157990e-06
3.323949e-06
3.492295e-06
3.663030e-06
3.836152e-06
4.011662e-06
4.189561e-06
4.369847e-06
4.552521e-06
4.737582e-06
4.925032e-06
5.114870e-06
5.307095e-06
5.501709e-06
5.698710e-06
5.898099e-06
6.099876e-06
6.304041e-06
6.510594e-06
6.719535e-06
6.930863e-06
7.144580e-06
7.360684e-06
7.579177e-06
7.800057e-06
8.023325e-06
8.248981e-06
8.477025e-06
8.707457e-06
8.940276e-06
9.175484e-06
9.413079e-06
9.653063e-06
9.895434e-06
1.014019e-05
1.038734e-05
1.063688e-05
1.088880e-05
1.114311e-05
1.139981e-05
1.165889e-05
1.192037e-05
1.218423e-05
1.245048e-05
1.271912e-05
1.299015e-05
1.326356e-05
1.353936e-05
1.381755e-05
1.409813e-05
1.438109e-05
1.466645e-05
1.495419e-05
1.524432e-05
1.553683e-05
1.583174e-05
1.612903e-05
1.642871e-05
1.673078e-05
1.703524e-05
1.734208e-05
1.765131e-05
1.796294e-05
1.827694e-05
1.859334e-05
1.891212e-05
1.923329e-05
1.955685e-05
1.988280e-05
2.021114e-05
2.054186e-05
2.087497e-05
2.121047e-05
2.154836e-05
2.188863e-05
2.223130e-05
2.257635e-05
2.292379e-05
2.327361e-05
2.362583e-05
2.398043e-05
2.433742e-05
2.469680e-05
2.505856e-05
2.542272e-05
2.578926e-05
2.615819e-05
2.652951e-05
2.690321e-05
2.727930e-05
2.765779e-05
2.803866e-05
2.842191e-05
2.880756e-05
2.919559e-05
2.958601e-05
2.997882e-05
3.037402e-05
3.077160e-05
3.117157e-05
3.157393e-05
3.197868e-05
3.238582e-05
3.279534e-05
3.320725e-05
3.362155e-05
3.403824e-05
3.445732e-05
3.487878e-05
3.530263e-05
3.572887e-05
3.615750e-05
3.658851e-05
3.702191e-05
3.745770e-05
3.789588e-05
3.833645e-05
3.877940e-05
3.922475e-05
3.967248e-05
4.012259e-05
4.057510e-05
4.102999e-05
4.148728e-05
4.194695e-05
4.240900e-05
4.287345e-05
4.334028e-05
4.380950e-05
4.428111e-05
4.475511e-05
4.523149e-05
4.571027e-05
4.619143e-05
4.667498e-05
4.716091e-05
4.764924e-05
4.813995e-05
4.863305e-05
4.912854e-05
4.962641e-05
5.012668e-05
5.062933e-05
5.113437e-05
5.164180e-05
5.215161e-05
5.266382e-05
5.317841e-05
5.369539e-05
5.421475e-05
5.473651e-05
5.526065e-05
5.578718e-05
5.631610e-05
5.684741e-05
5.738110e-05
5.791718e-05
5.845565e-05
5.899651e-05
5.953976e-05
6.008539e-05
6.063341e-05
6.118382e-05
6.173662e-05
6.229181e-05
6.284938e-05
6.340934e-05
6.397169e-05
6.453643e-05
6.510355e-05
6.567306e-05
6.624496e-05
6.681925e-05
6.739593e-05
6.797499e-05
6.855645e-05
6.914029e-05
6.972651e-05
7.031513e-05
7.090613e-05
7.149953e-05
7.209531e-05
7.269347e-05
7.329403e-05
7.389697e-05
7.450230e-05
7.511002e-05
7.572013e-05
7.633262e-05
7.694751e-05
7.756478e-05
7.818444e-05
7.880648e-05
7.943092e-05
8.005774e-05
8.068695e-05
8.131855e-05
8.195253e-05
8.258891e-05
8.322767e-05
8.386882e-05
8.451236e-05
8.515828e-05
8.580659e-05
8.645730e-05
8.711039e-05
8.776586e-05
8.842373e-05
8.908398e-05
8.974662e-05
9.041165e-05
9.107907e-05
9.174887e-05
9.242106e-05
9.309564e-05
9.377261e-05
9.445197e-05
9.513371e-05
9.581784e-05
9.650436e-05
9.719327e-05
9.788456e-05
9.857825e-05
9.927432e-05
9.997278e-05
1.006736e-04
1.013769e-04
1.020825e-04
1.027905e-04
1.035009e-04
1.042137e-04
1.049289e-04
1.056464e-04
1.063664e-04
1.070887e-04
1.078134e-04
1.085405e-04
1.092700e-04
1.100019e-04
1.107362e-04
1.114729e-04
1.122119e-04
1.129534e-04
1.136972e-04
1.144434e-04
1.151920e-04
1.159430e-04
1.166964e-04
1.174522e-04
1.182103e-04
1.189709e-04
1.197338e-04
1.204991e-04
1.212668e-04
1.220369e-04
1.228094e-04
1.235843e-04
1.243615e-04
1.251412e-04
1.259232e-04
1.267076e-04
1.274945e-04
1.282837e-04
1.290752e-04
1.298692e-04
1.306656e-04
1.314643e-04
1.322655e-04
1.330690e-04
1.338749e-04
1.346832e-04
1.354939e-04
1.363070e-04
1.371224e-04
1.379403e-04
1.387605e-04
1.395832e-04
1.404082e-04
1.412356e-04
1.420654e-04
1.428976e-04
1.437321e-04
1.445691e-04
1.454084e-04
1.462502e-04
1.470943e-04
1.479408e-04
1.487897e-04
1.496410e-04
1.504947e-04
1.513507e-04
1.522092e-04
1.530700e-04
1.539332e-04
1.547988e-04
1.556668e-04
1.565372e-04
1.574100e-04
1.582852e-04
1.591627e-04
1.600426e-04
1.609250e-04
1.618097e-04
1.626968e-04
1.635863e-04
1.644782e-04
1.653724e-04
1.662691e-04
1.671681e-04
1.680696e-04
1.689734e-04
1.698796e-04
1.707882e-04
1.716992e-04
1.726125e-04
1.735283e-04
1.744464e-04
1.753670e-04
1.762899e-04
1.772152e-04
1.781429e-04
1.790730e-04
1.800054e-04
1.809403e-04
1.818776e-04
1.828172e-04
1.837592e-04
1.847036e-04
1.856504e-04
1.865996e-04
1.875512e-04
1.885052e-04
1.894615e-04
1.904202e-04
1.913814e-04
1.923449e-04
1.933108e-04
1.942791e-04
1.952498e-04
1.962228e-04
1.971983e-04
1.981761e-04
1.991564e-04
2.001390e-04
2.011240e-04
2.021114e-04
2.031012e-04
2.040933e-04
2.050879e-04
2.060848e-04
2.070842e-04
2.080859e-04
2.090900e-04
2.100965e-04
2.111054e-04
2.121167e-04
2.131303e-04
2.141464e-04
2.151648e-04
2.161856e-04
2.172088e-04
2.182344e-04
2.192624e-04
2.202928e-04
2.213256e-04
2.223607e-04
2.233983e-04
2.244382e-04
2.254805e-04
2.265252e-04
2.275723e-04
2.286218e-04
2.296736e-04
2.307279e-04
2.317845e-04
2.328436e-04
2.339050e-04
2.349688e-04
2.360350e-04
2.371036e-04
2.381746e-04
2.392479e-04
2.403237e-04
2.414018e-04
2.424823e-04
2.435652e-04
2.446505e-04
2.457382e-04
2.468283e-04
2.479207e-04
2.490156e-04
2.501128e-04
2.512125e-04
2.523145e-04
2.534189e-04
2.545257e-04
2.556348e-04
2.567464e-04
2.578604e-04
2.589767e-04
2.600954e-04
2.612165e-04
2.623400e-04
2.634659e-04
2.645942e-04
2.657249e-04
2.668579e-04
2.679934e-04
2.691312e-04
2.702714e-04
2.714140e-04
2.725590e-04
2.737064e-04
2.748562e-04
2.760083e-04
2.771629e-04
2.783198e-04
2.794792e-04
2.806409e-04
2.818050e-04
2.829714e-04
2.841403e-04
2.853116e-04
2.864852e-04
2.876613e-04
2.888397e-04
2.900205e-04
2.912037e-04
2.923893e-04
2.935773e-04
2.947676e-04
2.959604e-04
2.971555e-04
2.983531e-04
2.995530e-04
3.007553e-04
3.019600e-04
3.031671e-04
3.043765e-04
3.055884e-04
3.068026e-04
3.080193e-04
3.092383e-04
3.104597e-04
3.116835e-04
3.129097e-04
3.141382e-04
3.153692e-04
3.166026e-04
3.178383e-04
3.190764e-04
3.203169e-04
3.215598e-04
3.228051e-04
3.240528e-04
3.253028e-04
3.265553e-04
3.278101e-04
3.290674e-04
3.303270e-04
3.315890e-04
3.328534e-04
3.341201e-04
3.353893e-04
3.366609e-04
3.379348e-04
3.392111e-04
3.404899e-04
3.417710e-04
3.430545e-04
3.443403e-04
3.456286e-04
3.469193e-04
3.482123e-04
3.495077e-04
3.508056e-04
3.521058e-04
3.534084e-04
3.547133e-04
3.560207e-04
3.573305e-04
3.586426e-04
3.599572e-04
3.612741e-04
3.625934e-04
3.639151e-04
3.652392e-04
3.665657e-04
3.678945e-04
3.692258e-04
3.705594e-04
3.718954e-04
3.732339e-04
3.745747e-04
3.759178e-04
3.772634e-04
3.786114e-04
3.799617e-04
3.813145e-04
3.826696e-04
3.840271e-04
3.853870e-04
3.867493e-04
3.881140e-04
3.894811e-04
3.908505e-04
3.922224e-04
3.935966e-04
3.949732e-04
3.963523e-04
3.977336e-04
3.991174e-04
4.005036e-04
4.018922e-04
4.032831e-04
4.046765e-04
4.060722e-04
4.074703e-04
4.088708e-04
4.102737e-04
4.116790e-04
4.130866e-04
4.144967e-04
4.159091e-04
4.173239e-04
4.187411e-04
4.201608e-04
4.215827e-04
4.230071e-04
4.244339e-04
4.258630e-04
4.272946e-04
4.287285e-04
4.301648e-04
4.316035e-04
4.330446e-04
4.344881e-04
4.359340e-04
4.373822e-04
4.388329e-04
4.402859e-04
4.417413e-04
4.431992e-04
4.446594e-04
4.461219e-04
4.475869e-04
4.490543e-04
4.505240e-04
4.519962e-04
4.534707e-04
4.549476e-04
4.564269e-04
4.579086e-04
4.593927e-04
4.608791e-04
4.623680e-04
4.638592e-04
4.653528e-04
4.668489e-04
4.683473e-04
4.698481e-04
4.713512e-04
4.728568e-04
4.743648e-04
4.758751e-04
4.773878e-04
4.789030e-04
4.804205e-04
4.819404e-04
4.834626e-04
4.849873e-04
4.865144e-04
4.880438e-04
4.895756e-04
4.911099e-04
4.926465e-04
4.941855e-04
4.957269e-04
4.972706e-04
4.988168e-04
5.003653e-04
5.019163e-04
5.034696e-04
5.050253e-04
5.065834e-04
5.081439e-04
5.097068e-04
5.112721e-04
5.128397e-04
5.144097e-04
5.159822e-04
5.175570e-04
5.191342e-04
5.207138e-04
5.222958e-04
5.238801e-04
5.254669e-04
5.270560e-04
5.286476e-04
5.302415e-04
5.318378e-04
5.334365e-04
5.350376e-04
5.366410e-04
5.382469e-04
5.398552e-04
5.414658e-04
5.430788e-04
5.446942e-04
5.463120e-04
5.479322e-04
5.495548e-04
5.511797e-04
5.528071e-04
5.544368e-04
5.560690e-04
5.577035e-04
5.593404e-04
5.609797e-04
5.626213e-04
5.642654e-04
5.659119e-04
5.675607e-04
5.692119e-04
5.708655e-04
5.725215e-04
5.741799e-04
5.758407e-04
5.775039e-04
5.791694e-04
5.808374e-04
5.825077e-04
5.841804e-04
5.858555e-04
5.875330e-04
5.892129e-04
5.908952e-04
5.925799e-04
5.942669e-04
5.959563e-04
5.976482e-04
5.993424e-04
6.010390e-04
6.027380e-04
6.044393e-04
6.061431e-04
6.078492e-04
6.095578e-04
6.112687e-04
6.129820e-04
6.146977e-04
6.164158e-04
6.181363e-04
6.198592e-04
6.215844e-04
6.233121e-04
6.250421e-04
6.267745e-04
6.285093e-04
6.302465e-04
6.319861e-04
6.337281e-04
6.354724e-04
6.372192e-04
6.389683e-04
6.407198e-04
6.424737e-04
6.442300e-04
6.459887e-04
6.477498e-04
6.495132e-04
6.512791e-04
6.530473e-04
6.548179e-04
6.565909e-04
6.583663e-04
6.601441e-04
6.619243e-04
6.637069e-04
6.654918e-04
6.672792e-04
6.690689e-04
6.708610e-04
6.726555e-04
6.744524e-04
6.762517e-04
6.780533e-04
6.798574e-04
6.816638e-04
6.834727e-04
6.852839e-04
6.870975e-04
6.889135e-04
6.907319e-04
6.925526e-04
6.943758e-04
6.962013e-04
6.980293e-04
6.998596e-04
7.016923e-04
7.035274e-04
7.053649e-04
7.072048e-04
7.090470e-04
7.108917e-04
7.127387e-04
7.145881e-04
7.164399e-04
7.182941e-04
7.201507e-04
7.220097e-04
7.238711e-04
7.257348e-04
7.276010e-04
7.294695e-04
7.313404e-04
7.332137e-04
7.350894e-04
7.369675e-04
7.388479e-04
7.407308e-04
7.426160e-04
7.445037e-04
7.463937e-04
7.482861e-04
7.501809e-04
7.520781e-04
7.539776e-04
7.558796e-04
7.577839e-04
7.596907e-04
7.615998e-04
7.635113e-04
7.654252e-04
7.673415e-04
7.692602e-04
7.711812e-04
7.731047e-04
7.750305e-04
7.769587e-04
7.788893e-04
7.808223e-04
7.827577e-04
7.846955e-04
7.866357e-04
7.885782e-04
7.905232e-04
7.924705e-04
7.944202e-04
7.963723e-04
7.983268e-04
8.002837e-04
8.022429e-04
8.042046e-04
8.061686e-04
8.081351e-04
8.101039e-04
8.120751e-04
8.140487e-04
8.160247e-04
8.180031e-04
8.199838e-04
8.219670e-04
8.239525e-04
8.259404e-04
8.279307e-04
8.299234e-04
8.319185e-04
8.339160e-04
8.359158e-04
8.379181e-04
8.399227e-04
8.419298e-04
8.439392e-04
8.459510e-04
8.479652e-04
8.499817e-04
8.520007e-04
8.540220e-04
8.560458e-04
8.580719e-04
8.601004e-04
8.621313e-04
8.641646e-04
8.662003e-04
8.682384e-04
8.702788e-04
8.723217e-04
8.743669e-04
8.764145e-04
8.784645e-04
8.805169e-04
8.825717e-04
8.846289e-04
8.866884e-04
8.887504e-04
8.908147e-04
8.928814e-04
8.949506e-04
8.970221e-04
8.990959e-04
9.011722e-04
9.032509e-04
9.053319e-04
9.074154e-04
9.095012e-04
9.115894e-04
9.136800e-04
9.157730e-04
9.178684e-04
9.199661e-04
9.220663e-04
9.241688e-04
9.262738e-04
9.283811e-04
9.304908e-04
9.326029e-04
9.347174e-04
9.368342e-04
9.389535e-04
9.410751e-04
9.431992e-04
9.453256e-04
9.474544e-04
9.495856e-04
9.517192e-04
9.538551e-04
9.559935e-04
9.581342e-04
9.602774e-04
9.624229e-04
9.645708e-04
9.667211e-04
9.688738e-04
9.710289e-04
9.731863e-04
9.753462e-04
9.775084e-04
9.796730e-04
9.818401e-04
9.840095e-04
9.861813e-04
9.883554e-04
9.905320e-04
9.927110e-04
9.948923e-04
9.970760e-04
9.992621e-04
1.001451e-03
1.003642e-03
1.005835e-03
1.008030e-03
1.010229e-03
1.012429e-03
1.014632e-03
1.016837e-03
1.019045e-03
1.021255e-03
1.023467e-03
1.025682e-03
1.027899e-03
1.030119e-03
1.032340e-03
1.034565e-03
1.036791e-03
1.039021e-03
1.041252e-03
1.043486e-03
1.045722e-03
1.047961e-03
1.050202e-03
1.052445e-03
1.054691e-03
1.056939e-03
1.059190e-03
1.061443e-03
1.063698e-03
1.065956e-03
1.068216e-03
1.070479e-03
1.072744e-03
1.075011e-03
1.077281e-03
1.079553e-03
1.081827e-03
1.084104e-03
1.086383e-03
1.088665e-03
1.090949e-03
1.093235e-03
1.095524e-03
1.097815e-03
1.100109e-03
1.102405e-03
1.104703e-03
1.107004e-03
1.109307e-03
1.111613e-03
1.113920e-03
1.116231e-03
1.118543e-03
1.120858e-03
1.123176e-03
1.125496e-03
1.127818e-03
1.130143e-03
1.132470e-03
1.134799e-03
1.137131e-03
1.139465e-03
1.141802e-03
1.144140e-03
1.146482e-03
1.148826e-03
1.151172e-03
1.153520e-03
1.155871e-03
1.158224e-03
1.160580e-03
1.162938e-03
1.165298e-03
1.167661e-03
1.170026e-03
1.172394e-03
1.174764e-03
1.177136e-03
1.179511e-03
1.181888e-03
1.184268e-03
1.186650e-03
1.189034e-03
1.191421e-03
1.193810e-03
1.196201e-03
1.198595e-03
1.200991e-03
1.203390e-03
1.205791e-03
1.208195e-03
1.210600e-03
1.213009e-03
1.215419e-03
1.217832e-03
1.220247e-03
1.222665e-03
1.225085e-03
1.227508e-03
1.229933e-03
1.232360e-03
1.234790e-03
1.237222e-03
1.239656e-03
1.242093e-03
1.244532e-03
1.246974e-03
1.249418e-03
1.251864e-03
1.254313e-03
1.256764e-03
1.259218e-03
1.261674e-03
1.264132e-03
1.266593e-03
1.269056e-03
1.271521e-03
1.273989e-03
1.276460e-03
1.278932e-03
1.281407e-03
1.283885e-03
1.286365e-03
1.288847e-03
1.291331e-03
1.293818e-03
1.296308e-03
1.298800e-03
1.301294e-03
1.303790e-03
1.306289e-03
1.308791e-03
1.311294e-03
1.313800e-03
1.316309e-03
1.318820e-03
1.321333e-03
1.323849e-03
1.326367e-03
1.328887e-03
1.331410e-03
1.333935e-03
1.336463e-03
1.338993e-03
1.341525e-03
1.344060e-03
1.346597e-03
1.349136e-03
1.351678e-03
1.354223e-03
1.356769e-03
1.359318e-03
1.361870e-03
1.364424e-03
1.366980e-03
1.369539e-03
1.372100e-03
1.374663e-03
1.377229e-03
1.379797e-03
1.382368e-03
1.384941e-03
1.387516e-03
1.390094e-03
1.392674e-03
1.395256e-03
1.397841e-03
1.400428e-03
1.403018e-03
1.405610e-03
1.408205e-03
1.410801e-03
1.413401e-03
1.416002e-03
1.418606e-03
1.421213e-03
1.423821e-03
1.426433e-03
1.429046e-03
1.431662e-03
1.434280e-03
1.436901e-03
1.439524e-03
1.442150e-03
1.444778e-03
1.447408e-03
1.450040e-03
1.452676e-03
1.455313e-03
1.457953e-03
1.460595e-03
1.463240e-03
1.465887e-03
1.468536e-03
1.471188e-03
1.473842e-03
1.476498e-03
1.479157e-03
1.481819e-03
1.484482e-03
1.487148e-03
1.489817e-03
1.492488e-03
1.495161e-03
1.497837e-03
1.500515e-03
1.503195e-03
1.505878e-03
1.508563e-03
1.511251e-03
1.513941e-03
1.516633e-03
1.519328e-03
1.522025e-03
1.524724e-03
1.527426e-03
1.530130e-03
1.532837e-03
1.535546e-03
1.538258e-03
1.540971e-03
1.543688e-03
1.546406e-03
1.549127e-03
1.551851e-03
1.554577e-03
1.557305e-03
1.560035e-03
1.562768e-03
1.565504e-03
1.568241e-03
1.570981e-03
1.573724e-03
1.576469e-03
1.579216e-03
1.581966e-03
1.584718e-03
1.587472e-03
1.590229e-03
1.592988e-03
1.595750e-03
1.598514e-03
1.601280e-03
1.604049e-03
1.606820e-03
1.609594e-03
1.612370e-03
1.615148e-03
1.617929e-03
1.620712e-03
1.623497e-03
1.626285e-03
1.629075e-03
1.631868e-03
1.634663e-03
1.637460e-03
1.640260e-03
1.643062e-03
1.645867e-03
1.648674e-03
1.651483e-03
1.654295e-03
1.657109e-03
1.659926e-03
1.662745e-03
1.665566e-03
1.668390e-03
1.671216e-03
1.674044e-03
1.676875e-03
1.679708e-03
1.682544e-03
1.685382e-03
1.688222e-03
1.691065e-03
1.693910e-03
1.696758e-03
1.699608e-03
1.702460e-03
1.705315e-03
1.708172e-03
1.711031e-03
1.713893e-03
1.716758e-03
1.719624e-03
1.722493e-03
1.725365e-03
1.728239e-03
1.731115e-03
1.733993e-03
1.736874e-03
1.739758e-03
1.742643e-03
1.745532e-03
1.748422e-03
1.751315e-03
1.754210e-03
1.757108e-03
1.760008e-03
1.762911e-03
1.765816e-03
1.768723e-03
1.771633e-03
1.774545e-03
1.777459e-03
1.780376e-03
1.783295e-03
1.786217e-03
1.789141e-03
1.792067e-03
1.794996e-03
1.797927e-03
1.800860e-03
1.803796e-03
1.806735e-03
1.809675e-03
1.812618e-03
1.815564e-03
1.818512e-03
1.821462e-03
1.824415e-03
1.827370e-03
1.830327e-03
1.833287e-03
1.836249e-03
1.839214e-03
1.842180e-03
1.845150e-03
1.848122e-03
1.851096e-03
1.854072e-03
1.857051e-03
1.860032e-03
1.863016e-03
1.866002e-03
1.868991e-03
1.871981e-03
1.874975e-03
1.877970e-03
1.880968e-03
1.883969e-03
1.886971e-03
1.889977e-03
1.892984e-03
1.895994e-03
1.899006e-03
1.902021e-03
1.905038e-03
1.908058e-03
1.911080e-03
1.914104e-03
1.917131e-03
1.920160e-03
1.923191e-03
1.926225e-03
1.929261e-03
1.932300e-03
1.935341e-03
1.938384e-03
1.941430e-03
1.944478e-03
1.947528e-03
1.950581e-03
1.953637e-03
1.956694e-03
1.959754e-03
1.962817e-03
1.965882e-03
1.968949e-03
1.972019e-03
1.975091e-03
1.978165e-03
1.981242e-03
1.984321e-03
1.987403e-03
1.990487e-03
1.993573e-03
1.996662e-03
1.999753e-03
2.002846e-03
2.005942e-03
2.009041e-03
2.012141e-03
2.015244e-03
2.018350e-03
2.021458e-03
2.024568e-03
2.027680e-03
2.030795e-03
2.033913e-03
2.037033e-03
2.040155e-03
2.043279e-03
2.046406e-03
2.049536e-03
2.052667e-03
2.055802e-03
2.058938e-03
2.062077e-03
2.065218e-03
2.068362e-03
2.071508e-03
2.074656e-03
2.077807e-03
2.080960e-03
2.084116e-03
2.087274e-03
2.090434e-03
2.093597e-03
2.096762e-03
2.099930e-03
2.103100e-03
2.106272e-03
2.109447e-03
2.112624e-03
2.115803e-03
2.118985e-03
2.122169e-03
2.125356e-03
2.128545e-03
2.131737e-03
2.134930e-03
2.138127e-03
2.141325e-03
2.144526e-03
2.147729e-03
2.150935e-03
2.154143e-03
2.157354e-03
2.160567e-03
2.163782e-03
2.167000e-03
2.170220e-03
2.173442e-03
2.176667e-03
2.179894e-03
2.183124e-03
2.186356e-03
2.189590e-03
2.192827e-03
2.196066e-03
2.199308e-03
2.202552e-03
2.205798e-03
2.209047e-03
2.212298e-03
2.215552e-03
2.218808e-03
2.222066e-03
2.225326e-03
2.228590e-03
2.231855e-03
2.235123e-03
2.238393e-03
2.241666e-03
2.244941e-03
2.248218e-03
2.251498e-03
2.254780e-03
2.258065e-03
2.261351e-03
2.264641e-03
2.267932e-03
2.271227e-03
2.274523e-03
2.277822e-03
2.281123e-03
2.284427e-03
2.287733e-03
2.291041e-03
2.294352e-03
2.297665e-03
2.300981e-03
2.304299e-03
2.307619e-03
2.310942e-03
2.314267e-03
2.317595e-03
2.320925e-03
2.324257e-03
2.327592e-03
2.330929e-03
2.334268e-03
2.337610e-03
2.340954e-03
2.344301e-03
2.347650e-03
2.351001e-03
2.354355e-03
2.357711e-03
2.361070e-03
2.364431e-03
2.367794e-03
2.371160e-03
2.374528e-03
2.377899e-03
2.381272e-03
2.384647e-03
2.388024e-03
2.391405e-03
2.394787e-03
2.398172e-03
2.401559e-03
2.404949e-03
2.408341e-03
2.411735e-03
2.415132e-03
2.418531e-03
2.421933e-03
2.425337e-03
2.428743e-03
2.432152e-03
2.435563e-03
2.438976e-03
2.442392e-03
2.445810e-03
2.449231e-03
2.452654e-03
2.456079e-03
2.459507e-03
2.462937e-03
2.466370e-03
2.469805e-03
2.473242e-03
2.476682e-03
2.480124e-03
2.483569e-03
2.487016e-03
2.490465e-03
2.493917e-03
2.497371e-03
2.500827e-03
2.504286e-03
2.507748e-03
2.511211e-03
2.514677e-03
2.518146e-03
2.521616e-03
2.525090e-03
2.528565e-03
2.532043e-03
2.535524e-03
2.539006e-03
2.542491e-03
2.545979e-03
2.549469e-03
2.552961e-03
2.556456e-03
2.559953e-03
2.563452e-03
2.566954e-03
2.570458e-03
2.573965e-03
2.577474e-03
2.580985e-03
2.584499e-03
2.588015e-03
2.591534e-03
2.595055e-03
2.598578e-03
2.602104e-03
2.605632e-03
2.609163e-03
2.612695e-03
2.616231e-03
2.619768e-03
2.623308e-03
2.626851e-03
2.630396e-03
2.633943e-03
2.637493e-03
2.641045e-03
2.644599e-03
2.648156e-03
2.651715e-03
2.655276e-03
2.658840e-03
2.662407e-03
2.665975e-03
2.669546e-03
2.673120e-03
2.676696e-03
2.680274e-03
2.683855e-03
2.687438e-03
2.691023e-03
2.694611e-03
2.698201e-03
2.701794e-03
2.705389e-03
2.708986e-03
2.712586e-03
2.716188e-03
2.719793e-03
2.723399e-03
2.727009e-03
2.730620e-03
2.734235e-03
2.737851e-03
2.741470e-03
2.745091e-03
2.748715e-03
2.752341e-03
2.755969e-03
2.759600e-03
2.763233e-03
2.766869e-03
2.770507e-03
2.774147e-03
2.777790e-03
2.781435e-03
2.785082e-03
2.788732e-03
2.792385e-03
2.796039e-03
2.799696e-03
2.803356e-03
2.807018e-03
2.810682e-03
2.814348e-03
2.818017e-03
2.821689e-03
2.825363e-03
2.829039e-03
2.832717e-03
2.836398e-03
2.840082e-03
2.843767e-03
2.847455e-03
2.850481e-03
2.853495e-03
2.856497e-03
2.859487e-03
2.862465e-03
2.865431e-03
2.868385e-03
2.871328e-03
2.874258e-03
2.877177e-03
2.880084e-03
2.882978e-03
2.885861e-03
2.888732e-03
2.891591e-03
2.894438e-03
2.897274e-03
2.900097e-03
2.902908e-03
2.905708e-03
2.908495e-03
2.911271e-03
2.914035e-03
2.916787e-03
2.919527e-03
2.922255e-03
2.924971e-03
2.927675e-03
2.930367e-03
2.933048e-03
2.935716e-03
2.938373e-03
2.941018e-03
2.943650e-03
2.946271e-03
2.948880e-03
2.951477e-03
2.954062e-03
2.956636e-03
2.959197e-03
2.961746e-03
2.964284e-03
2.966810e-03
2.969323e-03
2.971825e-03
2.974315e-03
2.976793e-03
2.979259e-03
2.981713e-03
2.984156e-03
2.986586e-03
2.989004e-03
2.991411e-03
2.993806e-03
2.996188e-03
2.998559e-03
3.000918e-03
3.003265e-03
3.005600e-03
3.007923e-03
3.010235e-03
3.012534e-03
3.014821e-03
3.017097e-03
3.019361e-03
3.021612e-03
3.023852e-03
3.026080e-03
3.028296e-03
3.030500e-03
3.032692e-03
3.034873e-03
3.037041e-03
3.039198e-03
3.041342e-03
3.043475e-03
3.045596e-03
3.047704e-03
3.049801e-03
3.051886e-03
3.053960e-03
3.056021e-03
3.058070e-03
3.060107e-03
3.062133e-03
3.064147e-03
3.066148e-03
3.068138e-03
3.070116e-03
3.072082e-03
3.074036e-03
3.075978e-03
3.077908e-03
3.079827e-03
3.081733e-03
3.083627e-03
3.085510e-03
3.087381e-03
3.089240e-03
3.091086e-03
3.092921e-03
3.094744e-03
3.096556e-03
3.098355e-03
3.100142e-03
3.101918e-03
3.103681e-03
3.105433e-03
3.107172e-03
3.108900e-03
3.110616e-03
3.112320e-03
3.114012e-03
3.115692e-03
3.117361e-03
3.119017e-03
3.120661e-03
3.122294e-03
3.123915e-03
3.125523e-03
3.127120e-03
3.128705e-03
3.130278e-03
3.131839e-03
3.133388e-03
3.134926e-03
3.136451e-03
3.137964e-03
3.139466e-03
3.140956e-03
3.142433e-03
3.143899e-03
3.145353e-03
3.146795e-03
3.148225e-03
3.149643e-03
3.151050e-03
3.152444e-03
3.153827e-03
3.155197e-03
3.156556e-03
3.157903e-03
3.159237e-03
3.160560e-03
3.161871e-03
3.163171e-03
3.164458e-03
3.165733e-03
3.166996e-03
3.168248e-03
3.169488e-03
3.170715e-03
3.171931e-03
3.173135e-03
3.174327e-03
3.175507e-03
3.176675e-03
3.177831e-03
3.178975e-03
3.180108e-03
3.181228e-03
3.182337e-03
3.183434e-03
3.184518e-03
3.185591e-03
3.186652e-03
3.187701e-03
3.188739e-03
3.189764e-03
3.190777e-03
3.191779e-03
3.192768e-03
3.193746e-03
3.194711e-03
3.195665e-03
3.196607e-03
3.197537e-03
3.198455e-03
3.199361e-03
3.200256e-03
3.201138e-03
3.202008e-03
3.202867e-03
3.203713e-03
3.204548e-03
3.205371e-03
3.206182e-03
3.206981e-03
3.207768e-03
3.208543e-03
3.209306e-03
3.210058e-03
3.210797e-03
3.211525e-03
3.212240e-03
3.212944e-03
3.213636e-03
3.214316e-03
3.214984e-03
3.215640e-03
3.216284e-03
3.216917e-03
3.217537e-03
3.218145e-03
3.218742e-03
3.219327e-03
3.219899e-03
3.220460e-03
3.221009e-03
3.221546e-03
3.222071e-03
3.222585e-03
3.223086e-03
3.223575e-03
3.224053e-03
3.224518e-03
3.224972e-03
3.225414e-03
3.225844e-03
3.226262e-03
3.226668e-03
3.227062e-03
3.227444e-03
3.227814e-03
3.228173e-03
3.228519e-03
3.228854e-03
3.229176e-03
3.229487e-03
3.229786e-03
3.230073e-03
3.230348e-03
3.230611e-03
3.230863e-03
3.231102e-03
3.231329e-03
3.231545e-03
3.231748e-03
3.231940e-03
3.232120e-03
3.232288e-03
3.232444e-03
3.232588e-03
3.232720e-03
3.232840e-03
3.232949e-03
3.233045e-03
3.233130e-03
3.233202e-03
3.233263e-03
3.233312e-03
3.233349e-03
3.233374e-03
3.233387e-03
3.233388e-03
3.233377e-03
3.233355e-03
3.233320e-03
3.233274e-03
3.233215e-03
3.233145e-03
3.233063e-03
3.232969e-03
3.232863e-03
3.232745e-03
3.232615e-03
3.232473e-03
3.232320e-03
3.232154e-03
3.231977e-03
3.231787e-03
3.231586e-03
3.231373e-03
3.231148e-03
3.230911e-03
3.230662e-03
3.230401e-03
3.230128e-03
3.229844e-03
3.229547e-03
3.229239e-03
3.228919e-03
3.228586e-03
3.228242e-03
3.227886e-03
3.227518e-03
3.227138e-03
3.226747e-03
3.226343e-03
3.225927e-03
3.225500e-03
3.225060e-03
3.224609e-03
3.224146e-03
3.223671e-03
3.223184e-03
3.222685e-03
3.222174e-03
3.221651e-03
3.221116e-03
3.220792e-03
3.220792e-03
3.220792e-03
3.220792e-03
3.220792e-03
3.220792e-03
3.220792e-03
3.220792e-03
3.220792e-03
3.220792e-03
3.220792e-03
3.220792e-03
3.220792e-03
3.220792e-03
3.220792e-03
3.220792e-03
3.220792e-03
3.220792e-03
3.220792e-03
3.220792e-03
3.220792e-03
3.220792e-03
3.220792e-03
3.220792e-03
3.220792e-03
3.220792e-03
3.220792e-03
3.220792e-03
3.220792e-03
3.220792e-03
3.220792e-03
3.220792e-03
3.220792e-03
3.220792e-03
3.220792e-03
3.220792e-03
3.220792e-03
3.220792e-03
3.220792e-03
3.220792e-03
3.220792e-03
3.220792e-03
3.220792e-03
3.220792e-03
3.220792e-03
3.220792e-03
3.220792e-03
3.220792e-03
3.220792e-03
3.220792e-03
3.220792e-03
3.220792e-03
3.220792e-03
3.220792e-03
3.220792e-03
3.220792e-03
3.220792e-03
3.220792e-03
3.220792e-03
3.220792e-03
3.220792e-03
3.220792e-03
3.220792e-03
3.220792e-03
3.220792e-03
3.220792e-03
3.220792e-03
3.220792e-03
3.220792e-03
3.220792e-03
3.220792e-03
3.220792e-03
3.220792e-03
3.220792e-03
3.220792e-03
3.220792e-03
3.220792e-03
3.220792e-03
3.220792e-03
3.220792e-03
3.220792e-03
3.220792e-03
3.220792e-03
3.220792e-03
3.220792e-03
3.220792e-03
3.220792e-03
3.220792e-03
3.220792e-03
3.220792e-03
3.220792e-03
3.220792e-03
3.220792e-03
3.220792e-03
3.220792e-03
3.220792e-03
3.220792e-03
3.220792e-03
3.220792e-03
3.220792e-03
3.220792e-03
3.220792e-03
3.220792e-03
3.220792e-03
3.220792e-03
3.220792e-03
3.220792e-03
3.220792e-03
3.220792e-03
3.220792e-03
3.220792e-03
3.220792e-03
3.220792e-03
3.220792e-03
3.220792e-03
3.220792e-03
3.220792e-03
3.220792e-03
3.220792e-03
3.220792e-03
3.220792e-03
3.220792e-03
3.220792e-03
3.220792e-03
3.220792e-03
3.220792e-03
3.220792e-03
3.220792e-03
3.220792e-03
3.220792e-03
3.220792e-03
3.220792e-03
3.220792e-03
3.220792e-03
3.220792e-03
3.220792e-03
3.220792e-03
3.220792e-03
3.220792e-03
3.220792e-03
3.220792e-03
3.220792e-03
3.220792e-03
3.220792e-03
3.220792e-03
3.220792e-03
3.220792e-03
3.220792e-03
3.220792e-03
3.220792e-03
3.220792e-03
3.220792e-03
3.220792e-03
3.220792e-03
3.220792e-03
3.220792e-03
3.220792e-03
3.220792e-03
3.220792e-03
3.220792e-03
3.220792e-03
3.220792e-03
3.220792e-03
3.220792e-03
3.220792e-03
3.220792e-03
3.220792e-03
3.220792e-03
3.220792e-03
3.220792e-03
3.220792e-03
3.220792e-03
3.220792e-03
3.220792e-03
3.220792e-03
3.220792e-03
3.220792e-03
3.220792e-03
3.220792e-03
3.220792e-03
3.220792e-03
3.220792e-03
3.220792e-03
3.220792e-03
3.220792e-03
3.220792e-03
3.220792e-03
3.220792e-03
3.220792e-03
3.220792e-03
3.220792e-03
3.220792e-03
3.220792e-03
3.220792e-03
3.220792e-03
3.220792e-03
3.220792e-03
3.220792e-03
3.220792e-03
3.220792e-03
3.220792e-03
