0.000000e+00
1.110371e-07
2.301791e-07
3.574259e-07
4.927777e-07
6.362344e-07
7.877960e-07
9.474624e-07
1.115234e-06
1.291110e-06
1.475091e-06
1.667177e-06
1.867368e-06
2.075664e-06
2.292065e-06
2.516570e-06
2.749181e-06
2.989896e-06
3.238717e-06
3.495642e-06
3.760672e-06
4.033807e-06
4.315047e-06
4.604392e-06
4.901842e-06
5.207396e-06
5.521056e-06
5.842820e-06
6.172689e-06
6.510664e-06
6.856743e-06
7.210927e-06
7.573216e-06
7.943609e-06
8.322108e-06
8.708712e-06
9.103420e-06
9.506233e-06
9.917152e-06
1.033617e-05
1.076330e-05
1.119854e-05
1.164187e-05
1.209332e-05
1.255286e-05
1.302052e-05
1.349627e-05
1.398014e-05
1.447210e-05
1.497218e-05
1.548035e-05
1.599663e-05
1.652102e-05
1.705351e-05
1.759411e-05
1.814281e-05
1.869962e-05
1.926453e-05
1.983755e-05
2.041867e-05
2.100789e-05
2.160522e-05
2.221066e-05
2.282420e-05
2.344585e-05
2.407560e-05
2.471345e-05
2.535941e-05
2.601348e-05
2.667565e-05
2.734592e-05
2.802430e-05
2.871079e-05
2.940538e-05
3.010807e-05
3.081887e-05
3.153777e-05
3.226478e-05
3.299990e-05
3.374312e-05
3.449444e-05
3.525387e-05
3.602140e-05
3.679704e-05
3.758079e-05
3.837263e-05
3.917259e-05
3.998065e-05
4.079681e-05
4.162108e-05
4.245345e-05
4.329393e-05
4.414251e-05
4.499920e-05
4.586399e-05
4.673689e-05
4.761789e-05
4.850700e-05
4.940421e-05
5.030953e-05
5.122295e-05
5.214447e-05
5.307411e-05
5.401184e-05
5.495768e-05
5.591163e-05
5.687368e-05
5.784384e-05
5.882210e-05
5.980847e-05
6.080294e-05
6.180551e-05
6.281619e-05
6.383498e-05
6.486187e-05
6.589686e-05
6.693996e-05
6.799117e-05
6.905048e-05
7.011789e-05
7.119341e-05
7.227704e-05
7.336877e-05
7.446860e-05
7.557654e-05
7.669259e-05
7.781674e-05
7.894899e-05
8.008935e-05
8.123781e-05
8.239438e-05
8.355905e-05
8.473183e-05
8.591272e-05
8.710171e-05
8.829880e-05
8.950400e-05
9.071730e-05
9.193871e-05
9.316822e-05
9.440584e-05
9.565156e-05
9.690539e-05
9.816732e-05
9.943736e-05
1.007155e-04
1.020017e-04
1.032961e-04
1.045986e-04
1.059091e-04
1.072278e-04
1.085546e-04
1.098894e-04
1.112324e-04
1.125835e-04
1.139427e-04
1.153100e-04
1.166854e-04
1.180689e-04
1.194605e-04
1.208602e-04
1.222680e-04
1.236840e-04
1.251080e-04
1.265401e-04
1.279804e-04
1.294287e-04
1.308852e-04
1.323497e-04
1.338224e-04
1.353031e-04
1.367920e-04
1.382890e-04
1.397941e-04
1.413073e-04
1.428285e-04
1.443579e-04
1.458954e-04
1.474410e-04
1.489947e-04
1.505566e-04
1.521265e-04
1.537045e-04
1.552906e-04
1.568849e-04
1.584872e-04
1.600976e-04
1.617162e-04
1.633428e-04
1.649776e-04
1.666205e-04
1.682714e-04
1.699305e-04
1.715977e-04
1.732730e-04
1.749564e-04
1.766478e-04
1.783474e-04
1.800551e-04
1.817710e-04
1.834949e-04
1.852269e-04
1.869670e-04
1.887152e-04
1.904716e-04
1.922360e-04
1.940085e-04
1.957892e-04
1.975779e-04
1.993748e-04
2.011797e-04
2.029928e-04
2.048140e-04
2.066433e-04
2.084806e-04
2.103261e-04
2.121797e-04
2.140414e-04
2.159112e-04
2.177891e-04
2.196751e-04
2.215692e-04
2.234715e-04
2.253818e-04
2.273002e-04
2.292267e-04
2.311614e-04
2.331041e-04
2.350550e-04
2.370139e-04
2.389810e-04
2.409562e-04
2.429394e-04
2.449308e-04
2.469303e-04
2.489379e-04
2.509535e-04
2.529773e-04
2.550092e-04
2.570492e-04
2.590973e-04
2.611536e-04
2.632179e-04
2.652903e-04
2.673708e-04
2.694595e-04
2.715562e-04
2.736610e-04
2.757740e-04
2.778950e-04
2.800242e-04
2.821614e-04
2.843068e-04
2.864603e-04
2.886219e-04
2.907915e-04
2.929693e-04
2.951552e-04
2.973492e-04
2.995513e-04
3.017615e-04
3.039798e-04
3.062062e-04
3.084408e-04
3.106834e-04
3.129341e-04
3.151930e-04
3.174599e-04
3.197349e-04
3.220181e-04
3.243093e-04
3.266087e-04
3.289162e-04
3.312317e-04
3.335554e-04
3.358872e-04
3.382271e-04
3.405751e-04
3.429312e-04
3.452954e-04
3.476677e-04
3.500481e-04
3.524366e-04
3.548332e-04
3.572379e-04
3.596507e-04
3.620717e-04
3.645007e-04
3.669379e-04
3.693831e-04
3.718365e-04
3.742979e-04
3.767675e-04
3.792451e-04
3.817309e-04
3.842248e-04
3.867268e-04
3.892369e-04
3.917551e-04
3.942813e-04
3.968157e-04
3.993583e-04
4.019089e-04
4.044676e-04
4.070344e-04
4.096093e-04
4.121924e-04
4.147835e-04
4.173827e-04
4.199901e-04
4.226055e-04
4.252291e-04
4.278607e-04
4.305005e-04
4.331484e-04
4.358044e-04
4.384684e-04
4.411406e-04
4.438209e-04
4.465093e-04
4.492058e-04
4.519104e-04
4.546231e-04
4.573439e-04
4.600728e-04
4.628099e-04
4.655550e-04
4.683082e-04
4.710696e-04
4.738390e-04
4.766166e-04
4.794022e-04
4.821960e-04
4.849978e-04
4.878078e-04
4.906259e-04
4.934521e-04
4.962863e-04
4.991287e-04
5.019792e-04
5.048378e-04
5.077045e-04
5.105793e-04
5.134622e-04
5.163533e-04
5.192524e-04
5.221596e-04
5.250749e-04
5.279984e-04
5.309299e-04
5.338696e-04
5.368173e-04
5.397732e-04
5.427371e-04
5.457092e-04
5.486894e-04
5.516776e-04
5.546740e-04
5.576785e-04
5.606911e-04
5.637118e-04
5.667406e-04
5.697775e-04
5.728225e-04
5.758756e-04
5.789368e-04
5.820062e-04
5.850836e-04
5.881691e-04
5.912628e-04
5.943645e-04
5.974744e-04
6.005923e-04
6.037184e-04
6.068525e-04
6.099948e-04
6.131452e-04
6.163036e-04
6.194702e-04
6.226449e-04
6.258277e-04
6.290186e-04
6.322176e-04
6.354247e-04
6.386399e-04
6.418633e-04
6.450947e-04
6.483342e-04
6.515818e-04
6.548376e-04
6.581014e-04
6.613734e-04
6.646534e-04
6.679416e-04
6.712378e-04
6.745422e-04
6.778547e-04
6.811752e-04
6.845039e-04
6.878407e-04
6.911856e-04
6.945386e-04
6.978997e-04
7.012689e-04
7.046462e-04
7.080316e-04
7.114251e-04
7.148268e-04
7.182365e-04
7.216543e-04
7.250803e-04
7.285143e-04
7.319565e-04
7.354067e-04
7.388651e-04
7.423316e-04
7.458061e-04
7.492888e-04
7.527796e-04
7.562785e-04
7.597854e-04
7.633005e-04
7.668237e-04
7.703550e-04
7.738945e-04
7.774420e-04
7.809976e-04
7.845613e-04
7.881331e-04
7.917131e-04
7.953011e-04
7.988972e-04
8.025015e-04
8.061138e-04
8.097343e-04
8.133629e-04
8.169995e-04
8.206443e-04
8.242972e-04
8.279582e-04
8.316273e-04
8.353044e-04
8.389897e-04
8.426831e-04
8.463846e-04
8.500943e-04
8.538120e-04
8.575378e-04
8.612717e-04
8.650138e-04
8.687639e-04
8.725221e-04
8.762885e-04
8.800629e-04
8.838455e-04
8.876361e-04
8.914349e-04
8.952418e-04
8.990568e-04
9.028798e-04
9.067110e-04
9.105503e-04
9.143977e-04
9.182532e-04
9.221168e-04
9.259885e-04
9.298683e-04
9.337562e-04
9.376523e-04
9.415564e-04
9.454686e-04
9.493890e-04
9.533174e-04
9.572540e-04
9.611986e-04
9.651514e-04
9.691122e-04
9.730812e-04
9.770583e-04
9.810435e-04
9.850367e-04
9.890381e-04
9.930476e-04
9.970652e-04
1.001091e-03
1.005125e-03
1.009167e-03
1.013217e-03
1.017275e-03
1.021341e-03
1.025415e-03
1.029498e-03
1.033588e-03
1.037687e-03
1.041794e-03
1.045909e-03
1.050032e-03
1.054163e-03
1.058302e-03
1.062449e-03
1.066604e-03
1.070768e-03
1.074939e-03
1.079119e-03
1.083307e-03
1.087503e-03
1.091707e-03
1.095919e-03
1.100139e-03
1.104368e-03
1.108604e-03
1.112849e-03
1.117101e-03
1.121362e-03
1.125631e-03
1.129908e-03
1.134193e-03
1.138486e-03
1.142787e-03
1.147097e-03
1.151414e-03
1.155740e-03
1.160073e-03
1.164415e-03
1.168765e-03
1.173123e-03
1.177489e-03
1.181863e-03
1.186246e-03
1.190636e-03
1.195035e-03
1.199441e-03
1.203856e-03
1.208279e-03
1.212710e-03
1.217149e-03
1.221596e-03
1.226051e-03
1.230515e-03
1.234986e-03
1.239466e-03
1.243953e-03
1.248449e-03
1.252953e-03
1.257465e-03
1.261985e-03
1.266513e-03
1.271050e-03
1.275594e-03
1.280147e-03
1.284707e-03
1.289276e-03
1.293853e-03
1.298438e-03
1.303031e-03
1.307632e-03
1.312241e-03
1.316859e-03
1.321484e-03
1.326118e-03
1.330759e-03
1.335409e-03
1.340067e-03
1.344733e-03
1.349407e-03
1.354089e-03
1.358779e-03
1.363478e-03
1.368184e-03
1.372899e-03
1.377622e-03
1.382353e-03
1.387091e-03
1.391839e-03
1.396594e-03
1.401357e-03
1.406128e-03
1.410908e-03
1.415695e-03
1.420491e-03
1.425295e-03
1.430107e-03
1.434927e-03
1.439755e-03
1.444591e-03
1.449435e-03
1.454288e-03
1.459148e-03
1.464017e-03
1.468893e-03
1.473778e-03
1.478671e-03
1.483572e-03
1.488481e-03
1.493399e-03
1.498324e-03
1.503257e-03
1.508199e-03
1.513149e-03
1.518106e-03
1.523072e-03
1.528046e-03
1.533028e-03
1.538018e-03
1.543017e-03
1.548023e-03
1.553038e-03
1.558060e-03
1.563091e-03
1.568130e-03
1.573177e-03
1.578232e-03
1.583295e-03
1.588366e-03
1.593445e-03
1.598533e-03
1.603628e-03
1.608732e-03
1.613844e-03
1.618964e-03
1.624092e-03
1.629228e-03
1.634372e-03
1.639524e-03
1.644685e-03
1.649853e-03
1.655030e-03
1.660214e-03
1.665407e-03
1.670608e-03
1.675817e-03
1.681034e-03
1.686259e-03
1.691493e-03
1.696734e-03
1.701984e-03
1.707241e-03
1.712507e-03
1.717781e-03
1.723063e-03
1.728353e-03
1.733651e-03
1.738957e-03
1.744272e-03
1.749594e-03
1.754925e-03
1.760264e-03
1.765610e-03
1.770965e-03
1.776328e-03
1.781699e-03
1.787079e-03
1.792466e-03
1.797861e-03
1.803265e-03
1.808677e-03
1.814096e-03
1.819524e-03
1.824960e-03
1.830404e-03
1.835856e-03
1.841317e-03
1.846785e-03
1.852262e-03
1.857746e-03
1.863239e-03
1.868740e-03
1.874248e-03
1.879765e-03
1.885291e-03
1.890824e-03
1.896365e-03
1.901915e-03
1.907472e-03
1.913038e-03
1.918611e-03
1.924193e-03
1.929783e-03
1.935381e-03
1.940987e-03
1.946602e-03
1.952224e-03
1.957855e-03
1.963493e-03
1.969140e-03
1.974795e-03
1.980457e-03
1.986128e-03
1.991808e-03
1.997495e-03
2.003190e-03
2.008894e-03
2.014605e-03
2.020325e-03
2.026052e-03
2.031788e-03
2.037532e-03
2.043284e-03
2.049044e-03
2.054813e-03
2.060589e-03
2.066373e-03
2.072166e-03
2.077967e-03
2.083775e-03
2.089592e-03
2.095417e-03
2.101250e-03
2.107092e-03
2.112941e-03
2.118798e-03
2.124664e-03
2.130537e-03
2.136419e-03
2.142309e-03
2.148207e-03
2.154113e-03
2.160027e-03
2.165949e-03
2.171880e-03
2.177818e-03
2.183765e-03
2.189719e-03
2.195682e-03
2.201653e-03
2.207632e-03
2.213619e-03
2.219614e-03
2.225618e-03
2.231629e-03
2.237649e-03
2.243676e-03
2.249712e-03
2.255756e-03
2.261808e-03
2.267868e-03
2.273936e-03
2.280012e-03
2.286096e-03
2.292189e-03
2.298289e-03
2.304398e-03
2.310515e-03
2.316640e-03
2.322773e-03
2.328914e-03
2.335063e-03
2.341220e-03
2.347386e-03
2.353559e-03
2.359741e-03
2.365930e-03
2.372128e-03
2.378334e-03
2.384548e-03
2.390770e-03
2.397001e-03
2.403239e-03
2.409485e-03
2.415740e-03
2.422003e-03
2.428273e-03
2.434552e-03
2.440839e-03
2.447134e-03
2.453437e-03
2.459749e-03
2.466068e-03
2.472396e-03
2.478731e-03
2.485075e-03
2.491427e-03
2.497787e-03
2.504155e-03
2.510531e-03
2.516915e-03
2.523307e-03
2.529708e-03
2.536116e-03
2.542533e-03
2.548958e-03
2.555390e-03
2.561831e-03
2.568281e-03
2.574738e-03
2.581203e-03
2.587676e-03
2.594158e-03
2.600647e-03
2.607145e-03
2.613651e-03
2.620165e-03
2.626687e-03
2.633217e-03
2.639755e-03
2.646301e-03
2.652856e-03
2.659418e-03
2.665989e-03
2.672568e-03
2.679155e-03
2.685750e-03
2.692353e-03
2.698964e-03
2.705583e-03
2.712211e-03
2.718846e-03
2.725490e-03
2.732141e-03
2.738801e-03
2.745469e-03
2.752145e-03
2.758829e-03
2.765521e-03
2.772222e-03
2.778930e-03
2.785647e-03
2.792371e-03
2.799104e-03
2.805845e-03
2.812594e-03
2.819351e-03
2.826116e-03
2.832889e-03
2.839671e-03
2.846460e-03
2.853258e-03
2.860063e-03
2.866877e-03
2.873699e-03
2.880529e-03
2.887367e-03
2.894213e-03
2.901068e-03
2.907930e-03
2.914801e-03
2.921679e-03
2.928566e-03
2.935461e-03
2.942364e-03
2.949275e-03
2.956194e-03
2.963121e-03
2.970056e-03
2.977000e-03
2.983951e-03
2.990911e-03
2.997879e-03
3.004855e-03
3.011839e-03
3.018831e-03
3.025831e-03
3.032839e-03
3.039856e-03
3.046880e-03
3.053913e-03
3.060954e-03
3.068003e-03
3.075059e-03
3.082124e-03
3.089198e-03
3.096279e-03
3.103368e-03
3.110466e-03
3.117571e-03
3.124685e-03
3.131807e-03
3.138937e-03
3.146075e-03
3.153221e-03
3.160375e-03
3.167537e-03
3.174708e-03
3.181886e-03
3.189073e-03
3.196267e-03
3.203470e-03
3.210681e-03
3.217900e-03
3.225127e-03
3.232363e-03
3.239606e-03
3.246857e-03
3.254117e-03
3.261385e-03
3.268660e-03
3.275944e-03
3.283236e-03
3.290536e-03
3.297844e-03
3.305161e-03
3.312485e-03
3.319818e-03
3.327158e-03
3.334507e-03
3.341864e-03
3.349229e-03
3.356602e-03
3.363983e-03
3.371372e-03
3.378769e-03
3.386175e-03
3.393588e-03
3.401010e-03
3.408440e-03
3.415878e-03
3.423324e-03
3.430778e-03
3.438240e-03
3.445710e-03
3.453189e-03
3.460675e-03
3.468170e-03
3.475672e-03
3.483183e-03
3.490702e-03
3.498229e-03
3.505764e-03
3.513307e-03
3.520859e-03
3.528418e-03
3.535986e-03
3.543561e-03
3.551145e-03
3.558737e-03
3.566337e-03
3.573945e-03
3.581561e-03
3.589185e-03
3.596818e-03
3.604458e-03
3.612107e-03
3.619764e-03
3.627428e-03
3.635101e-03
3.642782e-03
3.650471e-03
3.658169e-03
3.665874e-03
3.673587e-03
3.681309e-03
3.689039e-03
3.696776e-03
3.704522e-03
3.712276e-03
3.720038e-03
3.727808e-03
3.735587e-03
3.743373e-03
3.751168e-03
3.758970e-03
3.766781e-03
3.774600e-03
3.782426e-03
3.790261e-03
3.798105e-03
3.805956e-03
3.813815e-03
3.821683e-03
3.829558e-03
3.837442e-03
3.845333e-03
3.853233e-03
3.861141e-03
3.869057e-03
3.876981e-03
3.884914e-03
3.892854e-03
3.900803e-03
3.908759e-03
3.916724e-03
3.924697e-03
3.932677e-03
3.940666e-03
3.948664e-03
3.956669e-03
3.964682e-03
3.972704e-03
3.980733e-03
3.988771e-03
3.996816e-03
4.004870e-03
4.012932e-03
4.021002e-03
4.029080e-03
4.037167e-03
4.045261e-03
4.053363e-03
4.061474e-03
4.069593e-03
4.077719e-03
4.085854e-03
4.093997e-03
4.102148e-03
4.110308e-03
4.118475e-03
4.126650e-03
4.134834e-03
4.143025e-03
4.151225e-03
4.159433e-03
4.167649e-03
4.175873e-03
4.184105e-03
4.192345e-03
4.200594e-03
4.208850e-03
4.217115e-03
4.225387e-03
4.233668e-03
4.241957e-03
4.250254e-03
4.258559e-03
4.266872e-03
4.275194e-03
4.283523e-03
4.291861e-03
4.300206e-03
4.308560e-03
4.316922e-03
4.325292e-03
4.333670e-03
4.342056e-03
4.350450e-03
4.358852e-03
4.367263e-03
4.375681e-03
4.384108e-03
4.392543e-03
4.400986e-03
4.409437e-03
4.417896e-03
4.426363e-03
4.434838e-03
4.443322e-03
4.451813e-03
4.460313e-03
4.468820e-03
4.477336e-03
4.485860e-03
4.494392e-03
4.502932e-03
4.511481e-03
4.520037e-03
4.528601e-03
4.537174e-03
4.545755e-03
4.554343e-03
4.562940e-03
4.571545e-03
4.580158e-03
4.588779e-03
4.597409e-03
4.606046e-03
4.614692e-03
4.623345e-03
4.632007e-03
4.640677e-03
4.649355e-03
4.658041e-03
4.666735e-03
4.675437e-03
4.684147e-03
4.692866e-03
4.701592e-03
4.710327e-03
4.719070e-03
4.727821e-03
4.736580e-03
4.745347e-03
4.754122e-03
4.762905e-03
4.771696e-03
4.780496e-03
4.789303e-03
4.798119e-03
4.806943e-03
4.815775e-03
4.824615e-03
4.833463e-03
4.842319e-03
4.851184e-03
4.860056e-03
4.868937e-03
4.877825e-03
4.886722e-03
4.895627e-03
4.904540e-03
4.913461e-03
4.922390e-03
4.931327e-03
4.940273e-03
4.949226e-03
4.958188e-03
4.967157e-03
4.976135e-03
4.985121e-03
4.994115e-03
5.003117e-03
5.012127e-03
5.021146e-03
5.030172e-03
5.039207e-03
5.048249e-03
5.057300e-03
5.066359e-03
5.075426e-03
5.084501e-03
5.093584e-03
5.102675e-03
5.111775e-03
5.120882e-03
5.129998e-03
5.139121e-03
5.148253e-03
5.157393e-03
5.166541e-03
5.175697e-03
5.184861e-03
5.194034e-03
5.203214e-03
5.212403e-03
5.221599e-03
5.230804e-03
5.240017e-03
5.249238e-03
5.258467e-03
5.267704e-03
5.276949e-03
5.286203e-03
5.295464e-03
5.304734e-03
5.314011e-03
5.323297e-03
5.332591e-03
5.341893e-03
5.351203e-03
5.360521e-03
5.369848e-03
5.379182e-03
5.388524e-03
5.397875e-03
5.407234e-03
5.416601e-03
5.425976e-03
5.435359e-03
5.444750e-03
5.454149e-03
5.463556e-03
5.472972e-03
5.482395e-03
5.491827e-03
5.501267e-03
5.510715e-03
5.520171e-03
5.529635e-03
5.539107e-03
5.548587e-03
5.558076e-03
5.567572e-03
5.577077e-03
5.586589e-03
5.596110e-03
5.605639e-03
5.615176e-03
5.624721e-03
5.634275e-03
5.643836e-03
5.653405e-03
5.662983e-03
5.672569e-03
5.682162e-03
5.691764e-03
5.701374e-03
5.710992e-03
5.720619e-03
5.730253e-03
5.739895e-03
5.749546e-03
5.759204e-03
5.768871e-03
5.778546e-03
5.788229e-03
5.797920e-03
5.807619e-03
5.817326e-03
5.827042e-03
5.836765e-03
5.846496e-03
5.856236e-03
5.865984e-03
5.875740e-03
5.885504e-03
5.895276e-03
5.905056e-03
5.914844e-03
5.924641e-03
5.934445e-03
5.944258e-03
5.954078e-03
5.963907e-03
5.973744e-03
5.983589e-03
5.993442e-03
6.003304e-03
6.013173e-03
6.023050e-03
6.032936e-03
6.042830e-03
6.052731e-03
6.062641e-03
6.072559e-03
6.082485e-03
6.092419e-03
6.102362e-03
6.112312e-03
6.122270e-03
6.132237e-03
6.142212e-03
6.152195e-03
6.162185e-03
6.172184e-03
6.182192e-03
6.192207e-03
6.202230e-03
6.212262e-03
6.222301e-03
6.232349e-03
6.242404e-03
6.252468e-03
6.262540e-03
6.272620e-03
6.282709e-03
6.292805e-03
6.302909e-03
6.313022e-03
6.323142e-03
6.333271e-03
6.343408e-03
6.353553e-03
6.363706e-03
6.373867e-03
6.384036e-03
6.394213e-03
6.404399e-03
6.414592e-03
6.424794e-03
6.435004e-03
6.445221e-03
6.455447e-03
6.465681e-03
6.475924e-03
6.486174e-03
6.496432e-03
6.506699e-03
6.516973e-03
6.527256e-03
6.537547e-03
6.547846e-03
6.558153e-03
6.568468e-03
6.578791e-03
6.589122e-03
6.599462e-03
6.609809e-03
6.620165e-03
6.630529e-03
6.640900e-03
6.651280e-03
6.661668e-03
6.672065e-03
6.682469e-03
6.692881e-03
6.703302e-03
6.713730e-03
6.724167e-03
6.734612e-03
6.745065e-03
6.755526e-03
6.765995e-03
6.776472e-03
6.786957e-03
6.797451e-03
6.807952e-03
6.818462e-03
6.828979e-03
6.839505e-03
6.850039e-03
6.860581e-03
6.871131e-03
6.881690e-03
6.892256e-03
6.902830e-03
6.913413e-03
6.924004e-03
6.934602e-03
6.945209e-03
6.955824e-03
6.966447e-03
6.977079e-03
6.987718e-03
6.998365e-03
7.009021e-03
7.019684e-03
7.030356e-03
7.041036e-03
7.051724e-03
7.062420e-03
7.073124e-03
7.083836e-03
7.094557e-03
7.105285e-03
7.116022e-03
7.126766e-03
7.137519e-03
7.148280e-03
7.159049e-03
7.169826e-03
7.180611e-03
7.191404e-03
7.202206e-03
7.213015e-03
7.223833e-03
7.234659e-03
7.245492e-03
7.256334e-03
7.267184e-03
7.278043e-03
7.288909e-03
7.299783e-03
7.310666e-03
7.321556e-03
7.332455e-03
7.343362e-03
7.354276e-03
7.365199e-03
7.376130e-03
7.387070e-03
7.398017e-03
7.408972e-03
7.419936e-03
7.430907e-03
7.441887e-03
7.452875e-03
7.463871e-03
7.474875e-03
7.485887e-03
7.496907e-03
7.507936e-03
7.518972e-03
7.530016e-03
7.541069e-03
7.552130e-03
7.563199e-03
7.574276e-03
7.585361e-03
7.596454e-03
7.607555e-03
7.618665e-03
7.629782e-03
7.640908e-03
7.652041e-03
7.663183e-03
7.674333e-03
7.685491e-03
7.696657e-03
7.707831e-03
7.719014e-03
7.730204e-03
7.741403e-03
7.752609e-03
7.763824e-03
7.775047e-03
7.786278e-03
7.797517e-03
7.808764e-03
7.820019e-03
7.831283e-03
7.842554e-03
7.853834e-03
7.865122e-03
7.876417e-03
7.887721e-03
7.899033e-03
7.910353e-03
7.921682e-03
7.933018e-03
7.944362e-03
7.955715e-03
7.967075e-03
7.978444e-03
7.989821e-03
8.001206e-03
8.012599e-03
8.024000e-03
8.035409e-03
8.046827e-03
8.058252e-03
8.069686e-03
8.081128e-03
8.092577e-03
8.104035e-03
8.115501e-03
8.126975e-03
8.138458e-03
8.149948e-03
8.161446e-03
8.172953e-03
8.184467e-03
8.195990e-03
8.207521e-03
8.219060e-03
8.230607e-03
8.242162e-03
8.253725e-03
8.265297e-03
8.276876e-03
8.288464e-03
8.300059e-03
8.311663e-03
8.323275e-03
8.334895e-03
8.346523e-03
8.358159e-03
8.369804e-03
8.381456e-03
8.393117e-03
8.404785e-03
8.416462e-03
8.428147e-03
8.439840e-03
8.451541e-03
8.463250e-03
8.474967e-03
8.486693e-03
8.498426e-03
8.510168e-03
8.521917e-03
8.533675e-03
8.545441e-03
8.557215e-03
8.568997e-03
8.580787e-03
8.592585e-03
8.604392e-03
8.616206e-03
8.628029e-03
8.639860e-03
8.651699e-03
8.663545e-03
8.675401e-03
8.687264e-03
8.699135e-03
8.711014e-03
8.722902e-03
8.734797e-03
8.746701e-03
8.758613e-03
8.770533e-03
8.782461e-03
8.794397e-03
8.806341e-03
8.818293e-03
8.830253e-03
8.842222e-03
8.854199e-03
8.866183e-03
8.878176e-03
8.890177e-03
8.902186e-03
8.914203e-03
8.926228e-03
8.938262e-03
8.950303e-03
8.962353e-03
8.974410e-03
8.986476e-03
8.998550e-03
9.010632e-03
9.022722e-03
9.034820e-03
9.046927e-03
9.059041e-03
9.071163e-03
9.083294e-03
9.095433e-03
9.107580e-03
9.119734e-03
9.131897e-03
9.144069e-03
9.156248e-03
9.168435e-03
9.180631e-03
9.192834e-03
9.205046e-03
9.217266e-03
9.229493e-03
9.241729e-03
9.253973e-03
9.266226e-03
9.277821e-03
9.289376e-03
9.300891e-03
9.312365e-03
9.323799e-03
9.335193e-03
9.346546e-03
9.357858e-03
9.369130e-03
9.380362e-03
9.391554e-03
9.402704e-03
9.413815e-03
9.424885e-03
9.435915e-03
9.446904e-03
9.457853e-03
9.468761e-03
9.479629e-03
9.490457e-03
9.501244e-03
9.511991e-03
9.522697e-03
9.533363e-03
9.543989e-03
9.554574e-03
9.565119e-03
9.575623e-03
9.586087e-03
9.596510e-03
9.606893e-03
9.617236e-03
9.627538e-03
9.637800e-03
9.648021e-03
9.658202e-03
9.668343e-03
9.678443e-03
9.688502e-03
9.698522e-03
9.708501e-03
9.718439e-03
9.728337e-03
9.738195e-03
9.748012e-03
9.757789e-03
9.767525e-03
9.777221e-03
9.786876e-03
9.796492e-03
9.806066e-03
9.815601e-03
9.825094e-03
9.834548e-03
9.843961e-03
9.853333e-03
9.862666e-03
9.871957e-03
9.881209e-03
9.890420e-03
9.899590e-03
9.908720e-03
9.917810e-03
9.926859e-03
9.935868e-03
9.944837e-03
9.953765e-03
9.962652e-03
9.971499e-03
9.980306e-03
9.989073e-03
9.997799e-03
1.000648e-02
1.001513e-02
1.002373e-02
1.003230e-02
1.004082e-02
1.004931e-02
1.005775e-02
1.006615e-02
1.007451e-02
1.008283e-02
1.009112e-02
1.009936e-02
1.010756e-02
1.011572e-02
1.012384e-02
1.013192e-02
1.013996e-02
1.014795e-02
1.015591e-02
1.016383e-02
1.017171e-02
1.017954e-02
1.018734e-02
1.019510e-02
1.020281e-02
1.021049e-02
1.021812e-02
1.022572e-02
1.023327e-02
1.024078e-02
1.024826e-02
1.025569e-02
1.026308e-02
1.027043e-02
1.027774e-02
1.028501e-02
1.029225e-02
1.029944e-02
1.030659e-02
1.031369e-02
1.032076e-02
1.032779e-02
1.033478e-02
1.034173e-02
1.034863e-02
1.035550e-02
1.036233e-02
1.036911e-02
1.037586e-02
1.038256e-02
1.038923e-02
1.039585e-02
1.040244e-02
1.040898e-02
1.041548e-02
1.042195e-02
1.042837e-02
1.043475e-02
1.044109e-02
1.044739e-02
1.045365e-02
1.045987e-02
1.046605e-02
1.047219e-02
1.047829e-02
1.048435e-02
1.049037e-02
1.049634e-02
1.050228e-02
1.050818e-02
1.051403e-02
1.051985e-02
1.052563e-02
1.053136e-02
1.053706e-02
1.054271e-02
1.054832e-02
1.055390e-02
1.055943e-02
1.056492e-02
1.057038e-02
1.057579e-02
1.058116e-02
1.058649e-02
1.059178e-02
1.059703e-02
1.060224e-02
1.060741e-02
1.061254e-02
1.061763e-02
1.062267e-02
1.062768e-02
1.063265e-02
1.063758e-02
1.064246e-02
1.064731e-02
1.065211e-02
1.065688e-02
1.066160e-02
1.066629e-02
1.067093e-02
1.067553e-02
1.068010e-02
1.068462e-02
1.068910e-02
1.069354e-02
1.069795e-02
1.070231e-02
1.070663e-02
1.071091e-02
1.071515e-02
1.071935e-02
1.072351e-02
1.072762e-02
1.073170e-02
1.073574e-02
1.073974e-02
1.074369e-02
1.074761e-02
1.075149e-02
1.075532e-02
1.075912e-02
1.076287e-02
1.076658e-02
1.077026e-02
1.077389e-02
1.077749e-02
1.078104e-02
1.078455e-02
1.078802e-02
1.079145e-02
1.079484e-02
1.079819e-02
1.080150e-02
1.080477e-02
1.080800e-02
1.081119e-02
1.081434e-02
1.081745e-02
1.082052e-02
1.082354e-02
1.082653e-02
1.082948e-02
1.083238e-02
1.083525e-02
1.083807e-02
1.084086e-02
1.084360e-02
1.084631e-02
1.084897e-02
1.085159e-02
1.085417e-02
1.085672e-02
1.085922e-02
1.086168e-02
1.086410e-02
1.086648e-02
1.086882e-02
1.087112e-02
1.087338e-02
1.087560e-02
1.087778e-02
1.087992e-02
1.088201e-02
1.088407e-02
1.088609e-02
1.088806e-02
1.089000e-02
1.089190e-02
1.089375e-02
1.089556e-02
1.089734e-02
1.089907e-02
1.090077e-02
1.090242e-02
1.090403e-02
1.090560e-02
1.090714e-02
1.090863e-02
1.091008e-02
1.091149e-02
1.091286e-02
1.091419e-02
1.091548e-02
1.091673e-02
1.091794e-02
1.091910e-02
1.092023e-02
1.092132e-02
1.092236e-02
1.092337e-02
1.092434e-02
1.092526e-02
1.092615e-02
1.092699e-02
1.092780e-02
1.092856e-02
1.092928e-02
1.092997e-02
1.093061e-02
1.093121e-02
1.093177e-02
1.093229e-02
1.093278e-02
1.093322e-02
1.093362e-02
1.093398e-02
1.093429e-02
1.093457e-02
1.093481e-02
1.093501e-02
1.093517e-02
1.093528e-02
1.093536e-02
1.093540e-02
1.093539e-02
1.093535e-02
1.093526e-02
1.093514e-02
1.093497e-02
1.093477e-02
1.093452e-02
1.093423e-02
1.093391e-02
1.093354e-02
1.093313e-02
1.093268e-02
1.093219e-02
1.093188e-02
1.093188e-02
1.093188e-02
1.093188e-02
1.093188e-02
1.093188e-02
1.093188e-02
1.093188e-02
1.093188e-02
1.093188e-02
1.093188e-02
1.093188e-02
1.093188e-02
1.093188e-02
1.093188e-02
1.093188e-02
1.093188e-02
1.093188e-02
1.093188e-02
1.093188e-02
1.093188e-02
1.093188e-02
1.093188e-02
1.093188e-02
1.093188e-02
1.093188e-02
1.093188e-02
1.093188e-02
1.093188e-02
1.093188e-02
1.093188e-02
1.093188e-02
1.093188e-02
1.093188e-02
1.093188e-02
1.093188e-02
1.093188e-02
1.093188e-02
1.093188e-02
1.093188e-02
1.093188e-02
1.093188e-02
1.093188e-02
1.093188e-02
1.093188e-02
1.093188e-02
1.093188e-02
1.093188e-02
1.093188e-02
1.093188e-02
1.093188e-02
1.093188e-02
1.093188e-02
1.093188e-02
1.093188e-02
1.093188e-02
1.093188e-02
1.093188e-02
1.093188e-02
1.093188e-02
1.093188e-02
1.093188e-02
1.093188e-02
1.093188e-02
1.093188e-02
1.093188e-02
1.093188e-02
1.093188e-02
1.093188e-02
1.093188e-02
1.093188e-02
1.093188e-02
1.093188e-02
1.093188e-02
1.093188e-02
1.093188e-02
1.093188e-02
1.093188e-02
1.093188e-02
1.093188e-02
1.093188e-02
1.093188e-02
1.093188e-02
1.093188e-02
1.093188e-02
1.093188e-02
1.093188e-02
1.093188e-02
1.093188e-02
1.093188e-02
1.093188e-02
1.093188e-02
1.093188e-02
1.093188e-02
1.093188e-02
1.093188e-02
1.093188e-02
1.093188e-02
1.093188e-02
1.093188e-02
1.093188e-02
1.093188e-02
1.093188e-02
1.093188e-02
1.093188e-02
1.093188e-02
1.093188e-02
1.093188e-02
1.093188e-02
1.093188e-02
1.093188e-02
1.093188e-02
1.093188e-02
1.093188e-02
1.093188e-02
1.093188e-02
1.093188e-02
1.093188e-02
1.093188e-02
1.093188e-02
1.093188e-02
1.093188e-02
1.093188e-02
1.093188e-02
1.093188e-02
1.093188e-02
1.093188e-02
1.093188e-02
1.093188e-02
1.093188e-02
1.093188e-02
1.093188e-02
1.093188e-02
1.093188e-02
1.093188e-02
1.093188e-02
1.093188e-02
1.093188e-02
1.093188e-02
1.093188e-02
1.093188e-02
1.093188e-02
1.093188e-02
1.093188e-02
1.093188e-02
1.093188e-02
1.093188e-02
1.093188e-02
1.093188e-02
1.093188e-02
1.093188e-02
1.093188e-02
1.093188e-02
1.093188e-02
1.093188e-02
1.093188e-02
1.093188e-02
1.093188e-02
1.093188e-02
1.093188e-02
1.093188e-02
1.093188e-02
1.093188e-02
1.093188e-02
1.093188e-02
1.093188e-02
1.093188e-02
1.093188e-02
1.093188e-02
1.093188e-02
1.093188e-02
1.093188e-02
1.093188e-02
1.093188e-02
1.093188e-02
1.093188e-02
1.093188e-02
1.093188e-02
1.093188e-02
1.093188e-02
1.093188e-02
1.093188e-02
1.093188e-02
1.093188e-02
1.093188e-02
1.093188e-02
1.093188e-02
1.093188e-02
1.093188e-02
1.093188e-02
1.093188e-02
1.093188e-02
1.093188e-02
1.093188e-02
1.093188e-02
1.093188e-02
1.093188e-02
1.093188e-02
1.093188e-02
1.093188e-02
1.093188e-02
