0.000000e+00
1.110371e-07
2.246151e-07
3.407339e-07
4.593937e-07
5.805944e-07
7.043359e-07
8.306184e-07
9.594417e-07
1.090806e-06
1.224711e-06
1.361157e-06
1.500144e-06
1.641672e-06
1.785741e-06
1.932350e-06
2.081501e-06
2.233192e-06
2.387424e-06
2.544198e-06
2.703512e-06
2.865367e-06
3.029763e-06
3.196699e-06
3.366177e-06
3.538195e-06
3.712755e-06
3.889855e-06
4.069497e-06
4.251679e-06
4.436402e-06
4.623666e-06
4.813470e-06
5.005816e-06
5.200703e-06
5.398130e-06
5.598099e-06
5.800608e-06
6.005658e-06
6.213249e-06
6.423381e-06
6.636054e-06
6.851268e-06
7.069022e-06
7.289318e-06
7.512154e-06
7.737532e-06
7.965450e-06
8.195909e-06
8.428909e-06
8.664450e-06
8.902532e-06
9.143155e-06
9.386318e-06
9.632023e-06
9.880268e-06
1.013105e-05
1.038438e-05
1.064025e-05
1.089866e-05
1.115961e-05
1.142310e-05
1.168913e-05
1.195770e-05
1.222882e-05
1.250247e-05
1.277867e-05
1.305740e-05
1.333868e-05
1.362250e-05
1.390886e-05
1.419776e-05
1.448920e-05
1.478318e-05
1.507970e-05
1.537876e-05
1.568037e-05
1.598451e-05
1.629120e-05
1.660043e-05
1.691219e-05
1.722650e-05
1.754335e-05
1.786274e-05
1.818467e-05
1.850915e-05
1.883616e-05
1.916571e-05
1.949781e-05
1.983244e-05
2.016962e-05
2.050934e-05
2.085160e-05
2.119640e-05
2.154374e-05
2.189362e-05
2.224604e-05
2.260100e-05
2.295851e-05
2.331855e-05
2.368114e-05
2.404626e-05
2.441393e-05
2.478414e-05
2.515689e-05
2.553218e-05
2.591001e-05
2.629038e-05
2.667329e-05
2.705875e-05
2.744674e-05
2.783728e-05
2.823035e-05
2.862597e-05
2.902413e-05
2.942483e-05
2.982807e-05
3.023385e-05
3.064217e-05
3.105303e-05
3.146644e-05
3.188238e-05
3.230087e-05
3.272189e-05
3.314546e-05
3.357157e-05
3.400022e-05
3.443141e-05
3.486514e-05
3.530141e-05
3.574022e-05
3.618157e-05
3.662547e-05
3.707190e-05
3.752088e-05
3.797240e-05
3.842645e-05
3.888305e-05
3.934219e-05
3.980387e-05
4.026809e-05
4.073486e-05
4.120416e-05
4.167600e-05
4.215039e-05
4.262732e-05
4.310678e-05
4.358879e-05
4.407334e-05
4.456043e-05
4.505006e-05
4.554223e-05
4.603694e-05
4.653419e-05
4.703399e-05
4.753632e-05
4.804120e-05
4.854862e-05
4.905857e-05
4.957107e-05
5.008611e-05
5.060369e-05
5.112381e-05
5.164647e-05
5.217168e-05
5.269942e-05
5.322971e-05
5.376253e-05
5.429790e-05
5.483580e-05
5.537625e-05
5.591924e-05
5.646477e-05
5.701284e-05
5.756346e-05
5.811661e-05
5.867230e-05
5.923054e-05
5.979131e-05
6.035463e-05
6.092048e-05
6.148888e-05
6.205982e-05
6.263330e-05
6.320932e-05
6.378788e-05
6.436899e-05
6.495263e-05
6.553881e-05
6.612754e-05
6.671881e-05
6.731261e-05
6.790896e-05
6.850785e-05
6.910928e-05
6.971325e-05
7.031976e-05
7.092881e-05
7.154041e-05
7.215454e-05
7.277122e-05
7.339043e-05
7.401219e-05
7.463649e-05
7.526333e-05
7.589271e-05
7.652463e-05
7.715909e-05
7.779609e-05
7.843563e-05
7.907772e-05
7.972234e-05
8.036951e-05
8.101921e-05
8.167146e-05
8.232625e-05
8.298358e-05
8.364345e-05
8.430586e-05
8.497081e-05
8.563831e-05
8.630834e-05
8.698091e-05
8.765603e-05
8.833369e-05
8.901388e-05
8.969662e-05
9.038190e-05
9.106972e-05
9.176008e-05
9.245298e-05
9.314843e-05
9.384641e-05
9.454694e-05
9.525000e-05
9.595561e-05
9.666375e-05
9.737444e-05
9.808767e-05
9.880344e-05
9.952175e-05
1.002426e-04
1.009660e-04
1.016919e-04
1.024204e-04
1.031514e-04
1.038850e-04
1.046211e-04
1.053597e-04
1.061009e-04
1.068446e-04
1.075909e-04
1.083397e-04
1.090910e-04
1.098449e-04
1.106013e-04
1.113603e-04
1.121218e-04
1.128858e-04
1.136524e-04
1.144216e-04
1.151932e-04
1.159674e-04
1.167442e-04
1.175235e-04
1.183053e-04
1.190897e-04
1.198766e-04
1.206661e-04
1.214581e-04
1.222526e-04
1.230497e-04
1.238493e-04
1.246515e-04
1.254562e-04
1.262634e-04
1.270732e-04
1.278855e-04
1.287004e-04
1.295178e-04
1.303377e-04
1.311602e-04
1.319852e-04
1.328128e-04
1.336429e-04
1.344756e-04
1.353108e-04
1.361485e-04
1.369888e-04
1.378316e-04
1.386769e-04
1.395248e-04
1.403753e-04
1.412282e-04
1.420838e-04
1.429418e-04
1.438024e-04
1.446656e-04
1.455313e-04
1.463995e-04
1.472702e-04
1.481435e-04
1.490194e-04
1.498978e-04
1.507787e-04
1.516622e-04
1.525482e-04
1.534367e-04
1.543278e-04
1.552215e-04
1.561176e-04
1.570163e-04
1.579176e-04
1.588214e-04
1.597277e-04
1.606366e-04
1.615480e-04
1.624620e-04
1.633785e-04
1.642975e-04
1.652191e-04
1.661432e-04
1.670699e-04
1.679991e-04
1.689309e-04
1.698651e-04
1.708020e-04
1.717413e-04
1.726833e-04
1.736277e-04
1.745747e-04
1.755242e-04
1.764763e-04
1.774309e-04
1.783881e-04
1.793478e-04
1.803100e-04
1.812748e-04
1.822421e-04
1.832120e-04
1.841844e-04
1.851593e-04
1.861368e-04
1.871168e-04
1.880994e-04
1.890845e-04
1.900721e-04
1.910623e-04
1.920550e-04
1.930503e-04
1.940481e-04
1.950485e-04
1.960513e-04
1.970568e-04
1.980648e-04
1.990753e-04
2.000883e-04
2.011039e-04
2.021221e-04
2.031427e-04
2.041659e-04
2.051917e-04
2.062200e-04
2.072508e-04
2.082842e-04
2.093202e-04
2.103586e-04
2.113996e-04
2.124432e-04
2.134893e-04
2.145379e-04
2.155890e-04
2.166428e-04
2.176990e-04
2.187578e-04
2.198191e-04
2.208830e-04
2.219494e-04
2.230184e-04
2.240899e-04
2.251639e-04
2.262405e-04
2.273196e-04
2.284013e-04
2.294855e-04
2.305722e-04
2.316615e-04
2.327533e-04
2.338477e-04
2.349446e-04
2.360440e-04
2.371460e-04
2.382505e-04
2.393576e-04
2.404672e-04
2.415793e-04
2.426940e-04
2.438113e-04
2.449310e-04
2.460534e-04
2.471782e-04
2.483056e-04
2.494355e-04
2.505680e-04
2.517030e-04
2.528406e-04
2.539807e-04
2.551233e-04
2.562685e-04
2.574162e-04
2.585665e-04
2.597193e-04
2.608746e-04
2.620325e-04
2.631930e-04
2.643559e-04
2.655214e-04
2.666895e-04
2.678601e-04
2.690332e-04
2.702089e-04
2.713871e-04
2.725678e-04
2.737511e-04
2.749370e-04
2.761253e-04
2.773163e-04
2.785097e-04
2.797057e-04
2.809043e-04
2.821053e-04
2.833090e-04
2.845151e-04
2.857238e-04
2.869351e-04
2.881489e-04
2.893652e-04
2.905841e-04
2.918055e-04
2.930294e-04
2.942559e-04
2.954849e-04
2.967165e-04
2.979506e-04
2.991873e-04
3.004265e-04
3.016682e-04
3.029125e-04
3.041593e-04
3.054086e-04
3.066605e-04
3.079150e-04
3.091720e-04
3.104315e-04
3.116936e-04
3.129582e-04
3.142253e-04
3.154950e-04
3.167672e-04
3.180420e-04
3.193193e-04
3.205991e-04
3.218815e-04
3.231665e-04
3.244539e-04
3.257439e-04
3.270365e-04
3.283316e-04
3.296292e-04
3.309294e-04
3.322321e-04
3.335374e-04
3.348452e-04
3.361555e-04
3.374684e-04
3.387838e-04
3.401018e-04
3.414223e-04
3.427453e-04
3.440709e-04
3.453990e-04
3.467297e-04
3.480629e-04
3.493986e-04
3.507369e-04
3.520778e-04
3.534211e-04
3.547670e-04
3.561155e-04
3.574665e-04
3.588200e-04
3.601761e-04
3.615347e-04
3.628959e-04
3.642596e-04
3.656258e-04
3.669946e-04
3.683659e-04
3.697398e-04
3.711162e-04
3.724951e-04
3.738766e-04
3.752606e-04
3.766472e-04
3.780363e-04
3.794280e-04
3.808221e-04
3.822189e-04
3.836181e-04
3.850200e-04
3.864243e-04
3.878312e-04
3.892406e-04
3.906526e-04
3.920671e-04
3.934842e-04
3.949038e-04
3.963259e-04
3.977506e-04
3.991778e-04
4.006076e-04
4.020399e-04
4.034747e-04
4.049121e-04
4.063520e-04
4.077945e-04
4.092395e-04
4.106871e-04
4.121371e-04
4.135898e-04
4.150449e-04
4.165027e-04
4.179629e-04
4.194257e-04
4.208910e-04
4.223589e-04
4.238293e-04
4.253023e-04
4.267778e-04
4.282558e-04
4.297364e-04
4.312195e-04
4.327052e-04
4.341934e-04
4.356841e-04
4.371774e-04
4.386732e-04
4.401716e-04
4.416725e-04
4.431759e-04
4.446819e-04
4.461905e-04
4.477015e-04
4.492151e-04
4.507313e-04
4.522500e-04
4.537712e-04
4.552950e-04
4.568213e-04
4.583502e-04
4.598816e-04
4.614155e-04
4.629520e-04
4.644910e-04
4.660326e-04
4.675767e-04
4.691233e-04
4.706725e-04
4.722242e-04
4.737785e-04
4.753353e-04
4.768946e-04
4.784565e-04
4.800209e-04
4.815879e-04
4.831574e-04
4.847295e-04
4.863041e-04
4.878812e-04
4.894609e-04
4.910431e-04
4.926278e-04
4.942151e-04
4.958050e-04
4.973974e-04
4.989923e-04
5.005897e-04
5.021897e-04
5.037923e-04
5.053974e-04
5.070050e-04
5.086152e-04
5.102279e-04
5.118431e-04
5.134609e-04
5.150812e-04
5.167041e-04
5.183295e-04
5.199575e-04
5.215879e-04
5.232210e-04
5.248566e-04
5.264947e-04
5.281353e-04
5.297785e-04
5.314243e-04
5.330725e-04
5.347234e-04
5.363767e-04
5.380326e-04
5.396911e-04
5.413520e-04
5.430156e-04
5.446816e-04
5.463502e-04
5.480214e-04
5.496951e-04
5.513713e-04
5.530501e-04
5.547314e-04
5.564152e-04
5.581016e-04
5.597905e-04
5.614820e-04
5.631760e-04
5.648726e-04
5.665717e-04
5.682733e-04
5.699775e-04
5.716842e-04
5.733935e-04
5.751053e-04
5.768196e-04
5.785365e-04
5.802559e-04
5.819779e-04
5.837024e-04
5.854294e-04
5.871590e-04
5.888912e-04
5.906258e-04
5.923630e-04
5.941028e-04
5.958451e-04
5.975899e-04
5.993373e-04
6.010872e-04
6.028397e-04
6.045946e-04
6.063522e-04
6.081123e-04
6.098749e-04
6.116400e-04
6.134077e-04
6.151780e-04
6.169508e-04
6.187261e-04
6.205040e-04
6.222844e-04
6.240673e-04
6.258528e-04
6.276408e-04
6.294314e-04
6.312245e-04
6.330201e-04
6.348183e-04
6.366191e-04
6.384223e-04
6.402282e-04
6.420365e-04
6.438474e-04
6.456608e-04
6.474768e-04
6.492953e-04
6.511164e-04
6.529400e-04
6.547661e-04
6.565948e-04
6.584260e-04
6.602598e-04
6.620961e-04
6.639350e-04
6.657763e-04
6.676203e-04
6.694667e-04
6.713157e-04
6.731673e-04
6.750214e-04
6.768780e-04
6.787372e-04
6.805989e-04
6.824632e-04
6.843299e-04
6.861993e-04
6.880712e-04
6.899456e-04
6.918225e-04
6.937020e-04
6.955841e-04
6.974687e-04
6.993558e-04
7.012454e-04
7.031376e-04
7.050324e-04
7.069297e-04
7.088295e-04
7.107319e-04
7.126368e-04
7.145442e-04
7.164542e-04
7.183668e-04
7.202818e-04
7.221994e-04
7.241196e-04
7.260423e-04
7.279675e-04
7.298953e-04
7.318256e-04
7.337585e-04
7.356939e-04
7.376318e-04
7.395723e-04
7.415153e-04
7.434609e-04
7.454090e-04
7.473596e-04
7.493128e-04
7.512685e-04
7.532268e-04
7.551876e-04
7.571510e-04
7.591169e-04
7.610853e-04
7.630563e-04
7.650298e-04
7.670058e-04
7.689844e-04
7.709656e-04
7.729492e-04
7.749354e-04
7.769242e-04
7.789155e-04
7.809093e-04
7.829057e-04
7.849046e-04
7.869061e-04
7.889101e-04
7.909167e-04
7.929257e-04
7.949374e-04
7.969515e-04
7.989682e-04
8.009875e-04
8.030093e-04
8.050336e-04
8.070605e-04
8.090899e-04
8.111219e-04
8.131563e-04
8.151934e-04
8.172330e-04
8.192751e-04
8.213197e-04
8.233669e-04
8.254167e-04
8.274689e-04
8.295238e-04
8.315811e-04
8.336410e-04
8.357035e-04
8.377685e-04
8.398360e-04
8.419061e-04
8.439787e-04
8.460538e-04
8.481315e-04
8.502117e-04
8.522945e-04
8.543798e-04
8.564677e-04
8.585581e-04
8.606510e-04
8.627465e-04
8.648445e-04
8.669450e-04
8.690481e-04
8.711538e-04
8.732620e-04
8.753727e-04
8.774859e-04
8.796018e-04
8.817201e-04
8.838410e-04
8.859644e-04
8.880904e-04
8.902189e-04
8.923499e-04
8.944835e-04
8.966196e-04
8.987583e-04
9.008995e-04
9.030433e-04
9.051896e-04
9.073384e-04
9.094898e-04
9.116437e-04
9.138002e-04
9.159592e-04
9.181207e-04
9.202848e-04
9.224514e-04
9.246206e-04
9.267923e-04
9.289665e-04
9.311433e-04
9.333226e-04
9.355045e-04
9.376889e-04
9.398758e-04
9.420653e-04
9.442573e-04
9.464519e-04
9.486490e-04
9.508487e-04
9.530509e-04
9.552556e-04
9.574629e-04
9.596727e-04
9.618851e-04
9.641000e-04
9.663174e-04
9.685374e-04
9.707599e-04
9.729850e-04
9.752126e-04
9.774427e-04
9.796754e-04
9.819106e-04
9.841484e-04
9.863887e-04
9.886315e-04
9.908769e-04
9.931248e-04
9.953753e-04
9.976283e-04
9.998839e-04
1.002142e-03
1.004403e-03
1.006666e-03
1.008931e-03
1.011200e-03
1.013471e-03
1.015744e-03
1.018020e-03
1.020298e-03
1.022579e-03
1.024863e-03
1.027149e-03
1.029437e-03
1.031728e-03
1.034022e-03
1.036318e-03
1.038617e-03
1.040918e-03
1.043222e-03
1.045529e-03
1.047837e-03
1.050149e-03
1.052463e-03
1.054779e-03
1.057098e-03
1.059420e-03
1.061744e-03
1.064071e-03
1.066400e-03
1.068732e-03
1.071066e-03
1.073403e-03
1.075743e-03
1.078084e-03
1.080429e-03
1.082776e-03
1.085126e-03
1.087478e-03
1.089832e-03
1.092189e-03
1.094549e-03
1.096911e-03
1.099276e-03
1.101644e-03
1.104014e-03
1.106386e-03
1.108761e-03
1.111138e-03
1.113519e-03
1.115901e-03
1.118286e-03
1.120674e-03
1.123064e-03
1.125457e-03
1.127852e-03
1.130250e-03
1.132650e-03
1.135053e-03
1.137459e-03
1.139867e-03
1.142277e-03
1.144690e-03
1.147106e-03
1.149524e-03
1.151945e-03
1.154368e-03
1.156794e-03
1.159222e-03
1.161653e-03
1.164087e-03
1.166523e-03
1.168961e-03
1.171402e-03
1.173846e-03
1.176292e-03
1.178740e-03
1.181192e-03
1.183645e-03
1.186102e-03
1.188561e-03
1.191022e-03
1.193486e-03
1.195952e-03
1.198421e-03
1.200893e-03
1.203367e-03
1.205843e-03
1.208323e-03
1.210804e-03
1.213289e-03
1.215775e-03
1.218265e-03
1.220756e-03
1.223251e-03
1.225748e-03
1.228247e-03
1.230749e-03
1.233254e-03
1.235761e-03
1.238271e-03
1.240783e-03
1.243298e-03
1.245815e-03
1.248335e-03
1.250857e-03
1.253382e-03
1.255909e-03
1.258439e-03
1.260972e-03
1.263507e-03
1.266044e-03
1.268584e-03
1.271127e-03
1.273672e-03
1.276220e-03
1.278770e-03
1.281323e-03
1.283879e-03
1.286437e-03
1.288997e-03
1.291560e-03
1.294126e-03
1.296694e-03
1.299264e-03
1.301837e-03
1.304413e-03
1.306991e-03
1.309572e-03
1.312155e-03
1.314741e-03
1.317330e-03
1.319921e-03
1.322514e-03
1.325110e-03
1.327709e-03
1.330310e-03
1.332914e-03
1.335520e-03
1.338129e-03
1.340740e-03
1.343354e-03
1.345970e-03
1.348589e-03
1.351210e-03
1.353834e-03
1.356461e-03
1.359090e-03
1.361721e-03
1.364356e-03
1.366992e-03
1.369632e-03
1.372273e-03
1.374918e-03
1.377564e-03
1.380214e-03
1.382866e-03
1.385520e-03
1.388177e-03
1.390837e-03
1.393499e-03
1.396164e-03
1.398831e-03
1.401500e-03
1.404173e-03
1.406848e-03
1.409525e-03
1.412205e-03
1.414887e-03
1.417572e-03
1.420260e-03
1.422950e-03
1.425642e-03
1.428337e-03
1.431035e-03
1.433735e-03
1.436438e-03
1.439143e-03
1.441851e-03
1.444561e-03
1.447274e-03
1.449990e-03
1.452708e-03
1.455428e-03
1.458151e-03
1.460877e-03
1.463605e-03
1.466336e-03
1.469069e-03
1.471805e-03
1.474543e-03
1.477284e-03
1.480028e-03
1.482773e-03
1.485522e-03
1.488273e-03
1.491027e-03
1.493783e-03
1.496541e-03
1.499303e-03
1.502066e-03
1.504833e-03
1.507601e-03
1.510373e-03
1.513147e-03
1.515923e-03
1.518702e-03
1.521484e-03
1.524268e-03
1.527054e-03
1.529843e-03
1.532635e-03
1.535429e-03
1.538226e-03
1.541025e-03
1.543827e-03
1.546632e-03
1.549438e-03
1.552248e-03
1.555060e-03
1.557874e-03
1.560692e-03
1.563511e-03
1.566333e-03
1.569158e-03
1.571985e-03
1.574815e-03
1.577647e-03
1.580482e-03
1.583320e-03
1.586160e-03
1.589002e-03
1.591847e-03
1.594695e-03
1.597545e-03
1.600398e-03
1.603253e-03
1.606111e-03
1.608971e-03
1.611834e-03
1.614699e-03
1.617567e-03
1.620437e-03
1.623310e-03
1.626186e-03
1.629064e-03
1.631945e-03
1.634828e-03
1.637713e-03
1.640602e-03
1.643492e-03
1.646386e-03
1.649282e-03
1.652180e-03
1.655081e-03
1.657984e-03
1.660890e-03
1.663799e-03
1.666710e-03
1.669624e-03
1.672540e-03
1.675459e-03
1.678380e-03
1.681304e-03
1.684230e-03
1.687159e-03
1.690090e-03
1.693024e-03
1.695961e-03
1.698900e-03
1.701842e-03
1.704786e-03
1.707732e-03
1.710682e-03
1.713633e-03
1.716588e-03
1.719544e-03
1.722504e-03
1.725466e-03
1.728430e-03
1.731397e-03
1.734367e-03
1.737339e-03
1.740313e-03
1.743291e-03
1.746270e-03
1.749253e-03
1.752237e-03
1.755225e-03
1.758215e-03
1.761207e-03
1.764202e-03
1.767199e-03
1.770199e-03
1.773202e-03
1.776207e-03
1.779215e-03
1.782225e-03
1.785238e-03
1.788253e-03
1.791271e-03
1.794291e-03
1.797314e-03
1.800340e-03
1.803368e-03
1.806398e-03
1.809431e-03
1.812467e-03
1.815505e-03
1.818546e-03
1.821589e-03
1.824635e-03
1.827683e-03
1.830734e-03
1.833787e-03
1.836843e-03
1.839902e-03
1.842963e-03
1.846026e-03
1.849092e-03
1.852161e-03
1.855232e-03
1.858306e-03
1.861382e-03
1.864461e-03
1.867542e-03
1.870626e-03
1.873712e-03
1.876801e-03
1.879893e-03
1.882987e-03
1.886084e-03
1.889183e-03
1.892284e-03
1.895389e-03
1.898495e-03
1.901605e-03
1.904716e-03
1.907831e-03
1.910948e-03
1.914067e-03
1.917189e-03
1.920314e-03
1.923441e-03
1.926570e-03
1.929703e-03
1.932837e-03
1.935975e-03
1.939114e-03
1.942257e-03
1.945402e-03
1.948549e-03
1.951699e-03
1.954851e-03
1.958006e-03
1.961164e-03
1.964324e-03
1.967487e-03
1.970652e-03
1.973820e-03
1.976990e-03
1.980163e-03
1.983338e-03
1.986516e-03
1.989696e-03
1.992879e-03
1.996065e-03
1.999253e-03
2.002444e-03
2.005637e-03
2.008832e-03
2.012031e-03
2.015231e-03
2.018435e-03
2.021641e-03
2.024849e-03
2.028060e-03
2.031273e-03
2.034489e-03
2.037708e-03
2.040929e-03
2.044153e-03
2.047379e-03
2.050608e-03
2.053839e-03
2.057073e-03
2.060309e-03
2.063548e-03
2.066789e-03
2.070033e-03
2.073280e-03
2.076529e-03
2.079780e-03
2.083034e-03
2.086291e-03
2.089550e-03
2.092812e-03
2.096076e-03
2.099343e-03
2.102612e-03
2.105884e-03
2.109159e-03
2.112436e-03
2.115715e-03
2.118997e-03
2.122282e-03
2.125569e-03
2.128859e-03
2.132151e-03
2.135446e-03
2.138743e-03
2.142043e-03
2.145346e-03
2.148650e-03
2.151958e-03
2.155268e-03
2.158581e-03
2.161896e-03
2.165213e-03
2.168533e-03
2.171856e-03
2.175181e-03
2.178509e-03
2.181840e-03
2.185173e-03
2.188508e-03
2.191846e-03
2.195186e-03
2.198529e-03
2.201875e-03
2.205223e-03
2.208574e-03
2.211927e-03
2.215283e-03
2.218641e-03
2.222002e-03
2.225365e-03
2.228731e-03
2.232100e-03
2.235471e-03
2.238844e-03
2.242220e-03
2.245599e-03
2.248980e-03
2.252364e-03
2.255750e-03
2.259139e-03
2.262530e-03
2.265924e-03
2.269321e-03
2.272720e-03
2.276121e-03
2.279525e-03
2.282932e-03
2.286341e-03
2.289752e-03
2.293167e-03
2.296583e-03
2.300003e-03
2.303424e-03
2.306849e-03
2.310276e-03
2.313705e-03
2.317137e-03
2.320572e-03
2.324009e-03
2.327448e-03
2.330891e-03
2.334335e-03
2.337782e-03
2.341232e-03
2.344685e-03
2.348139e-03
2.351597e-03
2.355057e-03
2.358519e-03
2.361984e-03
2.365452e-03
2.368922e-03
2.372395e-03
2.375870e-03
2.379347e-03
2.382828e-03
2.386310e-03
2.389796e-03
2.393284e-03
2.396774e-03
2.400267e-03
2.403763e-03
2.407261e-03
2.410761e-03
2.414264e-03
2.417770e-03
2.421278e-03
2.424789e-03
2.428302e-03
2.431818e-03
2.435337e-03
2.438857e-03
2.442381e-03
2.445907e-03
2.449435e-03
2.452967e-03
2.456500e-03
2.460036e-03
2.463575e-03
2.467116e-03
2.470660e-03
2.474206e-03
2.477755e-03
2.481307e-03
2.484861e-03
2.488417e-03
2.491976e-03
2.495538e-03
2.499102e-03
2.502668e-03
2.506238e-03
2.509809e-03
2.513384e-03
2.516960e-03
2.520540e-03
2.524122e-03
2.527706e-03
2.531293e-03
2.534883e-03
2.538475e-03
2.542069e-03
2.545666e-03
2.549266e-03
2.552868e-03
2.556473e-03
2.560080e-03
2.563690e-03
2.567303e-03
2.570918e-03
2.574535e-03
2.578155e-03
2.581778e-03
2.585403e-03
2.589030e-03
2.592661e-03
2.596293e-03
2.599929e-03
2.603566e-03
2.607207e-03
2.610850e-03
2.614495e-03
2.618143e-03
2.621793e-03
2.625446e-03
2.629102e-03
2.632760e-03
2.636421e-03
2.640084e-03
2.643750e-03
2.647418e-03
2.651089e-03
2.654762e-03
2.658438e-03
2.662117e-03
2.665798e-03
2.669481e-03
2.673167e-03
2.676856e-03
2.680547e-03
2.684241e-03
2.687937e-03
2.691636e-03
2.695337e-03
2.699041e-03
2.702747e-03
2.706456e-03
2.710168e-03
2.713882e-03
2.717598e-03
2.721317e-03
2.725039e-03
2.728763e-03
2.732490e-03
2.736219e-03
2.739951e-03
2.743685e-03
2.747422e-03
2.751162e-03
2.754904e-03
2.758648e-03
2.762395e-03
2.766145e-03
2.769897e-03
2.773652e-03
2.777409e-03
2.781169e-03
2.784931e-03
2.788696e-03
2.792463e-03
2.796233e-03
2.800006e-03
2.803781e-03
2.807558e-03
2.811338e-03
2.815121e-03
2.818906e-03
2.822694e-03
2.826484e-03
2.830277e-03
2.834072e-03
2.837870e-03
2.841671e-03
2.845473e-03
2.849279e-03
2.853087e-03
2.856898e-03
2.860711e-03
2.864526e-03
2.868345e-03
2.872165e-03
2.875989e-03
2.879814e-03
2.883643e-03
2.887474e-03
2.891307e-03
2.895143e-03
2.898982e-03
2.902823e-03
2.906666e-03
2.910512e-03
2.914361e-03
2.918212e-03
2.922066e-03
2.925923e-03
2.929781e-03
2.933643e-03
2.937507e-03
2.941373e-03
2.945242e-03
2.949114e-03
2.952988e-03
2.956865e-03
2.960744e-03
2.964625e-03
2.968510e-03
2.972396e-03
2.976286e-03
2.980178e-03
2.984072e-03
2.987969e-03
2.991869e-03
2.995771e-03
2.999675e-03
3.003582e-03
3.007492e-03
3.011404e-03
3.015319e-03
3.019236e-03
3.022491e-03
3.025734e-03
3.028964e-03
3.032181e-03
3.035385e-03
3.038577e-03
3.041756e-03
3.044922e-03
3.048076e-03
3.051217e-03
3.054345e-03
3.057461e-03
3.060564e-03
3.063655e-03
3.066732e-03
3.069797e-03
3.072850e-03
3.075889e-03
3.078916e-03
3.081931e-03
3.084932e-03
3.087921e-03
3.090898e-03
3.093861e-03
3.096812e-03
3.099751e-03
3.102676e-03
3.105589e-03
3.108490e-03
3.111377e-03
3.114252e-03
3.117115e-03
3.119964e-03
3.122801e-03
3.125625e-03
3.128437e-03
3.131236e-03
3.134022e-03
3.136796e-03
3.139557e-03
3.142305e-03
3.145041e-03
3.147764e-03
3.150474e-03
3.153171e-03
3.155856e-03
3.158529e-03
3.161188e-03
3.163835e-03
3.166469e-03
3.169091e-03
3.171700e-03
3.174296e-03
3.176879e-03
3.179450e-03
3.182009e-03
3.184554e-03
3.187087e-03
3.189607e-03
3.192115e-03
3.194610e-03
3.197092e-03
3.199561e-03
3.202018e-03
3.204462e-03
3.206894e-03
3.209313e-03
3.211719e-03
3.214112e-03
3.216493e-03
3.218861e-03
3.221217e-03
3.223559e-03
3.225889e-03
3.228207e-03
3.230512e-03
3.232804e-03
3.235083e-03
3.237350e-03
3.239604e-03
3.241846e-03
3.244074e-03
3.246290e-03
3.248494e-03
3.250685e-03
3.252863e-03
3.255028e-03
3.257181e-03
3.259321e-03
3.261448e-03
3.263563e-03
3.265665e-03
3.267755e-03
3.269831e-03
3.271895e-03
3.273947e-03
3.275985e-03
3.278011e-03
3.280025e-03
3.282025e-03
3.284013e-03
3.285989e-03
3.287951e-03
3.289901e-03
3.291839e-03
3.293764e-03
3.295676e-03
3.297575e-03
3.299461e-03
3.301335e-03
3.303197e-03
3.305045e-03
3.306881e-03
3.308705e-03
3.310515e-03
3.312313e-03
3.314099e-03
3.315871e-03
3.317631e-03
3.319378e-03
3.321113e-03
3.322835e-03
3.324544e-03
3.326241e-03
3.327925e-03
3.329596e-03
3.331255e-03
3.332900e-03
3.334534e-03
3.336154e-03
3.337762e-03
3.339357e-03
3.340940e-03
3.342510e-03
3.344067e-03
3.345612e-03
3.347144e-03
3.348663e-03
3.350169e-03
3.351663e-03
3.353144e-03
3.354613e-03
3.356069e-03
3.357512e-03
3.358942e-03
3.360360e-03
3.361765e-03
3.363158e-03
3.364538e-03
3.365905e-03
3.367259e-03
3.368601e-03
3.369930e-03
3.371247e-03
3.372551e-03
3.373842e-03
3.375120e-03
3.376386e-03
3.377639e-03
3.378880e-03
3.380107e-03
3.381322e-03
3.382525e-03
3.383715e-03
3.384892e-03
3.386056e-03
3.387208e-03
3.388347e-03
3.389473e-03
3.390587e-03
3.391688e-03
3.392777e-03
3.393852e-03
3.394915e-03
3.395966e-03
3.397003e-03
3.398029e-03
3.399041e-03
3.400041e-03
3.401028e-03
3.402002e-03
3.402964e-03
3.403913e-03
3.404849e-03
3.405773e-03
3.406684e-03
3.407582e-03
3.408468e-03
3.409341e-03
3.410201e-03
3.411049e-03
3.411884e-03
3.412706e-03
3.413516e-03
3.414313e-03
3.415097e-03
3.415869e-03
3.416628e-03
3.417374e-03
3.418107e-03
3.418828e-03
3.419537e-03
3.420232e-03
3.420915e-03
3.421586e-03
3.422243e-03
3.422888e-03
3.423520e-03
3.424140e-03
3.424747e-03
3.425341e-03
3.425923e-03
3.426492e-03
3.427048e-03
3.427591e-03
3.428122e-03
3.428640e-03
3.429146e-03
3.429639e-03
3.430119e-03
3.430587e-03
3.431041e-03
3.431484e-03
3.431913e-03
3.432330e-03
3.432734e-03
3.433126e-03
3.433505e-03
3.433871e-03
3.434224e-03
3.434565e-03
3.434893e-03
3.435209e-03
3.435511e-03
3.435802e-03
3.436079e-03
3.436344e-03
3.436596e-03
3.436836e-03
3.437062e-03
3.437276e-03
3.437478e-03
3.437667e-03
3.437843e-03
3.438006e-03
3.438157e-03
3.438295e-03
3.438421e-03
3.438533e-03
3.438633e-03
3.438721e-03
3.438796e-03
3.438858e-03
3.438907e-03
3.438944e-03
3.438968e-03
3.438979e-03
3.438978e-03
3.438964e-03
3.438937e-03
3.438898e-03
3.438846e-03
3.438781e-03
3.438704e-03
3.438614e-03
3.438511e-03
3.438396e-03
3.438268e-03
3.438128e-03
3.437974e-03
3.437808e-03
3.437630e-03
3.437438e-03
3.437234e-03
3.437017e-03
3.436788e-03
3.436546e-03
3.436291e-03
3.436024e-03
3.435744e-03
3.435451e-03
3.435146e-03
3.434828e-03
3.434497e-03
3.434154e-03
3.433798e-03
3.433429e-03
3.433048e-03
3.432654e-03
3.432247e-03
3.431827e-03
3.431395e-03
3.430951e-03
3.430493e-03
3.430023e-03
3.429540e-03
3.429045e-03
3.428537e-03
3.428016e-03
3.427482e-03
3.427158e-03
3.427158e-03
3.427158e-03
3.427158e-03
3.427158e-03
3.427158e-03
3.427158e-03
3.427158e-03
3.427158e-03
3.427158e-03
3.427158e-03
3.427158e-03
3.427158e-03
3.427158e-03
3.427158e-03
3.427158e-03
3.427158e-03
3.427158e-03
3.427158e-03
3.427158e-03
3.427158e-03
3.427158e-03
3.427158e-03
3.427158e-03
3.427158e-03
3.427158e-03
3.427158e-03
3.427158e-03
3.427158e-03
3.427158e-03
3.427158e-03
3.427158e-03
3.427158e-03
3.427158e-03
3.427158e-03
3.427158e-03
3.427158e-03
3.427158e-03
3.427158e-03
3.427158e-03
3.427158e-03
3.427158e-03
3.427158e-03
3.427158e-03
3.427158e-03
3.427158e-03
3.427158e-03
3.427158e-03
3.427158e-03
3.427158e-03
3.427158e-03
3.427158e-03
3.427158e-03
3.427158e-03
3.427158e-03
3.427158e-03
3.427158e-03
3.427158e-03
3.427158e-03
3.427158e-03
3.427158e-03
3.427158e-03
3.427158e-03
3.427158e-03
3.427158e-03
3.427158e-03
3.427158e-03
3.427158e-03
3.427158e-03
3.427158e-03
3.427158e-03
3.427158e-03
3.427158e-03
3.427158e-03
3.427158e-03
3.427158e-03
3.427158e-03
3.427158e-03
3.427158e-03
3.427158e-03
3.427158e-03
3.427158e-03
3.427158e-03
3.427158e-03
3.427158e-03
3.427158e-03
3.427158e-03
3.427158e-03
3.427158e-03
3.427158e-03
3.427158e-03
3.427158e-03
3.427158e-03
3.427158e-03
3.427158e-03
3.427158e-03
3.427158e-03
3.427158e-03
3.427158e-03
3.427158e-03
3.427158e-03
3.427158e-03
3.427158e-03
3.427158e-03
3.427158e-03
3.427158e-03
3.427158e-03
3.427158e-03
3.427158e-03
3.427158e-03
3.427158e-03
3.427158e-03
3.427158e-03
3.427158e-03
3.427158e-03
3.427158e-03
3.427158e-03
3.427158e-03
3.427158e-03
3.427158e-03
3.427158e-03
3.427158e-03
3.427158e-03
3.427158e-03
3.427158e-03
3.427158e-03
3.427158e-03
3.427158e-03
3.427158e-03
3.427158e-03
3.427158e-03
3.427158e-03
3.427158e-03
3.427158e-03
3.427158e-03
3.427158e-03
3.427158e-03
3.427158e-03
3.427158e-03
3.427158e-03
3.427158e-03
3.427158e-03
3.427158e-03
3.427158e-03
3.427158e-03
3.427158e-03
3.427158e-03
3.427158e-03
3.427158e-03
3.427158e-03
3.427158e-03
3.427158e-03
3.427158e-03
3.427158e-03
3.427158e-03
3.427158e-03
3.427158e-03
3.427158e-03
3.427158e-03
3.427158e-03
3.427158e-03
3.427158e-03
3.427158e-03
3.427158e-03
3.427158e-03
3.427158e-03
3.427158e-03
3.427158e-03
3.427158e-03
3.427158e-03
3.427158e-03
3.427158e-03
3.427158e-03
3.427158e-03
3.427158e-03
3.427158e-03
3.427158e-03
3.427158e-03
3.427158e-03
3.427158e-03
3.427158e-03
3.427158e-03
3.427158e-03
3.427158e-03
3.427158e-03
3.427158e-03
3.427158e-03
3.427158e-03
3.427158e-03
3.427158e-03
3.427158e-03
3.427158e-03
3.427158e-03
3.427158e-03
3.427158e-03
3.427158e-03
3.427158e-03
3.427158e-03
3.427158e-03
3.427158e-03
3.427158e-03
