0.000000e+00
1.110371e-07
2.243874e-07
3.400511e-07
4.580280e-07
5.783182e-07
7.009216e-07
8.258383e-07
9.530683e-07
1.082612e-06
1.214468e-06
1.348638e-06
1.485121e-06
1.623917e-06
1.765027e-06
1.908450e-06
2.054186e-06
2.202236e-06
2.352598e-06
2.505274e-06
2.660264e-06
2.817566e-06
2.977182e-06
3.139111e-06
3.303353e-06
3.469909e-06
3.638778e-06
3.809960e-06
3.983455e-06
4.159264e-06
4.337386e-06
4.517821e-06
4.700570e-06
4.885632e-06
5.073007e-06
5.262695e-06
5.454697e-06
5.649012e-06
5.845640e-06
6.044581e-06
6.245836e-06
6.449404e-06
6.655285e-06
6.863480e-06
7.073988e-06
7.286809e-06
7.501943e-06
7.719391e-06
7.939152e-06
8.161226e-06
8.385613e-06
8.612314e-06
8.841328e-06
9.072655e-06
9.306296e-06
9.542250e-06
9.780517e-06
1.002110e-05
1.026399e-05
1.050920e-05
1.075672e-05
1.100655e-05
1.125870e-05
1.151316e-05
1.176993e-05
1.202902e-05
1.229042e-05
1.255413e-05
1.282016e-05
1.308850e-05
1.335915e-05
1.363212e-05
1.390740e-05
1.418499e-05
1.446489e-05
1.474711e-05
1.503165e-05
1.531849e-05
1.560765e-05
1.589912e-05
1.619291e-05
1.648901e-05
1.678742e-05
1.708814e-05
1.739118e-05
1.769654e-05
1.800420e-05
1.831418e-05
1.862647e-05
1.894108e-05
1.925799e-05
1.957723e-05
1.989877e-05
2.022263e-05
2.054880e-05
2.087729e-05
2.120808e-05
2.154119e-05
2.187662e-05
2.221436e-05
2.255441e-05
2.289677e-05
2.324145e-05
2.358844e-05
2.393775e-05
2.428936e-05
2.464329e-05
2.499954e-05
2.535809e-05
2.571897e-05
2.608215e-05
2.644765e-05
2.681546e-05
2.718558e-05
2.755802e-05
2.793277e-05
2.830983e-05
2.868921e-05
2.907090e-05
2.945490e-05
2.984122e-05
3.022985e-05
3.062079e-05
3.101405e-05
3.140962e-05
3.180750e-05
3.220769e-05
3.261020e-05
3.301503e-05
3.342216e-05
3.383161e-05
3.424337e-05
3.465745e-05
3.507384e-05
3.549254e-05
3.591356e-05
3.633689e-05
3.676253e-05
3.719048e-05
3.762075e-05
3.805333e-05
3.848823e-05
3.892544e-05
3.936496e-05
3.980680e-05
4.025094e-05
4.069741e-05
4.114618e-05
4.159727e-05
4.205067e-05
4.250638e-05
4.296441e-05
4.342475e-05
4.388741e-05
4.435238e-05
4.481966e-05
4.528925e-05
4.576116e-05
4.623538e-05
4.671191e-05
4.719076e-05
4.767192e-05
4.815540e-05
4.864118e-05
4.912928e-05
4.961970e-05
5.011243e-05
5.060747e-05
5.110482e-05
5.160449e-05
5.210647e-05
5.261076e-05
5.311737e-05
5.362629e-05
5.413752e-05
5.465107e-05
5.516693e-05
5.568510e-05
5.620559e-05
5.672838e-05
5.725350e-05
5.778092e-05
5.831066e-05
5.884272e-05
5.937708e-05
5.991376e-05
6.045275e-05
6.099406e-05
6.153768e-05
6.208361e-05
6.263186e-05
6.318242e-05
6.373529e-05
6.429047e-05
6.484797e-05
6.540778e-05
6.596991e-05
6.653435e-05
6.710110e-05
6.767016e-05
6.824154e-05
6.881523e-05
6.939124e-05
6.996956e-05
7.055019e-05
7.113313e-05
7.171839e-05
7.230596e-05
7.289585e-05
7.348805e-05
7.408256e-05
7.467938e-05
7.527852e-05
7.587997e-05
7.648373e-05
7.708981e-05
7.769820e-05
7.830891e-05
7.892192e-05
7.953725e-05
8.015490e-05
8.077485e-05
8.139712e-05
8.202171e-05
8.264860e-05
8.327781e-05
8.390934e-05
8.454317e-05
8.517932e-05
8.581779e-05
8.645856e-05
8.710165e-05
8.774706e-05
8.839477e-05
8.904480e-05
8.969715e-05
9.035180e-05
9.100877e-05
9.166805e-05
9.232965e-05
9.299356e-05
9.365978e-05
9.432832e-05
9.499917e-05
9.567233e-05
9.634781e-05
9.702559e-05
9.770570e-05
9.838811e-05
9.907284e-05
9.975988e-05
1.004492e-04
1.011409e-04
1.018349e-04
1.025312e-04
1.032298e-04
1.039307e-04
1.046339e-04
1.053395e-04
1.060474e-04
1.067575e-04
1.074700e-04
1.081848e-04
1.089019e-04
1.096214e-04
1.103431e-04
1.110672e-04
1.117935e-04
1.125222e-04
1.132532e-04
1.139865e-04
1.147221e-04
1.154601e-04
1.162003e-04
1.169429e-04
1.176877e-04
1.184349e-04
1.191844e-04
1.199362e-04
1.206904e-04
1.214468e-04
1.222056e-04
1.229666e-04
1.237300e-04
1.244957e-04
1.252637e-04
1.260340e-04
1.268067e-04
1.275816e-04
1.283589e-04
1.291384e-04
1.299203e-04
1.307045e-04
1.314910e-04
1.322799e-04
1.330710e-04
1.338645e-04
1.346602e-04
1.354583e-04
1.362587e-04
1.370614e-04
1.378664e-04
1.386738e-04
1.394834e-04
1.402954e-04
1.411096e-04
1.419262e-04
1.427451e-04
1.435663e-04
1.443899e-04
1.452157e-04
1.460438e-04
1.468743e-04
1.477071e-04
1.485422e-04
1.493796e-04
1.502193e-04
1.510613e-04
1.519057e-04
1.527523e-04
1.536013e-04
1.544526e-04
1.553062e-04
1.561621e-04
1.570203e-04
1.578809e-04
1.587437e-04
1.596089e-04
1.604763e-04
1.613461e-04
1.622182e-04
1.630927e-04
1.639694e-04
1.648484e-04
1.657298e-04
1.666135e-04
1.674994e-04
1.683877e-04
1.692784e-04
1.701713e-04
1.710665e-04
1.719641e-04
1.728639e-04
1.737661e-04
1.746706e-04
1.755774e-04
1.764865e-04
1.773979e-04
1.783117e-04
1.792277e-04
1.801461e-04
1.810668e-04
1.819898e-04
1.829151e-04
1.838427e-04
1.847727e-04
1.857049e-04
1.866395e-04
1.875763e-04
1.885155e-04
1.894570e-04
1.904008e-04
1.913470e-04
1.922954e-04
1.932462e-04
1.941992e-04
1.951546e-04
1.961123e-04
1.970723e-04
1.980346e-04
1.989993e-04
1.999662e-04
2.009355e-04
2.019071e-04
2.028809e-04
2.038572e-04
2.048357e-04
2.058165e-04
2.067996e-04
2.077851e-04
2.087729e-04
2.097629e-04
2.107553e-04
2.117500e-04
2.127471e-04
2.137464e-04
2.147480e-04
2.157520e-04
2.167583e-04
2.177669e-04
2.187778e-04
2.197910e-04
2.208065e-04
2.218243e-04
2.228445e-04
2.238670e-04
2.248917e-04
2.259188e-04
2.269482e-04
2.279800e-04
2.290140e-04
2.300503e-04
2.310890e-04
2.321300e-04
2.331733e-04
2.342189e-04
2.352668e-04
2.363170e-04
2.373695e-04
2.384244e-04
2.394815e-04
2.405410e-04
2.416028e-04
2.426669e-04
2.437333e-04
2.448021e-04
2.458731e-04
2.469465e-04
2.480222e-04
2.491001e-04
2.501804e-04
2.512630e-04
2.523480e-04
2.534352e-04
2.545248e-04
2.556166e-04
2.567108e-04
2.578073e-04
2.589061e-04
2.600072e-04
2.611106e-04
2.622164e-04
2.633245e-04
2.644348e-04
2.655475e-04
2.666625e-04
2.677798e-04
2.688994e-04
2.700214e-04
2.711456e-04
2.722722e-04
2.734011e-04
2.745323e-04
2.756658e-04
2.768016e-04
2.779397e-04
2.790802e-04
2.802229e-04
2.813680e-04
2.825154e-04
2.836651e-04
2.848171e-04
2.859714e-04
2.871280e-04
2.882870e-04
2.894482e-04
2.906118e-04
2.917777e-04
2.929459e-04
2.941164e-04
2.952893e-04
2.964644e-04
2.976418e-04
2.988216e-04
3.000037e-04
3.011881e-04
3.023748e-04
3.035638e-04
3.047552e-04
3.059488e-04
3.071448e-04
3.083430e-04
3.095436e-04
3.107465e-04
3.119518e-04
3.131593e-04
3.143691e-04
3.155813e-04
3.167957e-04
3.180125e-04
3.192316e-04
3.204530e-04
3.216768e-04
3.229028e-04
3.241311e-04
3.253618e-04
3.265948e-04
3.278301e-04
3.290677e-04
3.303076e-04
3.315498e-04
3.327943e-04
3.340412e-04
3.352904e-04
3.365418e-04
3.377956e-04
3.390517e-04
3.403102e-04
3.415709e-04
3.428339e-04
3.440993e-04
3.453670e-04
3.466370e-04
3.479093e-04
3.491839e-04
3.504608e-04
3.517400e-04
3.530216e-04
3.543055e-04
3.555916e-04
3.568801e-04
3.581709e-04
3.594641e-04
3.607595e-04
3.620572e-04
3.633573e-04
3.646597e-04
3.659644e-04
3.672714e-04
3.685807e-04
3.698923e-04
3.712062e-04
3.725225e-04
3.738411e-04
3.751619e-04
3.764851e-04
3.778106e-04
3.791384e-04
3.804686e-04
3.818010e-04
3.831358e-04
3.844729e-04
3.858122e-04
3.871539e-04
3.884979e-04
3.898443e-04
3.911929e-04
3.925439e-04
3.938971e-04
3.952527e-04
3.966106e-04
3.979708e-04
3.993333e-04
4.006981e-04
4.020653e-04
4.034347e-04
4.048065e-04
4.061806e-04
4.075570e-04
4.089357e-04
4.103167e-04
4.117001e-04
4.130857e-04
4.144737e-04
4.158640e-04
4.172566e-04
4.186515e-04
4.200487e-04
4.214482e-04
4.228500e-04
4.242542e-04
4.256607e-04
4.270695e-04
4.284806e-04
4.298940e-04
4.313097e-04
4.327277e-04
4.341481e-04
4.355707e-04
4.369957e-04
4.384230e-04
4.398526e-04
4.412845e-04
4.427187e-04
4.441553e-04
4.455941e-04
4.470353e-04
4.484788e-04
4.499246e-04
4.513727e-04
4.528231e-04
4.542759e-04
4.557309e-04
4.571883e-04
4.586479e-04
4.601099e-04
4.615742e-04
4.630408e-04
4.645098e-04
4.659810e-04
4.674546e-04
4.689304e-04
4.704086e-04
4.718891e-04
4.733719e-04
4.748570e-04
4.763445e-04
4.778342e-04
4.793263e-04
4.808207e-04
4.823173e-04
4.838163e-04
4.853177e-04
4.868213e-04
4.883272e-04
4.898355e-04
4.913460e-04
4.928589e-04
4.943741e-04
4.958916e-04
4.974114e-04
4.989336e-04
5.004580e-04
5.019848e-04
5.035139e-04
5.050452e-04
5.065789e-04
5.081150e-04
5.096533e-04
5.111939e-04
5.127369e-04
5.142821e-04
5.158297e-04
5.173796e-04
5.189318e-04
5.204863e-04
5.220432e-04
5.236023e-04
5.251638e-04
5.267276e-04
5.282936e-04
5.298620e-04
5.314327e-04
5.330058e-04
5.345811e-04
5.361588e-04
5.377387e-04
5.393210e-04
5.409056e-04
5.424925e-04
5.440817e-04
5.456733e-04
5.472671e-04
5.488633e-04
5.504617e-04
5.520625e-04
5.536656e-04
5.552710e-04
5.568787e-04
5.584888e-04
5.601011e-04
5.617158e-04
5.633328e-04
5.649521e-04
5.665737e-04
5.681976e-04
5.698238e-04
5.714524e-04
5.730832e-04
5.747164e-04
5.763519e-04
5.779897e-04
5.796298e-04
5.812722e-04
5.829169e-04
5.845640e-04
5.862134e-04
5.878650e-04
5.895190e-04
5.911753e-04
5.928339e-04
5.944949e-04
5.961581e-04
5.978237e-04
5.994915e-04
6.011617e-04
6.028342e-04
6.045090e-04
6.061862e-04
6.078656e-04
6.095473e-04
6.112314e-04
6.129178e-04
6.146065e-04
6.162975e-04
6.179908e-04
6.196864e-04
6.213844e-04
6.230846e-04
6.247872e-04
6.264921e-04
6.281993e-04
6.299088e-04
6.316206e-04
6.333347e-04
6.350512e-04
6.367699e-04
6.384910e-04
6.402144e-04
6.419401e-04
6.436681e-04
6.453984e-04
6.471311e-04
6.488660e-04
6.506033e-04
6.523429e-04
6.540848e-04
6.558290e-04
6.575755e-04
6.593243e-04
6.610755e-04
6.628289e-04
6.645847e-04
6.663428e-04
6.681032e-04
6.698659e-04
6.716309e-04
6.733983e-04
6.751679e-04
6.769399e-04
6.787142e-04
6.804908e-04
6.822697e-04
6.840509e-04
6.858344e-04
6.876203e-04
6.894084e-04
6.911989e-04
6.929917e-04
6.947868e-04
6.965842e-04
6.983839e-04
7.001860e-04
7.019903e-04
7.037970e-04
7.056060e-04
7.074173e-04
7.092309e-04
7.110468e-04
7.128650e-04
7.146856e-04
7.165084e-04
7.183336e-04
7.201611e-04
7.219909e-04
7.238230e-04
7.256574e-04
7.274942e-04
7.293332e-04
7.311746e-04
7.330183e-04
7.348643e-04
7.367126e-04
7.385632e-04
7.404161e-04
7.422714e-04
7.441289e-04
7.459888e-04
7.478510e-04
7.497155e-04
7.515823e-04
7.534514e-04
7.553228e-04
7.571966e-04
7.590727e-04
7.609510e-04
7.628317e-04
7.647147e-04
7.666000e-04
7.684877e-04
7.703776e-04
7.722699e-04
7.741644e-04
7.760613e-04
7.779605e-04
7.798620e-04
7.817659e-04
7.836720e-04
7.855804e-04
7.874912e-04
7.894043e-04
7.913197e-04
7.932374e-04
7.951574e-04
7.970797e-04
7.990044e-04
8.009313e-04
8.028606e-04
8.047922e-04
8.067261e-04
8.086623e-04
8.106008e-04
8.125416e-04
8.144848e-04
8.164303e-04
8.183780e-04
8.203281e-04
8.222805e-04
8.242352e-04
8.261923e-04
8.281516e-04
8.301133e-04
8.320772e-04
8.340435e-04
8.360121e-04
8.379830e-04
8.399562e-04
8.419318e-04
8.439096e-04
8.458898e-04
8.478723e-04
8.498570e-04
8.518441e-04
8.538336e-04
8.558253e-04
8.578193e-04
8.598157e-04
8.618143e-04
8.638153e-04
8.658186e-04
8.678242e-04
8.698321e-04
8.718424e-04
8.738549e-04
8.758698e-04
8.778870e-04
8.799065e-04
8.819283e-04
8.839524e-04
8.859788e-04
8.880075e-04
8.900386e-04
8.920720e-04
8.941076e-04
8.961456e-04
8.981859e-04
9.002286e-04
9.022735e-04
9.043207e-04
9.063703e-04
9.084222e-04
9.104763e-04
9.125328e-04
9.145917e-04
9.166528e-04
9.187162e-04
9.207820e-04
9.228500e-04
9.249204e-04
9.269931e-04
9.290681e-04
9.311454e-04
9.332251e-04
9.353070e-04
9.373913e-04
9.394778e-04
9.415667e-04
9.436579e-04
9.457514e-04
9.478473e-04
9.499454e-04
9.520459e-04
9.541486e-04
9.562537e-04
9.583611e-04
9.604708e-04
9.625828e-04
9.646971e-04
9.668138e-04
9.689327e-04
9.710540e-04
9.731776e-04
9.753035e-04
9.774317e-04
9.795622e-04
9.816951e-04
9.838302e-04
9.859677e-04
9.881075e-04
9.902496e-04
9.923940e-04
9.945407e-04
9.966897e-04
9.988411e-04
1.000995e-03
1.003151e-03
1.005309e-03
1.007470e-03
1.009632e-03
1.011798e-03
1.013965e-03
1.016135e-03
1.018307e-03
1.020482e-03
1.022659e-03
1.024838e-03
1.027019e-03
1.029203e-03
1.031389e-03
1.033577e-03
1.035768e-03
1.037961e-03
1.040156e-03
1.042354e-03
1.044554e-03
1.046756e-03
1.048960e-03
1.051167e-03
1.053376e-03
1.055588e-03
1.057802e-03
1.060018e-03
1.062236e-03
1.064457e-03
1.066680e-03
1.068905e-03
1.071133e-03
1.073363e-03
1.075595e-03
1.077830e-03
1.080067e-03
1.082306e-03
1.084548e-03
1.086792e-03
1.089038e-03
1.091286e-03
1.093537e-03
1.095790e-03
1.098046e-03
1.100304e-03
1.102564e-03
1.104826e-03
1.107091e-03
1.109358e-03
1.111627e-03
1.113899e-03
1.116173e-03
1.118449e-03
1.120727e-03
1.123008e-03
1.125291e-03
1.127577e-03
1.129865e-03
1.132155e-03
1.134447e-03
1.136742e-03
1.139039e-03
1.141339e-03
1.143640e-03
1.145944e-03
1.148251e-03
1.150559e-03
1.152870e-03
1.155184e-03
1.157499e-03
1.159817e-03
1.162137e-03
1.164460e-03
1.166785e-03
1.169112e-03
1.171441e-03
1.173773e-03
1.176107e-03
1.178444e-03
1.180782e-03
1.183123e-03
1.185467e-03
1.187812e-03
1.190160e-03
1.192511e-03
1.194863e-03
1.197218e-03
1.199575e-03
1.201935e-03
1.204297e-03
1.206661e-03
1.209027e-03
1.211396e-03
1.213767e-03
1.216141e-03
1.218516e-03
1.220894e-03
1.223275e-03
1.225657e-03
1.228042e-03
1.230430e-03
1.232819e-03
1.235211e-03
1.237605e-03
1.240002e-03
1.242401e-03
1.244802e-03
1.247206e-03
1.249611e-03
1.252019e-03
1.254430e-03
1.256843e-03
1.259258e-03
1.261675e-03
1.264095e-03
1.266517e-03
1.268941e-03
1.271368e-03
1.273797e-03
1.276228e-03
1.278661e-03
1.281097e-03
1.283536e-03
1.285976e-03
1.288419e-03
1.290864e-03
1.293311e-03
1.295761e-03
1.298213e-03
1.300668e-03
1.303124e-03
1.305583e-03
1.308045e-03
1.310508e-03
1.312974e-03
1.315442e-03
1.317913e-03
1.320386e-03
1.322861e-03
1.325339e-03
1.327818e-03
1.330301e-03
1.332785e-03
1.335272e-03
1.337761e-03
1.340252e-03
1.342746e-03
1.345242e-03
1.347740e-03
1.350241e-03
1.352744e-03
1.355249e-03
1.357757e-03
1.360267e-03
1.362779e-03
1.365294e-03
1.367810e-03
1.370330e-03
1.372851e-03
1.375375e-03
1.377901e-03
1.380429e-03
1.382960e-03
1.385493e-03
1.388028e-03
1.390566e-03
1.393106e-03
1.395648e-03
1.398193e-03
1.400740e-03
1.403289e-03
1.405841e-03
1.408394e-03
1.410951e-03
1.413509e-03
1.416070e-03
1.418633e-03
1.421198e-03
1.423766e-03
1.426336e-03
1.428909e-03
1.431483e-03
1.434060e-03
1.436639e-03
1.439221e-03
1.441805e-03
1.444391e-03
1.446980e-03
1.449571e-03
1.452164e-03
1.454759e-03
1.457357e-03
1.459957e-03
1.462560e-03
1.465164e-03
1.467771e-03
1.470381e-03
1.472993e-03
1.475607e-03
1.478223e-03
1.480841e-03
1.483462e-03
1.486086e-03
1.488711e-03
1.491339e-03
1.493969e-03
1.496602e-03
1.499237e-03
1.501874e-03
1.504513e-03
1.507155e-03
1.509799e-03
1.512445e-03
1.515094e-03
1.517745e-03
1.520398e-03
1.523054e-03
1.525712e-03
1.528372e-03
1.531035e-03
1.533700e-03
1.536367e-03
1.539036e-03
1.541708e-03
1.544382e-03
1.547059e-03
1.549738e-03
1.552419e-03
1.555102e-03
1.557788e-03
1.560476e-03
1.563166e-03
1.565859e-03
1.568554e-03
1.571251e-03
1.573951e-03
1.576653e-03
1.579357e-03
1.582063e-03
1.584772e-03
1.587483e-03
1.590197e-03
1.592913e-03
1.595631e-03
1.598351e-03
1.601074e-03
1.603799e-03
1.606526e-03
1.609256e-03
1.611988e-03
1.614722e-03
1.617459e-03
1.620198e-03
1.622939e-03
1.625682e-03
1.628428e-03
1.631176e-03
1.633927e-03
1.636680e-03
1.639435e-03
1.642192e-03
1.644952e-03
1.647714e-03
1.650478e-03
1.653245e-03
1.656014e-03
1.658785e-03
1.661559e-03
1.664335e-03
1.667113e-03
1.669894e-03
1.672677e-03
1.675462e-03
1.678249e-03
1.681039e-03
1.683831e-03
1.686626e-03
1.689422e-03
1.692221e-03
1.695023e-03
1.697826e-03
1.700632e-03
1.703441e-03
1.706251e-03
1.709064e-03
1.711880e-03
1.714697e-03
1.717517e-03
1.720339e-03
1.723164e-03
1.725991e-03
1.728820e-03
1.731651e-03
1.734485e-03
1.737321e-03
1.740159e-03
1.743000e-03
1.745843e-03
1.748688e-03
1.751536e-03
1.754386e-03
1.757238e-03
1.760093e-03
1.762950e-03
1.765809e-03
1.768670e-03
1.771534e-03
1.774400e-03
1.777269e-03
1.780140e-03
1.783013e-03
1.785888e-03
1.788766e-03
1.791646e-03
1.794528e-03
1.797413e-03
1.800300e-03
1.803189e-03
1.806081e-03
1.808975e-03
1.811871e-03
1.814769e-03
1.817670e-03
1.820573e-03
1.823479e-03
1.826387e-03
1.829297e-03
1.832209e-03
1.835124e-03
1.838041e-03
1.840960e-03
1.843882e-03
1.846806e-03
1.849732e-03
1.852661e-03
1.855592e-03
1.858525e-03
1.861460e-03
1.864398e-03
1.867338e-03
1.870281e-03
1.873226e-03
1.876173e-03
1.879122e-03
1.882074e-03
1.885028e-03
1.887984e-03
1.890943e-03
1.893904e-03
1.896867e-03
1.899833e-03
1.902801e-03
1.905771e-03
1.908744e-03
1.911719e-03
1.914696e-03
1.917675e-03
1.920657e-03
1.923641e-03
1.926628e-03
1.929616e-03
1.932607e-03
1.935601e-03
1.938596e-03
1.941594e-03
1.944595e-03
1.947597e-03
1.950602e-03
1.953610e-03
1.956619e-03
1.959631e-03
1.962645e-03
1.965662e-03
1.968681e-03
1.971702e-03
1.974725e-03
1.977751e-03
1.980779e-03
1.983809e-03
1.986842e-03
1.989877e-03
1.992914e-03
1.995954e-03
1.998996e-03
2.002040e-03
2.005087e-03
2.008136e-03
2.011187e-03
2.014241e-03
2.017296e-03
2.020354e-03
2.023415e-03
2.026478e-03
2.029543e-03
2.032610e-03
2.035680e-03
2.038752e-03
2.041826e-03
2.044903e-03
2.047982e-03
2.051063e-03
2.054147e-03
2.057233e-03
2.060321e-03
2.063411e-03
2.066504e-03
2.069599e-03
2.072697e-03
2.075797e-03
2.078899e-03
2.082003e-03
2.085110e-03
2.088219e-03
2.091330e-03
2.094444e-03
2.097560e-03
2.100678e-03
2.103799e-03
2.106922e-03
2.110047e-03
2.113175e-03
2.116304e-03
2.119437e-03
2.122571e-03
2.125708e-03
2.128847e-03
2.131988e-03
2.135132e-03
2.138278e-03
2.141427e-03
2.144577e-03
2.147730e-03
2.150886e-03
2.154043e-03
2.157203e-03
2.160365e-03
2.163530e-03
2.166697e-03
2.169866e-03
2.173037e-03
2.176211e-03
2.179387e-03
2.182566e-03
2.185747e-03
2.188930e-03
2.192115e-03
2.195303e-03
2.198493e-03
2.201685e-03
2.204880e-03
2.208077e-03
2.211276e-03
2.214477e-03
2.217681e-03
2.220887e-03
2.224096e-03
2.227307e-03
2.230520e-03
2.233735e-03
2.236953e-03
2.240173e-03
2.243396e-03
2.246620e-03
2.249847e-03
2.253077e-03
2.256308e-03
2.259542e-03
2.262779e-03
2.266017e-03
2.269258e-03
2.272501e-03
2.275747e-03
2.278995e-03
2.282245e-03
2.285497e-03
2.288752e-03
2.292009e-03
2.295268e-03
2.298530e-03
2.301794e-03
2.305061e-03
2.308329e-03
2.311600e-03
2.314873e-03
2.318149e-03
2.321427e-03
2.324707e-03
2.327990e-03
2.331275e-03
2.334562e-03
2.337851e-03
2.341143e-03
2.344437e-03
2.347733e-03
2.351032e-03
2.354333e-03
2.357637e-03
2.360942e-03
2.364250e-03
2.367561e-03
2.370873e-03
2.374188e-03
2.377505e-03
2.380825e-03
2.384147e-03
2.387471e-03
2.390797e-03
2.394126e-03
2.397457e-03
2.400791e-03
2.404126e-03
2.407464e-03
2.410805e-03
2.414148e-03
2.417493e-03
2.420840e-03
2.424189e-03
2.427541e-03
2.430896e-03
2.434252e-03
2.437611e-03
2.440972e-03
2.444336e-03
2.447702e-03
2.451070e-03
2.454440e-03
2.457813e-03
2.461188e-03
2.464565e-03
2.467945e-03
2.471327e-03
2.474711e-03
2.478098e-03
2.481487e-03
2.484878e-03
2.488272e-03
2.491668e-03
2.495066e-03
2.498466e-03
2.501869e-03
2.505274e-03
2.508682e-03
2.512091e-03
2.515504e-03
2.518918e-03
2.522335e-03
2.525754e-03
2.529175e-03
2.532599e-03
2.536025e-03
2.539453e-03
2.542883e-03
2.546316e-03
2.549752e-03
2.553189e-03
2.556629e-03
2.560071e-03
2.563516e-03
2.566962e-03
2.570411e-03
2.573863e-03
2.577317e-03
2.580773e-03
2.584231e-03
2.587692e-03
2.591155e-03
2.594620e-03
2.598087e-03
2.601557e-03
2.605030e-03
2.608504e-03
2.611981e-03
2.615460e-03
2.618942e-03
2.622425e-03
2.625911e-03
2.629400e-03
2.632891e-03
2.636384e-03
2.639879e-03
2.643377e-03
2.646877e-03
2.650379e-03
2.653884e-03
2.657390e-03
2.660900e-03
2.664411e-03
2.667925e-03
2.671441e-03
2.674960e-03
2.678481e-03
2.682004e-03
2.685529e-03
2.689057e-03
2.692587e-03
2.696119e-03
2.699654e-03
2.703191e-03
2.706730e-03
2.710272e-03
2.713816e-03
2.717362e-03
2.720911e-03
2.724461e-03
2.728015e-03
2.731570e-03
2.735128e-03
2.738688e-03
2.742251e-03
2.745815e-03
2.749382e-03
2.752952e-03
2.756523e-03
2.760097e-03
2.763674e-03
2.766588e-03
2.769490e-03
2.772381e-03
2.775260e-03
2.778128e-03
2.780984e-03
2.783829e-03
2.786662e-03
2.789483e-03
2.792294e-03
2.795092e-03
2.797879e-03
2.800654e-03
2.803418e-03
2.806171e-03
2.808912e-03
2.811641e-03
2.814359e-03
2.817065e-03
2.819760e-03
2.822443e-03
2.825115e-03
2.827775e-03
2.830423e-03
2.833060e-03
2.835686e-03
2.838300e-03
2.840902e-03
2.843493e-03
2.846072e-03
2.848640e-03
2.851196e-03
2.853741e-03
2.856274e-03
2.858796e-03
2.861306e-03
2.863805e-03
2.866292e-03
2.868767e-03
2.871231e-03
2.873684e-03
2.876125e-03
2.878554e-03
2.880972e-03
2.883378e-03
2.885773e-03
2.888156e-03
2.890528e-03
2.892888e-03
2.895237e-03
2.897574e-03
2.899900e-03
2.902214e-03
2.904516e-03
2.906807e-03
2.909087e-03
2.911354e-03
2.913611e-03
2.915856e-03
2.918089e-03
2.920311e-03
2.922521e-03
2.924719e-03
2.926907e-03
2.929082e-03
2.931246e-03
2.933399e-03
2.935540e-03
2.937669e-03
2.939787e-03
2.941894e-03
2.943988e-03
2.946072e-03
2.948144e-03
2.950204e-03
2.952253e-03
2.954290e-03
2.956315e-03
2.958329e-03
2.960332e-03
2.962323e-03
2.964303e-03
2.966271e-03
2.968227e-03
2.970172e-03
2.972105e-03
2.974027e-03
2.975937e-03
2.977836e-03
2.979723e-03
2.981599e-03
2.983463e-03
2.985316e-03
2.987157e-03
2.988986e-03
2.990804e-03
2.992611e-03
2.994406e-03
2.996189e-03
2.997961e-03
2.999721e-03
3.001470e-03
3.003207e-03
3.004933e-03
3.006647e-03
3.008350e-03
3.010041e-03
3.011721e-03
3.013389e-03
3.015045e-03
3.016690e-03
3.018324e-03
3.019945e-03
3.021556e-03
3.023155e-03
3.024742e-03
3.026318e-03
3.027882e-03
3.029435e-03
3.030976e-03
3.032505e-03
3.034023e-03
3.035530e-03
3.037025e-03
3.038508e-03
3.039980e-03
3.041441e-03
3.042890e-03
3.044327e-03
3.045753e-03
3.047167e-03
3.048570e-03
3.049961e-03
3.051341e-03
3.052709e-03
3.054065e-03
3.055410e-03
3.056744e-03
3.058066e-03
3.059376e-03
3.060675e-03
3.061962e-03
3.063238e-03
3.064503e-03
3.065755e-03
3.066997e-03
3.068226e-03
3.069444e-03
3.070651e-03
3.071846e-03
3.073030e-03
3.074202e-03
3.075362e-03
3.076511e-03
3.077648e-03
3.078774e-03
3.079889e-03
3.080991e-03
3.082083e-03
3.083162e-03
3.084231e-03
3.085287e-03
3.086332e-03
3.087366e-03
3.088388e-03
3.089398e-03
3.090397e-03
3.091385e-03
3.092361e-03
3.093325e-03
3.094278e-03
3.095219e-03
3.096149e-03
3.097067e-03
3.097974e-03
3.098869e-03
3.099753e-03
3.100625e-03
3.101485e-03
3.102334e-03
3.103172e-03
3.103998e-03
3.104812e-03
3.105615e-03
3.106406e-03
3.107186e-03
3.107954e-03
3.108711e-03
3.109456e-03
3.110190e-03
3.110912e-03
3.111623e-03
3.112322e-03
3.113009e-03
3.113685e-03
3.114350e-03
3.115003e-03
3.115644e-03
3.116274e-03
3.116892e-03
3.117499e-03
3.118094e-03
3.118678e-03
3.119250e-03
3.119810e-03
3.120360e-03
3.120897e-03
3.121423e-03
3.121938e-03
3.122441e-03
3.122932e-03
3.123412e-03
3.123880e-03
3.124337e-03
3.124782e-03
3.125216e-03
3.125638e-03
3.126049e-03
3.126448e-03
3.126836e-03
3.127212e-03
3.127576e-03
3.127929e-03
3.128270e-03
3.128600e-03
3.128919e-03
3.129226e-03
3.129521e-03
3.129805e-03
3.130077e-03
3.130338e-03
3.130587e-03
3.130824e-03
3.131050e-03
3.131265e-03
3.131468e-03
3.131659e-03
3.131839e-03
3.132008e-03
3.132165e-03
3.132310e-03
3.132444e-03
3.132566e-03
3.132677e-03
3.132776e-03
3.132864e-03
3.132940e-03
3.133004e-03
3.133057e-03
3.133099e-03
3.133129e-03
3.133147e-03
3.133154e-03
3.133150e-03
3.133134e-03
3.133106e-03
3.133067e-03
3.133016e-03
3.132954e-03
3.132880e-03
3.132794e-03
3.132697e-03
3.132589e-03
3.132469e-03
3.132337e-03
3.132194e-03
3.132040e-03
3.131874e-03
3.131696e-03
3.131507e-03
3.131306e-03
3.131094e-03
3.130870e-03
3.130635e-03
3.130388e-03
3.130129e-03
3.129859e-03
3.129578e-03
3.129285e-03
3.128980e-03
3.128664e-03
3.128337e-03
3.127998e-03
3.127647e-03
3.127285e-03
3.126911e-03
3.126526e-03
3.126129e-03
3.125720e-03
3.125300e-03
3.124869e-03
3.124426e-03
3.123971e-03
3.123505e-03
3.123028e-03
3.122539e-03
3.122038e-03
3.121526e-03
3.121002e-03
3.120467e-03
3.120142e-03
3.120142e-03
3.120142e-03
3.120142e-03
3.120142e-03
3.120142e-03
3.120142e-03
3.120142e-03
3.120142e-03
3.120142e-03
3.120142e-03
3.120142e-03
3.120142e-03
3.120142e-03
3.120142e-03
3.120142e-03
3.120142e-03
3.120142e-03
3.120142e-03
3.120142e-03
3.120142e-03
3.120142e-03
3.120142e-03
3.120142e-03
3.120142e-03
3.120142e-03
3.120142e-03
3.120142e-03
3.120142e-03
3.120142e-03
3.120142e-03
3.120142e-03
3.120142e-03
3.120142e-03
3.120142e-03
3.120142e-03
3.120142e-03
3.120142e-03
3.120142e-03
3.120142e-03
3.120142e-03
3.120142e-03
3.120142e-03
3.120142e-03
3.120142e-03
3.120142e-03
3.120142e-03
3.120142e-03
3.120142e-03
3.120142e-03
3.120142e-03
3.120142e-03
3.120142e-03
3.120142e-03
3.120142e-03
3.120142e-03
3.120142e-03
3.120142e-03
3.120142e-03
3.120142e-03
3.120142e-03
3.120142e-03
3.120142e-03
3.120142e-03
3.120142e-03
3.120142e-03
3.120142e-03
3.120142e-03
3.120142e-03
3.120142e-03
3.120142e-03
3.120142e-03
3.120142e-03
3.120142e-03
3.120142e-03
3.120142e-03
3.120142e-03
3.120142e-03
3.120142e-03
3.120142e-03
3.120142e-03
3.120142e-03
3.120142e-03
3.120142e-03
3.120142e-03
3.120142e-03
3.120142e-03
3.120142e-03
3.120142e-03
3.120142e-03
3.120142e-03
3.120142e-03
3.120142e-03
3.120142e-03
3.120142e-03
3.120142e-03
3.120142e-03
3.120142e-03
3.120142e-03
3.120142e-03
3.120142e-03
3.120142e-03
3.120142e-03
3.120142e-03
3.120142e-03
3.120142e-03
3.120142e-03
3.120142e-03
3.120142e-03
3.120142e-03
3.120142e-03
3.120142e-03
3.120142e-03
3.120142e-03
3.120142e-03
3.120142e-03
3.120142e-03
3.120142e-03
3.120142e-03
3.120142e-03
3.120142e-03
3.120142e-03
3.120142e-03
3.120142e-03
3.120142e-03
3.120142e-03
3.120142e-03
3.120142e-03
3.120142e-03
3.120142e-03
3.120142e-03
3.120142e-03
3.120142e-03
3.120142e-03
3.120142e-03
3.120142e-03
3.120142e-03
3.120142e-03
3.120142e-03
3.120142e-03
3.120142e-03
3.120142e-03
3.120142e-03
3.120142e-03
3.120142e-03
3.120142e-03
3.120142e-03
3.120142e-03
3.120142e-03
3.120142e-03
3.120142e-03
3.120142e-03
3.120142e-03
3.120142e-03
3.120142e-03
3.120142e-03
3.120142e-03
3.120142e-03
3.120142e-03
3.120142e-03
3.120142e-03
3.120142e-03
3.120142e-03
3.120142e-03
3.120142e-03
3.120142e-03
3.120142e-03
3.120142e-03
3.120142e-03
3.120142e-03
3.120142e-03
3.120142e-03
3.120142e-03
3.120142e-03
3.120142e-03
3.120142e-03
3.120142e-03
3.120142e-03
3.120142e-03
3.120142e-03
3.120142e-03
3.120142e-03
3.120142e-03
3.120142e-03
3.120142e-03
3.120142e-03
3.120142e-03
3.120142e-03
3.120142e-03
3.120142e-03
3.120142e-03
3.120142e-03
3.120142e-03
3.120142e-03
3.120142e-03
3.120142e-03
3.120142e-03
3.120142e-03
3.120142e-03
3.120142e-03
3.120142e-03
