0.000000e+00
1.110371e-07
2.245527e-07
3.405468e-07
4.590194e-07
5.799705e-07
7.034001e-07
8.293082e-07
9.576949e-07
1.088560e-06
1.221904e-06
1.357726e-06
1.496026e-06
1.636806e-06
1.780063e-06
1.925799e-06
2.074014e-06
2.224707e-06
2.377879e-06
2.533529e-06
2.691658e-06
2.852265e-06
3.015351e-06
3.180915e-06
3.348958e-06
3.519479e-06
3.692479e-06
3.867957e-06
4.045914e-06
4.226349e-06
4.409263e-06
4.594655e-06
4.782526e-06
4.972875e-06
5.165703e-06
5.361009e-06
5.558794e-06
5.759057e-06
5.961799e-06
6.167020e-06
6.374718e-06
6.584896e-06
6.797552e-06
7.012686e-06
7.230299e-06
7.450390e-06
7.672960e-06
7.898008e-06
8.125535e-06
8.355541e-06
8.588025e-06
8.822987e-06
9.060428e-06
9.300347e-06
9.542745e-06
9.787622e-06
1.003498e-05
1.028481e-05
1.053712e-05
1.079191e-05
1.104918e-05
1.130893e-05
1.157115e-05
1.183586e-05
1.210304e-05
1.237270e-05
1.264484e-05
1.291946e-05
1.319656e-05
1.347613e-05
1.375819e-05
1.404272e-05
1.432973e-05
1.461922e-05
1.491119e-05
1.520564e-05
1.550256e-05
1.580197e-05
1.610385e-05
1.640821e-05
1.671505e-05
1.702436e-05
1.733616e-05
1.765044e-05
1.796719e-05
1.828642e-05
1.860813e-05
1.893232e-05
1.925899e-05
1.958813e-05
1.991976e-05
2.025386e-05
2.059044e-05
2.092950e-05
2.127104e-05
2.161505e-05
2.196155e-05
2.231052e-05
2.266198e-05
2.301591e-05
2.337232e-05
2.373120e-05
2.409257e-05
2.445641e-05
2.482274e-05
2.519154e-05
2.556282e-05
2.593658e-05
2.631282e-05
2.669153e-05
2.707273e-05
2.745640e-05
2.784255e-05
2.823118e-05
2.862229e-05
2.901587e-05
2.941194e-05
2.981048e-05
3.021151e-05
3.061501e-05
3.102099e-05
3.142944e-05
3.184038e-05
3.225380e-05
3.266969e-05
3.308806e-05
3.350891e-05
3.393224e-05
3.435805e-05
3.478633e-05
3.521710e-05
3.565034e-05
3.608606e-05
3.652426e-05
3.696494e-05
3.740810e-05
3.785373e-05
3.830185e-05
3.875244e-05
3.920551e-05
3.966106e-05
4.011909e-05
4.057959e-05
4.104258e-05
4.150804e-05
4.197598e-05
4.244640e-05
4.291930e-05
4.339468e-05
4.387254e-05
4.435287e-05
4.483568e-05
4.532098e-05
4.580875e-05
4.629900e-05
4.679172e-05
4.728693e-05
4.778461e-05
4.828477e-05
4.878742e-05
4.929254e-05
4.980013e-05
5.031021e-05
5.082276e-05
5.133780e-05
5.185531e-05
5.237530e-05
5.289777e-05
5.342272e-05
5.395014e-05
5.448005e-05
5.501243e-05
5.554729e-05
5.608463e-05
5.662445e-05
5.716675e-05
5.771153e-05
5.825878e-05
5.880851e-05
5.936072e-05
5.991541e-05
6.047258e-05
6.103223e-05
6.159435e-05
6.215896e-05
6.272604e-05
6.329560e-05
6.386764e-05
6.444216e-05
6.501915e-05
6.559863e-05
6.618058e-05
6.676501e-05
6.735192e-05
6.794131e-05
6.853318e-05
6.912753e-05
6.972435e-05
7.032365e-05
7.092543e-05
7.152969e-05
7.213643e-05
7.274565e-05
7.335735e-05
7.397152e-05
7.458817e-05
7.520730e-05
7.582891e-05
7.645300e-05
7.707957e-05
7.770861e-05
7.834013e-05
7.897414e-05
7.961062e-05
8.024958e-05
8.089101e-05
8.153493e-05
8.218132e-05
8.283020e-05
8.348155e-05
8.413538e-05
8.479169e-05
8.545047e-05
8.611174e-05
8.677548e-05
8.744171e-05
8.811041e-05
8.878159e-05
8.945524e-05
9.013138e-05
9.081000e-05
9.149109e-05
9.217466e-05
9.286071e-05
9.354924e-05
9.424025e-05
9.493373e-05
9.562970e-05
9.632814e-05
9.702906e-05
9.773246e-05
9.843834e-05
9.914670e-05
9.985754e-05
1.005708e-04
1.012866e-04
1.020049e-04
1.027257e-04
1.034489e-04
1.041746e-04
1.049028e-04
1.056334e-04
1.063666e-04
1.071022e-04
1.078403e-04
1.085809e-04
1.093239e-04
1.100695e-04
1.108175e-04
1.115680e-04
1.123210e-04
1.130764e-04
1.138343e-04
1.145947e-04
1.153576e-04
1.161230e-04
1.168908e-04
1.176611e-04
1.184339e-04
1.192092e-04
1.199870e-04
1.207672e-04
1.215499e-04
1.223351e-04
1.231228e-04
1.239129e-04
1.247056e-04
1.255007e-04
1.262982e-04
1.270983e-04
1.279008e-04
1.287059e-04
1.295134e-04
1.303233e-04
1.311358e-04
1.319507e-04
1.327681e-04
1.335880e-04
1.344104e-04
1.352352e-04
1.360626e-04
1.368924e-04
1.377247e-04
1.385594e-04
1.393967e-04
1.402364e-04
1.410786e-04
1.419232e-04
1.427704e-04
1.436200e-04
1.444721e-04
1.453267e-04
1.461838e-04
1.470433e-04
1.479054e-04
1.487699e-04
1.496368e-04
1.505063e-04
1.513782e-04
1.522527e-04
1.531296e-04
1.540089e-04
1.548908e-04
1.557751e-04
1.566619e-04
1.575512e-04
1.584430e-04
1.593372e-04
1.602340e-04
1.611332e-04
1.620348e-04
1.629390e-04
1.638456e-04
1.647547e-04
1.656663e-04
1.665804e-04
1.674970e-04
1.684160e-04
1.693375e-04
1.702615e-04
1.711880e-04
1.721169e-04
1.730483e-04
1.739822e-04
1.749186e-04
1.758575e-04
1.767988e-04
1.777426e-04
1.786889e-04
1.796377e-04
1.805889e-04
1.815427e-04
1.824989e-04
1.834576e-04
1.844187e-04
1.853824e-04
1.863485e-04
1.873171e-04
1.882882e-04
1.892617e-04
1.902378e-04
1.912163e-04
1.921973e-04
1.931807e-04
1.941667e-04
1.951551e-04
1.961460e-04
1.971394e-04
1.981353e-04
1.991336e-04
2.001344e-04
2.011377e-04
2.021435e-04
2.031518e-04
2.041625e-04
2.051757e-04
2.061914e-04
2.072096e-04
2.082302e-04
2.092534e-04
2.102790e-04
2.113070e-04
2.123376e-04
2.133706e-04
2.144062e-04
2.154442e-04
2.164846e-04
2.175276e-04
2.185730e-04
2.196209e-04
2.206713e-04
2.217242e-04
2.227796e-04
2.238374e-04
2.248977e-04
2.259605e-04
2.270257e-04
2.280935e-04
2.291637e-04
2.302364e-04
2.313116e-04
2.323892e-04
2.334694e-04
2.345520e-04
2.356371e-04
2.367246e-04
2.378147e-04
2.389072e-04
2.400022e-04
2.410997e-04
2.421996e-04
2.433021e-04
2.444070e-04
2.455144e-04
2.466243e-04
2.477366e-04
2.488515e-04
2.499688e-04
2.510886e-04
2.522108e-04
2.533356e-04
2.544628e-04
2.555925e-04
2.567247e-04
2.578593e-04
2.589965e-04
2.601361e-04
2.612782e-04
2.624228e-04
2.635698e-04
2.647194e-04
2.658714e-04
2.670259e-04
2.681828e-04
2.693423e-04
2.705042e-04
2.716686e-04
2.728355e-04
2.740048e-04
2.751767e-04
2.763510e-04
2.775278e-04
2.787071e-04
2.798888e-04
2.810730e-04
2.822597e-04
2.834489e-04
2.846406e-04
2.858347e-04
2.870314e-04
2.882305e-04
2.894320e-04
2.906361e-04
2.918426e-04
2.930517e-04
2.942631e-04
2.954771e-04
2.966936e-04
2.979125e-04
2.991339e-04
3.003578e-04
3.015842e-04
3.028130e-04
3.040443e-04
3.052781e-04
3.065144e-04
3.077532e-04
3.089944e-04
3.102381e-04
3.114843e-04
3.127330e-04
3.139841e-04
3.152378e-04
3.164939e-04
3.177525e-04
3.190135e-04
3.202771e-04
3.215431e-04
3.228116e-04
3.240826e-04
3.253560e-04
3.266319e-04
3.279104e-04
3.291913e-04
3.304746e-04
3.317605e-04
3.330488e-04
3.343396e-04
3.356329e-04
3.369287e-04
3.382269e-04
3.395276e-04
3.408308e-04
3.421365e-04
3.434446e-04
3.447553e-04
3.460684e-04
3.473840e-04
3.487021e-04
3.500226e-04
3.513456e-04
3.526711e-04
3.539991e-04
3.553296e-04
3.566625e-04
3.579979e-04
3.593358e-04
3.606762e-04
3.620191e-04
3.633644e-04
3.647122e-04
3.660625e-04
3.674153e-04
3.687705e-04
3.701282e-04
3.714885e-04
3.728511e-04
3.742163e-04
3.755839e-04
3.769541e-04
3.783267e-04
3.797017e-04
3.810793e-04
3.824593e-04
3.838418e-04
3.852268e-04
3.866143e-04
3.880042e-04
3.893967e-04
3.907916e-04
3.921889e-04
3.935888e-04
3.949911e-04
3.963960e-04
3.978033e-04
3.992130e-04
4.006253e-04
4.020400e-04
4.034572e-04
4.048769e-04
4.062991e-04
4.077237e-04
4.091508e-04
4.105804e-04
4.120125e-04
4.134471e-04
4.148841e-04
4.163236e-04
4.177656e-04
4.192101e-04
4.206571e-04
4.221065e-04
4.235584e-04
4.250128e-04
4.264697e-04
4.279290e-04
4.293908e-04
4.308551e-04
4.323219e-04
4.337912e-04
4.352629e-04
4.367371e-04
4.382138e-04
4.396930e-04
4.411746e-04
4.426588e-04
4.441454e-04
4.456345e-04
4.471260e-04
4.486201e-04
4.501166e-04
4.516156e-04
4.531171e-04
4.546210e-04
4.561275e-04
4.576364e-04
4.591478e-04
4.606616e-04
4.621780e-04
4.636968e-04
4.652181e-04
4.667419e-04
4.682682e-04
4.697969e-04
4.713281e-04
4.728618e-04
4.743980e-04
4.759367e-04
4.774778e-04
4.790214e-04
4.805675e-04
4.821161e-04
4.836671e-04
4.852207e-04
4.867767e-04
4.883352e-04
4.898961e-04
4.914596e-04
4.930255e-04
4.945939e-04
4.961648e-04
4.977381e-04
4.993139e-04
5.008923e-04
5.024731e-04
5.040563e-04
5.056421e-04
5.072303e-04
5.088210e-04
5.104142e-04
5.120099e-04
5.136080e-04
5.152086e-04
5.168117e-04
5.184173e-04
5.200253e-04
5.216359e-04
5.232489e-04
5.248644e-04
5.264823e-04
5.281028e-04
5.297257e-04
5.313511e-04
5.329790e-04
5.346094e-04
5.362422e-04
5.378775e-04
5.395153e-04
5.411556e-04
5.427984e-04
5.444436e-04
5.460913e-04
5.477415e-04
5.493942e-04
5.510493e-04
5.527069e-04
5.543670e-04
5.560296e-04
5.576947e-04
5.593622e-04
5.610322e-04
5.627047e-04
5.643797e-04
5.660572e-04
5.677371e-04
5.694195e-04
5.711044e-04
5.727917e-04
5.744816e-04
5.761739e-04
5.778687e-04
5.795660e-04
5.812658e-04
5.829680e-04
5.846727e-04
5.863799e-04
5.880896e-04
5.898017e-04
5.915164e-04
5.932335e-04
5.949531e-04
5.966751e-04
5.983997e-04
6.001267e-04
6.018562e-04
6.035882e-04
6.053226e-04
6.070596e-04
6.087990e-04
6.105409e-04
6.122853e-04
6.140321e-04
6.157814e-04
6.175333e-04
6.192875e-04
6.210443e-04
6.228035e-04
6.245653e-04
6.263295e-04
6.280962e-04
6.298653e-04
6.316369e-04
6.334111e-04
6.351877e-04
6.369667e-04
6.387483e-04
6.405323e-04
6.423188e-04
6.441078e-04
6.458993e-04
6.476932e-04
6.494896e-04
6.512885e-04
6.530899e-04
6.548938e-04
6.567001e-04
6.585089e-04
6.603202e-04
6.621340e-04
6.639502e-04
6.657690e-04
6.675902e-04
6.694138e-04
6.712400e-04
6.730686e-04
6.748998e-04
6.767334e-04
6.785694e-04
6.804080e-04
6.822490e-04
6.840925e-04
6.859385e-04
6.877870e-04
6.896380e-04
6.914914e-04
6.933473e-04
6.952057e-04
6.970665e-04
6.989299e-04
7.007957e-04
7.026640e-04
7.045348e-04
7.064080e-04
7.082838e-04
7.101620e-04
7.120427e-04
7.139258e-04
7.158115e-04
7.176996e-04
7.195902e-04
7.214833e-04
7.233789e-04
7.252769e-04
7.271774e-04
7.290804e-04
7.309859e-04
7.328938e-04
7.348043e-04
7.367172e-04
7.386326e-04
7.405504e-04
7.424708e-04
7.443936e-04
7.463189e-04
7.482467e-04
7.501770e-04
7.521097e-04
7.540449e-04
7.559826e-04
7.579228e-04
7.598654e-04
7.618106e-04
7.637582e-04
7.657083e-04
7.676608e-04
7.696159e-04
7.715734e-04
7.735334e-04
7.754959e-04
7.774609e-04
7.794283e-04
7.813982e-04
7.833706e-04
7.853455e-04
7.873228e-04
7.893027e-04
7.912850e-04
7.932698e-04
7.952570e-04
7.972468e-04
7.992390e-04
8.012337e-04
8.032309e-04
8.052305e-04
8.072327e-04
8.092373e-04
8.112444e-04
8.132540e-04
8.152660e-04
8.172805e-04
8.192976e-04
8.213170e-04
8.233390e-04
8.253634e-04
8.273904e-04
8.294198e-04
8.314517e-04
8.334860e-04
8.355228e-04
8.375622e-04
8.396040e-04
8.416482e-04
8.436950e-04
8.457442e-04
8.477959e-04
8.498501e-04
8.519068e-04
8.539659e-04
8.560275e-04
8.580916e-04
8.601582e-04
8.622273e-04
8.642988e-04
8.663728e-04
8.684493e-04
8.705283e-04
8.726097e-04
8.746937e-04
8.767801e-04
8.788689e-04
8.809603e-04
8.830542e-04
8.851505e-04
8.872493e-04
8.893506e-04
8.914543e-04
8.935605e-04
8.956693e-04
8.977804e-04
8.998941e-04
9.020103e-04
9.041289e-04
9.062500e-04
9.083736e-04
9.104996e-04
9.126282e-04
9.147592e-04
9.168927e-04
9.190287e-04
9.211671e-04
9.233081e-04
9.254515e-04
9.275974e-04
9.297457e-04
9.318966e-04
9.340499e-04
9.362057e-04
9.383640e-04
9.405248e-04
9.426880e-04
9.448537e-04
9.470219e-04
9.491926e-04
9.513658e-04
9.535414e-04
9.557195e-04
9.579001e-04
9.600832e-04
9.622687e-04
9.644567e-04
9.666472e-04
9.688402e-04
9.710357e-04
9.732336e-04
9.754340e-04
9.776369e-04
9.798423e-04
9.820502e-04
9.842605e-04
9.864733e-04
9.886886e-04
9.909064e-04
9.931266e-04
9.953493e-04
9.975745e-04
9.998022e-04
1.002032e-03
1.004265e-03
1.006500e-03
1.008738e-03
1.010978e-03
1.013220e-03
1.015465e-03
1.017713e-03
1.019963e-03
1.022215e-03
1.024470e-03
1.026728e-03
1.028988e-03
1.031250e-03
1.033515e-03
1.035782e-03
1.038052e-03
1.040324e-03
1.042599e-03
1.044876e-03
1.047156e-03
1.049438e-03
1.051723e-03
1.054010e-03
1.056300e-03
1.058592e-03
1.060886e-03
1.063184e-03
1.065483e-03
1.067785e-03
1.070090e-03
1.072397e-03
1.074706e-03
1.077018e-03
1.079333e-03
1.081649e-03
1.083969e-03
1.086291e-03
1.088615e-03
1.090942e-03
1.093271e-03
1.095603e-03
1.097937e-03
1.100274e-03
1.102613e-03
1.104955e-03
1.107299e-03
1.109646e-03
1.111995e-03
1.114346e-03
1.116700e-03
1.119057e-03
1.121416e-03
1.123778e-03
1.126142e-03
1.128508e-03
1.130877e-03
1.133248e-03
1.135622e-03
1.137999e-03
1.140378e-03
1.142759e-03
1.145143e-03
1.147529e-03
1.149918e-03
1.152309e-03
1.154703e-03
1.157099e-03
1.159498e-03
1.161899e-03
1.164303e-03
1.166709e-03
1.169117e-03
1.171529e-03
1.173942e-03
1.176358e-03
1.178777e-03
1.181198e-03
1.183621e-03
1.186047e-03
1.188476e-03
1.190906e-03
1.193340e-03
1.195776e-03
1.198214e-03
1.200655e-03
1.203098e-03
1.205544e-03
1.207992e-03
1.210443e-03
1.212896e-03
1.215352e-03
1.217810e-03
1.220271e-03
1.222734e-03
1.225200e-03
1.227668e-03
1.230138e-03
1.232611e-03
1.235087e-03
1.237565e-03
1.240045e-03
1.242528e-03
1.245014e-03
1.247502e-03
1.249992e-03
1.252485e-03
1.254980e-03
1.257478e-03
1.259978e-03
1.262481e-03
1.264987e-03
1.267494e-03
1.270005e-03
1.272517e-03
1.275032e-03
1.277550e-03
1.280070e-03
1.282593e-03
1.285118e-03
1.287646e-03
1.290176e-03
1.292708e-03
1.295243e-03
1.297781e-03
1.300321e-03
1.302863e-03
1.305408e-03
1.307955e-03
1.310505e-03
1.313058e-03
1.315613e-03
1.318170e-03
1.320730e-03
1.323292e-03
1.325857e-03
1.328424e-03
1.330994e-03
1.333566e-03
1.336140e-03
1.338718e-03
1.341297e-03
1.343879e-03
1.346464e-03
1.349051e-03
1.351641e-03
1.354233e-03
1.356827e-03
1.359424e-03
1.362024e-03
1.364625e-03
1.367230e-03
1.369837e-03
1.372446e-03
1.375058e-03
1.377672e-03
1.380289e-03
1.382908e-03
1.385530e-03
1.388154e-03
1.390781e-03
1.393410e-03
1.396042e-03
1.398676e-03
1.401313e-03
1.403952e-03
1.406594e-03
1.409238e-03
1.411884e-03
1.414533e-03
1.417185e-03
1.419839e-03
1.422495e-03
1.425154e-03
1.427815e-03
1.430479e-03
1.433146e-03
1.435815e-03
1.438486e-03
1.441160e-03
1.443836e-03
1.446515e-03
1.449196e-03
1.451880e-03
1.454566e-03
1.457255e-03
1.459946e-03
1.462639e-03
1.465336e-03
1.468034e-03
1.470735e-03
1.473439e-03
1.476145e-03
1.478853e-03
1.481564e-03
1.484278e-03
1.486994e-03
1.489712e-03
1.492433e-03
1.495157e-03
1.497882e-03
1.500611e-03
1.503342e-03
1.506075e-03
1.508811e-03
1.511549e-03
1.514290e-03
1.517033e-03
1.519778e-03
1.522527e-03
1.525277e-03
1.528030e-03
1.530786e-03
1.533544e-03
1.536305e-03
1.539068e-03
1.541833e-03
1.544601e-03
1.547372e-03
1.550145e-03
1.552920e-03
1.555698e-03
1.558478e-03
1.561261e-03
1.564047e-03
1.566834e-03
1.569625e-03
1.572417e-03
1.575213e-03
1.578010e-03
1.580811e-03
1.583613e-03
1.586419e-03
1.589226e-03
1.592036e-03
1.594849e-03
1.597664e-03
1.600482e-03
1.603302e-03
1.606124e-03
1.608949e-03
1.611777e-03
1.614607e-03
1.617439e-03
1.620274e-03
1.623111e-03
1.625951e-03
1.628794e-03
1.631638e-03
1.634486e-03
1.637336e-03
1.640188e-03
1.643043e-03
1.645900e-03
1.648759e-03
1.651622e-03
1.654486e-03
1.657353e-03
1.660223e-03
1.663095e-03
1.665970e-03
1.668847e-03
1.671726e-03
1.674608e-03
1.677493e-03
1.680380e-03
1.683269e-03
1.686161e-03
1.689056e-03
1.691952e-03
1.694852e-03
1.697754e-03
1.700658e-03
1.703565e-03
1.706474e-03
1.709386e-03
1.712300e-03
1.715217e-03
1.718136e-03
1.721057e-03
1.723982e-03
1.726908e-03
1.729837e-03
1.732769e-03
1.735703e-03
1.738640e-03
1.741579e-03
1.744520e-03
1.747464e-03
1.750410e-03
1.753359e-03
1.756311e-03
1.759265e-03
1.762221e-03
1.765180e-03
1.768141e-03
1.771105e-03
1.774071e-03
1.777040e-03
1.780011e-03
1.782985e-03
1.785961e-03
1.788940e-03
1.791921e-03
1.794905e-03
1.797891e-03
1.800879e-03
1.803870e-03
1.806864e-03
1.809860e-03
1.812858e-03
1.815859e-03
1.818863e-03
1.821869e-03
1.824877e-03
1.827888e-03
1.830901e-03
1.833917e-03
1.836936e-03
1.839956e-03
1.842980e-03
1.846005e-03
1.849034e-03
1.852064e-03
1.855098e-03
1.858133e-03
1.861171e-03
1.864212e-03
1.867255e-03
1.870301e-03
1.873349e-03
1.876399e-03
1.879452e-03
1.882508e-03
1.885566e-03
1.888626e-03
1.891689e-03
1.894755e-03
1.897823e-03
1.900893e-03
1.903966e-03
1.907041e-03
1.910119e-03
1.913199e-03
1.916282e-03
1.919367e-03
1.922455e-03
1.925545e-03
1.928638e-03
1.931733e-03
1.934831e-03
1.937931e-03
1.941033e-03
1.944138e-03
1.947246e-03
1.950356e-03
1.953469e-03
1.956584e-03
1.959701e-03
1.962821e-03
1.965943e-03
1.969068e-03
1.972196e-03
1.975325e-03
1.978458e-03
1.981593e-03
1.984730e-03
1.987870e-03
1.991012e-03
1.994157e-03
1.997304e-03
2.000454e-03
2.003606e-03
2.006760e-03
2.009917e-03
2.013077e-03
2.016239e-03
2.019404e-03
2.022571e-03
2.025740e-03
2.028912e-03
2.032087e-03
2.035264e-03
2.038443e-03
2.041625e-03
2.044809e-03
2.047996e-03
2.051186e-03
2.054377e-03
2.057572e-03
2.060769e-03
2.063968e-03
2.067170e-03
2.070374e-03
2.073580e-03
2.076790e-03
2.080001e-03
2.083215e-03
2.086432e-03
2.089651e-03
2.092873e-03
2.096097e-03
2.099323e-03
2.102552e-03
2.105784e-03
2.109018e-03
2.112254e-03
2.115493e-03
2.118734e-03
2.121978e-03
2.125225e-03
2.128473e-03
2.131725e-03
2.134978e-03
2.138235e-03
2.141493e-03
2.144755e-03
2.148018e-03
2.151285e-03
2.154553e-03
2.157824e-03
2.161098e-03
2.164374e-03
2.167653e-03
2.170934e-03
2.174217e-03
2.177503e-03
2.180792e-03
2.184083e-03
2.187376e-03
2.190672e-03
2.193970e-03
2.197271e-03
2.200575e-03
2.203880e-03
2.207189e-03
2.210500e-03
2.213813e-03
2.217129e-03
2.220447e-03
2.223767e-03
2.227091e-03
2.230416e-03
2.233744e-03
2.237075e-03
2.240408e-03
2.243744e-03
2.247082e-03
2.250422e-03
2.253765e-03
2.257111e-03
2.260459e-03
2.263809e-03
2.267162e-03
2.270518e-03
2.273875e-03
2.277236e-03
2.280599e-03
2.283964e-03
2.287332e-03
2.290702e-03
2.294075e-03
2.297450e-03
2.300828e-03
2.304208e-03
2.307591e-03
2.310976e-03
2.314363e-03
2.317753e-03
2.321146e-03
2.324541e-03
2.327939e-03
2.331339e-03
2.334741e-03
2.338146e-03
2.341554e-03
2.344963e-03
2.348376e-03
2.351791e-03
2.355208e-03
2.358628e-03
2.362050e-03
2.365475e-03
2.368902e-03
2.372332e-03
2.375764e-03
2.379199e-03
2.382636e-03
2.386076e-03
2.389518e-03
2.392963e-03
2.396410e-03
2.399859e-03
2.403311e-03
2.406766e-03
2.410223e-03
2.413683e-03
2.417145e-03
2.420609e-03
2.424076e-03
2.427545e-03
2.431017e-03
2.434492e-03
2.437968e-03
2.441448e-03
2.444930e-03
2.448414e-03
2.451901e-03
2.455390e-03
2.458882e-03
2.462376e-03
2.465872e-03
2.469372e-03
2.472873e-03
2.476377e-03
2.479884e-03
2.483393e-03
2.486905e-03
2.490419e-03
2.493935e-03
2.497454e-03
2.500976e-03
2.504499e-03
2.508026e-03
2.511555e-03
2.515086e-03
2.518620e-03
2.522156e-03
2.525695e-03
2.529236e-03
2.532780e-03
2.536326e-03
2.539875e-03
2.543426e-03
2.546980e-03
2.550536e-03
2.554095e-03
2.557656e-03
2.561220e-03
2.564786e-03
2.568354e-03
2.571925e-03
2.575499e-03
2.579075e-03
2.582653e-03
2.586234e-03
2.589818e-03
2.593404e-03
2.596992e-03
2.600583e-03
2.604176e-03
2.607772e-03
2.611370e-03
2.614971e-03
2.618574e-03
2.622180e-03
2.625788e-03
2.629399e-03
2.633012e-03
2.636628e-03
2.640246e-03
2.643866e-03
2.647489e-03
2.651115e-03
2.654743e-03
2.658374e-03
2.662007e-03
2.665642e-03
2.669280e-03
2.672920e-03
2.676563e-03
2.680209e-03
2.683857e-03
2.687507e-03
2.691160e-03
2.694815e-03
2.698473e-03
2.702133e-03
2.705796e-03
2.709461e-03
2.713129e-03
2.716799e-03
2.720472e-03
2.724147e-03
2.727824e-03
2.731504e-03
2.735187e-03
2.738872e-03
2.742560e-03
2.746250e-03
2.749942e-03
2.753637e-03
2.757334e-03
2.761034e-03
2.764737e-03
2.768442e-03
2.772149e-03
2.775859e-03
2.779571e-03
2.783286e-03
2.787003e-03
2.790723e-03
2.794445e-03
2.798170e-03
2.801897e-03
2.805627e-03
2.809359e-03
2.813093e-03
2.816830e-03
2.820570e-03
2.824312e-03
2.828057e-03
2.831804e-03
2.835553e-03
2.839305e-03
2.843059e-03
2.846816e-03
2.850576e-03
2.854338e-03
2.858102e-03
2.861869e-03
2.865638e-03
2.869410e-03
2.873184e-03
2.876961e-03
2.880740e-03
2.884522e-03
2.888306e-03
2.892093e-03
2.895882e-03
2.899674e-03
2.903468e-03
2.907264e-03
2.911063e-03
2.914865e-03
2.918669e-03
2.922475e-03
2.926284e-03
2.930096e-03
2.933910e-03
2.937726e-03
2.941545e-03
2.945366e-03
2.949190e-03
2.952352e-03
2.955501e-03
2.958638e-03
2.961762e-03
2.964874e-03
2.967974e-03
2.971062e-03
2.974137e-03
2.977199e-03
2.980250e-03
2.983288e-03
2.986313e-03
2.989327e-03
2.992327e-03
2.995316e-03
2.998292e-03
3.001256e-03
3.004207e-03
3.007146e-03
3.010073e-03
3.012988e-03
3.015890e-03
3.018779e-03
3.021657e-03
3.024522e-03
3.027374e-03
3.030214e-03
3.033042e-03
3.035858e-03
3.038661e-03
3.041452e-03
3.044230e-03
3.046996e-03
3.049750e-03
3.052491e-03
3.055220e-03
3.057937e-03
3.060641e-03
3.063333e-03
3.066012e-03
3.068680e-03
3.071335e-03
3.073977e-03
3.076607e-03
3.079225e-03
3.081830e-03
3.084423e-03
3.087004e-03
3.089572e-03
3.092128e-03
3.094672e-03
3.097203e-03
3.099722e-03
3.102228e-03
3.104723e-03
3.107204e-03
3.109674e-03
3.112131e-03
3.114576e-03
3.117008e-03
3.119428e-03
3.121836e-03
3.124231e-03
3.126614e-03
3.128984e-03
3.131342e-03
3.133688e-03
3.136022e-03
3.138343e-03
3.140652e-03
3.142948e-03
3.145232e-03
3.147504e-03
3.149763e-03
3.152010e-03
3.154245e-03
3.156467e-03
3.158677e-03
3.160874e-03
3.163060e-03
3.165232e-03
3.167393e-03
3.169541e-03
3.171677e-03
3.173800e-03
3.175911e-03
3.178010e-03
3.180096e-03
3.182170e-03
3.184231e-03
3.186281e-03
3.188317e-03
3.190342e-03
3.192354e-03
3.194354e-03
3.196341e-03
3.198316e-03
3.200279e-03
3.202229e-03
3.204167e-03
3.206093e-03
3.208006e-03
3.209907e-03
3.211796e-03
3.213672e-03
3.215536e-03
3.217387e-03
3.219226e-03
3.221053e-03
3.222867e-03
3.224669e-03
3.226459e-03
3.228236e-03
3.230001e-03
3.231754e-03
3.233494e-03
3.235222e-03
3.236937e-03
3.238640e-03
3.240331e-03
3.242010e-03
3.243676e-03
3.245329e-03
3.246971e-03
3.248600e-03
3.250216e-03
3.251821e-03
3.253412e-03
3.254992e-03
3.256559e-03
3.258114e-03
3.259656e-03
3.261187e-03
3.262704e-03
3.264210e-03
3.265703e-03
3.267183e-03
3.268652e-03
3.270108e-03
3.271551e-03
3.272982e-03
3.274401e-03
3.275808e-03
3.277202e-03
3.278584e-03
3.279953e-03
3.281310e-03
3.282655e-03
3.283987e-03
3.285307e-03
3.286615e-03
3.287910e-03
3.289193e-03
3.290464e-03
3.291722e-03
3.292968e-03
3.294201e-03
3.295422e-03
3.296631e-03
3.297827e-03
3.299012e-03
3.300183e-03
3.301343e-03
3.302489e-03
3.303624e-03
3.304746e-03
3.305856e-03
3.306954e-03
3.308039e-03
3.309112e-03
3.310172e-03
3.311220e-03
3.312256e-03
3.313279e-03
3.314290e-03
3.315289e-03
3.316275e-03
3.317249e-03
3.318211e-03
3.319160e-03
3.320097e-03
3.321021e-03
3.321933e-03
3.322833e-03
3.323720e-03
3.324596e-03
3.325458e-03
3.326309e-03
3.327147e-03
3.327972e-03
3.328785e-03
3.329586e-03
3.330375e-03
3.331151e-03
3.331915e-03
3.332666e-03
3.333405e-03
3.334132e-03
3.334846e-03
3.335548e-03
3.336238e-03
3.336915e-03
3.337580e-03
3.338233e-03
3.338873e-03
3.339501e-03
3.340116e-03
3.340720e-03
3.341310e-03
3.341889e-03
3.342455e-03
3.343009e-03
3.343550e-03
3.344079e-03
3.344595e-03
3.345100e-03
3.345592e-03
3.346071e-03
3.346538e-03
3.346993e-03
3.347436e-03
3.347866e-03
3.348283e-03
3.348689e-03
3.349082e-03
3.349463e-03
3.349831e-03
3.350187e-03
3.350530e-03
3.350862e-03
3.351180e-03
3.351487e-03
3.351781e-03
3.352063e-03
3.352332e-03
3.352589e-03
3.352834e-03
3.353066e-03
3.353286e-03
3.353494e-03
3.353689e-03
3.353872e-03
3.354043e-03
3.354201e-03
3.354347e-03
3.354480e-03
3.354601e-03
3.354710e-03
3.354807e-03
3.354891e-03
3.354962e-03
3.355022e-03
3.355068e-03
3.355103e-03
3.355125e-03
3.355135e-03
3.355133e-03
3.355118e-03
3.355091e-03
3.355051e-03
3.354999e-03
3.354935e-03
3.354858e-03
3.354769e-03
3.354668e-03
3.354554e-03
3.354428e-03
3.354290e-03
3.354139e-03
3.353976e-03
3.353800e-03
3.353612e-03
3.353412e-03
3.353199e-03
3.352974e-03
3.352737e-03
3.352487e-03
3.352225e-03
3.351951e-03
3.351664e-03
3.351365e-03
3.351054e-03
3.350730e-03
3.350394e-03
3.350045e-03
3.349684e-03
3.349311e-03
3.348925e-03
3.348527e-03
3.348117e-03
3.347694e-03
3.347259e-03
3.346812e-03
3.346352e-03
3.345880e-03
3.345395e-03
3.344898e-03
3.344389e-03
3.343868e-03
3.343334e-03
3.343009e-03
3.343009e-03
3.343009e-03
3.343009e-03
3.343009e-03
3.343009e-03
3.343009e-03
3.343009e-03
3.343009e-03
3.343009e-03
3.343009e-03
3.343009e-03
3.343009e-03
3.343009e-03
3.343009e-03
3.343009e-03
3.343009e-03
3.343009e-03
3.343009e-03
3.343009e-03
3.343009e-03
3.343009e-03
3.343009e-03
3.343009e-03
3.343009e-03
3.343009e-03
3.343009e-03
3.343009e-03
3.343009e-03
3.343009e-03
3.343009e-03
3.343009e-03
3.343009e-03
3.343009e-03
3.343009e-03
3.343009e-03
3.343009e-03
3.343009e-03
3.343009e-03
3.343009e-03
3.343009e-03
3.343009e-03
3.343009e-03
3.343009e-03
3.343009e-03
3.343009e-03
3.343009e-03
3.343009e-03
3.343009e-03
3.343009e-03
3.343009e-03
3.343009e-03
3.343009e-03
3.343009e-03
3.343009e-03
3.343009e-03
3.343009e-03
3.343009e-03
3.343009e-03
3.343009e-03
3.343009e-03
3.343009e-03
3.343009e-03
3.343009e-03
3.343009e-03
3.343009e-03
3.343009e-03
3.343009e-03
3.343009e-03
3.343009e-03
3.343009e-03
3.343009e-03
3.343009e-03
3.343009e-03
3.343009e-03
3.343009e-03
3.343009e-03
3.343009e-03
3.343009e-03
3.343009e-03
3.343009e-03
3.343009e-03
3.343009e-03
3.343009e-03
3.343009e-03
3.343009e-03
3.343009e-03
3.343009e-03
3.343009e-03
3.343009e-03
3.343009e-03
3.343009e-03
3.343009e-03
3.343009e-03
3.343009e-03
3.343009e-03
3.343009e-03
3.343009e-03
3.343009e-03
3.343009e-03
3.343009e-03
3.343009e-03
3.343009e-03
3.343009e-03
3.343009e-03
3.343009e-03
3.343009e-03
3.343009e-03
3.343009e-03
3.343009e-03
3.343009e-03
3.343009e-03
3.343009e-03
3.343009e-03
3.343009e-03
3.343009e-03
3.343009e-03
3.343009e-03
3.343009e-03
3.343009e-03
3.343009e-03
3.343009e-03
3.343009e-03
3.343009e-03
3.343009e-03
3.343009e-03
3.343009e-03
3.343009e-03
3.343009e-03
3.343009e-03
3.343009e-03
3.343009e-03
3.343009e-03
3.343009e-03
3.343009e-03
3.343009e-03
3.343009e-03
3.343009e-03
3.343009e-03
3.343009e-03
3.343009e-03
3.343009e-03
3.343009e-03
3.343009e-03
3.343009e-03
3.343009e-03
3.343009e-03
3.343009e-03
3.343009e-03
3.343009e-03
3.343009e-03
3.343009e-03
3.343009e-03
3.343009e-03
3.343009e-03
3.343009e-03
3.343009e-03
3.343009e-03
3.343009e-03
3.343009e-03
3.343009e-03
3.343009e-03
3.343009e-03
3.343009e-03
3.343009e-03
3.343009e-03
3.343009e-03
3.343009e-03
3.343009e-03
3.343009e-03
3.343009e-03
3.343009e-03
3.343009e-03
3.343009e-03
3.343009e-03
3.343009e-03
3.343009e-03
3.343009e-03
3.343009e-03
3.343009e-03
3.343009e-03
3.343009e-03
3.343009e-03
3.343009e-03
3.343009e-03
3.343009e-03
3.343009e-03
3.343009e-03
3.343009e-03
3.343009e-03
3.343009e-03
3.343009e-03
3.343009e-03
3.343009e-03
3.343009e-03
3.343009e-03
3.343009e-03
3.343009e-03
3.343009e-03
3.343009e-03
3.343009e-03
