0.000000e+00
1.110371e-07
2.243731e-07
3.400080e-07
4.579418e-07
5.781745e-07
7.007061e-07
8.255366e-07
9.526660e-07
1.082094e-06
1.213822e-06
1.347848e-06
1.484173e-06
1.622797e-06
1.763720e-06
1.906941e-06
2.052462e-06
2.200281e-06
2.350400e-06
2.502817e-06
2.657534e-06
2.814549e-06
2.973863e-06
3.135476e-06
3.299388e-06
3.465599e-06
3.634108e-06
3.804917e-06
3.978024e-06
4.153431e-06
4.331136e-06
4.511140e-06
4.693443e-06
4.878045e-06
5.064946e-06
5.254146e-06
5.445645e-06
5.639443e-06
5.835539e-06
6.033935e-06
6.234629e-06
6.437622e-06
6.642914e-06
6.850505e-06
7.060395e-06
7.272584e-06
7.487072e-06
7.703859e-06
7.922944e-06
8.144329e-06
8.368012e-06
8.593995e-06
8.822276e-06
9.052856e-06
9.285735e-06
9.520913e-06
9.758390e-06
9.998165e-06
1.024024e-05
1.048461e-05
1.073129e-05
1.098026e-05
1.123153e-05
1.148510e-05
1.174096e-05
1.199913e-05
1.225960e-05
1.252236e-05
1.278743e-05
1.305479e-05
1.332445e-05
1.359641e-05
1.387067e-05
1.414723e-05
1.442609e-05
1.470724e-05
1.499070e-05
1.527645e-05
1.556450e-05
1.585485e-05
1.614751e-05
1.644245e-05
1.673970e-05
1.703925e-05
1.734110e-05
1.764524e-05
1.795169e-05
1.826043e-05
1.857147e-05
1.888481e-05
1.920045e-05
1.951839e-05
1.983863e-05
2.016116e-05
2.048600e-05
2.081313e-05
2.114256e-05
2.147430e-05
2.180833e-05
2.214466e-05
2.248329e-05
2.282421e-05
2.316744e-05
2.351297e-05
2.386079e-05
2.421091e-05
2.456333e-05
2.491806e-05
2.527508e-05
2.563439e-05
2.599601e-05
2.635993e-05
2.672614e-05
2.709466e-05
2.746547e-05
2.783858e-05
2.821399e-05
2.859170e-05
2.897171e-05
2.935402e-05
2.973863e-05
3.012553e-05
3.051474e-05
3.090624e-05
3.130004e-05
3.169615e-05
3.209455e-05
3.249524e-05
3.289824e-05
3.330354e-05
3.371114e-05
3.412103e-05
3.453322e-05
3.494772e-05
3.536451e-05
3.578360e-05
3.620499e-05
3.662867e-05
3.705466e-05
3.748295e-05
3.791353e-05
3.834642e-05
3.878160e-05
3.921908e-05
3.965886e-05
4.010094e-05
4.054532e-05
4.099200e-05
4.144097e-05
4.189225e-05
4.234582e-05
4.280169e-05
4.325986e-05
4.372034e-05
4.418310e-05
4.464817e-05
4.511554e-05
4.558521e-05
4.605717e-05
4.653144e-05
4.700800e-05
4.748686e-05
4.796802e-05
4.845148e-05
4.893724e-05
4.942530e-05
4.991565e-05
5.040831e-05
5.090326e-05
5.140052e-05
5.190007e-05
5.240192e-05
5.290607e-05
5.341252e-05
5.392126e-05
5.443231e-05
5.494566e-05
5.546130e-05
5.597924e-05
5.649949e-05
5.702203e-05
5.754687e-05
5.807401e-05
5.860344e-05
5.913518e-05
5.966922e-05
6.020555e-05
6.074418e-05
6.128512e-05
6.182835e-05
6.237388e-05
6.292171e-05
6.347183e-05
6.402426e-05
6.457899e-05
6.513601e-05
6.569533e-05
6.625696e-05
6.682088e-05
6.738710e-05
6.795562e-05
6.852643e-05
6.909955e-05
6.967497e-05
7.025268e-05
7.083270e-05
7.141501e-05
7.199962e-05
7.258653e-05
7.317574e-05
7.376725e-05
7.436105e-05
7.495716e-05
7.555556e-05
7.615627e-05
7.675927e-05
7.736457e-05
7.797217e-05
7.858207e-05
7.919427e-05
7.980877e-05
8.042556e-05
8.104466e-05
8.166605e-05
8.228975e-05
8.291574e-05
8.354403e-05
8.417462e-05
8.480751e-05
8.544269e-05
8.608018e-05
8.671996e-05
8.736205e-05
8.800643e-05
8.865311e-05
8.930209e-05
8.995337e-05
9.060695e-05
9.126283e-05
9.192101e-05
9.258148e-05
9.324426e-05
9.390933e-05
9.457670e-05
9.524637e-05
9.591834e-05
9.659261e-05
9.726918e-05
9.794804e-05
9.862921e-05
9.931267e-05
9.999844e-05
1.006865e-04
1.013769e-04
1.020695e-04
1.027645e-04
1.034617e-04
1.041613e-04
1.048631e-04
1.055673e-04
1.062738e-04
1.069825e-04
1.076936e-04
1.084069e-04
1.091226e-04
1.098405e-04
1.105608e-04
1.112833e-04
1.120081e-04
1.127353e-04
1.134647e-04
1.141965e-04
1.149305e-04
1.156669e-04
1.164055e-04
1.171464e-04
1.178897e-04
1.186352e-04
1.193830e-04
1.201332e-04
1.208856e-04
1.216403e-04
1.223974e-04
1.231567e-04
1.239183e-04
1.246822e-04
1.254485e-04
1.262170e-04
1.269878e-04
1.277609e-04
1.285363e-04
1.293141e-04
1.300941e-04
1.308764e-04
1.316610e-04
1.324479e-04
1.332371e-04
1.340287e-04
1.348225e-04
1.356186e-04
1.364170e-04
1.372177e-04
1.380207e-04
1.388260e-04
1.396336e-04
1.404435e-04
1.412557e-04
1.420702e-04
1.428870e-04
1.437061e-04
1.445275e-04
1.453512e-04
1.461772e-04
1.470055e-04
1.478361e-04
1.486690e-04
1.495042e-04
1.503417e-04
1.511815e-04
1.520236e-04
1.528680e-04
1.537146e-04
1.545636e-04
1.554149e-04
1.562685e-04
1.571244e-04
1.579826e-04
1.588430e-04
1.597058e-04
1.605709e-04
1.614383e-04
1.623079e-04
1.631799e-04
1.640542e-04
1.649308e-04
1.658096e-04
1.666908e-04
1.675743e-04
1.684600e-04
1.693481e-04
1.702385e-04
1.711311e-04
1.720261e-04
1.729234e-04
1.738229e-04
1.747248e-04
1.756289e-04
1.765354e-04
1.774442e-04
1.783552e-04
1.792686e-04
1.801842e-04
1.811022e-04
1.820224e-04
1.829450e-04
1.838698e-04
1.847970e-04
1.857264e-04
1.866582e-04
1.875922e-04
1.885286e-04
1.894672e-04
1.904081e-04
1.913514e-04
1.922969e-04
1.932448e-04
1.941949e-04
1.951473e-04
1.961021e-04
1.970591e-04
1.980184e-04
1.989801e-04
1.999440e-04
2.009102e-04
2.018788e-04
2.028496e-04
2.038227e-04
2.047981e-04
2.057759e-04
2.067559e-04
2.077382e-04
2.087228e-04
2.097097e-04
2.106990e-04
2.116905e-04
2.126843e-04
2.136804e-04
2.146788e-04
2.156795e-04
2.166826e-04
2.176879e-04
2.186955e-04
2.197054e-04
2.207176e-04
2.217321e-04
2.227489e-04
2.237680e-04
2.247894e-04
2.258131e-04
2.268391e-04
2.278674e-04
2.288980e-04
2.299309e-04
2.309661e-04
2.320036e-04
2.330434e-04
2.340855e-04
2.351299e-04
2.361766e-04
2.372256e-04
2.382769e-04
2.393304e-04
2.403863e-04
2.414445e-04
2.425050e-04
2.435678e-04
2.446329e-04
2.457002e-04
2.467699e-04
2.478419e-04
2.489162e-04
2.499928e-04
2.510716e-04
2.521528e-04
2.532363e-04
2.543221e-04
2.554101e-04
2.565005e-04
2.575932e-04
2.586881e-04
2.597854e-04
2.608850e-04
2.619868e-04
2.630910e-04
2.641975e-04
2.653062e-04
2.664173e-04
2.675306e-04
2.686463e-04
2.697643e-04
2.708845e-04
2.720071e-04
2.731319e-04
2.742591e-04
2.753885e-04
2.765203e-04
2.776543e-04
2.787907e-04
2.799293e-04
2.810703e-04
2.822135e-04
2.833591e-04
2.845069e-04
2.856570e-04
2.868095e-04
2.879642e-04
2.891213e-04
2.902806e-04
2.914422e-04
2.926062e-04
2.937724e-04
2.949409e-04
2.961118e-04
2.972849e-04
2.984603e-04
2.996381e-04
3.008181e-04
3.020004e-04
3.031850e-04
3.043720e-04
3.055612e-04
3.067527e-04
3.079465e-04
3.091427e-04
3.103411e-04
3.115418e-04
3.127448e-04
3.139501e-04
3.151577e-04
3.163676e-04
3.175799e-04
3.187944e-04
3.200112e-04
3.212303e-04
3.224517e-04
3.236754e-04
3.249014e-04
3.261297e-04
3.273603e-04
3.285932e-04
3.298284e-04
3.310659e-04
3.323057e-04
3.335478e-04
3.347922e-04
3.360389e-04
3.372879e-04
3.385392e-04
3.397928e-04
3.410487e-04
3.423069e-04
3.435674e-04
3.448302e-04
3.460952e-04
3.473626e-04
3.486323e-04
3.499043e-04
3.511786e-04
3.524552e-04
3.537340e-04
3.550152e-04
3.562987e-04
3.575845e-04
3.588726e-04
3.601629e-04
3.614556e-04
3.627506e-04
3.640478e-04
3.653474e-04
3.666493e-04
3.679535e-04
3.692599e-04
3.705687e-04
3.718798e-04
3.731931e-04
3.745088e-04
3.758267e-04
3.771470e-04
3.784696e-04
3.797944e-04
3.811216e-04
3.824510e-04
3.837828e-04
3.851168e-04
3.864532e-04
3.877919e-04
3.891328e-04
3.904761e-04
3.918216e-04
3.931694e-04
3.945196e-04
3.958720e-04
3.972268e-04
3.985838e-04
3.999432e-04
4.013048e-04
4.026688e-04
4.040350e-04
4.054035e-04
4.067744e-04
4.081475e-04
4.095229e-04
4.109007e-04
4.122807e-04
4.136630e-04
4.150477e-04
4.164346e-04
4.178238e-04
4.192153e-04
4.206092e-04
4.220053e-04
4.234037e-04
4.248044e-04
4.262075e-04
4.276128e-04
4.290204e-04
4.304303e-04
4.318425e-04
4.332571e-04
4.346739e-04
4.360930e-04
4.375144e-04
4.389381e-04
4.403641e-04
4.417924e-04
4.432230e-04
4.446559e-04
4.460911e-04
4.475287e-04
4.489685e-04
4.504106e-04
4.518550e-04
4.533017e-04
4.547507e-04
4.562020e-04
4.576556e-04
4.591115e-04
4.605697e-04
4.620301e-04
4.634929e-04
4.649580e-04
4.664254e-04
4.678951e-04
4.693671e-04
4.708414e-04
4.723180e-04
4.737969e-04
4.752780e-04
4.767615e-04
4.782473e-04
4.797354e-04
4.812258e-04
4.827184e-04
4.842134e-04
4.857107e-04
4.872103e-04
4.887121e-04
4.902163e-04
4.917228e-04
4.932316e-04
4.947426e-04
4.962560e-04
4.977717e-04
4.992896e-04
5.008099e-04
5.023325e-04
5.038573e-04
5.053845e-04
5.069140e-04
5.084457e-04
5.099798e-04
5.115161e-04
5.130548e-04
5.145957e-04
5.161390e-04
5.176846e-04
5.192324e-04
5.207826e-04
5.223350e-04
5.238898e-04
5.254468e-04
5.270062e-04
5.285678e-04
5.301317e-04
5.316980e-04
5.332665e-04
5.348374e-04
5.364105e-04
5.379859e-04
5.395637e-04
5.411437e-04
5.427261e-04
5.443107e-04
5.458976e-04
5.474869e-04
5.490784e-04
5.506722e-04
5.522684e-04
5.538668e-04
5.554675e-04
5.570705e-04
5.586759e-04
5.602835e-04
5.618934e-04
5.635056e-04
5.651201e-04
5.667370e-04
5.683561e-04
5.699775e-04
5.716012e-04
5.732272e-04
5.748555e-04
5.764862e-04
5.781191e-04
5.797543e-04
5.813918e-04
5.830316e-04
5.846737e-04
5.863181e-04
5.879648e-04
5.896138e-04
5.912651e-04
5.929187e-04
5.945746e-04
5.962328e-04
5.978933e-04
5.995561e-04
6.012212e-04
6.028886e-04
6.045583e-04
6.062303e-04
6.079046e-04
6.095812e-04
6.112601e-04
6.129413e-04
6.146248e-04
6.163105e-04
6.179986e-04
6.196890e-04
6.213817e-04
6.230767e-04
6.247740e-04
6.264735e-04
6.281754e-04
6.298796e-04
6.315861e-04
6.332948e-04
6.350059e-04
6.367193e-04
6.384350e-04
6.401529e-04
6.418732e-04
6.435958e-04
6.453206e-04
6.470478e-04
6.487773e-04
6.505090e-04
6.522431e-04
6.539795e-04
6.557181e-04
6.574591e-04
6.592024e-04
6.609479e-04
6.626958e-04
6.644459e-04
6.661984e-04
6.679531e-04
6.697102e-04
6.714695e-04
6.732312e-04
6.749951e-04
6.767614e-04
6.785299e-04
6.803008e-04
6.820739e-04
6.838494e-04
6.856271e-04
6.874072e-04
6.891895e-04
6.909741e-04
6.927611e-04
6.945503e-04
6.963418e-04
6.981357e-04
6.999318e-04
7.017302e-04
7.035310e-04
7.053340e-04
7.071393e-04
7.089470e-04
7.107569e-04
7.125691e-04
7.143836e-04
7.162005e-04
7.180196e-04
7.198410e-04
7.216647e-04
7.234908e-04
7.253191e-04
7.271497e-04
7.289826e-04
7.308178e-04
7.326553e-04
7.344952e-04
7.363373e-04
7.381817e-04
7.400284e-04
7.418774e-04
7.437287e-04
7.455823e-04
7.474382e-04
7.492964e-04
7.511569e-04
7.530197e-04
7.548848e-04
7.567522e-04
7.586219e-04
7.604939e-04
7.623682e-04
7.642448e-04
7.661237e-04
7.680049e-04
7.698884e-04
7.717742e-04
7.736623e-04
7.755527e-04
7.774454e-04
7.793403e-04
7.812376e-04
7.831372e-04
7.850391e-04
7.869433e-04
7.888498e-04
7.907585e-04
7.926696e-04
7.945830e-04
7.964987e-04
7.984167e-04
8.003369e-04
8.022595e-04
8.041844e-04
8.061115e-04
8.080410e-04
8.099728e-04
8.119069e-04
8.138432e-04
8.157819e-04
8.177229e-04
8.196661e-04
8.216117e-04
8.235595e-04
8.255097e-04
8.274622e-04
8.294169e-04
8.313740e-04
8.333333e-04
8.352950e-04
8.372589e-04
8.392252e-04
8.411937e-04
8.431646e-04
8.451377e-04
8.471132e-04
8.490909e-04
8.510710e-04
8.530533e-04
8.550380e-04
8.570249e-04
8.590142e-04
8.610057e-04
8.629995e-04
8.649957e-04
8.669941e-04
8.689949e-04
8.709979e-04
8.730032e-04
8.750109e-04
8.770208e-04
8.790330e-04
8.810476e-04
8.830644e-04
8.850835e-04
8.871049e-04
8.891287e-04
8.911547e-04
8.931830e-04
8.952136e-04
8.972466e-04
8.992818e-04
9.013193e-04
9.033591e-04
9.054012e-04
9.074456e-04
9.094924e-04
9.115414e-04
9.135927e-04
9.156463e-04
9.177022e-04
9.197604e-04
9.218209e-04
9.238837e-04
9.259488e-04
9.280162e-04
9.300859e-04
9.321579e-04
9.342323e-04
9.363089e-04
9.383878e-04
9.404689e-04
9.425524e-04
9.446382e-04
9.467263e-04
9.488167e-04
9.509094e-04
9.530044e-04
9.551017e-04
9.572013e-04
9.593032e-04
9.614074e-04
9.635139e-04
9.656226e-04
9.677337e-04
9.698471e-04
9.719628e-04
9.740808e-04
9.762011e-04
9.783236e-04
9.804485e-04
9.825757e-04
9.847052e-04
9.868369e-04
9.889710e-04
9.911074e-04
9.932460e-04
9.953870e-04
9.975303e-04
9.996759e-04
1.001824e-03
1.003974e-03
1.006126e-03
1.008281e-03
1.010438e-03
1.012598e-03
1.014759e-03
1.016923e-03
1.019089e-03
1.021258e-03
1.023429e-03
1.025602e-03
1.027777e-03
1.029955e-03
1.032135e-03
1.034318e-03
1.036502e-03
1.038689e-03
1.040878e-03
1.043070e-03
1.045264e-03
1.047460e-03
1.049658e-03
1.051859e-03
1.054062e-03
1.056268e-03
1.058475e-03
1.060685e-03
1.062897e-03
1.065112e-03
1.067329e-03
1.069548e-03
1.071769e-03
1.073993e-03
1.076219e-03
1.078447e-03
1.080678e-03
1.082911e-03
1.085146e-03
1.087384e-03
1.089623e-03
1.091866e-03
1.094110e-03
1.096357e-03
1.098606e-03
1.100857e-03
1.103111e-03
1.105367e-03
1.107625e-03
1.109885e-03
1.112148e-03
1.114413e-03
1.116681e-03
1.118950e-03
1.121222e-03
1.123497e-03
1.125773e-03
1.128052e-03
1.130333e-03
1.132617e-03
1.134903e-03
1.137191e-03
1.139481e-03
1.141774e-03
1.144069e-03
1.146366e-03
1.148666e-03
1.150968e-03
1.153272e-03
1.155578e-03
1.157887e-03
1.160198e-03
1.162512e-03
1.164827e-03
1.167145e-03
1.169466e-03
1.171788e-03
1.174113e-03
1.176440e-03
1.178770e-03
1.181101e-03
1.183436e-03
1.185772e-03
1.188111e-03
1.190452e-03
1.192795e-03
1.195140e-03
1.197488e-03
1.199838e-03
1.202191e-03
1.204546e-03
1.206903e-03
1.209262e-03
1.211624e-03
1.213988e-03
1.216354e-03
1.218723e-03
1.221093e-03
1.223467e-03
1.225842e-03
1.228220e-03
1.230600e-03
1.232982e-03
1.235367e-03
1.237754e-03
1.240143e-03
1.242535e-03
1.244929e-03
1.247325e-03
1.249723e-03
1.252124e-03
1.254527e-03
1.256932e-03
1.259340e-03
1.261750e-03
1.264162e-03
1.266577e-03
1.268993e-03
1.271413e-03
1.273834e-03
1.276258e-03
1.278684e-03
1.281112e-03
1.283543e-03
1.285976e-03
1.288411e-03
1.290848e-03
1.293288e-03
1.295730e-03
1.298175e-03
1.300622e-03
1.303071e-03
1.305522e-03
1.307975e-03
1.310431e-03
1.312890e-03
1.315350e-03
1.317813e-03
1.320278e-03
1.322745e-03
1.325215e-03
1.327687e-03
1.330162e-03
1.332638e-03
1.335117e-03
1.337598e-03
1.340082e-03
1.342568e-03
1.345056e-03
1.347546e-03
1.350039e-03
1.352534e-03
1.355031e-03
1.357531e-03
1.360033e-03
1.362537e-03
1.365043e-03
1.367552e-03
1.370063e-03
1.372577e-03
1.375092e-03
1.377610e-03
1.380131e-03
1.382653e-03
1.385178e-03
1.387705e-03
1.390235e-03
1.392766e-03
1.395301e-03
1.397837e-03
1.400376e-03
1.402917e-03
1.405460e-03
1.408005e-03
1.410553e-03
1.413103e-03
1.415656e-03
1.418211e-03
1.420768e-03
1.423327e-03
1.425889e-03
1.428453e-03
1.431019e-03
1.433588e-03
1.436159e-03
1.438732e-03
1.441307e-03
1.443885e-03
1.446465e-03
1.449047e-03
1.451632e-03
1.454219e-03
1.456808e-03
1.459400e-03
1.461994e-03
1.464590e-03
1.467188e-03
1.469789e-03
1.472392e-03
1.474997e-03
1.477605e-03
1.480215e-03
1.482827e-03
1.485442e-03
1.488059e-03
1.490678e-03
1.493299e-03
1.495923e-03
1.498549e-03
1.501177e-03
1.503808e-03
1.506441e-03
1.509076e-03
1.511714e-03
1.514353e-03
1.516996e-03
1.519640e-03
1.522287e-03
1.524936e-03
1.527587e-03
1.530241e-03
1.532897e-03
1.535555e-03
1.538215e-03
1.540878e-03
1.543543e-03
1.546211e-03
1.548880e-03
1.551552e-03
1.554227e-03
1.556903e-03
1.559582e-03
1.562264e-03
1.564947e-03
1.567633e-03
1.570321e-03
1.573011e-03
1.575704e-03
1.578399e-03
1.581096e-03
1.583796e-03
1.586498e-03
1.589202e-03
1.591909e-03
1.594617e-03
1.597328e-03
1.600042e-03
1.602758e-03
1.605476e-03
1.608196e-03
1.610918e-03
1.613643e-03
1.616371e-03
1.619100e-03
1.621832e-03
1.624566e-03
1.627302e-03
1.630041e-03
1.632782e-03
1.635525e-03
1.638271e-03
1.641019e-03
1.643769e-03
1.646521e-03
1.649276e-03
1.652033e-03
1.654793e-03
1.657554e-03
1.660318e-03
1.663085e-03
1.665853e-03
1.668624e-03
1.671397e-03
1.674173e-03
1.676950e-03
1.679730e-03
1.682513e-03
1.685297e-03
1.688084e-03
1.690874e-03
1.693665e-03
1.696459e-03
1.699255e-03
1.702054e-03
1.704854e-03
1.707658e-03
1.710463e-03
1.713271e-03
1.716080e-03
1.718893e-03
1.721707e-03
1.724524e-03
1.727343e-03
1.730165e-03
1.732988e-03
1.735814e-03
1.738643e-03
1.741473e-03
1.744306e-03
1.747142e-03
1.749979e-03
1.752819e-03
1.755661e-03
1.758506e-03
1.761352e-03
1.764201e-03
1.767053e-03
1.769906e-03
1.772762e-03
1.775620e-03
1.778481e-03
1.781344e-03
1.784209e-03
1.787076e-03
1.789946e-03
1.792818e-03
1.795692e-03
1.798569e-03
1.801448e-03
1.804329e-03
1.807213e-03
1.810099e-03
1.812987e-03
1.815877e-03
1.818770e-03
1.821665e-03
1.824562e-03
1.827462e-03
1.830364e-03
1.833268e-03
1.836174e-03
1.839083e-03
1.841994e-03
1.844908e-03
1.847823e-03
1.850741e-03
1.853662e-03
1.856584e-03
1.859509e-03
1.862436e-03
1.865366e-03
1.868298e-03
1.871232e-03
1.874168e-03
1.877107e-03
1.880048e-03
1.882991e-03
1.885937e-03
1.888885e-03
1.891835e-03
1.894787e-03
1.897742e-03
1.900699e-03
1.903658e-03
1.906620e-03
1.909584e-03
1.912550e-03
1.915519e-03
1.918490e-03
1.921463e-03
1.924438e-03
1.927416e-03
1.930396e-03
1.933379e-03
1.936363e-03
1.939350e-03
1.942340e-03
1.945331e-03
1.948325e-03
1.951321e-03
1.954320e-03
1.957320e-03
1.960323e-03
1.963329e-03
1.966336e-03
1.969346e-03
1.972359e-03
1.975373e-03
1.978390e-03
1.981409e-03
1.984431e-03
1.987454e-03
1.990480e-03
1.993509e-03
1.996539e-03
1.999572e-03
2.002608e-03
2.005645e-03
2.008685e-03
2.011727e-03
2.014772e-03
2.017818e-03
2.020867e-03
2.023919e-03
2.026972e-03
2.030028e-03
2.033087e-03
2.036147e-03
2.039210e-03
2.042275e-03
2.045342e-03
2.048412e-03
2.051484e-03
2.054559e-03
2.057635e-03
2.060714e-03
2.063795e-03
2.066879e-03
2.069965e-03
2.073053e-03
2.076143e-03
2.079236e-03
2.082331e-03
2.085428e-03
2.088528e-03
2.091630e-03
2.094734e-03
2.097840e-03
2.100949e-03
2.104060e-03
2.107174e-03
2.110289e-03
2.113407e-03
2.116528e-03
2.119650e-03
2.122775e-03
2.125902e-03
2.129032e-03
2.132164e-03
2.135298e-03
2.138434e-03
2.141573e-03
2.144714e-03
2.147857e-03
2.151003e-03
2.154151e-03
2.157301e-03
2.160453e-03
2.163608e-03
2.166765e-03
2.169925e-03
2.173086e-03
2.176250e-03
2.179417e-03
2.182585e-03
2.185756e-03
2.188929e-03
2.192105e-03
2.195283e-03
2.198463e-03
2.201645e-03
2.204830e-03
2.208017e-03
2.211206e-03
2.214397e-03
2.217591e-03
2.220787e-03
2.223986e-03
2.227187e-03
2.230390e-03
2.233595e-03
2.236803e-03
2.240013e-03
2.243225e-03
2.246440e-03
2.249656e-03
2.252876e-03
2.256097e-03
2.259321e-03
2.262547e-03
2.265775e-03
2.269006e-03
2.272239e-03
2.275474e-03
2.278712e-03
2.281951e-03
2.285194e-03
2.288438e-03
2.291685e-03
2.294934e-03
2.298185e-03
2.301439e-03
2.304695e-03
2.307953e-03
2.311214e-03
2.314476e-03
2.317741e-03
2.321009e-03
2.324279e-03
2.327551e-03
2.330825e-03
2.334102e-03
2.337381e-03
2.340662e-03
2.343945e-03
2.347231e-03
2.350519e-03
2.353810e-03
2.357102e-03
2.360397e-03
2.363695e-03
2.366994e-03
2.370296e-03
2.373600e-03
2.376907e-03
2.380216e-03
2.383527e-03
2.386840e-03
2.390156e-03
2.393474e-03
2.396794e-03
2.400117e-03
2.403442e-03
2.406769e-03
2.410099e-03
2.413430e-03
2.416764e-03
2.420101e-03
2.423440e-03
2.426781e-03
2.430124e-03
2.433469e-03
2.436817e-03
2.440168e-03
2.443520e-03
2.446875e-03
2.450232e-03
2.453591e-03
2.456953e-03
2.460317e-03
2.463683e-03
2.467052e-03
2.470423e-03
2.473796e-03
2.477171e-03
2.480549e-03
2.483929e-03
2.487312e-03
2.490696e-03
2.494083e-03
2.497473e-03
2.500864e-03
2.504258e-03
2.507654e-03
2.511053e-03
2.514453e-03
2.517857e-03
2.521262e-03
2.524670e-03
2.528080e-03
2.531492e-03
2.534906e-03
2.538323e-03
2.541742e-03
2.545164e-03
2.548588e-03
2.552014e-03
2.555442e-03
2.558873e-03
2.562306e-03
2.565741e-03
2.569178e-03
2.572618e-03
2.576060e-03
2.579505e-03
2.582952e-03
2.586401e-03
2.589852e-03
2.593306e-03
2.596762e-03
2.600220e-03
2.603680e-03
2.607143e-03
2.610608e-03
2.614076e-03
2.617546e-03
2.621018e-03
2.624492e-03
2.627969e-03
2.631447e-03
2.634929e-03
2.638412e-03
2.641898e-03
2.645386e-03
2.648877e-03
2.652369e-03
2.655864e-03
2.659362e-03
2.662861e-03
2.666363e-03
2.669867e-03
2.673374e-03
2.676883e-03
2.680394e-03
2.683907e-03
2.687423e-03
2.690941e-03
2.694461e-03
2.697984e-03
2.701509e-03
2.705036e-03
2.708566e-03
2.712097e-03
2.715631e-03
2.719168e-03
2.722707e-03
2.726248e-03
2.729791e-03
2.733337e-03
2.736884e-03
2.740435e-03
2.743987e-03
2.747542e-03
2.750434e-03
2.753315e-03
2.756185e-03
2.759043e-03
2.761889e-03
2.764724e-03
2.767548e-03
2.770360e-03
2.773160e-03
2.775949e-03
2.778727e-03
2.781493e-03
2.784248e-03
2.786992e-03
2.789723e-03
2.792444e-03
2.795153e-03
2.797850e-03
2.800536e-03
2.803211e-03
2.805874e-03
2.808525e-03
2.811166e-03
2.813794e-03
2.816411e-03
2.819017e-03
2.821611e-03
2.824194e-03
2.826766e-03
2.829326e-03
2.831874e-03
2.834411e-03
2.836936e-03
2.839450e-03
2.841953e-03
2.844444e-03
2.846924e-03
2.849392e-03
2.851849e-03
2.854294e-03
2.856728e-03
2.859150e-03
2.861561e-03
2.863960e-03
2.866348e-03
2.868725e-03
2.871090e-03
2.873443e-03
2.875785e-03
2.878116e-03
2.880435e-03
2.882743e-03
2.885039e-03
2.887324e-03
2.889597e-03
2.891859e-03
2.894109e-03
2.896348e-03
2.898576e-03
2.900792e-03
2.902996e-03
2.905189e-03
2.907371e-03
2.909541e-03
2.911699e-03
2.913847e-03
2.915982e-03
2.918107e-03
2.920219e-03
2.922321e-03
2.924411e-03
2.926489e-03
2.928556e-03
2.930611e-03
2.932655e-03
2.934688e-03
2.936709e-03
2.938719e-03
2.940717e-03
2.942704e-03
2.944679e-03
2.946643e-03
2.948595e-03
2.950536e-03
2.952465e-03
2.954383e-03
2.956289e-03
2.958184e-03
2.960068e-03
2.961940e-03
2.963801e-03
2.965650e-03
2.967487e-03
2.969314e-03
2.971128e-03
2.972932e-03
2.974723e-03
2.976504e-03
2.978273e-03
2.980030e-03
2.981776e-03
2.983510e-03
2.985233e-03
2.986945e-03
2.988645e-03
2.990334e-03
2.992011e-03
2.993677e-03
2.995331e-03
2.996974e-03
2.998605e-03
3.000225e-03
3.001833e-03
3.003430e-03
3.005016e-03
3.006590e-03
3.008152e-03
3.009703e-03
3.011243e-03
3.012771e-03
3.014288e-03
3.015793e-03
3.017287e-03
3.018769e-03
3.020240e-03
3.021699e-03
3.023147e-03
3.024583e-03
3.026008e-03
3.027422e-03
3.028824e-03
3.030214e-03
3.031593e-03
3.032961e-03
3.034317e-03
3.035662e-03
3.036995e-03
3.038317e-03
3.039627e-03
3.040926e-03
3.042214e-03
3.043489e-03
3.044754e-03
3.046007e-03
3.047248e-03
3.048479e-03
3.049697e-03
3.050904e-03
3.052100e-03
3.053284e-03
3.054457e-03
3.055618e-03
3.056768e-03
3.057906e-03
3.059033e-03
3.060149e-03
3.061253e-03
3.062345e-03
3.063426e-03
3.064496e-03
3.065554e-03
3.066601e-03
3.067636e-03
3.068660e-03
3.069672e-03
3.070673e-03
3.071662e-03
3.072640e-03
3.073606e-03
3.074561e-03
3.075505e-03
3.076437e-03
3.077357e-03
3.078266e-03
3.079164e-03
3.080050e-03
3.080925e-03
3.081788e-03
3.082640e-03
3.083480e-03
3.084309e-03
3.085126e-03
3.085932e-03
3.086726e-03
3.087509e-03
3.088281e-03
3.089041e-03
3.089790e-03
3.090527e-03
3.091252e-03
3.091967e-03
3.092669e-03
3.093361e-03
3.094040e-03
3.094709e-03
3.095366e-03
3.096011e-03
3.096645e-03
3.097267e-03
3.097878e-03
3.098478e-03
3.099066e-03
3.099643e-03
3.100208e-03
3.100762e-03
3.101304e-03
3.101835e-03
3.102354e-03
3.102862e-03
3.103358e-03
3.103843e-03
3.104316e-03
3.104778e-03
3.105229e-03
3.105668e-03
3.106096e-03
3.106512e-03
3.106916e-03
3.107310e-03
3.107691e-03
3.108062e-03
3.108420e-03
3.108768e-03
3.109104e-03
3.109428e-03
3.109741e-03
3.110043e-03
3.110333e-03
3.110611e-03
3.110878e-03
3.111134e-03
3.111378e-03
3.111611e-03
3.111832e-03
3.112042e-03
3.112240e-03
3.112427e-03
3.112602e-03
3.112766e-03
3.112919e-03
3.113060e-03
3.113189e-03
3.113307e-03
3.113414e-03
3.113509e-03
3.113593e-03
3.113665e-03
3.113726e-03
3.113775e-03
3.113813e-03
3.113839e-03
3.113854e-03
3.113857e-03
3.113849e-03
3.113830e-03
3.113799e-03
3.113756e-03
3.113703e-03
3.113637e-03
3.113560e-03
3.113472e-03
3.113372e-03
3.113261e-03
3.113138e-03
3.113004e-03
3.112859e-03
3.112702e-03
3.112533e-03
3.112353e-03
3.112162e-03
3.111959e-03
3.111744e-03
3.111519e-03
3.111281e-03
3.111032e-03
3.110772e-03
3.110500e-03
3.110217e-03
3.109923e-03
3.109617e-03
3.109299e-03
3.108970e-03
3.108629e-03
3.108278e-03
3.107914e-03
3.107539e-03
3.107153e-03
3.106755e-03
3.106346e-03
3.105925e-03
3.105493e-03
3.105049e-03
3.104594e-03
3.104127e-03
3.103649e-03
3.103160e-03
3.102659e-03
3.102146e-03
3.101623e-03
3.101087e-03
3.100762e-03
3.100762e-03
3.100762e-03
3.100762e-03
3.100762e-03
3.100762e-03
3.100762e-03
3.100762e-03
3.100762e-03
3.100762e-03
3.100762e-03
3.100762e-03
3.100762e-03
3.100762e-03
3.100762e-03
3.100762e-03
3.100762e-03
3.100762e-03
3.100762e-03
3.100762e-03
3.100762e-03
3.100762e-03
3.100762e-03
3.100762e-03
3.100762e-03
3.100762e-03
3.100762e-03
3.100762e-03
3.100762e-03
3.100762e-03
3.100762e-03
3.100762e-03
3.100762e-03
3.100762e-03
3.100762e-03
3.100762e-03
3.100762e-03
3.100762e-03
3.100762e-03
3.100762e-03
3.100762e-03
3.100762e-03
3.100762e-03
3.100762e-03
3.100762e-03
3.100762e-03
3.100762e-03
3.100762e-03
3.100762e-03
3.100762e-03
3.100762e-03
3.100762e-03
3.100762e-03
3.100762e-03
3.100762e-03
3.100762e-03
3.100762e-03
3.100762e-03
3.100762e-03
3.100762e-03
3.100762e-03
3.100762e-03
3.100762e-03
3.100762e-03
3.100762e-03
3.100762e-03
3.100762e-03
3.100762e-03
3.100762e-03
3.100762e-03
3.100762e-03
3.100762e-03
3.100762e-03
3.100762e-03
3.100762e-03
3.100762e-03
3.100762e-03
3.100762e-03
3.100762e-03
3.100762e-03
3.100762e-03
3.100762e-03
3.100762e-03
3.100762e-03
3.100762e-03
3.100762e-03
3.100762e-03
3.100762e-03
3.100762e-03
3.100762e-03
3.100762e-03
3.100762e-03
3.100762e-03
3.100762e-03
3.100762e-03
3.100762e-03
3.100762e-03
3.100762e-03
3.100762e-03
3.100762e-03
3.100762e-03
3.100762e-03
3.100762e-03
3.100762e-03
3.100762e-03
3.100762e-03
3.100762e-03
3.100762e-03
3.100762e-03
3.100762e-03
3.100762e-03
3.100762e-03
3.100762e-03
3.100762e-03
3.100762e-03
3.100762e-03
3.100762e-03
3.100762e-03
3.100762e-03
3.100762e-03
3.100762e-03
3.100762e-03
3.100762e-03
3.100762e-03
3.100762e-03
3.100762e-03
3.100762e-03
3.100762e-03
3.100762e-03
3.100762e-03
3.100762e-03
3.100762e-03
3.100762e-03
3.100762e-03
3.100762e-03
3.100762e-03
3.100762e-03
3.100762e-03
3.100762e-03
3.100762e-03
3.100762e-03
3.100762e-03
3.100762e-03
3.100762e-03
3.100762e-03
3.100762e-03
3.100762e-03
3.100762e-03
3.100762e-03
3.100762e-03
3.100762e-03
3.100762e-03
3.100762e-03
3.100762e-03
3.100762e-03
3.100762e-03
3.100762e-03
3.100762e-03
3.100762e-03
3.100762e-03
3.100762e-03
3.100762e-03
3.100762e-03
3.100762e-03
3.100762e-03
3.100762e-03
3.100762e-03
3.100762e-03
3.100762e-03
3.100762e-03
3.100762e-03
3.100762e-03
3.100762e-03
3.100762e-03
3.100762e-03
3.100762e-03
3.100762e-03
3.100762e-03
3.100762e-03
3.100762e-03
3.100762e-03
3.100762e-03
3.100762e-03
3.100762e-03
3.100762e-03
3.100762e-03
3.100762e-03
3.100762e-03
3.100762e-03
3.100762e-03
3.100762e-03
3.100762e-03
3.100762e-03
3.100762e-03
3.100762e-03
3.100762e-03
3.100762e-03
3.100762e-03
3.100762e-03
3.100762e-03
3.100762e-03
