0.000000e+00
1.110371e-07
2.328545e-07
3.654522e-07
5.088301e-07
6.629884e-07
8.279270e-07
1.003646e-06
1.190145e-06
1.387425e-06
1.595484e-06
1.814324e-06
2.043945e-06
2.284345e-06
2.535526e-06
2.797488e-06
3.070229e-06
3.353751e-06
3.648053e-06
3.953136e-06
4.268999e-06
4.595642e-06
4.933065e-06
5.281269e-06
5.640253e-06
6.010017e-06
6.390562e-06
6.781887e-06
7.183992e-06
7.596877e-06
8.020543e-06
8.454989e-06
8.900215e-06
9.356222e-06
9.823009e-06
1.030058e-05
1.078892e-05
1.128805e-05
1.179796e-05
1.231865e-05
1.285012e-05
1.339237e-05
1.394540e-05
1.450921e-05
1.508380e-05
1.566917e-05
1.626532e-05
1.687225e-05
1.748996e-05
1.811845e-05
1.875772e-05
1.940777e-05
2.006861e-05
2.074022e-05
2.142261e-05
2.211578e-05
2.281974e-05
2.353447e-05
2.425999e-05
2.499628e-05
2.574336e-05
2.650121e-05
2.726985e-05
2.804926e-05
2.883946e-05
2.964043e-05
3.045219e-05
3.127473e-05
3.210804e-05
3.295214e-05
3.380702e-05
3.467268e-05
3.554912e-05
3.643633e-05
3.733433e-05
3.824311e-05
3.916267e-05
4.009301e-05
4.103413e-05
4.198603e-05
4.294871e-05
4.392217e-05
4.490642e-05
4.590144e-05
4.690724e-05
4.792382e-05
4.895118e-05
4.998933e-05
5.103825e-05
5.209795e-05
5.316844e-05
5.424970e-05
5.534175e-05
5.644457e-05
5.755818e-05
5.868256e-05
5.981773e-05
6.096367e-05
6.212040e-05
6.328791e-05
6.446619e-05
6.565526e-05
6.685511e-05
6.806573e-05
6.928714e-05
7.051933e-05
7.176230e-05
7.301605e-05
7.428058e-05
7.555589e-05
7.684198e-05
7.813885e-05
7.944650e-05
8.076493e-05
8.209414e-05
8.343413e-05
8.478490e-05
8.614645e-05
8.751878e-05
8.890190e-05
9.029579e-05
9.170046e-05
9.311592e-05
9.454215e-05
9.597916e-05
9.742696e-05
9.888553e-05
1.003549e-04
1.018350e-04
1.033259e-04
1.048276e-04
1.063401e-04
1.078634e-04
1.093974e-04
1.109422e-04
1.124978e-04
1.140642e-04
1.156414e-04
1.172293e-04
1.188280e-04
1.204375e-04
1.220578e-04
1.236888e-04
1.253307e-04
1.269833e-04
1.286467e-04
1.303209e-04
1.320058e-04
1.337016e-04
1.354081e-04
1.371254e-04
1.388535e-04
1.405924e-04
1.423420e-04
1.441024e-04
1.458736e-04
1.476556e-04
1.494484e-04
1.512519e-04
1.530662e-04
1.548913e-04
1.567272e-04
1.585739e-04
1.604313e-04
1.622996e-04
1.641786e-04
1.660684e-04
1.679689e-04
1.698803e-04
1.718024e-04
1.737353e-04
1.756790e-04
1.776335e-04
1.795987e-04
1.815747e-04
1.835616e-04
1.855591e-04
1.875675e-04
1.895867e-04
1.916166e-04
1.936573e-04
1.957088e-04
1.977711e-04
1.998441e-04
2.019279e-04
2.040226e-04
2.061280e-04
2.082441e-04
2.103711e-04
2.125088e-04
2.146573e-04
2.168166e-04
2.189867e-04
2.211675e-04
2.233592e-04
2.255616e-04
2.277748e-04
2.299988e-04
2.322335e-04
2.344791e-04
2.367354e-04
2.390025e-04
2.412804e-04
2.435690e-04
2.458685e-04
2.481787e-04
2.504997e-04
2.528314e-04
2.551740e-04
2.575273e-04
2.598915e-04
2.622664e-04
2.646520e-04
2.670485e-04
2.694557e-04
2.718738e-04
2.743026e-04
2.767422e-04
2.791925e-04
2.816537e-04
2.841256e-04
2.866083e-04
2.891018e-04
2.916060e-04
2.941211e-04
2.966469e-04
2.991835e-04
3.017309e-04
3.042891e-04
3.068580e-04
3.094377e-04
3.120282e-04
3.146295e-04
3.172416e-04
3.198644e-04
3.224981e-04
3.251425e-04
3.277976e-04
3.304636e-04
3.331404e-04
3.358279e-04
3.385262e-04
3.412353e-04
3.439552e-04
3.466858e-04
3.494272e-04
3.521795e-04
3.549424e-04
3.577162e-04
3.605008e-04
3.632961e-04
3.661022e-04
3.689191e-04
3.717468e-04
3.745852e-04
3.774345e-04
3.802945e-04
3.831653e-04
3.860468e-04
3.889392e-04
3.918423e-04
3.947562e-04
3.976809e-04
4.006164e-04
4.035627e-04
4.065197e-04
4.094875e-04
4.124661e-04
4.154555e-04
4.184557e-04
4.214666e-04
4.244883e-04
4.275208e-04
4.305641e-04
4.336181e-04
4.366830e-04
4.397586e-04
4.428450e-04
4.459422e-04
4.490501e-04
4.521689e-04
4.552984e-04
4.584387e-04
4.615898e-04
4.647517e-04
4.679243e-04
4.711077e-04
4.743019e-04
4.775069e-04
4.807227e-04
4.839492e-04
4.871865e-04
4.904346e-04
4.936935e-04
4.969632e-04
5.002436e-04
5.035349e-04
5.068369e-04
5.101497e-04
5.134732e-04
5.168076e-04
5.201527e-04
5.235086e-04
5.268753e-04
5.302528e-04
5.336410e-04
5.370400e-04
5.404498e-04
5.438704e-04
5.473018e-04
5.507439e-04
5.541969e-04
5.576606e-04
5.611351e-04
5.646204e-04
5.681164e-04
5.716232e-04
5.751408e-04
5.786692e-04
5.822084e-04
5.857584e-04
5.893191e-04
5.928906e-04
5.964729e-04
6.000660e-04
6.036698e-04
6.072845e-04
6.109099e-04
6.145461e-04
6.181930e-04
6.218508e-04
6.255193e-04
6.291987e-04
6.328888e-04
6.365896e-04
6.403013e-04
6.440237e-04
6.477569e-04
6.515009e-04
6.552557e-04
6.590213e-04
6.627976e-04
6.665847e-04
6.703826e-04
6.741913e-04
6.780108e-04
6.818410e-04
6.856820e-04
6.895338e-04
6.933964e-04
6.972698e-04
7.011539e-04
7.050488e-04
7.089545e-04
7.128710e-04
7.167983e-04
7.207363e-04
7.246852e-04
7.286448e-04
7.326151e-04
7.365963e-04
7.405883e-04
7.445910e-04
7.486045e-04
7.526288e-04
7.566638e-04
7.607097e-04
7.647663e-04
7.688337e-04
7.729119e-04
7.770009e-04
7.811006e-04
7.852112e-04
7.893325e-04
7.934646e-04
7.976074e-04
8.017611e-04
8.059255e-04
8.101007e-04
8.142867e-04
8.184835e-04
8.226910e-04
8.269094e-04
8.311385e-04
8.353784e-04
8.396290e-04
8.438905e-04
8.481627e-04
8.524457e-04
8.567395e-04
8.610441e-04
8.653594e-04
8.696856e-04
8.740225e-04
8.783702e-04
8.827287e-04
8.870979e-04
8.914780e-04
8.958688e-04
9.002704e-04
9.046827e-04
9.091059e-04
9.135398e-04
9.179846e-04
9.224401e-04
9.269063e-04
9.313834e-04
9.358712e-04
9.403699e-04
9.448792e-04
9.493994e-04
9.539304e-04
9.584721e-04
9.630247e-04
9.675880e-04
9.721620e-04
9.767469e-04
9.813425e-04
9.859490e-04
9.905662e-04
9.951941e-04
9.998329e-04
1.004482e-03
1.009143e-03
1.013814e-03
1.018496e-03
1.023188e-03
1.027892e-03
1.032606e-03
1.037331e-03
1.042067e-03
1.046813e-03
1.051571e-03
1.056339e-03
1.061118e-03
1.065908e-03
1.070708e-03
1.075519e-03
1.080341e-03
1.085174e-03
1.090018e-03
1.094872e-03
1.099737e-03
1.104613e-03
1.109500e-03
1.114397e-03
1.119306e-03
1.124225e-03
1.129154e-03
1.134095e-03
1.139046e-03
1.144009e-03
1.148982e-03
1.153965e-03
1.158960e-03
1.163965e-03
1.168981e-03
1.174008e-03
1.179046e-03
1.184094e-03
1.189153e-03
1.194223e-03
1.199304e-03
1.204396e-03
1.209498e-03
1.214611e-03
1.219735e-03
1.224870e-03
1.230015e-03
1.235171e-03
1.240338e-03
1.245516e-03
1.250704e-03
1.255904e-03
1.261114e-03
1.266335e-03
1.271567e-03
1.276809e-03
1.282062e-03
1.287326e-03
1.292601e-03
1.297887e-03
1.303183e-03
1.308490e-03
1.313808e-03
1.319137e-03
1.324476e-03
1.329827e-03
1.335188e-03
1.340559e-03
1.345942e-03
1.351335e-03
1.356740e-03
1.362154e-03
1.367580e-03
1.373017e-03
1.378464e-03
1.383922e-03
1.389391e-03
1.394871e-03
1.400361e-03
1.405862e-03
1.411374e-03
1.416897e-03
1.422430e-03
1.427975e-03
1.433530e-03
1.439096e-03
1.444672e-03
1.450260e-03
1.455858e-03
1.461467e-03
1.467087e-03
1.472717e-03
1.478359e-03
1.484011e-03
1.489674e-03
1.495347e-03
1.501032e-03
1.506727e-03
1.512433e-03
1.518150e-03
1.523877e-03
1.529616e-03
1.535365e-03
1.541125e-03
1.546895e-03
1.552677e-03
1.558469e-03
1.564272e-03
1.570086e-03
1.575911e-03
1.581746e-03
1.587592e-03
1.593449e-03
1.599317e-03
1.605195e-03
1.611085e-03
1.616985e-03
1.622895e-03
1.628817e-03
1.634749e-03
1.640693e-03
1.646647e-03
1.652611e-03
1.658587e-03
1.664573e-03
1.670570e-03
1.676578e-03
1.682597e-03
1.688626e-03
1.694666e-03
1.700717e-03
1.706779e-03
1.712852e-03
1.718935e-03
1.725029e-03
1.731134e-03
1.737250e-03
1.743376e-03
1.749513e-03
1.755661e-03
1.761820e-03
1.767990e-03
1.774170e-03
1.780361e-03
1.786563e-03
1.792776e-03
1.798999e-03
1.805233e-03
1.811478e-03
1.817734e-03
1.824001e-03
1.830278e-03
1.836566e-03
1.842865e-03
1.849175e-03
1.855495e-03
1.861827e-03
1.868169e-03
1.874522e-03
1.880885e-03
1.887260e-03
1.893645e-03
1.900041e-03
1.906447e-03
1.912865e-03
1.919293e-03
1.925732e-03
1.932182e-03
1.938643e-03
1.945114e-03
1.951596e-03
1.958089e-03
1.964593e-03
1.971108e-03
1.977633e-03
1.984169e-03
1.990716e-03
1.997274e-03
2.003842e-03
2.010421e-03
2.017011e-03
2.023612e-03
2.030224e-03
2.036846e-03
2.043479e-03
2.050123e-03
2.056778e-03
2.063443e-03
2.070119e-03
2.076806e-03
2.083504e-03
2.090213e-03
2.096932e-03
2.103662e-03
2.110403e-03
2.117155e-03
2.123917e-03
2.130691e-03
2.137475e-03
2.144270e-03
2.151075e-03
2.157892e-03
2.164719e-03
2.171557e-03
2.178405e-03
2.185265e-03
2.192135e-03
2.199016e-03
2.205908e-03
2.212811e-03
2.219724e-03
2.226648e-03
2.233583e-03
2.240529e-03
2.247485e-03
2.254453e-03
2.261431e-03
2.268420e-03
2.275419e-03
2.282430e-03
2.289451e-03
2.296483e-03
2.303526e-03
2.310579e-03
2.317644e-03
2.324719e-03
2.331805e-03
2.338901e-03
2.346009e-03
2.353127e-03
2.360256e-03
2.367396e-03
2.374546e-03
2.381708e-03
2.388880e-03
2.396063e-03
2.403257e-03
2.410461e-03
2.417676e-03
2.424902e-03
2.432139e-03
2.439387e-03
2.446645e-03
2.453914e-03
2.461194e-03
2.468485e-03
2.475786e-03
2.483099e-03
2.490422e-03
2.497756e-03
2.505100e-03
2.512456e-03
2.519822e-03
2.527199e-03
2.534586e-03
2.541985e-03
2.549394e-03
2.556814e-03
2.564245e-03
2.571687e-03
2.579139e-03
2.586602e-03
2.594076e-03
2.601561e-03
2.609057e-03
2.616563e-03
2.624080e-03
2.631608e-03
2.639147e-03
2.646696e-03
2.654256e-03
2.661827e-03
2.669409e-03
2.677002e-03
2.684605e-03
2.692219e-03
2.699844e-03
2.707480e-03
2.715126e-03
2.722784e-03
2.730452e-03
2.738130e-03
2.745820e-03
2.753520e-03
2.761231e-03
2.768953e-03
2.776686e-03
2.784430e-03
2.792184e-03
2.799949e-03
2.807725e-03
2.815511e-03
2.823309e-03
2.831117e-03
2.838936e-03
2.846766e-03
2.854606e-03
2.862457e-03
2.870319e-03
2.878192e-03
2.886076e-03
2.893970e-03
2.901876e-03
2.909792e-03
2.917718e-03
2.925656e-03
2.933604e-03
2.941563e-03
2.949533e-03
2.957514e-03
2.965505e-03
2.973507e-03
2.981520e-03
2.989544e-03
2.997579e-03
3.005624e-03
3.013680e-03
3.021747e-03
3.029825e-03
3.037913e-03
3.046012e-03
3.054122e-03
3.062243e-03
3.070375e-03
3.078517e-03
3.086670e-03
3.094834e-03
3.103009e-03
3.111194e-03
3.119391e-03
3.127598e-03
3.135816e-03
3.144044e-03
3.152284e-03
3.160534e-03
3.168795e-03
3.177066e-03
3.185349e-03
3.193642e-03
3.201946e-03
3.210261e-03
3.218587e-03
3.226923e-03
3.235270e-03
3.243628e-03
3.251997e-03
3.260377e-03
3.268767e-03
3.277168e-03
3.285580e-03
3.294002e-03
3.302436e-03
3.310880e-03
3.319335e-03
3.327801e-03
3.336277e-03
3.344765e-03
3.353263e-03
3.361772e-03
3.370291e-03
3.378822e-03
3.387363e-03
3.395915e-03
3.404478e-03
3.413051e-03
3.421636e-03
3.430231e-03
3.438837e-03
3.447454e-03
3.456081e-03
3.464719e-03
3.473368e-03
3.482028e-03
3.490699e-03
3.499380e-03
3.508072e-03
3.516775e-03
3.525489e-03
3.534213e-03
3.542949e-03
3.551695e-03
3.560452e-03
3.569219e-03
3.577998e-03
3.586787e-03
3.595587e-03
3.604397e-03
3.613219e-03
3.622051e-03
3.630894e-03
3.639748e-03
3.648613e-03
3.657488e-03
3.666375e-03
3.675272e-03
3.684179e-03
3.693098e-03
3.702027e-03
3.710967e-03
3.719918e-03
3.728880e-03
3.737852e-03
3.746835e-03
3.755829e-03
3.764834e-03
3.773850e-03
3.782876e-03
3.791913e-03
3.800961e-03
3.810020e-03
3.819089e-03
3.828170e-03
3.837261e-03
3.846362e-03
3.855475e-03
3.864598e-03
3.873733e-03
3.882877e-03
3.892033e-03
3.901200e-03
3.910377e-03
3.919565e-03
3.928764e-03
3.937973e-03
3.947194e-03
3.956425e-03
3.965667e-03
3.974920e-03
3.984183e-03
3.993457e-03
4.002743e-03
4.012038e-03
4.021345e-03
4.030662e-03
4.039991e-03
4.049330e-03
4.058679e-03
4.068040e-03
4.077411e-03
4.086793e-03
4.096186e-03
4.105590e-03
4.115004e-03
4.124429e-03
4.133865e-03
4.143312e-03
4.152770e-03
4.162238e-03
4.171717e-03
4.181207e-03
4.190708e-03
4.200219e-03
4.209742e-03
4.219275e-03
4.228818e-03
4.238373e-03
4.247938e-03
4.257514e-03
4.267101e-03
4.276699e-03
4.286308e-03
4.295927e-03
4.305557e-03
4.315198e-03
4.324849e-03
4.334512e-03
4.344185e-03
4.353869e-03
4.363563e-03
4.373269e-03
4.382985e-03
4.392712e-03
4.402450e-03
4.412199e-03
4.421958e-03
4.431728e-03
4.441509e-03
4.451301e-03
4.461104e-03
4.470917e-03
4.480741e-03
4.490576e-03
4.500422e-03
4.510278e-03
4.520145e-03
4.530023e-03
4.539912e-03
4.549811e-03
4.559722e-03
4.569643e-03
4.579575e-03
4.589517e-03
4.599471e-03
4.609435e-03
4.619410e-03
4.629396e-03
4.639393e-03
4.649400e-03
4.659418e-03
4.669447e-03
4.679487e-03
4.689537e-03
4.699598e-03
4.709670e-03
4.719753e-03
4.729847e-03
4.739951e-03
4.750066e-03
4.760192e-03
4.770329e-03
4.780476e-03
4.790635e-03
4.800804e-03
4.810984e-03
4.821174e-03
4.831376e-03
4.841588e-03
4.851811e-03
4.862045e-03
4.872289e-03
4.882544e-03
4.892810e-03
4.903087e-03
4.913375e-03
4.923673e-03
4.933983e-03
4.944303e-03
4.954633e-03
4.964975e-03
4.975327e-03
4.985690e-03
4.996064e-03
5.006449e-03
5.016844e-03
5.027250e-03
5.037667e-03
5.048095e-03
5.058534e-03
5.068983e-03
5.079443e-03
5.089914e-03
5.100396e-03
5.110888e-03
5.121392e-03
5.131906e-03
5.142430e-03
5.152966e-03
5.163512e-03
5.174069e-03
5.184637e-03
5.195216e-03
5.205806e-03
5.216406e-03
5.227017e-03
5.237639e-03
5.248271e-03
5.258915e-03
5.269569e-03
5.280234e-03
5.290910e-03
5.301596e-03
5.312293e-03
5.323001e-03
5.333720e-03
5.344450e-03
5.355190e-03
5.365942e-03
5.376704e-03
5.387476e-03
5.398260e-03
5.409054e-03
5.419859e-03
5.430675e-03
5.441502e-03
5.452339e-03
5.463187e-03
5.474046e-03
5.484916e-03
5.495797e-03
5.506688e-03
5.517590e-03
5.528503e-03
5.539427e-03
5.550361e-03
5.561306e-03
5.572263e-03
5.583229e-03
5.594207e-03
5.605195e-03
5.616194e-03
5.627204e-03
5.638225e-03
5.649256e-03
5.660299e-03
5.671352e-03
5.682416e-03
5.693490e-03
5.704576e-03
5.715672e-03
5.726779e-03
5.737896e-03
5.749025e-03
5.760164e-03
5.771314e-03
5.782475e-03
5.793647e-03
5.804829e-03
5.816022e-03
5.827226e-03
5.838441e-03
5.849667e-03
5.860903e-03
5.872150e-03
5.883408e-03
5.894676e-03
5.905956e-03
5.917246e-03
5.928547e-03
5.939859e-03
5.951181e-03
5.962515e-03
5.973859e-03
5.985214e-03
5.996579e-03
6.007956e-03
6.019343e-03
6.030741e-03
6.042150e-03
6.053569e-03
6.065000e-03
6.076441e-03
6.087893e-03
6.099356e-03
6.110829e-03
6.122313e-03
6.133808e-03
6.145314e-03
6.156831e-03
6.168358e-03
6.179896e-03
6.191445e-03
6.203005e-03
6.214575e-03
6.226157e-03
6.237749e-03
6.249352e-03
6.260965e-03
6.272590e-03
6.284225e-03
6.295871e-03
6.307527e-03
6.319195e-03
6.330873e-03
6.342562e-03
6.354262e-03
6.365973e-03
6.377694e-03
6.389426e-03
6.401169e-03
6.412923e-03
6.424688e-03
6.436463e-03
6.448249e-03
6.460046e-03
6.471854e-03
6.483672e-03
6.495501e-03
6.507341e-03
6.519192e-03
6.531054e-03
6.542926e-03
6.554809e-03
6.566703e-03
6.578608e-03
6.590523e-03
6.602449e-03
6.614387e-03
6.626334e-03
6.638293e-03
6.650262e-03
6.662242e-03
6.674233e-03
6.686235e-03
6.698248e-03
6.710271e-03
6.722305e-03
6.734350e-03
6.746405e-03
6.758472e-03
6.770549e-03
6.782637e-03
6.794736e-03
6.806845e-03
6.818965e-03
6.831096e-03
6.843238e-03
6.855391e-03
6.867554e-03
6.879729e-03
6.891913e-03
6.904109e-03
6.916316e-03
6.928533e-03
6.940761e-03
6.953000e-03
6.965250e-03
6.977510e-03
6.989781e-03
7.002063e-03
7.014356e-03
7.026660e-03
7.038974e-03
7.051299e-03
7.063635e-03
7.075982e-03
7.088339e-03
7.100707e-03
7.113086e-03
7.125476e-03
7.137877e-03
7.150288e-03
7.162710e-03
7.175143e-03
7.187587e-03
7.200041e-03
7.212507e-03
7.224983e-03
7.237470e-03
7.249967e-03
7.262476e-03
7.274995e-03
7.287525e-03
7.300065e-03
7.312617e-03
7.325179e-03
7.337752e-03
7.350336e-03
7.362931e-03
7.375536e-03
7.388152e-03
7.400779e-03
7.413417e-03
7.426065e-03
7.438725e-03
7.451395e-03
7.464076e-03
7.476767e-03
7.489470e-03
7.502183e-03
7.514907e-03
7.527642e-03
7.540387e-03
7.553144e-03
7.565911e-03
7.578689e-03
7.591477e-03
7.604277e-03
7.617087e-03
7.629908e-03
7.642740e-03
7.655582e-03
7.668436e-03
7.681300e-03
7.694175e-03
7.707060e-03
7.719957e-03
7.732864e-03
7.745782e-03
7.758711e-03
7.771651e-03
7.784601e-03
7.797562e-03
7.810534e-03
7.823517e-03
7.836510e-03
7.849515e-03
7.862530e-03
7.875555e-03
7.888592e-03
7.901639e-03
7.914698e-03
7.927767e-03
7.940846e-03
7.953937e-03
7.967038e-03
7.980150e-03
7.993273e-03
8.006407e-03
8.019551e-03
8.032706e-03
8.045872e-03
8.059049e-03
8.072237e-03
8.085435e-03
8.098644e-03
8.111864e-03
8.125095e-03
8.138336e-03
8.151588e-03
8.164851e-03
8.178125e-03
8.191410e-03
8.204705e-03
8.218011e-03
8.231328e-03
8.244656e-03
8.257994e-03
8.271343e-03
8.284703e-03
8.298074e-03
8.311456e-03
8.324848e-03
8.338251e-03
8.351665e-03
8.365090e-03
8.378525e-03
8.391972e-03
8.405429e-03
8.418897e-03
8.432375e-03
8.445865e-03
8.459365e-03
8.472876e-03
8.486397e-03
8.499930e-03
8.513473e-03
8.527027e-03
8.540592e-03
8.554168e-03
8.567754e-03
8.581351e-03
8.594959e-03
8.608578e-03
8.622208e-03
8.635848e-03
8.649499e-03
8.663161e-03
8.676834e-03
8.690517e-03
8.704211e-03
8.717916e-03
8.731632e-03
8.745359e-03
8.759096e-03
8.772844e-03
8.786603e-03
8.800373e-03
8.814153e-03
8.827944e-03
8.841746e-03
8.855559e-03
8.869383e-03
8.883217e-03
8.897062e-03
8.910918e-03
8.924785e-03
8.938662e-03
8.952551e-03
8.966450e-03
8.980359e-03
8.994280e-03
9.008211e-03
9.022154e-03
9.036106e-03
9.050070e-03
9.064045e-03
9.078030e-03
9.092026e-03
9.106033e-03
9.120050e-03
9.134079e-03
9.148118e-03
9.162168e-03
9.176229e-03
9.190300e-03
9.204383e-03
9.218476e-03
9.232580e-03
9.246694e-03
9.260820e-03
9.274956e-03
9.289103e-03
9.303261e-03
9.317429e-03
9.331608e-03
9.345799e-03
9.359999e-03
9.374211e-03
9.388434e-03
9.402667e-03
9.416911e-03
9.431166e-03
9.445431e-03
9.459708e-03
9.473995e-03
9.488293e-03
9.502601e-03
9.516921e-03
9.531251e-03
9.545592e-03
9.559944e-03
9.574306e-03
9.588680e-03
9.603064e-03
9.617459e-03
9.631865e-03
9.646281e-03
9.660708e-03
9.675146e-03
9.689595e-03
9.704055e-03
9.718525e-03
9.733006e-03
9.747498e-03
9.762001e-03
9.776515e-03
9.791039e-03
9.805574e-03
9.820120e-03
9.834677e-03
9.849244e-03
9.863822e-03
9.878411e-03
9.893011e-03
9.907621e-03
9.922243e-03
9.936875e-03
9.951518e-03
9.966171e-03
9.980836e-03
9.995511e-03
1.001020e-02
1.002489e-02
1.003960e-02
1.005432e-02
1.006905e-02
1.008379e-02
1.009854e-02
1.011330e-02
1.012807e-02
1.014286e-02
1.015765e-02
1.017245e-02
1.018727e-02
1.020210e-02
1.021693e-02
1.023178e-02
1.024664e-02
1.026151e-02
1.027639e-02
1.029128e-02
1.030618e-02
1.032109e-02
1.033602e-02
1.035095e-02
1.036590e-02
1.038085e-02
1.039582e-02
1.041079e-02
1.042578e-02
1.044078e-02
1.045579e-02
1.047081e-02
1.048584e-02
1.050088e-02
1.051594e-02
1.053100e-02
1.054607e-02
1.056116e-02
1.057625e-02
1.059136e-02
1.060648e-02
1.062161e-02
1.063674e-02
1.065189e-02
1.066705e-02
1.068222e-02
1.069741e-02
1.071260e-02
1.072780e-02
1.074302e-02
1.075824e-02
1.077348e-02
1.078872e-02
1.080398e-02
1.081925e-02
1.083453e-02
1.084982e-02
1.086512e-02
1.088043e-02
1.089575e-02
1.091109e-02
1.092643e-02
1.094178e-02
1.095715e-02
1.097252e-02
1.098791e-02
1.100331e-02
1.101872e-02
1.103414e-02
1.104957e-02
1.106501e-02
1.108046e-02
1.109592e-02
1.111139e-02
1.112688e-02
1.114237e-02
1.115788e-02
1.117339e-02
1.118892e-02
1.120446e-02
1.122001e-02
1.123556e-02
1.125113e-02
1.126672e-02
1.128231e-02
1.129791e-02
1.131352e-02
1.132915e-02
1.134478e-02
1.136043e-02
1.137608e-02
1.139175e-02
1.140743e-02
1.142312e-02
1.143882e-02
1.145453e-02
1.147025e-02
1.148598e-02
1.150172e-02
1.151747e-02
1.153324e-02
1.154901e-02
1.156480e-02
1.158059e-02
1.159640e-02
1.161222e-02
1.162805e-02
1.164389e-02
1.165974e-02
1.167560e-02
1.169147e-02
1.170735e-02
1.172325e-02
1.173915e-02
1.175507e-02
1.177099e-02
1.178693e-02
1.180288e-02
1.181883e-02
1.183480e-02
1.185078e-02
1.186677e-02
1.188277e-02
1.189879e-02
1.191481e-02
1.193084e-02
1.194689e-02
1.196294e-02
1.197901e-02
1.199508e-02
1.201117e-02
1.202727e-02
1.204338e-02
1.205950e-02
1.207563e-02
1.209177e-02
1.210792e-02
1.212409e-02
1.214026e-02
1.215644e-02
1.217264e-02
1.218884e-02
1.220506e-02
1.222129e-02
1.223753e-02
1.225378e-02
1.227004e-02
1.228564e-02
1.230119e-02
1.231669e-02
1.233214e-02
1.234753e-02
1.236287e-02
1.237815e-02
1.239338e-02
1.240856e-02
1.242368e-02
1.243875e-02
1.245376e-02
1.246872e-02
1.248363e-02
1.249848e-02
1.251328e-02
1.252803e-02
1.254272e-02
1.255736e-02
1.257194e-02
1.258647e-02
1.260095e-02
1.261537e-02
1.262974e-02
1.264406e-02
1.265832e-02
1.267253e-02
1.268668e-02
1.270078e-02
1.271483e-02
1.272882e-02
1.274276e-02
1.275665e-02
1.277048e-02
1.278426e-02
1.279798e-02
1.281165e-02
1.282527e-02
1.283883e-02
1.285234e-02
1.286580e-02
1.287920e-02
1.289255e-02
1.290584e-02
1.291908e-02
1.293227e-02
1.294540e-02
1.295848e-02
1.297151e-02
1.298448e-02
1.299740e-02
1.301026e-02
1.302307e-02
1.303583e-02
1.304853e-02
1.306118e-02
1.307378e-02
1.308632e-02
1.309881e-02
1.311124e-02
1.312362e-02
1.313595e-02
1.314822e-02
1.316044e-02
1.317261e-02
1.318472e-02
1.319678e-02
1.320878e-02
1.322073e-02
1.323263e-02
1.324447e-02
1.325626e-02
1.326800e-02
1.327968e-02
1.329130e-02
1.330288e-02
1.331440e-02
1.332587e-02
1.333728e-02
1.334864e-02
1.335994e-02
1.337119e-02
1.338239e-02
1.339354e-02
1.340463e-02
1.341566e-02
1.342665e-02
1.343757e-02
1.344845e-02
1.345927e-02
1.347004e-02
1.348075e-02
1.349141e-02
1.350202e-02
1.351257e-02
1.352307e-02
1.353352e-02
1.354391e-02
1.355425e-02
1.356453e-02
1.357476e-02
1.358494e-02
1.359506e-02
1.360513e-02
1.361514e-02
1.362510e-02
1.363501e-02
1.364487e-02
1.365467e-02
1.366441e-02
1.367410e-02
1.368374e-02
1.369333e-02
1.370286e-02
1.371234e-02
1.372176e-02
1.373113e-02
1.374045e-02
1.374971e-02
1.375892e-02
1.376807e-02
1.377717e-02
1.378622e-02
1.379522e-02
1.380416e-02
1.381304e-02
1.382187e-02
1.383065e-02
1.383938e-02
1.384805e-02
1.385667e-02
1.386523e-02
1.387374e-02
1.388220e-02
1.389060e-02
1.389895e-02
1.390724e-02
1.391548e-02
1.392367e-02
1.393180e-02
1.393988e-02
1.394791e-02
1.395588e-02
1.396380e-02
1.397166e-02
1.397948e-02
1.398723e-02
1.399494e-02
1.400259e-02
1.401018e-02
1.401772e-02
1.402521e-02
1.403265e-02
1.404003e-02
1.404736e-02
1.405463e-02
1.406185e-02
1.406901e-02
1.407613e-02
1.408319e-02
1.409019e-02
1.409714e-02
1.410404e-02
1.411088e-02
1.411767e-02
1.412441e-02
1.413109e-02
1.413772e-02
1.414429e-02
1.415081e-02
1.415728e-02
1.416369e-02
1.417005e-02
1.417636e-02
1.418261e-02
1.418881e-02
1.419495e-02
1.420104e-02
1.420708e-02
1.421306e-02
1.421899e-02
1.422487e-02
1.423069e-02
1.423646e-02
1.424217e-02
1.424783e-02
1.425344e-02
1.425899e-02
1.426449e-02
1.426994e-02
1.427533e-02
1.428067e-02
1.428595e-02
1.429118e-02
1.429636e-02
1.430148e-02
1.430655e-02
1.431157e-02
1.431653e-02
1.432144e-02
1.432629e-02
1.433109e-02
1.433584e-02
1.434053e-02
1.434517e-02
1.434976e-02
1.435429e-02
1.435877e-02
1.436319e-02
1.436756e-02
1.437188e-02
1.437614e-02
1.438035e-02
1.438451e-02
1.438861e-02
1.439266e-02
1.439665e-02
1.440059e-02
1.440448e-02
1.440831e-02
1.441209e-02
1.441582e-02
1.441949e-02
1.442311e-02
1.442667e-02
1.443018e-02
1.443364e-02
1.443704e-02
1.444039e-02
1.444368e-02
1.444693e-02
1.445011e-02
1.445325e-02
1.445633e-02
1.445935e-02
1.446233e-02
1.446525e-02
1.446811e-02
1.447092e-02
1.447368e-02
1.447638e-02
1.447903e-02
1.448163e-02
1.448417e-02
1.448666e-02
1.448910e-02
1.449148e-02
1.449381e-02
1.449608e-02
1.449830e-02
1.450047e-02
1.450258e-02
1.450464e-02
1.450664e-02
1.450860e-02
1.451049e-02
1.451234e-02
1.451413e-02
1.451586e-02
1.451755e-02
1.451918e-02
1.452075e-02
1.452227e-02
1.452374e-02
1.452515e-02
1.452651e-02
1.452782e-02
1.452907e-02
1.453027e-02
1.453142e-02
1.453251e-02
1.453354e-02
1.453453e-02
1.453546e-02
1.453633e-02
1.453716e-02
1.453793e-02
1.453864e-02
1.453930e-02
1.453991e-02
1.454046e-02
1.454096e-02
1.454141e-02
1.454180e-02
1.454214e-02
1.454242e-02
1.454266e-02
1.454283e-02
1.454296e-02
1.454303e-02
1.454304e-02
1.454300e-02
1.454291e-02
1.454277e-02
1.454257e-02
1.454232e-02
1.454201e-02
1.454165e-02
1.454124e-02
1.454077e-02
1.454047e-02
1.454047e-02
1.454047e-02
1.454047e-02
1.454047e-02
1.454047e-02
1.454047e-02
1.454047e-02
1.454047e-02
1.454047e-02
1.454047e-02
1.454047e-02
1.454047e-02
1.454047e-02
1.454047e-02
1.454047e-02
1.454047e-02
1.454047e-02
1.454047e-02
1.454047e-02
1.454047e-02
1.454047e-02
1.454047e-02
1.454047e-02
1.454047e-02
1.454047e-02
1.454047e-02
1.454047e-02
1.454047e-02
1.454047e-02
1.454047e-02
1.454047e-02
1.454047e-02
1.454047e-02
1.454047e-02
1.454047e-02
1.454047e-02
1.454047e-02
1.454047e-02
1.454047e-02
1.454047e-02
1.454047e-02
1.454047e-02
1.454047e-02
1.454047e-02
1.454047e-02
1.454047e-02
1.454047e-02
1.454047e-02
1.454047e-02
1.454047e-02
1.454047e-02
1.454047e-02
1.454047e-02
1.454047e-02
1.454047e-02
1.454047e-02
1.454047e-02
1.454047e-02
1.454047e-02
1.454047e-02
1.454047e-02
1.454047e-02
1.454047e-02
1.454047e-02
1.454047e-02
1.454047e-02
1.454047e-02
1.454047e-02
1.454047e-02
1.454047e-02
1.454047e-02
1.454047e-02
1.454047e-02
1.454047e-02
1.454047e-02
1.454047e-02
1.454047e-02
1.454047e-02
1.454047e-02
1.454047e-02
1.454047e-02
1.454047e-02
1.454047e-02
1.454047e-02
1.454047e-02
1.454047e-02
1.454047e-02
1.454047e-02
1.454047e-02
1.454047e-02
1.454047e-02
1.454047e-02
1.454047e-02
1.454047e-02
1.454047e-02
1.454047e-02
1.454047e-02
1.454047e-02
1.454047e-02
1.454047e-02
1.454047e-02
1.454047e-02
1.454047e-02
1.454047e-02
1.454047e-02
1.454047e-02
1.454047e-02
1.454047e-02
1.454047e-02
1.454047e-02
1.454047e-02
1.454047e-02
1.454047e-02
1.454047e-02
1.454047e-02
1.454047e-02
1.454047e-02
1.454047e-02
1.454047e-02
1.454047e-02
1.454047e-02
1.454047e-02
1.454047e-02
1.454047e-02
1.454047e-02
1.454047e-02
1.454047e-02
1.454047e-02
1.454047e-02
1.454047e-02
1.454047e-02
1.454047e-02
1.454047e-02
1.454047e-02
1.454047e-02
1.454047e-02
1.454047e-02
1.454047e-02
1.454047e-02
1.454047e-02
1.454047e-02
1.454047e-02
1.454047e-02
1.454047e-02
1.454047e-02
1.454047e-02
1.454047e-02
1.454047e-02
1.454047e-02
1.454047e-02
1.454047e-02
1.454047e-02
1.454047e-02
1.454047e-02
1.454047e-02
1.454047e-02
1.454047e-02
1.454047e-02
1.454047e-02
1.454047e-02
1.454047e-02
1.454047e-02
1.454047e-02
1.454047e-02
1.454047e-02
1.454047e-02
1.454047e-02
1.454047e-02
1.454047e-02
1.454047e-02
1.454047e-02
1.454047e-02
1.454047e-02
1.454047e-02
1.454047e-02
1.454047e-02
1.454047e-02
1.454047e-02
1.454047e-02
1.454047e-02
1.454047e-02
1.454047e-02
1.454047e-02
1.454047e-02
1.454047e-02
1.454047e-02
1.454047e-02
1.454047e-02
1.454047e-02
1.454047e-02
1.454047e-02
1.454047e-02
1.454047e-02
1.454047e-02
1.454047e-02
1.454047e-02
1.454047e-02
1.454047e-02
1.454047e-02
1.454047e-02
