0.000000e+00
1.110371e-07
2.243402e-07
3.399094e-07
4.577447e-07
5.778461e-07
7.002135e-07
8.248469e-07
9.517465e-07
1.080912e-06
1.212344e-06
1.346041e-06
1.482005e-06
1.620235e-06
1.760731e-06
1.903493e-06
2.048521e-06
2.195815e-06
2.345375e-06
2.497201e-06
2.651294e-06
2.807652e-06
2.966276e-06
3.127167e-06
3.290323e-06
3.455746e-06
3.623435e-06
3.793389e-06
3.965610e-06
4.140097e-06
4.316850e-06
4.495869e-06
4.677154e-06
4.860705e-06
5.046522e-06
5.234606e-06
5.424955e-06
5.617570e-06
5.812452e-06
6.009599e-06
6.209013e-06
6.410692e-06
6.614638e-06
6.820850e-06
7.029327e-06
7.240071e-06
7.453081e-06
7.668357e-06
7.885899e-06
8.105707e-06
8.327781e-06
8.552122e-06
8.778728e-06
9.007600e-06
9.238739e-06
9.472143e-06
9.707814e-06
9.945750e-06
1.018595e-05
1.042842e-05
1.067316e-05
1.092016e-05
1.116942e-05
1.142096e-05
1.167476e-05
1.193082e-05
1.218915e-05
1.244975e-05
1.271261e-05
1.297774e-05
1.324514e-05
1.351480e-05
1.378673e-05
1.406092e-05
1.433738e-05
1.461611e-05
1.489710e-05
1.518036e-05
1.546588e-05
1.575367e-05
1.604373e-05
1.633605e-05
1.663064e-05
1.692749e-05
1.722661e-05
1.752800e-05
1.783165e-05
1.813757e-05
1.844575e-05
1.875620e-05
1.906892e-05
1.938390e-05
1.970115e-05
2.002067e-05
2.034245e-05
2.066649e-05
2.099281e-05
2.132139e-05
2.165223e-05
2.198534e-05
2.232072e-05
2.265836e-05
2.299827e-05
2.334045e-05
2.368489e-05
2.403160e-05
2.438057e-05
2.473181e-05
2.508532e-05
2.544109e-05
2.579913e-05
2.615943e-05
2.652200e-05
2.688684e-05
2.725394e-05
2.762331e-05
2.799494e-05
2.836884e-05
2.874501e-05
2.912344e-05
2.950414e-05
2.988710e-05
3.027234e-05
3.065983e-05
3.104960e-05
3.144162e-05
3.183592e-05
3.223248e-05
3.263131e-05
3.303240e-05
3.343576e-05
3.384138e-05
3.424928e-05
3.465943e-05
3.507186e-05
3.548655e-05
3.590350e-05
3.632272e-05
3.674421e-05
3.716797e-05
3.759398e-05
3.802227e-05
3.845282e-05
3.888564e-05
3.932072e-05
3.975808e-05
4.019769e-05
4.063957e-05
4.108372e-05
4.153014e-05
4.197882e-05
4.242976e-05
4.288298e-05
4.333845e-05
4.379620e-05
4.425621e-05
4.471849e-05
4.518303e-05
4.564984e-05
4.611891e-05
4.659026e-05
4.706386e-05
4.753974e-05
4.801787e-05
4.849828e-05
4.898095e-05
4.946589e-05
4.995309e-05
5.044256e-05
5.093430e-05
5.142830e-05
5.192457e-05
5.242310e-05
5.292390e-05
5.342697e-05
5.393230e-05
5.443990e-05
5.494976e-05
5.546189e-05
5.597629e-05
5.649295e-05
5.701188e-05
5.753307e-05
5.805653e-05
5.858226e-05
5.911025e-05
5.964051e-05
6.017304e-05
6.070783e-05
6.124488e-05
6.178421e-05
6.232580e-05
6.286965e-05
6.341577e-05
6.396416e-05
6.451481e-05
6.506773e-05
6.562292e-05
6.618037e-05
6.674009e-05
6.730207e-05
6.786632e-05
6.843284e-05
6.900162e-05
6.957267e-05
7.014598e-05
7.072156e-05
7.129941e-05
7.187952e-05
7.246190e-05
7.304654e-05
7.363345e-05
7.422263e-05
7.481407e-05
7.540778e-05
7.600375e-05
7.660199e-05
7.720250e-05
7.780527e-05
7.841031e-05
7.901762e-05
7.962719e-05
8.023902e-05
8.085313e-05
8.146950e-05
8.208813e-05
8.270903e-05
8.333220e-05
8.395763e-05
8.458533e-05
8.521530e-05
8.584753e-05
8.648203e-05
8.711879e-05
8.775782e-05
8.839912e-05
8.904268e-05
8.968851e-05
9.033660e-05
9.098696e-05
9.163959e-05
9.229448e-05
9.295164e-05
9.361106e-05
9.427275e-05
9.493671e-05
9.560293e-05
9.627142e-05
9.694217e-05
9.761520e-05
9.829048e-05
9.896803e-05
9.964785e-05
1.003299e-04
1.010143e-04
1.017009e-04
1.023898e-04
1.030809e-04
1.037744e-04
1.044700e-04
1.051680e-04
1.058682e-04
1.065707e-04
1.072754e-04
1.079824e-04
1.086917e-04
1.094033e-04
1.101171e-04
1.108331e-04
1.115515e-04
1.122721e-04
1.129950e-04
1.137201e-04
1.144475e-04
1.151772e-04
1.159091e-04
1.166433e-04
1.173798e-04
1.181185e-04
1.188595e-04
1.196028e-04
1.203483e-04
1.210961e-04
1.218462e-04
1.225985e-04
1.233531e-04
1.241100e-04
1.248691e-04
1.256305e-04
1.263942e-04
1.271601e-04
1.279283e-04
1.286988e-04
1.294715e-04
1.302465e-04
1.310238e-04
1.318033e-04
1.325851e-04
1.333691e-04
1.341555e-04
1.349441e-04
1.357349e-04
1.365280e-04
1.373234e-04
1.381211e-04
1.389210e-04
1.397232e-04
1.405276e-04
1.413343e-04
1.421433e-04
1.429546e-04
1.437681e-04
1.445839e-04
1.454019e-04
1.462222e-04
1.470448e-04
1.478697e-04
1.486968e-04
1.495262e-04
1.503578e-04
1.511917e-04
1.520279e-04
1.528663e-04
1.537071e-04
1.545500e-04
1.553953e-04
1.562428e-04
1.570926e-04
1.579446e-04
1.587989e-04
1.596555e-04
1.605143e-04
1.613754e-04
1.622388e-04
1.631044e-04
1.639723e-04
1.648425e-04
1.657149e-04
1.665896e-04
1.674666e-04
1.683458e-04
1.692273e-04
1.701111e-04
1.709971e-04
1.718854e-04
1.727760e-04
1.736688e-04
1.745639e-04
1.754613e-04
1.763609e-04
1.772628e-04
1.781669e-04
1.790734e-04
1.799821e-04
1.808930e-04
1.818062e-04
1.827217e-04
1.836395e-04
1.845595e-04
1.854818e-04
1.864063e-04
1.873332e-04
1.882622e-04
1.891936e-04
1.901272e-04
1.910631e-04
1.920013e-04
1.929417e-04
1.938843e-04
1.948293e-04
1.957765e-04
1.967260e-04
1.976777e-04
1.986318e-04
1.995880e-04
2.005466e-04
2.015074e-04
2.024705e-04
2.034358e-04
2.044034e-04
2.053733e-04
2.063454e-04
2.073198e-04
2.082965e-04
2.092754e-04
2.102567e-04
2.112401e-04
2.122259e-04
2.132139e-04
2.142041e-04
2.151967e-04
2.161915e-04
2.171885e-04
2.181879e-04
2.191895e-04
2.201933e-04
2.211995e-04
2.222079e-04
2.232185e-04
2.242315e-04
2.252467e-04
2.262641e-04
2.272839e-04
2.283058e-04
2.293301e-04
2.303566e-04
2.313854e-04
2.324165e-04
2.334498e-04
2.344854e-04
2.355233e-04
2.365634e-04
2.376058e-04
2.386504e-04
2.396973e-04
2.407465e-04
2.417980e-04
2.428517e-04
2.439077e-04
2.449659e-04
2.460265e-04
2.470892e-04
2.481543e-04
2.492216e-04
2.502912e-04
2.513630e-04
2.524372e-04
2.535135e-04
2.545922e-04
2.556731e-04
2.567563e-04
2.578417e-04
2.589294e-04
2.600194e-04
2.611116e-04
2.622061e-04
2.633029e-04
2.644020e-04
2.655033e-04
2.666068e-04
2.677127e-04
2.688208e-04
2.699312e-04
2.710438e-04
2.721587e-04
2.732759e-04
2.743953e-04
2.755170e-04
2.766410e-04
2.777672e-04
2.788957e-04
2.800265e-04
2.811595e-04
2.822948e-04
2.834324e-04
2.845722e-04
2.857143e-04
2.868586e-04
2.880053e-04
2.891542e-04
2.903053e-04
2.914588e-04
2.926144e-04
2.937724e-04
2.949326e-04
2.960951e-04
2.972599e-04
2.984269e-04
2.995962e-04
3.007677e-04
3.019416e-04
3.031176e-04
3.042960e-04
3.054766e-04
3.066595e-04
3.078447e-04
3.090321e-04
3.102218e-04
3.114137e-04
3.126079e-04
3.138044e-04
3.150031e-04
3.162042e-04
3.174074e-04
3.186130e-04
3.198208e-04
3.210309e-04
3.222432e-04
3.234578e-04
3.246747e-04
3.258938e-04
3.271153e-04
3.283389e-04
3.295649e-04
3.307931e-04
3.320235e-04
3.332563e-04
3.344913e-04
3.357286e-04
3.369681e-04
3.382099e-04
3.394540e-04
3.407003e-04
3.419489e-04
3.431998e-04
3.444529e-04
3.457083e-04
3.469660e-04
3.482259e-04
3.494881e-04
3.507526e-04
3.520193e-04
3.532883e-04
3.545595e-04
3.558331e-04
3.571089e-04
3.583869e-04
3.596673e-04
3.609498e-04
3.622347e-04
3.635218e-04
3.648112e-04
3.661029e-04
3.673968e-04
3.686930e-04
3.699914e-04
3.712922e-04
3.725951e-04
3.739004e-04
3.752079e-04
3.765177e-04
3.778297e-04
3.791441e-04
3.804606e-04
3.817795e-04
3.831006e-04
3.844240e-04
3.857496e-04
3.870775e-04
3.884077e-04
3.897402e-04
3.910749e-04
3.924119e-04
3.937511e-04
3.950926e-04
3.964364e-04
3.977824e-04
3.991307e-04
4.004813e-04
4.018342e-04
4.031893e-04
4.045466e-04
4.059063e-04
4.072682e-04
4.086323e-04
4.099988e-04
4.113675e-04
4.127384e-04
4.141117e-04
4.154872e-04
4.168649e-04
4.182450e-04
4.196273e-04
4.210118e-04
4.223987e-04
4.237878e-04
4.251791e-04
4.265728e-04
4.279687e-04
4.293668e-04
4.307672e-04
4.321699e-04
4.335749e-04
4.349821e-04
4.363916e-04
4.378034e-04
4.392174e-04
4.406337e-04
4.420522e-04
4.434731e-04
4.448961e-04
4.463215e-04
4.477491e-04
4.491790e-04
4.506112e-04
4.520456e-04
4.534823e-04
4.549212e-04
4.563624e-04
4.578059e-04
4.592517e-04
4.606997e-04
4.621499e-04
4.636025e-04
4.650573e-04
4.665144e-04
4.679737e-04
4.694353e-04
4.708992e-04
4.723654e-04
4.738338e-04
4.753044e-04
4.767774e-04
4.782526e-04
4.797301e-04
4.812098e-04
4.826918e-04
4.841761e-04
4.856626e-04
4.871514e-04
4.886425e-04
4.901358e-04
4.916314e-04
4.931293e-04
4.946294e-04
4.961318e-04
4.976365e-04
4.991434e-04
5.006526e-04
5.021641e-04
5.036778e-04
5.051938e-04
5.067121e-04
5.082326e-04
5.097554e-04
5.112805e-04
5.128078e-04
5.143374e-04
5.158692e-04
5.174034e-04
5.189398e-04
5.204784e-04
5.220193e-04
5.235625e-04
5.251080e-04
5.266557e-04
5.282057e-04
5.297579e-04
5.313125e-04
5.328692e-04
5.344283e-04
5.359896e-04
5.375532e-04
5.391190e-04
5.406872e-04
5.422575e-04
5.438302e-04
5.454051e-04
5.469823e-04
5.485617e-04
5.501434e-04
5.517274e-04
5.533137e-04
5.549022e-04
5.564930e-04
5.580860e-04
5.596813e-04
5.612789e-04
5.628787e-04
5.644808e-04
5.660852e-04
5.676918e-04
5.693007e-04
5.709119e-04
5.725253e-04
5.741410e-04
5.757590e-04
5.773793e-04
5.790018e-04
5.806265e-04
5.822536e-04
5.838829e-04
5.855144e-04
5.871483e-04
5.887843e-04
5.904227e-04
5.920633e-04
5.937062e-04
5.953514e-04
5.969988e-04
5.986485e-04
6.003005e-04
6.019547e-04
6.036112e-04
6.052700e-04
6.069310e-04
6.085943e-04
6.102598e-04
6.119276e-04
6.135977e-04
6.152701e-04
6.169447e-04
6.186216e-04
6.203008e-04
6.219822e-04
6.236659e-04
6.253518e-04
6.270400e-04
6.287305e-04
6.304233e-04
6.321183e-04
6.338156e-04
6.355151e-04
6.372169e-04
6.389210e-04
6.406273e-04
6.423359e-04
6.440468e-04
6.457600e-04
6.474754e-04
6.491931e-04
6.509130e-04
6.526352e-04
6.543597e-04
6.560864e-04
6.578154e-04
6.595467e-04
6.612802e-04
6.630160e-04
6.647541e-04
6.664944e-04
6.682370e-04
6.699819e-04
6.717291e-04
6.734785e-04
6.752301e-04
6.769841e-04
6.787403e-04
6.804987e-04
6.822594e-04
6.840224e-04
6.857877e-04
6.875552e-04
6.893250e-04
6.910971e-04
6.928714e-04
6.946480e-04
6.964269e-04
6.982080e-04
6.999914e-04
7.017770e-04
7.035650e-04
7.053552e-04
7.071476e-04
7.089423e-04
7.107393e-04
7.125386e-04
7.143401e-04
7.161439e-04
7.179499e-04
7.197583e-04
7.215688e-04
7.233817e-04
7.251968e-04
7.270142e-04
7.288338e-04
7.306558e-04
7.324799e-04
7.343064e-04
7.361351e-04
7.379661e-04
7.397993e-04
7.416348e-04
7.434726e-04
7.453126e-04
7.471550e-04
7.489995e-04
7.508464e-04
7.526955e-04
7.545469e-04
7.564005e-04
7.582564e-04
7.601146e-04
7.619750e-04
7.638377e-04
7.657027e-04
7.675699e-04
7.694394e-04
7.713112e-04
7.731852e-04
7.750615e-04
7.769401e-04
7.788209e-04
7.807040e-04
7.825894e-04
7.844770e-04
7.863669e-04
7.882591e-04
7.901535e-04
7.920502e-04
7.939492e-04
7.958504e-04
7.977539e-04
7.996596e-04
8.015677e-04
8.034780e-04
8.053905e-04
8.073053e-04
8.092224e-04
8.111418e-04
8.130634e-04
8.149873e-04
8.169134e-04
8.188419e-04
8.207725e-04
8.227055e-04
8.246407e-04
8.265782e-04
8.285179e-04
8.304600e-04
8.324042e-04
8.343508e-04
8.362996e-04
8.382507e-04
8.402040e-04
8.421596e-04
8.441175e-04
8.460777e-04
8.480401e-04
8.500048e-04
8.519717e-04
8.539409e-04
8.559124e-04
8.578861e-04
8.598621e-04
8.618404e-04
8.638209e-04
8.658037e-04
8.677888e-04
8.697762e-04
8.717658e-04
8.737576e-04
8.757518e-04
8.777482e-04
8.797468e-04
8.817478e-04
8.837510e-04
8.857564e-04
8.877642e-04
8.897742e-04
8.917864e-04
8.938010e-04
8.958178e-04
8.978368e-04
8.998581e-04
9.018817e-04
9.039076e-04
9.059357e-04
9.079661e-04
9.099988e-04
9.120337e-04
9.140709e-04
9.161103e-04
9.181521e-04
9.201961e-04
9.222423e-04
9.242908e-04
9.263416e-04
9.283947e-04
9.304500e-04
9.325076e-04
9.345674e-04
9.366295e-04
9.386939e-04
9.407606e-04
9.428295e-04
9.449007e-04
9.469741e-04
9.490498e-04
9.511278e-04
9.532081e-04
9.552906e-04
9.573754e-04
9.594624e-04
9.615517e-04
9.636433e-04
9.657371e-04
9.678332e-04
9.699316e-04
9.720323e-04
9.741352e-04
9.762403e-04
9.783478e-04
9.804575e-04
9.825694e-04
9.846837e-04
9.868002e-04
9.889190e-04
9.910400e-04
9.931633e-04
9.952889e-04
9.974167e-04
9.995468e-04
1.001679e-03
1.003814e-03
1.005951e-03
1.008090e-03
1.010231e-03
1.012375e-03
1.014521e-03
1.016669e-03
1.018820e-03
1.020972e-03
1.023127e-03
1.025285e-03
1.027444e-03
1.029606e-03
1.031770e-03
1.033937e-03
1.036105e-03
1.038276e-03
1.040449e-03
1.042625e-03
1.044802e-03
1.046982e-03
1.049165e-03
1.051349e-03
1.053536e-03
1.055725e-03
1.057916e-03
1.060110e-03
1.062305e-03
1.064503e-03
1.066704e-03
1.068906e-03
1.071111e-03
1.073318e-03
1.075528e-03
1.077740e-03
1.079954e-03
1.082170e-03
1.084388e-03
1.086609e-03
1.088832e-03
1.091057e-03
1.093285e-03
1.095515e-03
1.097747e-03
1.099981e-03
1.102218e-03
1.104456e-03
1.106698e-03
1.108941e-03
1.111187e-03
1.113435e-03
1.115685e-03
1.117937e-03
1.120192e-03
1.122449e-03
1.124708e-03
1.126970e-03
1.129234e-03
1.131500e-03
1.133768e-03
1.136039e-03
1.138311e-03
1.140587e-03
1.142864e-03
1.145144e-03
1.147426e-03
1.149710e-03
1.151996e-03
1.154285e-03
1.156576e-03
1.158869e-03
1.161165e-03
1.163462e-03
1.165763e-03
1.168065e-03
1.170369e-03
1.172676e-03
1.174985e-03
1.177297e-03
1.179610e-03
1.181926e-03
1.184245e-03
1.186565e-03
1.188888e-03
1.191213e-03
1.193540e-03
1.195869e-03
1.198201e-03
1.200535e-03
1.202872e-03
1.205210e-03
1.207551e-03
1.209894e-03
1.212239e-03
1.214587e-03
1.216937e-03
1.219289e-03
1.221644e-03
1.224000e-03
1.226359e-03
1.228721e-03
1.231084e-03
1.233450e-03
1.235818e-03
1.238188e-03
1.240561e-03
1.242936e-03
1.245313e-03
1.247692e-03
1.250074e-03
1.252458e-03
1.254844e-03
1.257232e-03
1.259623e-03
1.262016e-03
1.264411e-03
1.266809e-03
1.269208e-03
1.271610e-03
1.274015e-03
1.276421e-03
1.278830e-03
1.281241e-03
1.283654e-03
1.286070e-03
1.288488e-03
1.290908e-03
1.293331e-03
1.295755e-03
1.298182e-03
1.300611e-03
1.303043e-03
1.305477e-03
1.307913e-03
1.310351e-03
1.312791e-03
1.315234e-03
1.317679e-03
1.320127e-03
1.322576e-03
1.325028e-03
1.327482e-03
1.329939e-03
1.332397e-03
1.334858e-03
1.337322e-03
1.339787e-03
1.342255e-03
1.344725e-03
1.347197e-03
1.349672e-03
1.352148e-03
1.354628e-03
1.357109e-03
1.359592e-03
1.362078e-03
1.364566e-03
1.367057e-03
1.369550e-03
1.372044e-03
1.374542e-03
1.377041e-03
1.379543e-03
1.382047e-03
1.384553e-03
1.387062e-03
1.389572e-03
1.392086e-03
1.394601e-03
1.397118e-03
1.399638e-03
1.402160e-03
1.404685e-03
1.407212e-03
1.409740e-03
1.412272e-03
1.414805e-03
1.417341e-03
1.419879e-03
1.422419e-03
1.424962e-03
1.427506e-03
1.430053e-03
1.432603e-03
1.435154e-03
1.437708e-03
1.440264e-03
1.442823e-03
1.445383e-03
1.447946e-03
1.450511e-03
1.453079e-03
1.455649e-03
1.458221e-03
1.460795e-03
1.463371e-03
1.465950e-03
1.468531e-03
1.471114e-03
1.473700e-03
1.476288e-03
1.478878e-03
1.481470e-03
1.484065e-03
1.486662e-03
1.489261e-03
1.491863e-03
1.494466e-03
1.497072e-03
1.499680e-03
1.502291e-03
1.504904e-03
1.507519e-03
1.510136e-03
1.512756e-03
1.515378e-03
1.518002e-03
1.520628e-03
1.523257e-03
1.525888e-03
1.528521e-03
1.531156e-03
1.533794e-03
1.536434e-03
1.539076e-03
1.541720e-03
1.544367e-03
1.547016e-03
1.549668e-03
1.552321e-03
1.554977e-03
1.557635e-03
1.560295e-03
1.562958e-03
1.565623e-03
1.568290e-03
1.570959e-03
1.573631e-03
1.576305e-03
1.578981e-03
1.581660e-03
1.584341e-03
1.587024e-03
1.589709e-03
1.592396e-03
1.595086e-03
1.597778e-03
1.600473e-03
1.603169e-03
1.605868e-03
1.608569e-03
1.611273e-03
1.613978e-03
1.616686e-03
1.619397e-03
1.622109e-03
1.624824e-03
1.627541e-03
1.630260e-03
1.632982e-03
1.635705e-03
1.638432e-03
1.641160e-03
1.643890e-03
1.646623e-03
1.649358e-03
1.652096e-03
1.654836e-03
1.657577e-03
1.660322e-03
1.663068e-03
1.665817e-03
1.668568e-03
1.671321e-03
1.674077e-03
1.676834e-03
1.679595e-03
1.682357e-03
1.685121e-03
1.687888e-03
1.690657e-03
1.693429e-03
1.696203e-03
1.698978e-03
1.701757e-03
1.704537e-03
1.707320e-03
1.710105e-03
1.712892e-03
1.715682e-03
1.718473e-03
1.721267e-03
1.724064e-03
1.726862e-03
1.729663e-03
1.732466e-03
1.735272e-03
1.738079e-03
1.740889e-03
1.743701e-03
1.746516e-03
1.749333e-03
1.752152e-03
1.754973e-03
1.757796e-03
1.760622e-03
1.763450e-03
1.766281e-03
1.769113e-03
1.771948e-03
1.774785e-03
1.777624e-03
1.780466e-03
1.783310e-03
1.786156e-03
1.789005e-03
1.791855e-03
1.794708e-03
1.797564e-03
1.800421e-03
1.803281e-03
1.806143e-03
1.809007e-03
1.811874e-03
1.814743e-03
1.817614e-03
1.820487e-03
1.823363e-03
1.826241e-03
1.829121e-03
1.832003e-03
1.834888e-03
1.837775e-03
1.840664e-03
1.843556e-03
1.846449e-03
1.849345e-03
1.852244e-03
1.855144e-03
1.858047e-03
1.860952e-03
1.863859e-03
1.866769e-03
1.869681e-03
1.872595e-03
1.875512e-03
1.878430e-03
1.881351e-03
1.884274e-03
1.887200e-03
1.890128e-03
1.893058e-03
1.895990e-03
1.898925e-03
1.901861e-03
1.904800e-03
1.907742e-03
1.910685e-03
1.913631e-03
1.916579e-03
1.919530e-03
1.922483e-03
1.925437e-03
1.928395e-03
1.931354e-03
1.934316e-03
1.937280e-03
1.940246e-03
1.943215e-03
1.946186e-03
1.949159e-03
1.952134e-03
1.955112e-03
1.958091e-03
1.961074e-03
1.964058e-03
1.967045e-03
1.970034e-03
1.973025e-03
1.976018e-03
1.979014e-03
1.982012e-03
1.985012e-03
1.988015e-03
1.991020e-03
1.994027e-03
1.997036e-03
2.000048e-03
2.003061e-03
2.006078e-03
2.009096e-03
2.012117e-03
2.015140e-03
2.018165e-03
2.021192e-03
2.024222e-03
2.027254e-03
2.030288e-03
2.033325e-03
2.036364e-03
2.039405e-03
2.042448e-03
2.045493e-03
2.048541e-03
2.051591e-03
2.054644e-03
2.057698e-03
2.060755e-03
2.063815e-03
2.066876e-03
2.069940e-03
2.073006e-03
2.076074e-03
2.079145e-03
2.082217e-03
2.085292e-03
2.088370e-03
2.091449e-03
2.094531e-03
2.097615e-03
2.100702e-03
2.103790e-03
2.106881e-03
2.109974e-03
2.113070e-03
2.116167e-03
2.119267e-03
2.122370e-03
2.125474e-03
2.128581e-03
2.131690e-03
2.134801e-03
2.137915e-03
2.141031e-03
2.144149e-03
2.147269e-03
2.150392e-03
2.153517e-03
2.156644e-03
2.159773e-03
2.162905e-03
2.166039e-03
2.169175e-03
2.172314e-03
2.175454e-03
2.178597e-03
2.181743e-03
2.184890e-03
2.188040e-03
2.191192e-03
2.194347e-03
2.197503e-03
2.200662e-03
2.203823e-03
2.206987e-03
2.210152e-03
2.213320e-03
2.216491e-03
2.219663e-03
2.222838e-03
2.226015e-03
2.229194e-03
2.232376e-03
2.235560e-03
2.238746e-03
2.241934e-03
2.245125e-03
2.248317e-03
2.251513e-03
2.254710e-03
2.257910e-03
2.261112e-03
2.264316e-03
2.267522e-03
2.270731e-03
2.273942e-03
2.277155e-03
2.280371e-03
2.283589e-03
2.286809e-03
2.290031e-03
2.293256e-03
2.296483e-03
2.299712e-03
2.302943e-03
2.306177e-03
2.309413e-03
2.312651e-03
2.315891e-03
2.319134e-03
2.322379e-03
2.325626e-03
2.328876e-03
2.332128e-03
2.335382e-03
2.338638e-03
2.341897e-03
2.345158e-03
2.348421e-03
2.351686e-03
2.354954e-03
2.358224e-03
2.361496e-03
2.364770e-03
2.368047e-03
2.371326e-03
2.374607e-03
2.377891e-03
2.381177e-03
2.384465e-03
2.387755e-03
2.391048e-03
2.394343e-03
2.397640e-03
2.400939e-03
2.404241e-03
2.407545e-03
2.410851e-03
2.414159e-03
2.417470e-03
2.420783e-03
2.424098e-03
2.427416e-03
2.430736e-03
2.434058e-03
2.437382e-03
2.440708e-03
2.444037e-03
2.447368e-03
2.450702e-03
2.454037e-03
2.457375e-03
2.460716e-03
2.464058e-03
2.467403e-03
2.470750e-03
2.474099e-03
2.477450e-03
2.480804e-03
2.484160e-03
2.487519e-03
2.490879e-03
2.494242e-03
2.497607e-03
2.500974e-03
2.504344e-03
2.507716e-03
2.511090e-03
2.514467e-03
2.517845e-03
2.521226e-03
2.524609e-03
2.527995e-03
2.531383e-03
2.534773e-03
2.538165e-03
2.541560e-03
2.544956e-03
2.548356e-03
2.551757e-03
2.555161e-03
2.558566e-03
2.561975e-03
2.565385e-03
2.568798e-03
2.572213e-03
2.575630e-03
2.579049e-03
2.582471e-03
2.585895e-03
2.589321e-03
2.592750e-03
2.596181e-03
2.599614e-03
2.603049e-03
2.606487e-03
2.609927e-03
2.613369e-03
2.616813e-03
2.620260e-03
2.623709e-03
2.627160e-03
2.630614e-03
2.634069e-03
2.637527e-03
2.640988e-03
2.644450e-03
2.647915e-03
2.651382e-03
2.654851e-03
2.658323e-03
2.661797e-03
2.665273e-03
2.668751e-03
2.672232e-03
2.675715e-03
2.679200e-03
2.682688e-03
2.686177e-03
2.689669e-03
2.693164e-03
2.696660e-03
2.700159e-03
2.703660e-03
2.707163e-03
2.710669e-03
2.713512e-03
2.716344e-03
2.719165e-03
2.721974e-03
2.724772e-03
2.727558e-03
2.730334e-03
2.733098e-03
2.735850e-03
2.738592e-03
2.741322e-03
2.744041e-03
2.746748e-03
2.749444e-03
2.752129e-03
2.754803e-03
2.757465e-03
2.760116e-03
2.762756e-03
2.765384e-03
2.768002e-03
2.770607e-03
2.773202e-03
2.775785e-03
2.778357e-03
2.780918e-03
2.783467e-03
2.786005e-03
2.788532e-03
2.791047e-03
2.793551e-03
2.796044e-03
2.798525e-03
2.800996e-03
2.803455e-03
2.805902e-03
2.808339e-03
2.810764e-03
2.813177e-03
2.815580e-03
2.817971e-03
2.820351e-03
2.822719e-03
2.825076e-03
2.827422e-03
2.829757e-03
2.832080e-03
2.834392e-03
2.836693e-03
2.838982e-03
2.841260e-03
2.843527e-03
2.845783e-03
2.848027e-03
2.850260e-03
2.852481e-03
2.854692e-03
2.856891e-03
2.859078e-03
2.861255e-03
2.863420e-03
2.865574e-03
2.867716e-03
2.869847e-03
2.871967e-03
2.874076e-03
2.876173e-03
2.878259e-03
2.880334e-03
2.882397e-03
2.884449e-03
2.886490e-03
2.888520e-03
2.890538e-03
2.892545e-03
2.894541e-03
2.896525e-03
2.898498e-03
2.900460e-03
2.902410e-03
2.904349e-03
2.906277e-03
2.908193e-03
2.910099e-03
2.911992e-03
2.913875e-03
2.915746e-03
2.917606e-03
2.919455e-03
2.921292e-03
2.923119e-03
2.924933e-03
2.926737e-03
2.928529e-03
2.930310e-03
2.932080e-03
2.933838e-03
2.935585e-03
2.937321e-03
2.939045e-03
2.940758e-03
2.942460e-03
2.944150e-03
2.945830e-03
2.947497e-03
2.949154e-03
2.950799e-03
2.952433e-03
2.954056e-03
2.955667e-03
2.957268e-03
2.958856e-03
2.960434e-03
2.962000e-03
2.963555e-03
2.965098e-03
2.966631e-03
2.968152e-03
2.969661e-03
2.971160e-03
2.972647e-03
2.974123e-03
2.975587e-03
2.977040e-03
2.978482e-03
2.979913e-03
2.981332e-03
2.982740e-03
2.984137e-03
2.985522e-03
2.986896e-03
2.988259e-03
2.989611e-03
2.990951e-03
2.992280e-03
2.993597e-03
2.994904e-03
2.996199e-03
2.997482e-03
2.998755e-03
3.000016e-03
3.001266e-03
3.002504e-03
3.003731e-03
3.004947e-03
3.006152e-03
3.007345e-03
3.008527e-03
3.009698e-03
3.010857e-03
3.012005e-03
3.013142e-03
3.014267e-03
3.015382e-03
3.016485e-03
3.017576e-03
3.018656e-03
3.019725e-03
3.020783e-03
3.021829e-03
3.022865e-03
3.023888e-03
3.024901e-03
3.025902e-03
3.026892e-03
3.027871e-03
3.028838e-03
3.029794e-03
3.030738e-03
3.031672e-03
3.032594e-03
3.033505e-03
3.034404e-03
3.035292e-03
3.036169e-03
3.037035e-03
3.037889e-03
3.038732e-03
3.039564e-03
3.040384e-03
3.041193e-03
3.041991e-03
3.042778e-03
3.043553e-03
3.044317e-03
3.045069e-03
3.045810e-03
3.046540e-03
3.047259e-03
3.047966e-03
3.048663e-03
3.049347e-03
3.050021e-03
3.050683e-03
3.051334e-03
3.051973e-03
3.052602e-03
3.053219e-03
3.053824e-03
3.054419e-03
3.055002e-03
3.055574e-03
3.056134e-03
3.056683e-03
3.057221e-03
3.057748e-03
3.058263e-03
3.058767e-03
3.059260e-03
3.059741e-03
3.060211e-03
3.060670e-03
3.061117e-03
3.061554e-03
3.061978e-03
3.062392e-03
3.062794e-03
3.063185e-03
3.063565e-03
3.063933e-03
3.064290e-03
3.064636e-03
3.064971e-03
3.065294e-03
3.065606e-03
3.065906e-03
3.066196e-03
3.066474e-03
3.066740e-03
3.066996e-03
3.067240e-03
3.067472e-03
3.067694e-03
3.067904e-03
3.068103e-03
3.068290e-03
3.068467e-03
3.068632e-03
3.068785e-03
3.068928e-03
3.069059e-03
3.069179e-03
3.069287e-03
3.069384e-03
3.069470e-03
3.069545e-03
3.069608e-03
3.069660e-03
3.069701e-03
3.069730e-03
3.069748e-03
3.069755e-03
3.069750e-03
3.069734e-03
3.069707e-03
3.069669e-03
3.069619e-03
3.069558e-03
3.069486e-03
3.069402e-03
3.069307e-03
3.069201e-03
3.069083e-03
3.068955e-03
3.068814e-03
3.068663e-03
3.068500e-03
3.068326e-03
3.068141e-03
3.067944e-03
3.067736e-03
3.067517e-03
3.067287e-03
3.067045e-03
3.066792e-03
3.066527e-03
3.066251e-03
3.065964e-03
3.065666e-03
3.065356e-03
3.065035e-03
3.064703e-03
3.064360e-03
3.064005e-03
3.063639e-03
3.063261e-03
3.062873e-03
3.062473e-03
3.062061e-03
3.061639e-03
3.061205e-03
3.060759e-03
3.060303e-03
3.059835e-03
3.059356e-03
3.058865e-03
3.058364e-03
3.057851e-03
3.057326e-03
3.056791e-03
3.056466e-03
3.056466e-03
3.056466e-03
3.056466e-03
3.056466e-03
3.056466e-03
3.056466e-03
3.056466e-03
3.056466e-03
3.056466e-03
3.056466e-03
3.056466e-03
3.056466e-03
3.056466e-03
3.056466e-03
3.056466e-03
3.056466e-03
3.056466e-03
3.056466e-03
3.056466e-03
3.056466e-03
3.056466e-03
3.056466e-03
3.056466e-03
3.056466e-03
3.056466e-03
3.056466e-03
3.056466e-03
3.056466e-03
3.056466e-03
3.056466e-03
3.056466e-03
3.056466e-03
3.056466e-03
3.056466e-03
3.056466e-03
3.056466e-03
3.056466e-03
3.056466e-03
3.056466e-03
3.056466e-03
3.056466e-03
3.056466e-03
3.056466e-03
3.056466e-03
3.056466e-03
3.056466e-03
3.056466e-03
3.056466e-03
3.056466e-03
3.056466e-03
3.056466e-03
3.056466e-03
3.056466e-03
3.056466e-03
3.056466e-03
3.056466e-03
3.056466e-03
3.056466e-03
3.056466e-03
3.056466e-03
3.056466e-03
3.056466e-03
3.056466e-03
3.056466e-03
3.056466e-03
3.056466e-03
3.056466e-03
3.056466e-03
3.056466e-03
3.056466e-03
3.056466e-03
3.056466e-03
3.056466e-03
3.056466e-03
3.056466e-03
3.056466e-03
3.056466e-03
3.056466e-03
3.056466e-03
3.056466e-03
3.056466e-03
3.056466e-03
3.056466e-03
3.056466e-03
3.056466e-03
3.056466e-03
3.056466e-03
3.056466e-03
3.056466e-03
3.056466e-03
3.056466e-03
3.056466e-03
3.056466e-03
3.056466e-03
3.056466e-03
3.056466e-03
3.056466e-03
3.056466e-03
3.056466e-03
3.056466e-03
3.056466e-03
3.056466e-03
3.056466e-03
3.056466e-03
3.056466e-03
3.056466e-03
3.056466e-03
3.056466e-03
3.056466e-03
3.056466e-03
3.056466e-03
3.056466e-03
3.056466e-03
3.056466e-03
3.056466e-03
3.056466e-03
3.056466e-03
3.056466e-03
3.056466e-03
3.056466e-03
3.056466e-03
3.056466e-03
3.056466e-03
3.056466e-03
3.056466e-03
3.056466e-03
3.056466e-03
3.056466e-03
3.056466e-03
3.056466e-03
3.056466e-03
3.056466e-03
3.056466e-03
3.056466e-03
3.056466e-03
3.056466e-03
3.056466e-03
3.056466e-03
3.056466e-03
3.056466e-03
3.056466e-03
3.056466e-03
3.056466e-03
3.056466e-03
3.056466e-03
3.056466e-03
3.056466e-03
3.056466e-03
3.056466e-03
3.056466e-03
3.056466e-03
3.056466e-03
3.056466e-03
3.056466e-03
3.056466e-03
3.056466e-03
3.056466e-03
3.056466e-03
3.056466e-03
3.056466e-03
3.056466e-03
3.056466e-03
3.056466e-03
3.056466e-03
3.056466e-03
3.056466e-03
3.056466e-03
3.056466e-03
3.056466e-03
3.056466e-03
3.056466e-03
3.056466e-03
3.056466e-03
3.056466e-03
3.056466e-03
3.056466e-03
3.056466e-03
3.056466e-03
3.056466e-03
3.056466e-03
3.056466e-03
3.056466e-03
3.056466e-03
3.056466e-03
3.056466e-03
3.056466e-03
3.056466e-03
3.056466e-03
3.056466e-03
3.056466e-03
3.056466e-03
3.056466e-03
3.056466e-03
3.056466e-03
3.056466e-03
3.056466e-03
3.056466e-03
3.056466e-03
3.056466e-03
3.056466e-03
