0.000000e+00
1.110371e-07
2.244316e-07
3.401837e-07
4.582932e-07
5.787602e-07
7.015846e-07
8.267666e-07
9.543060e-07
1.084203e-06
1.216457e-06
1.351069e-06
1.488038e-06
1.627365e-06
1.769049e-06
1.913091e-06
2.059490e-06
2.208247e-06
2.359361e-06
2.512833e-06
2.668662e-06
2.826849e-06
2.987393e-06
3.150294e-06
3.315553e-06
3.483170e-06
3.653144e-06
3.825475e-06
4.000164e-06
4.177210e-06
4.356614e-06
4.538376e-06
4.722495e-06
4.908971e-06
5.097805e-06
5.288996e-06
5.482545e-06
5.678451e-06
5.876714e-06
6.077336e-06
6.280314e-06
6.485650e-06
6.693344e-06
6.903395e-06
7.115803e-06
7.330569e-06
7.547693e-06
7.767174e-06
7.989012e-06
8.213208e-06
8.439762e-06
8.668672e-06
8.899941e-06
9.133567e-06
9.369550e-06
9.607891e-06
9.848589e-06
1.009164e-05
1.033706e-05
1.058483e-05
1.083496e-05
1.108744e-05
1.134229e-05
1.159949e-05
1.185904e-05
1.212096e-05
1.238523e-05
1.265186e-05
1.292085e-05
1.319220e-05
1.346590e-05
1.374196e-05
1.402038e-05
1.430115e-05
1.458429e-05
1.486978e-05
1.515762e-05
1.544783e-05
1.574039e-05
1.603531e-05
1.633259e-05
1.663222e-05
1.693422e-05
1.723857e-05
1.754527e-05
1.785434e-05
1.816576e-05
1.847954e-05
1.879568e-05
1.911417e-05
1.943503e-05
1.975824e-05
2.008380e-05
2.041173e-05
2.074201e-05
2.107465e-05
2.140965e-05
2.174700e-05
2.208671e-05
2.242878e-05
2.277321e-05
2.312000e-05
2.346914e-05
2.382064e-05
2.417449e-05
2.453071e-05
2.488928e-05
2.525021e-05
2.561350e-05
2.597914e-05
2.634714e-05
2.671750e-05
2.709022e-05
2.746529e-05
2.784273e-05
2.822252e-05
2.860466e-05
2.898917e-05
2.937603e-05
2.976525e-05
3.015682e-05
3.055076e-05
3.094705e-05
3.134570e-05
3.174671e-05
3.215007e-05
3.255579e-05
3.296387e-05
3.337431e-05
3.378710e-05
3.420225e-05
3.461976e-05
3.503963e-05
3.546185e-05
3.588643e-05
3.631337e-05
3.674267e-05
3.717432e-05
3.760833e-05
3.804470e-05
3.848343e-05
3.892451e-05
3.936795e-05
3.981375e-05
4.026191e-05
4.071242e-05
4.116529e-05
4.162052e-05
4.207811e-05
4.253805e-05
4.300035e-05
4.346501e-05
4.393202e-05
4.440140e-05
4.487313e-05
4.534722e-05
4.582366e-05
4.630247e-05
4.678363e-05
4.726714e-05
4.775302e-05
4.824125e-05
4.873184e-05
4.922479e-05
4.972010e-05
5.021776e-05
5.071778e-05
5.122016e-05
5.172489e-05
5.223199e-05
5.274144e-05
5.325325e-05
5.376741e-05
5.428393e-05
5.480281e-05
5.532405e-05
5.584765e-05
5.637360e-05
5.690191e-05
5.743258e-05
5.796560e-05
5.850099e-05
5.903873e-05
5.957882e-05
6.012128e-05
6.066609e-05
6.121326e-05
6.176279e-05
6.231467e-05
6.286892e-05
6.342552e-05
6.398447e-05
6.454579e-05
6.510946e-05
6.567549e-05
6.624388e-05
6.681462e-05
6.738772e-05
6.796318e-05
6.854100e-05
6.912118e-05
6.970371e-05
7.028860e-05
7.087584e-05
7.146545e-05
7.205741e-05
7.265173e-05
7.324841e-05
7.384744e-05
7.444883e-05
7.505258e-05
7.565869e-05
7.626715e-05
7.687798e-05
7.749116e-05
7.810669e-05
7.872459e-05
7.934484e-05
7.996745e-05
8.059241e-05
8.121974e-05
8.184942e-05
8.248146e-05
8.311586e-05
8.375261e-05
8.439172e-05
8.503319e-05
8.567702e-05
8.632320e-05
8.697174e-05
8.762264e-05
8.827590e-05
8.893151e-05
8.958948e-05
9.024981e-05
9.091250e-05
9.157754e-05
9.224494e-05
9.291470e-05
9.358682e-05
9.426129e-05
9.493812e-05
9.561731e-05
9.629886e-05
9.698276e-05
9.766902e-05
9.835764e-05
9.904862e-05
9.974195e-05
1.004376e-04
1.011357e-04
1.018361e-04
1.025389e-04
1.032440e-04
1.039515e-04
1.046613e-04
1.053735e-04
1.060880e-04
1.068049e-04
1.075242e-04
1.082458e-04
1.089698e-04
1.096962e-04
1.104249e-04
1.111559e-04
1.118893e-04
1.126251e-04
1.133632e-04
1.141037e-04
1.148465e-04
1.155917e-04
1.163393e-04
1.170892e-04
1.178415e-04
1.185961e-04
1.193531e-04
1.201124e-04
1.208741e-04
1.216382e-04
1.224046e-04
1.231734e-04
1.239445e-04
1.247180e-04
1.254938e-04
1.262720e-04
1.270526e-04
1.278355e-04
1.286208e-04
1.294084e-04
1.301984e-04
1.309908e-04
1.317855e-04
1.325825e-04
1.333819e-04
1.341837e-04
1.349879e-04
1.357943e-04
1.366032e-04
1.374144e-04
1.382280e-04
1.390439e-04
1.398622e-04
1.406828e-04
1.415058e-04
1.423312e-04
1.431589e-04
1.439889e-04
1.448214e-04
1.456561e-04
1.464933e-04
1.473328e-04
1.481746e-04
1.490188e-04
1.498654e-04
1.507143e-04
1.515656e-04
1.524193e-04
1.532753e-04
1.541336e-04
1.549943e-04
1.558574e-04
1.567228e-04
1.575906e-04
1.584608e-04
1.593333e-04
1.602081e-04
1.610853e-04
1.619649e-04
1.628468e-04
1.637311e-04
1.646178e-04
1.655068e-04
1.663982e-04
1.672919e-04
1.681879e-04
1.690864e-04
1.699872e-04
1.708903e-04
1.717958e-04
1.727037e-04
1.736139e-04
1.745265e-04
1.754414e-04
1.763587e-04
1.772784e-04
1.782004e-04
1.791247e-04
1.800515e-04
1.809805e-04
1.819120e-04
1.828458e-04
1.837819e-04
1.847204e-04
1.856613e-04
1.866045e-04
1.875501e-04
1.884981e-04
1.894484e-04
1.904010e-04
1.913560e-04
1.923134e-04
1.932731e-04
1.942352e-04
1.951997e-04
1.961665e-04
1.971356e-04
1.981071e-04
1.990810e-04
2.000572e-04
2.010358e-04
2.020168e-04
2.030001e-04
2.039857e-04
2.049738e-04
2.059641e-04
2.069569e-04
2.079520e-04
2.089494e-04
2.099492e-04
2.109514e-04
2.119559e-04
2.129628e-04
2.139720e-04
2.149836e-04
2.159975e-04
2.170139e-04
2.180325e-04
2.190535e-04
2.200769e-04
2.211027e-04
2.221308e-04
2.231612e-04
2.241940e-04
2.252292e-04
2.262667e-04
2.273066e-04
2.283488e-04
2.293934e-04
2.304404e-04
2.314897e-04
2.325414e-04
2.335954e-04
2.346518e-04
2.357105e-04
2.367716e-04
2.378351e-04
2.389009e-04
2.399691e-04
2.410396e-04
2.421125e-04
2.431877e-04
2.442653e-04
2.453453e-04
2.464276e-04
2.475123e-04
2.485993e-04
2.496887e-04
2.507804e-04
2.518745e-04
2.529710e-04
2.540698e-04
2.551710e-04
2.562745e-04
2.573804e-04
2.584887e-04
2.595993e-04
2.607122e-04
2.618276e-04
2.629453e-04
2.640653e-04
2.651877e-04
2.663124e-04
2.674395e-04
2.685690e-04
2.697008e-04
2.708350e-04
2.719716e-04
2.731104e-04
2.742517e-04
2.753953e-04
2.765413e-04
2.776896e-04
2.788403e-04
2.799933e-04
2.811487e-04
2.823065e-04
2.834666e-04
2.846291e-04
2.857939e-04
2.869611e-04
2.881306e-04
2.893025e-04
2.904768e-04
2.916534e-04
2.928324e-04
2.940137e-04
2.951974e-04
2.963834e-04
2.975718e-04
2.987626e-04
2.999557e-04
3.011512e-04
3.023490e-04
3.035492e-04
3.047518e-04
3.059567e-04
3.071639e-04
3.083736e-04
3.095855e-04
3.107999e-04
3.120166e-04
3.132356e-04
3.144570e-04
3.156808e-04
3.169069e-04
3.181354e-04
3.193662e-04
3.205994e-04
3.218350e-04
3.230729e-04
3.243132e-04
3.255558e-04
3.268008e-04
3.280481e-04
3.292978e-04
3.305499e-04
3.318043e-04
3.330610e-04
3.343202e-04
3.355817e-04
3.368455e-04
3.381117e-04
3.393803e-04
3.406512e-04
3.419244e-04
3.432001e-04
3.444781e-04
3.457584e-04
3.470411e-04
3.483262e-04
3.496136e-04
3.509034e-04
3.521955e-04
3.534900e-04
3.547868e-04
3.560860e-04
3.573876e-04
3.586915e-04
3.599978e-04
3.613064e-04
3.626174e-04
3.639308e-04
3.652465e-04
3.665645e-04
3.678850e-04
3.692077e-04
3.705329e-04
3.718604e-04
3.731902e-04
3.745224e-04
3.758570e-04
3.771939e-04
3.785332e-04
3.798748e-04
3.812188e-04
3.825652e-04
3.839139e-04
3.852650e-04
3.866184e-04
3.879742e-04
3.893323e-04
3.906928e-04
3.920557e-04
3.934209e-04
3.947885e-04
3.961584e-04
3.975307e-04
3.989053e-04
4.002823e-04
4.016617e-04
4.030434e-04
4.044275e-04
4.058139e-04
4.072027e-04
4.085938e-04
4.099873e-04
4.113832e-04
4.127814e-04
4.141820e-04
4.155849e-04
4.169902e-04
4.183979e-04
4.198079e-04
4.212202e-04
4.226350e-04
4.240520e-04
4.254715e-04
4.268933e-04
4.283174e-04
4.297439e-04
4.311728e-04
4.326040e-04
4.340376e-04
4.354735e-04
4.369118e-04
4.383525e-04
4.397955e-04
4.412409e-04
4.426886e-04
4.441387e-04
4.455911e-04
4.470459e-04
4.485031e-04
4.499626e-04
4.514245e-04
4.528887e-04
4.543553e-04
4.558242e-04
4.572955e-04
4.587692e-04
4.602452e-04
4.617236e-04
4.632043e-04
4.646874e-04
4.661728e-04
4.676606e-04
4.691508e-04
4.706433e-04
4.721382e-04
4.736354e-04
4.751350e-04
4.766369e-04
4.781413e-04
4.796479e-04
4.811569e-04
4.826683e-04
4.841820e-04
4.856981e-04
4.872166e-04
4.887374e-04
4.902606e-04
4.917861e-04
4.933140e-04
4.948442e-04
4.963768e-04
4.979117e-04
4.994491e-04
5.009887e-04
5.025307e-04
5.040751e-04
5.056219e-04
5.071710e-04
5.087224e-04
5.102762e-04
5.118324e-04
5.133909e-04
5.149518e-04
5.165151e-04
5.180807e-04
5.196486e-04
5.212189e-04
5.227916e-04
5.243666e-04
5.259440e-04
5.275238e-04
5.291059e-04
5.306903e-04
5.322771e-04
5.338663e-04
5.354578e-04
5.370517e-04
5.386480e-04
5.402466e-04
5.418475e-04
5.434509e-04
5.450565e-04
5.466646e-04
5.482750e-04
5.498877e-04
5.515028e-04
5.531203e-04
5.547401e-04
5.563623e-04
5.579868e-04
5.596137e-04
5.612430e-04
5.628746e-04
5.645085e-04
5.661449e-04
5.677835e-04
5.694246e-04
5.710680e-04
5.727137e-04
5.743618e-04
5.760123e-04
5.776651e-04
5.793203e-04
5.809779e-04
5.826378e-04
5.843000e-04
5.859646e-04
5.876316e-04
5.893009e-04
5.909726e-04
5.926467e-04
5.943231e-04
5.960018e-04
5.976829e-04
5.993664e-04
6.010522e-04
6.027404e-04
6.044310e-04
6.061239e-04
6.078191e-04
6.095168e-04
6.112167e-04
6.129191e-04
6.146237e-04
6.163308e-04
6.180402e-04
6.197520e-04
6.214661e-04
6.231826e-04
6.249014e-04
6.266226e-04
6.283461e-04
6.300720e-04
6.318003e-04
6.335309e-04
6.352639e-04
6.369993e-04
6.387369e-04
6.404770e-04
6.422194e-04
6.439642e-04
6.457113e-04
6.474608e-04
6.492126e-04
6.509668e-04
6.527234e-04
6.544823e-04
6.562436e-04
6.580072e-04
6.597732e-04
6.615415e-04
6.633122e-04
6.650853e-04
6.668607e-04
6.686385e-04
6.704186e-04
6.722011e-04
6.739859e-04
6.757731e-04
6.775627e-04
6.793546e-04
6.811489e-04
6.829455e-04
6.847445e-04
6.865458e-04
6.883495e-04
6.901556e-04
6.919640e-04
6.937748e-04
6.955879e-04
6.974034e-04
6.992213e-04
7.010415e-04
7.028640e-04
7.046890e-04
7.065163e-04
7.083459e-04
7.101779e-04
7.120122e-04
7.138489e-04
7.156880e-04
7.175294e-04
7.193732e-04
7.212194e-04
7.230678e-04
7.249187e-04
7.267719e-04
7.286275e-04
7.304854e-04
7.323457e-04
7.342083e-04
7.360733e-04
7.379407e-04
7.398104e-04
7.416825e-04
7.435569e-04
7.454337e-04
7.473128e-04
7.491943e-04
7.510782e-04
7.529644e-04
7.548530e-04
7.567439e-04
7.586372e-04
7.605328e-04
7.624308e-04
7.643312e-04
7.662339e-04
7.681390e-04
7.700464e-04
7.719562e-04
7.738684e-04
7.757829e-04
7.776997e-04
7.796190e-04
7.815405e-04
7.834645e-04
7.853908e-04
7.873194e-04
7.892504e-04
7.911838e-04
7.931195e-04
7.950576e-04
7.969980e-04
7.989408e-04
8.008860e-04
8.028335e-04
8.047834e-04
8.067356e-04
8.086902e-04
8.106471e-04
8.126064e-04
8.145681e-04
8.165321e-04
8.184984e-04
8.204672e-04
8.224383e-04
8.244117e-04
8.263875e-04
8.283657e-04
8.303462e-04
8.323290e-04
8.343143e-04
8.363019e-04
8.382918e-04
8.402841e-04
8.422788e-04
8.442758e-04
8.462752e-04
8.482769e-04
8.502810e-04
8.522874e-04
8.542962e-04
8.563074e-04
8.583209e-04
8.603368e-04
8.623550e-04
8.643756e-04
8.663986e-04
8.684239e-04
8.704515e-04
8.724816e-04
8.745139e-04
8.765487e-04
8.785858e-04
8.806252e-04
8.826670e-04
8.847112e-04
8.867577e-04
8.888066e-04
8.908579e-04
8.929114e-04
8.949674e-04
8.970257e-04
8.990864e-04
9.011494e-04
9.032148e-04
9.052825e-04
9.073526e-04
9.094251e-04
9.114999e-04
9.135771e-04
9.156566e-04
9.177385e-04
9.198227e-04
9.219093e-04
9.239983e-04
9.260896e-04
9.281833e-04
9.302793e-04
9.323777e-04
9.344785e-04
9.365816e-04
9.386870e-04
9.407948e-04
9.429050e-04
9.450175e-04
9.471324e-04
9.492497e-04
9.513693e-04
9.534913e-04
9.556156e-04
9.577423e-04
9.598713e-04
9.620027e-04
9.641364e-04
9.662725e-04
9.684110e-04
9.705518e-04
9.726950e-04
9.748406e-04
9.769884e-04
9.791387e-04
9.812913e-04
9.834463e-04
9.856036e-04
9.877633e-04
9.899253e-04
9.920897e-04
9.942565e-04
9.964256e-04
9.985971e-04
1.000771e-03
1.002947e-03
1.005126e-03
1.007307e-03
1.009490e-03
1.011675e-03
1.013863e-03
1.016054e-03
1.018246e-03
1.020441e-03
1.022639e-03
1.024839e-03
1.027041e-03
1.029245e-03
1.031452e-03
1.033661e-03
1.035873e-03
1.038087e-03
1.040303e-03
1.042522e-03
1.044743e-03
1.046966e-03
1.049192e-03
1.051420e-03
1.053650e-03
1.055883e-03
1.058118e-03
1.060355e-03
1.062595e-03
1.064837e-03
1.067082e-03
1.069329e-03
1.071578e-03
1.073830e-03
1.076084e-03
1.078340e-03
1.080599e-03
1.082860e-03
1.085123e-03
1.087389e-03
1.089657e-03
1.091928e-03
1.094200e-03
1.096476e-03
1.098753e-03
1.101033e-03
1.103315e-03
1.105600e-03
1.107887e-03
1.110176e-03
1.112468e-03
1.114762e-03
1.117059e-03
1.119357e-03
1.121658e-03
1.123962e-03
1.126268e-03
1.128576e-03
1.130887e-03
1.133199e-03
1.135515e-03
1.137832e-03
1.140152e-03
1.142475e-03
1.144799e-03
1.147126e-03
1.149456e-03
1.151788e-03
1.154122e-03
1.156458e-03
1.158797e-03
1.161138e-03
1.163482e-03
1.165828e-03
1.168176e-03
1.170527e-03
1.172880e-03
1.175235e-03
1.177593e-03
1.179953e-03
1.182315e-03
1.184680e-03
1.187047e-03
1.189417e-03
1.191789e-03
1.194163e-03
1.196539e-03
1.198918e-03
1.201300e-03
1.203683e-03
1.206069e-03
1.208458e-03
1.210848e-03
1.213241e-03
1.215637e-03
1.218035e-03
1.220435e-03
1.222837e-03
1.225242e-03
1.227649e-03
1.230059e-03
1.232471e-03
1.234885e-03
1.237302e-03
1.239721e-03
1.242142e-03
1.244566e-03
1.246992e-03
1.249420e-03
1.251851e-03
1.254284e-03
1.256720e-03
1.259158e-03
1.261598e-03
1.264041e-03
1.266485e-03
1.268933e-03
1.271382e-03
1.273834e-03
1.276289e-03
1.278746e-03
1.281205e-03
1.283666e-03
1.286130e-03
1.288596e-03
1.291065e-03
1.293535e-03
1.296009e-03
1.298484e-03
1.300962e-03
1.303442e-03
1.305925e-03
1.308410e-03
1.310897e-03
1.313387e-03
1.315879e-03
1.318374e-03
1.320871e-03
1.323370e-03
1.325871e-03
1.328375e-03
1.330881e-03
1.333390e-03
1.335901e-03
1.338414e-03
1.340930e-03
1.343448e-03
1.345968e-03
1.348491e-03
1.351016e-03
1.353543e-03
1.356073e-03
1.358605e-03
1.361140e-03
1.363677e-03
1.366216e-03
1.368758e-03
1.371302e-03
1.373848e-03
1.376397e-03
1.378948e-03
1.381501e-03
1.384057e-03
1.386615e-03
1.389175e-03
1.391738e-03
1.394303e-03
1.396871e-03
1.399441e-03
1.402013e-03
1.404588e-03
1.407165e-03
1.409744e-03
1.412325e-03
1.414910e-03
1.417496e-03
1.420085e-03
1.422676e-03
1.425269e-03
1.427865e-03
1.430463e-03
1.433064e-03
1.435667e-03
1.438272e-03
1.440879e-03
1.443489e-03
1.446102e-03
1.448716e-03
1.451333e-03
1.453953e-03
1.456575e-03
1.459199e-03
1.461825e-03
1.464454e-03
1.467085e-03
1.469719e-03
1.472355e-03
1.474993e-03
1.477633e-03
1.480276e-03
1.482922e-03
1.485569e-03
1.488219e-03
1.490872e-03
1.493527e-03
1.496184e-03
1.498843e-03
1.501505e-03
1.504169e-03
1.506836e-03
1.509505e-03
1.512176e-03
1.514850e-03
1.517525e-03
1.520204e-03
1.522884e-03
1.525568e-03
1.528253e-03
1.530941e-03
1.533631e-03
1.536323e-03
1.539018e-03
1.541715e-03
1.544415e-03
1.547117e-03
1.549821e-03
1.552528e-03
1.555237e-03
1.557948e-03
1.560662e-03
1.563378e-03
1.566096e-03
1.568817e-03
1.571540e-03
1.574265e-03
1.576993e-03
1.579723e-03
1.582456e-03
1.585191e-03
1.587928e-03
1.590668e-03
1.593410e-03
1.596154e-03
1.598901e-03
1.601650e-03
1.604401e-03
1.607155e-03
1.609911e-03
1.612670e-03
1.615430e-03
1.618194e-03
1.620959e-03
1.623727e-03
1.626497e-03
1.629270e-03
1.632045e-03
1.634822e-03
1.637602e-03
1.640384e-03
1.643169e-03
1.645955e-03
1.648744e-03
1.651536e-03
1.654330e-03
1.657126e-03
1.659925e-03
1.662725e-03
1.665529e-03
1.668334e-03
1.671142e-03
1.673953e-03
1.676765e-03
1.679580e-03
1.682398e-03
1.685218e-03
1.688040e-03
1.690864e-03
1.693691e-03
1.696520e-03
1.699352e-03
1.702186e-03
1.705022e-03
1.707861e-03
1.710702e-03
1.713545e-03
1.716391e-03
1.719239e-03
1.722089e-03
1.724942e-03
1.727797e-03
1.730655e-03
1.733515e-03
1.736377e-03
1.739241e-03
1.742108e-03
1.744978e-03
1.747849e-03
1.750723e-03
1.753600e-03
1.756478e-03
1.759359e-03
1.762243e-03
1.765129e-03
1.768017e-03
1.770907e-03
1.773800e-03
1.776695e-03
1.779593e-03
1.782493e-03
1.785395e-03
1.788300e-03
1.791207e-03
1.794116e-03
1.797028e-03
1.799942e-03
1.802858e-03
1.805777e-03
1.808698e-03
1.811622e-03
1.814548e-03
1.817476e-03
1.820406e-03
1.823339e-03
1.826275e-03
1.829212e-03
1.832152e-03
1.835095e-03
1.838039e-03
1.840986e-03
1.843936e-03
1.846888e-03
1.849842e-03
1.852798e-03
1.855757e-03
1.858718e-03
1.861682e-03
1.864648e-03
1.867616e-03
1.870587e-03
1.873560e-03
1.876535e-03
1.879513e-03
1.882493e-03
1.885476e-03
1.888460e-03
1.891447e-03
1.894437e-03
1.897429e-03
1.900423e-03
1.903420e-03
1.906419e-03
1.909420e-03
1.912424e-03
1.915430e-03
1.918438e-03
1.921449e-03
1.924462e-03
1.927477e-03
1.930495e-03
1.933515e-03
1.936538e-03
1.939563e-03
1.942590e-03
1.945619e-03
1.948651e-03
1.951686e-03
1.954722e-03
1.957761e-03
1.960803e-03
1.963846e-03
1.966893e-03
1.969941e-03
1.972992e-03
1.976045e-03
1.979101e-03
1.982158e-03
1.985219e-03
1.988281e-03
1.991346e-03
1.994413e-03
1.997483e-03
2.000555e-03
2.003630e-03
2.006706e-03
2.009785e-03
2.012867e-03
2.015951e-03
2.019037e-03
2.022125e-03
2.025216e-03
2.028310e-03
2.031405e-03
2.034503e-03
2.037603e-03
2.040706e-03
2.043811e-03
2.046918e-03
2.050028e-03
2.053140e-03
2.056255e-03
2.059372e-03
2.062491e-03
2.065612e-03
2.068736e-03
2.071862e-03
2.074991e-03
2.078122e-03
2.081255e-03
2.084391e-03
2.087529e-03
2.090669e-03
2.093812e-03
2.096957e-03
2.100105e-03
2.103255e-03
2.106407e-03
2.109561e-03
2.112718e-03
2.115877e-03
2.119039e-03
2.122203e-03
2.125369e-03
2.128538e-03
2.131709e-03
2.134882e-03
2.138058e-03
2.141236e-03
2.144417e-03
2.147600e-03
2.150785e-03
2.153972e-03
2.157162e-03
2.160355e-03
2.163549e-03
2.166746e-03
2.169945e-03
2.173147e-03
2.176351e-03
2.179558e-03
2.182766e-03
2.185977e-03
2.189191e-03
2.192407e-03
2.195625e-03
2.198845e-03
2.202068e-03
2.205294e-03
2.208521e-03
2.211751e-03
2.214984e-03
2.218218e-03
2.221455e-03
2.224695e-03
2.227937e-03
2.231181e-03
2.234427e-03
2.237676e-03
2.240927e-03
2.244181e-03
2.247437e-03
2.250695e-03
2.253955e-03
2.257218e-03
2.260484e-03
2.263752e-03
2.267022e-03
2.270294e-03
2.273569e-03
2.276846e-03
2.280125e-03
2.283407e-03
2.286691e-03
2.289978e-03
2.293267e-03
2.296558e-03
2.299852e-03
2.303148e-03
2.306446e-03
2.309747e-03
2.313050e-03
2.316355e-03
2.319663e-03
2.322973e-03
2.326286e-03
2.329601e-03
2.332918e-03
2.336237e-03
2.339559e-03
2.342883e-03
2.346210e-03
2.349539e-03
2.352870e-03
2.356204e-03
2.359540e-03
2.362879e-03
2.366219e-03
2.369563e-03
2.372908e-03
2.376256e-03
2.379606e-03
2.382959e-03
2.386314e-03
2.389671e-03
2.393031e-03
2.396392e-03
2.399757e-03
2.403124e-03
2.406493e-03
2.409864e-03
2.413238e-03
2.416614e-03
2.419992e-03
2.423373e-03
2.426757e-03
2.430142e-03
2.433530e-03
2.436920e-03
2.440313e-03
2.443708e-03
2.447105e-03
2.450505e-03
2.453907e-03
2.457312e-03
2.460718e-03
2.464127e-03
2.467539e-03
2.470953e-03
2.474369e-03
2.477788e-03
2.481209e-03
2.484632e-03
2.488058e-03
2.491486e-03
2.494916e-03
2.498349e-03
2.501784e-03
2.505221e-03
2.508661e-03
2.512103e-03
2.515548e-03
2.518994e-03
2.522444e-03
2.525895e-03
2.529349e-03
2.532805e-03
2.536264e-03
2.539725e-03
2.543188e-03
2.546654e-03
2.550122e-03
2.553593e-03
2.557066e-03
2.560541e-03
2.564018e-03
2.567498e-03
2.570980e-03
2.574465e-03
2.577952e-03
2.581441e-03
2.584933e-03
2.588427e-03
2.591923e-03
2.595422e-03
2.598923e-03
2.602426e-03
2.605932e-03
2.609440e-03
2.612951e-03
2.616464e-03
2.619979e-03
2.623497e-03
2.627017e-03
2.630539e-03
2.634063e-03
2.637591e-03
2.641120e-03
2.644652e-03
2.648186e-03
2.651722e-03
2.655261e-03
2.658802e-03
2.662346e-03
2.665892e-03
2.669440e-03
2.672990e-03
2.676543e-03
2.680099e-03
2.683656e-03
2.687216e-03
2.690779e-03
2.694343e-03
2.697911e-03
2.701480e-03
2.705052e-03
2.708626e-03
2.712202e-03
2.715781e-03
2.719363e-03
2.722946e-03
2.726532e-03
2.730120e-03
2.733711e-03
2.737304e-03
2.740900e-03
2.744497e-03
2.748097e-03
2.751700e-03
2.755305e-03
2.758912e-03
2.762521e-03
2.766133e-03
2.769748e-03
2.773364e-03
2.776983e-03
2.780604e-03
2.784228e-03
2.787854e-03
2.791482e-03
2.795113e-03
2.798746e-03
2.802382e-03
2.806020e-03
2.809660e-03
2.813302e-03
2.816282e-03
2.819251e-03
2.822208e-03
2.825152e-03
2.828086e-03
2.831007e-03
2.833916e-03
2.836814e-03
2.839700e-03
2.842575e-03
2.845437e-03
2.848288e-03
2.851127e-03
2.853955e-03
2.856770e-03
2.859574e-03
2.862366e-03
2.865146e-03
2.867915e-03
2.870672e-03
2.873417e-03
2.876150e-03
2.878871e-03
2.881581e-03
2.884279e-03
2.886965e-03
2.889640e-03
2.892303e-03
2.894954e-03
2.897593e-03
2.900220e-03
2.902836e-03
2.905440e-03
2.908032e-03
2.910613e-03
2.913181e-03
2.915738e-03
2.918283e-03
2.920817e-03
2.923338e-03
2.925848e-03
2.928346e-03
2.930833e-03
2.933308e-03
2.935770e-03
2.938222e-03
2.940661e-03
2.943089e-03
2.945504e-03
2.947908e-03
2.950301e-03
2.952681e-03
2.955050e-03
2.957407e-03
2.959753e-03
2.962086e-03
2.964408e-03
2.966718e-03
2.969016e-03
2.971303e-03
2.973578e-03
2.975841e-03
2.978092e-03
2.980331e-03
2.982559e-03
2.984775e-03
2.986979e-03
2.989172e-03
2.991353e-03
2.993522e-03
2.995679e-03
2.997824e-03
2.999958e-03
3.002080e-03
3.004190e-03
3.006289e-03
3.008375e-03
3.010450e-03
3.012513e-03
3.014565e-03
3.016605e-03
3.018632e-03
3.020649e-03
3.022653e-03
3.024646e-03
3.026627e-03
3.028596e-03
3.030553e-03
3.032499e-03
3.034432e-03
3.036355e-03
3.038265e-03
3.040164e-03
3.042050e-03
3.043925e-03
3.045789e-03
3.047640e-03
3.049480e-03
3.051308e-03
3.053124e-03
3.054929e-03
3.056722e-03
3.058503e-03
3.060272e-03
3.062030e-03
3.063775e-03
3.065509e-03
3.067232e-03
3.068942e-03
3.070641e-03
3.072328e-03
3.074003e-03
3.075667e-03
3.077318e-03
3.078958e-03
3.080586e-03
3.082203e-03
3.083808e-03
3.085400e-03
3.086982e-03
3.088551e-03
3.090109e-03
3.091655e-03
3.093189e-03
3.094711e-03
3.096222e-03
3.097721e-03
3.099208e-03
3.100683e-03
3.102147e-03
3.103599e-03
3.105039e-03
3.106467e-03
3.107884e-03
3.109289e-03
3.110682e-03
3.112063e-03
3.113433e-03
3.114790e-03
3.116136e-03
3.117471e-03
3.118793e-03
3.120104e-03
3.121403e-03
3.122690e-03
3.123966e-03
3.125230e-03
3.126482e-03
3.127722e-03
3.128950e-03
3.130167e-03
3.131372e-03
3.132565e-03
3.133747e-03
3.134916e-03
3.136074e-03
3.137221e-03
3.138355e-03
3.139478e-03
3.140589e-03
3.141688e-03
3.142775e-03
3.143851e-03
3.144915e-03
3.145967e-03
3.147007e-03
3.148036e-03
3.149053e-03
3.150058e-03
3.151051e-03
3.152033e-03
3.153003e-03
3.153961e-03
3.154907e-03
3.155842e-03
3.156765e-03
3.157676e-03
3.158575e-03
3.159463e-03
3.160339e-03
3.161203e-03
3.162055e-03
3.162896e-03
3.163724e-03
3.164541e-03
3.165347e-03
3.166140e-03
3.166922e-03
3.167692e-03
3.168450e-03
3.169197e-03
3.169931e-03
3.170654e-03
3.171366e-03
3.172065e-03
3.172753e-03
3.173429e-03
3.174093e-03
3.174745e-03
3.175386e-03
3.176015e-03
3.176632e-03
3.177238e-03
3.177831e-03
3.178413e-03
3.178983e-03
3.179542e-03
3.180088e-03
3.180623e-03
3.181146e-03
3.181658e-03
3.182157e-03
3.182645e-03
3.183121e-03
3.183586e-03
3.184038e-03
3.184479e-03
3.184908e-03
3.185326e-03
3.185731e-03
3.186125e-03
3.186507e-03
3.186877e-03
3.187236e-03
3.187583e-03
3.187918e-03
3.188241e-03
3.188553e-03
3.188852e-03
3.189140e-03
3.189417e-03
3.189681e-03
3.189934e-03
3.190175e-03
3.190404e-03
3.190621e-03
3.190827e-03
3.191021e-03
3.191203e-03
3.191374e-03
3.191533e-03
3.191679e-03
3.191815e-03
3.191938e-03
3.192050e-03
3.192150e-03
3.192238e-03
3.192314e-03
3.192379e-03
3.192432e-03
3.192473e-03
3.192502e-03
3.192520e-03
3.192526e-03
3.192520e-03
3.192502e-03
3.192473e-03
3.192432e-03
3.192379e-03
3.192314e-03
3.192238e-03
3.192149e-03
3.192050e-03
3.191938e-03
3.191814e-03
3.191679e-03
3.191532e-03
3.191373e-03
3.191203e-03
3.191021e-03
3.190827e-03
3.190621e-03
3.190404e-03
3.190174e-03
3.189933e-03
3.189681e-03
3.189416e-03
3.189140e-03
3.188852e-03
3.188552e-03
3.188240e-03
3.187917e-03
3.187582e-03
3.187235e-03
3.186877e-03
3.186506e-03
3.186124e-03
3.185730e-03
3.185325e-03
3.184907e-03
3.184478e-03
3.184037e-03
3.183585e-03
3.183120e-03
3.182644e-03
3.182156e-03
3.181657e-03
3.181145e-03
3.180622e-03
3.180087e-03
3.179763e-03
3.179763e-03
3.179763e-03
3.179763e-03
3.179763e-03
3.179763e-03
3.179763e-03
3.179763e-03
3.179763e-03
3.179763e-03
3.179763e-03
3.179763e-03
3.179763e-03
3.179763e-03
3.179763e-03
3.179763e-03
3.179763e-03
3.179763e-03
3.179763e-03
3.179763e-03
3.179763e-03
3.179763e-03
3.179763e-03
3.179763e-03
3.179763e-03
3.179763e-03
3.179763e-03
3.179763e-03
3.179763e-03
3.179763e-03
3.179763e-03
3.179763e-03
3.179763e-03
3.179763e-03
3.179763e-03
3.179763e-03
3.179763e-03
3.179763e-03
3.179763e-03
3.179763e-03
3.179763e-03
3.179763e-03
3.179763e-03
3.179763e-03
3.179763e-03
3.179763e-03
3.179763e-03
3.179763e-03
3.179763e-03
3.179763e-03
3.179763e-03
3.179763e-03
3.179763e-03
3.179763e-03
3.179763e-03
3.179763e-03
3.179763e-03
3.179763e-03
3.179763e-03
3.179763e-03
3.179763e-03
3.179763e-03
3.179763e-03
3.179763e-03
3.179763e-03
3.179763e-03
3.179763e-03
3.179763e-03
3.179763e-03
3.179763e-03
3.179763e-03
3.179763e-03
3.179763e-03
3.179763e-03
3.179763e-03
3.179763e-03
3.179763e-03
3.179763e-03
3.179763e-03
3.179763e-03
3.179763e-03
3.179763e-03
3.179763e-03
3.179763e-03
3.179763e-03
3.179763e-03
3.179763e-03
3.179763e-03
3.179763e-03
3.179763e-03
3.179763e-03
3.179763e-03
3.179763e-03
3.179763e-03
3.179763e-03
3.179763e-03
3.179763e-03
3.179763e-03
3.179763e-03
3.179763e-03
3.179763e-03
3.179763e-03
3.179763e-03
3.179763e-03
3.179763e-03
3.179763e-03
3.179763e-03
3.179763e-03
3.179763e-03
3.179763e-03
3.179763e-03
3.179763e-03
3.179763e-03
3.179763e-03
3.179763e-03
3.179763e-03
3.179763e-03
3.179763e-03
3.179763e-03
3.179763e-03
3.179763e-03
3.179763e-03
3.179763e-03
3.179763e-03
3.179763e-03
3.179763e-03
3.179763e-03
3.179763e-03
3.179763e-03
3.179763e-03
3.179763e-03
3.179763e-03
3.179763e-03
3.179763e-03
3.179763e-03
3.179763e-03
3.179763e-03
3.179763e-03
3.179763e-03
3.179763e-03
3.179763e-03
3.179763e-03
3.179763e-03
3.179763e-03
3.179763e-03
3.179763e-03
3.179763e-03
3.179763e-03
3.179763e-03
3.179763e-03
3.179763e-03
3.179763e-03
3.179763e-03
3.179763e-03
3.179763e-03
3.179763e-03
3.179763e-03
3.179763e-03
3.179763e-03
3.179763e-03
3.179763e-03
3.179763e-03
3.179763e-03
3.179763e-03
3.179763e-03
3.179763e-03
3.179763e-03
3.179763e-03
3.179763e-03
3.179763e-03
3.179763e-03
3.179763e-03
3.179763e-03
3.179763e-03
3.179763e-03
3.179763e-03
3.179763e-03
3.179763e-03
3.179763e-03
3.179763e-03
3.179763e-03
3.179763e-03
3.179763e-03
3.179763e-03
3.179763e-03
3.179763e-03
3.179763e-03
3.179763e-03
3.179763e-03
3.179763e-03
3.179763e-03
3.179763e-03
3.179763e-03
3.179763e-03
3.179763e-03
3.179763e-03
3.179763e-03
3.179763e-03
3.179763e-03
3.179763e-03
3.179763e-03
