0.000000e+00
1.110371e-07
2.244986e-07
3.403844e-07
4.586947e-07
5.794293e-07
7.025884e-07
8.281718e-07
9.561796e-07
1.086612e-06
1.219468e-06
1.354749e-06
1.492455e-06
1.632585e-06
1.775139e-06
1.920117e-06
2.067520e-06
2.217348e-06
2.369599e-06
2.524275e-06
2.681376e-06
2.840901e-06
3.002850e-06
3.167224e-06
3.334022e-06
3.503244e-06
3.674891e-06
3.848962e-06
4.025458e-06
4.204378e-06
4.385722e-06
4.569491e-06
4.755684e-06
4.944302e-06
5.135344e-06
5.328810e-06
5.524701e-06
5.723016e-06
5.923756e-06
6.126920e-06
6.332508e-06
6.540521e-06
6.750958e-06
6.963819e-06
7.179105e-06
7.396816e-06
7.616950e-06
7.839509e-06
8.064493e-06
8.291900e-06
8.521733e-06
8.753989e-06
8.988670e-06
9.225776e-06
9.465306e-06
9.707260e-06
9.951638e-06
1.019844e-05
1.044767e-05
1.069932e-05
1.095340e-05
1.120990e-05
1.146882e-05
1.173017e-05
1.199394e-05
1.226014e-05
1.252877e-05
1.279981e-05
1.307328e-05
1.334918e-05
1.362750e-05
1.390824e-05
1.419141e-05
1.447701e-05
1.476502e-05
1.505547e-05
1.534833e-05
1.564362e-05
1.594134e-05
1.624148e-05
1.654404e-05
1.684903e-05
1.715644e-05
1.746628e-05
1.777854e-05
1.809323e-05
1.841034e-05
1.872987e-05
1.905183e-05
1.937621e-05
1.970302e-05
2.003225e-05
2.036391e-05
2.069799e-05
2.103450e-05
2.137343e-05
2.171478e-05
2.205856e-05
2.240476e-05
2.275339e-05
2.310444e-05
2.345792e-05
2.381382e-05
2.417214e-05
2.453289e-05
2.489607e-05
2.526166e-05
2.562969e-05
2.600013e-05
2.637301e-05
2.674830e-05
2.712602e-05
2.750617e-05
2.788873e-05
2.827373e-05
2.866114e-05
2.905099e-05
2.944325e-05
2.983794e-05
3.023506e-05
3.063460e-05
3.103656e-05
3.144095e-05
3.184776e-05
3.225700e-05
3.266866e-05
3.308275e-05
3.349926e-05
3.391819e-05
3.433955e-05
3.476334e-05
3.518954e-05
3.561818e-05
3.604923e-05
3.648271e-05
3.691862e-05
3.735695e-05
3.779770e-05
3.824088e-05
3.868648e-05
3.913451e-05
3.958496e-05
4.003784e-05
4.049314e-05
4.095087e-05
4.141101e-05
4.187359e-05
4.233859e-05
4.280601e-05
4.327586e-05
4.374813e-05
4.422282e-05
4.469994e-05
4.517949e-05
4.566146e-05
4.614585e-05
4.663267e-05
4.712191e-05
4.761358e-05
4.810767e-05
4.860418e-05
4.910312e-05
4.960448e-05
5.010827e-05
5.061449e-05
5.112312e-05
5.163418e-05
5.214767e-05
5.266358e-05
5.318192e-05
5.370267e-05
5.422586e-05
5.475147e-05
5.527950e-05
5.580995e-05
5.634284e-05
5.687814e-05
5.741587e-05
5.795603e-05
5.849860e-05
5.904361e-05
5.959103e-05
6.014089e-05
6.069316e-05
6.124786e-05
6.180499e-05
6.236454e-05
6.292651e-05
6.349091e-05
6.405773e-05
6.462698e-05
6.519865e-05
6.577275e-05
6.634927e-05
6.692821e-05
6.750958e-05
6.809337e-05
6.867959e-05
6.926823e-05
6.985930e-05
7.045279e-05
7.104870e-05
7.164704e-05
7.224781e-05
7.285100e-05
7.345661e-05
7.406465e-05
7.467511e-05
7.528799e-05
7.590330e-05
7.652104e-05
7.714120e-05
7.776378e-05
7.838879e-05
7.901622e-05
7.964608e-05
8.027836e-05
8.091306e-05
8.155019e-05
8.218975e-05
8.283173e-05
8.347613e-05
8.412296e-05
8.477221e-05
8.542389e-05
8.607799e-05
8.673451e-05
8.739346e-05
8.805483e-05
8.871863e-05
8.938485e-05
9.005350e-05
9.072457e-05
9.139807e-05
9.207399e-05
9.275233e-05
9.343310e-05
9.411630e-05
9.480191e-05
9.548995e-05
9.618042e-05
9.687331e-05
9.756863e-05
9.826637e-05
9.896653e-05
9.966912e-05
1.003741e-04
1.010816e-04
1.017914e-04
1.025037e-04
1.032184e-04
1.039356e-04
1.046551e-04
1.053771e-04
1.061015e-04
1.068283e-04
1.075576e-04
1.082893e-04
1.090234e-04
1.097599e-04
1.104989e-04
1.112403e-04
1.119841e-04
1.127303e-04
1.134789e-04
1.142300e-04
1.149835e-04
1.157394e-04
1.164978e-04
1.172586e-04
1.180218e-04
1.187874e-04
1.195554e-04
1.203259e-04
1.210988e-04
1.218741e-04
1.226519e-04
1.234320e-04
1.242146e-04
1.249996e-04
1.257871e-04
1.265769e-04
1.273692e-04
1.281640e-04
1.289611e-04
1.297607e-04
1.305626e-04
1.313671e-04
1.321739e-04
1.329832e-04
1.337948e-04
1.346090e-04
1.354255e-04
1.362444e-04
1.370658e-04
1.378896e-04
1.387159e-04
1.395445e-04
1.403756e-04
1.412091e-04
1.420450e-04
1.428834e-04
1.437242e-04
1.445674e-04
1.454130e-04
1.462611e-04
1.471115e-04
1.479644e-04
1.488198e-04
1.496775e-04
1.505377e-04
1.514003e-04
1.522653e-04
1.531327e-04
1.540026e-04
1.548749e-04
1.557496e-04
1.566268e-04
1.575063e-04
1.583883e-04
1.592728e-04
1.601596e-04
1.610489e-04
1.619406e-04
1.628347e-04
1.637312e-04
1.646302e-04
1.655316e-04
1.664354e-04
1.673416e-04
1.682503e-04
1.691614e-04
1.700749e-04
1.709908e-04
1.719092e-04
1.728300e-04
1.737532e-04
1.746788e-04
1.756068e-04
1.765373e-04
1.774702e-04
1.784056e-04
1.793433e-04
1.802835e-04
1.812261e-04
1.821711e-04
1.831186e-04
1.840685e-04
1.850208e-04
1.859755e-04
1.869326e-04
1.878922e-04
1.888542e-04
1.898186e-04
1.907855e-04
1.917547e-04
1.927264e-04
1.937006e-04
1.946771e-04
1.956561e-04
1.966375e-04
1.976213e-04
1.986075e-04
1.995962e-04
2.005873e-04
2.015808e-04
2.025767e-04
2.035751e-04
2.045759e-04
2.055791e-04
2.065847e-04
2.075928e-04
2.086033e-04
2.096162e-04
2.106315e-04
2.116493e-04
2.126695e-04
2.136921e-04
2.147171e-04
2.157446e-04
2.167745e-04
2.178068e-04
2.188415e-04
2.198786e-04
2.209182e-04
2.219602e-04
2.230047e-04
2.240515e-04
2.251008e-04
2.261525e-04
2.272066e-04
2.282632e-04
2.293221e-04
2.303835e-04
2.314474e-04
2.325136e-04
2.335823e-04
2.346534e-04
2.357269e-04
2.368028e-04
2.378812e-04
2.389620e-04
2.400452e-04
2.411309e-04
2.422189e-04
2.433094e-04
2.444023e-04
2.454977e-04
2.465954e-04
2.476956e-04
2.487982e-04
2.499033e-04
2.510107e-04
2.521206e-04
2.532329e-04
2.543477e-04
2.554648e-04
2.565844e-04
2.577064e-04
2.588308e-04
2.599577e-04
2.610870e-04
2.622187e-04
2.633528e-04
2.644894e-04
2.656283e-04
2.667698e-04
2.679136e-04
2.690598e-04
2.702085e-04
2.713596e-04
2.725131e-04
2.736691e-04
2.748275e-04
2.759883e-04
2.771515e-04
2.783171e-04
2.794852e-04
2.806557e-04
2.818286e-04
2.830040e-04
2.841817e-04
2.853619e-04
2.865445e-04
2.877296e-04
2.889170e-04
2.901069e-04
2.912993e-04
2.924940e-04
2.936912e-04
2.948907e-04
2.960928e-04
2.972972e-04
2.985041e-04
2.997133e-04
3.009251e-04
3.021392e-04
3.033557e-04
3.045747e-04
3.057961e-04
3.070200e-04
3.082462e-04
3.094749e-04
3.107060e-04
3.119395e-04
3.131755e-04
3.144139e-04
3.156547e-04
3.168979e-04
3.181436e-04
3.193916e-04
3.206421e-04
3.218951e-04
3.231504e-04
3.244082e-04
3.256684e-04
3.269310e-04
3.281960e-04
3.294635e-04
3.307334e-04
3.320057e-04
3.332805e-04
3.345577e-04
3.358372e-04
3.371193e-04
3.384037e-04
3.396906e-04
3.409799e-04
3.422716e-04
3.435657e-04
3.448623e-04
3.461613e-04
3.474627e-04
3.487665e-04
3.500728e-04
3.513815e-04
3.526926e-04
3.540061e-04
3.553221e-04
3.566405e-04
3.579613e-04
3.592845e-04
3.606102e-04
3.619382e-04
3.632687e-04
3.646017e-04
3.659370e-04
3.672748e-04
3.686150e-04
3.699576e-04
3.713027e-04
3.726502e-04
3.740001e-04
3.753524e-04
3.767071e-04
3.780643e-04
3.794239e-04
3.807859e-04
3.821504e-04
3.835172e-04
3.848865e-04
3.862583e-04
3.876324e-04
3.890090e-04
3.903880e-04
3.917694e-04
3.931532e-04
3.945395e-04
3.959282e-04
3.973193e-04
3.987128e-04
4.001088e-04
4.015072e-04
4.029080e-04
4.043112e-04
4.057169e-04
4.071250e-04
4.085355e-04
4.099484e-04
4.113638e-04
4.127816e-04
4.142018e-04
4.156244e-04
4.170495e-04
4.184770e-04
4.199069e-04
4.213392e-04
4.227739e-04
4.242111e-04
4.256507e-04
4.270928e-04
4.285372e-04
4.299841e-04
4.314334e-04
4.328851e-04
4.343393e-04
4.357958e-04
4.372548e-04
4.387163e-04
4.401801e-04
4.416464e-04
4.431151e-04
4.445862e-04
4.460597e-04
4.475357e-04
4.490141e-04
4.504949e-04
4.519782e-04
4.534638e-04
4.549519e-04
4.564424e-04
4.579354e-04
4.594307e-04
4.609285e-04
4.624287e-04
4.639314e-04
4.654364e-04
4.669439e-04
4.684538e-04
4.699662e-04
4.714809e-04
4.729981e-04
4.745177e-04
4.760397e-04
4.775642e-04
4.790911e-04
4.806204e-04
4.821521e-04
4.836863e-04
4.852229e-04
4.867619e-04
4.883033e-04
4.898471e-04
4.913934e-04
4.929421e-04
4.944932e-04
4.960468e-04
4.976028e-04
4.991612e-04
5.007220e-04
5.022852e-04
5.038509e-04
5.054190e-04
5.069895e-04
5.085625e-04
5.101378e-04
5.117156e-04
5.132958e-04
5.148785e-04
5.164636e-04
5.180510e-04
5.196410e-04
5.212333e-04
5.228281e-04
5.244252e-04
5.260249e-04
5.276269e-04
5.292314e-04
5.308382e-04
5.324476e-04
5.340593e-04
5.356735e-04
5.372900e-04
5.389090e-04
5.405305e-04
5.421543e-04
5.437806e-04
5.454093e-04
5.470404e-04
5.486740e-04
5.503100e-04
5.519484e-04
5.535892e-04
5.552325e-04
5.568781e-04
5.585262e-04
5.601768e-04
5.618297e-04
5.634851e-04
5.651429e-04
5.668031e-04
5.684658e-04
5.701308e-04
5.717983e-04
5.734682e-04
5.751406e-04
5.768154e-04
5.784926e-04
5.801722e-04
5.818542e-04
5.835387e-04
5.852256e-04
5.869149e-04
5.886066e-04
5.903008e-04
5.919974e-04
5.936964e-04
5.953978e-04
5.971017e-04
5.988080e-04
6.005167e-04
6.022278e-04
6.039414e-04
6.056574e-04
6.073758e-04
6.090966e-04
6.108199e-04
6.125455e-04
6.142736e-04
6.160042e-04
6.177371e-04
6.194725e-04
6.212103e-04
6.229505e-04
6.246932e-04
6.264383e-04
6.281858e-04
6.299357e-04
6.316880e-04
6.334428e-04
6.352000e-04
6.369596e-04
6.387217e-04
6.404862e-04
6.422531e-04
6.440224e-04
6.457941e-04
6.475683e-04
6.493449e-04
6.511239e-04
6.529053e-04
6.546892e-04
6.564755e-04
6.582642e-04
6.600554e-04
6.618489e-04
6.636449e-04
6.654433e-04
6.672442e-04
6.690474e-04
6.708531e-04
6.726612e-04
6.744717e-04
6.762847e-04
6.781001e-04
6.799179e-04
6.817381e-04
6.835608e-04
6.853859e-04
6.872134e-04
6.890433e-04
6.908757e-04
6.927104e-04
6.945476e-04
6.963873e-04
6.982293e-04
7.000738e-04
7.019207e-04
7.037700e-04
7.056218e-04
7.074759e-04
7.093325e-04
7.111916e-04
7.130530e-04
7.149169e-04
7.167832e-04
7.186519e-04
7.205230e-04
7.223966e-04
7.242726e-04
7.261510e-04
7.280319e-04
7.299151e-04
7.318008e-04
7.336889e-04
7.355795e-04
7.374724e-04
7.393678e-04
7.412656e-04
7.431659e-04
7.450685e-04
7.469736e-04
7.488811e-04
7.507911e-04
7.527034e-04
7.546182e-04
7.565354e-04
7.584551e-04
7.603771e-04
7.623016e-04
7.642285e-04
7.661578e-04
7.680896e-04
7.700238e-04
7.719604e-04
7.738994e-04
7.758409e-04
7.777847e-04
7.797310e-04
7.816798e-04
7.836309e-04
7.855845e-04
7.875405e-04
7.894989e-04
7.914597e-04
7.934230e-04
7.953887e-04
7.973568e-04
7.993274e-04
8.013003e-04
8.032757e-04
8.052536e-04
8.072338e-04
8.092165e-04
8.112016e-04
8.131891e-04
8.151790e-04
8.171714e-04
8.191662e-04
8.211634e-04
8.231630e-04
8.251651e-04
8.271696e-04
8.291765e-04
8.311858e-04
8.331976e-04
8.352118e-04
8.372284e-04
8.392474e-04
8.412688e-04
8.432927e-04
8.453190e-04
8.473478e-04
8.493789e-04
8.514125e-04
8.534485e-04
8.554869e-04
8.575278e-04
8.595711e-04
8.616168e-04
8.636649e-04
8.657154e-04
8.677684e-04
8.698238e-04
8.718816e-04
8.739419e-04
8.760045e-04
8.780696e-04
8.801372e-04
8.822071e-04
8.842795e-04
8.863543e-04
8.884315e-04
8.905111e-04
8.925932e-04
8.946777e-04
8.967646e-04
8.988539e-04
9.009457e-04
9.030399e-04
9.051365e-04
9.072355e-04
9.093370e-04
9.114409e-04
9.135472e-04
9.156559e-04
9.177671e-04
9.198807e-04
9.219967e-04
9.241151e-04
9.262360e-04
9.283593e-04
9.304850e-04
9.326131e-04
9.347436e-04
9.368766e-04
9.390120e-04
9.411499e-04
9.432901e-04
9.454328e-04
9.475779e-04
9.497254e-04
9.518754e-04
9.540277e-04
9.561825e-04
9.583398e-04
9.604994e-04
9.626615e-04
9.648260e-04
9.669929e-04
9.691622e-04
9.713340e-04
9.735082e-04
9.756848e-04
9.778639e-04
9.800453e-04
9.822292e-04
9.844155e-04
9.866043e-04
9.887954e-04
9.909890e-04
9.931850e-04
9.953835e-04
9.975843e-04
9.997876e-04
1.001993e-03
1.004201e-03
1.006412e-03
1.008625e-03
1.010840e-03
1.013058e-03
1.015279e-03
1.017501e-03
1.019726e-03
1.021954e-03
1.024184e-03
1.026416e-03
1.028651e-03
1.030888e-03
1.033128e-03
1.035370e-03
1.037614e-03
1.039861e-03
1.042111e-03
1.044362e-03
1.046617e-03
1.048873e-03
1.051132e-03
1.053394e-03
1.055658e-03
1.057924e-03
1.060193e-03
1.062464e-03
1.064738e-03
1.067014e-03
1.069292e-03
1.071573e-03
1.073856e-03
1.076142e-03
1.078430e-03
1.080721e-03
1.083014e-03
1.085309e-03
1.087607e-03
1.089907e-03
1.092210e-03
1.094515e-03
1.096822e-03
1.099132e-03
1.101445e-03
1.103760e-03
1.106077e-03
1.108396e-03
1.110719e-03
1.113043e-03
1.115370e-03
1.117699e-03
1.120031e-03
1.122365e-03
1.124702e-03
1.127041e-03
1.129382e-03
1.131726e-03
1.134073e-03
1.136421e-03
1.138773e-03
1.141126e-03
1.143482e-03
1.145841e-03
1.148202e-03
1.150565e-03
1.152931e-03
1.155299e-03
1.157669e-03
1.160042e-03
1.162418e-03
1.164796e-03
1.167176e-03
1.169558e-03
1.171944e-03
1.174331e-03
1.176721e-03
1.179113e-03
1.181508e-03
1.183906e-03
1.186305e-03
1.188707e-03
1.191112e-03
1.193519e-03
1.195928e-03
1.198340e-03
1.200754e-03
1.203171e-03
1.205590e-03
1.208011e-03
1.210435e-03
1.212861e-03
1.215290e-03
1.217721e-03
1.220155e-03
1.222591e-03
1.225030e-03
1.227470e-03
1.229914e-03
1.232359e-03
1.234808e-03
1.237258e-03
1.239711e-03
1.242167e-03
1.244624e-03
1.247085e-03
1.249547e-03
1.252012e-03
1.254480e-03
1.256950e-03
1.259422e-03
1.261897e-03
1.264374e-03
1.266854e-03
1.269336e-03
1.271821e-03
1.274308e-03
1.276797e-03
1.279289e-03
1.281783e-03
1.284280e-03
1.286779e-03
1.289280e-03
1.291784e-03
1.294290e-03
1.296799e-03
1.299310e-03
1.301824e-03
1.304340e-03
1.306859e-03
1.309379e-03
1.311903e-03
1.314428e-03
1.316957e-03
1.319487e-03
1.322020e-03
1.324556e-03
1.327093e-03
1.329634e-03
1.332176e-03
1.334722e-03
1.337269e-03
1.339819e-03
1.342371e-03
1.344926e-03
1.347484e-03
1.350043e-03
1.352605e-03
1.355170e-03
1.357737e-03
1.360306e-03
1.362878e-03
1.365452e-03
1.368029e-03
1.370608e-03
1.373189e-03
1.375773e-03
1.378360e-03
1.380948e-03
1.383540e-03
1.386133e-03
1.388729e-03
1.391328e-03
1.393929e-03
1.396532e-03
1.399138e-03
1.401746e-03
1.404356e-03
1.406969e-03
1.409585e-03
1.412203e-03
1.414823e-03
1.417446e-03
1.420071e-03
1.422698e-03
1.425328e-03
1.427961e-03
1.430596e-03
1.433233e-03
1.435872e-03
1.438515e-03
1.441159e-03
1.443806e-03
1.446455e-03
1.449107e-03
1.451761e-03
1.454418e-03
1.457077e-03
1.459739e-03
1.462403e-03
1.465069e-03
1.467738e-03
1.470409e-03
1.473082e-03
1.475759e-03
1.478437e-03
1.481118e-03
1.483801e-03
1.486487e-03
1.489175e-03
1.491866e-03
1.494559e-03
1.497254e-03
1.499952e-03
1.502652e-03
1.505355e-03
1.508060e-03
1.510768e-03
1.513478e-03
1.516190e-03
1.518905e-03
1.521622e-03
1.524342e-03
1.527064e-03
1.529788e-03
1.532515e-03
1.535245e-03
1.537977e-03
1.540711e-03
1.543448e-03
1.546187e-03
1.548928e-03
1.551672e-03
1.554418e-03
1.557167e-03
1.559918e-03
1.562672e-03
1.565428e-03
1.568186e-03
1.570947e-03
1.573711e-03
1.576476e-03
1.579245e-03
1.582015e-03
1.584788e-03
1.587564e-03
1.590342e-03
1.593122e-03
1.595905e-03
1.598690e-03
1.601477e-03
1.604267e-03
1.607060e-03
1.609854e-03
1.612652e-03
1.615451e-03
1.618254e-03
1.621058e-03
1.623865e-03
1.626674e-03
1.629486e-03
1.632300e-03
1.635117e-03
1.637936e-03
1.640758e-03
1.643582e-03
1.646408e-03
1.649237e-03
1.652068e-03
1.654902e-03
1.657738e-03
1.660576e-03
1.663417e-03
1.666260e-03
1.669106e-03
1.671954e-03
1.674805e-03
1.677658e-03
1.680513e-03
1.683371e-03
1.686231e-03
1.689094e-03
1.691959e-03
1.694827e-03
1.697697e-03
1.700569e-03
1.703444e-03
1.706321e-03
1.709201e-03
1.712083e-03
1.714968e-03
1.717855e-03
1.720744e-03
1.723636e-03
1.726530e-03
1.729427e-03
1.732326e-03
1.735227e-03
1.738131e-03
1.741038e-03
1.743947e-03
1.746858e-03
1.749771e-03
1.752687e-03
1.755606e-03
1.758527e-03
1.761450e-03
1.764376e-03
1.767304e-03
1.770235e-03
1.773168e-03
1.776103e-03
1.779041e-03
1.781981e-03
1.784924e-03
1.787869e-03
1.790817e-03
1.793767e-03
1.796719e-03
1.799674e-03
1.802631e-03
1.805591e-03
1.808553e-03
1.811518e-03
1.814485e-03
1.817454e-03
1.820426e-03
1.823400e-03
1.826377e-03
1.829356e-03
1.832337e-03
1.835321e-03
1.838308e-03
1.841296e-03
1.844288e-03
1.847281e-03
1.850277e-03
1.853276e-03
1.856277e-03
1.859280e-03
1.862286e-03
1.865294e-03
1.868305e-03
1.871318e-03
1.874333e-03
1.877351e-03
1.880371e-03
1.883394e-03
1.886419e-03
1.889447e-03
1.892477e-03
1.895509e-03
1.898544e-03
1.901581e-03
1.904621e-03
1.907663e-03
1.910708e-03
1.913755e-03
1.916804e-03
1.919856e-03
1.922910e-03
1.925967e-03
1.929026e-03
1.932087e-03
1.935151e-03
1.938218e-03
1.941287e-03
1.944358e-03
1.947431e-03
1.950508e-03
1.953586e-03
1.956667e-03
1.959750e-03
1.962836e-03
1.965924e-03
1.969015e-03
1.972108e-03
1.975203e-03
1.978301e-03
1.981402e-03
1.984504e-03
1.987609e-03
1.990717e-03
1.993827e-03
1.996939e-03
2.000054e-03
2.003172e-03
2.006291e-03
2.009413e-03
2.012538e-03
2.015665e-03
2.018794e-03
2.021926e-03
2.025060e-03
2.028197e-03
2.031336e-03
2.034478e-03
2.037622e-03
2.040768e-03
2.043917e-03
2.047068e-03
2.050222e-03
2.053378e-03
2.056536e-03
2.059697e-03
2.062861e-03
2.066026e-03
2.069195e-03
2.072365e-03
2.075538e-03
2.078714e-03
2.081892e-03
2.085072e-03
2.088255e-03
2.091440e-03
2.094627e-03
2.097817e-03
2.101010e-03
2.104205e-03
2.107402e-03
2.110602e-03
2.113804e-03
2.117008e-03
2.120215e-03
2.123425e-03
2.126637e-03
2.129851e-03
2.133068e-03
2.136287e-03
2.139508e-03
2.142732e-03
2.145958e-03
2.149187e-03
2.152419e-03
2.155652e-03
2.158888e-03
2.162127e-03
2.165368e-03
2.168611e-03
2.171857e-03
2.175105e-03
2.178356e-03
2.181609e-03
2.184864e-03
2.188122e-03
2.191382e-03
2.194645e-03
2.197910e-03
2.201178e-03
2.204448e-03
2.207720e-03
2.210995e-03
2.214272e-03
2.217552e-03
2.220834e-03
2.224119e-03
2.227406e-03
2.230695e-03
2.233987e-03
2.237281e-03
2.240578e-03
2.243877e-03
2.247179e-03
2.250483e-03
2.253789e-03
2.257098e-03
2.260409e-03
2.263723e-03
2.267039e-03
2.270357e-03
2.273678e-03
2.277002e-03
2.280327e-03
2.283656e-03
2.286986e-03
2.290319e-03
2.293655e-03
2.296993e-03
2.300333e-03
2.303676e-03
2.307021e-03
2.310369e-03
2.313719e-03
2.317071e-03
2.320426e-03
2.323783e-03
2.327143e-03
2.330505e-03
2.333870e-03
2.337237e-03
2.340606e-03
2.343978e-03
2.347352e-03
2.350729e-03
2.354108e-03
2.357489e-03
2.360873e-03
2.364260e-03
2.367649e-03
2.371040e-03
2.374434e-03
2.377830e-03
2.381228e-03
2.384629e-03
2.388032e-03
2.391438e-03
2.394846e-03
2.398257e-03
2.401670e-03
2.405086e-03
2.408504e-03
2.411924e-03
2.415347e-03
2.418772e-03
2.422199e-03
2.425629e-03
2.429062e-03
2.432497e-03
2.435934e-03
2.439374e-03
2.442816e-03
2.446260e-03
2.449707e-03
2.453157e-03
2.456609e-03
2.460063e-03
2.463520e-03
2.466979e-03
2.470440e-03
2.473904e-03
2.477371e-03
2.480840e-03
2.484311e-03
2.487784e-03
2.491261e-03
2.494739e-03
2.498220e-03
2.501703e-03
2.505189e-03
2.508677e-03
2.512168e-03
2.515661e-03
2.519157e-03
2.522654e-03
2.526155e-03
2.529658e-03
2.533163e-03
2.536670e-03
2.540180e-03
2.543693e-03
2.547208e-03
2.550725e-03
2.554245e-03
2.557767e-03
2.561292e-03
2.564819e-03
2.568348e-03
2.571880e-03
2.575414e-03
2.578951e-03
2.582490e-03
2.586031e-03
2.589575e-03
2.593122e-03
2.596671e-03
2.600222e-03
2.603776e-03
2.607332e-03
2.610890e-03
2.614451e-03
2.618014e-03
2.621580e-03
2.625148e-03
2.628719e-03
2.632292e-03
2.635868e-03
2.639446e-03
2.643026e-03
2.646609e-03
2.650194e-03
2.653782e-03
2.657372e-03
2.660964e-03
2.664559e-03
2.668156e-03
2.671756e-03
2.675358e-03
2.678963e-03
2.682570e-03
2.686179e-03
2.689791e-03
2.693405e-03
2.697022e-03
2.700641e-03
2.704263e-03
2.707887e-03
2.711513e-03
2.715142e-03
2.718773e-03
2.722407e-03
2.726043e-03
2.729681e-03
2.733322e-03
2.736966e-03
2.740612e-03
2.744260e-03
2.747910e-03
2.751563e-03
2.755219e-03
2.758877e-03
2.762537e-03
2.766200e-03
2.769865e-03
2.773533e-03
2.777203e-03
2.780875e-03
2.784550e-03
2.788228e-03
2.791907e-03
2.795589e-03
2.799274e-03
2.802961e-03
2.806650e-03
2.810342e-03
2.814037e-03
2.817733e-03
2.821432e-03
2.825134e-03
2.828838e-03
2.832544e-03
2.836253e-03
2.839965e-03
2.843678e-03
2.847394e-03
2.851113e-03
2.854834e-03
2.858557e-03
2.862283e-03
2.866011e-03
2.869742e-03
2.873475e-03
2.877210e-03
2.880948e-03
2.884689e-03
2.888431e-03
2.891512e-03
2.894580e-03
2.897637e-03
2.900681e-03
2.903713e-03
2.906733e-03
2.909741e-03
2.912737e-03
2.915720e-03
2.918692e-03
2.921652e-03
2.924599e-03
2.927534e-03
2.930458e-03
2.933369e-03
2.936268e-03
2.939155e-03
2.942030e-03
2.944893e-03
2.947743e-03
2.950582e-03
2.953409e-03
2.956223e-03
2.959026e-03
2.961816e-03
2.964594e-03
2.967360e-03
2.970114e-03
2.972856e-03
2.975586e-03
2.978304e-03
2.981009e-03
2.983703e-03
2.986384e-03
2.989054e-03
2.991711e-03
2.994356e-03
2.996990e-03
2.999611e-03
3.002220e-03
3.004816e-03
3.007401e-03
3.009974e-03
3.012534e-03
3.015083e-03
3.017619e-03
3.020144e-03
3.022656e-03
3.025156e-03
3.027644e-03
3.030120e-03
3.032584e-03
3.035036e-03
3.037475e-03
3.039903e-03
3.042319e-03
3.044722e-03
3.047113e-03
3.049493e-03
3.051860e-03
3.054215e-03
3.056558e-03
3.058889e-03
3.061207e-03
3.063514e-03
3.065809e-03
3.068091e-03
3.070362e-03
3.072620e-03
3.074866e-03
3.077101e-03
3.079323e-03
3.081533e-03
3.083731e-03
3.085916e-03
3.088090e-03
3.090252e-03
3.092401e-03
3.094539e-03
3.096664e-03
3.098777e-03
3.100879e-03
3.102968e-03
3.105045e-03
3.107110e-03
3.109162e-03
3.111203e-03
3.113232e-03
3.115248e-03
3.117253e-03
3.119245e-03
3.121225e-03
3.123194e-03
3.125150e-03
3.127094e-03
3.129026e-03
3.130945e-03
3.132853e-03
3.134749e-03
3.136632e-03
3.138504e-03
3.140363e-03
3.142211e-03
3.144046e-03
3.145869e-03
3.147680e-03
3.149479e-03
3.151266e-03
3.153041e-03
3.154803e-03
3.156554e-03
3.158292e-03
3.160019e-03
3.161733e-03
3.163435e-03
3.165125e-03
3.166803e-03
3.168469e-03
3.170123e-03
3.171765e-03
3.173395e-03
3.175012e-03
3.176618e-03
3.178211e-03
3.179792e-03
3.181362e-03
3.182919e-03
3.184464e-03
3.185997e-03
3.187518e-03
3.189027e-03
3.190523e-03
3.192008e-03
3.193480e-03
3.194941e-03
3.196389e-03
3.197825e-03
3.199250e-03
3.200662e-03
3.202062e-03
3.203449e-03
3.204825e-03
3.206189e-03
3.207541e-03
3.208880e-03
3.210208e-03
3.211523e-03
3.212826e-03
3.214117e-03
3.215396e-03
3.216663e-03
3.217918e-03
3.219161e-03
3.220392e-03
3.221610e-03
3.222817e-03
3.224011e-03
3.225194e-03
3.226364e-03
3.227522e-03
3.228668e-03
3.229802e-03
3.230924e-03
3.232034e-03
3.233132e-03
3.234218e-03
3.235291e-03
3.236353e-03
3.237402e-03
3.238439e-03
3.239464e-03
3.240478e-03
3.241479e-03
3.242467e-03
3.243444e-03
3.244409e-03
3.245362e-03
3.246302e-03
3.247231e-03
3.248147e-03
3.249051e-03
3.249944e-03
3.250824e-03
3.251692e-03
3.252548e-03
3.253392e-03
3.254223e-03
3.255043e-03
3.255851e-03
3.256646e-03
3.257429e-03
3.258201e-03
3.258960e-03
3.259707e-03
3.260442e-03
3.261165e-03
3.261876e-03
3.262575e-03
3.263261e-03
3.263936e-03
3.264599e-03
3.265249e-03
3.265887e-03
3.266514e-03
3.267128e-03
3.267730e-03
3.268320e-03
3.268898e-03
3.269463e-03
3.270017e-03
3.270559e-03
3.271088e-03
3.271606e-03
3.272111e-03
3.272604e-03
3.273085e-03
3.273554e-03
3.274011e-03
3.274456e-03
3.274889e-03
3.275310e-03
3.275718e-03
3.276115e-03
3.276499e-03
3.276872e-03
3.277232e-03
3.277580e-03
3.277916e-03
3.278240e-03
3.278552e-03
3.278852e-03
3.279140e-03
3.279415e-03
3.279679e-03
3.279930e-03
3.280170e-03
3.280397e-03
3.280612e-03
3.280815e-03
3.281006e-03
3.281185e-03
3.281352e-03
3.281507e-03
3.281649e-03
3.281780e-03
3.281898e-03
3.282005e-03
3.282099e-03
3.282181e-03
3.282251e-03
3.282309e-03
3.282355e-03
3.282389e-03
3.282411e-03
3.282421e-03
3.282418e-03
3.282404e-03
3.282377e-03
3.282338e-03
3.282288e-03
3.282225e-03
3.282150e-03
3.282063e-03
3.281963e-03
3.281852e-03
3.281729e-03
3.281593e-03
3.281446e-03
3.281286e-03
3.281115e-03
3.280931e-03
3.280735e-03
3.280527e-03
3.280307e-03
3.280075e-03
3.279831e-03
3.279574e-03
3.279306e-03
3.279025e-03
3.278733e-03
3.278428e-03
3.278111e-03
3.277783e-03
3.277442e-03
3.277089e-03
3.276723e-03
3.276346e-03
3.275957e-03
3.275556e-03
3.275142e-03
3.274717e-03
3.274279e-03
3.273829e-03
3.273367e-03
3.272893e-03
3.272407e-03
3.271909e-03
3.271399e-03
3.270877e-03
3.270342e-03
3.270018e-03
3.270018e-03
3.270018e-03
3.270018e-03
3.270018e-03
3.270018e-03
3.270018e-03
3.270018e-03
3.270018e-03
3.270018e-03
3.270018e-03
3.270018e-03
3.270018e-03
3.270018e-03
3.270018e-03
3.270018e-03
3.270018e-03
3.270018e-03
3.270018e-03
3.270018e-03
3.270018e-03
3.270018e-03
3.270018e-03
3.270018e-03
3.270018e-03
3.270018e-03
3.270018e-03
3.270018e-03
3.270018e-03
3.270018e-03
3.270018e-03
3.270018e-03
3.270018e-03
3.270018e-03
3.270018e-03
3.270018e-03
3.270018e-03
3.270018e-03
3.270018e-03
3.270018e-03
3.270018e-03
3.270018e-03
3.270018e-03
3.270018e-03
3.270018e-03
3.270018e-03
3.270018e-03
3.270018e-03
3.270018e-03
3.270018e-03
3.270018e-03
3.270018e-03
3.270018e-03
3.270018e-03
3.270018e-03
3.270018e-03
3.270018e-03
3.270018e-03
3.270018e-03
3.270018e-03
3.270018e-03
3.270018e-03
3.270018e-03
3.270018e-03
3.270018e-03
3.270018e-03
3.270018e-03
3.270018e-03
3.270018e-03
3.270018e-03
3.270018e-03
3.270018e-03
3.270018e-03
3.270018e-03
3.270018e-03
3.270018e-03
3.270018e-03
3.270018e-03
3.270018e-03
3.270018e-03
3.270018e-03
3.270018e-03
3.270018e-03
3.270018e-03
3.270018e-03
3.270018e-03
3.270018e-03
3.270018e-03
3.270018e-03
3.270018e-03
3.270018e-03
3.270018e-03
3.270018e-03
3.270018e-03
3.270018e-03
3.270018e-03
3.270018e-03
3.270018e-03
3.270018e-03
3.270018e-03
3.270018e-03
3.270018e-03
3.270018e-03
3.270018e-03
3.270018e-03
3.270018e-03
3.270018e-03
3.270018e-03
3.270018e-03
3.270018e-03
3.270018e-03
3.270018e-03
3.270018e-03
3.270018e-03
3.270018e-03
3.270018e-03
3.270018e-03
3.270018e-03
3.270018e-03
3.270018e-03
3.270018e-03
3.270018e-03
3.270018e-03
3.270018e-03
3.270018e-03
3.270018e-03
3.270018e-03
3.270018e-03
3.270018e-03
3.270018e-03
3.270018e-03
3.270018e-03
3.270018e-03
3.270018e-03
3.270018e-03
3.270018e-03
3.270018e-03
3.270018e-03
3.270018e-03
3.270018e-03
3.270018e-03
3.270018e-03
3.270018e-03
3.270018e-03
3.270018e-03
3.270018e-03
3.270018e-03
3.270018e-03
3.270018e-03
3.270018e-03
3.270018e-03
3.270018e-03
3.270018e-03
3.270018e-03
3.270018e-03
3.270018e-03
3.270018e-03
3.270018e-03
3.270018e-03
3.270018e-03
3.270018e-03
3.270018e-03
3.270018e-03
3.270018e-03
3.270018e-03
3.270018e-03
3.270018e-03
3.270018e-03
3.270018e-03
3.270018e-03
3.270018e-03
3.270018e-03
3.270018e-03
3.270018e-03
3.270018e-03
3.270018e-03
3.270018e-03
3.270018e-03
3.270018e-03
3.270018e-03
3.270018e-03
3.270018e-03
3.270018e-03
3.270018e-03
3.270018e-03
3.270018e-03
3.270018e-03
3.270018e-03
3.270018e-03
3.270018e-03
3.270018e-03
3.270018e-03
3.270018e-03
3.270018e-03
3.270018e-03
3.270018e-03
3.270018e-03
3.270018e-03
3.270018e-03
3.270018e-03
3.270018e-03
