0.000000e+00
1.110371e-07
2.247824e-07
3.412359e-07
4.603977e-07
5.822676e-07
7.068458e-07
8.341323e-07
9.641269e-07
1.096830e-06
1.232241e-06
1.370360e-06
1.511188e-06
1.654723e-06
1.800967e-06
1.949920e-06
2.101580e-06
2.255949e-06
2.413025e-06
2.572811e-06
2.735304e-06
2.900505e-06
3.068415e-06
3.239033e-06
3.412359e-06
3.588394e-06
3.767136e-06
3.948587e-06
4.132746e-06
4.319613e-06
4.509189e-06
4.701473e-06
4.896465e-06
5.094165e-06
5.294573e-06
5.497690e-06
5.703515e-06
5.912048e-06
6.123289e-06
6.337239e-06
6.553896e-06
6.773262e-06
6.995336e-06
7.220119e-06
7.447609e-06
7.677808e-06
7.910715e-06
8.146331e-06
8.384654e-06
8.625686e-06
8.869426e-06
9.115874e-06
9.365030e-06
9.616895e-06
9.871468e-06
1.012875e-05
1.038874e-05
1.065144e-05
1.091684e-05
1.118496e-05
1.145578e-05
1.172931e-05
1.200555e-05
1.228449e-05
1.256615e-05
1.285051e-05
1.313758e-05
1.342736e-05
1.371985e-05
1.401505e-05
1.431295e-05
1.461356e-05
1.491688e-05
1.522291e-05
1.553165e-05
1.584310e-05
1.615725e-05
1.647411e-05
1.679368e-05
1.711596e-05
1.744095e-05
1.776864e-05
1.809905e-05
1.843216e-05
1.876798e-05
1.910650e-05
1.944774e-05
1.979168e-05
2.013834e-05
2.048770e-05
2.083977e-05
2.119454e-05
2.155203e-05
2.191222e-05
2.227512e-05
2.264073e-05
2.300905e-05
2.338008e-05
2.375381e-05
2.413025e-05
2.450941e-05
2.489126e-05
2.527583e-05
2.566311e-05
2.605309e-05
2.644578e-05
2.684118e-05
2.723929e-05
2.764011e-05
2.804363e-05
2.844987e-05
2.885881e-05
2.927046e-05
2.968482e-05
3.010188e-05
3.052166e-05
3.094414e-05
3.136933e-05
3.179723e-05
3.222784e-05
3.266115e-05
3.309718e-05
3.353591e-05
3.397735e-05
3.442150e-05
3.486835e-05
3.531792e-05
3.577019e-05
3.622517e-05
3.668286e-05
3.714326e-05
3.760637e-05
3.807218e-05
3.854070e-05
3.901193e-05
3.948587e-05
3.996252e-05
4.044187e-05
4.092394e-05
4.140871e-05
4.189619e-05
4.238638e-05
4.287927e-05
4.337488e-05
4.387319e-05
4.437421e-05
4.487794e-05
4.538438e-05
4.589352e-05
4.640538e-05
4.691994e-05
4.743721e-05
4.795719e-05
4.847988e-05
4.900527e-05
4.953337e-05
5.006418e-05
5.059770e-05
5.113393e-05
5.167287e-05
5.221451e-05
5.275887e-05
5.330593e-05
5.385570e-05
5.440817e-05
5.496336e-05
5.552125e-05
5.608185e-05
5.664516e-05
5.721118e-05
5.777991e-05
5.835134e-05
5.892549e-05
5.950234e-05
6.008190e-05
6.066416e-05
6.124914e-05
6.183682e-05
6.242722e-05
6.302032e-05
6.361613e-05
6.421464e-05
6.481587e-05
6.541980e-05
6.602644e-05
6.663579e-05
6.724785e-05
6.786262e-05
6.848009e-05
6.910027e-05
6.972317e-05
7.034876e-05
7.097707e-05
7.160809e-05
7.224181e-05
7.287824e-05
7.351738e-05
7.415923e-05
7.480379e-05
7.545105e-05
7.610103e-05
7.675371e-05
7.740910e-05
7.806720e-05
7.872800e-05
7.939152e-05
8.005774e-05
8.072667e-05
8.139831e-05
8.207266e-05
8.274971e-05
8.342948e-05
8.411195e-05
8.479713e-05
8.548502e-05
8.617561e-05
8.686892e-05
8.756493e-05
8.826365e-05
8.896508e-05
8.966922e-05
9.037606e-05
9.108562e-05
9.179788e-05
9.251285e-05
9.323053e-05
9.395092e-05
9.467401e-05
9.539981e-05
9.612833e-05
9.685955e-05
9.759347e-05
9.833011e-05
9.906946e-05
9.981151e-05
1.005563e-04
1.013037e-04
1.020539e-04
1.028068e-04
1.035624e-04
1.043207e-04
1.050817e-04
1.058454e-04
1.066119e-04
1.073810e-04
1.081528e-04
1.089274e-04
1.097046e-04
1.104846e-04
1.112673e-04
1.120527e-04
1.128408e-04
1.136316e-04
1.144251e-04
1.152213e-04
1.160202e-04
1.168218e-04
1.176262e-04
1.184332e-04
1.192430e-04
1.200555e-04
1.208706e-04
1.216885e-04
1.225091e-04
1.233324e-04
1.241584e-04
1.249871e-04
1.258186e-04
1.266527e-04
1.274895e-04
1.283291e-04
1.291713e-04
1.300163e-04
1.308640e-04
1.317144e-04
1.325674e-04
1.334232e-04
1.342818e-04
1.351430e-04
1.360069e-04
1.368735e-04
1.377429e-04
1.386149e-04
1.394897e-04
1.403671e-04
1.412473e-04
1.421302e-04
1.430158e-04
1.439041e-04
1.447951e-04
1.456888e-04
1.465852e-04
1.474843e-04
1.483862e-04
1.492907e-04
1.501980e-04
1.511079e-04
1.520206e-04
1.529360e-04
1.538541e-04
1.547749e-04
1.556984e-04
1.566246e-04
1.575535e-04
1.584851e-04
1.594195e-04
1.603565e-04
1.612963e-04
1.622387e-04
1.631839e-04
1.641318e-04
1.650824e-04
1.660357e-04
1.669917e-04
1.679504e-04
1.689118e-04
1.698759e-04
1.708427e-04
1.718123e-04
1.727845e-04
1.737595e-04
1.747372e-04
1.757175e-04
1.767006e-04
1.776864e-04
1.786749e-04
1.796661e-04
1.806600e-04
1.816567e-04
1.826560e-04
1.836580e-04
1.846628e-04
1.856703e-04
1.866804e-04
1.876933e-04
1.887089e-04
1.897272e-04
1.907482e-04
1.917719e-04
1.927983e-04
1.938274e-04
1.948593e-04
1.958938e-04
1.969310e-04
1.979710e-04
1.990137e-04
2.000590e-04
2.011071e-04
2.021579e-04
2.032114e-04
2.042676e-04
2.053265e-04
2.063882e-04
2.074525e-04
2.085195e-04
2.095893e-04
2.106617e-04
2.117369e-04
2.128148e-04
2.138953e-04
2.149786e-04
2.160646e-04
2.171533e-04
2.182447e-04
2.193389e-04
2.204357e-04
2.215352e-04
2.226375e-04
2.237424e-04
2.248501e-04
2.259605e-04
2.270735e-04
2.281893e-04
2.293078e-04
2.304290e-04
2.315529e-04
2.326796e-04
2.338089e-04
2.349409e-04
2.360757e-04
2.372131e-04
2.383533e-04
2.394962e-04
2.406417e-04
2.417900e-04
2.429410e-04
2.440947e-04
2.452511e-04
2.464103e-04
2.475721e-04
2.487366e-04
2.499039e-04
2.510738e-04
2.522465e-04
2.534218e-04
2.545999e-04
2.557807e-04
2.569642e-04
2.581504e-04
2.593393e-04
2.605309e-04
2.617252e-04
2.629223e-04
2.641220e-04
2.653245e-04
2.665296e-04
2.677375e-04
2.689481e-04
2.701614e-04
2.713773e-04
2.725960e-04
2.738175e-04
2.750416e-04
2.762684e-04
2.774979e-04
2.787302e-04
2.799651e-04
2.812028e-04
2.824431e-04
2.836862e-04
2.849320e-04
2.861805e-04
2.874317e-04
2.886856e-04
2.899422e-04
2.912015e-04
2.924636e-04
2.937283e-04
2.949957e-04
2.962659e-04
2.975388e-04
2.988143e-04
3.000926e-04
3.013736e-04
3.026573e-04
3.039437e-04
3.052328e-04
3.065246e-04
3.078192e-04
3.091164e-04
3.104164e-04
3.117190e-04
3.130244e-04
3.143325e-04
3.156432e-04
3.169567e-04
3.182729e-04
3.195918e-04
3.209134e-04
3.222377e-04
3.235648e-04
3.248945e-04
3.262270e-04
3.275621e-04
3.289000e-04
3.302405e-04
3.315838e-04
3.329298e-04
3.342785e-04
3.356299e-04
3.369840e-04
3.383408e-04
3.397004e-04
3.410626e-04
3.424275e-04
3.437952e-04
3.451656e-04
3.465386e-04
3.479144e-04
3.492929e-04
3.506741e-04
3.520580e-04
3.534446e-04
3.548339e-04
3.562259e-04
3.576207e-04
3.590181e-04
3.604183e-04
3.618211e-04
3.632267e-04
3.646350e-04
3.660459e-04
3.674596e-04
3.688760e-04
3.702951e-04
3.717170e-04
3.731415e-04
3.745687e-04
3.759987e-04
3.774313e-04
3.788667e-04
3.803047e-04
3.817455e-04
3.831890e-04
3.846352e-04
3.860841e-04
3.875357e-04
3.889900e-04
3.904470e-04
3.919068e-04
3.933692e-04
3.948343e-04
3.963022e-04
3.977728e-04
3.992460e-04
4.007220e-04
4.022007e-04
4.036821e-04
4.051662e-04
4.066530e-04
4.081425e-04
4.096348e-04
4.111297e-04
4.126274e-04
4.141277e-04
4.156308e-04
4.171365e-04
4.186450e-04
4.201562e-04
4.216701e-04
4.231867e-04
4.247060e-04
4.262280e-04
4.277528e-04
4.292802e-04
4.308104e-04
4.323432e-04
4.338788e-04
4.354170e-04
4.369580e-04
4.385017e-04
4.400481e-04
4.415972e-04
4.431490e-04
4.447035e-04
4.462608e-04
4.478207e-04
4.493833e-04
4.509487e-04
4.525168e-04
4.540875e-04
4.556610e-04
4.572372e-04
4.588161e-04
4.603977e-04
4.619820e-04
4.635690e-04
4.651587e-04
4.667512e-04
4.683463e-04
4.699442e-04
4.715447e-04
4.731480e-04
4.747540e-04
4.763626e-04
4.779740e-04
4.795881e-04
4.812049e-04
4.828245e-04
4.844467e-04
4.860716e-04
4.876993e-04
4.893296e-04
4.909627e-04
4.925984e-04
4.942369e-04
4.958781e-04
4.975220e-04
4.991686e-04
5.008179e-04
5.024699e-04
5.041246e-04
5.057821e-04
5.074422e-04
5.091050e-04
5.107706e-04
5.124389e-04
5.141098e-04
5.157835e-04
5.174599e-04
5.191390e-04
5.208208e-04
5.225053e-04
5.241925e-04
5.258825e-04
5.275751e-04
5.292705e-04
5.309685e-04
5.326693e-04
5.343727e-04
5.360789e-04
5.377878e-04
5.394994e-04
5.412137e-04
5.429307e-04
5.446504e-04
5.463729e-04
5.480980e-04
5.498259e-04
5.515564e-04
5.532897e-04
5.550256e-04
5.567643e-04
5.585057e-04
5.602498e-04
5.619966e-04
5.637461e-04
5.654983e-04
5.672533e-04
5.690109e-04
5.707712e-04
5.725343e-04
5.743001e-04
5.760685e-04
5.778397e-04
5.796136e-04
5.813902e-04
5.831695e-04
5.849515e-04
5.867362e-04
5.885236e-04
5.903138e-04
5.921066e-04
5.939022e-04
5.957004e-04
5.975014e-04
5.993051e-04
6.011115e-04
6.029205e-04
6.047323e-04
6.065469e-04
6.083641e-04
6.101840e-04
6.120066e-04
6.138320e-04
6.156600e-04
6.174908e-04
6.193242e-04
6.211604e-04
6.229993e-04
6.248409e-04
6.266852e-04
6.285322e-04
6.303819e-04
6.322343e-04
6.340895e-04
6.359473e-04
6.378079e-04
6.396711e-04
6.415371e-04
6.434058e-04
6.452771e-04
6.471512e-04
6.490280e-04
6.509075e-04
6.527897e-04
6.546747e-04
6.565623e-04
6.584526e-04
6.603457e-04
6.622414e-04
6.641399e-04
6.660411e-04
6.679449e-04
6.698515e-04
6.717608e-04
6.736728e-04
6.755875e-04
6.775050e-04
6.794251e-04
6.813479e-04
6.832735e-04
6.852017e-04
6.871327e-04
6.890664e-04
6.910027e-04
6.929418e-04
6.948836e-04
6.968281e-04
6.987753e-04
7.007253e-04
7.026779e-04
7.046332e-04
7.065913e-04
7.085520e-04
7.105155e-04
7.124817e-04
7.144505e-04
7.164221e-04
7.183964e-04
7.203734e-04
7.223531e-04
7.243355e-04
7.263207e-04
7.283085e-04
7.302990e-04
7.322923e-04
7.342883e-04
7.362869e-04
7.382883e-04
7.402924e-04
7.422992e-04
7.443087e-04
7.463209e-04
7.483358e-04
7.503534e-04
7.523738e-04
7.543968e-04
7.564225e-04
7.584510e-04
7.604822e-04
7.625160e-04
7.645526e-04
7.665919e-04
7.686339e-04
7.706786e-04
7.727260e-04
7.747762e-04
7.768290e-04
7.788845e-04
7.809428e-04
7.830037e-04
7.850674e-04
7.871338e-04
7.892029e-04
7.912747e-04
7.933491e-04
7.954264e-04
7.975063e-04
7.995889e-04
8.016742e-04
8.037623e-04
8.058530e-04
8.079465e-04
8.100426e-04
8.121415e-04
8.142431e-04
8.163474e-04
8.184544e-04
8.205641e-04
8.226765e-04
8.247916e-04
8.269094e-04
8.290300e-04
8.311532e-04
8.332792e-04
8.354078e-04
8.375392e-04
8.396733e-04
8.418101e-04
8.439496e-04
8.460918e-04
8.482367e-04
8.503843e-04
8.525346e-04
8.546877e-04
8.568434e-04
8.590019e-04
8.611630e-04
8.633269e-04
8.654935e-04
8.676628e-04
8.698347e-04
8.720094e-04
8.741869e-04
8.763670e-04
8.785498e-04
8.807353e-04
8.829236e-04
8.851145e-04
8.873082e-04
8.895046e-04
8.917036e-04
8.939054e-04
8.961099e-04
8.983171e-04
9.005270e-04
9.027396e-04
9.049550e-04
9.071730e-04
9.093937e-04
9.116172e-04
9.138433e-04
9.160722e-04
9.183038e-04
9.205381e-04
9.227751e-04
9.250148e-04
9.272572e-04
9.295023e-04
9.317501e-04
9.340006e-04
9.362539e-04
9.385098e-04
9.407685e-04
9.430299e-04
9.452939e-04
9.475607e-04
9.498302e-04
9.521024e-04
9.543773e-04
9.566549e-04
9.589352e-04
9.612183e-04
9.635040e-04
9.657925e-04
9.680836e-04
9.703775e-04
9.726740e-04
9.749733e-04
9.772753e-04
9.795800e-04
9.818874e-04
9.841975e-04
9.865103e-04
9.888259e-04
9.911441e-04
9.934651e-04
9.957887e-04
9.981151e-04
1.000444e-03
1.002776e-03
1.005110e-03
1.007448e-03
1.009788e-03
1.012130e-03
1.014475e-03
1.016823e-03
1.019174e-03
1.021528e-03
1.023884e-03
1.026243e-03
1.028604e-03
1.030969e-03
1.033335e-03
1.035705e-03
1.038078e-03
1.040453e-03
1.042831e-03
1.045211e-03
1.047594e-03
1.049980e-03
1.052369e-03
1.054760e-03
1.057154e-03
1.059551e-03
1.061951e-03
1.064353e-03
1.066758e-03
1.069165e-03
1.071576e-03
1.073989e-03
1.076404e-03
1.078823e-03
1.081244e-03
1.083668e-03
1.086094e-03
1.088524e-03
1.090956e-03
1.093390e-03
1.095828e-03
1.098268e-03
1.100711e-03
1.103156e-03
1.105604e-03
1.108055e-03
1.110509e-03
1.112965e-03
1.115424e-03
1.117886e-03
1.120351e-03
1.122818e-03
1.125288e-03
1.127760e-03
1.130236e-03
1.132714e-03
1.135194e-03
1.137678e-03
1.140164e-03
1.142653e-03
1.145144e-03
1.147639e-03
1.150136e-03
1.152635e-03
1.155138e-03
1.157643e-03
1.160151e-03
1.162661e-03
1.165174e-03
1.167690e-03
1.170209e-03
1.172730e-03
1.175254e-03
1.177781e-03
1.180311e-03
1.182843e-03
1.185378e-03
1.187915e-03
1.190456e-03
1.192999e-03
1.195544e-03
1.198093e-03
1.200644e-03
1.203198e-03
1.205754e-03
1.208314e-03
1.210876e-03
1.213440e-03
1.216008e-03
1.218578e-03
1.221151e-03
1.223726e-03
1.226304e-03
1.228885e-03
1.231469e-03
1.234055e-03
1.236644e-03
1.239236e-03
1.241831e-03
1.244428e-03
1.247028e-03
1.249630e-03
1.252236e-03
1.254844e-03
1.257454e-03
1.260068e-03
1.262684e-03
1.265303e-03
1.267924e-03
1.270549e-03
1.273176e-03
1.275805e-03
1.278438e-03
1.281073e-03
1.283711e-03
1.286351e-03
1.288994e-03
1.291640e-03
1.294289e-03
1.296940e-03
1.299594e-03
1.302251e-03
1.304911e-03
1.307573e-03
1.310238e-03
1.312905e-03
1.315576e-03
1.318249e-03
1.320924e-03
1.323603e-03
1.326284e-03
1.328968e-03
1.331654e-03
1.334343e-03
1.337035e-03
1.339730e-03
1.342428e-03
1.345128e-03
1.347830e-03
1.350536e-03
1.353244e-03
1.355955e-03
1.358669e-03
1.361385e-03
1.364104e-03
1.366826e-03
1.369550e-03
1.372278e-03
1.375007e-03
1.377740e-03
1.380475e-03
1.383213e-03
1.385954e-03
1.388698e-03
1.391444e-03
1.394192e-03
1.396944e-03
1.399698e-03
1.402455e-03
1.405215e-03
1.407977e-03
1.410742e-03
1.413510e-03
1.416281e-03
1.419054e-03
1.421830e-03
1.424609e-03
1.427390e-03
1.430174e-03
1.432961e-03
1.435750e-03
1.438542e-03
1.441337e-03
1.444135e-03
1.446935e-03
1.449738e-03
1.452544e-03
1.455352e-03
1.458163e-03
1.460977e-03
1.463794e-03
1.466613e-03
1.469435e-03
1.472260e-03
1.475087e-03
1.477917e-03
1.480750e-03
1.483585e-03
1.486424e-03
1.489265e-03
1.492108e-03
1.494955e-03
1.497804e-03
1.500655e-03
1.503510e-03
1.506367e-03
1.509227e-03
1.512090e-03
1.514955e-03
1.517823e-03
1.520694e-03
1.523567e-03
1.526443e-03
1.529322e-03
1.532203e-03
1.535088e-03
1.537975e-03
1.540864e-03
1.543757e-03
1.546652e-03
1.549550e-03
1.552450e-03
1.555353e-03
1.558259e-03
1.561168e-03
1.564079e-03
1.566993e-03
1.569910e-03
1.572829e-03
1.575752e-03
1.578677e-03
1.581604e-03
1.584534e-03
1.587467e-03
1.590403e-03
1.593342e-03
1.596283e-03
1.599227e-03
1.602173e-03
1.605122e-03
1.608074e-03
1.611029e-03
1.613986e-03
1.616946e-03
1.619909e-03
1.622875e-03
1.625843e-03
1.628814e-03
1.631787e-03
1.634764e-03
1.637743e-03
1.640725e-03
1.643709e-03
1.646696e-03
1.649686e-03
1.652679e-03
1.655674e-03
1.658672e-03
1.661673e-03
1.664676e-03
1.667682e-03
1.670691e-03
1.673703e-03
1.676717e-03
1.679734e-03
1.682754e-03
1.685776e-03
1.688801e-03
1.691829e-03
1.694859e-03
1.697892e-03
1.700928e-03
1.703967e-03
1.707008e-03
1.710052e-03
1.713099e-03
1.716149e-03
1.719201e-03
1.722256e-03
1.725313e-03
1.728373e-03
1.731436e-03
1.734502e-03
1.737571e-03
1.740642e-03
1.743716e-03
1.746792e-03
1.749871e-03
1.752953e-03
1.756038e-03
1.759125e-03
1.762215e-03
1.765308e-03
1.768404e-03
1.771502e-03
1.774603e-03
1.777706e-03
1.780813e-03
1.783922e-03
1.787034e-03
1.790148e-03
1.793265e-03
1.796385e-03
1.799508e-03
1.802633e-03
1.805761e-03
1.808892e-03
1.812025e-03
1.815161e-03
1.818300e-03
1.821442e-03
1.824586e-03
1.827733e-03
1.830882e-03
1.834035e-03
1.837190e-03
1.840348e-03
1.843508e-03
1.846671e-03
1.849837e-03
1.853006e-03
1.856177e-03
1.859351e-03
1.862528e-03
1.865707e-03
1.868890e-03
1.872074e-03
1.875262e-03
1.878452e-03
1.881645e-03
1.884841e-03
1.888039e-03
1.891241e-03
1.894444e-03
1.897651e-03
1.900860e-03
1.904072e-03
1.907287e-03
1.910504e-03
1.913724e-03
1.916947e-03
1.920172e-03
1.923401e-03
1.926632e-03
1.929865e-03
1.933102e-03
1.936341e-03
1.939582e-03
1.942827e-03
1.946074e-03
1.949324e-03
1.952576e-03
1.955832e-03
1.959090e-03
1.962350e-03
1.965614e-03
1.968880e-03
1.972149e-03
1.975420e-03
1.978694e-03
1.981971e-03
1.985251e-03
1.988533e-03
1.991818e-03
1.995106e-03
1.998397e-03
2.001690e-03
2.004986e-03
2.008284e-03
2.011586e-03
2.014890e-03
2.018197e-03
2.021506e-03
2.024818e-03
2.028133e-03
2.031451e-03
2.034771e-03
2.038094e-03
2.041420e-03
2.044748e-03
2.048079e-03
2.051413e-03
2.054749e-03
2.058089e-03
2.061431e-03
2.064775e-03
2.068123e-03
2.071473e-03
2.074825e-03
2.078181e-03
2.081539e-03
2.084900e-03
2.088264e-03
2.091630e-03
2.094999e-03
2.098371e-03
2.101745e-03
2.105122e-03
2.108502e-03
2.111885e-03
2.115270e-03
2.118658e-03
2.122049e-03
2.125442e-03
2.128838e-03
2.132237e-03
2.135639e-03
2.139043e-03
2.142450e-03
2.145859e-03
2.149272e-03
2.152687e-03
2.156105e-03
2.159525e-03
2.162948e-03
2.166374e-03
2.169803e-03
2.173234e-03
2.176668e-03
2.180105e-03
2.183544e-03
2.186986e-03
2.190431e-03
2.193879e-03
2.197329e-03
2.200782e-03
2.204238e-03
2.207696e-03
2.211157e-03
2.214621e-03
2.218088e-03
2.221557e-03
2.225029e-03
2.228503e-03
2.231981e-03
2.235461e-03
2.238944e-03
2.242429e-03
2.245917e-03
2.249408e-03
2.252902e-03
2.256398e-03
2.259897e-03
2.263399e-03
2.266903e-03
2.270411e-03
2.273920e-03
2.277433e-03
2.280948e-03
2.284466e-03
2.287987e-03
2.291510e-03
2.295036e-03
2.298565e-03
2.302097e-03
2.305631e-03
2.309168e-03
2.312708e-03
2.316250e-03
2.319795e-03
2.323343e-03
2.326893e-03
2.330446e-03
2.334002e-03
2.337561e-03
2.341122e-03
2.344686e-03
2.348253e-03
2.351822e-03
2.355395e-03
2.358969e-03
2.362547e-03
2.366127e-03
2.369710e-03
2.373296e-03
2.376884e-03
2.380475e-03
2.384069e-03
2.387666e-03
2.391265e-03
2.394867e-03
2.398471e-03
2.402079e-03
2.405689e-03
2.409302e-03
2.412917e-03
2.416535e-03
2.420156e-03
2.423780e-03
2.427406e-03
2.431035e-03
2.434667e-03
2.438301e-03
2.441938e-03
2.445578e-03
2.449221e-03
2.452866e-03
2.456514e-03
2.460165e-03
2.463818e-03
2.467474e-03
2.471133e-03
2.474795e-03
2.478459e-03
2.482126e-03
2.485795e-03
2.489468e-03
2.493143e-03
2.496821e-03
2.500501e-03
2.504184e-03
2.507870e-03
2.511559e-03
2.515250e-03
2.518944e-03
2.522641e-03
2.526340e-03
2.530042e-03
2.533747e-03
2.537455e-03
2.541165e-03
2.544878e-03
2.548594e-03
2.552312e-03
2.556033e-03
2.559757e-03
2.563483e-03
2.567213e-03
2.570945e-03
2.574679e-03
2.578417e-03
2.582157e-03
2.585899e-03
2.589645e-03
2.593393e-03
2.597144e-03
2.600898e-03
2.604654e-03
2.608413e-03
2.612175e-03
2.615939e-03
2.619706e-03
2.623476e-03
2.627249e-03
2.631024e-03
2.634802e-03
2.638582e-03
2.642366e-03
2.646152e-03
2.649941e-03
2.653732e-03
2.657526e-03
2.661323e-03
2.665123e-03
2.668925e-03
2.672730e-03
2.676538e-03
2.680349e-03
2.684162e-03
2.687978e-03
2.691796e-03
2.695618e-03
2.699442e-03
2.703268e-03
2.707098e-03
2.710930e-03
2.714765e-03
2.718602e-03
2.722442e-03
2.726285e-03
2.730131e-03
2.733980e-03
2.737831e-03
2.741684e-03
2.745541e-03
2.749400e-03
2.753262e-03
2.757127e-03
2.760994e-03
2.764864e-03
2.768737e-03
2.772612e-03
2.776490e-03
2.780371e-03
2.784255e-03
2.788141e-03
2.792030e-03
2.795922e-03
2.799816e-03
2.803714e-03
2.807613e-03
2.811516e-03
2.815421e-03
2.819329e-03
2.823240e-03
2.827153e-03
2.831069e-03
2.834988e-03
2.838910e-03
2.842834e-03
2.846761e-03
2.850690e-03
2.854623e-03
2.858558e-03
2.862495e-03
2.866436e-03
2.870379e-03
2.874325e-03
2.878274e-03
2.882225e-03
2.886179e-03
2.890136e-03
2.894095e-03
2.898057e-03
2.902022e-03
2.905990e-03
2.909960e-03
2.913933e-03
2.917908e-03
2.921887e-03
2.925868e-03
2.929852e-03
2.933838e-03
2.937827e-03
2.941819e-03
2.945814e-03
2.949811e-03
2.953811e-03
2.957814e-03
2.961819e-03
2.965828e-03
2.969839e-03
2.973852e-03
2.977868e-03
2.981887e-03
2.985909e-03
2.989934e-03
2.993961e-03
2.997990e-03
3.002023e-03
3.006058e-03
3.010096e-03
3.014137e-03
3.018180e-03
3.022226e-03
3.026275e-03
3.030327e-03
3.034381e-03
3.038438e-03
3.042497e-03
3.046560e-03
3.050625e-03
3.054693e-03
3.058763e-03
3.062836e-03
3.066912e-03
3.070991e-03
3.075072e-03
3.079156e-03
3.083243e-03
3.087332e-03
3.091424e-03
3.095519e-03
3.099617e-03
3.103717e-03
3.107820e-03
3.111925e-03
3.116034e-03
3.120145e-03
3.124259e-03
3.128375e-03
3.132494e-03
3.136616e-03
3.140741e-03
3.144868e-03
3.148998e-03
3.153131e-03
3.157266e-03
3.161405e-03
3.165545e-03
3.169689e-03
3.173835e-03
3.177984e-03
3.182136e-03
3.186290e-03
3.190448e-03
3.194607e-03
3.198770e-03
3.202935e-03
3.207103e-03
3.210609e-03
3.214101e-03
3.217580e-03
3.221046e-03
3.224498e-03
3.227936e-03
3.231361e-03
3.234772e-03
3.238170e-03
3.241555e-03
3.244925e-03
3.248283e-03
3.251627e-03
3.254957e-03
3.258274e-03
3.261577e-03
3.264867e-03
3.268143e-03
3.271406e-03
3.274655e-03
3.277891e-03
3.281114e-03
3.284322e-03
3.287518e-03
3.290699e-03
3.293868e-03
3.297023e-03
3.300164e-03
3.303292e-03
3.306406e-03
3.309507e-03
3.312594e-03
3.315668e-03
3.318728e-03
3.321775e-03
3.324808e-03
3.327828e-03
3.330834e-03
3.333826e-03
3.336806e-03
3.339771e-03
3.342724e-03
3.345662e-03
3.348588e-03
3.351499e-03
3.354397e-03
3.357282e-03
3.360153e-03
3.363011e-03
3.365855e-03
3.368686e-03
3.371503e-03
3.374307e-03
3.377097e-03
3.379873e-03
3.382636e-03
3.385386e-03
3.388122e-03
3.390845e-03
3.393554e-03
3.396250e-03
3.398932e-03
3.401600e-03
3.404255e-03
3.406897e-03
3.409525e-03
3.412140e-03
3.414741e-03
3.417328e-03
3.419902e-03
3.422463e-03
3.425010e-03
3.427543e-03
3.430063e-03
3.432570e-03
3.435063e-03
3.437543e-03
3.440009e-03
3.442461e-03
3.444900e-03
3.447326e-03
3.449738e-03
3.452136e-03
3.454521e-03
3.456893e-03
3.459251e-03
3.461595e-03
3.463926e-03
3.466243e-03
3.468547e-03
3.470838e-03
3.473115e-03
3.475378e-03
3.477628e-03
3.479865e-03
3.482088e-03
3.484297e-03
3.486493e-03
3.488675e-03
3.490844e-03
3.493000e-03
3.495142e-03
3.497270e-03
3.499385e-03
3.501486e-03
3.503574e-03
3.505648e-03
3.507709e-03
3.509757e-03
3.511791e-03
3.513811e-03
3.515818e-03
3.517811e-03
3.519791e-03
3.521757e-03
3.523710e-03
3.525649e-03
3.527575e-03
3.529487e-03
3.531386e-03
3.533272e-03
3.535143e-03
3.537002e-03
3.538846e-03
3.540678e-03
3.542496e-03
3.544300e-03
3.546091e-03
3.547868e-03
3.549632e-03
3.551382e-03
3.553119e-03
3.554842e-03
3.556552e-03
3.558248e-03
3.559930e-03
3.561600e-03
3.563255e-03
3.564898e-03
3.566526e-03
3.568142e-03
3.569743e-03
3.571331e-03
3.572906e-03
3.574467e-03
3.576015e-03
3.577549e-03
3.579070e-03
3.580577e-03
3.582071e-03
3.583551e-03
3.585017e-03
3.586471e-03
3.587910e-03
3.589336e-03
3.590749e-03
3.592148e-03
3.593534e-03
3.594906e-03
3.596264e-03
3.597609e-03
3.598941e-03
3.600259e-03
3.601564e-03
3.602855e-03
3.604132e-03
3.605396e-03
3.606647e-03
3.607884e-03
3.609108e-03
3.610318e-03
3.611514e-03
3.612697e-03
3.613867e-03
3.615023e-03
3.616165e-03
3.617294e-03
3.618410e-03
3.619512e-03
3.620600e-03
3.621675e-03
3.622737e-03
3.623785e-03
3.624819e-03
3.625840e-03
3.626848e-03
3.627842e-03
3.628822e-03
3.629789e-03
3.630742e-03
3.631682e-03
3.632609e-03
3.633522e-03
3.634421e-03
3.635307e-03
3.636180e-03
3.637038e-03
3.637884e-03
3.638716e-03
3.639534e-03
3.640339e-03
3.641130e-03
3.641908e-03
3.642673e-03
3.643424e-03
3.644161e-03
3.644885e-03
3.645595e-03
3.646292e-03
3.646975e-03
3.647645e-03
3.648301e-03
3.648944e-03
3.649574e-03
3.650189e-03
3.650792e-03
3.651381e-03
3.651956e-03
3.652518e-03
3.653066e-03
3.653601e-03
3.654122e-03
3.654630e-03
3.655124e-03
3.655605e-03
3.656072e-03
3.656526e-03
3.656966e-03
3.657393e-03
3.657806e-03
3.658206e-03
3.658592e-03
3.658965e-03
3.659324e-03
3.659670e-03
3.660002e-03
3.660321e-03
3.660626e-03
3.660918e-03
3.661196e-03
3.661460e-03
3.661712e-03
3.661949e-03
3.662173e-03
3.662384e-03
3.662581e-03
3.662765e-03
3.662935e-03
3.663092e-03
3.663235e-03
3.663365e-03
3.663481e-03
3.663583e-03
3.663672e-03
3.663748e-03
3.663810e-03
3.663859e-03
3.663894e-03
3.663915e-03
3.663924e-03
3.663918e-03
3.663899e-03
3.663867e-03
3.663821e-03
3.663761e-03
3.663688e-03
3.663602e-03
3.663502e-03
3.663389e-03
3.663262e-03
3.663121e-03
3.662967e-03
3.662800e-03
3.662619e-03
3.662424e-03
3.662216e-03
3.661995e-03
3.661760e-03
3.661511e-03
3.661249e-03
3.660974e-03
3.660685e-03
3.660382e-03
3.660066e-03
3.659737e-03
3.659394e-03
3.659037e-03
3.658667e-03
3.658283e-03
3.657886e-03
3.657476e-03
3.657052e-03
3.656614e-03
3.656163e-03
3.655698e-03
3.655220e-03
3.654729e-03
3.654224e-03
3.653705e-03
3.653173e-03
3.652849e-03
3.652849e-03
3.652849e-03
3.652849e-03
3.652849e-03
3.652849e-03
3.652849e-03
3.652849e-03
3.652849e-03
3.652849e-03
3.652849e-03
3.652849e-03
3.652849e-03
3.652849e-03
3.652849e-03
3.652849e-03
3.652849e-03
3.652849e-03
3.652849e-03
3.652849e-03
3.652849e-03
3.652849e-03
3.652849e-03
3.652849e-03
3.652849e-03
3.652849e-03
3.652849e-03
3.652849e-03
3.652849e-03
3.652849e-03
3.652849e-03
3.652849e-03
3.652849e-03
3.652849e-03
3.652849e-03
3.652849e-03
3.652849e-03
3.652849e-03
3.652849e-03
3.652849e-03
3.652849e-03
3.652849e-03
3.652849e-03
3.652849e-03
3.652849e-03
3.652849e-03
3.652849e-03
3.652849e-03
3.652849e-03
3.652849e-03
3.652849e-03
3.652849e-03
3.652849e-03
3.652849e-03
3.652849e-03
3.652849e-03
3.652849e-03
3.652849e-03
3.652849e-03
3.652849e-03
3.652849e-03
3.652849e-03
3.652849e-03
3.652849e-03
3.652849e-03
3.652849e-03
3.652849e-03
3.652849e-03
3.652849e-03
3.652849e-03
3.652849e-03
3.652849e-03
3.652849e-03
3.652849e-03
3.652849e-03
3.652849e-03
3.652849e-03
3.652849e-03
3.652849e-03
3.652849e-03
3.652849e-03
3.652849e-03
3.652849e-03
3.652849e-03
3.652849e-03
3.652849e-03
3.652849e-03
3.652849e-03
3.652849e-03
3.652849e-03
3.652849e-03
3.652849e-03
3.652849e-03
3.652849e-03
3.652849e-03
3.652849e-03
3.652849e-03
3.652849e-03
3.652849e-03
3.652849e-03
3.652849e-03
3.652849e-03
3.652849e-03
3.652849e-03
3.652849e-03
3.652849e-03
3.652849e-03
3.652849e-03
3.652849e-03
3.652849e-03
3.652849e-03
3.652849e-03
3.652849e-03
3.652849e-03
3.652849e-03
3.652849e-03
3.652849e-03
3.652849e-03
3.652849e-03
3.652849e-03
3.652849e-03
3.652849e-03
3.652849e-03
3.652849e-03
3.652849e-03
3.652849e-03
3.652849e-03
3.652849e-03
3.652849e-03
3.652849e-03
3.652849e-03
3.652849e-03
3.652849e-03
3.652849e-03
3.652849e-03
3.652849e-03
3.652849e-03
3.652849e-03
3.652849e-03
3.652849e-03
3.652849e-03
3.652849e-03
3.652849e-03
3.652849e-03
3.652849e-03
3.652849e-03
3.652849e-03
3.652849e-03
3.652849e-03
3.652849e-03
3.652849e-03
3.652849e-03
3.652849e-03
3.652849e-03
3.652849e-03
3.652849e-03
3.652849e-03
3.652849e-03
3.652849e-03
3.652849e-03
3.652849e-03
3.652849e-03
3.652849e-03
3.652849e-03
3.652849e-03
3.652849e-03
3.652849e-03
3.652849e-03
3.652849e-03
3.652849e-03
3.652849e-03
3.652849e-03
3.652849e-03
3.652849e-03
3.652849e-03
3.652849e-03
3.652849e-03
3.652849e-03
3.652849e-03
3.652849e-03
3.652849e-03
3.652849e-03
3.652849e-03
3.652849e-03
3.652849e-03
3.652849e-03
3.652849e-03
3.652849e-03
3.652849e-03
3.652849e-03
3.652849e-03
3.652849e-03
3.652849e-03
3.652849e-03
3.652849e-03
3.652849e-03
3.652849e-03
3.652849e-03
3.652849e-03
3.652849e-03
3.652849e-03
