0.000000e+00
1.110371e-07
2.244118e-07
3.401241e-07
4.581741e-07
5.785617e-07
7.012869e-07
8.263497e-07
9.537501e-07
1.083488e-06
1.215564e-06
1.349977e-06
1.486728e-06
1.625817e-06
1.767243e-06
1.911007e-06
2.057108e-06
2.205547e-06
2.356324e-06
2.509438e-06
2.664890e-06
2.822680e-06
2.982807e-06
3.145272e-06
3.310074e-06
3.477214e-06
3.646692e-06
3.818507e-06
3.992660e-06
4.169150e-06
4.347979e-06
4.529144e-06
4.712648e-06
4.898489e-06
5.086667e-06
5.277184e-06
5.470038e-06
5.665229e-06
5.862758e-06
6.062625e-06
6.264829e-06
6.469371e-06
6.676251e-06
6.885468e-06
7.097023e-06
7.310916e-06
7.527146e-06
7.745713e-06
7.966619e-06
8.189862e-06
8.415442e-06
8.643361e-06
8.873616e-06
9.106210e-06
9.341141e-06
9.578410e-06
9.818016e-06
1.005996e-05
1.030424e-05
1.055086e-05
1.079982e-05
1.105111e-05
1.130474e-05
1.156071e-05
1.181902e-05
1.207967e-05
1.234265e-05
1.260797e-05
1.287563e-05
1.314562e-05
1.341796e-05
1.369263e-05
1.396963e-05
1.424898e-05
1.453066e-05
1.481468e-05
1.510104e-05
1.538974e-05
1.568077e-05
1.597415e-05
1.626986e-05
1.656790e-05
1.686829e-05
1.717101e-05
1.747607e-05
1.778347e-05
1.809320e-05
1.840527e-05
1.871968e-05
1.903643e-05
1.935552e-05
1.967694e-05
2.000070e-05
2.032680e-05
2.065524e-05
2.098601e-05
2.131912e-05
2.165457e-05
2.199236e-05
2.233248e-05
2.267494e-05
2.301974e-05
2.336688e-05
2.371635e-05
2.406817e-05
2.442231e-05
2.477880e-05
2.513763e-05
2.549879e-05
2.586229e-05
2.622813e-05
2.659630e-05
2.696682e-05
2.733967e-05
2.771486e-05
2.809238e-05
2.847225e-05
2.885445e-05
2.923899e-05
2.962586e-05
3.001508e-05
3.040663e-05
3.080052e-05
3.119675e-05
3.159531e-05
3.199621e-05
3.239945e-05
3.280503e-05
3.321295e-05
3.362320e-05
3.403579e-05
3.445072e-05
3.486798e-05
3.528759e-05
3.570953e-05
3.613381e-05
3.656042e-05
3.698938e-05
3.742067e-05
3.785430e-05
3.829026e-05
3.872857e-05
3.916921e-05
3.961219e-05
4.005751e-05
4.050516e-05
4.095515e-05
4.140748e-05
4.186215e-05
4.231916e-05
4.277850e-05
4.324018e-05
4.370420e-05
4.417055e-05
4.463925e-05
4.511028e-05
4.558365e-05
4.605935e-05
4.653740e-05
4.701778e-05
4.750050e-05
4.798555e-05
4.847295e-05
4.896268e-05
4.945475e-05
4.994916e-05
5.044590e-05
5.094498e-05
5.144640e-05
5.195016e-05
5.245626e-05
5.296469e-05
5.347546e-05
5.398857e-05
5.450401e-05
5.502180e-05
5.554192e-05
5.606438e-05
5.658917e-05
5.711631e-05
5.764578e-05
5.817759e-05
5.871174e-05
5.924822e-05
5.978704e-05
6.032820e-05
6.087170e-05
6.141753e-05
6.196571e-05
6.251622e-05
6.306907e-05
6.362425e-05
6.418177e-05
6.474163e-05
6.530383e-05
6.586837e-05
6.643524e-05
6.700445e-05
6.757600e-05
6.814989e-05
6.872611e-05
6.930467e-05
6.988557e-05
7.046881e-05
7.105438e-05
7.164230e-05
7.223255e-05
7.282513e-05
7.342006e-05
7.401732e-05
7.461692e-05
7.521886e-05
7.582314e-05
7.642975e-05
7.703870e-05
7.764999e-05
7.826361e-05
7.887958e-05
7.949788e-05
8.011852e-05
8.074149e-05
8.136681e-05
8.199446e-05
8.262445e-05
8.325678e-05
8.389144e-05
8.452844e-05
8.516778e-05
8.580946e-05
8.645348e-05
8.709983e-05
8.774852e-05
8.839955e-05
8.905291e-05
8.970862e-05
9.036666e-05
9.102703e-05
9.168975e-05
9.235480e-05
9.302220e-05
9.369192e-05
9.436399e-05
9.503840e-05
9.571514e-05
9.639422e-05
9.707563e-05
9.775939e-05
9.844548e-05
9.913391e-05
9.982468e-05
1.005178e-04
1.012132e-04
1.019110e-04
1.026111e-04
1.033136e-04
1.040184e-04
1.047255e-04
1.054350e-04
1.061468e-04
1.068609e-04
1.075774e-04
1.082962e-04
1.090174e-04
1.097409e-04
1.104667e-04
1.111949e-04
1.119254e-04
1.126582e-04
1.133934e-04
1.141309e-04
1.148708e-04
1.156130e-04
1.163575e-04
1.171044e-04
1.178536e-04
1.186051e-04
1.193590e-04
1.201152e-04
1.208738e-04
1.216347e-04
1.223979e-04
1.231635e-04
1.239314e-04
1.247017e-04
1.254742e-04
1.262492e-04
1.270264e-04
1.278060e-04
1.285880e-04
1.293722e-04
1.301588e-04
1.309478e-04
1.317391e-04
1.325327e-04
1.333287e-04
1.341270e-04
1.349276e-04
1.357306e-04
1.365359e-04
1.373435e-04
1.381535e-04
1.389658e-04
1.397805e-04
1.405975e-04
1.414168e-04
1.422385e-04
1.430625e-04
1.438889e-04
1.447176e-04
1.455486e-04
1.463819e-04
1.472176e-04
1.480557e-04
1.488961e-04
1.497388e-04
1.505838e-04
1.514312e-04
1.522809e-04
1.531330e-04
1.539874e-04
1.548441e-04
1.557032e-04
1.565646e-04
1.574284e-04
1.582945e-04
1.591629e-04
1.600337e-04
1.609068e-04
1.617822e-04
1.626600e-04
1.635401e-04
1.644225e-04
1.653073e-04
1.661945e-04
1.670839e-04
1.679757e-04
1.688699e-04
1.697664e-04
1.706652e-04
1.715663e-04
1.724698e-04
1.733756e-04
1.742838e-04
1.751943e-04
1.761072e-04
1.770223e-04
1.779399e-04
1.788597e-04
1.797819e-04
1.807064e-04
1.816333e-04
1.825625e-04
1.834940e-04
1.844279e-04
1.853641e-04
1.863027e-04
1.872436e-04
1.881868e-04
1.891324e-04
1.900803e-04
1.910305e-04
1.919831e-04
1.929380e-04
1.938953e-04
1.948549e-04
1.958168e-04
1.967811e-04
1.977477e-04
1.987166e-04
1.996879e-04
2.006615e-04
2.016375e-04
2.026158e-04
2.035964e-04
2.045794e-04
2.055647e-04
2.065524e-04
2.075423e-04
2.085347e-04
2.095293e-04
2.105263e-04
2.115256e-04
2.125273e-04
2.135313e-04
2.145377e-04
2.155464e-04
2.165574e-04
2.175707e-04
2.185864e-04
2.196045e-04
2.206248e-04
2.216476e-04
2.226726e-04
2.237000e-04
2.247297e-04
2.257618e-04
2.267962e-04
2.278329e-04
2.288720e-04
2.299134e-04
2.309571e-04
2.320032e-04
2.330516e-04
2.341024e-04
2.351555e-04
2.362109e-04
2.372687e-04
2.383288e-04
2.393913e-04
2.404561e-04
2.415232e-04
2.425927e-04
2.436645e-04
2.447386e-04
2.458151e-04
2.468939e-04
2.479750e-04
2.490585e-04
2.501443e-04
2.512325e-04
2.523230e-04
2.534159e-04
2.545110e-04
2.556085e-04
2.567084e-04
2.578106e-04
2.589151e-04
2.600220e-04
2.611312e-04
2.622427e-04
2.633566e-04
2.644728e-04
2.655914e-04
2.667123e-04
2.678355e-04
2.689610e-04
2.700889e-04
2.712192e-04
2.723518e-04
2.734867e-04
2.746239e-04
2.757635e-04
2.769055e-04
2.780497e-04
2.791963e-04
2.803453e-04
2.814965e-04
2.826502e-04
2.838061e-04
2.849644e-04
2.861250e-04
2.872880e-04
2.884533e-04
2.896210e-04
2.907909e-04
2.919633e-04
2.931379e-04
2.943149e-04
2.954942e-04
2.966759e-04
2.978599e-04
2.990462e-04
3.002349e-04
3.014259e-04
3.026193e-04
3.038150e-04
3.050130e-04
3.062134e-04
3.074161e-04
3.086212e-04
3.098285e-04
3.110383e-04
3.122503e-04
3.134647e-04
3.146814e-04
3.159005e-04
3.171219e-04
3.183457e-04
3.195717e-04
3.208002e-04
3.220309e-04
3.232640e-04
3.244995e-04
3.257372e-04
3.269773e-04
3.282198e-04
3.294646e-04
3.307117e-04
3.319611e-04
3.332129e-04
3.344671e-04
3.357236e-04
3.369824e-04
3.382435e-04
3.395070e-04
3.407728e-04
3.420410e-04
3.433115e-04
3.445843e-04
3.458595e-04
3.471370e-04
3.484168e-04
3.496990e-04
3.509836e-04
3.522704e-04
3.535596e-04
3.548512e-04
3.561450e-04
3.574412e-04
3.587398e-04
3.600407e-04
3.613439e-04
3.626495e-04
3.639574e-04
3.652676e-04
3.665802e-04
3.678951e-04
3.692123e-04
3.705319e-04
3.718539e-04
3.731781e-04
3.745047e-04
3.758337e-04
3.771649e-04
3.784985e-04
3.798345e-04
3.811728e-04
3.825134e-04
3.838564e-04
3.852017e-04
3.865493e-04
3.878993e-04
3.892516e-04
3.906063e-04
3.919633e-04
3.933226e-04
3.946842e-04
3.960482e-04
3.974146e-04
3.987833e-04
4.001543e-04
4.015276e-04
4.029033e-04
4.042814e-04
4.056617e-04
4.070444e-04
4.084295e-04
4.098168e-04
4.112066e-04
4.125986e-04
4.139930e-04
4.153897e-04
4.167888e-04
4.181902e-04
4.195940e-04
4.210000e-04
4.224085e-04
4.238192e-04
4.252323e-04
4.266477e-04
4.280655e-04
4.294856e-04
4.309080e-04
4.323328e-04
4.337599e-04
4.351894e-04
4.366212e-04
4.380553e-04
4.394918e-04
4.409306e-04
4.423718e-04
4.438152e-04
4.452611e-04
4.467092e-04
4.481597e-04
4.496125e-04
4.510677e-04
4.525252e-04
4.539851e-04
4.554472e-04
4.569118e-04
4.583786e-04
4.598478e-04
4.613194e-04
4.627932e-04
4.642694e-04
4.657480e-04
4.672289e-04
4.687121e-04
4.701976e-04
4.716855e-04
4.731758e-04
4.746683e-04
4.761633e-04
4.776605e-04
4.791601e-04
4.806620e-04
4.821663e-04
4.836729e-04
4.851818e-04
4.866931e-04
4.882067e-04
4.897226e-04
4.912409e-04
4.927616e-04
4.942845e-04
4.958098e-04
4.973374e-04
4.988674e-04
5.003997e-04
5.019344e-04
5.034714e-04
5.050107e-04
5.065524e-04
5.080964e-04
5.096427e-04
5.111914e-04
5.127424e-04
5.142957e-04
5.158514e-04
5.174094e-04
5.189698e-04
5.205325e-04
5.220975e-04
5.236649e-04
5.252346e-04
5.268067e-04
5.283811e-04
5.299578e-04
5.315369e-04
5.331183e-04
5.347020e-04
5.362881e-04
5.378765e-04
5.394673e-04
5.410603e-04
5.426558e-04
5.442535e-04
5.458536e-04
5.474561e-04
5.490609e-04
5.506680e-04
5.522774e-04
5.538892e-04
5.555033e-04
5.571198e-04
5.587386e-04
5.603598e-04
5.619832e-04
5.636091e-04
5.652372e-04
5.668677e-04
5.685005e-04
5.701357e-04
5.717732e-04
5.734130e-04
5.750552e-04
5.766997e-04
5.783466e-04
5.799958e-04
5.816473e-04
5.833012e-04
5.849574e-04
5.866159e-04
5.882768e-04
5.899400e-04
5.916056e-04
5.932735e-04
5.949437e-04
5.966163e-04
5.982912e-04
5.999684e-04
6.016480e-04
6.033299e-04
6.050142e-04
6.067008e-04
6.083897e-04
6.100810e-04
6.117746e-04
6.134706e-04
6.151688e-04
6.168695e-04
6.185724e-04
6.202777e-04
6.219853e-04
6.236953e-04
6.254076e-04
6.271223e-04
6.288393e-04
6.305586e-04
6.322802e-04
6.340042e-04
6.357306e-04
6.374592e-04
6.391902e-04
6.409236e-04
6.426593e-04
6.443973e-04
6.461377e-04
6.478804e-04
6.496254e-04
6.513728e-04
6.531225e-04
6.548745e-04
6.566289e-04
6.583856e-04
6.601447e-04
6.619061e-04
6.636698e-04
6.654359e-04
6.672043e-04
6.689751e-04
6.707482e-04
6.725236e-04
6.743013e-04
6.760814e-04
6.778639e-04
6.796487e-04
6.814358e-04
6.832252e-04
6.850170e-04
6.868111e-04
6.886076e-04
6.904064e-04
6.922075e-04
6.940110e-04
6.958168e-04
6.976250e-04
6.994355e-04
7.012483e-04
7.030635e-04
7.048810e-04
7.067008e-04
7.085230e-04
7.103475e-04
7.121743e-04
7.140035e-04
7.158351e-04
7.176689e-04
7.195051e-04
7.213437e-04
7.231845e-04
7.250278e-04
7.268733e-04
7.287212e-04
7.305714e-04
7.324240e-04
7.342789e-04
7.361361e-04
7.379957e-04
7.398576e-04
7.417219e-04
7.435885e-04
7.454574e-04
7.473287e-04
7.492023e-04
7.510782e-04
7.529565e-04
7.548371e-04
7.567201e-04
7.586054e-04
7.604930e-04
7.623830e-04
7.642753e-04
7.661699e-04
7.680669e-04
7.699662e-04
7.718679e-04
7.737719e-04
7.756782e-04
7.775869e-04
7.794979e-04
7.814112e-04
7.833269e-04
7.852449e-04
7.871653e-04
7.890880e-04
7.910130e-04
7.929404e-04
7.948701e-04
7.968021e-04
7.987365e-04
8.006732e-04
8.026123e-04
8.045537e-04
8.064974e-04
8.084435e-04
8.103919e-04
8.123426e-04
8.142957e-04
8.162512e-04
8.182089e-04
8.201690e-04
8.221314e-04
8.240962e-04
8.260633e-04
8.280328e-04
8.300046e-04
8.319787e-04
8.339551e-04
8.359339e-04
8.379151e-04
8.398985e-04
8.418844e-04
8.438725e-04
8.458630e-04
8.478558e-04
8.498510e-04
8.518485e-04
8.538483e-04
8.558505e-04
8.578550e-04
8.598618e-04
8.618710e-04
8.638826e-04
8.658964e-04
8.679126e-04
8.699312e-04
8.719520e-04
8.739752e-04
8.760008e-04
8.780287e-04
8.800589e-04
8.820915e-04
8.841264e-04
8.861636e-04
8.882032e-04
8.902451e-04
8.922894e-04
8.943359e-04
8.963849e-04
8.984361e-04
9.004897e-04
9.025457e-04
9.046039e-04
9.066646e-04
9.087275e-04
9.107928e-04
9.128604e-04
9.149304e-04
9.170027e-04
9.190773e-04
9.211543e-04
9.232336e-04
9.253153e-04
9.273993e-04
9.294856e-04
9.315743e-04
9.336653e-04
9.357586e-04
9.378543e-04
9.399523e-04
9.420527e-04
9.441554e-04
9.462604e-04
9.483678e-04
9.504775e-04
9.525895e-04
9.547039e-04
9.568206e-04
9.589397e-04
9.610610e-04
9.631848e-04
9.653108e-04
9.674393e-04
9.695700e-04
9.717031e-04
9.738385e-04
9.759762e-04
9.781163e-04
9.802588e-04
9.824035e-04
9.845507e-04
9.867001e-04
9.888519e-04
9.910060e-04
9.931625e-04
9.953212e-04
9.974824e-04
9.996459e-04
1.001812e-03
1.003980e-03
1.006150e-03
1.008323e-03
1.010498e-03
1.012676e-03
1.014856e-03
1.017038e-03
1.019222e-03
1.021409e-03
1.023598e-03
1.025790e-03
1.027984e-03
1.030180e-03
1.032378e-03
1.034579e-03
1.036782e-03
1.038988e-03
1.041196e-03
1.043406e-03
1.045619e-03
1.047834e-03
1.050051e-03
1.052270e-03
1.054492e-03
1.056717e-03
1.058943e-03
1.061172e-03
1.063403e-03
1.065637e-03
1.067873e-03
1.070111e-03
1.072352e-03
1.074595e-03
1.076840e-03
1.079088e-03
1.081338e-03
1.083590e-03
1.085845e-03
1.088101e-03
1.090361e-03
1.092622e-03
1.094886e-03
1.097153e-03
1.099421e-03
1.101692e-03
1.103966e-03
1.106241e-03
1.108519e-03
1.110800e-03
1.113083e-03
1.115368e-03
1.117655e-03
1.119945e-03
1.122237e-03
1.124531e-03
1.126828e-03
1.129127e-03
1.131428e-03
1.133732e-03
1.136038e-03
1.138346e-03
1.140657e-03
1.142970e-03
1.145286e-03
1.147603e-03
1.149923e-03
1.152246e-03
1.154571e-03
1.156898e-03
1.159227e-03
1.161559e-03
1.163893e-03
1.166230e-03
1.168568e-03
1.170909e-03
1.173253e-03
1.175599e-03
1.177947e-03
1.180297e-03
1.182650e-03
1.185005e-03
1.187363e-03
1.189723e-03
1.192085e-03
1.194449e-03
1.196816e-03
1.199185e-03
1.201557e-03
1.203931e-03
1.206307e-03
1.208685e-03
1.211066e-03
1.213450e-03
1.215835e-03
1.218223e-03
1.220613e-03
1.223006e-03
1.225401e-03
1.227798e-03
1.230197e-03
1.232599e-03
1.235004e-03
1.237410e-03
1.239819e-03
1.242230e-03
1.244644e-03
1.247060e-03
1.249478e-03
1.251899e-03
1.254322e-03
1.256747e-03
1.259175e-03
1.261605e-03
1.264037e-03
1.266471e-03
1.268908e-03
1.271348e-03
1.273789e-03
1.276233e-03
1.278680e-03
1.281128e-03
1.283579e-03
1.286033e-03
1.288488e-03
1.290946e-03
1.293407e-03
1.295869e-03
1.298334e-03
1.300802e-03
1.303272e-03
1.305744e-03
1.308218e-03
1.310695e-03
1.313174e-03
1.315655e-03
1.318139e-03
1.320625e-03
1.323113e-03
1.325604e-03
1.328097e-03
1.330592e-03
1.333090e-03
1.335590e-03
1.338093e-03
1.340597e-03
1.343105e-03
1.345614e-03
1.348126e-03
1.350640e-03
1.353156e-03
1.355675e-03
1.358196e-03
1.360720e-03
1.363246e-03
1.365774e-03
1.368304e-03
1.370837e-03
1.373372e-03
1.375910e-03
1.378449e-03
1.380992e-03
1.383536e-03
1.386083e-03
1.388632e-03
1.391184e-03
1.393738e-03
1.396294e-03
1.398852e-03
1.401413e-03
1.403976e-03
1.406542e-03
1.409110e-03
1.411680e-03
1.414252e-03
1.416827e-03
1.419405e-03
1.421984e-03
1.424566e-03
1.427150e-03
1.429737e-03
1.432326e-03
1.434917e-03
1.437511e-03
1.440107e-03
1.442705e-03
1.445305e-03
1.447908e-03
1.450514e-03
1.453121e-03
1.455731e-03
1.458344e-03
1.460958e-03
1.463575e-03
1.466194e-03
1.468816e-03
1.471440e-03
1.474066e-03
1.476695e-03
1.479326e-03
1.481959e-03
1.484595e-03
1.487233e-03
1.489873e-03
1.492516e-03
1.495161e-03
1.497808e-03
1.500458e-03
1.503110e-03
1.505765e-03
1.508421e-03
1.511080e-03
1.513742e-03
1.516405e-03
1.519071e-03
1.521740e-03
1.524411e-03
1.527084e-03
1.529759e-03
1.532437e-03
1.535117e-03
1.537799e-03
1.540484e-03
1.543171e-03
1.545861e-03
1.548552e-03
1.551247e-03
1.553943e-03
1.556642e-03
1.559343e-03
1.562046e-03
1.564752e-03
1.567460e-03
1.570171e-03
1.572884e-03
1.575599e-03
1.578316e-03
1.581036e-03
1.583758e-03
1.586483e-03
1.589210e-03
1.591939e-03
1.594670e-03
1.597404e-03
1.600140e-03
1.602879e-03
1.605620e-03
1.608363e-03
1.611108e-03
1.613856e-03
1.616606e-03
1.619359e-03
1.622114e-03
1.624871e-03
1.627631e-03
1.630393e-03
1.633157e-03
1.635923e-03
1.638692e-03
1.641464e-03
1.644237e-03
1.647013e-03
1.649791e-03
1.652572e-03
1.655355e-03
1.658140e-03
1.660928e-03
1.663718e-03
1.666510e-03
1.669305e-03
1.672102e-03
1.674901e-03
1.677703e-03
1.680507e-03
1.683313e-03
1.686122e-03
1.688933e-03
1.691746e-03
1.694562e-03
1.697380e-03
1.700200e-03
1.703023e-03
1.705848e-03
1.708675e-03
1.711505e-03
1.714337e-03
1.717171e-03
1.720008e-03
1.722847e-03
1.725688e-03
1.728532e-03
1.731378e-03
1.734226e-03
1.737077e-03
1.739930e-03
1.742786e-03
1.745643e-03
1.748503e-03
1.751366e-03
1.754231e-03
1.757098e-03
1.759967e-03
1.762839e-03
1.765713e-03
1.768589e-03
1.771468e-03
1.774349e-03
1.777233e-03
1.780119e-03
1.783007e-03
1.785897e-03
1.788790e-03
1.791685e-03
1.794583e-03
1.797482e-03
1.800385e-03
1.803289e-03
1.806196e-03
1.809105e-03
1.812017e-03
1.814930e-03
1.817847e-03
1.820765e-03
1.823686e-03
1.826609e-03
1.829535e-03
1.832463e-03
1.835393e-03
1.838325e-03
1.841260e-03
1.844197e-03
1.847137e-03
1.850079e-03
1.853023e-03
1.855970e-03
1.858919e-03
1.861870e-03
1.864823e-03
1.867779e-03
1.870738e-03
1.873698e-03
1.876661e-03
1.879626e-03
1.882594e-03
1.885564e-03
1.888536e-03
1.891511e-03
1.894488e-03
1.897467e-03
1.900449e-03
1.903433e-03
1.906419e-03
1.909408e-03
1.912399e-03
1.915392e-03
1.918388e-03
1.921386e-03
1.924386e-03
1.927389e-03
1.930394e-03
1.933401e-03
1.936411e-03
1.939423e-03
1.942437e-03
1.945454e-03
1.948473e-03
1.951494e-03
1.954518e-03
1.957544e-03
1.960572e-03
1.963603e-03
1.966636e-03
1.969672e-03
1.972709e-03
1.975750e-03
1.978792e-03
1.981837e-03
1.984884e-03
1.987933e-03
1.990985e-03
1.994039e-03
1.997096e-03
2.000154e-03
2.003215e-03
2.006279e-03
2.009345e-03
2.012413e-03
2.015483e-03
2.018556e-03
2.021631e-03
2.024709e-03
2.027788e-03
2.030871e-03
2.033955e-03
2.037042e-03
2.040131e-03
2.043223e-03
2.046316e-03
2.049413e-03
2.052511e-03
2.055612e-03
2.058715e-03
2.061821e-03
2.064929e-03
2.068039e-03
2.071151e-03
2.074266e-03
2.077383e-03
2.080503e-03
2.083625e-03
2.086749e-03
2.089876e-03
2.093005e-03
2.096136e-03
2.099269e-03
2.102405e-03
2.105544e-03
2.108684e-03
2.111827e-03
2.114972e-03
2.118120e-03
2.121270e-03
2.124422e-03
2.127577e-03
2.130734e-03
2.133893e-03
2.137055e-03
2.140219e-03
2.143385e-03
2.146554e-03
2.149725e-03
2.152898e-03
2.156074e-03
2.159252e-03
2.162432e-03
2.165615e-03
2.168800e-03
2.171987e-03
2.175177e-03
2.178369e-03
2.181563e-03
2.184760e-03
2.187959e-03
2.191160e-03
2.194364e-03
2.197570e-03
2.200778e-03
2.203989e-03
2.207202e-03
2.210418e-03
2.213635e-03
2.216855e-03
2.220078e-03
2.223303e-03
2.226530e-03
2.229759e-03
2.232991e-03
2.236225e-03
2.239461e-03
2.242700e-03
2.245941e-03
2.249185e-03
2.252431e-03
2.255679e-03
2.258929e-03
2.262182e-03
2.265437e-03
2.268695e-03
2.271954e-03
2.275217e-03
2.278481e-03
2.281748e-03
2.285017e-03
2.288289e-03
2.291562e-03
2.294839e-03
2.298117e-03
2.301398e-03
2.304681e-03
2.307967e-03
2.311254e-03
2.314545e-03
2.317837e-03
2.321132e-03
2.324429e-03
2.327729e-03
2.331031e-03
2.334335e-03
2.337642e-03
2.340950e-03
2.344262e-03
2.347575e-03
2.350891e-03
2.354209e-03
2.357530e-03
2.360853e-03
2.364178e-03
2.367506e-03
2.370836e-03
2.374168e-03
2.377503e-03
2.380840e-03
2.384179e-03
2.387521e-03
2.390865e-03
2.394211e-03
2.397560e-03
2.400911e-03
2.404264e-03
2.407619e-03
2.410977e-03
2.414338e-03
2.417700e-03
2.421065e-03
2.424433e-03
2.427803e-03
2.431175e-03
2.434549e-03
2.437926e-03
2.441305e-03
2.444686e-03
2.448070e-03
2.451456e-03
2.454844e-03
2.458235e-03
2.461628e-03
2.465023e-03
2.468421e-03
2.471821e-03
2.475224e-03
2.478628e-03
2.482035e-03
2.485445e-03
2.488857e-03
2.492271e-03
2.495687e-03
2.499106e-03
2.502527e-03
2.505950e-03
2.509376e-03
2.512804e-03
2.516235e-03
2.519668e-03
2.523103e-03
2.526540e-03
2.529980e-03
2.533422e-03
2.536867e-03
2.540313e-03
2.543763e-03
2.547214e-03
2.550668e-03
2.554124e-03
2.557583e-03
2.561044e-03
2.564507e-03
2.567972e-03
2.571440e-03
2.574910e-03
2.578383e-03
2.581858e-03
2.585335e-03
2.588814e-03
2.592296e-03
2.595781e-03
2.599267e-03
2.602756e-03
2.606247e-03
2.609741e-03
2.613237e-03
2.616735e-03
2.620236e-03
2.623739e-03
2.627244e-03
2.630751e-03
2.634261e-03
2.637774e-03
2.641288e-03
2.644805e-03
2.648325e-03
2.651846e-03
2.655370e-03
2.658896e-03
2.662425e-03
2.665956e-03
2.669489e-03
2.673025e-03
2.676563e-03
2.680103e-03
2.683646e-03
2.687191e-03
2.690738e-03
2.694288e-03
2.697840e-03
2.701394e-03
2.704951e-03
2.708510e-03
2.712071e-03
2.715635e-03
2.719201e-03
2.722770e-03
2.726340e-03
2.729913e-03
2.733489e-03
2.737067e-03
2.740647e-03
2.744229e-03
2.747814e-03
2.751401e-03
2.754990e-03
2.758582e-03
2.762176e-03
2.765773e-03
2.769371e-03
2.772972e-03
2.776576e-03
2.780182e-03
2.783790e-03
2.787400e-03
2.791013e-03
2.793963e-03
2.796902e-03
2.799829e-03
2.802745e-03
2.805648e-03
2.808540e-03
2.811421e-03
2.814290e-03
2.817147e-03
2.819992e-03
2.822826e-03
2.825648e-03
2.828459e-03
2.831258e-03
2.834045e-03
2.836820e-03
2.839584e-03
2.842336e-03
2.845077e-03
2.847806e-03
2.850523e-03
2.853229e-03
2.855923e-03
2.858605e-03
2.861276e-03
2.863935e-03
2.866582e-03
2.869217e-03
2.871841e-03
2.874454e-03
2.877054e-03
2.879643e-03
2.882221e-03
2.884787e-03
2.887341e-03
2.889883e-03
2.892414e-03
2.894933e-03
2.897440e-03
2.899936e-03
2.902420e-03
2.904893e-03
2.907353e-03
2.909802e-03
2.912240e-03
2.914666e-03
2.917080e-03
2.919482e-03
2.921873e-03
2.924252e-03
2.926620e-03
2.928976e-03
2.931320e-03
2.933653e-03
2.935974e-03
2.938283e-03
2.940580e-03
2.942866e-03
2.945141e-03
2.947403e-03
2.949654e-03
2.951894e-03
2.954121e-03
2.956337e-03
2.958541e-03
2.960734e-03
2.962915e-03
2.965085e-03
2.967242e-03
2.969388e-03
2.971523e-03
2.973645e-03
2.975757e-03
2.977856e-03
2.979944e-03
2.982020e-03
2.984084e-03
2.986137e-03
2.988178e-03
2.990208e-03
2.992226e-03
2.994232e-03
2.996226e-03
2.998209e-03
3.000180e-03
3.002140e-03
3.004088e-03
3.006024e-03
3.007948e-03
3.009861e-03
3.011763e-03
3.013652e-03
3.015530e-03
3.017396e-03
3.019251e-03
3.021094e-03
3.022925e-03
3.024745e-03
3.026553e-03
3.028349e-03
3.030134e-03
3.031907e-03
3.033668e-03
3.035418e-03
3.037156e-03
3.038883e-03
3.040597e-03
3.042300e-03
3.043992e-03
3.045672e-03
3.047340e-03
3.048996e-03
3.050641e-03
3.052274e-03
3.053896e-03
3.055505e-03
3.057104e-03
3.058690e-03
3.060265e-03
3.061828e-03
3.063380e-03
3.064920e-03
3.066448e-03
3.067964e-03
3.069469e-03
3.070962e-03
3.072444e-03
3.073914e-03
3.075372e-03
3.076819e-03
3.078254e-03
3.079677e-03
3.081089e-03
3.082489e-03
3.083877e-03
3.085254e-03
3.086619e-03
3.087972e-03
3.089314e-03
3.090644e-03
3.091962e-03
3.093269e-03
3.094564e-03
3.095848e-03
3.097120e-03
3.098380e-03
3.099628e-03
3.100865e-03
3.102090e-03
3.103304e-03
3.104505e-03
3.105696e-03
3.106874e-03
3.108041e-03
3.109196e-03
3.110340e-03
3.111472e-03
3.112592e-03
3.113700e-03
3.114797e-03
3.115882e-03
3.116956e-03
3.118018e-03
3.119068e-03
3.120107e-03
3.121134e-03
3.122149e-03
3.123153e-03
3.124145e-03
3.125125e-03
3.126094e-03
3.127051e-03
3.127996e-03
3.128930e-03
3.129852e-03
3.130763e-03
3.131661e-03
3.132548e-03
3.133424e-03
3.134288e-03
3.135140e-03
3.135980e-03
3.136809e-03
3.137626e-03
3.138432e-03
3.139225e-03
3.140008e-03
3.140778e-03
3.141537e-03
3.142284e-03
3.143020e-03
3.143744e-03
3.144456e-03
3.145156e-03
3.145845e-03
3.146523e-03
3.147188e-03
3.147842e-03
3.148484e-03
3.149115e-03
3.149734e-03
3.150341e-03
3.150937e-03
3.151521e-03
3.152093e-03
3.152654e-03
3.153203e-03
3.153741e-03
3.154266e-03
3.154780e-03
3.155283e-03
3.155773e-03
3.156253e-03
3.156720e-03
3.157176e-03
3.157620e-03
3.158052e-03
3.158473e-03
3.158882e-03
3.159280e-03
3.159666e-03
3.160040e-03
3.160402e-03
3.160753e-03
3.161092e-03
3.161420e-03
3.161736e-03
3.162040e-03
3.162333e-03
3.162614e-03
3.162883e-03
3.163140e-03
3.163386e-03
3.163621e-03
3.163843e-03
3.164054e-03
3.164254e-03
3.164441e-03
3.164617e-03
3.164782e-03
3.164934e-03
3.165075e-03
3.165205e-03
3.165323e-03
3.165429e-03
3.165523e-03
3.165606e-03
3.165677e-03
3.165736e-03
3.165784e-03
3.165820e-03
3.165845e-03
3.165857e-03
3.165859e-03
3.165848e-03
3.165826e-03
3.165792e-03
3.165747e-03
3.165690e-03
3.165621e-03
3.165540e-03
3.165448e-03
3.165344e-03
3.165229e-03
3.165102e-03
3.164963e-03
3.164813e-03
3.164651e-03
3.164477e-03
3.164292e-03
3.164095e-03
3.163886e-03
3.163666e-03
3.163434e-03
3.163190e-03
3.162935e-03
3.162668e-03
3.162389e-03
3.162099e-03
3.161797e-03
3.161483e-03
3.161158e-03
3.160821e-03
3.160473e-03
3.160112e-03
3.159741e-03
3.159357e-03
3.158962e-03
3.158555e-03
3.158137e-03
3.157706e-03
3.157265e-03
3.156811e-03
3.156346e-03
3.155869e-03
3.155381e-03
3.154881e-03
3.154369e-03
3.153845e-03
3.153310e-03
3.152986e-03
3.152986e-03
3.152986e-03
3.152986e-03
3.152986e-03
3.152986e-03
3.152986e-03
3.152986e-03
3.152986e-03
3.152986e-03
3.152986e-03
3.152986e-03
3.152986e-03
3.152986e-03
3.152986e-03
3.152986e-03
3.152986e-03
3.152986e-03
3.152986e-03
3.152986e-03
3.152986e-03
3.152986e-03
3.152986e-03
3.152986e-03
3.152986e-03
3.152986e-03
3.152986e-03
3.152986e-03
3.152986e-03
3.152986e-03
3.152986e-03
3.152986e-03
3.152986e-03
3.152986e-03
3.152986e-03
3.152986e-03
3.152986e-03
3.152986e-03
3.152986e-03
3.152986e-03
3.152986e-03
3.152986e-03
3.152986e-03
3.152986e-03
3.152986e-03
3.152986e-03
3.152986e-03
3.152986e-03
3.152986e-03
3.152986e-03
3.152986e-03
3.152986e-03
3.152986e-03
3.152986e-03
3.152986e-03
3.152986e-03
3.152986e-03
3.152986e-03
3.152986e-03
3.152986e-03
3.152986e-03
3.152986e-03
3.152986e-03
3.152986e-03
3.152986e-03
3.152986e-03
3.152986e-03
3.152986e-03
3.152986e-03
3.152986e-03
3.152986e-03
3.152986e-03
3.152986e-03
3.152986e-03
3.152986e-03
3.152986e-03
3.152986e-03
3.152986e-03
3.152986e-03
3.152986e-03
3.152986e-03
3.152986e-03
3.152986e-03
3.152986e-03
3.152986e-03
3.152986e-03
3.152986e-03
3.152986e-03
3.152986e-03
3.152986e-03
3.152986e-03
3.152986e-03
3.152986e-03
3.152986e-03
3.152986e-03
3.152986e-03
3.152986e-03
3.152986e-03
3.152986e-03
3.152986e-03
3.152986e-03
3.152986e-03
3.152986e-03
3.152986e-03
3.152986e-03
3.152986e-03
3.152986e-03
3.152986e-03
3.152986e-03
3.152986e-03
3.152986e-03
3.152986e-03
3.152986e-03
3.152986e-03
3.152986e-03
3.152986e-03
3.152986e-03
3.152986e-03
3.152986e-03
3.152986e-03
3.152986e-03
3.152986e-03
3.152986e-03
3.152986e-03
3.152986e-03
3.152986e-03
3.152986e-03
3.152986e-03
3.152986e-03
3.152986e-03
3.152986e-03
3.152986e-03
3.152986e-03
3.152986e-03
3.152986e-03
3.152986e-03
3.152986e-03
3.152986e-03
3.152986e-03
3.152986e-03
3.152986e-03
3.152986e-03
3.152986e-03
3.152986e-03
3.152986e-03
3.152986e-03
3.152986e-03
3.152986e-03
3.152986e-03
3.152986e-03
3.152986e-03
3.152986e-03
3.152986e-03
3.152986e-03
3.152986e-03
3.152986e-03
3.152986e-03
3.152986e-03
3.152986e-03
3.152986e-03
3.152986e-03
3.152986e-03
3.152986e-03
3.152986e-03
3.152986e-03
3.152986e-03
3.152986e-03
3.152986e-03
3.152986e-03
3.152986e-03
3.152986e-03
3.152986e-03
3.152986e-03
3.152986e-03
3.152986e-03
3.152986e-03
3.152986e-03
3.152986e-03
3.152986e-03
3.152986e-03
3.152986e-03
3.152986e-03
3.152986e-03
3.152986e-03
3.152986e-03
3.152986e-03
3.152986e-03
3.152986e-03
3.152986e-03
3.152986e-03
3.152986e-03
3.152986e-03
3.152986e-03
3.152986e-03
3.152986e-03
3.152986e-03
3.152986e-03
3.152986e-03
3.152986e-03
3.152986e-03
3.152986e-03
