0.000000e+00
1.110371e-07
2.243173e-07
3.398408e-07
4.576074e-07
5.776172e-07
6.998701e-07
8.243662e-07
9.511055e-07
1.080088e-06
1.211314e-06
1.344782e-06
1.480494e-06
1.618450e-06
1.758648e-06
1.901090e-06
2.045774e-06
2.192702e-06
2.341873e-06
2.493287e-06
2.646945e-06
2.802845e-06
2.960989e-06
3.121376e-06
3.284006e-06
3.448879e-06
3.615996e-06
3.785355e-06
3.956958e-06
4.130804e-06
4.306893e-06
4.485225e-06
4.665801e-06
4.848619e-06
5.033681e-06
5.220986e-06
5.410534e-06
5.602326e-06
5.796360e-06
5.992638e-06
6.191159e-06
6.391923e-06
6.594930e-06
6.800180e-06
7.007674e-06
7.217411e-06
7.429391e-06
7.643614e-06
7.860080e-06
8.078789e-06
8.299742e-06
8.522938e-06
8.748377e-06
8.976059e-06
9.205984e-06
9.438152e-06
9.672564e-06
9.909219e-06
1.014812e-05
1.038926e-05
1.063264e-05
1.087827e-05
1.112614e-05
1.137625e-05
1.162861e-05
1.188321e-05
1.214005e-05
1.239914e-05
1.266047e-05
1.292404e-05
1.318986e-05
1.345792e-05
1.372822e-05
1.400077e-05
1.427556e-05
1.455259e-05
1.483186e-05
1.511338e-05
1.539714e-05
1.568315e-05
1.597140e-05
1.626189e-05
1.655462e-05
1.684960e-05
1.714682e-05
1.744628e-05
1.774799e-05
1.805194e-05
1.835813e-05
1.866657e-05
1.897725e-05
1.929017e-05
1.960534e-05
1.992275e-05
2.024240e-05
2.056429e-05
2.088843e-05
2.121481e-05
2.154344e-05
2.187431e-05
2.220742e-05
2.254277e-05
2.288037e-05
2.322021e-05
2.356229e-05
2.390662e-05
2.425319e-05
2.460200e-05
2.495306e-05
2.530636e-05
2.566190e-05
2.601969e-05
2.637972e-05
2.674199e-05
2.710651e-05
2.747327e-05
2.784227e-05
2.821351e-05
2.858700e-05
2.896273e-05
2.934071e-05
2.972093e-05
3.010339e-05
3.048809e-05
3.087504e-05
3.126423e-05
3.165566e-05
3.204934e-05
3.244526e-05
3.284342e-05
3.324383e-05
3.364648e-05
3.405137e-05
3.445851e-05
3.486789e-05
3.527951e-05
3.569338e-05
3.610948e-05
3.652784e-05
3.694843e-05
3.737127e-05
3.779635e-05
3.822368e-05
3.865324e-05
3.908505e-05
3.951911e-05
3.995541e-05
4.039395e-05
4.083473e-05
4.127776e-05
4.172303e-05
4.217054e-05
4.262030e-05
4.307230e-05
4.352654e-05
4.398302e-05
4.444175e-05
4.490272e-05
4.536594e-05
4.583140e-05
4.629910e-05
4.676905e-05
4.724123e-05
4.771566e-05
4.819234e-05
4.867126e-05
4.915242e-05
4.963582e-05
5.012147e-05
5.060936e-05
5.109949e-05
5.159187e-05
5.208649e-05
5.258335e-05
5.308246e-05
5.358381e-05
5.408740e-05
5.459323e-05
5.510131e-05
5.561163e-05
5.612420e-05
5.663901e-05
5.715606e-05
5.767535e-05
5.819689e-05
5.872067e-05
5.924670e-05
5.977496e-05
6.030548e-05
6.083823e-05
6.137323e-05
6.191047e-05
6.244995e-05
6.299168e-05
6.353565e-05
6.408186e-05
6.463031e-05
6.518101e-05
6.573396e-05
6.628914e-05
6.684657e-05
6.740624e-05
6.796816e-05
6.853231e-05
6.909872e-05
6.966736e-05
7.023825e-05
7.081138e-05
7.138675e-05
7.196437e-05
7.254423e-05
7.312633e-05
7.371068e-05
7.429727e-05
7.488610e-05
7.547718e-05
7.607050e-05
7.666606e-05
7.726387e-05
7.786392e-05
7.846621e-05
7.907074e-05
7.967752e-05
8.028654e-05
8.089781e-05
8.151132e-05
8.212707e-05
8.274506e-05
8.336530e-05
8.398778e-05
8.461250e-05
8.523947e-05
8.586868e-05
8.650013e-05
8.713383e-05
8.776977e-05
8.840795e-05
8.904838e-05
8.969105e-05
9.033596e-05
9.098312e-05
9.163251e-05
9.228416e-05
9.293804e-05
9.359417e-05
9.425254e-05
9.491316e-05
9.557601e-05
9.624111e-05
9.690846e-05
9.757805e-05
9.824988e-05
9.892395e-05
9.960027e-05
1.002788e-04
1.009596e-04
1.016427e-04
1.023280e-04
1.030155e-04
1.037053e-04
1.043973e-04
1.050916e-04
1.057881e-04
1.064868e-04
1.071878e-04
1.078910e-04
1.085965e-04
1.093042e-04
1.100142e-04
1.107264e-04
1.114409e-04
1.121576e-04
1.128765e-04
1.135977e-04
1.143211e-04
1.150468e-04
1.157747e-04
1.165048e-04
1.172372e-04
1.179719e-04
1.187087e-04
1.194479e-04
1.201892e-04
1.209328e-04
1.216787e-04
1.224268e-04
1.231771e-04
1.239297e-04
1.246846e-04
1.254416e-04
1.262009e-04
1.269625e-04
1.277263e-04
1.284923e-04
1.292606e-04
1.300312e-04
1.308039e-04
1.315789e-04
1.323562e-04
1.331357e-04
1.339175e-04
1.347014e-04
1.354877e-04
1.362762e-04
1.370669e-04
1.378598e-04
1.386550e-04
1.394525e-04
1.402522e-04
1.410541e-04
1.418583e-04
1.426647e-04
1.434734e-04
1.442843e-04
1.450974e-04
1.459128e-04
1.467305e-04
1.475503e-04
1.483725e-04
1.491968e-04
1.500234e-04
1.508523e-04
1.516834e-04
1.525167e-04
1.533523e-04
1.541901e-04
1.550302e-04
1.558725e-04
1.567171e-04
1.575639e-04
1.584129e-04
1.592642e-04
1.601177e-04
1.609735e-04
1.618315e-04
1.626918e-04
1.635543e-04
1.644190e-04
1.652860e-04
1.661552e-04
1.670267e-04
1.679004e-04
1.687764e-04
1.696546e-04
1.705350e-04
1.714177e-04
1.723026e-04
1.731898e-04
1.740792e-04
1.749709e-04
1.758648e-04
1.767609e-04
1.776593e-04
1.785600e-04
1.794628e-04
1.803680e-04
1.812753e-04
1.821849e-04
1.830968e-04
1.840109e-04
1.849272e-04
1.858458e-04
1.867666e-04
1.876897e-04
1.886150e-04
1.895425e-04
1.904723e-04
1.914044e-04
1.923387e-04
1.932752e-04
1.942140e-04
1.951550e-04
1.960982e-04
1.970437e-04
1.979915e-04
1.989414e-04
1.998937e-04
2.008481e-04
2.018049e-04
2.027638e-04
2.037250e-04
2.046885e-04
2.056541e-04
2.066221e-04
2.075922e-04
2.085647e-04
2.095393e-04
2.105162e-04
2.114954e-04
2.124768e-04
2.134604e-04
2.144463e-04
2.154344e-04
2.164247e-04
2.174173e-04
2.184122e-04
2.194093e-04
2.204086e-04
2.214102e-04
2.224140e-04
2.234201e-04
2.244284e-04
2.254389e-04
2.264517e-04
2.274668e-04
2.284840e-04
2.295036e-04
2.305253e-04
2.315493e-04
2.325756e-04
2.336041e-04
2.346348e-04
2.356678e-04
2.367030e-04
2.377405e-04
2.387802e-04
2.398222e-04
2.408664e-04
2.419128e-04
2.429615e-04
2.440124e-04
2.450656e-04
2.461210e-04
2.471786e-04
2.482385e-04
2.493007e-04
2.503651e-04
2.514317e-04
2.525006e-04
2.535717e-04
2.546451e-04
2.557207e-04
2.567985e-04
2.578786e-04
2.589609e-04
2.600455e-04
2.611323e-04
2.622214e-04
2.633127e-04
2.644062e-04
2.655020e-04
2.666000e-04
2.677003e-04
2.688028e-04
2.699076e-04
2.710146e-04
2.721239e-04
2.732354e-04
2.743491e-04
2.754651e-04
2.765833e-04
2.777038e-04
2.788265e-04
2.799514e-04
2.810786e-04
2.822080e-04
2.833397e-04
2.844737e-04
2.856098e-04
2.867482e-04
2.878889e-04
2.890318e-04
2.901769e-04
2.913243e-04
2.924739e-04
2.936258e-04
2.947799e-04
2.959363e-04
2.970949e-04
2.982557e-04
2.994188e-04
3.005841e-04
3.017517e-04
3.029215e-04
3.040936e-04
3.052679e-04
3.064444e-04
3.076232e-04
3.088042e-04
3.099875e-04
3.111730e-04
3.123608e-04
3.135508e-04
3.147430e-04
3.159375e-04
3.171343e-04
3.183332e-04
3.195345e-04
3.207379e-04
3.219436e-04
3.231516e-04
3.243618e-04
3.255742e-04
3.267889e-04
3.280058e-04
3.292250e-04
3.304464e-04
3.316700e-04
3.328959e-04
3.341241e-04
3.353544e-04
3.365871e-04
3.378219e-04
3.390590e-04
3.402984e-04
3.415400e-04
3.427838e-04
3.440299e-04
3.452782e-04
3.465288e-04
3.477816e-04
3.490367e-04
3.502940e-04
3.515535e-04
3.528153e-04
3.540793e-04
3.553456e-04
3.566141e-04
3.578849e-04
3.591579e-04
3.604331e-04
3.617106e-04
3.629903e-04
3.642723e-04
3.655565e-04
3.668430e-04
3.681317e-04
3.694226e-04
3.707158e-04
3.720113e-04
3.733089e-04
3.746088e-04
3.759110e-04
3.772154e-04
3.785221e-04
3.798310e-04
3.811421e-04
3.824555e-04
3.837711e-04
3.850890e-04
3.864091e-04
3.877314e-04
3.890560e-04
3.903828e-04
3.917119e-04
3.930432e-04
3.943768e-04
3.957126e-04
3.970507e-04
3.983910e-04
3.997335e-04
4.010783e-04
4.024253e-04
4.037746e-04
4.051261e-04
4.064799e-04
4.078359e-04
4.091941e-04
4.105546e-04
4.119173e-04
4.132823e-04
4.146495e-04
4.160190e-04
4.173907e-04
4.187646e-04
4.201408e-04
4.215192e-04
4.228999e-04
4.242828e-04
4.256680e-04
4.270554e-04
4.284450e-04
4.298369e-04
4.312310e-04
4.326274e-04
4.340260e-04
4.354269e-04
4.368300e-04
4.382353e-04
4.396429e-04
4.410528e-04
4.424648e-04
4.438792e-04
4.452957e-04
4.467145e-04
4.481356e-04
4.495589e-04
4.509844e-04
4.524122e-04
4.538422e-04
4.552745e-04
4.567090e-04
4.581457e-04
4.595847e-04
4.610260e-04
4.624695e-04
4.639152e-04
4.653632e-04
4.668134e-04
4.682658e-04
4.697205e-04
4.711775e-04
4.726366e-04
4.740981e-04
4.755617e-04
4.770277e-04
4.784958e-04
4.799662e-04
4.814389e-04
4.829137e-04
4.843909e-04
4.858703e-04
4.873519e-04
4.888357e-04
4.903218e-04
4.918102e-04
4.933008e-04
4.947936e-04
4.962887e-04
4.977860e-04
4.992855e-04
5.007874e-04
5.022914e-04
5.037977e-04
5.053062e-04
5.068170e-04
5.083300e-04
5.098453e-04
5.113628e-04
5.128825e-04
5.144045e-04
5.159288e-04
5.174553e-04
5.189840e-04
5.205149e-04
5.220482e-04
5.235836e-04
5.251213e-04
5.266612e-04
5.282034e-04
5.297478e-04
5.312945e-04
5.328434e-04
5.343946e-04
5.359480e-04
5.375036e-04
5.390615e-04
5.406216e-04
5.421840e-04
5.437486e-04
5.453155e-04
5.468846e-04
5.484559e-04
5.500295e-04
5.516053e-04
5.531834e-04
5.547637e-04
5.563463e-04
5.579311e-04
5.595181e-04
5.611074e-04
5.626989e-04
5.642927e-04
5.658887e-04
5.674870e-04
5.690875e-04
5.706902e-04
5.722952e-04
5.739025e-04
5.755119e-04
5.771237e-04
5.787376e-04
5.803538e-04
5.819723e-04
5.835930e-04
5.852159e-04
5.868411e-04
5.884685e-04
5.900982e-04
5.917301e-04
5.933642e-04
5.950006e-04
5.966393e-04
5.982802e-04
5.999233e-04
6.015687e-04
6.032163e-04
6.048661e-04
6.065182e-04
6.081726e-04
6.098291e-04
6.114880e-04
6.131490e-04
6.148123e-04
6.164779e-04
6.181457e-04
6.198157e-04
6.214880e-04
6.231626e-04
6.248393e-04
6.265183e-04
6.281996e-04
6.298831e-04
6.315689e-04
6.332568e-04
6.349471e-04
6.366395e-04
6.383343e-04
6.400312e-04
6.417304e-04
6.434319e-04
6.451356e-04
6.468415e-04
6.485497e-04
6.502601e-04
6.519728e-04
6.536877e-04
6.554048e-04
6.571242e-04
6.588458e-04
6.605697e-04
6.622958e-04
6.640242e-04
6.657548e-04
6.674877e-04
6.692228e-04
6.709601e-04
6.726997e-04
6.744415e-04
6.761856e-04
6.779319e-04
6.796804e-04
6.814312e-04
6.831843e-04
6.849396e-04
6.866971e-04
6.884569e-04
6.902189e-04
6.919831e-04
6.937496e-04
6.955184e-04
6.972893e-04
6.990626e-04
7.008380e-04
7.026158e-04
7.043957e-04
7.061779e-04
7.079624e-04
7.097491e-04
7.115380e-04
7.133292e-04
7.151226e-04
7.169182e-04
7.187161e-04
7.205163e-04
7.223187e-04
7.241233e-04
7.259302e-04
7.277393e-04
7.295507e-04
7.313643e-04
7.331801e-04
7.349982e-04
7.368186e-04
7.386411e-04
7.404660e-04
7.422930e-04
7.441223e-04
7.459539e-04
7.477877e-04
7.496237e-04
7.514620e-04
7.533025e-04
7.551453e-04
7.569903e-04
7.588375e-04
7.606870e-04
7.625388e-04
7.643928e-04
7.662490e-04
7.681075e-04
7.699682e-04
7.718311e-04
7.736963e-04
7.755638e-04
7.774335e-04
7.793054e-04
7.811796e-04
7.830560e-04
7.849346e-04
7.868155e-04
7.886987e-04
7.905841e-04
7.924717e-04
7.943616e-04
7.962537e-04
7.981480e-04
8.000446e-04
8.019435e-04
8.038446e-04
8.057479e-04
8.076535e-04
8.095613e-04
8.114714e-04
8.133837e-04
8.152982e-04
8.172150e-04
8.191340e-04
8.210553e-04
8.229788e-04
8.249046e-04
8.268326e-04
8.287629e-04
8.306954e-04
8.326301e-04
8.345671e-04
8.365063e-04
8.384478e-04
8.403915e-04
8.423374e-04
8.442856e-04
8.462361e-04
8.481887e-04
8.501437e-04
8.521008e-04
8.540603e-04
8.560219e-04
8.579858e-04
8.599520e-04
8.619203e-04
8.638910e-04
8.658638e-04
8.678389e-04
8.698163e-04
8.717959e-04
8.737778e-04
8.757618e-04
8.777482e-04
8.797367e-04
8.817276e-04
8.837206e-04
8.857159e-04
8.877135e-04
8.897133e-04
8.917153e-04
8.937196e-04
8.957261e-04
8.977348e-04
8.997458e-04
9.017591e-04
9.037746e-04
9.057923e-04
9.078123e-04
9.098345e-04
9.118590e-04
9.138857e-04
9.159146e-04
9.179458e-04
9.199793e-04
9.220150e-04
9.240529e-04
9.260930e-04
9.281355e-04
9.301801e-04
9.322270e-04
9.342761e-04
9.363275e-04
9.383811e-04
9.404370e-04
9.424951e-04
9.445555e-04
9.466181e-04
9.486829e-04
9.507500e-04
9.528193e-04
9.548909e-04
9.569647e-04
9.590408e-04
9.611191e-04
9.631996e-04
9.652824e-04
9.673674e-04
9.694547e-04
9.715442e-04
9.736360e-04
9.757300e-04
9.778262e-04
9.799247e-04
9.820255e-04
9.841284e-04
9.862336e-04
9.883411e-04
9.904508e-04
9.925628e-04
9.946769e-04
9.967934e-04
9.989121e-04
1.001033e-03
1.003156e-03
1.005282e-03
1.007409e-03
1.009539e-03
1.011671e-03
1.013806e-03
1.015942e-03
1.018081e-03
1.020222e-03
1.022366e-03
1.024511e-03
1.026659e-03
1.028809e-03
1.030961e-03
1.033116e-03
1.035273e-03
1.037432e-03
1.039593e-03
1.041757e-03
1.043922e-03
1.046090e-03
1.048261e-03
1.050433e-03
1.052608e-03
1.054785e-03
1.056964e-03
1.059146e-03
1.061329e-03
1.063515e-03
1.065704e-03
1.067894e-03
1.070087e-03
1.072282e-03
1.074479e-03
1.076678e-03
1.078880e-03
1.081084e-03
1.083290e-03
1.085499e-03
1.087709e-03
1.089922e-03
1.092137e-03
1.094355e-03
1.096574e-03
1.098796e-03
1.101020e-03
1.103247e-03
1.105475e-03
1.107706e-03
1.109939e-03
1.112174e-03
1.114412e-03
1.116652e-03
1.118894e-03
1.121138e-03
1.123385e-03
1.125633e-03
1.127884e-03
1.130138e-03
1.132393e-03
1.134651e-03
1.136911e-03
1.139173e-03
1.141438e-03
1.143704e-03
1.145973e-03
1.148245e-03
1.150518e-03
1.152794e-03
1.155072e-03
1.157352e-03
1.159634e-03
1.161919e-03
1.164206e-03
1.166495e-03
1.168786e-03
1.171080e-03
1.173376e-03
1.175674e-03
1.177975e-03
1.180277e-03
1.182582e-03
1.184889e-03
1.187198e-03
1.189510e-03
1.191824e-03
1.194140e-03
1.196458e-03
1.198779e-03
1.201102e-03
1.203427e-03
1.205754e-03
1.208083e-03
1.210415e-03
1.212749e-03
1.215086e-03
1.217424e-03
1.219765e-03
1.222108e-03
1.224453e-03
1.226801e-03
1.229150e-03
1.231502e-03
1.233856e-03
1.236213e-03
1.238572e-03
1.240933e-03
1.243296e-03
1.245661e-03
1.248029e-03
1.250399e-03
1.252771e-03
1.255145e-03
1.257522e-03
1.259901e-03
1.262282e-03
1.264665e-03
1.267051e-03
1.269439e-03
1.271829e-03
1.274221e-03
1.276616e-03
1.279013e-03
1.281412e-03
1.283813e-03
1.286217e-03
1.288622e-03
1.291030e-03
1.293441e-03
1.295853e-03
1.298268e-03
1.300685e-03
1.303104e-03
1.305526e-03
1.307950e-03
1.310376e-03
1.312804e-03
1.315234e-03
1.317667e-03
1.320102e-03
1.322539e-03
1.324979e-03
1.327420e-03
1.329864e-03
1.332310e-03
1.334759e-03
1.337210e-03
1.339662e-03
1.342118e-03
1.344575e-03
1.347035e-03
1.349497e-03
1.351961e-03
1.354427e-03
1.356896e-03
1.359366e-03
1.361840e-03
1.364315e-03
1.366793e-03
1.369272e-03
1.371754e-03
1.374239e-03
1.376725e-03
1.379214e-03
1.381705e-03
1.384198e-03
1.386694e-03
1.389192e-03
1.391692e-03
1.394194e-03
1.396698e-03
1.399205e-03
1.401714e-03
1.404225e-03
1.406739e-03
1.409255e-03
1.411773e-03
1.414293e-03
1.416815e-03
1.419340e-03
1.421867e-03
1.424396e-03
1.426928e-03
1.429461e-03
1.431997e-03
1.434535e-03
1.437076e-03
1.439618e-03
1.442163e-03
1.444710e-03
1.447260e-03
1.449811e-03
1.452365e-03
1.454921e-03
1.457480e-03
1.460040e-03
1.462603e-03
1.465168e-03
1.467735e-03
1.470305e-03
1.472877e-03
1.475451e-03
1.478027e-03
1.480606e-03
1.483186e-03
1.485769e-03
1.488355e-03
1.490942e-03
1.493532e-03
1.496124e-03
1.498718e-03
1.501314e-03
1.503913e-03
1.506514e-03
1.509117e-03
1.511723e-03
1.514331e-03
1.516940e-03
1.519553e-03
1.522167e-03
1.524784e-03
1.527403e-03
1.530024e-03
1.532647e-03
1.535273e-03
1.537901e-03
1.540531e-03
1.543163e-03
1.545798e-03
1.548435e-03
1.551074e-03
1.553715e-03
1.556359e-03
1.559004e-03
1.561653e-03
1.564303e-03
1.566955e-03
1.569610e-03
1.572267e-03
1.574926e-03
1.577588e-03
1.580252e-03
1.582918e-03
1.585586e-03
1.588257e-03
1.590929e-03
1.593604e-03
1.596281e-03
1.598961e-03
1.601643e-03
1.604327e-03
1.607013e-03
1.609701e-03
1.612392e-03
1.615085e-03
1.617780e-03
1.620477e-03
1.623177e-03
1.625879e-03
1.628583e-03
1.631290e-03
1.633998e-03
1.636709e-03
1.639422e-03
1.642138e-03
1.644855e-03
1.647575e-03
1.650297e-03
1.653021e-03
1.655748e-03
1.658477e-03
1.661208e-03
1.663941e-03
1.666677e-03
1.669415e-03
1.672155e-03
1.674897e-03
1.677641e-03
1.680388e-03
1.683137e-03
1.685888e-03
1.688642e-03
1.691398e-03
1.694156e-03
1.696916e-03
1.699678e-03
1.702443e-03
1.705210e-03
1.707979e-03
1.710751e-03
1.713524e-03
1.716300e-03
1.719078e-03
1.721859e-03
1.724641e-03
1.727426e-03
1.730214e-03
1.733003e-03
1.735795e-03
1.738588e-03
1.741385e-03
1.744183e-03
1.746983e-03
1.749786e-03
1.752591e-03
1.755399e-03
1.758208e-03
1.761020e-03
1.763834e-03
1.766651e-03
1.769469e-03
1.772290e-03
1.775113e-03
1.777938e-03
1.780766e-03
1.783595e-03
1.786427e-03
1.789262e-03
1.792098e-03
1.794937e-03
1.797778e-03
1.800621e-03
1.803467e-03
1.806314e-03
1.809164e-03
1.812016e-03
1.814871e-03
1.817728e-03
1.820587e-03
1.823448e-03
1.826311e-03
1.829177e-03
1.832045e-03
1.834915e-03
1.837787e-03
1.840662e-03
1.843539e-03
1.846418e-03
1.849299e-03
1.852183e-03
1.855069e-03
1.857957e-03
1.860847e-03
1.863740e-03
1.866634e-03
1.869531e-03
1.872431e-03
1.875332e-03
1.878236e-03
1.881142e-03
1.884050e-03
1.886961e-03
1.889874e-03
1.892789e-03
1.895706e-03
1.898625e-03
1.901547e-03
1.904471e-03
1.907397e-03
1.910326e-03
1.913256e-03
1.916189e-03
1.919125e-03
1.922062e-03
1.925002e-03
1.927944e-03
1.930888e-03
1.933834e-03
1.936783e-03
1.939734e-03
1.942687e-03
1.945642e-03
1.948600e-03
1.951560e-03
1.954522e-03
1.957486e-03
1.960453e-03
1.963422e-03
1.966393e-03
1.969366e-03
1.972342e-03
1.975319e-03
1.978300e-03
1.981282e-03
1.984266e-03
1.987253e-03
1.990242e-03
1.993233e-03
1.996227e-03
1.999223e-03
2.002221e-03
2.005221e-03
2.008223e-03
2.011228e-03
2.014235e-03
2.017244e-03
2.020256e-03
2.023270e-03
2.026286e-03
2.029304e-03
2.032324e-03
2.035347e-03
2.038372e-03
2.041399e-03
2.044428e-03
2.047460e-03
2.050494e-03
2.053530e-03
2.056568e-03
2.059609e-03
2.062652e-03
2.065697e-03
2.068744e-03
2.071794e-03
2.074846e-03
2.077900e-03
2.080956e-03
2.084015e-03
2.087076e-03
2.090139e-03
2.093204e-03
2.096271e-03
2.099341e-03
2.102413e-03
2.105487e-03
2.108564e-03
2.111643e-03
2.114724e-03
2.117807e-03
2.120892e-03
2.123980e-03
2.127070e-03
2.130162e-03
2.133257e-03
2.136354e-03
2.139452e-03
2.142554e-03
2.145657e-03
2.148763e-03
2.151871e-03
2.154981e-03
2.158093e-03
2.161208e-03
2.164325e-03
2.167444e-03
2.170565e-03
2.173689e-03
2.176815e-03
2.179943e-03
2.183073e-03
2.186206e-03
2.189341e-03
2.192478e-03
2.195617e-03
2.198759e-03
2.201902e-03
2.205048e-03
2.208197e-03
2.211347e-03
2.214500e-03
2.217655e-03
2.220812e-03
2.223972e-03
2.227134e-03
2.230298e-03
2.233464e-03
2.236632e-03
2.239803e-03
2.242976e-03
2.246151e-03
2.249329e-03
2.252508e-03
2.255690e-03
2.258875e-03
2.262061e-03
2.265250e-03
2.268441e-03
2.271634e-03
2.274829e-03
2.278027e-03
2.281227e-03
2.284429e-03
2.287633e-03
2.290840e-03
2.294049e-03
2.297260e-03
2.300473e-03
2.303689e-03
2.306907e-03
2.310127e-03
2.313349e-03
2.316573e-03
2.319800e-03
2.323029e-03
2.326261e-03
2.329494e-03
2.332730e-03
2.335968e-03
2.339208e-03
2.342451e-03
2.345695e-03
2.348942e-03
2.352192e-03
2.355443e-03
2.358697e-03
2.361953e-03
2.365211e-03
2.368472e-03
2.371734e-03
2.374999e-03
2.378266e-03
2.381536e-03
2.384807e-03
2.388081e-03
2.391358e-03
2.394636e-03
2.397917e-03
2.401199e-03
2.404485e-03
2.407772e-03
2.411062e-03
2.414353e-03
2.417647e-03
2.420944e-03
2.424242e-03
2.427543e-03
2.430846e-03
2.434152e-03
2.437459e-03
2.440769e-03
2.444081e-03
2.447395e-03
2.450712e-03
2.454031e-03
2.457352e-03
2.460675e-03
2.464000e-03
2.467328e-03
2.470658e-03
2.473990e-03
2.477325e-03
2.480662e-03
2.484001e-03
2.487342e-03
2.490685e-03
2.494031e-03
2.497379e-03
2.500729e-03
2.504081e-03
2.507436e-03
2.510793e-03
2.514152e-03
2.517514e-03
2.520877e-03
2.524243e-03
2.527611e-03
2.530982e-03
2.534354e-03
2.537729e-03
2.541106e-03
2.544485e-03
2.547867e-03
2.551251e-03
2.554637e-03
2.558025e-03
2.561416e-03
2.564809e-03
2.568204e-03
2.571601e-03
2.575001e-03
2.578402e-03
2.581806e-03
2.585213e-03
2.588621e-03
2.592032e-03
2.595445e-03
2.598860e-03
2.602277e-03
2.605697e-03
2.609119e-03
2.612543e-03
2.615970e-03
2.619399e-03
2.622829e-03
2.626263e-03
2.629698e-03
2.633136e-03
2.636576e-03
2.640018e-03
2.643462e-03
2.646909e-03
2.650358e-03
2.653809e-03
2.657262e-03
2.660718e-03
2.664176e-03
2.667636e-03
2.671098e-03
2.674563e-03
2.678029e-03
2.681499e-03
2.684970e-03
2.687779e-03
2.690576e-03
2.693363e-03
2.696138e-03
2.698902e-03
2.701655e-03
2.704397e-03
2.707127e-03
2.709846e-03
2.712555e-03
2.715251e-03
2.717937e-03
2.720612e-03
2.723275e-03
2.725927e-03
2.728568e-03
2.731198e-03
2.733817e-03
2.736424e-03
2.739021e-03
2.741606e-03
2.744180e-03
2.746742e-03
2.749294e-03
2.751834e-03
2.754363e-03
2.756881e-03
2.759388e-03
2.761884e-03
2.764368e-03
2.766841e-03
2.769303e-03
2.771754e-03
2.774194e-03
2.776622e-03
2.779040e-03
2.781446e-03
2.783841e-03
2.786224e-03
2.788597e-03
2.790958e-03
2.793309e-03
2.795648e-03
2.797975e-03
2.800292e-03
2.802597e-03
2.804892e-03
2.807175e-03
2.809447e-03
2.811707e-03
2.813957e-03
2.816195e-03
2.818422e-03
2.820638e-03
2.822843e-03
2.825037e-03
2.827219e-03
2.829390e-03
2.831550e-03
2.833699e-03
2.835837e-03
2.837963e-03
2.840078e-03
2.842182e-03
2.844275e-03
2.846357e-03
2.848428e-03
2.850487e-03
2.852535e-03
2.854572e-03
2.856598e-03
2.858612e-03
2.860616e-03
2.862608e-03
2.864589e-03
2.866559e-03
2.868518e-03
2.870465e-03
2.872401e-03
2.874326e-03
2.876240e-03
2.878143e-03
2.880035e-03
2.881915e-03
2.883784e-03
2.885642e-03
2.887489e-03
2.889325e-03
2.891149e-03
2.892962e-03
2.894764e-03
2.896555e-03
2.898335e-03
2.900103e-03
2.901861e-03
2.903607e-03
2.905342e-03
2.907066e-03
2.908778e-03
2.910480e-03
2.912170e-03
2.913849e-03
2.915517e-03
2.917173e-03
2.918819e-03
2.920453e-03
2.922076e-03
2.923688e-03
2.925289e-03
2.926878e-03
2.928457e-03
2.930024e-03
2.931580e-03
2.933124e-03
2.934658e-03
2.936180e-03
2.937692e-03
2.939192e-03
2.940681e-03
2.942158e-03
2.943625e-03
2.945080e-03
2.946524e-03
2.947957e-03
2.949379e-03
2.950789e-03
2.952189e-03
2.953577e-03
2.954954e-03
2.956320e-03
2.957674e-03
2.959018e-03
2.960350e-03
2.961671e-03
2.962981e-03
2.964280e-03
2.965567e-03
2.966843e-03
2.968109e-03
2.969363e-03
2.970605e-03
2.971837e-03
2.973057e-03
2.974266e-03
2.975464e-03
2.976651e-03
2.977827e-03
2.978991e-03
2.980145e-03
2.981287e-03
2.982418e-03
2.983537e-03
2.984646e-03
2.985743e-03
2.986829e-03
2.987904e-03
2.988968e-03
2.990021e-03
2.991062e-03
2.992092e-03
2.993111e-03
2.994119e-03
2.995116e-03
2.996101e-03
2.997076e-03
2.998039e-03
2.998991e-03
2.999931e-03
3.000861e-03
3.001779e-03
3.002687e-03
3.003583e-03
3.004467e-03
3.005341e-03
3.006203e-03
3.007055e-03
3.007895e-03
3.008724e-03
3.009541e-03
3.010348e-03
3.011143e-03
3.011927e-03
3.012700e-03
3.013462e-03
3.014212e-03
3.014952e-03
3.015680e-03
3.016397e-03
3.017103e-03
3.017798e-03
3.018481e-03
3.019153e-03
3.019814e-03
3.020464e-03
3.021103e-03
3.021730e-03
3.022347e-03
3.022952e-03
3.023546e-03
3.024129e-03
3.024700e-03
3.025261e-03
3.025810e-03
3.026348e-03
3.026875e-03
3.027391e-03
3.027895e-03
3.028388e-03
3.028870e-03
3.029341e-03
3.029801e-03
3.030250e-03
3.030687e-03
3.031113e-03
3.031528e-03
3.031932e-03
3.032325e-03
3.032706e-03
3.033076e-03
3.033435e-03
3.033783e-03
3.034120e-03
3.034445e-03
3.034760e-03
3.035063e-03
3.035355e-03
3.035636e-03
3.035905e-03
3.036163e-03
3.036411e-03
3.036647e-03
3.036872e-03
3.037085e-03
3.037288e-03
3.037479e-03
3.037659e-03
3.037828e-03
3.037986e-03
3.038132e-03
3.038267e-03
3.038392e-03
3.038505e-03
3.038606e-03
3.038697e-03
3.038776e-03
3.038845e-03
3.038902e-03
3.038947e-03
3.038982e-03
3.039006e-03
3.039018e-03
3.039019e-03
3.039009e-03
3.038988e-03
3.038955e-03
3.038912e-03
3.038857e-03
3.038791e-03
3.038714e-03
3.038625e-03
3.038526e-03
3.038415e-03
3.038293e-03
3.038160e-03
3.038015e-03
3.037860e-03
3.037693e-03
3.037515e-03
3.037326e-03
3.037126e-03
3.036915e-03
3.036692e-03
3.036458e-03
3.036213e-03
3.035957e-03
3.035690e-03
3.035411e-03
3.035121e-03
3.034821e-03
3.034508e-03
3.034185e-03
3.033851e-03
3.033505e-03
3.033148e-03
3.032780e-03
3.032401e-03
3.032011e-03
3.031609e-03
3.031196e-03
3.030772e-03
3.030337e-03
3.029891e-03
3.029433e-03
3.028964e-03
3.028485e-03
3.027993e-03
3.027491e-03
3.026978e-03
3.026453e-03
3.025917e-03
3.025592e-03
3.025592e-03
3.025592e-03
3.025592e-03
3.025592e-03
3.025592e-03
3.025592e-03
3.025592e-03
3.025592e-03
3.025592e-03
3.025592e-03
3.025592e-03
3.025592e-03
3.025592e-03
3.025592e-03
3.025592e-03
3.025592e-03
3.025592e-03
3.025592e-03
3.025592e-03
3.025592e-03
3.025592e-03
3.025592e-03
3.025592e-03
3.025592e-03
3.025592e-03
3.025592e-03
3.025592e-03
3.025592e-03
3.025592e-03
3.025592e-03
3.025592e-03
3.025592e-03
3.025592e-03
3.025592e-03
3.025592e-03
3.025592e-03
3.025592e-03
3.025592e-03
3.025592e-03
3.025592e-03
3.025592e-03
3.025592e-03
3.025592e-03
3.025592e-03
3.025592e-03
3.025592e-03
3.025592e-03
3.025592e-03
3.025592e-03
3.025592e-03
3.025592e-03
3.025592e-03
3.025592e-03
3.025592e-03
3.025592e-03
3.025592e-03
3.025592e-03
3.025592e-03
3.025592e-03
3.025592e-03
3.025592e-03
3.025592e-03
3.025592e-03
3.025592e-03
3.025592e-03
3.025592e-03
3.025592e-03
3.025592e-03
3.025592e-03
3.025592e-03
3.025592e-03
3.025592e-03
3.025592e-03
3.025592e-03
3.025592e-03
3.025592e-03
3.025592e-03
3.025592e-03
3.025592e-03
3.025592e-03
3.025592e-03
3.025592e-03
3.025592e-03
3.025592e-03
3.025592e-03
3.025592e-03
3.025592e-03
3.025592e-03
3.025592e-03
3.025592e-03
3.025592e-03
3.025592e-03
3.025592e-03
3.025592e-03
3.025592e-03
3.025592e-03
3.025592e-03
3.025592e-03
3.025592e-03
3.025592e-03
3.025592e-03
3.025592e-03
3.025592e-03
3.025592e-03
3.025592e-03
3.025592e-03
3.025592e-03
3.025592e-03
3.025592e-03
3.025592e-03
3.025592e-03
3.025592e-03
3.025592e-03
3.025592e-03
3.025592e-03
3.025592e-03
3.025592e-03
3.025592e-03
3.025592e-03
3.025592e-03
3.025592e-03
3.025592e-03
3.025592e-03
3.025592e-03
3.025592e-03
3.025592e-03
3.025592e-03
3.025592e-03
3.025592e-03
3.025592e-03
3.025592e-03
3.025592e-03
3.025592e-03
3.025592e-03
3.025592e-03
3.025592e-03
3.025592e-03
3.025592e-03
3.025592e-03
3.025592e-03
3.025592e-03
3.025592e-03
3.025592e-03
3.025592e-03
3.025592e-03
3.025592e-03
3.025592e-03
3.025592e-03
3.025592e-03
3.025592e-03
3.025592e-03
3.025592e-03
3.025592e-03
3.025592e-03
3.025592e-03
3.025592e-03
3.025592e-03
3.025592e-03
3.025592e-03
3.025592e-03
3.025592e-03
3.025592e-03
3.025592e-03
3.025592e-03
3.025592e-03
3.025592e-03
3.025592e-03
3.025592e-03
3.025592e-03
3.025592e-03
3.025592e-03
3.025592e-03
3.025592e-03
3.025592e-03
3.025592e-03
3.025592e-03
3.025592e-03
3.025592e-03
3.025592e-03
3.025592e-03
3.025592e-03
3.025592e-03
3.025592e-03
3.025592e-03
3.025592e-03
3.025592e-03
3.025592e-03
3.025592e-03
3.025592e-03
3.025592e-03
3.025592e-03
3.025592e-03
3.025592e-03
3.025592e-03
3.025592e-03
3.025592e-03
3.025592e-03
3.025592e-03
3.025592e-03
3.025592e-03
