0.000000e+00
1.110371e-07
2.244776e-07
3.403215e-07
4.585687e-07
5.792194e-07
7.022735e-07
8.277310e-07
9.555919e-07
1.085856e-06
1.218524e-06
1.353595e-06
1.491069e-06
1.630947e-06
1.773229e-06
1.917913e-06
2.065001e-06
2.214493e-06
2.366388e-06
2.520686e-06
2.677388e-06
2.836493e-06
2.998001e-06
3.161913e-06
3.328229e-06
3.496947e-06
3.668069e-06
3.841595e-06
4.017524e-06
4.195856e-06
4.376592e-06
4.559731e-06
4.745273e-06
4.933219e-06
5.123568e-06
5.316321e-06
5.511477e-06
5.709037e-06
5.909000e-06
6.111366e-06
6.316136e-06
6.523309e-06
6.732885e-06
6.944865e-06
7.159248e-06
7.376035e-06
7.595225e-06
7.816819e-06
8.040816e-06
8.267216e-06
8.496019e-06
8.727227e-06
8.960837e-06
9.196851e-06
9.435268e-06
9.676089e-06
9.919313e-06
1.016494e-05
1.041297e-05
1.066341e-05
1.091624e-05
1.117148e-05
1.142913e-05
1.168918e-05
1.195163e-05
1.221648e-05
1.248374e-05
1.275340e-05
1.302547e-05
1.329994e-05
1.357681e-05
1.385608e-05
1.413776e-05
1.442184e-05
1.470833e-05
1.499722e-05
1.528851e-05
1.558220e-05
1.587830e-05
1.617681e-05
1.647771e-05
1.678102e-05
1.708673e-05
1.739485e-05
1.770537e-05
1.801829e-05
1.833362e-05
1.865135e-05
1.897148e-05
1.929402e-05
1.961896e-05
1.994630e-05
2.027604e-05
2.060819e-05
2.094275e-05
2.127970e-05
2.161906e-05
2.196083e-05
2.230500e-05
2.265157e-05
2.300054e-05
2.335192e-05
2.370570e-05
2.406188e-05
2.442047e-05
2.478146e-05
2.514485e-05
2.551065e-05
2.587885e-05
2.624946e-05
2.662246e-05
2.699787e-05
2.737569e-05
2.775591e-05
2.813853e-05
2.852355e-05
2.891098e-05
2.930081e-05
2.969305e-05
3.008769e-05
3.048473e-05
3.088417e-05
3.128602e-05
3.169027e-05
3.209693e-05
3.250599e-05
3.291745e-05
3.333131e-05
3.374758e-05
3.416626e-05
3.458733e-05
3.501081e-05
3.543669e-05
3.586498e-05
3.629567e-05
3.672876e-05
3.716426e-05
3.760216e-05
3.804246e-05
3.848517e-05
3.893028e-05
3.937779e-05
3.982771e-05
4.028002e-05
4.073475e-05
4.119187e-05
4.165141e-05
4.211334e-05
4.257768e-05
4.304442e-05
4.351356e-05
4.398511e-05
4.445906e-05
4.493541e-05
4.541417e-05
4.589533e-05
4.637889e-05
4.686486e-05
4.735323e-05
4.784401e-05
4.833718e-05
4.883276e-05
4.933075e-05
4.983114e-05
5.033393e-05
5.083912e-05
5.134672e-05
5.185672e-05
5.236913e-05
5.288394e-05
5.340115e-05
5.392076e-05
5.444278e-05
5.496720e-05
5.549403e-05
5.602326e-05
5.655489e-05
5.708892e-05
5.762536e-05
5.816421e-05
5.870545e-05
5.924910e-05
5.979515e-05
6.034361e-05
6.089447e-05
6.144773e-05
6.200340e-05
6.256147e-05
6.312194e-05
6.368482e-05
6.425010e-05
6.481778e-05
6.538787e-05
6.596036e-05
6.653525e-05
6.711255e-05
6.769225e-05
6.827435e-05
6.885886e-05
6.944577e-05
7.003508e-05
7.062680e-05
7.122092e-05
7.181744e-05
7.241637e-05
7.301770e-05
7.362143e-05
7.422757e-05
7.483611e-05
7.544706e-05
7.606040e-05
7.667616e-05
7.729431e-05
7.791487e-05
7.853783e-05
7.916319e-05
7.979096e-05
8.042113e-05
8.105371e-05
8.168869e-05
8.232607e-05
8.296585e-05
8.360804e-05
8.425263e-05
8.489963e-05
8.554903e-05
8.620083e-05
8.685504e-05
8.751164e-05
8.817066e-05
8.883207e-05
8.949589e-05
9.016211e-05
9.083074e-05
9.150177e-05
9.217520e-05
9.285104e-05
9.352928e-05
9.420992e-05
9.489297e-05
9.557842e-05
9.626627e-05
9.695653e-05
9.764919e-05
9.834425e-05
9.904172e-05
9.974159e-05
1.004439e-04
1.011485e-04
1.018556e-04
1.025651e-04
1.032770e-04
1.039913e-04
1.047080e-04
1.054271e-04
1.061486e-04
1.068725e-04
1.075988e-04
1.083275e-04
1.090586e-04
1.097921e-04
1.105280e-04
1.112664e-04
1.120071e-04
1.127502e-04
1.134958e-04
1.142437e-04
1.149940e-04
1.157468e-04
1.165019e-04
1.172595e-04
1.180194e-04
1.187818e-04
1.195466e-04
1.203137e-04
1.210833e-04
1.218553e-04
1.226296e-04
1.234064e-04
1.241856e-04
1.249672e-04
1.257512e-04
1.265376e-04
1.273264e-04
1.281176e-04
1.289112e-04
1.297072e-04
1.305056e-04
1.313064e-04
1.321096e-04
1.329152e-04
1.337233e-04
1.345337e-04
1.353465e-04
1.361618e-04
1.369794e-04
1.377994e-04
1.386219e-04
1.394467e-04
1.402740e-04
1.411036e-04
1.419357e-04
1.427701e-04
1.436070e-04
1.444463e-04
1.452879e-04
1.461320e-04
1.469785e-04
1.478274e-04
1.486787e-04
1.495323e-04
1.503884e-04
1.512469e-04
1.521078e-04
1.529711e-04
1.538368e-04
1.547049e-04
1.555755e-04
1.564484e-04
1.573237e-04
1.582014e-04
1.590815e-04
1.599641e-04
1.608490e-04
1.617363e-04
1.626261e-04
1.635182e-04
1.644128e-04
1.653097e-04
1.662091e-04
1.671108e-04
1.680150e-04
1.689215e-04
1.698305e-04
1.707419e-04
1.716556e-04
1.725718e-04
1.734904e-04
1.744114e-04
1.753348e-04
1.762606e-04
1.771888e-04
1.781193e-04
1.790523e-04
1.799878e-04
1.809256e-04
1.818658e-04
1.828084e-04
1.837534e-04
1.847008e-04
1.856506e-04
1.866029e-04
1.875575e-04
1.885145e-04
1.894740e-04
1.904358e-04
1.914001e-04
1.923667e-04
1.933358e-04
1.943072e-04
1.952811e-04
1.962573e-04
1.972360e-04
1.982171e-04
1.992005e-04
2.001864e-04
2.011747e-04
2.021654e-04
2.031585e-04
2.041539e-04
2.051518e-04
2.061521e-04
2.071548e-04
2.081599e-04
2.091674e-04
2.101773e-04
2.111897e-04
2.122044e-04
2.132215e-04
2.142410e-04
2.152629e-04
2.162873e-04
2.173140e-04
2.183431e-04
2.193747e-04
2.204086e-04
2.214450e-04
2.224837e-04
2.235249e-04
2.245684e-04
2.256144e-04
2.266627e-04
2.277135e-04
2.287667e-04
2.298223e-04
2.308802e-04
2.319406e-04
2.330034e-04
2.340686e-04
2.351362e-04
2.362062e-04
2.372786e-04
2.383534e-04
2.394306e-04
2.405102e-04
2.415922e-04
2.426766e-04
2.437634e-04
2.448526e-04
2.459443e-04
2.470383e-04
2.481347e-04
2.492336e-04
2.503348e-04
2.514384e-04
2.525445e-04
2.536529e-04
2.547638e-04
2.558770e-04
2.569927e-04
2.581108e-04
2.592312e-04
2.603541e-04
2.614794e-04
2.626070e-04
2.637371e-04
2.648696e-04
2.660045e-04
2.671418e-04
2.682815e-04
2.694236e-04
2.705681e-04
2.717150e-04
2.728643e-04
2.740160e-04
2.751701e-04
2.763266e-04
2.774855e-04
2.786468e-04
2.798106e-04
2.809767e-04
2.821452e-04
2.833162e-04
2.844895e-04
2.856653e-04
2.868434e-04
2.880240e-04
2.892069e-04
2.903923e-04
2.915800e-04
2.927702e-04
2.939628e-04
2.951577e-04
2.963551e-04
2.975549e-04
2.987571e-04
2.999616e-04
3.011686e-04
3.023780e-04
3.035898e-04
3.048040e-04
3.060206e-04
3.072396e-04
3.084610e-04
3.096848e-04
3.109111e-04
3.121397e-04
3.133707e-04
3.146041e-04
3.158399e-04
3.170782e-04
3.183188e-04
3.195619e-04
3.208073e-04
3.220551e-04
3.233054e-04
3.245580e-04
3.258131e-04
3.270706e-04
3.283304e-04
3.295927e-04
3.308574e-04
3.321244e-04
3.333939e-04
3.346658e-04
3.359401e-04
3.372167e-04
3.384958e-04
3.397773e-04
3.410612e-04
3.423475e-04
3.436362e-04
3.449273e-04
3.462208e-04
3.475168e-04
3.488151e-04
3.501158e-04
3.514189e-04
3.527244e-04
3.540324e-04
3.553427e-04
3.566554e-04
3.579706e-04
3.592881e-04
3.606081e-04
3.619304e-04
3.632552e-04
3.645823e-04
3.659119e-04
3.672439e-04
3.685782e-04
3.699150e-04
3.712542e-04
3.725958e-04
3.739397e-04
3.752861e-04
3.766349e-04
3.779861e-04
3.793397e-04
3.806957e-04
3.820541e-04
3.834149e-04
3.847781e-04
3.861437e-04
3.875117e-04
3.888822e-04
3.902550e-04
3.916302e-04
3.930078e-04
3.943879e-04
3.957703e-04
3.971551e-04
3.985424e-04
3.999320e-04
4.013241e-04
4.027185e-04
4.041154e-04
4.055146e-04
4.069163e-04
4.083204e-04
4.097268e-04
4.111357e-04
4.125470e-04
4.139607e-04
4.153768e-04
4.167952e-04
4.182161e-04
4.196394e-04
4.210651e-04
4.224932e-04
4.239237e-04
4.253566e-04
4.267920e-04
4.282297e-04
4.296698e-04
4.311123e-04
4.325572e-04
4.340046e-04
4.354543e-04
4.369064e-04
4.383610e-04
4.398179e-04
4.412772e-04
4.427390e-04
4.442031e-04
4.456697e-04
4.471387e-04
4.486100e-04
4.500838e-04
4.515600e-04
4.530385e-04
4.545195e-04
4.560029e-04
4.574887e-04
4.589768e-04
4.604674e-04
4.619604e-04
4.634558e-04
4.649536e-04
4.664538e-04
4.679564e-04
4.694614e-04
4.709688e-04
4.724787e-04
4.739909e-04
4.755055e-04
4.770225e-04
4.785420e-04
4.800638e-04
4.815880e-04
4.831147e-04
4.846437e-04
4.861752e-04
4.877090e-04
4.892453e-04
4.907839e-04
4.923250e-04
4.938684e-04
4.954143e-04
4.969626e-04
4.985133e-04
5.000663e-04
5.016218e-04
5.031797e-04
5.047400e-04
5.063027e-04
5.078678e-04
5.094353e-04
5.110052e-04
5.125775e-04
5.141522e-04
5.157293e-04
5.173088e-04
5.188907e-04
5.204750e-04
5.220618e-04
5.236509e-04
5.252424e-04
5.268364e-04
5.284327e-04
5.300314e-04
5.316326e-04
5.332361e-04
5.348421e-04
5.364504e-04
5.380612e-04
5.396744e-04
5.412899e-04
5.429079e-04
5.445283e-04
5.461511e-04
5.477762e-04
5.494038e-04
5.510338e-04
5.526662e-04
5.543010e-04
5.559382e-04
5.575778e-04
5.592198e-04
5.608642e-04
5.625110e-04
5.641602e-04
5.658118e-04
5.674658e-04
5.691223e-04
5.707811e-04
5.724423e-04
5.741060e-04
5.757720e-04
5.774404e-04
5.791113e-04
5.807845e-04
5.824602e-04
5.841382e-04
5.858187e-04
5.875016e-04
5.891868e-04
5.908745e-04
5.925646e-04
5.942570e-04
5.959519e-04
5.976492e-04
5.993489e-04
6.010510e-04
6.027555e-04
6.044623e-04
6.061716e-04
6.078833e-04
6.095974e-04
6.113140e-04
6.130329e-04
6.147542e-04
6.164779e-04
6.182040e-04
6.199326e-04
6.216635e-04
6.233968e-04
6.251325e-04
6.268707e-04
6.286112e-04
6.303542e-04
6.320995e-04
6.338473e-04
6.355974e-04
6.373500e-04
6.391050e-04
6.408623e-04
6.426221e-04
6.443843e-04
6.461488e-04
6.479158e-04
6.496852e-04
6.514570e-04
6.532312e-04
6.550078e-04
6.567868e-04
6.585682e-04
6.603520e-04
6.621382e-04
6.639268e-04
6.657178e-04
6.675112e-04
6.693070e-04
6.711053e-04
6.729059e-04
6.747089e-04
6.765144e-04
6.783222e-04
6.801324e-04
6.819451e-04
6.837601e-04
6.855776e-04
6.873974e-04
6.892197e-04
6.910444e-04
6.928714e-04
6.947009e-04
6.965328e-04
6.983670e-04
7.002037e-04
7.020428e-04
7.038843e-04
7.057282e-04
7.075745e-04
7.094232e-04
7.112743e-04
7.131278e-04
7.149837e-04
7.168420e-04
7.187027e-04
7.205658e-04
7.224313e-04
7.242992e-04
7.261696e-04
7.280423e-04
7.299174e-04
7.317950e-04
7.336749e-04
7.355572e-04
7.374420e-04
7.393291e-04
7.412187e-04
7.431107e-04
7.450050e-04
7.469018e-04
7.488009e-04
7.507025e-04
7.526065e-04
7.545129e-04
7.564216e-04
7.583328e-04
7.602464e-04
7.621624e-04
7.640808e-04
7.660016e-04
7.679248e-04
7.698504e-04
7.717784e-04
7.737088e-04
7.756416e-04
7.775769e-04
7.795145e-04
7.814545e-04
7.833969e-04
7.853418e-04
7.872890e-04
7.892386e-04
7.911907e-04
7.931451e-04
7.951020e-04
7.970612e-04
7.990229e-04
8.009869e-04
8.029534e-04
8.049223e-04
8.068935e-04
8.088672e-04
8.108433e-04
8.128218e-04
8.148026e-04
8.167859e-04
8.187716e-04
8.207597e-04
8.227502e-04
8.247431e-04
8.267384e-04
8.287361e-04
8.307362e-04
8.327387e-04
8.347436e-04
8.367510e-04
8.387607e-04
8.407728e-04
8.427873e-04
8.448043e-04
8.468236e-04
8.488454e-04
8.508695e-04
8.528960e-04
8.549250e-04
8.569564e-04
8.589901e-04
8.610263e-04
8.630648e-04
8.651058e-04
8.671492e-04
8.691949e-04
8.712431e-04
8.732937e-04
8.753467e-04
8.774021e-04
8.794599e-04
8.815201e-04
8.835827e-04
8.856477e-04
8.877151e-04
8.897849e-04
8.918571e-04
8.939317e-04
8.960087e-04
8.980881e-04
9.001700e-04
9.022542e-04
9.043408e-04
9.064299e-04
9.085213e-04
9.106151e-04
9.127114e-04
9.148100e-04
9.169111e-04
9.190145e-04
9.211204e-04
9.232287e-04
9.253393e-04
9.274524e-04
9.295679e-04
9.316858e-04
9.338060e-04
9.359287e-04
9.380538e-04
9.401813e-04
9.423112e-04
9.444435e-04
9.465782e-04
9.487153e-04
9.508548e-04
9.529967e-04
9.551410e-04
9.572877e-04
9.594369e-04
9.615884e-04
9.637423e-04
9.658986e-04
9.680574e-04
9.702185e-04
9.723820e-04
9.745480e-04
9.767163e-04
9.788871e-04
9.810602e-04
9.832358e-04
9.854138e-04
9.875941e-04
9.897769e-04
9.919621e-04
9.941496e-04
9.963396e-04
9.985320e-04
1.000727e-03
1.002924e-03
1.005124e-03
1.007326e-03
1.009530e-03
1.011737e-03
1.013946e-03
1.016158e-03
1.018372e-03
1.020588e-03
1.022807e-03
1.025028e-03
1.027252e-03
1.029478e-03
1.031706e-03
1.033937e-03
1.036170e-03
1.038406e-03
1.040644e-03
1.042884e-03
1.045127e-03
1.047372e-03
1.049620e-03
1.051870e-03
1.054123e-03
1.056378e-03
1.058635e-03
1.060894e-03
1.063157e-03
1.065421e-03
1.067688e-03
1.069957e-03
1.072229e-03
1.074503e-03
1.076780e-03
1.079058e-03
1.081340e-03
1.083623e-03
1.085910e-03
1.088198e-03
1.090489e-03
1.092782e-03
1.095078e-03
1.097376e-03
1.099677e-03
1.101980e-03
1.104285e-03
1.106593e-03
1.108903e-03
1.111215e-03
1.113530e-03
1.115848e-03
1.118167e-03
1.120490e-03
1.122814e-03
1.125141e-03
1.127471e-03
1.129802e-03
1.132137e-03
1.134473e-03
1.136812e-03
1.139154e-03
1.141497e-03
1.143843e-03
1.146192e-03
1.148543e-03
1.150897e-03
1.153252e-03
1.155611e-03
1.157971e-03
1.160334e-03
1.162700e-03
1.165067e-03
1.167438e-03
1.169810e-03
1.172185e-03
1.174563e-03
1.176943e-03
1.179325e-03
1.181710e-03
1.184097e-03
1.186486e-03
1.188878e-03
1.191272e-03
1.193669e-03
1.196068e-03
1.198469e-03
1.200873e-03
1.203280e-03
1.205688e-03
1.208099e-03
1.210513e-03
1.212929e-03
1.215347e-03
1.217768e-03
1.220191e-03
1.222616e-03
1.225044e-03
1.227475e-03
1.229907e-03
1.232342e-03
1.234780e-03
1.237220e-03
1.239662e-03
1.242107e-03
1.244554e-03
1.247004e-03
1.249456e-03
1.251910e-03
1.254367e-03
1.256826e-03
1.259287e-03
1.261751e-03
1.264218e-03
1.266687e-03
1.269158e-03
1.271631e-03
1.274107e-03
1.276586e-03
1.279066e-03
1.281550e-03
1.284035e-03
1.286523e-03
1.289014e-03
1.291506e-03
1.294002e-03
1.296499e-03
1.298999e-03
1.301502e-03
1.304007e-03
1.306514e-03
1.309023e-03
1.311535e-03
1.314050e-03
1.316567e-03
1.319086e-03
1.321608e-03
1.324132e-03
1.326658e-03
1.329187e-03
1.331718e-03
1.334252e-03
1.336788e-03
1.339326e-03
1.341867e-03
1.344411e-03
1.346956e-03
1.349504e-03
1.352055e-03
1.354608e-03
1.357163e-03
1.359721e-03
1.362281e-03
1.364843e-03
1.367408e-03
1.369976e-03
1.372545e-03
1.375117e-03
1.377692e-03
1.380269e-03
1.382848e-03
1.385430e-03
1.388014e-03
1.390601e-03
1.393190e-03
1.395781e-03
1.398375e-03
1.400971e-03
1.403569e-03
1.406170e-03
1.408774e-03
1.411379e-03
1.413988e-03
1.416598e-03
1.419211e-03
1.421827e-03
1.424444e-03
1.427064e-03
1.429687e-03
1.432312e-03
1.434939e-03
1.437569e-03
1.440201e-03
1.442836e-03
1.445473e-03
1.448113e-03
1.450754e-03
1.453399e-03
1.456045e-03
1.458694e-03
1.461346e-03
1.463999e-03
1.466656e-03
1.469314e-03
1.471975e-03
1.474639e-03
1.477305e-03
1.479973e-03
1.482644e-03
1.485317e-03
1.487992e-03
1.490670e-03
1.493350e-03
1.496033e-03
1.498718e-03
1.501406e-03
1.504095e-03
1.506788e-03
1.509482e-03
1.512179e-03
1.514879e-03
1.517581e-03
1.520285e-03
1.522992e-03
1.525701e-03
1.528413e-03
1.531126e-03
1.533843e-03
1.536561e-03
1.539283e-03
1.542006e-03
1.544732e-03
1.547460e-03
1.550191e-03
1.552924e-03
1.555660e-03
1.558398e-03
1.561138e-03
1.563881e-03
1.566626e-03
1.569374e-03
1.572124e-03
1.574876e-03
1.577631e-03
1.580388e-03
1.583148e-03
1.585910e-03
1.588674e-03
1.591441e-03
1.594210e-03
1.596982e-03
1.599756e-03
1.602532e-03
1.605311e-03
1.608092e-03
1.610876e-03
1.613662e-03
1.616450e-03
1.619241e-03
1.622034e-03
1.624830e-03
1.627628e-03
1.630428e-03
1.633231e-03
1.636036e-03
1.638844e-03
1.641654e-03
1.644466e-03
1.647281e-03
1.650099e-03
1.652918e-03
1.655740e-03
1.658565e-03
1.661392e-03
1.664221e-03
1.667053e-03
1.669887e-03
1.672723e-03
1.675562e-03
1.678403e-03
1.681247e-03
1.684093e-03
1.686942e-03
1.689793e-03
1.692646e-03
1.695502e-03
1.698360e-03
1.701220e-03
1.704083e-03
1.706949e-03
1.709816e-03
1.712686e-03
1.715559e-03
1.718434e-03
1.721311e-03
1.724191e-03
1.727073e-03
1.729958e-03
1.732845e-03
1.735734e-03
1.738626e-03
1.741520e-03
1.744417e-03
1.747316e-03
1.750217e-03
1.753121e-03
1.756027e-03
1.758936e-03
1.761847e-03
1.764760e-03
1.767676e-03
1.770594e-03
1.773515e-03
1.776438e-03
1.779363e-03
1.782291e-03
1.785221e-03
1.788154e-03
1.791089e-03
1.794026e-03
1.796966e-03
1.799908e-03
1.802853e-03
1.805800e-03
1.808749e-03
1.811701e-03
1.814656e-03
1.817612e-03
1.820571e-03
1.823533e-03
1.826497e-03
1.829463e-03
1.832432e-03
1.835403e-03
1.838376e-03
1.841352e-03
1.844330e-03
1.847311e-03
1.850294e-03
1.853280e-03
1.856268e-03
1.859258e-03
1.862251e-03
1.865246e-03
1.868243e-03
1.871243e-03
1.874245e-03
1.877250e-03
1.880257e-03
1.883267e-03
1.886279e-03
1.889293e-03
1.892310e-03
1.895329e-03
1.898351e-03
1.901375e-03
1.904401e-03
1.907430e-03
1.910461e-03
1.913494e-03
1.916530e-03
1.919569e-03
1.922610e-03
1.925653e-03
1.928698e-03
1.931746e-03
1.934797e-03
1.937850e-03
1.940905e-03
1.943962e-03
1.947022e-03
1.950085e-03
1.953150e-03
1.956217e-03
1.959286e-03
1.962358e-03
1.965433e-03
1.968510e-03
1.971589e-03
1.974671e-03
1.977755e-03
1.980841e-03
1.983930e-03
1.987021e-03
1.990115e-03
1.993211e-03
1.996309e-03
1.999410e-03
2.002513e-03
2.005619e-03
2.008727e-03
2.011838e-03
2.014951e-03
2.018066e-03
2.021184e-03
2.024304e-03
2.027426e-03
2.030551e-03
2.033678e-03
2.036808e-03
2.039940e-03
2.043075e-03
2.046212e-03
2.049351e-03
2.052493e-03
2.055637e-03
2.058783e-03
2.061932e-03
2.065084e-03
2.068237e-03
2.071393e-03
2.074552e-03
2.077713e-03
2.080876e-03
2.084042e-03
2.087210e-03
2.090381e-03
2.093554e-03
2.096729e-03
2.099907e-03
2.103087e-03
2.106270e-03
2.109455e-03
2.112642e-03
2.115832e-03
2.119024e-03
2.122219e-03
2.125416e-03
2.128615e-03
2.131817e-03
2.135021e-03
2.138228e-03
2.141437e-03
2.144648e-03
2.147862e-03
2.151078e-03
2.154297e-03
2.157518e-03
2.160741e-03
2.163967e-03
2.167195e-03
2.170426e-03
2.173659e-03
2.176895e-03
2.180132e-03
2.183373e-03
2.186615e-03
2.189860e-03
2.193108e-03
2.196358e-03
2.199610e-03
2.202865e-03
2.206122e-03
2.209381e-03
2.212643e-03
2.215908e-03
2.219174e-03
2.222443e-03
2.225715e-03
2.228989e-03
2.232265e-03
2.235544e-03
2.238825e-03
2.242108e-03
2.245394e-03
2.248683e-03
2.251973e-03
2.255267e-03
2.258562e-03
2.261860e-03
2.265160e-03
2.268463e-03
2.271768e-03
2.275076e-03
2.278386e-03
2.281698e-03
2.285013e-03
2.288330e-03
2.291650e-03
2.294972e-03
2.298296e-03
2.301623e-03
2.304952e-03
2.308284e-03
2.311618e-03
2.314954e-03
2.318293e-03
2.321634e-03
2.324978e-03
2.328324e-03
2.331672e-03
2.335023e-03
2.338376e-03
2.341732e-03
2.345090e-03
2.348450e-03
2.351813e-03
2.355178e-03
2.358546e-03
2.361916e-03
2.365288e-03
2.368663e-03
2.372041e-03
2.375420e-03
2.378802e-03
2.382187e-03
2.385574e-03
2.388963e-03
2.392355e-03
2.395749e-03
2.399145e-03
2.402544e-03
2.405945e-03
2.409349e-03
2.412755e-03
2.416164e-03
2.419575e-03
2.422988e-03
2.426404e-03
2.429822e-03
2.433242e-03
2.436665e-03
2.440090e-03
2.443518e-03
2.446948e-03
2.450381e-03
2.453816e-03
2.457253e-03
2.460693e-03
2.464135e-03
2.467580e-03
2.471027e-03
2.474476e-03
2.477928e-03
2.481382e-03
2.484838e-03
2.488297e-03
2.491759e-03
2.495223e-03
2.498689e-03
2.502157e-03
2.505628e-03
2.509102e-03
2.512577e-03
2.516056e-03
2.519536e-03
2.523019e-03
2.526505e-03
2.529993e-03
2.533483e-03
2.536975e-03
2.540470e-03
2.543968e-03
2.547468e-03
2.550970e-03
2.554475e-03
2.557982e-03
2.561491e-03
2.565003e-03
2.568517e-03
2.572034e-03
2.575553e-03
2.579074e-03
2.582598e-03
2.586124e-03
2.589653e-03
2.593184e-03
2.596718e-03
2.600254e-03
2.603792e-03
2.607332e-03
2.610876e-03
2.614421e-03
2.617969e-03
2.621519e-03
2.625072e-03
2.628627e-03
2.632185e-03
2.635745e-03
2.639307e-03
2.642872e-03
2.646439e-03
2.650008e-03
2.653580e-03
2.657154e-03
2.660731e-03
2.664310e-03
2.667892e-03
2.671476e-03
2.675062e-03
2.678651e-03
2.682242e-03
2.685836e-03
2.689432e-03
2.693030e-03
2.696631e-03
2.700234e-03
2.703840e-03
2.707448e-03
2.711058e-03
2.714671e-03
2.718286e-03
2.721904e-03
2.725524e-03
2.729146e-03
2.732771e-03
2.736398e-03
2.740028e-03
2.743660e-03
2.747294e-03
2.750931e-03
2.754570e-03
2.758212e-03
2.761856e-03
2.765502e-03
2.769151e-03
2.772802e-03
2.776456e-03
2.780112e-03
2.783770e-03
2.787431e-03
2.791095e-03
2.794760e-03
2.798428e-03
2.802099e-03
2.805772e-03
2.809447e-03
2.813125e-03
2.816805e-03
2.820487e-03
2.824172e-03
2.827859e-03
2.831549e-03
2.835241e-03
2.838936e-03
2.842633e-03
2.846332e-03
2.850034e-03
2.853738e-03
2.857444e-03
2.861153e-03
2.864865e-03
2.867913e-03
2.870950e-03
2.873976e-03
2.876989e-03
2.879990e-03
2.882979e-03
2.885956e-03
2.888921e-03
2.891874e-03
2.894815e-03
2.897744e-03
2.900661e-03
2.903566e-03
2.906460e-03
2.909341e-03
2.912210e-03
2.915067e-03
2.917913e-03
2.920746e-03
2.923567e-03
2.926376e-03
2.929174e-03
2.931959e-03
2.934732e-03
2.937494e-03
2.940243e-03
2.942980e-03
2.945706e-03
2.948419e-03
2.951121e-03
2.953810e-03
2.956487e-03
2.959153e-03
2.961806e-03
2.964448e-03
2.967077e-03
2.969695e-03
2.972301e-03
2.974894e-03
2.977476e-03
2.980045e-03
2.982603e-03
2.985148e-03
2.987682e-03
2.990204e-03
2.992713e-03
2.995211e-03
2.997697e-03
3.000170e-03
3.002632e-03
3.005082e-03
3.007520e-03
3.009945e-03
3.012359e-03
3.014761e-03
3.017151e-03
3.019529e-03
3.021894e-03
3.024248e-03
3.026590e-03
3.028920e-03
3.031238e-03
3.033544e-03
3.035838e-03
3.038120e-03
3.040390e-03
3.042648e-03
3.044894e-03
3.047128e-03
3.049350e-03
3.051560e-03
3.053758e-03
3.055944e-03
3.058118e-03
3.060280e-03
3.062430e-03
3.064568e-03
3.066694e-03
3.068808e-03
3.070911e-03
3.073001e-03
3.075079e-03
3.077145e-03
3.079199e-03
3.081242e-03
3.083272e-03
3.085290e-03
3.087297e-03
3.089291e-03
3.091273e-03
3.093243e-03
3.095202e-03
3.097148e-03
3.099083e-03
3.101005e-03
3.102915e-03
3.104814e-03
3.106700e-03
3.108575e-03
3.110437e-03
3.112288e-03
3.114126e-03
3.115953e-03
3.117767e-03
3.119570e-03
3.121360e-03
3.123139e-03
3.124905e-03
3.126660e-03
3.128403e-03
3.130133e-03
3.131852e-03
3.133559e-03
3.135253e-03
3.136936e-03
3.138607e-03
3.140265e-03
3.141912e-03
3.143547e-03
3.145170e-03
3.146780e-03
3.148379e-03
3.149966e-03
3.151541e-03
3.153104e-03
3.154654e-03
3.156193e-03
3.157720e-03
3.159235e-03
3.160738e-03
3.162229e-03
3.163708e-03
3.165175e-03
3.166630e-03
3.168073e-03
3.169504e-03
3.170923e-03
3.172330e-03
3.173725e-03
3.175108e-03
3.176479e-03
3.177838e-03
3.179185e-03
3.180520e-03
3.181844e-03
3.183155e-03
3.184454e-03
3.185741e-03
3.187016e-03
3.188279e-03
3.189531e-03
3.190770e-03
3.191997e-03
3.193212e-03
3.194416e-03
3.195607e-03
3.196786e-03
3.197954e-03
3.199109e-03
3.200252e-03
3.201384e-03
3.202503e-03
3.203611e-03
3.204706e-03
3.205789e-03
3.206861e-03
3.207920e-03
3.208968e-03
3.210003e-03
3.211027e-03
3.212038e-03
3.213038e-03
3.214025e-03
3.215001e-03
3.215965e-03
3.216916e-03
3.217856e-03
3.218783e-03
3.219699e-03
3.220603e-03
3.221494e-03
3.222374e-03
3.223242e-03
3.224098e-03
3.224941e-03
3.225773e-03
3.226593e-03
3.227401e-03
3.228196e-03
3.228980e-03
3.229752e-03
3.230512e-03
3.231260e-03
3.231996e-03
3.232720e-03
3.233431e-03
3.234131e-03
3.234819e-03
3.235495e-03
3.236159e-03
3.236811e-03
3.237451e-03
3.238079e-03
3.238695e-03
3.239299e-03
3.239891e-03
3.240471e-03
3.241039e-03
3.241595e-03
3.242140e-03
3.242672e-03
3.243192e-03
3.243700e-03
3.244196e-03
3.244680e-03
3.245153e-03
3.245613e-03
3.246061e-03
3.246497e-03
3.246921e-03
3.247334e-03
3.247734e-03
3.248122e-03
3.248499e-03
3.248863e-03
3.249215e-03
3.249556e-03
3.249884e-03
3.250200e-03
3.250505e-03
3.250797e-03
3.251078e-03
3.251346e-03
3.251603e-03
3.251847e-03
3.252080e-03
3.252300e-03
3.252509e-03
3.252705e-03
3.252890e-03
3.253062e-03
3.253223e-03
3.253372e-03
3.253508e-03
3.253633e-03
3.253745e-03
3.253846e-03
3.253935e-03
3.254011e-03
3.254076e-03
3.254129e-03
3.254170e-03
3.254198e-03
3.254215e-03
3.254220e-03
3.254213e-03
3.254194e-03
3.254162e-03
3.254119e-03
3.254064e-03
3.253997e-03
3.253918e-03
3.253827e-03
3.253724e-03
3.253609e-03
3.253482e-03
3.253342e-03
3.253191e-03
3.253028e-03
3.252853e-03
3.252666e-03
3.252468e-03
3.252257e-03
3.252034e-03
3.251799e-03
3.251552e-03
3.251293e-03
3.251022e-03
3.250739e-03
3.250444e-03
3.250138e-03
3.249819e-03
3.249488e-03
3.249145e-03
3.248790e-03
3.248424e-03
3.248045e-03
3.247654e-03
3.247251e-03
3.246837e-03
3.246410e-03
3.245971e-03
3.245521e-03
3.245058e-03
3.244583e-03
3.244097e-03
3.243598e-03
3.243088e-03
3.242565e-03
3.242031e-03
3.241706e-03
3.241706e-03
3.241706e-03
3.241706e-03
3.241706e-03
3.241706e-03
3.241706e-03
3.241706e-03
3.241706e-03
3.241706e-03
3.241706e-03
3.241706e-03
3.241706e-03
3.241706e-03
3.241706e-03
3.241706e-03
3.241706e-03
3.241706e-03
3.241706e-03
3.241706e-03
3.241706e-03
3.241706e-03
3.241706e-03
3.241706e-03
3.241706e-03
3.241706e-03
3.241706e-03
3.241706e-03
3.241706e-03
3.241706e-03
3.241706e-03
3.241706e-03
3.241706e-03
3.241706e-03
3.241706e-03
3.241706e-03
3.241706e-03
3.241706e-03
3.241706e-03
3.241706e-03
3.241706e-03
3.241706e-03
3.241706e-03
3.241706e-03
3.241706e-03
3.241706e-03
3.241706e-03
3.241706e-03
3.241706e-03
3.241706e-03
3.241706e-03
3.241706e-03
3.241706e-03
3.241706e-03
3.241706e-03
3.241706e-03
3.241706e-03
3.241706e-03
3.241706e-03
3.241706e-03
3.241706e-03
3.241706e-03
3.241706e-03
3.241706e-03
3.241706e-03
3.241706e-03
3.241706e-03
3.241706e-03
3.241706e-03
3.241706e-03
3.241706e-03
3.241706e-03
3.241706e-03
3.241706e-03
3.241706e-03
3.241706e-03
3.241706e-03
3.241706e-03
3.241706e-03
3.241706e-03
3.241706e-03
3.241706e-03
3.241706e-03
3.241706e-03
3.241706e-03
3.241706e-03
3.241706e-03
3.241706e-03
3.241706e-03
3.241706e-03
3.241706e-03
3.241706e-03
3.241706e-03
3.241706e-03
3.241706e-03
3.241706e-03
3.241706e-03
3.241706e-03
3.241706e-03
3.241706e-03
3.241706e-03
3.241706e-03
3.241706e-03
3.241706e-03
3.241706e-03
3.241706e-03
3.241706e-03
3.241706e-03
3.241706e-03
3.241706e-03
3.241706e-03
3.241706e-03
3.241706e-03
3.241706e-03
3.241706e-03
3.241706e-03
3.241706e-03
3.241706e-03
3.241706e-03
3.241706e-03
3.241706e-03
3.241706e-03
3.241706e-03
3.241706e-03
3.241706e-03
3.241706e-03
3.241706e-03
3.241706e-03
3.241706e-03
3.241706e-03
3.241706e-03
3.241706e-03
3.241706e-03
3.241706e-03
3.241706e-03
3.241706e-03
3.241706e-03
3.241706e-03
3.241706e-03
3.241706e-03
3.241706e-03
3.241706e-03
3.241706e-03
3.241706e-03
3.241706e-03
3.241706e-03
3.241706e-03
3.241706e-03
3.241706e-03
3.241706e-03
3.241706e-03
3.241706e-03
3.241706e-03
3.241706e-03
3.241706e-03
3.241706e-03
3.241706e-03
3.241706e-03
3.241706e-03
3.241706e-03
3.241706e-03
3.241706e-03
3.241706e-03
3.241706e-03
3.241706e-03
3.241706e-03
3.241706e-03
3.241706e-03
3.241706e-03
3.241706e-03
3.241706e-03
3.241706e-03
3.241706e-03
3.241706e-03
3.241706e-03
3.241706e-03
3.241706e-03
3.241706e-03
3.241706e-03
3.241706e-03
3.241706e-03
3.241706e-03
3.241706e-03
3.241706e-03
3.241706e-03
3.241706e-03
3.241706e-03
3.241706e-03
3.241706e-03
3.241706e-03
3.241706e-03
3.241706e-03
3.241706e-03
3.241706e-03
3.241706e-03
3.241706e-03
3.241706e-03
3.241706e-03
3.241706e-03
3.241706e-03
3.241706e-03
