0.000000e+00
1.110371e-07
2.245807e-07
3.406307e-07
4.591872e-07
5.802502e-07
7.038197e-07
8.298957e-07
9.584781e-07
1.089567e-06
1.223162e-06
1.359264e-06
1.497873e-06
1.638988e-06
1.782609e-06
1.928737e-06
2.077371e-06
2.228512e-06
2.382159e-06
2.538313e-06
2.696973e-06
2.858140e-06
3.021813e-06
3.187993e-06
3.356679e-06
3.527871e-06
3.701570e-06
3.877776e-06
4.056488e-06
4.237707e-06
4.421432e-06
4.607663e-06
4.796401e-06
4.987646e-06
5.181397e-06
5.377654e-06
5.576418e-06
5.777688e-06
5.981465e-06
6.187748e-06
6.396538e-06
6.607835e-06
6.821637e-06
7.037947e-06
7.256762e-06
7.478085e-06
7.701913e-06
7.928248e-06
8.157090e-06
8.388438e-06
8.622293e-06
8.858654e-06
9.097522e-06
9.338896e-06
9.582776e-06
9.829163e-06
1.007806e-05
1.032946e-05
1.058336e-05
1.083978e-05
1.109870e-05
1.136012e-05
1.162405e-05
1.189049e-05
1.215944e-05
1.243089e-05
1.270485e-05
1.298131e-05
1.326028e-05
1.354176e-05
1.382575e-05
1.411224e-05
1.440123e-05
1.469274e-05
1.498675e-05
1.528326e-05
1.558229e-05
1.588382e-05
1.618785e-05
1.649440e-05
1.680345e-05
1.711500e-05
1.742906e-05
1.774563e-05
1.806471e-05
1.838629e-05
1.871038e-05
1.903697e-05
1.936607e-05
1.969768e-05
2.003179e-05
2.036841e-05
2.070754e-05
2.104917e-05
2.139331e-05
2.173996e-05
2.208911e-05
2.244077e-05
2.279494e-05
2.315161e-05
2.351079e-05
2.387247e-05
2.423666e-05
2.460336e-05
2.497257e-05
2.534428e-05
2.571850e-05
2.609522e-05
2.647445e-05
2.685619e-05
2.724043e-05
2.762718e-05
2.801644e-05
2.840820e-05
2.880247e-05
2.919924e-05
2.959853e-05
3.000032e-05
3.040461e-05
3.081141e-05
3.122072e-05
3.163254e-05
3.204686e-05
3.246368e-05
3.288302e-05
3.330486e-05
3.372921e-05
3.415606e-05
3.458542e-05
3.501729e-05
3.545166e-05
3.588854e-05
3.632793e-05
3.676982e-05
3.721422e-05
3.766112e-05
3.811053e-05
3.856245e-05
3.901688e-05
3.947381e-05
3.993325e-05
4.039519e-05
4.085964e-05
4.132660e-05
4.179606e-05
4.226803e-05
4.274251e-05
4.321949e-05
4.369898e-05
4.418098e-05
4.466548e-05
4.515249e-05
4.564201e-05
4.613403e-05
4.662856e-05
4.712559e-05
4.762513e-05
4.812718e-05
4.863174e-05
4.913880e-05
4.964837e-05
5.016044e-05
5.067502e-05
5.119211e-05
5.171170e-05
5.223380e-05
5.275841e-05
5.328552e-05
5.381514e-05
5.434726e-05
5.488190e-05
5.541904e-05
5.595868e-05
5.650083e-05
5.704549e-05
5.759266e-05
5.814233e-05
5.869450e-05
5.924919e-05
5.980638e-05
6.036608e-05
6.092828e-05
6.149299e-05
6.206021e-05
6.262993e-05
6.320216e-05
6.377690e-05
6.435414e-05
6.493389e-05
6.551614e-05
6.610090e-05
6.668817e-05
6.727795e-05
6.787023e-05
6.846502e-05
6.906231e-05
6.966211e-05
7.026442e-05
7.086923e-05
7.147655e-05
7.208638e-05
7.269871e-05
7.331355e-05
7.393090e-05
7.455075e-05
7.517311e-05
7.579798e-05
7.642535e-05
7.705523e-05
7.768761e-05
7.832250e-05
7.895990e-05
7.959981e-05
8.024222e-05
8.088713e-05
8.153456e-05
8.218449e-05
8.283692e-05
8.349187e-05
8.414932e-05
8.480927e-05
8.547174e-05
8.613671e-05
8.680418e-05
8.747416e-05
8.814665e-05
8.882165e-05
8.949915e-05
9.017916e-05
9.086167e-05
9.154669e-05
9.223422e-05
9.292426e-05
9.361680e-05
9.431184e-05
9.500940e-05
9.570946e-05
9.641202e-05
9.711710e-05
9.782468e-05
9.853476e-05
9.924735e-05
9.996245e-05
1.006801e-04
1.014002e-04
1.021228e-04
1.028479e-04
1.035755e-04
1.043057e-04
1.050383e-04
1.057735e-04
1.065111e-04
1.072513e-04
1.079940e-04
1.087391e-04
1.094868e-04
1.102370e-04
1.109897e-04
1.117449e-04
1.125026e-04
1.132628e-04
1.140256e-04
1.147908e-04
1.155585e-04
1.163288e-04
1.171015e-04
1.178768e-04
1.186545e-04
1.194348e-04
1.202176e-04
1.210029e-04
1.217906e-04
1.225809e-04
1.233737e-04
1.241690e-04
1.249669e-04
1.257672e-04
1.265700e-04
1.273753e-04
1.281832e-04
1.289935e-04
1.298064e-04
1.306217e-04
1.314396e-04
1.322600e-04
1.330828e-04
1.339082e-04
1.347361e-04
1.355665e-04
1.363994e-04
1.372348e-04
1.380727e-04
1.389132e-04
1.397561e-04
1.406015e-04
1.414495e-04
1.422999e-04
1.431529e-04
1.440083e-04
1.448663e-04
1.457268e-04
1.465898e-04
1.474552e-04
1.483232e-04
1.491937e-04
1.500667e-04
1.509423e-04
1.518203e-04
1.527008e-04
1.535838e-04
1.544694e-04
1.553574e-04
1.562480e-04
1.571410e-04
1.580366e-04
1.589347e-04
1.598353e-04
1.607383e-04
1.616439e-04
1.625520e-04
1.634626e-04
1.643757e-04
1.652914e-04
1.662095e-04
1.671301e-04
1.680533e-04
1.689789e-04
1.699070e-04
1.708377e-04
1.717709e-04
1.727065e-04
1.736447e-04
1.745854e-04
1.755286e-04
1.764743e-04
1.774225e-04
1.783732e-04
1.793264e-04
1.802821e-04
1.812403e-04
1.822011e-04
1.831643e-04
1.841301e-04
1.850983e-04
1.860691e-04
1.870423e-04
1.880181e-04
1.889964e-04
1.899772e-04
1.909605e-04
1.919463e-04
1.929346e-04
1.939254e-04
1.949187e-04
1.959145e-04
1.969129e-04
1.979137e-04
1.989171e-04
1.999229e-04
2.009313e-04
2.019421e-04
2.029555e-04
2.039714e-04
2.049898e-04
2.060106e-04
2.070340e-04
2.080599e-04
2.090883e-04
2.101193e-04
2.111527e-04
2.121886e-04
2.132270e-04
2.142680e-04
2.153114e-04
2.163574e-04
2.174059e-04
2.184568e-04
2.195103e-04
2.205663e-04
2.216248e-04
2.226858e-04
2.237493e-04
2.248153e-04
2.258838e-04
2.269548e-04
2.280283e-04
2.291043e-04
2.301829e-04
2.312639e-04
2.323475e-04
2.334335e-04
2.345221e-04
2.356132e-04
2.367068e-04
2.378028e-04
2.389014e-04
2.400025e-04
2.411061e-04
2.422122e-04
2.433209e-04
2.444320e-04
2.455456e-04
2.466617e-04
2.477804e-04
2.489015e-04
2.500252e-04
2.511514e-04
2.522800e-04
2.534112e-04
2.545449e-04
2.556811e-04
2.568198e-04
2.579610e-04
2.591047e-04
2.602509e-04
2.613996e-04
2.625508e-04
2.637046e-04
2.648608e-04
2.660195e-04
2.671808e-04
2.683446e-04
2.695108e-04
2.706796e-04
2.718509e-04
2.730247e-04
2.742009e-04
2.753797e-04
2.765610e-04
2.777449e-04
2.789312e-04
2.801200e-04
2.813113e-04
2.825052e-04
2.837015e-04
2.849004e-04
2.861017e-04
2.873056e-04
2.885119e-04
2.897208e-04
2.909322e-04
2.921461e-04
2.933625e-04
2.945814e-04
2.958028e-04
2.970267e-04
2.982531e-04
2.994821e-04
3.007135e-04
3.019474e-04
3.031839e-04
3.044228e-04
3.056643e-04
3.069083e-04
3.081547e-04
3.094037e-04
3.106552e-04
3.119092e-04
3.131657e-04
3.144247e-04
3.156862e-04
3.169502e-04
3.182167e-04
3.194858e-04
3.207573e-04
3.220314e-04
3.233079e-04
3.245870e-04
3.258685e-04
3.271526e-04
3.284392e-04
3.297283e-04
3.310199e-04
3.323139e-04
3.336106e-04
3.349097e-04
3.362113e-04
3.375154e-04
3.388220e-04
3.401312e-04
3.414428e-04
3.427569e-04
3.440736e-04
3.453928e-04
3.467144e-04
3.480386e-04
3.493653e-04
3.506945e-04
3.520262e-04
3.533604e-04
3.546971e-04
3.560363e-04
3.573780e-04
3.587222e-04
3.600690e-04
3.614182e-04
3.627699e-04
3.641242e-04
3.654810e-04
3.668402e-04
3.682020e-04
3.695663e-04
3.709330e-04
3.723023e-04
3.736741e-04
3.750484e-04
3.764252e-04
3.778046e-04
3.791864e-04
3.805707e-04
3.819576e-04
3.833469e-04
3.847387e-04
3.861331e-04
3.875300e-04
3.889293e-04
3.903312e-04
3.917356e-04
3.931425e-04
3.945519e-04
3.959638e-04
3.973782e-04
3.987951e-04
4.002145e-04
4.016364e-04
4.030609e-04
4.044878e-04
4.059172e-04
4.073492e-04
4.087837e-04
4.102206e-04
4.116601e-04
4.131021e-04
4.145466e-04
4.159936e-04
4.174430e-04
4.188951e-04
4.203496e-04
4.218066e-04
4.232661e-04
4.247281e-04
4.261927e-04
4.276597e-04
4.291293e-04
4.306013e-04
4.320759e-04
4.335530e-04
4.350325e-04
4.365146e-04
4.379992e-04
4.394863e-04
4.409759e-04
4.424680e-04
4.439626e-04
4.454597e-04
4.469594e-04
4.484615e-04
4.499661e-04
4.514733e-04
4.529829e-04
4.544951e-04
4.560098e-04
4.575269e-04
4.590466e-04
4.605688e-04
4.620935e-04
4.636207e-04
4.651504e-04
4.666826e-04
4.682173e-04
4.697546e-04
4.712943e-04
4.728365e-04
4.743813e-04
4.759285e-04
4.774783e-04
4.790305e-04
4.805853e-04
4.821426e-04
4.837024e-04
4.852647e-04
4.868294e-04
4.883967e-04
4.899666e-04
4.915389e-04
4.931137e-04
4.946910e-04
4.962709e-04
4.978532e-04
4.994380e-04
5.010254e-04
5.026153e-04
5.042076e-04
5.058025e-04
5.073999e-04
5.089998e-04
5.106022e-04
5.122071e-04
5.138145e-04
5.154244e-04
5.170368e-04
5.186517e-04
5.202692e-04
5.218891e-04
5.235115e-04
5.251365e-04
5.267639e-04
5.283939e-04
5.300264e-04
5.316614e-04
5.332988e-04
5.349388e-04
5.365813e-04
5.382263e-04
5.398738e-04
5.415239e-04
5.431764e-04
5.448314e-04
5.464889e-04
5.481490e-04
5.498115e-04
5.514766e-04
5.531442e-04
5.548142e-04
5.564868e-04
5.581619e-04
5.598395e-04
5.615196e-04
5.632022e-04
5.648873e-04
5.665749e-04
5.682650e-04
5.699576e-04
5.716528e-04
5.733504e-04
5.750505e-04
5.767532e-04
5.784584e-04
5.801660e-04
5.818762e-04
5.835889e-04
5.853041e-04
5.870217e-04
5.887419e-04
5.904646e-04
5.921899e-04
5.939176e-04
5.956478e-04
5.973805e-04
5.991158e-04
6.008535e-04
6.025938e-04
6.043365e-04
6.060818e-04
6.078295e-04
6.095798e-04
6.113326e-04
6.130879e-04
6.148457e-04
6.166060e-04
6.183688e-04
6.201341e-04
6.219019e-04
6.236723e-04
6.254451e-04
6.272204e-04
6.289983e-04
6.307786e-04
6.325615e-04
6.343469e-04
6.361347e-04
6.379251e-04
6.397180e-04
6.415134e-04
6.433113e-04
6.451117e-04
6.469146e-04
6.487200e-04
6.505279e-04
6.523384e-04
6.541513e-04
6.559668e-04
6.577847e-04
6.596052e-04
6.614281e-04
6.632536e-04
6.650816e-04
6.669121e-04
6.687450e-04
6.705805e-04
6.724185e-04
6.742590e-04
6.761021e-04
6.779476e-04
6.797956e-04
6.816461e-04
6.834992e-04
6.853547e-04
6.872128e-04
6.890733e-04
6.909364e-04
6.928020e-04
6.946701e-04
6.965407e-04
6.984137e-04
7.002893e-04
7.021675e-04
7.040481e-04
7.059312e-04
7.078168e-04
7.097049e-04
7.115956e-04
7.134887e-04
7.153844e-04
7.172825e-04
7.191832e-04
7.210864e-04
7.229920e-04
7.249002e-04
7.268109e-04
7.287241e-04
7.306398e-04
7.325580e-04
7.344787e-04
7.364020e-04
7.383277e-04
7.402559e-04
7.421867e-04
7.441199e-04
7.460557e-04
7.479939e-04
7.499347e-04
7.518780e-04
7.538238e-04
7.557720e-04
7.577228e-04
7.596761e-04
7.616319e-04
7.635903e-04
7.655511e-04
7.675144e-04
7.694802e-04
7.714486e-04
7.734194e-04
7.753928e-04
7.773686e-04
7.793470e-04
7.813279e-04
7.833113e-04
7.852971e-04
7.872855e-04
7.892764e-04
7.912698e-04
7.932657e-04
7.952642e-04
7.972651e-04
7.992685e-04
8.012744e-04
8.032829e-04
8.052938e-04
8.073073e-04
8.093233e-04
8.113417e-04
8.133627e-04
8.153862e-04
8.174122e-04
8.194407e-04
8.214717e-04
8.235052e-04
8.255412e-04
8.275797e-04
8.296207e-04
8.316643e-04
8.337103e-04
8.357589e-04
8.378099e-04
8.398635e-04
8.419195e-04
8.439781e-04
8.460392e-04
8.481028e-04
8.501689e-04
8.522375e-04
8.543086e-04
8.563822e-04
8.584583e-04
8.605369e-04
8.626180e-04
8.647017e-04
8.667878e-04
8.688765e-04
8.709676e-04
8.730613e-04
8.751575e-04
8.772561e-04
8.793573e-04
8.814610e-04
8.835672e-04
8.856759e-04
8.877871e-04
8.899008e-04
8.920171e-04
8.941358e-04
8.962570e-04
8.983808e-04
9.005070e-04
9.026358e-04
9.047670e-04
9.069008e-04
9.090371e-04
9.111758e-04
9.133171e-04
9.154609e-04
9.176072e-04
9.197560e-04
9.219073e-04
9.240612e-04
9.262175e-04
9.283763e-04
9.305377e-04
9.327015e-04
9.348679e-04
9.370367e-04
9.392081e-04
9.413819e-04
9.435583e-04
9.457372e-04
9.479186e-04
9.501025e-04
9.522889e-04
9.544778e-04
9.566692e-04
9.588631e-04
9.610596e-04
9.632585e-04
9.654599e-04
9.676639e-04
9.698703e-04
9.720793e-04
9.742908e-04
9.765048e-04
9.787212e-04
9.809402e-04
9.831617e-04
9.853857e-04
9.876122e-04
9.898412e-04
9.920728e-04
9.943068e-04
9.965433e-04
9.987824e-04
1.001024e-03
1.003268e-03
1.005515e-03
1.007764e-03
1.010015e-03
1.012269e-03
1.014526e-03
1.016785e-03
1.019046e-03
1.021311e-03
1.023577e-03
1.025846e-03
1.028118e-03
1.030392e-03
1.032669e-03
1.034948e-03
1.037230e-03
1.039514e-03
1.041800e-03
1.044089e-03
1.046381e-03
1.048675e-03
1.050972e-03
1.053271e-03
1.055573e-03
1.057877e-03
1.060184e-03
1.062493e-03
1.064805e-03
1.067119e-03
1.069436e-03
1.071755e-03
1.074077e-03
1.076401e-03
1.078728e-03
1.081057e-03
1.083389e-03
1.085723e-03
1.088060e-03
1.090399e-03
1.092741e-03
1.095085e-03
1.097432e-03
1.099781e-03
1.102133e-03
1.104488e-03
1.106844e-03
1.109204e-03
1.111566e-03
1.113930e-03
1.116297e-03
1.118666e-03
1.121038e-03
1.123413e-03
1.125789e-03
1.128169e-03
1.130551e-03
1.132935e-03
1.135322e-03
1.137712e-03
1.140103e-03
1.142498e-03
1.144895e-03
1.147294e-03
1.149696e-03
1.152101e-03
1.154508e-03
1.156917e-03
1.159329e-03
1.161744e-03
1.164161e-03
1.166580e-03
1.169002e-03
1.171427e-03
1.173854e-03
1.176283e-03
1.178715e-03
1.181150e-03
1.183587e-03
1.186026e-03
1.188469e-03
1.190913e-03
1.193360e-03
1.195810e-03
1.198262e-03
1.200716e-03
1.203174e-03
1.205633e-03
1.208095e-03
1.210560e-03
1.213027e-03
1.215497e-03
1.217969e-03
1.220443e-03
1.222921e-03
1.225400e-03
1.227882e-03
1.230367e-03
1.232854e-03
1.235344e-03
1.237836e-03
1.240331e-03
1.242828e-03
1.245328e-03
1.247830e-03
1.250335e-03
1.252842e-03
1.255352e-03
1.257864e-03
1.260379e-03
1.262896e-03
1.265416e-03
1.267938e-03
1.270463e-03
1.272990e-03
1.275520e-03
1.278052e-03
1.280587e-03
1.283124e-03
1.285664e-03
1.288206e-03
1.290751e-03
1.293299e-03
1.295848e-03
1.298401e-03
1.300956e-03
1.303513e-03
1.306073e-03
1.308635e-03
1.311200e-03
1.313767e-03
1.316337e-03
1.318910e-03
1.321485e-03
1.324062e-03
1.326642e-03
1.329224e-03
1.331809e-03
1.334397e-03
1.336987e-03
1.339579e-03
1.342174e-03
1.344772e-03
1.347372e-03
1.349974e-03
1.352579e-03
1.355187e-03
1.357797e-03
1.360409e-03
1.363024e-03
1.365642e-03
1.368262e-03
1.370884e-03
1.373509e-03
1.376137e-03
1.378767e-03
1.381399e-03
1.384034e-03
1.386672e-03
1.389312e-03
1.391955e-03
1.394600e-03
1.397247e-03
1.399897e-03
1.402550e-03
1.405205e-03
1.407863e-03
1.410523e-03
1.413186e-03
1.415851e-03
1.418518e-03
1.421188e-03
1.423861e-03
1.426536e-03
1.429214e-03
1.431894e-03
1.434577e-03
1.437262e-03
1.439950e-03
1.442640e-03
1.445333e-03
1.448028e-03
1.450726e-03
1.453426e-03
1.456129e-03
1.458834e-03
1.461542e-03
1.464252e-03
1.466965e-03
1.469680e-03
1.472398e-03
1.475118e-03
1.477841e-03
1.480566e-03
1.483294e-03
1.486024e-03
1.488757e-03
1.491492e-03
1.494230e-03
1.496970e-03
1.499713e-03
1.502459e-03
1.505206e-03
1.507957e-03
1.510710e-03
1.513465e-03
1.516223e-03
1.518983e-03
1.521746e-03
1.524512e-03
1.527280e-03
1.530050e-03
1.532823e-03
1.535598e-03
1.538376e-03
1.541157e-03
1.543940e-03
1.546725e-03
1.549513e-03
1.552303e-03
1.555096e-03
1.557892e-03
1.560690e-03
1.563490e-03
1.566293e-03
1.569099e-03
1.571907e-03
1.574717e-03
1.577530e-03
1.580346e-03
1.583164e-03
1.585985e-03
1.588808e-03
1.591633e-03
1.594461e-03
1.597292e-03
1.600125e-03
1.602960e-03
1.605799e-03
1.608639e-03
1.611482e-03
1.614328e-03
1.617176e-03
1.620027e-03
1.622880e-03
1.625735e-03
1.628593e-03
1.631454e-03
1.634317e-03
1.637183e-03
1.640051e-03
1.642922e-03
1.645795e-03
1.648671e-03
1.651549e-03
1.654430e-03
1.657313e-03
1.660198e-03
1.663087e-03
1.665977e-03
1.668871e-03
1.671766e-03
1.674665e-03
1.677565e-03
1.680469e-03
1.683374e-03
1.686283e-03
1.689193e-03
1.692107e-03
1.695022e-03
1.697941e-03
1.700862e-03
1.703785e-03
1.706711e-03
1.709639e-03
1.712570e-03
1.715503e-03
1.718439e-03
1.721377e-03
1.724318e-03
1.727262e-03
1.730207e-03
1.733156e-03
1.736107e-03
1.739060e-03
1.742016e-03
1.744974e-03
1.747935e-03
1.750899e-03
1.753865e-03
1.756833e-03
1.759804e-03
1.762777e-03
1.765753e-03
1.768732e-03
1.771713e-03
1.774696e-03
1.777682e-03
1.780671e-03
1.783662e-03
1.786655e-03
1.789651e-03
1.792650e-03
1.795651e-03
1.798654e-03
1.801660e-03
1.804669e-03
1.807680e-03
1.810693e-03
1.813709e-03
1.816728e-03
1.819749e-03
1.822773e-03
1.825799e-03
1.828827e-03
1.831858e-03
1.834892e-03
1.837928e-03
1.840967e-03
1.844008e-03
1.847051e-03
1.850097e-03
1.853146e-03
1.856197e-03
1.859251e-03
1.862307e-03
1.865366e-03
1.868427e-03
1.871490e-03
1.874557e-03
1.877625e-03
1.880697e-03
1.883770e-03
1.886846e-03
1.889925e-03
1.893006e-03
1.896090e-03
1.899176e-03
1.902265e-03
1.905356e-03
1.908450e-03
1.911546e-03
1.914645e-03
1.917746e-03
1.920850e-03
1.923956e-03
1.927065e-03
1.930176e-03
1.933290e-03
1.936407e-03
1.939525e-03
1.942647e-03
1.945771e-03
1.948897e-03
1.952026e-03
1.955157e-03
1.958291e-03
1.961427e-03
1.964566e-03
1.967708e-03
1.970851e-03
1.973998e-03
1.977147e-03
1.980298e-03
1.983452e-03
1.986608e-03
1.989767e-03
1.992929e-03
1.996093e-03
1.999259e-03
2.002428e-03
2.005599e-03
2.008773e-03
2.011950e-03
2.015129e-03
2.018310e-03
2.021494e-03
2.024681e-03
2.027870e-03
2.031061e-03
2.034255e-03
2.037452e-03
2.040651e-03
2.043852e-03
2.047056e-03
2.050263e-03
2.053472e-03
2.056684e-03
2.059898e-03
2.063114e-03
2.066333e-03
2.069555e-03
2.072779e-03
2.076006e-03
2.079235e-03
2.082466e-03
2.085700e-03
2.088937e-03
2.092176e-03
2.095418e-03
2.098662e-03
2.101908e-03
2.105158e-03
2.108409e-03
2.111663e-03
2.114920e-03
2.118179e-03
2.121441e-03
2.124705e-03
2.127972e-03
2.131241e-03
2.134513e-03
2.137787e-03
2.141064e-03
2.144343e-03
2.147625e-03
2.150909e-03
2.154196e-03
2.157485e-03
2.160777e-03
2.164071e-03
2.167368e-03
2.170667e-03
2.173969e-03
2.177273e-03
2.180580e-03
2.183889e-03
2.187201e-03
2.190515e-03
2.193832e-03
2.197151e-03
2.200473e-03
2.203798e-03
2.207125e-03
2.210454e-03
2.213786e-03
2.217120e-03
2.220457e-03
2.223796e-03
2.227138e-03
2.230483e-03
2.233830e-03
2.237179e-03
2.240531e-03
2.243885e-03
2.247242e-03
2.250602e-03
2.253964e-03
2.257328e-03
2.260695e-03
2.264064e-03
2.267436e-03
2.270811e-03
2.274188e-03
2.277567e-03
2.280949e-03
2.284334e-03
2.287721e-03
2.291110e-03
2.294502e-03
2.297897e-03
2.301294e-03
2.304694e-03
2.308096e-03
2.311500e-03
2.314907e-03
2.318317e-03
2.321729e-03
2.325143e-03
2.328560e-03
2.331980e-03
2.335402e-03
2.338827e-03
2.342254e-03
2.345684e-03
2.349116e-03
2.352550e-03
2.355987e-03
2.359427e-03
2.362869e-03
2.366314e-03
2.369761e-03
2.373211e-03
2.376663e-03
2.380118e-03
2.383575e-03
2.387034e-03
2.390497e-03
2.393961e-03
2.397429e-03
2.400898e-03
2.404370e-03
2.407845e-03
2.411322e-03
2.414802e-03
2.418284e-03
2.421769e-03
2.425257e-03
2.428746e-03
2.432239e-03
2.435733e-03
2.439231e-03
2.442730e-03
2.446233e-03
2.449738e-03
2.453245e-03
2.456755e-03
2.460267e-03
2.463782e-03
2.467299e-03
2.470819e-03
2.474341e-03
2.477866e-03
2.481394e-03
2.484924e-03
2.488456e-03
2.491991e-03
2.495528e-03
2.499068e-03
2.502610e-03
2.506155e-03
2.509703e-03
2.513253e-03
2.516805e-03
2.520360e-03
2.523918e-03
2.527478e-03
2.531040e-03
2.534605e-03
2.538172e-03
2.541742e-03
2.545315e-03
2.548890e-03
2.552467e-03
2.556047e-03
2.559630e-03
2.563215e-03
2.566802e-03
2.570392e-03
2.573985e-03
2.577580e-03
2.581178e-03
2.584778e-03
2.588380e-03
2.591985e-03
2.595593e-03
2.599203e-03
2.602816e-03
2.606431e-03
2.610048e-03
2.613668e-03
2.617291e-03
2.620916e-03
2.624544e-03
2.628174e-03
2.631807e-03
2.635442e-03
2.639079e-03
2.642720e-03
2.646362e-03
2.650007e-03
2.653655e-03
2.657305e-03
2.660958e-03
2.664613e-03
2.668271e-03
2.671931e-03
2.675594e-03
2.679259e-03
2.682927e-03
2.686597e-03
2.690270e-03
2.693945e-03
2.697623e-03
2.701303e-03
2.704986e-03
2.708671e-03
2.712359e-03
2.716049e-03
2.719742e-03
2.723437e-03
2.727135e-03
2.730835e-03
2.734538e-03
2.738243e-03
2.741951e-03
2.745662e-03
2.749375e-03
2.753090e-03
2.756808e-03
2.760528e-03
2.764251e-03
2.767976e-03
2.771704e-03
2.775435e-03
2.779168e-03
2.782903e-03
2.786641e-03
2.790381e-03
2.794124e-03
2.797870e-03
2.801618e-03
2.805368e-03
2.809121e-03
2.812876e-03
2.816634e-03
2.820395e-03
2.824158e-03
2.827923e-03
2.831691e-03
2.835462e-03
2.839235e-03
2.843010e-03
2.846788e-03
2.850569e-03
2.854352e-03
2.858137e-03
2.861926e-03
2.865716e-03
2.869509e-03
2.873305e-03
2.877103e-03
2.880903e-03
2.884706e-03
2.888512e-03
2.892320e-03
2.896131e-03
2.899944e-03
2.903759e-03
2.907578e-03
2.911398e-03
2.915221e-03
2.919047e-03
2.922875e-03
2.926706e-03
2.930539e-03
2.934375e-03
2.938213e-03
2.942053e-03
2.945897e-03
2.949742e-03
2.953591e-03
2.957441e-03
2.961294e-03
2.965150e-03
2.969008e-03
2.972869e-03
2.976732e-03
2.980598e-03
2.983802e-03
2.986993e-03
2.990171e-03
2.993337e-03
2.996491e-03
2.999632e-03
3.002760e-03
3.005876e-03
3.008980e-03
3.012071e-03
3.015149e-03
3.018215e-03
3.021269e-03
3.024310e-03
3.027338e-03
3.030354e-03
3.033358e-03
3.036349e-03
3.039327e-03
3.042293e-03
3.045247e-03
3.048188e-03
3.051116e-03
3.054032e-03
3.056936e-03
3.059827e-03
3.062706e-03
3.065572e-03
3.068425e-03
3.071266e-03
3.074095e-03
3.076911e-03
3.079714e-03
3.082505e-03
3.085284e-03
3.088050e-03
3.090803e-03
3.093544e-03
3.096273e-03
3.098989e-03
3.101693e-03
3.104384e-03
3.107062e-03
3.109728e-03
3.112382e-03
3.115023e-03
3.117651e-03
3.120267e-03
3.122871e-03
3.125462e-03
3.128040e-03
3.130607e-03
3.133160e-03
3.135701e-03
3.138230e-03
3.140746e-03
3.143249e-03
3.145740e-03
3.148219e-03
3.150685e-03
3.153139e-03
3.155580e-03
3.158008e-03
3.160424e-03
3.162828e-03
3.165219e-03
3.167597e-03
3.169963e-03
3.172317e-03
3.174658e-03
3.176987e-03
3.179303e-03
3.181606e-03
3.183897e-03
3.186176e-03
3.188442e-03
3.190696e-03
3.192937e-03
3.195165e-03
3.197381e-03
3.199585e-03
3.201776e-03
3.203955e-03
3.206121e-03
3.208274e-03
3.210415e-03
3.212544e-03
3.214660e-03
3.216764e-03
3.218855e-03
3.220933e-03
3.222999e-03
3.225053e-03
3.227094e-03
3.229123e-03
3.231139e-03
3.233142e-03
3.235133e-03
3.237112e-03
3.239078e-03
3.241032e-03
3.242973e-03
3.244901e-03
3.246817e-03
3.248721e-03
3.250612e-03
3.252491e-03
3.254357e-03
3.256210e-03
3.258052e-03
3.259880e-03
3.261696e-03
3.263500e-03
3.265291e-03
3.267070e-03
3.268836e-03
3.270589e-03
3.272330e-03
3.274059e-03
3.275775e-03
3.277479e-03
3.279170e-03
3.280848e-03
3.282515e-03
3.284168e-03
3.285809e-03
3.287438e-03
3.289054e-03
3.290658e-03
3.292249e-03
3.293827e-03
3.295394e-03
3.296947e-03
3.298488e-03
3.300017e-03
3.301533e-03
3.303037e-03
3.304528e-03
3.306006e-03
3.307473e-03
3.308926e-03
3.310367e-03
3.311796e-03
3.313212e-03
3.314616e-03
3.316007e-03
3.317385e-03
3.318752e-03
3.320105e-03
3.321446e-03
3.322775e-03
3.324091e-03
3.325395e-03
3.326686e-03
3.327965e-03
3.329231e-03
3.330484e-03
3.331726e-03
3.332954e-03
3.334170e-03
3.335374e-03
3.336565e-03
3.337744e-03
3.338910e-03
3.340064e-03
3.341205e-03
3.342333e-03
3.343450e-03
3.344553e-03
3.345644e-03
3.346723e-03
3.347789e-03
3.348843e-03
3.349884e-03
3.350913e-03
3.351929e-03
3.352932e-03
3.353924e-03
3.354902e-03
3.355868e-03
3.356822e-03
3.357763e-03
3.358692e-03
3.359608e-03
3.360512e-03
3.361403e-03
3.362282e-03
3.363148e-03
3.364002e-03
3.364843e-03
3.365671e-03
3.366488e-03
3.367291e-03
3.368082e-03
3.368861e-03
3.369627e-03
3.370381e-03
3.371122e-03
3.371851e-03
3.372567e-03
3.373271e-03
3.373962e-03
3.374641e-03
3.375307e-03
3.375960e-03
3.376602e-03
3.377230e-03
3.377847e-03
3.378450e-03
3.379041e-03
3.379620e-03
3.380186e-03
3.380740e-03
3.381281e-03
3.381810e-03
3.382326e-03
3.382830e-03
3.383321e-03
3.383800e-03
3.384266e-03
3.384720e-03
3.385161e-03
3.385590e-03
3.386006e-03
3.386409e-03
3.386801e-03
3.387179e-03
3.387546e-03
3.387899e-03
3.388240e-03
3.388569e-03
3.388885e-03
3.389189e-03
3.389480e-03
3.389759e-03
3.390025e-03
3.390279e-03
3.390520e-03
3.390749e-03
3.390965e-03
3.391169e-03
3.391360e-03
3.391539e-03
3.391705e-03
3.391859e-03
3.392000e-03
3.392129e-03
3.392245e-03
3.392349e-03
3.392440e-03
3.392519e-03
3.392585e-03
3.392639e-03
3.392680e-03
3.392709e-03
3.392725e-03
3.392729e-03
3.392720e-03
3.392699e-03
3.392665e-03
3.392618e-03
3.392560e-03
3.392488e-03
3.392405e-03
3.392308e-03
3.392200e-03
3.392078e-03
3.391945e-03
3.391798e-03
3.391640e-03
3.391468e-03
3.391285e-03
3.391088e-03
3.390880e-03
3.390658e-03
3.390425e-03
3.390178e-03
3.389920e-03
3.389648e-03
3.389365e-03
3.389068e-03
3.388760e-03
3.388438e-03
3.388105e-03
3.387759e-03
3.387400e-03
3.387029e-03
3.386645e-03
3.386249e-03
3.385840e-03
3.385419e-03
3.384985e-03
3.384539e-03
3.384080e-03
3.383609e-03
3.383125e-03
3.382629e-03
3.382120e-03
3.381599e-03
3.381065e-03
3.380741e-03
3.380741e-03
3.380741e-03
3.380741e-03
3.380741e-03
3.380741e-03
3.380741e-03
3.380741e-03
3.380741e-03
3.380741e-03
3.380741e-03
3.380741e-03
3.380741e-03
3.380741e-03
3.380741e-03
3.380741e-03
3.380741e-03
3.380741e-03
3.380741e-03
3.380741e-03
3.380741e-03
3.380741e-03
3.380741e-03
3.380741e-03
3.380741e-03
3.380741e-03
3.380741e-03
3.380741e-03
3.380741e-03
3.380741e-03
3.380741e-03
3.380741e-03
3.380741e-03
3.380741e-03
3.380741e-03
3.380741e-03
3.380741e-03
3.380741e-03
3.380741e-03
3.380741e-03
3.380741e-03
3.380741e-03
3.380741e-03
3.380741e-03
3.380741e-03
3.380741e-03
3.380741e-03
3.380741e-03
3.380741e-03
3.380741e-03
3.380741e-03
3.380741e-03
3.380741e-03
3.380741e-03
3.380741e-03
3.380741e-03
3.380741e-03
3.380741e-03
3.380741e-03
3.380741e-03
3.380741e-03
3.380741e-03
3.380741e-03
3.380741e-03
3.380741e-03
3.380741e-03
3.380741e-03
3.380741e-03
3.380741e-03
3.380741e-03
3.380741e-03
3.380741e-03
3.380741e-03
3.380741e-03
3.380741e-03
3.380741e-03
3.380741e-03
3.380741e-03
3.380741e-03
3.380741e-03
3.380741e-03
3.380741e-03
3.380741e-03
3.380741e-03
3.380741e-03
3.380741e-03
3.380741e-03
3.380741e-03
3.380741e-03
3.380741e-03
3.380741e-03
3.380741e-03
3.380741e-03
3.380741e-03
3.380741e-03
3.380741e-03
3.380741e-03
3.380741e-03
3.380741e-03
3.380741e-03
3.380741e-03
3.380741e-03
3.380741e-03
3.380741e-03
3.380741e-03
3.380741e-03
3.380741e-03
3.380741e-03
3.380741e-03
3.380741e-03
3.380741e-03
3.380741e-03
3.380741e-03
3.380741e-03
3.380741e-03
3.380741e-03
3.380741e-03
3.380741e-03
3.380741e-03
3.380741e-03
3.380741e-03
3.380741e-03
3.380741e-03
3.380741e-03
3.380741e-03
3.380741e-03
3.380741e-03
3.380741e-03
3.380741e-03
3.380741e-03
3.380741e-03
3.380741e-03
3.380741e-03
3.380741e-03
3.380741e-03
3.380741e-03
3.380741e-03
3.380741e-03
3.380741e-03
3.380741e-03
3.380741e-03
3.380741e-03
3.380741e-03
3.380741e-03
3.380741e-03
3.380741e-03
3.380741e-03
3.380741e-03
3.380741e-03
3.380741e-03
3.380741e-03
3.380741e-03
3.380741e-03
3.380741e-03
3.380741e-03
3.380741e-03
3.380741e-03
3.380741e-03
3.380741e-03
3.380741e-03
3.380741e-03
3.380741e-03
3.380741e-03
3.380741e-03
3.380741e-03
3.380741e-03
3.380741e-03
3.380741e-03
3.380741e-03
3.380741e-03
3.380741e-03
3.380741e-03
3.380741e-03
3.380741e-03
3.380741e-03
3.380741e-03
3.380741e-03
3.380741e-03
3.380741e-03
3.380741e-03
3.380741e-03
3.380741e-03
3.380741e-03
3.380741e-03
3.380741e-03
3.380741e-03
3.380741e-03
3.380741e-03
3.380741e-03
3.380741e-03
3.380741e-03
3.380741e-03
3.380741e-03
3.380741e-03
3.380741e-03
3.380741e-03
3.380741e-03
3.380741e-03
3.380741e-03
3.380741e-03
3.380741e-03
