0.000000e+00
1.110371e-07
2.246445e-07
3.408222e-07
4.595702e-07
5.808885e-07
7.047771e-07
8.312360e-07
9.602652e-07
1.091865e-06
1.226034e-06
1.362775e-06
1.502085e-06
1.643966e-06
1.788417e-06
1.935438e-06
2.085030e-06
2.237192e-06
2.391924e-06
2.549226e-06
2.709099e-06
2.871542e-06
3.036556e-06
3.204140e-06
3.374294e-06
3.547018e-06
3.722313e-06
3.900178e-06
4.080613e-06
4.263618e-06
4.449194e-06
4.637341e-06
4.828057e-06
5.021344e-06
5.217201e-06
5.415628e-06
5.616626e-06
5.820194e-06
6.026332e-06
6.235041e-06
6.446320e-06
6.660169e-06
6.876588e-06
7.095578e-06
7.317138e-06
7.541269e-06
7.767970e-06
7.997241e-06
8.229082e-06
8.463493e-06
8.700475e-06
8.940028e-06
9.182150e-06
9.426843e-06
9.674106e-06
9.923940e-06
1.017634e-05
1.043132e-05
1.068886e-05
1.094898e-05
1.121166e-05
1.147692e-05
1.174474e-05
1.201514e-05
1.228810e-05
1.256364e-05
1.284175e-05
1.312242e-05
1.340567e-05
1.369149e-05
1.397988e-05
1.427084e-05
1.456436e-05
1.486046e-05
1.515913e-05
1.546037e-05
1.576418e-05
1.607056e-05
1.637951e-05
1.669103e-05
1.700512e-05
1.732179e-05
1.764102e-05
1.796282e-05
1.828719e-05
1.861413e-05
1.894365e-05
1.927573e-05
1.961038e-05
1.994761e-05
2.028740e-05
2.062977e-05
2.097470e-05
2.132220e-05
2.167228e-05
2.202493e-05
2.238014e-05
2.273793e-05
2.309828e-05
2.346121e-05
2.382671e-05
2.419478e-05
2.456541e-05
2.493862e-05
2.531440e-05
2.569275e-05
2.607367e-05
2.645716e-05
2.684322e-05
2.723185e-05
2.762305e-05
2.801682e-05
2.841316e-05
2.881207e-05
2.921355e-05
2.961760e-05
3.002422e-05
3.043341e-05
3.084518e-05
3.125951e-05
3.167641e-05
3.209589e-05
3.251793e-05
3.294254e-05
3.336973e-05
3.379948e-05
3.423181e-05
3.466670e-05
3.510417e-05
3.554421e-05
3.598681e-05
3.643199e-05
3.687973e-05
3.733005e-05
3.778294e-05
3.823840e-05
3.869642e-05
3.915702e-05
3.962019e-05
4.008593e-05
4.055424e-05
4.102512e-05
4.149857e-05
4.197459e-05
4.245318e-05
4.293434e-05
4.341807e-05
4.390437e-05
4.439324e-05
4.488469e-05
4.537870e-05
4.587528e-05
4.637443e-05
4.687616e-05
4.738045e-05
4.788731e-05
4.839675e-05
4.890875e-05
4.942333e-05
4.994047e-05
5.046019e-05
5.098247e-05
5.150733e-05
5.203475e-05
5.256475e-05
5.309732e-05
5.363245e-05
5.417016e-05
5.471044e-05
5.525329e-05
5.579871e-05
5.634669e-05
5.689725e-05
5.745038e-05
5.800608e-05
5.856435e-05
5.912519e-05
5.968860e-05
6.025458e-05
6.082313e-05
6.139426e-05
6.196795e-05
6.254421e-05
6.312304e-05
6.370444e-05
6.428842e-05
6.487496e-05
6.546407e-05
6.605576e-05
6.665001e-05
6.724684e-05
6.784623e-05
6.844820e-05
6.905273e-05
6.965984e-05
7.026951e-05
7.088176e-05
7.149657e-05
7.211396e-05
7.273392e-05
7.335645e-05
7.398154e-05
7.460921e-05
7.523945e-05
7.587226e-05
7.650764e-05
7.714559e-05
7.778611e-05
7.842920e-05
7.907486e-05
7.972309e-05
8.037389e-05
8.102726e-05
8.168320e-05
8.234171e-05
8.300279e-05
8.366644e-05
8.433267e-05
8.500146e-05
8.567282e-05
8.634676e-05
8.702326e-05
8.770233e-05
8.838398e-05
8.906819e-05
8.975498e-05
9.044433e-05
9.113626e-05
9.183075e-05
9.252782e-05
9.322746e-05
9.392966e-05
9.463444e-05
9.534179e-05
9.605171e-05
9.676419e-05
9.747925e-05
9.819688e-05
9.891708e-05
9.963985e-05
1.003652e-04
1.010931e-04
1.018236e-04
1.025566e-04
1.032922e-04
1.040304e-04
1.047712e-04
1.055145e-04
1.062604e-04
1.070089e-04
1.077600e-04
1.085136e-04
1.092697e-04
1.100285e-04
1.107898e-04
1.115537e-04
1.123202e-04
1.130892e-04
1.138608e-04
1.146350e-04
1.154117e-04
1.161911e-04
1.169729e-04
1.177574e-04
1.185444e-04
1.193340e-04
1.201262e-04
1.209209e-04
1.217182e-04
1.225181e-04
1.233206e-04
1.241256e-04
1.249332e-04
1.257433e-04
1.265561e-04
1.273714e-04
1.281892e-04
1.290097e-04
1.298327e-04
1.306583e-04
1.314864e-04
1.323171e-04
1.331504e-04
1.339863e-04
1.348247e-04
1.356657e-04
1.365093e-04
1.373554e-04
1.382042e-04
1.390554e-04
1.399093e-04
1.407657e-04
1.416247e-04
1.424863e-04
1.433504e-04
1.442171e-04
1.450864e-04
1.459583e-04
1.468327e-04
1.477097e-04
1.485892e-04
1.494713e-04
1.503560e-04
1.512433e-04
1.521331e-04
1.530256e-04
1.539205e-04
1.548181e-04
1.557182e-04
1.566209e-04
1.575262e-04
1.584340e-04
1.593444e-04
1.602574e-04
1.611729e-04
1.620910e-04
1.630117e-04
1.639349e-04
1.648608e-04
1.657892e-04
1.667201e-04
1.676537e-04
1.685898e-04
1.695284e-04
1.704697e-04
1.714135e-04
1.723599e-04
1.733088e-04
1.742604e-04
1.752145e-04
1.761711e-04
1.771304e-04
1.780922e-04
1.790566e-04
1.800235e-04
1.809930e-04
1.819651e-04
1.829398e-04
1.839170e-04
1.848968e-04
1.858792e-04
1.868641e-04
1.878516e-04
1.888417e-04
1.898343e-04
1.908296e-04
1.918274e-04
1.928277e-04
1.938307e-04
1.948362e-04
1.958442e-04
1.968549e-04
1.978681e-04
1.988839e-04
1.999022e-04
2.009231e-04
2.019466e-04
2.029727e-04
2.040013e-04
2.050326e-04
2.060663e-04
2.071027e-04
2.081416e-04
2.091831e-04
2.102271e-04
2.112738e-04
2.123230e-04
2.133747e-04
2.144291e-04
2.154860e-04
2.165455e-04
2.176075e-04
2.186721e-04
2.197393e-04
2.208091e-04
2.218814e-04
2.229563e-04
2.240338e-04
2.251138e-04
2.261964e-04
2.272816e-04
2.283694e-04
2.294597e-04
2.305526e-04
2.316480e-04
2.327461e-04
2.338467e-04
2.349498e-04
2.360556e-04
2.371639e-04
2.382748e-04
2.393882e-04
2.405043e-04
2.416229e-04
2.427440e-04
2.438678e-04
2.449941e-04
2.461230e-04
2.472544e-04
2.483884e-04
2.495250e-04
2.506642e-04
2.518059e-04
2.529502e-04
2.540971e-04
2.552465e-04
2.563985e-04
2.575531e-04
2.587102e-04
2.598700e-04
2.610323e-04
2.621971e-04
2.633645e-04
2.645345e-04
2.657071e-04
2.668823e-04
2.680600e-04
2.692403e-04
2.704231e-04
2.716085e-04
2.727965e-04
2.739871e-04
2.751802e-04
2.763759e-04
2.775742e-04
2.787751e-04
2.799785e-04
2.811845e-04
2.823930e-04
2.836041e-04
2.848178e-04
2.860341e-04
2.872529e-04
2.884744e-04
2.896983e-04
2.909249e-04
2.921540e-04
2.933857e-04
2.946199e-04
2.958568e-04
2.970962e-04
2.983381e-04
2.995827e-04
3.008298e-04
3.020795e-04
3.033317e-04
3.045866e-04
3.058439e-04
3.071039e-04
3.083664e-04
3.096315e-04
3.108992e-04
3.121695e-04
3.134423e-04
3.147177e-04
3.159956e-04
3.172761e-04
3.185592e-04
3.198449e-04
3.211331e-04
3.224239e-04
3.237173e-04
3.250133e-04
3.263118e-04
3.276129e-04
3.289165e-04
3.302228e-04
3.315316e-04
3.328429e-04
3.341569e-04
3.354734e-04
3.367924e-04
3.381141e-04
3.394383e-04
3.407651e-04
3.420945e-04
3.434264e-04
3.447609e-04
3.460980e-04
3.474376e-04
3.487798e-04
3.501246e-04
3.514720e-04
3.528219e-04
3.541744e-04
3.555294e-04
3.568871e-04
3.582473e-04
3.596101e-04
3.609754e-04
3.623433e-04
3.637138e-04
3.650869e-04
3.664625e-04
3.678407e-04
3.692214e-04
3.706048e-04
3.719907e-04
3.733792e-04
3.747702e-04
3.761638e-04
3.775600e-04
3.789588e-04
3.803601e-04
3.817640e-04
3.831705e-04
3.845795e-04
3.859911e-04
3.874053e-04
3.888221e-04
3.902414e-04
3.916633e-04
3.930877e-04
3.945148e-04
3.959444e-04
3.973765e-04
3.988113e-04
4.002486e-04
4.016885e-04
4.031309e-04
4.045760e-04
4.060236e-04
4.074737e-04
4.089265e-04
4.103818e-04
4.118396e-04
4.133001e-04
4.147631e-04
4.162287e-04
4.176968e-04
4.191676e-04
4.206409e-04
4.221167e-04
4.235952e-04
4.250762e-04
4.265598e-04
4.280459e-04
4.295346e-04
4.310259e-04
4.325198e-04
4.340162e-04
4.355152e-04
4.370168e-04
4.385209e-04
4.400276e-04
4.415369e-04
4.430488e-04
4.445632e-04
4.460802e-04
4.475997e-04
4.491219e-04
4.506466e-04
4.521739e-04
4.537037e-04
4.552361e-04
4.567711e-04
4.583087e-04
4.598488e-04
4.613915e-04
4.629367e-04
4.644846e-04
4.660350e-04
4.675880e-04
4.691435e-04
4.707016e-04
4.722623e-04
4.738256e-04
4.753914e-04
4.769598e-04
4.785308e-04
4.801043e-04
4.816804e-04
4.832591e-04
4.848404e-04
4.864242e-04
4.880106e-04
4.895995e-04
4.911911e-04
4.927852e-04
4.943818e-04
4.959811e-04
4.975829e-04
4.991873e-04
5.007942e-04
5.024037e-04
5.040158e-04
5.056305e-04
5.072477e-04
5.088675e-04
5.104899e-04
5.121149e-04
5.137424e-04
5.153725e-04
5.170051e-04
5.186404e-04
5.202781e-04
5.219185e-04
5.235615e-04
5.252070e-04
5.268550e-04
5.285057e-04
5.301589e-04
5.318147e-04
5.334731e-04
5.351340e-04
5.367975e-04
5.384636e-04
5.401322e-04
5.418034e-04
5.434772e-04
5.451535e-04
5.468325e-04
5.485140e-04
5.501980e-04
5.518846e-04
5.535739e-04
5.552656e-04
5.569600e-04
5.586569e-04
5.603564e-04
5.620584e-04
5.637630e-04
5.654702e-04
5.671800e-04
5.688923e-04
5.706072e-04
5.723247e-04
5.740448e-04
5.757674e-04
5.774926e-04
5.792203e-04
5.809507e-04
5.826836e-04
5.844190e-04
5.861571e-04
5.878977e-04
5.896409e-04
5.913866e-04
5.931349e-04
5.948858e-04
5.966393e-04
5.983953e-04
6.001539e-04
6.019151e-04
6.036788e-04
6.054451e-04
6.072140e-04
6.089855e-04
6.107595e-04
6.125361e-04
6.143153e-04
6.160970e-04
6.178813e-04
6.196682e-04
6.214576e-04
6.232496e-04
6.250442e-04
6.268414e-04
6.286411e-04
6.304434e-04
6.322483e-04
6.340557e-04
6.358657e-04
6.376783e-04
6.394934e-04
6.413111e-04
6.431314e-04
6.449543e-04
6.467797e-04
6.486077e-04
6.504383e-04
6.522714e-04
6.541071e-04
6.559454e-04
6.577863e-04
6.596297e-04
6.614757e-04
6.633242e-04
6.651754e-04
6.670291e-04
6.688854e-04
6.707442e-04
6.726056e-04
6.744696e-04
6.763361e-04
6.782053e-04
6.800770e-04
6.819512e-04
6.838281e-04
6.857075e-04
6.875894e-04
6.894740e-04
6.913611e-04
6.932508e-04
6.951431e-04
6.970379e-04
6.989353e-04
7.008352e-04
7.027378e-04
7.046429e-04
7.065506e-04
7.084608e-04
7.103736e-04
7.122890e-04
7.142070e-04
7.161275e-04
7.180506e-04
7.199763e-04
7.219045e-04
7.238353e-04
7.257687e-04
7.277047e-04
7.296432e-04
7.315843e-04
7.335280e-04
7.354742e-04
7.374230e-04
7.393744e-04
7.413283e-04
7.432848e-04
7.452439e-04
7.472056e-04
7.491698e-04
7.511366e-04
7.531060e-04
7.550779e-04
7.570524e-04
7.590295e-04
7.610091e-04
7.629913e-04
7.649761e-04
7.669635e-04
7.689534e-04
7.709459e-04
7.729410e-04
7.749386e-04
7.769388e-04
7.789416e-04
7.809470e-04
7.829549e-04
7.849654e-04
7.869784e-04
7.889941e-04
7.910123e-04
7.930330e-04
7.950564e-04
7.970823e-04
7.991108e-04
8.011418e-04
8.031755e-04
8.052116e-04
8.072504e-04
8.092917e-04
8.113357e-04
8.133821e-04
8.154312e-04
8.174828e-04
8.195370e-04
8.215937e-04
8.236531e-04
8.257150e-04
8.277794e-04
8.298465e-04
8.319161e-04
8.339882e-04
8.360630e-04
8.381403e-04
8.402202e-04
8.423027e-04
8.443877e-04
8.464753e-04
8.485655e-04
8.506582e-04
8.527535e-04
8.548514e-04
8.569518e-04
8.590549e-04
8.611605e-04
8.632686e-04
8.653794e-04
8.674927e-04
8.696085e-04
8.717270e-04
8.738480e-04
8.759716e-04
8.780977e-04
8.802265e-04
8.823577e-04
8.844916e-04
8.866281e-04
8.887671e-04
8.909086e-04
8.930528e-04
8.951995e-04
8.973488e-04
8.995006e-04
9.016551e-04
9.038121e-04
9.059716e-04
9.081338e-04
9.102985e-04
9.124658e-04
9.146356e-04
9.168080e-04
9.189830e-04
9.211606e-04
9.233407e-04
9.255234e-04
9.277087e-04
9.298965e-04
9.320869e-04
9.342799e-04
9.364755e-04
9.386736e-04
9.408743e-04
9.430776e-04
9.452834e-04
9.474918e-04
9.497028e-04
9.519163e-04
9.541324e-04
9.563511e-04
9.585724e-04
9.607962e-04
9.630226e-04
9.652516e-04
9.674831e-04
9.697172e-04
9.719539e-04
9.741931e-04
9.764349e-04
9.786793e-04
9.809263e-04
9.831758e-04
9.854279e-04
9.876826e-04
9.899398e-04
9.921996e-04
9.944620e-04
9.967270e-04
9.989945e-04
1.001265e-03
1.003537e-03
1.005812e-03
1.008090e-03
1.010371e-03
1.012654e-03
1.014939e-03
1.017227e-03
1.019518e-03
1.021811e-03
1.024107e-03
1.026405e-03
1.028706e-03
1.031010e-03
1.033316e-03
1.035624e-03
1.037936e-03
1.040249e-03
1.042566e-03
1.044885e-03
1.047206e-03
1.049530e-03
1.051857e-03
1.054186e-03
1.056518e-03
1.058852e-03
1.061189e-03
1.063529e-03
1.065871e-03
1.068215e-03
1.070563e-03
1.072912e-03
1.075265e-03
1.077620e-03
1.079977e-03
1.082337e-03
1.084700e-03
1.087065e-03
1.089433e-03
1.091803e-03
1.094176e-03
1.096551e-03
1.098929e-03
1.101310e-03
1.103693e-03
1.106079e-03
1.108467e-03
1.110858e-03
1.113252e-03
1.115648e-03
1.118046e-03
1.120447e-03
1.122851e-03
1.125258e-03
1.127666e-03
1.130078e-03
1.132492e-03
1.134909e-03
1.137328e-03
1.139749e-03
1.142174e-03
1.144601e-03
1.147030e-03
1.149462e-03
1.151897e-03
1.154334e-03
1.156774e-03
1.159216e-03
1.161661e-03
1.164108e-03
1.166558e-03
1.169011e-03
1.171466e-03
1.173924e-03
1.176384e-03
1.178847e-03
1.181312e-03
1.183780e-03
1.186251e-03
1.188724e-03
1.191200e-03
1.193678e-03
1.196159e-03
1.198642e-03
1.201128e-03
1.203617e-03
1.206108e-03
1.208602e-03
1.211098e-03
1.213597e-03
1.216098e-03
1.218602e-03
1.221109e-03
1.223618e-03
1.226130e-03
1.228644e-03
1.231161e-03
1.233680e-03
1.236202e-03
1.238727e-03
1.241254e-03
1.243783e-03
1.246316e-03
1.248851e-03
1.251388e-03
1.253928e-03
1.256470e-03
1.259016e-03
1.261563e-03
1.264114e-03
1.266666e-03
1.269222e-03
1.271780e-03
1.274340e-03
1.276903e-03
1.279469e-03
1.282037e-03
1.284608e-03
1.287181e-03
1.289757e-03
1.292336e-03
1.294917e-03
1.297501e-03
1.300087e-03
1.302676e-03
1.305267e-03
1.307861e-03
1.310458e-03
1.313057e-03
1.315658e-03
1.318263e-03
1.320869e-03
1.323479e-03
1.326091e-03
1.328705e-03
1.331322e-03
1.333942e-03
1.336564e-03
1.339189e-03
1.341816e-03
1.344446e-03
1.347079e-03
1.349714e-03
1.352352e-03
1.354992e-03
1.357635e-03
1.360280e-03
1.362928e-03
1.365578e-03
1.368231e-03
1.370887e-03
1.373545e-03
1.376206e-03
1.378869e-03
1.381535e-03
1.384204e-03
1.386875e-03
1.389548e-03
1.392225e-03
1.394903e-03
1.397585e-03
1.400269e-03
1.402955e-03
1.405644e-03
1.408336e-03
1.411030e-03
1.413727e-03
1.416426e-03
1.419128e-03
1.421832e-03
1.424540e-03
1.427249e-03
1.429961e-03
1.432676e-03
1.435393e-03
1.438113e-03
1.440836e-03
1.443561e-03
1.446288e-03
1.449019e-03
1.451751e-03
1.454487e-03
1.457225e-03
1.459965e-03
1.462708e-03
1.465454e-03
1.468202e-03
1.470952e-03
1.473706e-03
1.476462e-03
1.479220e-03
1.481981e-03
1.484745e-03
1.487511e-03
1.490280e-03
1.493051e-03
1.495825e-03
1.498601e-03
1.501380e-03
1.504162e-03
1.506946e-03
1.509733e-03
1.512522e-03
1.515314e-03
1.518108e-03
1.520905e-03
1.523705e-03
1.526507e-03
1.529312e-03
1.532119e-03
1.534929e-03
1.537741e-03
1.540556e-03
1.543374e-03
1.546194e-03
1.549017e-03
1.551842e-03
1.554670e-03
1.557500e-03
1.560333e-03
1.563169e-03
1.566007e-03
1.568848e-03
1.571691e-03
1.574537e-03
1.577385e-03
1.580236e-03
1.583090e-03
1.585946e-03
1.588804e-03
1.591666e-03
1.594530e-03
1.597396e-03
1.600265e-03
1.603136e-03
1.606011e-03
1.608887e-03
1.611767e-03
1.614648e-03
1.617533e-03
1.620420e-03
1.623309e-03
1.626201e-03
1.629096e-03
1.631993e-03
1.634893e-03
1.637795e-03
1.640700e-03
1.643608e-03
1.646518e-03
1.649431e-03
1.652346e-03
1.655264e-03
1.658184e-03
1.661107e-03
1.664033e-03
1.666961e-03
1.669891e-03
1.672825e-03
1.675760e-03
1.678699e-03
1.681640e-03
1.684583e-03
1.687529e-03
1.690478e-03
1.693429e-03
1.696383e-03
1.699339e-03
1.702298e-03
1.705260e-03
1.708224e-03
1.711190e-03
1.714160e-03
1.717131e-03
1.720106e-03
1.723083e-03
1.726062e-03
1.729044e-03
1.732029e-03
1.735016e-03
1.738006e-03
1.740998e-03
1.743993e-03
1.746991e-03
1.749991e-03
1.752993e-03
1.755999e-03
1.759006e-03
1.762017e-03
1.765030e-03
1.768045e-03
1.771063e-03
1.774084e-03
1.777107e-03
1.780133e-03
1.783161e-03
1.786192e-03
1.789225e-03
1.792261e-03
1.795300e-03
1.798341e-03
1.801385e-03
1.804431e-03
1.807480e-03
1.810532e-03
1.813586e-03
1.816642e-03
1.819701e-03
1.822763e-03
1.825828e-03
1.828894e-03
1.831964e-03
1.835036e-03
1.838110e-03
1.841188e-03
1.844267e-03
1.847350e-03
1.850435e-03
1.853522e-03
1.856612e-03
1.859705e-03
1.862800e-03
1.865898e-03
1.868998e-03
1.872101e-03
1.875206e-03
1.878314e-03
1.881425e-03
1.884538e-03
1.887654e-03
1.890772e-03
1.893893e-03
1.897016e-03
1.900142e-03
1.903271e-03
1.906402e-03
1.909536e-03
1.912672e-03
1.915811e-03
1.918952e-03
1.922096e-03
1.925243e-03
1.928392e-03
1.931544e-03
1.934698e-03
1.937855e-03
1.941014e-03
1.944176e-03
1.947341e-03
1.950508e-03
1.953677e-03
1.956850e-03
1.960025e-03
1.963202e-03
1.966382e-03
1.969565e-03
1.972750e-03
1.975937e-03
1.979128e-03
1.982320e-03
1.985516e-03
1.988714e-03
1.991914e-03
1.995117e-03
1.998323e-03
2.001531e-03
2.004742e-03
2.007956e-03
2.011172e-03
2.014390e-03
2.017611e-03
2.020835e-03
2.024061e-03
2.027290e-03
2.030521e-03
2.033755e-03
2.036992e-03
2.040231e-03
2.043473e-03
2.046717e-03
2.049964e-03
2.053213e-03
2.056465e-03
2.059719e-03
2.062977e-03
2.066236e-03
2.069498e-03
2.072763e-03
2.076031e-03
2.079301e-03
2.082573e-03
2.085848e-03
2.089126e-03
2.092406e-03
2.095689e-03
2.098974e-03
2.102262e-03
2.105553e-03
2.108846e-03
2.112141e-03
2.115440e-03
2.118740e-03
2.122044e-03
2.125350e-03
2.128658e-03
2.131969e-03
2.135283e-03
2.138599e-03
2.141918e-03
2.145239e-03
2.148563e-03
2.151889e-03
2.155219e-03
2.158550e-03
2.161884e-03
2.165221e-03
2.168560e-03
2.171902e-03
2.175247e-03
2.178594e-03
2.181944e-03
2.185296e-03
2.188650e-03
2.192008e-03
2.195368e-03
2.198730e-03
2.202095e-03
2.205463e-03
2.208833e-03
2.212206e-03
2.215581e-03
2.218959e-03
2.222339e-03
2.225722e-03
2.229108e-03
2.232496e-03
2.235887e-03
2.239280e-03
2.242676e-03
2.246075e-03
2.249476e-03
2.252879e-03
2.256285e-03
2.259694e-03
2.263105e-03
2.266519e-03
2.269936e-03
2.273355e-03
2.276776e-03
2.280201e-03
2.283627e-03
2.287057e-03
2.290488e-03
2.293923e-03
2.297360e-03
2.300799e-03
2.304242e-03
2.307686e-03
2.311134e-03
2.314583e-03
2.318036e-03
2.321491e-03
2.324948e-03
2.328409e-03
2.331871e-03
2.335337e-03
2.338804e-03
2.342275e-03
2.345748e-03
2.349223e-03
2.352702e-03
2.356182e-03
2.359666e-03
2.363151e-03
2.366640e-03
2.370131e-03
2.373624e-03
2.377120e-03
2.380619e-03
2.384120e-03
2.387624e-03
2.391131e-03
2.394640e-03
2.398151e-03
2.401665e-03
2.405182e-03
2.408701e-03
2.412223e-03
2.415748e-03
2.419274e-03
2.422804e-03
2.426336e-03
2.429871e-03
2.433408e-03
2.436948e-03
2.440490e-03
2.444035e-03
2.447583e-03
2.451133e-03
2.454686e-03
2.458241e-03
2.461799e-03
2.465359e-03
2.468922e-03
2.472487e-03
2.476056e-03
2.479626e-03
2.483199e-03
2.486775e-03
2.490354e-03
2.493935e-03
2.497518e-03
2.501104e-03
2.504693e-03
2.508284e-03
2.511878e-03
2.515474e-03
2.519073e-03
2.522675e-03
2.526279e-03
2.529885e-03
2.533495e-03
2.537106e-03
2.540721e-03
2.544338e-03
2.547957e-03
2.551579e-03
2.555204e-03
2.558831e-03
2.562461e-03
2.566093e-03
2.569728e-03
2.573366e-03
2.577006e-03
2.580648e-03
2.584294e-03
2.587941e-03
2.591592e-03
2.595245e-03
2.598900e-03
2.602558e-03
2.606219e-03
2.609882e-03
2.613548e-03
2.617216e-03
2.620887e-03
2.624560e-03
2.628237e-03
2.631915e-03
2.635596e-03
2.639280e-03
2.642966e-03
2.646655e-03
2.650347e-03
2.654041e-03
2.657737e-03
2.661437e-03
2.665138e-03
2.668843e-03
2.672550e-03
2.676259e-03
2.679971e-03
2.683686e-03
2.687403e-03
2.691123e-03
2.694845e-03
2.698570e-03
2.702297e-03
2.706027e-03
2.709760e-03
2.713495e-03
2.717233e-03
2.720973e-03
2.724716e-03
2.728461e-03
2.732209e-03
2.735960e-03
2.739713e-03
2.743469e-03
2.747227e-03
2.750988e-03
2.754751e-03
2.758517e-03
2.762286e-03
2.766057e-03
2.769831e-03
2.773607e-03
2.777386e-03
2.781167e-03
2.784951e-03
2.788738e-03
2.792527e-03
2.796319e-03
2.800113e-03
2.803910e-03
2.807709e-03
2.811511e-03
2.815316e-03
2.819123e-03
2.822933e-03
2.826745e-03
2.830560e-03
2.834377e-03
2.838197e-03
2.842020e-03
2.845845e-03
2.849673e-03
2.853503e-03
2.857336e-03
2.861171e-03
2.865009e-03
2.868850e-03
2.872693e-03
2.876539e-03
2.880387e-03
2.884238e-03
2.888091e-03
2.891947e-03
2.895806e-03
2.899667e-03
2.903530e-03
2.907397e-03
2.911265e-03
2.915137e-03
2.919011e-03
2.922887e-03
2.926766e-03
2.930648e-03
2.934532e-03
2.938419e-03
2.942309e-03
2.946200e-03
2.950095e-03
2.953992e-03
2.957892e-03
2.961794e-03
2.965699e-03
2.969606e-03
2.973516e-03
2.977429e-03
2.981344e-03
2.985261e-03
2.989182e-03
2.993104e-03
2.997030e-03
3.000958e-03
3.004888e-03
3.008821e-03
3.012757e-03
3.016695e-03
3.020636e-03
3.024579e-03
3.028525e-03
3.032474e-03
3.036425e-03
3.040378e-03
3.044335e-03
3.048293e-03
3.052255e-03
3.055554e-03
3.058840e-03
3.062114e-03
3.065375e-03
3.068622e-03
3.071858e-03
3.075080e-03
3.078289e-03
3.081486e-03
3.084670e-03
3.087841e-03
3.090999e-03
3.094144e-03
3.097277e-03
3.100397e-03
3.103503e-03
3.106598e-03
3.109679e-03
3.112747e-03
3.115803e-03
3.118846e-03
3.121876e-03
3.124893e-03
3.127897e-03
3.130889e-03
3.133868e-03
3.136834e-03
3.139787e-03
3.142727e-03
3.145654e-03
3.148569e-03
3.151471e-03
3.154360e-03
3.157236e-03
3.160100e-03
3.162950e-03
3.165788e-03
3.168613e-03
3.171425e-03
3.174224e-03
3.177011e-03
3.179784e-03
3.182545e-03
3.185293e-03
3.188028e-03
3.190751e-03
3.193460e-03
3.196157e-03
3.198841e-03
3.201512e-03
3.204171e-03
3.206816e-03
3.209449e-03
3.212069e-03
3.214676e-03
3.217270e-03
3.219851e-03
3.222420e-03
3.224976e-03
3.227519e-03
3.230049e-03
3.232566e-03
3.235070e-03
3.237562e-03
3.240041e-03
3.242507e-03
3.244960e-03
3.247401e-03
3.249828e-03
3.252243e-03
3.254645e-03
3.257034e-03
3.259410e-03
3.261774e-03
3.264125e-03
3.266463e-03
3.268788e-03
3.271100e-03
3.273399e-03
3.275686e-03
3.277960e-03
3.280221e-03
3.282469e-03
3.284704e-03
3.286927e-03
3.289136e-03
3.291333e-03
3.293517e-03
3.295689e-03
3.297847e-03
3.299993e-03
3.302125e-03
3.304245e-03
3.306352e-03
3.308447e-03
3.310528e-03
3.312597e-03
3.314653e-03
3.316696e-03
3.318726e-03
3.320744e-03
3.322748e-03
3.324740e-03
3.326719e-03
3.328685e-03
3.330639e-03
3.332579e-03
3.334507e-03
3.336422e-03
3.338324e-03
3.340213e-03
3.342090e-03
3.343953e-03
3.345804e-03
3.347642e-03
3.349467e-03
3.351280e-03
3.353079e-03
3.354866e-03
3.356640e-03
3.358401e-03
3.360149e-03
3.361885e-03
3.363607e-03
3.365317e-03
3.367014e-03
3.368698e-03
3.370370e-03
3.372028e-03
3.373674e-03
3.375307e-03
3.376927e-03
3.378534e-03
3.380129e-03
3.381710e-03
3.383279e-03
3.384835e-03
3.386378e-03
3.387909e-03
3.389426e-03
3.390931e-03
3.392423e-03
3.393902e-03
3.395368e-03
3.396822e-03
3.398262e-03
3.399690e-03
3.401105e-03
3.402508e-03
3.403897e-03
3.405274e-03
3.406637e-03
3.407988e-03
3.409326e-03
3.410652e-03
3.411964e-03
3.413264e-03
3.414551e-03
3.415825e-03
3.417086e-03
3.418334e-03
3.419570e-03
3.420793e-03
3.422003e-03
3.423200e-03
3.424384e-03
3.425555e-03
3.426714e-03
3.427860e-03
3.428993e-03
3.430113e-03
3.431221e-03
3.432315e-03
3.433397e-03
3.434466e-03
3.435522e-03
3.436565e-03
3.437596e-03
3.438614e-03
3.439619e-03
3.440611e-03
3.441590e-03
3.442556e-03
3.443510e-03
3.444451e-03
3.445379e-03
3.446294e-03
3.447196e-03
3.448086e-03
3.448962e-03
3.449826e-03
3.450677e-03
3.451515e-03
3.452341e-03
3.453153e-03
3.453953e-03
3.454740e-03
3.455514e-03
3.456276e-03
3.457024e-03
3.457760e-03
3.458483e-03
3.459193e-03
3.459890e-03
3.460575e-03
3.461246e-03
3.461905e-03
3.462551e-03
3.463184e-03
3.463804e-03
3.464412e-03
3.465007e-03
3.465589e-03
3.466158e-03
3.466714e-03
3.467257e-03
3.467788e-03
3.468306e-03
3.468811e-03
3.469303e-03
3.469782e-03
3.470249e-03
3.470703e-03
3.471143e-03
3.471572e-03
3.471987e-03
3.472389e-03
3.472779e-03
3.473156e-03
3.473520e-03
3.473871e-03
3.474209e-03
3.474535e-03
3.474848e-03
3.475147e-03
3.475435e-03
3.475709e-03
3.475970e-03
3.476219e-03
3.476455e-03
3.476678e-03
3.476888e-03
3.477085e-03
3.477270e-03
3.477442e-03
3.477601e-03
3.477747e-03
3.477880e-03
3.478000e-03
3.478108e-03
3.478203e-03
3.478285e-03
3.478354e-03
3.478411e-03
3.478454e-03
3.478485e-03
3.478503e-03
3.478508e-03
3.478500e-03
3.478480e-03
3.478446e-03
3.478400e-03
3.478341e-03
3.478269e-03
3.478185e-03
3.478087e-03
3.477977e-03
3.477854e-03
3.477718e-03
3.477569e-03
3.477408e-03
3.477234e-03
3.477046e-03
3.476847e-03
3.476634e-03
3.476408e-03
3.476170e-03
3.475918e-03
3.475654e-03
3.475378e-03
3.475088e-03
3.474785e-03
3.474470e-03
3.474142e-03
3.473801e-03
3.473447e-03
3.473081e-03
3.472701e-03
3.472309e-03
3.471904e-03
3.471486e-03
3.471055e-03
3.470612e-03
3.470156e-03
3.469686e-03
3.469205e-03
3.468710e-03
3.468202e-03
3.467682e-03
3.467149e-03
3.466825e-03
3.466825e-03
3.466825e-03
3.466825e-03
3.466825e-03
3.466825e-03
3.466825e-03
3.466825e-03
3.466825e-03
3.466825e-03
3.466825e-03
3.466825e-03
3.466825e-03
3.466825e-03
3.466825e-03
3.466825e-03
3.466825e-03
3.466825e-03
3.466825e-03
3.466825e-03
3.466825e-03
3.466825e-03
3.466825e-03
3.466825e-03
3.466825e-03
3.466825e-03
3.466825e-03
3.466825e-03
3.466825e-03
3.466825e-03
3.466825e-03
3.466825e-03
3.466825e-03
3.466825e-03
3.466825e-03
3.466825e-03
3.466825e-03
3.466825e-03
3.466825e-03
3.466825e-03
3.466825e-03
3.466825e-03
3.466825e-03
3.466825e-03
3.466825e-03
3.466825e-03
3.466825e-03
3.466825e-03
3.466825e-03
3.466825e-03
3.466825e-03
3.466825e-03
3.466825e-03
3.466825e-03
3.466825e-03
3.466825e-03
3.466825e-03
3.466825e-03
3.466825e-03
3.466825e-03
3.466825e-03
3.466825e-03
3.466825e-03
3.466825e-03
3.466825e-03
3.466825e-03
3.466825e-03
3.466825e-03
3.466825e-03
3.466825e-03
3.466825e-03
3.466825e-03
3.466825e-03
3.466825e-03
3.466825e-03
3.466825e-03
3.466825e-03
3.466825e-03
3.466825e-03
3.466825e-03
3.466825e-03
3.466825e-03
3.466825e-03
3.466825e-03
3.466825e-03
3.466825e-03
3.466825e-03
3.466825e-03
3.466825e-03
3.466825e-03
3.466825e-03
3.466825e-03
3.466825e-03
3.466825e-03
3.466825e-03
3.466825e-03
3.466825e-03
3.466825e-03
3.466825e-03
3.466825e-03
3.466825e-03
3.466825e-03
3.466825e-03
3.466825e-03
3.466825e-03
3.466825e-03
3.466825e-03
3.466825e-03
3.466825e-03
3.466825e-03
3.466825e-03
3.466825e-03
3.466825e-03
3.466825e-03
3.466825e-03
3.466825e-03
3.466825e-03
3.466825e-03
3.466825e-03
3.466825e-03
3.466825e-03
3.466825e-03
3.466825e-03
3.466825e-03
3.466825e-03
3.466825e-03
3.466825e-03
3.466825e-03
3.466825e-03
3.466825e-03
3.466825e-03
3.466825e-03
3.466825e-03
3.466825e-03
3.466825e-03
3.466825e-03
3.466825e-03
3.466825e-03
3.466825e-03
3.466825e-03
3.466825e-03
3.466825e-03
3.466825e-03
3.466825e-03
3.466825e-03
3.466825e-03
3.466825e-03
3.466825e-03
3.466825e-03
3.466825e-03
3.466825e-03
3.466825e-03
3.466825e-03
3.466825e-03
3.466825e-03
3.466825e-03
3.466825e-03
3.466825e-03
3.466825e-03
3.466825e-03
3.466825e-03
3.466825e-03
3.466825e-03
3.466825e-03
3.466825e-03
3.466825e-03
3.466825e-03
3.466825e-03
3.466825e-03
3.466825e-03
3.466825e-03
3.466825e-03
3.466825e-03
3.466825e-03
3.466825e-03
3.466825e-03
3.466825e-03
3.466825e-03
3.466825e-03
3.466825e-03
3.466825e-03
3.466825e-03
3.466825e-03
3.466825e-03
3.466825e-03
3.466825e-03
3.466825e-03
3.466825e-03
3.466825e-03
3.466825e-03
3.466825e-03
3.466825e-03
3.466825e-03
3.466825e-03
3.466825e-03
3.466825e-03
3.466825e-03
3.466825e-03
3.466825e-03
3.466825e-03
3.466825e-03
