0.000000e+00
1.110371e-07
2.303605e-07
3.579703e-07
4.938664e-07
6.380489e-07
7.905178e-07
9.512729e-07
1.120314e-06
1.297642e-06
1.483257e-06
1.677157e-06
1.879344e-06
2.089817e-06
2.308577e-06
2.535623e-06
2.770955e-06
3.014574e-06
3.266479e-06
3.526670e-06
3.795148e-06
4.071912e-06
4.356963e-06
4.650299e-06
4.951923e-06
5.261832e-06
5.580028e-06
5.906510e-06
6.241279e-06
6.584333e-06
6.935675e-06
7.295302e-06
7.663216e-06
8.039417e-06
8.423903e-06
8.816676e-06
9.217735e-06
9.627081e-06
1.004471e-05
1.047063e-05
1.090484e-05
1.134733e-05
1.179810e-05
1.225717e-05
1.272452e-05
1.320016e-05
1.368408e-05
1.417629e-05
1.467678e-05
1.518556e-05
1.570263e-05
1.622799e-05
1.676163e-05
1.730356e-05
1.785377e-05
1.841227e-05
1.897906e-05
1.955413e-05
2.013749e-05
2.072913e-05
2.132906e-05
2.193728e-05
2.255379e-05
2.317858e-05
2.381165e-05
2.445302e-05
2.510267e-05
2.576060e-05
2.642683e-05
2.710134e-05
2.778413e-05
2.847521e-05
2.917458e-05
2.988223e-05
3.059818e-05
3.132240e-05
3.205492e-05
3.279571e-05
3.354480e-05
3.430217e-05
3.506783e-05
3.584178e-05
3.662401e-05
3.741453e-05
3.821333e-05
3.902042e-05
3.983580e-05
4.065946e-05
4.149141e-05
4.233165e-05
4.318017e-05
4.403698e-05
4.490207e-05
4.577545e-05
4.665712e-05
4.754707e-05
4.844532e-05
4.935184e-05
5.026665e-05
5.118975e-05
5.212114e-05
5.306081e-05
5.400877e-05
5.496502e-05
5.592955e-05
5.690236e-05
5.788347e-05
5.887286e-05
5.987053e-05
6.087650e-05
6.189075e-05
6.291328e-05
6.394410e-05
6.498321e-05
6.603061e-05
6.708629e-05
6.815025e-05
6.922251e-05
7.030305e-05
7.139187e-05
7.248899e-05
7.359439e-05
7.470807e-05
7.583004e-05
7.696030e-05
7.809885e-05
7.924568e-05
8.040079e-05
8.156420e-05
8.273589e-05
8.391586e-05
8.510413e-05
8.630068e-05
8.750551e-05
8.871863e-05
8.994004e-05
9.116973e-05
9.240771e-05
9.365398e-05
9.490854e-05
9.617137e-05
9.744250e-05
9.872191e-05
1.000096e-04
1.013056e-04
1.026099e-04
1.039224e-04
1.052433e-04
1.065724e-04
1.079098e-04
1.092555e-04
1.106095e-04
1.119718e-04
1.133423e-04
1.147212e-04
1.161083e-04
1.175038e-04
1.189075e-04
1.203195e-04
1.217397e-04
1.231683e-04
1.246052e-04
1.260503e-04
1.275037e-04
1.289654e-04
1.304354e-04
1.319137e-04
1.334003e-04
1.348951e-04
1.363983e-04
1.379097e-04
1.394294e-04
1.409574e-04
1.424937e-04
1.440383e-04
1.455912e-04
1.471523e-04
1.487217e-04
1.502995e-04
1.518855e-04
1.534798e-04
1.550823e-04
1.566932e-04
1.583124e-04
1.599398e-04
1.615755e-04
1.632195e-04
1.648718e-04
1.665324e-04
1.682013e-04
1.698785e-04
1.715639e-04
1.732576e-04
1.749596e-04
1.766699e-04
1.783885e-04
1.801154e-04
1.818506e-04
1.835940e-04
1.853458e-04
1.871058e-04
1.888741e-04
1.906507e-04
1.924356e-04
1.942287e-04
1.960302e-04
1.978399e-04
1.996579e-04
2.014843e-04
2.033188e-04
2.051617e-04
2.070129e-04
2.088724e-04
2.107401e-04
2.126161e-04
2.145004e-04
2.163931e-04
2.182939e-04
2.202031e-04
2.221206e-04
2.240463e-04
2.259804e-04
2.279227e-04
2.298733e-04
2.318322e-04
2.337994e-04
2.357748e-04
2.377586e-04
2.397506e-04
2.417509e-04
2.437596e-04
2.457764e-04
2.478016e-04
2.498351e-04
2.518769e-04
2.539269e-04
2.559852e-04
2.580518e-04
2.601267e-04
2.622099e-04
2.643014e-04
2.664012e-04
2.685092e-04
2.706256e-04
2.727502e-04
2.748831e-04
2.770243e-04
2.791738e-04
2.813315e-04
2.834976e-04
2.856719e-04
2.878545e-04
2.900454e-04
2.922446e-04
2.944521e-04
2.966679e-04
2.988919e-04
3.011243e-04
3.033649e-04
3.056138e-04
3.078710e-04
3.101365e-04
3.124103e-04
3.146924e-04
3.169827e-04
3.192813e-04
3.215883e-04
3.239035e-04
3.262270e-04
3.285587e-04
3.308988e-04
3.332472e-04
3.356038e-04
3.379687e-04
3.403419e-04
3.427234e-04
3.451132e-04
3.475113e-04
3.499176e-04
3.523323e-04
3.547552e-04
3.571864e-04
3.596259e-04
3.620737e-04
3.645298e-04
3.669941e-04
3.694668e-04
3.719477e-04
3.744369e-04
3.769344e-04
3.794402e-04
3.819543e-04
3.844767e-04
3.870073e-04
3.895463e-04
3.920935e-04
3.946490e-04
3.972128e-04
3.997849e-04
4.023653e-04
4.049539e-04
4.075509e-04
4.101561e-04
4.127696e-04
4.153914e-04
4.180215e-04
4.206599e-04
4.233065e-04
4.259615e-04
4.286247e-04
4.312962e-04
4.339760e-04
4.366641e-04
4.393605e-04
4.420652e-04
4.447781e-04
4.474993e-04
4.502289e-04
4.529667e-04
4.557128e-04
4.584672e-04
4.612298e-04
4.640008e-04
4.667800e-04
4.695676e-04
4.723634e-04
4.751675e-04
4.779799e-04
4.808005e-04
4.836295e-04
4.864667e-04
4.893123e-04
4.921661e-04
4.950282e-04
4.978986e-04
5.007773e-04
5.036642e-04
5.065595e-04
5.094630e-04
5.123748e-04
5.152949e-04
5.182233e-04
5.211600e-04
5.241050e-04
5.270582e-04
5.300198e-04
5.329896e-04
5.359677e-04
5.389541e-04
5.419488e-04
5.449518e-04
5.479630e-04
5.509826e-04
5.540104e-04
5.570465e-04
5.600910e-04
5.631436e-04
5.662046e-04
5.692739e-04
5.723514e-04
5.754373e-04
5.785314e-04
5.816338e-04
5.847445e-04
5.878635e-04
5.909907e-04
5.941263e-04
5.972701e-04
6.004223e-04
6.035827e-04
6.067514e-04
6.099284e-04
6.131136e-04
6.163072e-04
6.195091e-04
6.227192e-04
6.259376e-04
6.291643e-04
6.323993e-04
6.356426e-04
6.388941e-04
6.421540e-04
6.454221e-04
6.486985e-04
6.519833e-04
6.552763e-04
6.585775e-04
6.618871e-04
6.652050e-04
6.685311e-04
6.718655e-04
6.752082e-04
6.785592e-04
6.819185e-04
6.852861e-04
6.886620e-04
6.920461e-04
6.954385e-04
6.988392e-04
7.022483e-04
7.056655e-04
7.090911e-04
7.125250e-04
7.159671e-04
7.194176e-04
7.228763e-04
7.263433e-04
7.298186e-04
7.333022e-04
7.367940e-04
7.402942e-04
7.438026e-04
7.473194e-04
7.508444e-04
7.543777e-04
7.579193e-04
7.614691e-04
7.650273e-04
7.685937e-04
7.721685e-04
7.757515e-04
7.793428e-04
7.829424e-04
7.865503e-04
7.901664e-04
7.937909e-04
7.974236e-04
8.010646e-04
8.047139e-04
8.083715e-04
8.120374e-04
8.157116e-04
8.193940e-04
8.230848e-04
8.267838e-04
8.304911e-04
8.342067e-04
8.379306e-04
8.416628e-04
8.454032e-04
8.491520e-04
8.529090e-04
8.566743e-04
8.604479e-04
8.642298e-04
8.680200e-04
8.718185e-04
8.756252e-04
8.794402e-04
8.832636e-04
8.870952e-04
8.909351e-04
8.947832e-04
8.986397e-04
9.025045e-04
9.063775e-04
9.102588e-04
9.141484e-04
9.180463e-04
9.219525e-04
9.258670e-04
9.297898e-04
9.337208e-04
9.376601e-04
9.416078e-04
9.455637e-04
9.495278e-04
9.535003e-04
9.574811e-04
9.614701e-04
9.654675e-04
9.694731e-04
9.734870e-04
9.775092e-04
9.815397e-04
9.855784e-04
9.896255e-04
9.936808e-04
9.977445e-04
1.001816e-03
1.005897e-03
1.009985e-03
1.014082e-03
1.018187e-03
1.022300e-03
1.026422e-03
1.030552e-03
1.034690e-03
1.038836e-03
1.042991e-03
1.047154e-03
1.051326e-03
1.055505e-03
1.059693e-03
1.063889e-03
1.068094e-03
1.072307e-03
1.076528e-03
1.080757e-03
1.084995e-03
1.089241e-03
1.093495e-03
1.097757e-03
1.102028e-03
1.106307e-03
1.110595e-03
1.114890e-03
1.119194e-03
1.123506e-03
1.127827e-03
1.132156e-03
1.136493e-03
1.140838e-03
1.145192e-03
1.149554e-03
1.153924e-03
1.158302e-03
1.162689e-03
1.167084e-03
1.171488e-03
1.175899e-03
1.180319e-03
1.184747e-03
1.189184e-03
1.193629e-03
1.198082e-03
1.202543e-03
1.207013e-03
1.211491e-03
1.215977e-03
1.220472e-03
1.224974e-03
1.229485e-03
1.234005e-03
1.238533e-03
1.243068e-03
1.247613e-03
1.252165e-03
1.256726e-03
1.261295e-03
1.265873e-03
1.270458e-03
1.275052e-03
1.279654e-03
1.284265e-03
1.288884e-03
1.293511e-03
1.298146e-03
1.302790e-03
1.307442e-03
1.312102e-03
1.316771e-03
1.321447e-03
1.326132e-03
1.330826e-03
1.335528e-03
1.340238e-03
1.344956e-03
1.349682e-03
1.354417e-03
1.359160e-03
1.363912e-03
1.368671e-03
1.373439e-03
1.378216e-03
1.383000e-03
1.387793e-03
1.392594e-03
1.397403e-03
1.402221e-03
1.407047e-03
1.411881e-03
1.416724e-03
1.421575e-03
1.426434e-03
1.431301e-03
1.436177e-03
1.441061e-03
1.445953e-03
1.450854e-03
1.455762e-03
1.460680e-03
1.465605e-03
1.470539e-03
1.475481e-03
1.480431e-03
1.485390e-03
1.490356e-03
1.495331e-03
1.500315e-03
1.505307e-03
1.510307e-03
1.515315e-03
1.520331e-03
1.525356e-03
1.530389e-03
1.535431e-03
1.540480e-03
1.545538e-03
1.550605e-03
1.555679e-03
1.560762e-03
1.565853e-03
1.570953e-03
1.576060e-03
1.581176e-03
1.586301e-03
1.591433e-03
1.596574e-03
1.601723e-03
1.606881e-03
1.612046e-03
1.617220e-03
1.622403e-03
1.627593e-03
1.632792e-03
1.637999e-03
1.643215e-03
1.648438e-03
1.653670e-03
1.658911e-03
1.664159e-03
1.669416e-03
1.674681e-03
1.679955e-03
1.685236e-03
1.690526e-03
1.695825e-03
1.701131e-03
1.706446e-03
1.711769e-03
1.717101e-03
1.722440e-03
1.727788e-03
1.733145e-03
1.738509e-03
1.743882e-03
1.749263e-03
1.754653e-03
1.760051e-03
1.765457e-03
1.770871e-03
1.776293e-03
1.781724e-03
1.787163e-03
1.792611e-03
1.798067e-03
1.803531e-03
1.809003e-03
1.814484e-03
1.819972e-03
1.825470e-03
1.830975e-03
1.836489e-03
1.842011e-03
1.847541e-03
1.853080e-03
1.858627e-03
1.864182e-03
1.869745e-03
1.875317e-03
1.880897e-03
1.886485e-03
1.892082e-03
1.897687e-03
1.903300e-03
1.908921e-03
1.914551e-03
1.920189e-03
1.925836e-03
1.931490e-03
1.937153e-03
1.942824e-03
1.948504e-03
1.954191e-03
1.959887e-03
1.965592e-03
1.971304e-03
1.977025e-03
1.982754e-03
1.988492e-03
1.994238e-03
1.999992e-03
2.005754e-03
2.011525e-03
2.017304e-03
2.023091e-03
2.028886e-03
2.034690e-03
2.040502e-03
2.046322e-03
2.052151e-03
2.057988e-03
2.063833e-03
2.069687e-03
2.075548e-03
2.081418e-03
2.087297e-03
2.093183e-03
2.099078e-03
2.104981e-03
2.110893e-03
2.116813e-03
2.122741e-03
2.128677e-03
2.134622e-03
2.140575e-03
2.146536e-03
2.152505e-03
2.158483e-03
2.164469e-03
2.170463e-03
2.176466e-03
2.182477e-03
2.188496e-03
2.194524e-03
2.200559e-03
2.206604e-03
2.212656e-03
2.218717e-03
2.224785e-03
2.230863e-03
2.236948e-03
2.243042e-03
2.249144e-03
2.255254e-03
2.261373e-03
2.267500e-03
2.273635e-03
2.279779e-03
2.285930e-03
2.292091e-03
2.298259e-03
2.304436e-03
2.310620e-03
2.316814e-03
2.323015e-03
2.329225e-03
2.335443e-03
2.341669e-03
2.347904e-03
2.354147e-03
2.360398e-03
2.366658e-03
2.372926e-03
2.379202e-03
2.385486e-03
2.391779e-03
2.398080e-03
2.404389e-03
2.410706e-03
2.417032e-03
2.423366e-03
2.429709e-03
2.436059e-03
2.442418e-03
2.448785e-03
2.455161e-03
2.461545e-03
2.467937e-03
2.474337e-03
2.480746e-03
2.487163e-03
2.493588e-03
2.500022e-03
2.506463e-03
2.512913e-03
2.519372e-03
2.525838e-03
2.532313e-03
2.538797e-03
2.545288e-03
2.551788e-03
2.558296e-03
2.564813e-03
2.571337e-03
2.577870e-03
2.584411e-03
2.590961e-03
2.597519e-03
2.604085e-03
2.610659e-03
2.617242e-03
2.623833e-03
2.630432e-03
2.637040e-03
2.643655e-03
2.650280e-03
2.656912e-03
2.663553e-03
2.670202e-03
2.676859e-03
2.683524e-03
2.690198e-03
2.696880e-03
2.703571e-03
2.710269e-03
2.716976e-03
2.723692e-03
2.730415e-03
2.737147e-03
2.743887e-03
2.750636e-03
2.757392e-03
2.764157e-03
2.770930e-03
2.777712e-03
2.784502e-03
2.791300e-03
2.798106e-03
2.804921e-03
2.811744e-03
2.818575e-03
2.825415e-03
2.832263e-03
2.839119e-03
2.845983e-03
2.852856e-03
2.859737e-03
2.866626e-03
2.873524e-03
2.880430e-03
2.887344e-03
2.894266e-03
2.901197e-03
2.908136e-03
2.915083e-03
2.922039e-03
2.929003e-03
2.935975e-03
2.942955e-03
2.949944e-03
2.956941e-03
2.963946e-03
2.970960e-03
2.977982e-03
2.985012e-03
2.992050e-03
2.999097e-03
3.006152e-03
3.013215e-03
3.020287e-03
3.027366e-03
3.034455e-03
3.041551e-03
3.048656e-03
3.055769e-03
3.062890e-03
3.070020e-03
3.077158e-03
3.084304e-03
3.091458e-03
3.098621e-03
3.105792e-03
3.112971e-03
3.120159e-03
3.127355e-03
3.134559e-03
3.141771e-03
3.148992e-03
3.156221e-03
3.163458e-03
3.170704e-03
3.177958e-03
3.185220e-03
3.192490e-03
3.199769e-03
3.207056e-03
3.214351e-03
3.221655e-03
3.228967e-03
3.236287e-03
3.243615e-03
3.250952e-03
3.258297e-03
3.265650e-03
3.273012e-03
3.280382e-03
3.287760e-03
3.295147e-03
3.302541e-03
3.309944e-03
3.317356e-03
3.324775e-03
3.332203e-03
3.339639e-03
3.347084e-03
3.354536e-03
3.361997e-03
3.369467e-03
3.376944e-03
3.384430e-03
3.391924e-03
3.399427e-03
3.406938e-03
3.414457e-03
3.421984e-03
3.429520e-03
3.437064e-03
3.444616e-03
3.452176e-03
3.459745e-03
3.467322e-03
3.474907e-03
3.482501e-03
3.490103e-03
3.497713e-03
3.505331e-03
3.512958e-03
3.520593e-03
3.528237e-03
3.535888e-03
3.543548e-03
3.551216e-03
3.558893e-03
3.566578e-03
3.574271e-03
3.581972e-03
3.589682e-03
3.597399e-03
3.605126e-03
3.612860e-03
3.620603e-03
3.628354e-03
3.636113e-03
3.643881e-03
3.651657e-03
3.659441e-03
3.667233e-03
3.675034e-03
3.682843e-03
3.690661e-03
3.698486e-03
3.706320e-03
3.714162e-03
3.722013e-03
3.729872e-03
3.737739e-03
3.745614e-03
3.753498e-03
3.761390e-03
3.769290e-03
3.777198e-03
3.785115e-03
3.793040e-03
3.800973e-03
3.808915e-03
3.816865e-03
3.824823e-03
3.832790e-03
3.840765e-03
3.848748e-03
3.856739e-03
3.864739e-03
3.872747e-03
3.880763e-03
3.888787e-03
3.896820e-03
3.904861e-03
3.912910e-03
3.920968e-03
3.929034e-03
3.937108e-03
3.945191e-03
3.953282e-03
3.961381e-03
3.969488e-03
3.977604e-03
3.985728e-03
3.993860e-03
4.002000e-03
4.010149e-03
4.018306e-03
4.026472e-03
4.034645e-03
4.042827e-03
4.051017e-03
4.059216e-03
4.067423e-03
4.075638e-03
4.083861e-03
4.092093e-03
4.100333e-03
4.108581e-03
4.116838e-03
4.125102e-03
4.133375e-03
4.141657e-03
4.149946e-03
4.158244e-03
4.166551e-03
4.174865e-03
4.183188e-03
4.191519e-03
4.199858e-03
4.208206e-03
4.216562e-03
4.224926e-03
4.233299e-03
4.241680e-03
4.250069e-03
4.258466e-03
4.266872e-03
4.275286e-03
4.283708e-03
4.292139e-03
4.300577e-03
4.309024e-03
4.317480e-03
4.325944e-03
4.334416e-03
4.342896e-03
4.351384e-03
4.359881e-03
4.368386e-03
4.376900e-03
4.385421e-03
4.393951e-03
4.402490e-03
4.411036e-03
4.419591e-03
4.428154e-03
4.436725e-03
4.445305e-03
4.453893e-03
4.462489e-03
4.471094e-03
4.479707e-03
4.488328e-03
4.496957e-03
4.505595e-03
4.514241e-03
4.522895e-03
4.531558e-03
4.540229e-03
4.548908e-03
4.557595e-03
4.566291e-03
4.574995e-03
4.583707e-03
4.592428e-03
4.601156e-03
4.609894e-03
4.618639e-03
4.627393e-03
4.636155e-03
4.644925e-03
4.653704e-03
4.662490e-03
4.671285e-03
4.680089e-03
4.688901e-03
4.697721e-03
4.706549e-03
4.715385e-03
4.724230e-03
4.733083e-03
4.741945e-03
4.750815e-03
4.759693e-03
4.768579e-03
4.777473e-03
4.786376e-03
4.795287e-03
4.804207e-03
4.813135e-03
4.822071e-03
4.831015e-03
4.839967e-03
4.848928e-03
4.857897e-03
4.866875e-03
4.875861e-03
4.884855e-03
4.893857e-03
4.902867e-03
4.911886e-03
4.920913e-03
4.929949e-03
4.938993e-03
4.948045e-03
4.957105e-03
4.966173e-03
4.975250e-03
4.984335e-03
4.993429e-03
5.002531e-03
5.011641e-03
5.020759e-03
5.029886e-03
5.039020e-03
5.048164e-03
5.057315e-03
5.066475e-03
5.075643e-03
5.084819e-03
5.094004e-03
5.103197e-03
5.112398e-03
5.121607e-03
5.130825e-03
5.140051e-03
5.149285e-03
5.158528e-03
5.167779e-03
5.177038e-03
5.186305e-03
5.195581e-03
5.204865e-03
5.214157e-03
5.223458e-03
5.232767e-03
5.242084e-03
5.251410e-03
5.260743e-03
5.270085e-03
5.279436e-03
5.288794e-03
5.298161e-03
5.307536e-03
5.316920e-03
5.326311e-03
5.335712e-03
5.345120e-03
5.354536e-03
5.363961e-03
5.373395e-03
5.382836e-03
5.392286e-03
5.401744e-03
5.411210e-03
5.420685e-03
5.430168e-03
5.439659e-03
5.449158e-03
5.458666e-03
5.468182e-03
5.477706e-03
5.487239e-03
5.496780e-03
5.506329e-03
5.515887e-03
5.525452e-03
5.535026e-03
5.544609e-03
5.554199e-03
5.563798e-03
5.573405e-03
5.583021e-03
5.592645e-03
5.602277e-03
5.611917e-03
5.621566e-03
5.631223e-03
5.640888e-03
5.650561e-03
5.660243e-03
5.669933e-03
5.679631e-03
5.689338e-03
5.699053e-03
5.708776e-03
5.718508e-03
5.728248e-03
5.737996e-03
5.747752e-03
5.757517e-03
5.767289e-03
5.777071e-03
5.786860e-03
5.796658e-03
5.806464e-03
5.816278e-03
5.826101e-03
5.835932e-03
5.845771e-03
5.855619e-03
5.865474e-03
5.875338e-03
5.885211e-03
5.895091e-03
5.904980e-03
5.914878e-03
5.924783e-03
5.934697e-03
5.944619e-03
5.954549e-03
5.964488e-03
5.974435e-03
5.984390e-03
5.994354e-03
6.004325e-03
6.014306e-03
6.024294e-03
6.034291e-03
6.044296e-03
6.054309e-03
6.064330e-03
6.074360e-03
6.084398e-03
6.094444e-03
6.104499e-03
6.114562e-03
6.124633e-03
6.134713e-03
6.144801e-03
6.154897e-03
6.165001e-03
6.175114e-03
6.185235e-03
6.195364e-03
6.205501e-03
6.215647e-03
6.225801e-03
6.235964e-03
6.246134e-03
6.256313e-03
6.266501e-03
6.276696e-03
6.286900e-03
6.297112e-03
6.307332e-03
6.317561e-03
6.327798e-03
6.338043e-03
6.348297e-03
6.358559e-03
6.368829e-03
6.379107e-03
6.389394e-03
6.399689e-03
6.409992e-03
6.420304e-03
6.430623e-03
6.440951e-03
6.451288e-03
6.461633e-03
6.471986e-03
6.482347e-03
6.492716e-03
6.503094e-03
6.513480e-03
6.523875e-03
6.534277e-03
6.544688e-03
6.555108e-03
6.565535e-03
6.575971e-03
6.586415e-03
6.596867e-03
6.607328e-03
6.617797e-03
6.628274e-03
6.638760e-03
6.649254e-03
6.659756e-03
6.670266e-03
6.680785e-03
6.691312e-03
6.701847e-03
6.712391e-03
6.722943e-03
6.733503e-03
6.744071e-03
6.754648e-03
6.765233e-03
6.775826e-03
6.786428e-03
6.797037e-03
6.807656e-03
6.818282e-03
6.828917e-03
6.839560e-03
6.850211e-03
6.860871e-03
6.871538e-03
6.882215e-03
6.892899e-03
6.903592e-03
6.914293e-03
6.925002e-03
6.935719e-03
6.946445e-03
6.957179e-03
6.967922e-03
6.978673e-03
6.989432e-03
7.000199e-03
7.010974e-03
7.021758e-03
7.032550e-03
7.043351e-03
7.054160e-03
7.064977e-03
7.075802e-03
7.086635e-03
7.097477e-03
7.108327e-03
7.119186e-03
7.130053e-03
7.140928e-03
7.151811e-03
7.162702e-03
7.173602e-03
7.184510e-03
7.195427e-03
7.206352e-03
7.217285e-03
7.228226e-03
7.239176e-03
7.250133e-03
7.261100e-03
7.272074e-03
7.283057e-03
7.294048e-03
7.305047e-03
7.316055e-03
7.327071e-03
7.338095e-03
7.349127e-03
7.360168e-03
7.371217e-03
7.382274e-03
7.393340e-03
7.404414e-03
7.415496e-03
7.426586e-03
7.437685e-03
7.448792e-03
7.459907e-03
7.471031e-03
7.482163e-03
7.493303e-03
7.504451e-03
7.515608e-03
7.526773e-03
7.537947e-03
7.549128e-03
7.560318e-03
7.571516e-03
7.582723e-03
7.593937e-03
7.605160e-03
7.616392e-03
7.627631e-03
7.638879e-03
7.650135e-03
7.661400e-03
7.672673e-03
7.683954e-03
7.695243e-03
7.706541e-03
7.717846e-03
7.729161e-03
7.740483e-03
7.751814e-03
7.763153e-03
7.774500e-03
7.785856e-03
7.797220e-03
7.808592e-03
7.819972e-03
7.831361e-03
7.842758e-03
7.854164e-03
7.865577e-03
7.876999e-03
7.888429e-03
7.899868e-03
7.911315e-03
7.922770e-03
7.934233e-03
7.945705e-03
7.957184e-03
7.968673e-03
7.980169e-03
7.991674e-03
8.003187e-03
8.014708e-03
8.026238e-03
8.037776e-03
8.049322e-03
8.060876e-03
8.072439e-03
8.084010e-03
8.095590e-03
8.107177e-03
8.118773e-03
8.130377e-03
8.141990e-03
8.153611e-03
8.165240e-03
8.176877e-03
8.188523e-03
8.200177e-03
8.211839e-03
8.223509e-03
8.235188e-03
8.246875e-03
8.258571e-03
8.270274e-03
8.281986e-03
8.293706e-03
8.305435e-03
8.317172e-03
8.328917e-03
8.340670e-03
8.352432e-03
8.364202e-03
8.375980e-03
8.387766e-03
8.399561e-03
8.411364e-03
8.423176e-03
8.434995e-03
8.446823e-03
8.458659e-03
8.470504e-03
8.482357e-03
8.494218e-03
8.506087e-03
8.517965e-03
8.529851e-03
8.541745e-03
8.553647e-03
8.565558e-03
8.577477e-03
8.589405e-03
8.601340e-03
8.613284e-03
8.625237e-03
8.637197e-03
8.649166e-03
8.661143e-03
8.673128e-03
8.685122e-03
8.697124e-03
8.709134e-03
8.721153e-03
8.733180e-03
8.745215e-03
8.757258e-03
8.769310e-03
8.781370e-03
8.793438e-03
8.805514e-03
8.817599e-03
8.829692e-03
8.841794e-03
8.853903e-03
8.866021e-03
8.878148e-03
8.890282e-03
8.902425e-03
8.914576e-03
8.926735e-03
8.938903e-03
8.951079e-03
8.963263e-03
8.975456e-03
8.987657e-03
8.999866e-03
9.012083e-03
9.024309e-03
9.036543e-03
9.048785e-03
9.061036e-03
9.073294e-03
9.085562e-03
9.097837e-03
9.110121e-03
9.122413e-03
9.134713e-03
9.147021e-03
9.159338e-03
9.171663e-03
9.183997e-03
9.196338e-03
9.208688e-03
9.221047e-03
9.233413e-03
9.245788e-03
9.258171e-03
9.270563e-03
9.282962e-03
9.295370e-03
9.307787e-03
9.320211e-03
9.332644e-03
9.345085e-03
9.357534e-03
9.369992e-03
9.382458e-03
9.394932e-03
9.407415e-03
9.419906e-03
9.432405e-03
9.444912e-03
9.457428e-03
9.469952e-03
9.481820e-03
9.493646e-03
9.505431e-03
9.517174e-03
9.528876e-03
9.540537e-03
9.552157e-03
9.563735e-03
9.575272e-03
9.586768e-03
9.598222e-03
9.609635e-03
9.621007e-03
9.632337e-03
9.643626e-03
9.654874e-03
9.666080e-03
9.677245e-03
9.688369e-03
9.699451e-03
9.710493e-03
9.721492e-03
9.732451e-03
9.743368e-03
9.754244e-03
9.765078e-03
9.775871e-03
9.786623e-03
9.797334e-03
9.808003e-03
9.818631e-03
9.829217e-03
9.839763e-03
9.850267e-03
9.860729e-03
9.871150e-03
9.881530e-03
9.891869e-03
9.902166e-03
9.912422e-03
9.922637e-03
9.932810e-03
9.942942e-03
9.953033e-03
9.963082e-03
9.973090e-03
9.983057e-03
9.992983e-03
1.000287e-02
1.001271e-02
1.002251e-02
1.003227e-02
1.004199e-02
1.005167e-02
1.006130e-02
1.007090e-02
1.008045e-02
1.008996e-02
1.009943e-02
1.010886e-02
1.011825e-02
1.012760e-02
1.013691e-02
1.014617e-02
1.015539e-02
1.016457e-02
1.017371e-02
1.018281e-02
1.019187e-02
1.020089e-02
1.020986e-02
1.021880e-02
1.022769e-02
1.023654e-02
1.024535e-02
1.025412e-02
1.026284e-02
1.027153e-02
1.028017e-02
1.028878e-02
1.029734e-02
1.030586e-02
1.031434e-02
1.032278e-02
1.033117e-02
1.033953e-02
1.034784e-02
1.035612e-02
1.036435e-02
1.037254e-02
1.038069e-02
1.038879e-02
1.039686e-02
1.040488e-02
1.041287e-02
1.042081e-02
1.042871e-02
1.043657e-02
1.044439e-02
1.045216e-02
1.045990e-02
1.046759e-02
1.047524e-02
1.048286e-02
1.049043e-02
1.049796e-02
1.050544e-02
1.051289e-02
1.052029e-02
1.052766e-02
1.053498e-02
1.054226e-02
1.054950e-02
1.055670e-02
1.056385e-02
1.057097e-02
1.057804e-02
1.058508e-02
1.059207e-02
1.059902e-02
1.060593e-02
1.061280e-02
1.061962e-02
1.062641e-02
1.063315e-02
1.063985e-02
1.064651e-02
1.065313e-02
1.065971e-02
1.066625e-02
1.067274e-02
1.067920e-02
1.068561e-02
1.069198e-02
1.069831e-02
1.070460e-02
1.071085e-02
1.071706e-02
1.072322e-02
1.072935e-02
1.073543e-02
1.074147e-02
1.074747e-02
1.075343e-02
1.075935e-02
1.076522e-02
1.077106e-02
1.077685e-02
1.078260e-02
1.078831e-02
1.079398e-02
1.079961e-02
1.080520e-02
1.081074e-02
1.081625e-02
1.082171e-02
1.082713e-02
1.083251e-02
1.083785e-02
1.084315e-02
1.084840e-02
1.085362e-02
1.085879e-02
1.086392e-02
1.086901e-02
1.087406e-02
1.087907e-02
1.088404e-02
1.088896e-02
1.089385e-02
1.089869e-02
1.090349e-02
1.090825e-02
1.091297e-02
1.091765e-02
1.092228e-02
1.092688e-02
1.093143e-02
1.093594e-02
1.094042e-02
1.094485e-02
1.094923e-02
1.095358e-02
1.095789e-02
1.096215e-02
1.096637e-02
1.097056e-02
1.097470e-02
1.097879e-02
1.098285e-02
1.098687e-02
1.099084e-02
1.099478e-02
1.099867e-02
1.100252e-02
1.100633e-02
1.101010e-02
1.101383e-02
1.101751e-02
1.102116e-02
1.102476e-02
1.102832e-02
1.103184e-02
1.103532e-02
1.103876e-02
1.104216e-02
1.104551e-02
1.104883e-02
1.105210e-02
1.105533e-02
1.105852e-02
1.106167e-02
1.106478e-02
1.106784e-02
1.107087e-02
1.107385e-02
1.107679e-02
1.107969e-02
1.108255e-02
1.108537e-02
1.108815e-02
1.109088e-02
1.109358e-02
1.109623e-02
1.109884e-02
1.110141e-02
1.110394e-02
1.110643e-02
1.110887e-02
1.111128e-02
1.111364e-02
1.111596e-02
1.111825e-02
1.112048e-02
1.112268e-02
1.112484e-02
1.112696e-02
1.112903e-02
1.113106e-02
1.113305e-02
1.113500e-02
1.113691e-02
1.113878e-02
1.114061e-02
1.114239e-02
1.114414e-02
1.114584e-02
1.114750e-02
1.114912e-02
1.115070e-02
1.115224e-02
1.115373e-02
1.115519e-02
1.115660e-02
1.115797e-02
1.115930e-02
1.116059e-02
1.116184e-02
1.116304e-02
1.116421e-02
1.116533e-02
1.116642e-02
1.116746e-02
1.116846e-02
1.116942e-02
1.117033e-02
1.117121e-02
1.117204e-02
1.117284e-02
1.117359e-02
1.117430e-02
1.117497e-02
1.117560e-02
1.117618e-02
1.117673e-02
1.117723e-02
1.117770e-02
1.117812e-02
1.117850e-02
1.117884e-02
1.117913e-02
1.117939e-02
1.117961e-02
1.117978e-02
1.117991e-02
1.118000e-02
1.118005e-02
1.118006e-02
1.118003e-02
1.117995e-02
1.117984e-02
1.117968e-02
1.117948e-02
1.117924e-02
1.117896e-02
1.117864e-02
1.117827e-02
1.117787e-02
1.117742e-02
1.117694e-02
1.117663e-02
1.117663e-02
1.117663e-02
1.117663e-02
1.117663e-02
1.117663e-02
1.117663e-02
1.117663e-02
1.117663e-02
1.117663e-02
1.117663e-02
1.117663e-02
1.117663e-02
1.117663e-02
1.117663e-02
1.117663e-02
1.117663e-02
1.117663e-02
1.117663e-02
1.117663e-02
1.117663e-02
1.117663e-02
1.117663e-02
1.117663e-02
1.117663e-02
1.117663e-02
1.117663e-02
1.117663e-02
1.117663e-02
1.117663e-02
1.117663e-02
1.117663e-02
1.117663e-02
1.117663e-02
1.117663e-02
1.117663e-02
1.117663e-02
1.117663e-02
1.117663e-02
1.117663e-02
1.117663e-02
1.117663e-02
1.117663e-02
1.117663e-02
1.117663e-02
1.117663e-02
1.117663e-02
1.117663e-02
1.117663e-02
1.117663e-02
1.117663e-02
1.117663e-02
1.117663e-02
1.117663e-02
1.117663e-02
1.117663e-02
1.117663e-02
1.117663e-02
1.117663e-02
1.117663e-02
1.117663e-02
1.117663e-02
1.117663e-02
1.117663e-02
1.117663e-02
1.117663e-02
1.117663e-02
1.117663e-02
1.117663e-02
1.117663e-02
1.117663e-02
1.117663e-02
1.117663e-02
1.117663e-02
1.117663e-02
1.117663e-02
1.117663e-02
1.117663e-02
1.117663e-02
1.117663e-02
1.117663e-02
1.117663e-02
1.117663e-02
1.117663e-02
1.117663e-02
1.117663e-02
1.117663e-02
1.117663e-02
1.117663e-02
1.117663e-02
1.117663e-02
1.117663e-02
1.117663e-02
1.117663e-02
1.117663e-02
1.117663e-02
1.117663e-02
1.117663e-02
1.117663e-02
1.117663e-02
1.117663e-02
1.117663e-02
1.117663e-02
1.117663e-02
1.117663e-02
1.117663e-02
1.117663e-02
1.117663e-02
1.117663e-02
1.117663e-02
1.117663e-02
1.117663e-02
1.117663e-02
1.117663e-02
1.117663e-02
1.117663e-02
1.117663e-02
1.117663e-02
1.117663e-02
1.117663e-02
1.117663e-02
1.117663e-02
1.117663e-02
1.117663e-02
1.117663e-02
1.117663e-02
1.117663e-02
1.117663e-02
1.117663e-02
1.117663e-02
1.117663e-02
1.117663e-02
1.117663e-02
1.117663e-02
1.117663e-02
1.117663e-02
1.117663e-02
1.117663e-02
1.117663e-02
1.117663e-02
1.117663e-02
1.117663e-02
1.117663e-02
1.117663e-02
1.117663e-02
1.117663e-02
1.117663e-02
1.117663e-02
1.117663e-02
1.117663e-02
1.117663e-02
1.117663e-02
1.117663e-02
1.117663e-02
1.117663e-02
1.117663e-02
1.117663e-02
1.117663e-02
1.117663e-02
1.117663e-02
1.117663e-02
1.117663e-02
1.117663e-02
1.117663e-02
1.117663e-02
1.117663e-02
1.117663e-02
1.117663e-02
1.117663e-02
1.117663e-02
1.117663e-02
1.117663e-02
1.117663e-02
1.117663e-02
1.117663e-02
1.117663e-02
1.117663e-02
1.117663e-02
1.117663e-02
1.117663e-02
1.117663e-02
1.117663e-02
1.117663e-02
1.117663e-02
1.117663e-02
1.117663e-02
1.117663e-02
1.117663e-02
1.117663e-02
1.117663e-02
1.117663e-02
1.117663e-02
1.117663e-02
1.117663e-02
1.117663e-02
1.117663e-02
1.117663e-02
1.117663e-02
1.117663e-02
1.117663e-02
1.117663e-02
