0.000000e+00
1.110371e-07
2.304861e-07
3.583470e-07
4.946197e-07
6.393044e-07
7.924010e-07
9.539095e-07
1.123830e-06
1.302162e-06
1.488906e-06
1.684062e-06
1.887630e-06
2.099610e-06
2.320002e-06
2.548806e-06
2.786021e-06
3.031649e-06
3.285688e-06
3.548140e-06
3.819003e-06
4.098278e-06
4.385965e-06
4.682064e-06
4.986575e-06
5.299497e-06
5.620832e-06
5.950578e-06
6.288737e-06
6.635307e-06
6.990289e-06
7.353683e-06
7.725489e-06
8.105707e-06
8.494337e-06
8.891379e-06
9.296832e-06
9.710698e-06
1.013298e-05
1.056366e-05
1.100277e-05
1.145028e-05
1.190620e-05
1.237054e-05
1.284329e-05
1.332445e-05
1.381402e-05
1.431201e-05
1.481840e-05
1.533321e-05
1.585643e-05
1.638806e-05
1.692811e-05
1.747656e-05
1.803343e-05
1.859871e-05
1.917240e-05
1.975451e-05
2.034502e-05
2.094395e-05
2.155129e-05
2.216704e-05
2.279120e-05
2.342378e-05
2.406476e-05
2.471416e-05
2.537197e-05
2.603820e-05
2.671283e-05
2.739588e-05
2.808734e-05
2.878721e-05
2.949549e-05
3.021218e-05
3.093729e-05
3.167081e-05
3.241273e-05
3.316308e-05
3.392183e-05
3.468900e-05
3.546457e-05
3.624856e-05
3.704096e-05
3.784178e-05
3.865100e-05
3.946864e-05
4.029469e-05
4.112915e-05
4.197202e-05
4.282330e-05
4.368300e-05
4.455111e-05
4.542763e-05
4.631256e-05
4.720590e-05
4.810766e-05
4.901783e-05
4.993641e-05
5.086340e-05
5.179880e-05
5.274262e-05
5.369484e-05
5.465548e-05
5.562453e-05
5.660200e-05
5.758787e-05
5.858216e-05
5.958486e-05
6.059597e-05
6.161549e-05
6.264342e-05
6.367977e-05
6.472453e-05
6.577770e-05
6.683928e-05
6.790927e-05
6.898768e-05
7.007450e-05
7.116973e-05
7.227337e-05
7.338542e-05
7.450588e-05
7.563476e-05
7.677205e-05
7.791775e-05
7.907186e-05
8.023439e-05
8.140533e-05
8.258467e-05
8.377243e-05
8.496861e-05
8.617319e-05
8.738619e-05
8.860759e-05
8.983741e-05
9.107565e-05
9.232229e-05
9.357735e-05
9.484081e-05
9.611269e-05
9.739298e-05
9.868169e-05
9.997880e-05
1.012843e-04
1.025983e-04
1.039206e-04
1.052514e-04
1.065906e-04
1.079381e-04
1.092941e-04
1.106586e-04
1.120314e-04
1.134126e-04
1.148023e-04
1.162003e-04
1.176068e-04
1.190217e-04
1.204450e-04
1.218767e-04
1.233168e-04
1.247653e-04
1.262222e-04
1.276876e-04
1.291614e-04
1.306435e-04
1.321341e-04
1.336331e-04
1.351405e-04
1.366564e-04
1.381806e-04
1.397133e-04
1.412543e-04
1.428038e-04
1.443617e-04
1.459280e-04
1.475027e-04
1.490858e-04
1.506773e-04
1.522773e-04
1.538856e-04
1.555024e-04
1.571276e-04
1.587612e-04
1.604032e-04
1.620536e-04
1.637124e-04
1.653796e-04
1.670553e-04
1.687394e-04
1.704318e-04
1.721327e-04
1.738420e-04
1.755597e-04
1.772858e-04
1.790204e-04
1.807633e-04
1.825147e-04
1.842745e-04
1.860426e-04
1.878192e-04
1.896042e-04
1.913977e-04
1.931995e-04
1.950097e-04
1.968284e-04
1.986554e-04
2.004909e-04
2.023348e-04
2.041871e-04
2.060478e-04
2.079169e-04
2.097945e-04
2.116804e-04
2.135748e-04
2.154776e-04
2.173887e-04
2.193083e-04
2.212363e-04
2.231728e-04
2.251176e-04
2.270708e-04
2.290325e-04
2.310026e-04
2.329810e-04
2.349679e-04
2.369632e-04
2.389670e-04
2.409791e-04
2.429996e-04
2.450286e-04
2.470659e-04
2.491117e-04
2.511659e-04
2.532285e-04
2.552995e-04
2.573789e-04
2.594668e-04
2.615630e-04
2.636677e-04
2.657807e-04
2.679022e-04
2.700321e-04
2.721704e-04
2.743171e-04
2.764723e-04
2.786358e-04
2.808077e-04
2.829881e-04
2.851769e-04
2.873741e-04
2.895797e-04
2.917937e-04
2.940161e-04
2.962469e-04
2.984862e-04
3.007339e-04
3.029899e-04
3.052544e-04
3.075273e-04
3.098086e-04
3.120983e-04
3.143965e-04
3.167030e-04
3.190180e-04
3.213413e-04
3.236731e-04
3.260133e-04
3.283619e-04
3.307189e-04
3.330843e-04
3.354582e-04
3.378404e-04
3.402311e-04
3.426302e-04
3.450377e-04
3.474535e-04
3.498779e-04
3.523106e-04
3.547517e-04
3.572013e-04
3.596592e-04
3.621256e-04
3.646004e-04
3.670836e-04
3.695752e-04
3.720752e-04
3.745836e-04
3.771005e-04
3.796257e-04
3.821594e-04
3.847014e-04
3.872519e-04
3.898108e-04
3.923781e-04
3.949539e-04
3.975380e-04
4.001306e-04
4.027315e-04
4.053409e-04
4.079587e-04
4.105849e-04
4.132195e-04
4.158625e-04
4.185139e-04
4.211738e-04
4.238420e-04
4.265187e-04
4.292038e-04
4.318973e-04
4.345992e-04
4.373095e-04
4.400282e-04
4.427553e-04
4.454909e-04
4.482348e-04
4.509872e-04
4.537480e-04
4.565172e-04
4.592948e-04
4.620808e-04
4.648753e-04
4.676781e-04
4.704894e-04
4.733090e-04
4.761371e-04
4.789736e-04
4.818185e-04
4.846718e-04
4.875336e-04
4.904037e-04
4.932823e-04
4.961692e-04
4.990646e-04
5.019684e-04
5.048806e-04
5.078012e-04
5.107302e-04
5.136677e-04
5.166135e-04
5.195678e-04
5.225304e-04
5.255015e-04
5.284810e-04
5.314689e-04
5.344652e-04
5.374700e-04
5.404831e-04
5.435047e-04
5.465346e-04
5.495730e-04
5.526198e-04
5.556750e-04
5.587386e-04
5.618106e-04
5.648911e-04
5.679799e-04
5.710772e-04
5.741829e-04
5.772970e-04
5.804195e-04
5.835504e-04
5.866897e-04
5.898374e-04
5.929936e-04
5.961581e-04
5.993311e-04
6.025125e-04
6.057023e-04
6.089005e-04
6.121071e-04
6.153221e-04
6.185455e-04
6.217774e-04
6.250177e-04
6.282663e-04
6.315234e-04
6.347889e-04
6.380628e-04
6.413452e-04
6.446359e-04
6.479350e-04
6.512426e-04
6.545586e-04
6.578830e-04
6.612158e-04
6.645570e-04
6.679066e-04
6.712646e-04
6.746311e-04
6.780059e-04
6.813892e-04
6.847809e-04
6.881809e-04
6.915894e-04
6.950064e-04
6.984317e-04
7.018654e-04
7.053076e-04
7.087581e-04
7.122171e-04
7.156845e-04
7.191603e-04
7.226445e-04
7.261371e-04
7.296382e-04
7.331476e-04
7.366655e-04
7.401917e-04
7.437264e-04
7.472695e-04
7.508210e-04
7.543809e-04
7.579492e-04
7.615260e-04
7.651111e-04
7.687047e-04
7.723067e-04
7.759171e-04
7.795359e-04
7.831631e-04
7.867987e-04
7.904427e-04
7.940952e-04
7.977560e-04
8.014253e-04
8.051030e-04
8.087891e-04
8.124836e-04
8.161865e-04
8.198978e-04
8.236176e-04
8.273457e-04
8.310823e-04
8.348273e-04
8.385807e-04
8.423425e-04
8.461127e-04
8.498913e-04
8.536784e-04
8.574738e-04
8.612777e-04
8.650899e-04
8.689106e-04
8.727397e-04
8.765772e-04
8.804232e-04
8.842775e-04
8.881402e-04
8.920114e-04
8.958910e-04
8.997789e-04
9.036753e-04
9.075801e-04
9.114933e-04
9.154150e-04
9.193450e-04
9.232835e-04
9.272303e-04
9.311856e-04
9.351493e-04
9.391214e-04
9.431019e-04
9.470908e-04
9.510882e-04
9.550939e-04
9.591081e-04
9.631306e-04
9.671616e-04
9.712010e-04
9.752488e-04
9.793050e-04
9.833697e-04
9.874427e-04
9.915242e-04
9.956140e-04
9.997123e-04
1.003819e-03
1.007934e-03
1.012058e-03
1.016190e-03
1.020330e-03
1.024479e-03
1.028636e-03
1.032801e-03
1.036975e-03
1.041158e-03
1.045349e-03
1.049548e-03
1.053755e-03
1.057971e-03
1.062196e-03
1.066429e-03
1.070670e-03
1.074920e-03
1.079178e-03
1.083444e-03
1.087719e-03
1.092003e-03
1.096294e-03
1.100595e-03
1.104903e-03
1.109220e-03
1.113546e-03
1.117879e-03
1.122222e-03
1.126572e-03
1.130931e-03
1.135299e-03
1.139675e-03
1.144059e-03
1.148452e-03
1.152853e-03
1.157262e-03
1.161680e-03
1.166106e-03
1.170541e-03
1.174984e-03
1.179436e-03
1.183896e-03
1.188364e-03
1.192841e-03
1.197326e-03
1.201820e-03
1.206322e-03
1.210833e-03
1.215351e-03
1.219879e-03
1.224414e-03
1.228958e-03
1.233511e-03
1.238072e-03
1.242641e-03
1.247219e-03
1.251805e-03
1.256400e-03
1.261003e-03
1.265614e-03
1.270234e-03
1.274862e-03
1.279499e-03
1.284144e-03
1.288797e-03
1.293459e-03
1.298130e-03
1.302808e-03
1.307495e-03
1.312191e-03
1.316895e-03
1.321607e-03
1.326328e-03
1.331057e-03
1.335795e-03
1.340541e-03
1.345295e-03
1.350058e-03
1.354829e-03
1.359609e-03
1.364397e-03
1.369193e-03
1.373998e-03
1.378811e-03
1.383633e-03
1.388463e-03
1.393302e-03
1.398149e-03
1.403004e-03
1.407868e-03
1.412740e-03
1.417621e-03
1.422510e-03
1.427407e-03
1.432313e-03
1.437227e-03
1.442150e-03
1.447081e-03
1.452020e-03
1.456968e-03
1.461924e-03
1.466889e-03
1.471862e-03
1.476844e-03
1.481834e-03
1.486832e-03
1.491839e-03
1.496854e-03
1.501878e-03
1.506910e-03
1.511950e-03
1.516999e-03
1.522056e-03
1.527122e-03
1.532196e-03
1.537278e-03
1.542369e-03
1.547468e-03
1.552576e-03
1.557692e-03
1.562817e-03
1.567950e-03
1.573091e-03
1.578241e-03
1.583399e-03
1.588566e-03
1.593741e-03
1.598924e-03
1.604116e-03
1.609316e-03
1.614525e-03
1.619742e-03
1.624967e-03
1.630201e-03
1.635443e-03
1.640694e-03
1.645953e-03
1.651221e-03
1.656497e-03
1.661781e-03
1.667074e-03
1.672375e-03
1.677685e-03
1.683003e-03
1.688329e-03
1.693664e-03
1.699007e-03
1.704359e-03
1.709719e-03
1.715087e-03
1.720464e-03
1.725849e-03
1.731243e-03
1.736645e-03
1.742056e-03
1.747475e-03
1.752902e-03
1.758338e-03
1.763782e-03
1.769235e-03
1.774696e-03
1.780165e-03
1.785643e-03
1.791129e-03
1.796624e-03
1.802127e-03
1.807638e-03
1.813158e-03
1.818687e-03
1.824223e-03
1.829768e-03
1.835322e-03
1.840884e-03
1.846454e-03
1.852033e-03
1.857620e-03
1.863216e-03
1.868820e-03
1.874432e-03
1.880053e-03
1.885682e-03
1.891320e-03
1.896966e-03
1.902620e-03
1.908283e-03
1.913955e-03
1.919634e-03
1.925323e-03
1.931019e-03
1.936724e-03
1.942437e-03
1.948159e-03
1.953889e-03
1.959628e-03
1.965375e-03
1.971130e-03
1.976894e-03
1.982666e-03
1.988447e-03
1.994236e-03
2.000034e-03
2.005840e-03
2.011654e-03
2.017477e-03
2.023308e-03
2.029147e-03
2.034995e-03
2.040852e-03
2.046716e-03
2.052590e-03
2.058471e-03
2.064361e-03
2.070260e-03
2.076166e-03
2.082082e-03
2.088005e-03
2.093937e-03
2.099878e-03
2.105827e-03
2.111784e-03
2.117750e-03
2.123724e-03
2.129706e-03
2.135697e-03
2.141697e-03
2.147705e-03
2.153721e-03
2.159745e-03
2.165778e-03
2.171820e-03
2.177870e-03
2.183928e-03
2.189995e-03
2.196070e-03
2.202153e-03
2.208245e-03
2.214345e-03
2.220454e-03
2.226571e-03
2.232697e-03
2.238831e-03
2.244973e-03
2.251124e-03
2.257283e-03
2.263451e-03
2.269627e-03
2.275811e-03
2.282004e-03
2.288205e-03
2.294415e-03
2.300633e-03
2.306859e-03
2.313094e-03
2.319338e-03
2.325589e-03
2.331849e-03
2.338118e-03
2.344395e-03
2.350680e-03
2.356974e-03
2.363276e-03
2.369587e-03
2.375906e-03
2.382233e-03
2.388569e-03
2.394913e-03
2.401266e-03
2.407627e-03
2.413997e-03
2.420375e-03
2.426761e-03
2.433156e-03
2.439559e-03
2.445970e-03
2.452390e-03
2.458819e-03
2.465255e-03
2.471701e-03
2.478154e-03
2.484616e-03
2.491087e-03
2.497566e-03
2.504053e-03
2.510549e-03
2.517053e-03
2.523565e-03
2.530086e-03
2.536615e-03
2.543153e-03
2.549699e-03
2.556254e-03
2.562817e-03
2.569388e-03
2.575968e-03
2.582556e-03
2.589153e-03
2.595758e-03
2.602371e-03
2.608993e-03
2.615623e-03
2.622262e-03
2.628909e-03
2.635565e-03
2.642228e-03
2.648901e-03
2.655581e-03
2.662271e-03
2.668968e-03
2.675674e-03
2.682389e-03
2.689111e-03
2.695843e-03
2.702582e-03
2.709330e-03
2.716087e-03
2.722851e-03
2.729625e-03
2.736406e-03
2.743196e-03
2.749995e-03
2.756802e-03
2.763617e-03
2.770441e-03
2.777273e-03
2.784114e-03
2.790963e-03
2.797820e-03
2.804686e-03
2.811560e-03
2.818443e-03
2.825334e-03
2.832233e-03
2.839141e-03
2.846057e-03
2.852982e-03
2.859915e-03
2.866856e-03
2.873806e-03
2.880765e-03
2.887731e-03
2.894707e-03
2.901690e-03
2.908682e-03
2.915682e-03
2.922691e-03
2.929708e-03
2.936734e-03
2.943768e-03
2.950811e-03
2.957861e-03
2.964921e-03
2.971988e-03
2.979064e-03
2.986149e-03
2.993242e-03
3.000343e-03
3.007453e-03
3.014571e-03
3.021698e-03
3.028833e-03
3.035976e-03
3.043128e-03
3.050288e-03
3.057457e-03
3.064634e-03
3.071819e-03
3.079013e-03
3.086215e-03
3.093426e-03
3.100645e-03
3.107873e-03
3.115108e-03
3.122353e-03
3.129606e-03
3.136867e-03
3.144136e-03
3.151414e-03
3.158701e-03
3.165995e-03
3.173299e-03
3.180610e-03
3.187930e-03
3.195259e-03
3.202596e-03
3.209941e-03
3.217295e-03
3.224657e-03
3.232027e-03
3.239406e-03
3.246793e-03
3.254189e-03
3.261593e-03
3.269006e-03
3.276427e-03
3.283856e-03
3.291294e-03
3.298740e-03
3.306195e-03
3.313658e-03
3.321129e-03
3.328609e-03
3.336097e-03
3.343594e-03
3.351099e-03
3.358613e-03
3.366135e-03
3.373665e-03
3.381204e-03
3.388751e-03
3.396307e-03
3.403870e-03
3.411443e-03
3.419024e-03
3.426613e-03
3.434211e-03
3.441817e-03
3.449431e-03
3.457054e-03
3.464685e-03
3.472325e-03
3.479973e-03
3.487629e-03
3.495294e-03
3.502968e-03
3.510649e-03
3.518340e-03
3.526038e-03
3.533745e-03
3.541461e-03
3.549184e-03
3.556917e-03
3.564657e-03
3.572406e-03
3.580164e-03
3.587930e-03
3.595704e-03
3.603487e-03
3.611278e-03
3.619077e-03
3.626885e-03
3.634701e-03
3.642526e-03
3.650359e-03
3.658201e-03
3.666051e-03
3.673909e-03
3.681776e-03
3.689651e-03
3.697535e-03
3.705427e-03
3.713327e-03
3.721236e-03
3.729154e-03
3.737079e-03
3.745013e-03
3.752956e-03
3.760907e-03
3.768866e-03
3.776834e-03
3.784810e-03
3.792795e-03
3.800788e-03
3.808789e-03
3.816799e-03
3.824817e-03
3.832844e-03
3.840879e-03
3.848922e-03
3.856974e-03
3.865034e-03
3.873103e-03
3.881180e-03
3.889266e-03
3.897360e-03
3.905462e-03
3.913573e-03
3.921692e-03
3.929820e-03
3.937956e-03
3.946100e-03
3.954253e-03
3.962414e-03
3.970584e-03
3.978762e-03
3.986948e-03
3.995143e-03
4.003346e-03
4.011558e-03
4.019778e-03
4.028007e-03
4.036244e-03
4.044489e-03
4.052743e-03
4.061005e-03
4.069275e-03
4.077554e-03
4.085842e-03
4.094138e-03
4.102442e-03
4.110754e-03
4.119075e-03
4.127405e-03
4.135743e-03
4.144089e-03
4.152444e-03
4.160807e-03
4.169178e-03
4.177558e-03
4.185947e-03
4.194344e-03
4.202749e-03
4.211162e-03
4.219584e-03
4.228015e-03
4.236453e-03
4.244901e-03
4.253356e-03
4.261820e-03
4.270293e-03
4.278774e-03
4.287263e-03
4.295761e-03
4.304267e-03
4.312781e-03
4.321304e-03
4.329836e-03
4.338375e-03
4.346924e-03
4.355480e-03
4.364045e-03
4.372619e-03
4.381200e-03
4.389791e-03
4.398389e-03
4.406996e-03
4.415612e-03
4.424236e-03
4.432868e-03
4.441509e-03
4.450158e-03
4.458815e-03
4.467481e-03
4.476156e-03
4.484838e-03
4.493530e-03
4.502229e-03
4.510937e-03
4.519654e-03
4.528378e-03
4.537112e-03
4.545853e-03
4.554603e-03
4.563362e-03
4.572129e-03
4.580904e-03
4.589688e-03
4.598480e-03
4.607280e-03
4.616089e-03
4.624907e-03
4.633732e-03
4.642567e-03
4.651409e-03
4.660260e-03
4.669120e-03
4.677987e-03
4.686864e-03
4.695748e-03
4.704641e-03
4.713543e-03
4.722453e-03
4.731371e-03
4.740298e-03
4.749233e-03
4.758176e-03
4.767128e-03
4.776089e-03
4.785057e-03
4.794035e-03
4.803020e-03
4.812014e-03
4.821017e-03
4.830027e-03
4.839047e-03
4.848074e-03
4.857110e-03
4.866155e-03
4.875208e-03
4.884269e-03
4.893339e-03
4.902417e-03
4.911503e-03
4.920598e-03
4.929702e-03
4.938814e-03
4.947934e-03
4.957062e-03
4.966199e-03
4.975345e-03
4.984499e-03
4.993661e-03
5.002831e-03
5.012011e-03
5.021198e-03
5.030394e-03
5.039598e-03
5.048811e-03
5.058032e-03
5.067262e-03
5.076500e-03
5.085746e-03
5.095001e-03
5.104264e-03
5.113535e-03
5.122815e-03
5.132104e-03
5.141401e-03
5.150706e-03
5.160020e-03
5.169342e-03
5.178672e-03
5.188011e-03
5.197358e-03
5.206714e-03
5.216078e-03
5.225451e-03
5.234832e-03
5.244221e-03
5.253619e-03
5.263025e-03
5.272440e-03
5.281863e-03
5.291294e-03
5.300734e-03
5.310182e-03
5.319639e-03
5.329104e-03
5.338577e-03
5.348059e-03
5.357550e-03
5.367048e-03
5.376555e-03
5.386071e-03
5.395595e-03
5.405127e-03
5.414668e-03
5.424217e-03
5.433775e-03
5.443341e-03
5.452915e-03
5.462498e-03
5.472089e-03
5.481689e-03
5.491297e-03
5.500914e-03
5.510538e-03
5.520172e-03
5.529813e-03
5.539464e-03
5.549122e-03
5.558789e-03
5.568464e-03
5.578148e-03
5.587840e-03
5.597541e-03
5.607250e-03
5.616967e-03
5.626693e-03
5.636428e-03
5.646170e-03
5.655921e-03
5.665681e-03
5.675449e-03
5.685225e-03
5.695010e-03
5.704803e-03
5.714604e-03
5.724414e-03
5.734233e-03
5.744060e-03
5.753895e-03
5.763738e-03
5.773590e-03
5.783451e-03
5.793320e-03
5.803197e-03
5.813083e-03
5.822977e-03
5.832879e-03
5.842790e-03
5.852709e-03
5.862637e-03
5.872573e-03
5.882518e-03
5.892471e-03
5.902432e-03
5.912402e-03
5.922380e-03
5.932367e-03
5.942362e-03
5.952365e-03
5.962377e-03
5.972397e-03
5.982426e-03
5.992463e-03
6.002508e-03
6.012562e-03
6.022625e-03
6.032695e-03
6.042775e-03
6.052862e-03
6.062958e-03
6.073062e-03
6.083175e-03
6.093296e-03
6.103426e-03
6.113564e-03
6.123710e-03
6.133865e-03
6.144029e-03
6.154200e-03
6.164380e-03
6.174569e-03
6.184766e-03
6.194971e-03
6.205185e-03
6.215407e-03
6.225637e-03
6.235876e-03
6.246124e-03
6.256380e-03
6.266644e-03
6.276916e-03
6.287197e-03
6.297487e-03
6.307785e-03
6.318091e-03
6.328406e-03
6.338729e-03
6.349060e-03
6.359400e-03
6.369748e-03
6.380105e-03
6.390470e-03
6.400844e-03
6.411226e-03
6.421616e-03
6.432015e-03
6.442422e-03
6.452838e-03
6.463262e-03
6.473694e-03
6.484135e-03
6.494584e-03
6.505042e-03
6.515508e-03
6.525983e-03
6.536466e-03
6.546957e-03
6.557457e-03
6.567965e-03
6.578481e-03
6.589006e-03
6.599540e-03
6.610081e-03
6.620632e-03
6.631190e-03
6.641757e-03
6.652333e-03
6.662917e-03
6.673509e-03
6.684110e-03
6.694719e-03
6.705336e-03
6.715962e-03
6.726596e-03
6.737239e-03
6.747890e-03
6.758550e-03
6.769218e-03
6.779894e-03
6.790579e-03
6.801272e-03
6.811974e-03
6.822684e-03
6.833402e-03
6.844129e-03
6.854864e-03
6.865608e-03
6.876360e-03
6.887121e-03
6.897890e-03
6.908667e-03
6.919453e-03
6.930247e-03
6.941049e-03
6.951860e-03
6.962680e-03
6.973508e-03
6.984344e-03
6.995188e-03
7.006041e-03
7.016903e-03
7.027773e-03
7.038651e-03
7.049538e-03
7.060433e-03
7.071336e-03
7.082248e-03
7.093169e-03
7.104097e-03
7.115034e-03
7.125980e-03
7.136934e-03
7.147896e-03
7.158867e-03
7.169846e-03
7.180834e-03
7.191830e-03
7.202834e-03
7.213847e-03
7.224869e-03
7.235898e-03
7.246936e-03
7.257983e-03
7.269038e-03
7.280101e-03
7.291173e-03
7.302253e-03
7.313342e-03
7.324439e-03
7.335544e-03
7.346658e-03
7.357780e-03
7.368911e-03
7.380050e-03
7.391197e-03
7.402353e-03
7.413517e-03
7.424690e-03
7.435871e-03
7.447061e-03
7.458258e-03
7.469465e-03
7.480680e-03
7.491903e-03
7.503134e-03
7.514374e-03
7.525623e-03
7.536879e-03
7.548145e-03
7.559418e-03
7.570700e-03
7.581991e-03
7.593290e-03
7.604597e-03
7.615913e-03
7.627237e-03
7.638569e-03
7.649910e-03
7.661259e-03
7.672617e-03
7.683983e-03
7.695358e-03
7.706741e-03
7.718132e-03
7.729532e-03
7.740940e-03
7.752357e-03
7.763782e-03
7.775216e-03
7.786657e-03
7.798108e-03
7.809566e-03
7.821033e-03
7.832509e-03
7.843993e-03
7.855485e-03
7.866986e-03
7.878495e-03
7.890013e-03
7.901539e-03
7.913073e-03
7.924616e-03
7.936167e-03
7.947727e-03
7.959295e-03
7.970871e-03
7.982456e-03
7.994049e-03
8.005651e-03
8.017261e-03
8.028880e-03
8.040507e-03
8.052142e-03
8.063786e-03
8.075438e-03
8.087098e-03
8.098767e-03
8.110445e-03
8.122131e-03
8.133825e-03
8.145528e-03
8.157239e-03
8.168958e-03
8.180686e-03
8.192422e-03
8.204167e-03
8.215920e-03
8.227682e-03
8.239451e-03
8.251230e-03
8.263017e-03
8.274812e-03
8.286615e-03
8.298427e-03
8.310248e-03
8.322077e-03
8.333914e-03
8.345759e-03
8.357613e-03
8.369476e-03
8.381347e-03
8.393226e-03
8.405114e-03
8.417010e-03
8.428914e-03
8.440827e-03
8.452749e-03
8.464678e-03
8.476617e-03
8.488563e-03
8.500518e-03
8.512482e-03
8.524453e-03
8.536434e-03
8.548422e-03
8.560419e-03
8.572425e-03
8.584439e-03
8.596461e-03
8.608492e-03
8.620531e-03
8.632578e-03
8.644634e-03
8.656699e-03
8.668771e-03
8.680852e-03
8.692942e-03
8.705040e-03
8.717146e-03
8.729261e-03
8.741385e-03
8.753516e-03
8.765656e-03
8.777805e-03
8.789962e-03
8.802127e-03
8.814301e-03
8.826483e-03
8.838673e-03
8.850872e-03
8.863079e-03
8.875295e-03
8.887519e-03
8.899752e-03
8.911993e-03
8.924242e-03
8.936500e-03
8.948766e-03
8.961041e-03
8.973324e-03
8.985616e-03
8.997916e-03
9.010224e-03
9.022541e-03
9.034866e-03
9.047199e-03
9.059541e-03
9.071891e-03
9.084250e-03
9.096617e-03
9.108993e-03
9.121377e-03
9.133769e-03
9.146170e-03
9.158579e-03
9.170997e-03
9.183423e-03
9.195858e-03
9.208301e-03
9.220752e-03
9.233212e-03
9.245680e-03
9.258156e-03
9.270641e-03
9.283134e-03
9.295636e-03
9.308146e-03
9.320665e-03
9.333192e-03
9.345727e-03
9.358271e-03
9.370823e-03
9.383384e-03
9.395953e-03
9.408531e-03
9.421117e-03
9.433711e-03
9.446314e-03
9.458925e-03
9.471544e-03
9.484172e-03
9.496809e-03
9.509453e-03
9.522106e-03
9.534768e-03
9.547438e-03
9.560116e-03
9.572803e-03
9.585499e-03
9.598202e-03
9.610914e-03
9.622970e-03
9.634984e-03
9.646956e-03
9.658886e-03
9.670773e-03
9.682619e-03
9.694423e-03
9.706186e-03
9.717906e-03
9.729584e-03
9.741220e-03
9.752814e-03
9.764367e-03
9.775877e-03
9.787346e-03
9.798772e-03
9.810157e-03
9.821499e-03
9.832800e-03
9.844059e-03
9.855276e-03
9.866450e-03
9.877583e-03
9.888674e-03
9.899723e-03
9.910730e-03
9.921695e-03
9.932618e-03
9.943500e-03
9.954339e-03
9.965136e-03
9.975892e-03
9.986605e-03
9.997276e-03
1.000791e-02
1.001849e-02
1.002904e-02
1.003954e-02
1.005000e-02
1.006042e-02
1.007080e-02
1.008114e-02
1.009143e-02
1.010168e-02
1.011189e-02
1.012206e-02
1.013219e-02
1.014227e-02
1.015231e-02
1.016231e-02
1.017227e-02
1.018219e-02
1.019206e-02
1.020190e-02
1.021169e-02
1.022144e-02
1.023114e-02
1.024081e-02
1.025043e-02
1.026001e-02
1.026955e-02
1.027905e-02
1.028850e-02
1.029791e-02
1.030729e-02
1.031661e-02
1.032590e-02
1.033515e-02
1.034435e-02
1.035351e-02
1.036263e-02
1.037171e-02
1.038074e-02
1.038974e-02
1.039869e-02
1.040760e-02
1.041647e-02
1.042529e-02
1.043408e-02
1.044282e-02
1.045152e-02
1.046018e-02
1.046879e-02
1.047737e-02
1.048590e-02
1.049439e-02
1.050284e-02
1.051124e-02
1.051961e-02
1.052793e-02
1.053621e-02
1.054445e-02
1.055264e-02
1.056080e-02
1.056891e-02
1.057698e-02
1.058501e-02
1.059300e-02
1.060094e-02
1.060885e-02
1.061671e-02
1.062453e-02
1.063230e-02
1.064004e-02
1.064773e-02
1.065538e-02
1.066299e-02
1.067056e-02
1.067808e-02
1.068557e-02
1.069301e-02
1.070041e-02
1.070777e-02
1.071508e-02
1.072236e-02
1.072959e-02
1.073678e-02
1.074393e-02
1.075103e-02
1.075810e-02
1.076512e-02
1.077210e-02
1.077904e-02
1.078593e-02
1.079279e-02
1.079960e-02
1.080637e-02
1.081310e-02
1.081978e-02
1.082643e-02
1.083303e-02
1.083959e-02
1.084611e-02
1.085259e-02
1.085902e-02
1.086541e-02
1.087176e-02
1.087807e-02
1.088434e-02
1.089057e-02
1.089675e-02
1.090289e-02
1.090899e-02
1.091505e-02
1.092106e-02
1.092703e-02
1.093297e-02
1.093885e-02
1.094470e-02
1.095051e-02
1.095627e-02
1.096199e-02
1.096767e-02
1.097331e-02
1.097891e-02
1.098446e-02
1.098997e-02
1.099544e-02
1.100087e-02
1.100626e-02
1.101160e-02
1.101690e-02
1.102216e-02
1.102738e-02
1.103256e-02
1.103769e-02
1.104278e-02
1.104783e-02
1.105284e-02
1.105781e-02
1.106273e-02
1.106762e-02
1.107246e-02
1.107726e-02
1.108201e-02
1.108673e-02
1.109140e-02
1.109603e-02
1.110062e-02
1.110517e-02
1.110967e-02
1.111414e-02
1.111856e-02
1.112294e-02
1.112727e-02
1.113157e-02
1.113582e-02
1.114003e-02
1.114420e-02
1.114833e-02
1.115242e-02
1.115646e-02
1.116046e-02
1.116442e-02
1.116834e-02
1.117222e-02
1.117605e-02
1.117984e-02
1.118359e-02
1.118730e-02
1.119097e-02
1.119459e-02
1.119817e-02
1.120171e-02
1.120521e-02
1.120867e-02
1.121208e-02
1.121546e-02
1.121879e-02
1.122207e-02
1.122532e-02
1.122853e-02
1.123169e-02
1.123481e-02
1.123789e-02
1.124093e-02
1.124392e-02
1.124687e-02
1.124978e-02
1.125265e-02
1.125548e-02
1.125827e-02
1.126101e-02
1.126371e-02
1.126637e-02
1.126899e-02
1.127156e-02
1.127410e-02
1.127659e-02
1.127904e-02
1.128145e-02
1.128381e-02
1.128614e-02
1.128842e-02
1.129066e-02
1.129286e-02
1.129501e-02
1.129713e-02
1.129920e-02
1.130123e-02
1.130322e-02
1.130516e-02
1.130707e-02
1.130893e-02
1.131075e-02
1.131253e-02
1.131427e-02
1.131596e-02
1.131761e-02
1.131922e-02
1.132079e-02
1.132232e-02
1.132380e-02
1.132525e-02
1.132665e-02
1.132801e-02
1.132932e-02
1.133060e-02
1.133183e-02
1.133302e-02
1.133417e-02
1.133528e-02
1.133635e-02
1.133737e-02
1.133835e-02
1.133929e-02
1.134019e-02
1.134104e-02
1.134186e-02
1.134263e-02
1.134336e-02
1.134405e-02
1.134469e-02
1.134530e-02
1.134586e-02
1.134638e-02
1.134686e-02
1.134729e-02
1.134769e-02
1.134804e-02
1.134835e-02
1.134862e-02
1.134885e-02
1.134903e-02
1.134917e-02
1.134927e-02
1.134933e-02
1.134935e-02
1.134932e-02
1.134926e-02
1.134915e-02
1.134900e-02
1.134880e-02
1.134857e-02
1.134829e-02
1.134797e-02
1.134761e-02
1.134721e-02
1.134676e-02
1.134628e-02
1.134597e-02
1.134597e-02
1.134597e-02
1.134597e-02
1.134597e-02
1.134597e-02
1.134597e-02
1.134597e-02
1.134597e-02
1.134597e-02
1.134597e-02
1.134597e-02
1.134597e-02
1.134597e-02
1.134597e-02
1.134597e-02
1.134597e-02
1.134597e-02
1.134597e-02
1.134597e-02
1.134597e-02
1.134597e-02
1.134597e-02
1.134597e-02
1.134597e-02
1.134597e-02
1.134597e-02
1.134597e-02
1.134597e-02
1.134597e-02
1.134597e-02
1.134597e-02
1.134597e-02
1.134597e-02
1.134597e-02
1.134597e-02
1.134597e-02
1.134597e-02
1.134597e-02
1.134597e-02
1.134597e-02
1.134597e-02
1.134597e-02
1.134597e-02
1.134597e-02
1.134597e-02
1.134597e-02
1.134597e-02
1.134597e-02
1.134597e-02
1.134597e-02
1.134597e-02
1.134597e-02
1.134597e-02
1.134597e-02
1.134597e-02
1.134597e-02
1.134597e-02
1.134597e-02
1.134597e-02
1.134597e-02
1.134597e-02
1.134597e-02
1.134597e-02
1.134597e-02
1.134597e-02
1.134597e-02
1.134597e-02
1.134597e-02
1.134597e-02
1.134597e-02
1.134597e-02
1.134597e-02
1.134597e-02
1.134597e-02
1.134597e-02
1.134597e-02
1.134597e-02
1.134597e-02
1.134597e-02
1.134597e-02
1.134597e-02
1.134597e-02
1.134597e-02
1.134597e-02
1.134597e-02
1.134597e-02
1.134597e-02
1.134597e-02
1.134597e-02
1.134597e-02
1.134597e-02
1.134597e-02
1.134597e-02
1.134597e-02
1.134597e-02
1.134597e-02
1.134597e-02
1.134597e-02
1.134597e-02
1.134597e-02
1.134597e-02
1.134597e-02
1.134597e-02
1.134597e-02
1.134597e-02
1.134597e-02
1.134597e-02
1.134597e-02
1.134597e-02
1.134597e-02
1.134597e-02
1.134597e-02
1.134597e-02
1.134597e-02
1.134597e-02
1.134597e-02
1.134597e-02
1.134597e-02
1.134597e-02
1.134597e-02
1.134597e-02
1.134597e-02
1.134597e-02
1.134597e-02
1.134597e-02
1.134597e-02
1.134597e-02
1.134597e-02
1.134597e-02
1.134597e-02
1.134597e-02
1.134597e-02
1.134597e-02
1.134597e-02
1.134597e-02
1.134597e-02
1.134597e-02
1.134597e-02
1.134597e-02
1.134597e-02
1.134597e-02
1.134597e-02
1.134597e-02
1.134597e-02
1.134597e-02
1.134597e-02
1.134597e-02
1.134597e-02
1.134597e-02
1.134597e-02
1.134597e-02
1.134597e-02
1.134597e-02
1.134597e-02
1.134597e-02
1.134597e-02
1.134597e-02
1.134597e-02
1.134597e-02
1.134597e-02
1.134597e-02
1.134597e-02
1.134597e-02
1.134597e-02
1.134597e-02
1.134597e-02
1.134597e-02
1.134597e-02
1.134597e-02
1.134597e-02
1.134597e-02
1.134597e-02
1.134597e-02
1.134597e-02
1.134597e-02
1.134597e-02
1.134597e-02
1.134597e-02
1.134597e-02
1.134597e-02
1.134597e-02
1.134597e-02
1.134597e-02
1.134597e-02
1.134597e-02
1.134597e-02
1.134597e-02
1.134597e-02
1.134597e-02
1.134597e-02
1.134597e-02
1.134597e-02
1.134597e-02
1.134597e-02
1.134597e-02
1.134597e-02
1.134597e-02
1.134597e-02
1.134597e-02
1.134597e-02
