0.000000e+00
1.110371e-07
2.243219e-07
3.398544e-07
4.576346e-07
5.776626e-07
6.999382e-07
8.244616e-07
9.512327e-07
1.080251e-06
1.211518e-06
1.345032e-06
1.480794e-06
1.618804e-06
1.759061e-06
1.901566e-06
2.046319e-06
2.193320e-06
2.342568e-06
2.494064e-06
2.647807e-06
2.803799e-06
2.962038e-06
3.122525e-06
3.285259e-06
3.450241e-06
3.617471e-06
3.786949e-06
3.958674e-06
4.132648e-06
4.308868e-06
4.487337e-06
4.668053e-06
4.851017e-06
5.036229e-06
5.223688e-06
5.413395e-06
5.605350e-06
5.799552e-06
5.996003e-06
6.194701e-06
6.395646e-06
6.598840e-06
6.804281e-06
7.011970e-06
7.221906e-06
7.434090e-06
7.648522e-06
7.865202e-06
8.084129e-06
8.305304e-06
8.528727e-06
8.754398e-06
8.982316e-06
9.212482e-06
9.444895e-06
9.679557e-06
9.916466e-06
1.015562e-05
1.039703e-05
1.064068e-05
1.088658e-05
1.113473e-05
1.138512e-05
1.163777e-05
1.189266e-05
1.214979e-05
1.240918e-05
1.267082e-05
1.293470e-05
1.320083e-05
1.346920e-05
1.373983e-05
1.401270e-05
1.428782e-05
1.456519e-05
1.484480e-05
1.512667e-05
1.541078e-05
1.569714e-05
1.598574e-05
1.627660e-05
1.656970e-05
1.686505e-05
1.716265e-05
1.746249e-05
1.776459e-05
1.806893e-05
1.837551e-05
1.868435e-05
1.899543e-05
1.930876e-05
1.962434e-05
1.994217e-05
2.026225e-05
2.058457e-05
2.090914e-05
2.123596e-05
2.156502e-05
2.189633e-05
2.222989e-05
2.256570e-05
2.290376e-05
2.324406e-05
2.358661e-05
2.393141e-05
2.427846e-05
2.462776e-05
2.497930e-05
2.533309e-05
2.568913e-05
2.604741e-05
2.640795e-05
2.677073e-05
2.713576e-05
2.750303e-05
2.787256e-05
2.824433e-05
2.861835e-05
2.899462e-05
2.937313e-05
2.975389e-05
3.013690e-05
3.052216e-05
3.090967e-05
3.129942e-05
3.169142e-05
3.208567e-05
3.248217e-05
3.288091e-05
3.328191e-05
3.368515e-05
3.409063e-05
3.449837e-05
3.490835e-05
3.532058e-05
3.573506e-05
3.615179e-05
3.657076e-05
3.699198e-05
3.741545e-05
3.784117e-05
3.826913e-05
3.869935e-05
3.913181e-05
3.956651e-05
4.000347e-05
4.044267e-05
4.088412e-05
4.132782e-05
4.177377e-05
4.222196e-05
4.267241e-05
4.312510e-05
4.358003e-05
4.403722e-05
4.449665e-05
4.495833e-05
4.542226e-05
4.588844e-05
4.635686e-05
4.682753e-05
4.730045e-05
4.777562e-05
4.825303e-05
4.873269e-05
4.921460e-05
4.969876e-05
5.018517e-05
5.067382e-05
5.116472e-05
5.165787e-05
5.215327e-05
5.265091e-05
5.315080e-05
5.365294e-05
5.415733e-05
5.466396e-05
5.517284e-05
5.568397e-05
5.619735e-05
5.671298e-05
5.723085e-05
5.775097e-05
5.827334e-05
5.879796e-05
5.932482e-05
5.985393e-05
6.038529e-05
6.091890e-05
6.145476e-05
6.199286e-05
6.253321e-05
6.307581e-05
6.362065e-05
6.416775e-05
6.471709e-05
6.526868e-05
6.582252e-05
6.637860e-05
6.693693e-05
6.749751e-05
6.806034e-05
6.862541e-05
6.919274e-05
6.976231e-05
7.033413e-05
7.090819e-05
7.148451e-05
7.206307e-05
7.264388e-05
7.322694e-05
7.381224e-05
7.439979e-05
7.498959e-05
7.558164e-05
7.617594e-05
7.677248e-05
7.737127e-05
7.797231e-05
7.857560e-05
7.918113e-05
7.978891e-05
8.039894e-05
8.101122e-05
8.162574e-05
8.224252e-05
8.286154e-05
8.348281e-05
8.410632e-05
8.473209e-05
8.536010e-05
8.599036e-05
8.662286e-05
8.725762e-05
8.789462e-05
8.853387e-05
8.917537e-05
8.981911e-05
9.046511e-05
9.111335e-05
9.176384e-05
9.241657e-05
9.307156e-05
9.372879e-05
9.438827e-05
9.504999e-05
9.571397e-05
9.638019e-05
9.704866e-05
9.771938e-05
9.839234e-05
9.906756e-05
9.974502e-05
1.004247e-04
1.011067e-04
1.017909e-04
1.024773e-04
1.031660e-04
1.038570e-04
1.045502e-04
1.052456e-04
1.059433e-04
1.066433e-04
1.073454e-04
1.080499e-04
1.087566e-04
1.094655e-04
1.101767e-04
1.108901e-04
1.116058e-04
1.123237e-04
1.130438e-04
1.137663e-04
1.144909e-04
1.152178e-04
1.159470e-04
1.166784e-04
1.174121e-04
1.181480e-04
1.188861e-04
1.196265e-04
1.203691e-04
1.211140e-04
1.218612e-04
1.226106e-04
1.233622e-04
1.241161e-04
1.248722e-04
1.256306e-04
1.263912e-04
1.271541e-04
1.279192e-04
1.286866e-04
1.294562e-04
1.302281e-04
1.310022e-04
1.317785e-04
1.325572e-04
1.333380e-04
1.341211e-04
1.349065e-04
1.356941e-04
1.364839e-04
1.372760e-04
1.380703e-04
1.388669e-04
1.396658e-04
1.404669e-04
1.412702e-04
1.420758e-04
1.428836e-04
1.436937e-04
1.445060e-04
1.453206e-04
1.461374e-04
1.469565e-04
1.477778e-04
1.486013e-04
1.494271e-04
1.502552e-04
1.510855e-04
1.519181e-04
1.527529e-04
1.535899e-04
1.544292e-04
1.552708e-04
1.561145e-04
1.569606e-04
1.578089e-04
1.586594e-04
1.595122e-04
1.603672e-04
1.612245e-04
1.620840e-04
1.629458e-04
1.638098e-04
1.646761e-04
1.655446e-04
1.664154e-04
1.672884e-04
1.681636e-04
1.690412e-04
1.699209e-04
1.708029e-04
1.716872e-04
1.725737e-04
1.734624e-04
1.743534e-04
1.752466e-04
1.761421e-04
1.770399e-04
1.779399e-04
1.788421e-04
1.797466e-04
1.806533e-04
1.815623e-04
1.824735e-04
1.833870e-04
1.843027e-04
1.852206e-04
1.861409e-04
1.870633e-04
1.879880e-04
1.889150e-04
1.898442e-04
1.907757e-04
1.917094e-04
1.926453e-04
1.935835e-04
1.945239e-04
1.954666e-04
1.964116e-04
1.973588e-04
1.983082e-04
1.992599e-04
2.002138e-04
2.011700e-04
2.021284e-04
2.030891e-04
2.040520e-04
2.050172e-04
2.059846e-04
2.069542e-04
2.079262e-04
2.089003e-04
2.098767e-04
2.108554e-04
2.118363e-04
2.128194e-04
2.138048e-04
2.147925e-04
2.157824e-04
2.167745e-04
2.177689e-04
2.187655e-04
2.197644e-04
2.207656e-04
2.217689e-04
2.227746e-04
2.237824e-04
2.247926e-04
2.258049e-04
2.268195e-04
2.278364e-04
2.288555e-04
2.298769e-04
2.309005e-04
2.319264e-04
2.329545e-04
2.339848e-04
2.350174e-04
2.360523e-04
2.370894e-04
2.381287e-04
2.391703e-04
2.402141e-04
2.412602e-04
2.423085e-04
2.433591e-04
2.444120e-04
2.454670e-04
2.465244e-04
2.475839e-04
2.486458e-04
2.497098e-04
2.507761e-04
2.518447e-04
2.529155e-04
2.539886e-04
2.550639e-04
2.561414e-04
2.572212e-04
2.583033e-04
2.593876e-04
2.604741e-04
2.615629e-04
2.626540e-04
2.637472e-04
2.648428e-04
2.659406e-04
2.670406e-04
2.681429e-04
2.692474e-04
2.703542e-04
2.714632e-04
2.725745e-04
2.736880e-04
2.748038e-04
2.759218e-04
2.770420e-04
2.781645e-04
2.792893e-04
2.804163e-04
2.815455e-04
2.826770e-04
2.838108e-04
2.849468e-04
2.860850e-04
2.872255e-04
2.883683e-04
2.895132e-04
2.906605e-04
2.918100e-04
2.929617e-04
2.941157e-04
2.952719e-04
2.964304e-04
2.975911e-04
2.987540e-04
2.999193e-04
3.010867e-04
3.022564e-04
3.034284e-04
3.046026e-04
3.057791e-04
3.069578e-04
3.081387e-04
3.093219e-04
3.105073e-04
3.116950e-04
3.128850e-04
3.140772e-04
3.152716e-04
3.164683e-04
3.176672e-04
3.188684e-04
3.200718e-04
3.212775e-04
3.224854e-04
3.236956e-04
3.249080e-04
3.261227e-04
3.273396e-04
3.285587e-04
3.297801e-04
3.310038e-04
3.322297e-04
3.334579e-04
3.346883e-04
3.359209e-04
3.371558e-04
3.383929e-04
3.396323e-04
3.408740e-04
3.421179e-04
3.433640e-04
3.446124e-04
3.458630e-04
3.471159e-04
3.483710e-04
3.496284e-04
3.508880e-04
3.521498e-04
3.534140e-04
3.546803e-04
3.559489e-04
3.572198e-04
3.584929e-04
3.597683e-04
3.610459e-04
3.623257e-04
3.636078e-04
3.648921e-04
3.661787e-04
3.674676e-04
3.687587e-04
3.700520e-04
3.713476e-04
3.726454e-04
3.739455e-04
3.752478e-04
3.765524e-04
3.778592e-04
3.791683e-04
3.804796e-04
3.817932e-04
3.831090e-04
3.844270e-04
3.857473e-04
3.870699e-04
3.883947e-04
3.897217e-04
3.910510e-04
3.923826e-04
3.937164e-04
3.950524e-04
3.963907e-04
3.977312e-04
3.990740e-04
4.004191e-04
4.017663e-04
4.031159e-04
4.044676e-04
4.058217e-04
4.071779e-04
4.085365e-04
4.098972e-04
4.112602e-04
4.126255e-04
4.139930e-04
4.153628e-04
4.167348e-04
4.181090e-04
4.194855e-04
4.208643e-04
4.222453e-04
4.236285e-04
4.250140e-04
4.264017e-04
4.277917e-04
4.291840e-04
4.305784e-04
4.319752e-04
4.333742e-04
4.347754e-04
4.361788e-04
4.375846e-04
4.389925e-04
4.404028e-04
4.418152e-04
4.432299e-04
4.446469e-04
4.460661e-04
4.474875e-04
4.489113e-04
4.503372e-04
4.517654e-04
4.531958e-04
4.546285e-04
4.560635e-04
4.575007e-04
4.589401e-04
4.603818e-04
4.618257e-04
4.632719e-04
4.647203e-04
4.661710e-04
4.676239e-04
4.690791e-04
4.705365e-04
4.719962e-04
4.734581e-04
4.749223e-04
4.763887e-04
4.778573e-04
4.793282e-04
4.808014e-04
4.822768e-04
4.837544e-04
4.852343e-04
4.867165e-04
4.882008e-04
4.896875e-04
4.911764e-04
4.926675e-04
4.941609e-04
4.956565e-04
4.971544e-04
4.986545e-04
5.001569e-04
5.016615e-04
5.031684e-04
5.046775e-04
5.061889e-04
5.077025e-04
5.092183e-04
5.107364e-04
5.122568e-04
5.137794e-04
5.153042e-04
5.168313e-04
5.183607e-04
5.198923e-04
5.214261e-04
5.229622e-04
5.245005e-04
5.260411e-04
5.275839e-04
5.291290e-04
5.306764e-04
5.322259e-04
5.337778e-04
5.353318e-04
5.368881e-04
5.384467e-04
5.400075e-04
5.415706e-04
5.431359e-04
5.447034e-04
5.462732e-04
5.478453e-04
5.494196e-04
5.509961e-04
5.525749e-04
5.541560e-04
5.557393e-04
5.573248e-04
5.589126e-04
5.605026e-04
5.620949e-04
5.636894e-04
5.652862e-04
5.668852e-04
5.684865e-04
5.700900e-04
5.716958e-04
5.733038e-04
5.749141e-04
5.765266e-04
5.781413e-04
5.797583e-04
5.813776e-04
5.829991e-04
5.846228e-04
5.862488e-04
5.878771e-04
5.895076e-04
5.911403e-04
5.927753e-04
5.944125e-04
5.960520e-04
5.976938e-04
5.993377e-04
6.009840e-04
6.026324e-04
6.042832e-04
6.059361e-04
6.075913e-04
6.092488e-04
6.109085e-04
6.125705e-04
6.142347e-04
6.159011e-04
6.175698e-04
6.192408e-04
6.209140e-04
6.225894e-04
6.242671e-04
6.259471e-04
6.276293e-04
6.293137e-04
6.310004e-04
6.326893e-04
6.343805e-04
6.360739e-04
6.377696e-04
6.394675e-04
6.411677e-04
6.428701e-04
6.445748e-04
6.462817e-04
6.479909e-04
6.497023e-04
6.514159e-04
6.531318e-04
6.548500e-04
6.565704e-04
6.582930e-04
6.600179e-04
6.617451e-04
6.634745e-04
6.652061e-04
6.669400e-04
6.686761e-04
6.704145e-04
6.721551e-04
6.738980e-04
6.756431e-04
6.773905e-04
6.791401e-04
6.808920e-04
6.826461e-04
6.844025e-04
6.861611e-04
6.879220e-04
6.896851e-04
6.914504e-04
6.932180e-04
6.949879e-04
6.967600e-04
6.985343e-04
7.003109e-04
7.020897e-04
7.038708e-04
7.056542e-04
7.074398e-04
7.092276e-04
7.110177e-04
7.128100e-04
7.146046e-04
7.164014e-04
7.182005e-04
7.200018e-04
7.218053e-04
7.236112e-04
7.254192e-04
7.272295e-04
7.290421e-04
7.308569e-04
7.326739e-04
7.344932e-04
7.363148e-04
7.381386e-04
7.399646e-04
7.417929e-04
7.436235e-04
7.454562e-04
7.472913e-04
7.491286e-04
7.509681e-04
7.528099e-04
7.546539e-04
7.565002e-04
7.583487e-04
7.601995e-04
7.620525e-04
7.639077e-04
7.657652e-04
7.676250e-04
7.694870e-04
7.713513e-04
7.732178e-04
7.750865e-04
7.769575e-04
7.788308e-04
7.807062e-04
7.825840e-04
7.844640e-04
7.863462e-04
7.882307e-04
7.901174e-04
7.920064e-04
7.938976e-04
7.957911e-04
7.976868e-04
7.995848e-04
8.014850e-04
8.033875e-04
8.052922e-04
8.071992e-04
8.091084e-04
8.110198e-04
8.129335e-04
8.148495e-04
8.167677e-04
8.186881e-04
8.206108e-04
8.225358e-04
8.244630e-04
8.263924e-04
8.283241e-04
8.302580e-04
8.321942e-04
8.341326e-04
8.360733e-04
8.380162e-04
8.399614e-04
8.419088e-04
8.438585e-04
8.458104e-04
8.477646e-04
8.497210e-04
8.516796e-04
8.536405e-04
8.556037e-04
8.575691e-04
8.595367e-04
8.615066e-04
8.634788e-04
8.654532e-04
8.674298e-04
8.694087e-04
8.713898e-04
8.733732e-04
8.753588e-04
8.773467e-04
8.793369e-04
8.813292e-04
8.833238e-04
8.853207e-04
8.873198e-04
8.893212e-04
8.913248e-04
8.933307e-04
8.953388e-04
8.973491e-04
8.993617e-04
9.013766e-04
9.033937e-04
9.054130e-04
9.074346e-04
9.094585e-04
9.114846e-04
9.135129e-04
9.155435e-04
9.175763e-04
9.196114e-04
9.216487e-04
9.236883e-04
9.257301e-04
9.277742e-04
9.298205e-04
9.318691e-04
9.339199e-04
9.359730e-04
9.380283e-04
9.400858e-04
9.421456e-04
9.442077e-04
9.462720e-04
9.483385e-04
9.504073e-04
9.524784e-04
9.545517e-04
9.566272e-04
9.587050e-04
9.607850e-04
9.628673e-04
9.649518e-04
9.670386e-04
9.691276e-04
9.712189e-04
9.733124e-04
9.754082e-04
9.775062e-04
9.796065e-04
9.817090e-04
9.838138e-04
9.859208e-04
9.880300e-04
9.901415e-04
9.922553e-04
9.943713e-04
9.964895e-04
9.986100e-04
1.000733e-03
1.002858e-03
1.004985e-03
1.007114e-03
1.009246e-03
1.011380e-03
1.013516e-03
1.015655e-03
1.017796e-03
1.019939e-03
1.022084e-03
1.024231e-03
1.026381e-03
1.028533e-03
1.030687e-03
1.032844e-03
1.035002e-03
1.037163e-03
1.039326e-03
1.041492e-03
1.043660e-03
1.045830e-03
1.048002e-03
1.050176e-03
1.052353e-03
1.054532e-03
1.056713e-03
1.058896e-03
1.061082e-03
1.063270e-03
1.065460e-03
1.067653e-03
1.069847e-03
1.072044e-03
1.074243e-03
1.076445e-03
1.078648e-03
1.080854e-03
1.083062e-03
1.085273e-03
1.087486e-03
1.089700e-03
1.091918e-03
1.094137e-03
1.096359e-03
1.098583e-03
1.100809e-03
1.103037e-03
1.105268e-03
1.107501e-03
1.109736e-03
1.111973e-03
1.114213e-03
1.116455e-03
1.118699e-03
1.120945e-03
1.123194e-03
1.125444e-03
1.127698e-03
1.129953e-03
1.132211e-03
1.134470e-03
1.136733e-03
1.138997e-03
1.141263e-03
1.143532e-03
1.145803e-03
1.148077e-03
1.150352e-03
1.152630e-03
1.154910e-03
1.157193e-03
1.159477e-03
1.161764e-03
1.164053e-03
1.166344e-03
1.168638e-03
1.170934e-03
1.173232e-03
1.175532e-03
1.177835e-03
1.180139e-03
1.182447e-03
1.184756e-03
1.187067e-03
1.189381e-03
1.191697e-03
1.194016e-03
1.196336e-03
1.198659e-03
1.200984e-03
1.203311e-03
1.205641e-03
1.207972e-03
1.210306e-03
1.212643e-03
1.214981e-03
1.217322e-03
1.219665e-03
1.222010e-03
1.224358e-03
1.226708e-03
1.229060e-03
1.231414e-03
1.233770e-03
1.236129e-03
1.238490e-03
1.240853e-03
1.243219e-03
1.245587e-03
1.247957e-03
1.250329e-03
1.252703e-03
1.255080e-03
1.257459e-03
1.259840e-03
1.262224e-03
1.264609e-03
1.266997e-03
1.269388e-03
1.271780e-03
1.274175e-03
1.276572e-03
1.278971e-03
1.281372e-03
1.283776e-03
1.286182e-03
1.288590e-03
1.291001e-03
1.293413e-03
1.295828e-03
1.298246e-03
1.300665e-03
1.303087e-03
1.305511e-03
1.307937e-03
1.310365e-03
1.312796e-03
1.315229e-03
1.317664e-03
1.320101e-03
1.322541e-03
1.324983e-03
1.327427e-03
1.329874e-03
1.332322e-03
1.334773e-03
1.337226e-03
1.339682e-03
1.342139e-03
1.344599e-03
1.347061e-03
1.349526e-03
1.351993e-03
1.354461e-03
1.356933e-03
1.359406e-03
1.361882e-03
1.364359e-03
1.366840e-03
1.369322e-03
1.371807e-03
1.374293e-03
1.376783e-03
1.379274e-03
1.381768e-03
1.384263e-03
1.386762e-03
1.389262e-03
1.391764e-03
1.394269e-03
1.396776e-03
1.399286e-03
1.401797e-03
1.404311e-03
1.406827e-03
1.409346e-03
1.411866e-03
1.414389e-03
1.416914e-03
1.419441e-03
1.421971e-03
1.424503e-03
1.427037e-03
1.429573e-03
1.432112e-03
1.434653e-03
1.437196e-03
1.439741e-03
1.442289e-03
1.444838e-03
1.447390e-03
1.449945e-03
1.452501e-03
1.455060e-03
1.457621e-03
1.460184e-03
1.462750e-03
1.465318e-03
1.467888e-03
1.470460e-03
1.473035e-03
1.475611e-03
1.478190e-03
1.480772e-03
1.483355e-03
1.485941e-03
1.488529e-03
1.491119e-03
1.493712e-03
1.496307e-03
1.498904e-03
1.501503e-03
1.504104e-03
1.506708e-03
1.509314e-03
1.511922e-03
1.514533e-03
1.517146e-03
1.519761e-03
1.522378e-03
1.524997e-03
1.527619e-03
1.530243e-03
1.532869e-03
1.535498e-03
1.538128e-03
1.540761e-03
1.543397e-03
1.546034e-03
1.548674e-03
1.551316e-03
1.553960e-03
1.556606e-03
1.559255e-03
1.561906e-03
1.564559e-03
1.567215e-03
1.569872e-03
1.572532e-03
1.575195e-03
1.577859e-03
1.580526e-03
1.583195e-03
1.585866e-03
1.588539e-03
1.591215e-03
1.593893e-03
1.596573e-03
1.599255e-03
1.601940e-03
1.604627e-03
1.607316e-03
1.610008e-03
1.612701e-03
1.615397e-03
1.618095e-03
1.620796e-03
1.623498e-03
1.626203e-03
1.628910e-03
1.631620e-03
1.634331e-03
1.637045e-03
1.639762e-03
1.642480e-03
1.645201e-03
1.647923e-03
1.650649e-03
1.653376e-03
1.656106e-03
1.658837e-03
1.661572e-03
1.664308e-03
1.667047e-03
1.669787e-03
1.672531e-03
1.675276e-03
1.678023e-03
1.680773e-03
1.683525e-03
1.686280e-03
1.689036e-03
1.691795e-03
1.694556e-03
1.697320e-03
1.700085e-03
1.702853e-03
1.705623e-03
1.708395e-03
1.711170e-03
1.713947e-03
1.716726e-03
1.719507e-03
1.722291e-03
1.725077e-03
1.727865e-03
1.730655e-03
1.733448e-03
1.736242e-03
1.739039e-03
1.741839e-03
1.744640e-03
1.747444e-03
1.750250e-03
1.753058e-03
1.755869e-03
1.758682e-03
1.761497e-03
1.764314e-03
1.767134e-03
1.769955e-03
1.772779e-03
1.775606e-03
1.778434e-03
1.781265e-03
1.784098e-03
1.786933e-03
1.789771e-03
1.792611e-03
1.795453e-03
1.798297e-03
1.801143e-03
1.803992e-03
1.806843e-03
1.809696e-03
1.812552e-03
1.815410e-03
1.818270e-03
1.821132e-03
1.823996e-03
1.826863e-03
1.829732e-03
1.832603e-03
1.835477e-03
1.838352e-03
1.841230e-03
1.844111e-03
1.846993e-03
1.849878e-03
1.852765e-03
1.855654e-03
1.858545e-03
1.861439e-03
1.864335e-03
1.867233e-03
1.870134e-03
1.873037e-03
1.875941e-03
1.878849e-03
1.881758e-03
1.884670e-03
1.887584e-03
1.890500e-03
1.893418e-03
1.896339e-03
1.899262e-03
1.902187e-03
1.905115e-03
1.908044e-03
1.910976e-03
1.913910e-03
1.916847e-03
1.919785e-03
1.922726e-03
1.925669e-03
1.928615e-03
1.931562e-03
1.934512e-03
1.937465e-03
1.940419e-03
1.943376e-03
1.946334e-03
1.949296e-03
1.952259e-03
1.955225e-03
1.958193e-03
1.961163e-03
1.964135e-03
1.967110e-03
1.970087e-03
1.973066e-03
1.976047e-03
1.979031e-03
1.982016e-03
1.985005e-03
1.987995e-03
1.990988e-03
1.993982e-03
1.996980e-03
1.999979e-03
2.002980e-03
2.005984e-03
2.008990e-03
2.011999e-03
2.015009e-03
2.018022e-03
2.021037e-03
2.024055e-03
2.027074e-03
2.030096e-03
2.033120e-03
2.036146e-03
2.039175e-03
2.042206e-03
2.045239e-03
2.048274e-03
2.051312e-03
2.054352e-03
2.057394e-03
2.060438e-03
2.063484e-03
2.066533e-03
2.069584e-03
2.072638e-03
2.075693e-03
2.078751e-03
2.081811e-03
2.084873e-03
2.087938e-03
2.091005e-03
2.094074e-03
2.097145e-03
2.100218e-03
2.103294e-03
2.106372e-03
2.109452e-03
2.112535e-03
2.115620e-03
2.118707e-03
2.121796e-03
2.124888e-03
2.127981e-03
2.131077e-03
2.134176e-03
2.137276e-03
2.140379e-03
2.143484e-03
2.146591e-03
2.149700e-03
2.152812e-03
2.155926e-03
2.159042e-03
2.162161e-03
2.165282e-03
2.168405e-03
2.171530e-03
2.174657e-03
2.177787e-03
2.180919e-03
2.184053e-03
2.187190e-03
2.190328e-03
2.193469e-03
2.196613e-03
2.199758e-03
2.202906e-03
2.206056e-03
2.209208e-03
2.212362e-03
2.215519e-03
2.218678e-03
2.221839e-03
2.225002e-03
2.228168e-03
2.231336e-03
2.234506e-03
2.237679e-03
2.240853e-03
2.244030e-03
2.247209e-03
2.250391e-03
2.253575e-03
2.256760e-03
2.259949e-03
2.263139e-03
2.266332e-03
2.269527e-03
2.272724e-03
2.275923e-03
2.279125e-03
2.282329e-03
2.285535e-03
2.288743e-03
2.291954e-03
2.295167e-03
2.298382e-03
2.301599e-03
2.304819e-03
2.308041e-03
2.311265e-03
2.314491e-03
2.317720e-03
2.320951e-03
2.324184e-03
2.327419e-03
2.330657e-03
2.333897e-03
2.337139e-03
2.340383e-03
2.343630e-03
2.346879e-03
2.350130e-03
2.353383e-03
2.356639e-03
2.359896e-03
2.363156e-03
2.366419e-03
2.369683e-03
2.372950e-03
2.376219e-03
2.379491e-03
2.382764e-03
2.386040e-03
2.389318e-03
2.392598e-03
2.395881e-03
2.399166e-03
2.402453e-03
2.405742e-03
2.409034e-03
2.412327e-03
2.415624e-03
2.418922e-03
2.422222e-03
2.425525e-03
2.428830e-03
2.432137e-03
2.435447e-03
2.438759e-03
2.442073e-03
2.445389e-03
2.448708e-03
2.452028e-03
2.455351e-03
2.458677e-03
2.462004e-03
2.465334e-03
2.468666e-03
2.472000e-03
2.475337e-03
2.478675e-03
2.482016e-03
2.485360e-03
2.488705e-03
2.492053e-03
2.495403e-03
2.498755e-03
2.502110e-03
2.505466e-03
2.508825e-03
2.512187e-03
2.515550e-03
2.518916e-03
2.522284e-03
2.525654e-03
2.529027e-03
2.532401e-03
2.535778e-03
2.539157e-03
2.542539e-03
2.545923e-03
2.549309e-03
2.552697e-03
2.556087e-03
2.559480e-03
2.562875e-03
2.566272e-03
2.569672e-03
2.573073e-03
2.576477e-03
2.579883e-03
2.583292e-03
2.586702e-03
2.590115e-03
2.593531e-03
2.596948e-03
2.600368e-03
2.603790e-03
2.607214e-03
2.610640e-03
2.614069e-03
2.617500e-03
2.620933e-03
2.624368e-03
2.627806e-03
2.631246e-03
2.634688e-03
2.638132e-03
2.641579e-03
2.645028e-03
2.648479e-03
2.651932e-03
2.655388e-03
2.658846e-03
2.662306e-03
2.665768e-03
2.669233e-03
2.672700e-03
2.676169e-03
2.679640e-03
2.683114e-03
2.686590e-03
2.690068e-03
2.692884e-03
2.695688e-03
2.698481e-03
2.701263e-03
2.704034e-03
2.706794e-03
2.709542e-03
2.712279e-03
2.715005e-03
2.717720e-03
2.720423e-03
2.723116e-03
2.725797e-03
2.728467e-03
2.731125e-03
2.733773e-03
2.736409e-03
2.739034e-03
2.741648e-03
2.744251e-03
2.746842e-03
2.749422e-03
2.751991e-03
2.754549e-03
2.757096e-03
2.759631e-03
2.762155e-03
2.764668e-03
2.767170e-03
2.769661e-03
2.772140e-03
2.774608e-03
2.777065e-03
2.779511e-03
2.781945e-03
2.784369e-03
2.786781e-03
2.789182e-03
2.791571e-03
2.793950e-03
2.796317e-03
2.798673e-03
2.801018e-03
2.803352e-03
2.805674e-03
2.807985e-03
2.810285e-03
2.812574e-03
2.814852e-03
2.817118e-03
2.819373e-03
2.821617e-03
2.823850e-03
2.826072e-03
2.828282e-03
2.830481e-03
2.832669e-03
2.834846e-03
2.837011e-03
2.839166e-03
2.841309e-03
2.843440e-03
2.845561e-03
2.847671e-03
2.849769e-03
2.851856e-03
2.853932e-03
2.855996e-03
2.858050e-03
2.860092e-03
2.862123e-03
2.864143e-03
2.866151e-03
2.868149e-03
2.870135e-03
2.872110e-03
2.874074e-03
2.876026e-03
2.877968e-03
2.879898e-03
2.881817e-03
2.883724e-03
2.885621e-03
2.887506e-03
2.889380e-03
2.891243e-03
2.893095e-03
2.894935e-03
2.896764e-03
2.898582e-03
2.900389e-03
2.902185e-03
2.903969e-03
2.905743e-03
2.907505e-03
2.909255e-03
2.910995e-03
2.912723e-03
2.914440e-03
2.916146e-03
2.917841e-03
2.919525e-03
2.921197e-03
2.922858e-03
2.924508e-03
2.926147e-03
2.927774e-03
2.929390e-03
2.930996e-03
2.932589e-03
2.934172e-03
2.935744e-03
2.937304e-03
2.938853e-03
2.940391e-03
2.941917e-03
2.943433e-03
2.944937e-03
2.946430e-03
2.947912e-03
2.949382e-03
2.950842e-03
2.952290e-03
2.953727e-03
2.955152e-03
2.956567e-03
2.957970e-03
2.959362e-03
2.960743e-03
2.962113e-03
2.963471e-03
2.964819e-03
2.966155e-03
2.967480e-03
2.968793e-03
2.970096e-03
2.971387e-03
2.972667e-03
2.973936e-03
2.975193e-03
2.976440e-03
2.977675e-03
2.978899e-03
2.980112e-03
2.981313e-03
2.982504e-03
2.983683e-03
2.984851e-03
2.986007e-03
2.987153e-03
2.988287e-03
2.989410e-03
2.990522e-03
2.991623e-03
2.992712e-03
2.993791e-03
2.994858e-03
2.995914e-03
2.996958e-03
2.997992e-03
2.999014e-03
3.000025e-03
3.001025e-03
3.002013e-03
3.002991e-03
3.003957e-03
3.004912e-03
3.005856e-03
3.006788e-03
3.007709e-03
3.008620e-03
3.009518e-03
3.010406e-03
3.011283e-03
3.012148e-03
3.013002e-03
3.013845e-03
3.014677e-03
3.015497e-03
3.016306e-03
3.017104e-03
3.017891e-03
3.018667e-03
3.019431e-03
3.020185e-03
3.020927e-03
3.021657e-03
3.022377e-03
3.023085e-03
3.023782e-03
3.024468e-03
3.025143e-03
3.025807e-03
3.026459e-03
3.027100e-03
3.027730e-03
3.028349e-03
3.028956e-03
3.029553e-03
3.030138e-03
3.030712e-03
3.031274e-03
3.031826e-03
3.032366e-03
3.032895e-03
3.033413e-03
3.033919e-03
3.034415e-03
3.034899e-03
3.035372e-03
3.035834e-03
3.036284e-03
3.036724e-03
3.037152e-03
3.037569e-03
3.037975e-03
3.038369e-03
3.038752e-03
3.039125e-03
3.039486e-03
3.039835e-03
3.040174e-03
3.040501e-03
3.040817e-03
3.041122e-03
3.041416e-03
3.041698e-03
3.041969e-03
3.042229e-03
3.042478e-03
3.042716e-03
3.042942e-03
3.043157e-03
3.043361e-03
3.043554e-03
3.043736e-03
3.043906e-03
3.044065e-03
3.044213e-03
3.044350e-03
3.044475e-03
3.044590e-03
3.044693e-03
3.044785e-03
3.044865e-03
3.044935e-03
3.044993e-03
3.045040e-03
3.045076e-03
3.045101e-03
3.045114e-03
3.045116e-03
3.045107e-03
3.045087e-03
3.045056e-03
3.045013e-03
3.044959e-03
3.044894e-03
3.044818e-03
3.044731e-03
3.044632e-03
3.044522e-03
3.044401e-03
3.044269e-03
3.044125e-03
3.043971e-03
3.043805e-03
3.043628e-03
3.043439e-03
3.043240e-03
3.043029e-03
3.042807e-03
3.042574e-03
3.042330e-03
3.042074e-03
3.041807e-03
3.041529e-03
3.041240e-03
3.040940e-03
3.040628e-03
3.040305e-03
3.039971e-03
3.039626e-03
3.039270e-03
3.038902e-03
3.038523e-03
3.038133e-03
3.037732e-03
3.037319e-03
3.036895e-03
3.036461e-03
3.036014e-03
3.035557e-03
3.035089e-03
3.034609e-03
3.034118e-03
3.033616e-03
3.033102e-03
3.032578e-03
3.032042e-03
3.031717e-03
3.031717e-03
3.031717e-03
3.031717e-03
3.031717e-03
3.031717e-03
3.031717e-03
3.031717e-03
3.031717e-03
3.031717e-03
3.031717e-03
3.031717e-03
3.031717e-03
3.031717e-03
3.031717e-03
3.031717e-03
3.031717e-03
3.031717e-03
3.031717e-03
3.031717e-03
3.031717e-03
3.031717e-03
3.031717e-03
3.031717e-03
3.031717e-03
3.031717e-03
3.031717e-03
3.031717e-03
3.031717e-03
3.031717e-03
3.031717e-03
3.031717e-03
3.031717e-03
3.031717e-03
3.031717e-03
3.031717e-03
3.031717e-03
3.031717e-03
3.031717e-03
3.031717e-03
3.031717e-03
3.031717e-03
3.031717e-03
3.031717e-03
3.031717e-03
3.031717e-03
3.031717e-03
3.031717e-03
3.031717e-03
3.031717e-03
3.031717e-03
3.031717e-03
3.031717e-03
3.031717e-03
3.031717e-03
3.031717e-03
3.031717e-03
3.031717e-03
3.031717e-03
3.031717e-03
3.031717e-03
3.031717e-03
3.031717e-03
3.031717e-03
3.031717e-03
3.031717e-03
3.031717e-03
3.031717e-03
3.031717e-03
3.031717e-03
3.031717e-03
3.031717e-03
3.031717e-03
3.031717e-03
3.031717e-03
3.031717e-03
3.031717e-03
3.031717e-03
3.031717e-03
3.031717e-03
3.031717e-03
3.031717e-03
3.031717e-03
3.031717e-03
3.031717e-03
3.031717e-03
3.031717e-03
3.031717e-03
3.031717e-03
3.031717e-03
3.031717e-03
3.031717e-03
3.031717e-03
3.031717e-03
3.031717e-03
3.031717e-03
3.031717e-03
3.031717e-03
3.031717e-03
3.031717e-03
3.031717e-03
3.031717e-03
3.031717e-03
3.031717e-03
3.031717e-03
3.031717e-03
3.031717e-03
3.031717e-03
3.031717e-03
3.031717e-03
3.031717e-03
3.031717e-03
3.031717e-03
3.031717e-03
3.031717e-03
3.031717e-03
3.031717e-03
3.031717e-03
3.031717e-03
3.031717e-03
3.031717e-03
3.031717e-03
3.031717e-03
3.031717e-03
3.031717e-03
3.031717e-03
3.031717e-03
3.031717e-03
3.031717e-03
3.031717e-03
3.031717e-03
3.031717e-03
3.031717e-03
3.031717e-03
3.031717e-03
3.031717e-03
3.031717e-03
3.031717e-03
3.031717e-03
3.031717e-03
3.031717e-03
3.031717e-03
3.031717e-03
3.031717e-03
3.031717e-03
3.031717e-03
3.031717e-03
3.031717e-03
3.031717e-03
3.031717e-03
3.031717e-03
3.031717e-03
3.031717e-03
3.031717e-03
3.031717e-03
3.031717e-03
3.031717e-03
3.031717e-03
3.031717e-03
3.031717e-03
3.031717e-03
3.031717e-03
3.031717e-03
3.031717e-03
3.031717e-03
3.031717e-03
3.031717e-03
3.031717e-03
3.031717e-03
3.031717e-03
3.031717e-03
3.031717e-03
3.031717e-03
3.031717e-03
3.031717e-03
3.031717e-03
3.031717e-03
3.031717e-03
3.031717e-03
3.031717e-03
3.031717e-03
3.031717e-03
3.031717e-03
3.031717e-03
3.031717e-03
3.031717e-03
3.031717e-03
3.031717e-03
3.031717e-03
3.031717e-03
3.031717e-03
3.031717e-03
3.031717e-03
3.031717e-03
3.031717e-03
3.031717e-03
3.031717e-03
3.031717e-03
3.031717e-03
3.031717e-03
3.031717e-03
