0.000000e+00
1.110371e-07
2.243971e-07
3.400801e-07
4.580861e-07
5.784149e-07
7.010668e-07
8.260416e-07
9.533393e-07
1.082960e-06
1.214904e-06
1.349170e-06
1.485760e-06
1.624672e-06
1.765908e-06
1.909466e-06
2.055348e-06
2.203552e-06
2.354079e-06
2.506929e-06
2.662103e-06
2.819599e-06
2.979418e-06
3.141560e-06
3.306025e-06
3.472813e-06
3.641924e-06
3.813357e-06
3.987114e-06
4.163194e-06
4.341597e-06
4.522322e-06
4.705371e-06
4.890742e-06
5.078437e-06
5.268454e-06
5.460795e-06
5.655458e-06
5.852444e-06
6.051754e-06
6.253386e-06
6.457341e-06
6.663619e-06
6.872220e-06
7.083144e-06
7.296391e-06
7.511961e-06
7.729854e-06
7.950070e-06
8.172608e-06
8.397470e-06
8.624655e-06
8.854162e-06
9.085993e-06
9.320146e-06
9.556623e-06
9.795422e-06
1.003654e-05
1.027999e-05
1.052576e-05
1.077385e-05
1.102426e-05
1.127700e-05
1.153206e-05
1.178944e-05
1.204915e-05
1.231118e-05
1.257553e-05
1.284221e-05
1.311120e-05
1.338252e-05
1.365617e-05
1.393213e-05
1.421042e-05
1.449104e-05
1.477397e-05
1.505923e-05
1.534681e-05
1.563672e-05
1.592894e-05
1.622349e-05
1.652037e-05
1.681956e-05
1.712108e-05
1.742492e-05
1.773109e-05
1.803958e-05
1.835039e-05
1.866352e-05
1.897898e-05
1.929676e-05
1.961686e-05
1.993929e-05
2.026404e-05
2.059111e-05
2.092050e-05
2.125222e-05
2.158626e-05
2.192262e-05
2.226131e-05
2.260232e-05
2.294565e-05
2.329131e-05
2.363928e-05
2.398959e-05
2.434221e-05
2.469716e-05
2.505443e-05
2.541402e-05
2.577594e-05
2.614017e-05
2.650674e-05
2.687562e-05
2.724683e-05
2.762036e-05
2.799621e-05
2.837439e-05
2.875489e-05
2.913771e-05
2.952286e-05
2.991032e-05
3.030012e-05
3.069223e-05
3.108667e-05
3.148343e-05
3.188251e-05
3.228392e-05
3.268765e-05
3.309370e-05
3.350207e-05
3.391277e-05
3.432579e-05
3.474113e-05
3.515880e-05
3.557879e-05
3.600110e-05
3.642574e-05
3.685270e-05
3.728198e-05
3.771358e-05
3.814751e-05
3.858376e-05
3.902233e-05
3.946323e-05
3.990645e-05
4.035199e-05
4.079986e-05
4.125005e-05
4.170256e-05
4.215739e-05
4.261455e-05
4.307403e-05
4.353583e-05
4.399996e-05
4.446640e-05
4.493518e-05
4.540627e-05
4.587969e-05
4.635543e-05
4.683349e-05
4.731388e-05
4.779659e-05
4.828162e-05
4.876898e-05
4.925865e-05
4.975065e-05
5.024498e-05
5.074163e-05
5.124060e-05
5.174189e-05
5.224550e-05
5.275144e-05
5.325971e-05
5.377029e-05
5.428320e-05
5.479843e-05
5.531598e-05
5.583586e-05
5.635806e-05
5.688258e-05
5.740943e-05
5.793859e-05
5.847009e-05
5.900390e-05
5.954004e-05
6.007850e-05
6.061928e-05
6.116239e-05
6.170782e-05
6.225557e-05
6.280564e-05
6.335804e-05
6.391276e-05
6.446980e-05
6.502917e-05
6.559086e-05
6.615487e-05
6.672121e-05
6.728987e-05
6.786085e-05
6.843415e-05
6.900978e-05
6.958773e-05
7.016801e-05
7.075060e-05
7.133552e-05
7.192276e-05
7.251233e-05
7.310422e-05
7.369843e-05
7.429496e-05
7.489382e-05
7.549500e-05
7.609850e-05
7.670433e-05
7.731248e-05
7.792295e-05
7.853574e-05
7.915086e-05
7.976830e-05
8.038806e-05
8.101015e-05
8.163456e-05
8.226129e-05
8.289035e-05
8.352172e-05
8.415543e-05
8.479145e-05
8.542980e-05
8.607047e-05
8.671346e-05
8.735878e-05
8.800642e-05
8.865638e-05
8.930866e-05
8.996327e-05
9.062020e-05
9.127945e-05
9.194103e-05
9.260493e-05
9.327115e-05
9.393970e-05
9.461057e-05
9.528376e-05
9.595927e-05
9.663711e-05
9.731727e-05
9.799975e-05
9.868456e-05
9.937169e-05
1.000611e-04
1.007529e-04
1.014470e-04
1.021434e-04
1.028422e-04
1.035432e-04
1.042466e-04
1.049523e-04
1.056604e-04
1.063707e-04
1.070834e-04
1.077984e-04
1.085158e-04
1.092354e-04
1.099574e-04
1.106817e-04
1.114083e-04
1.121372e-04
1.128685e-04
1.136021e-04
1.143380e-04
1.150762e-04
1.158168e-04
1.165597e-04
1.173049e-04
1.180524e-04
1.188022e-04
1.195544e-04
1.203089e-04
1.210657e-04
1.218249e-04
1.225863e-04
1.233501e-04
1.241162e-04
1.248847e-04
1.256554e-04
1.264285e-04
1.272039e-04
1.279816e-04
1.287617e-04
1.295440e-04
1.303287e-04
1.311158e-04
1.319051e-04
1.326968e-04
1.334907e-04
1.342870e-04
1.350857e-04
1.358866e-04
1.366899e-04
1.374955e-04
1.383034e-04
1.391137e-04
1.399262e-04
1.407411e-04
1.415583e-04
1.423779e-04
1.431997e-04
1.440239e-04
1.448504e-04
1.456793e-04
1.465104e-04
1.473439e-04
1.481797e-04
1.490178e-04
1.498583e-04
1.507010e-04
1.515461e-04
1.523935e-04
1.532433e-04
1.540953e-04
1.549497e-04
1.558064e-04
1.566654e-04
1.575268e-04
1.583905e-04
1.592565e-04
1.601248e-04
1.609954e-04
1.618684e-04
1.627437e-04
1.636213e-04
1.645012e-04
1.653835e-04
1.662680e-04
1.671550e-04
1.680442e-04
1.689357e-04
1.698296e-04
1.707258e-04
1.716243e-04
1.725252e-04
1.734283e-04
1.743338e-04
1.752416e-04
1.761517e-04
1.770642e-04
1.779790e-04
1.788961e-04
1.798155e-04
1.807372e-04
1.816613e-04
1.825877e-04
1.835164e-04
1.844475e-04
1.853808e-04
1.863165e-04
1.872545e-04
1.881949e-04
1.891375e-04
1.900825e-04
1.910298e-04
1.919794e-04
1.929314e-04
1.938856e-04
1.948422e-04
1.958011e-04
1.967624e-04
1.977259e-04
1.986918e-04
1.996600e-04
2.006305e-04
2.016034e-04
2.025786e-04
2.035561e-04
2.045359e-04
2.055180e-04
2.065025e-04
2.074893e-04
2.084784e-04
2.094698e-04
2.104636e-04
2.114597e-04
2.124581e-04
2.134588e-04
2.144619e-04
2.154672e-04
2.164749e-04
2.174849e-04
2.184973e-04
2.195120e-04
2.205289e-04
2.215483e-04
2.225699e-04
2.235938e-04
2.246201e-04
2.256487e-04
2.266797e-04
2.277129e-04
2.287485e-04
2.297864e-04
2.308266e-04
2.318691e-04
2.329140e-04
2.339612e-04
2.350107e-04
2.360625e-04
2.371167e-04
2.381732e-04
2.392320e-04
2.402931e-04
2.413565e-04
2.424223e-04
2.434904e-04
2.445608e-04
2.456335e-04
2.467086e-04
2.477860e-04
2.488657e-04
2.499477e-04
2.510321e-04
2.521188e-04
2.532078e-04
2.542991e-04
2.553927e-04
2.564887e-04
2.575870e-04
2.586876e-04
2.597905e-04
2.608958e-04
2.620034e-04
2.631133e-04
2.642255e-04
2.653401e-04
2.664570e-04
2.675761e-04
2.686977e-04
2.698215e-04
2.709477e-04
2.720762e-04
2.732070e-04
2.743401e-04
2.754756e-04
2.766134e-04
2.777535e-04
2.788959e-04
2.800406e-04
2.811877e-04
2.823371e-04
2.834888e-04
2.846429e-04
2.857992e-04
2.869579e-04
2.881189e-04
2.892823e-04
2.904479e-04
2.916159e-04
2.927862e-04
2.939588e-04
2.951338e-04
2.963111e-04
2.974907e-04
2.986726e-04
2.998568e-04
3.010434e-04
3.022323e-04
3.034235e-04
3.046170e-04
3.058129e-04
3.070110e-04
3.082115e-04
3.094144e-04
3.106195e-04
3.118270e-04
3.130368e-04
3.142489e-04
3.154633e-04
3.166801e-04
3.178992e-04
3.191206e-04
3.203443e-04
3.215704e-04
3.227987e-04
3.240294e-04
3.252625e-04
3.264978e-04
3.277355e-04
3.289755e-04
3.302178e-04
3.314624e-04
3.327094e-04
3.339587e-04
3.352103e-04
3.364642e-04
3.377205e-04
3.389790e-04
3.402399e-04
3.415032e-04
3.427687e-04
3.440366e-04
3.453068e-04
3.465793e-04
3.478541e-04
3.491313e-04
3.504107e-04
3.516925e-04
3.529767e-04
3.542631e-04
3.555519e-04
3.568430e-04
3.581364e-04
3.594322e-04
3.607302e-04
3.620306e-04
3.633333e-04
3.646384e-04
3.659457e-04
3.672554e-04
3.685674e-04
3.698817e-04
3.711984e-04
3.725173e-04
3.738386e-04
3.751623e-04
3.764882e-04
3.778165e-04
3.791470e-04
3.804800e-04
3.818152e-04
3.831527e-04
3.844926e-04
3.858348e-04
3.871794e-04
3.885262e-04
3.898754e-04
3.912269e-04
3.925807e-04
3.939368e-04
3.952953e-04
3.966561e-04
3.980192e-04
3.993846e-04
4.007524e-04
4.021224e-04
4.034948e-04
4.048696e-04
4.062466e-04
4.076260e-04
4.090077e-04
4.103917e-04
4.117780e-04
4.131667e-04
4.145577e-04
4.159510e-04
4.173466e-04
4.187445e-04
4.201448e-04
4.215474e-04
4.229523e-04
4.243596e-04
4.257692e-04
4.271810e-04
4.285953e-04
4.300118e-04
4.314307e-04
4.328518e-04
4.342753e-04
4.357012e-04
4.371293e-04
4.385598e-04
4.399926e-04
4.414277e-04
4.428651e-04
4.443049e-04
4.457470e-04
4.471914e-04
4.486381e-04
4.500872e-04
4.515386e-04
4.529923e-04
4.544483e-04
4.559067e-04
4.573673e-04
4.588303e-04
4.602956e-04
4.617633e-04
4.632333e-04
4.647055e-04
4.661801e-04
4.676571e-04
4.691363e-04
4.706179e-04
4.721018e-04
4.735880e-04
4.750766e-04
4.765675e-04
4.780607e-04
4.795562e-04
4.810540e-04
4.825542e-04
4.840567e-04
4.855615e-04
4.870686e-04
4.885780e-04
4.900898e-04
4.916039e-04
4.931203e-04
4.946391e-04
4.961602e-04
4.976836e-04
4.992093e-04
5.007373e-04
5.022677e-04
5.038003e-04
5.053354e-04
5.068727e-04
5.084123e-04
5.099543e-04
5.114986e-04
5.130452e-04
5.145942e-04
5.161454e-04
5.176990e-04
5.192549e-04
5.208132e-04
5.223737e-04
5.239366e-04
5.255018e-04
5.270694e-04
5.286392e-04
5.302114e-04
5.317859e-04
5.333627e-04
5.349418e-04
5.365233e-04
5.381071e-04
5.396932e-04
5.412816e-04
5.428724e-04
5.444655e-04
5.460609e-04
5.476586e-04
5.492587e-04
5.508610e-04
5.524657e-04
5.540727e-04
5.556821e-04
5.572937e-04
5.589077e-04
5.605240e-04
5.621427e-04
5.637636e-04
5.653869e-04
5.670125e-04
5.686404e-04
5.702707e-04
5.719032e-04
5.735381e-04
5.751754e-04
5.768149e-04
5.784568e-04
5.801009e-04
5.817475e-04
5.833963e-04
5.850474e-04
5.867009e-04
5.883567e-04
5.900148e-04
5.916753e-04
5.933381e-04
5.950031e-04
5.966706e-04
5.983403e-04
6.000124e-04
6.016867e-04
6.033634e-04
6.050425e-04
6.067238e-04
6.084075e-04
6.100935e-04
6.117818e-04
6.134725e-04
6.151654e-04
6.168607e-04
6.185583e-04
6.202583e-04
6.219605e-04
6.236651e-04
6.253720e-04
6.270812e-04
6.287928e-04
6.305067e-04
6.322229e-04
6.339414e-04
6.356622e-04
6.373854e-04
6.391109e-04
6.408387e-04
6.425688e-04
6.443013e-04
6.460361e-04
6.477732e-04
6.495126e-04
6.512543e-04
6.529984e-04
6.547448e-04
6.564935e-04
6.582446e-04
6.599979e-04
6.617536e-04
6.635116e-04
6.652720e-04
6.670346e-04
6.687996e-04
6.705669e-04
6.723365e-04
6.741085e-04
6.758827e-04
6.776593e-04
6.794383e-04
6.812195e-04
6.830031e-04
6.847889e-04
6.865771e-04
6.883677e-04
6.901605e-04
6.919557e-04
6.937532e-04
6.955530e-04
6.973552e-04
6.991596e-04
7.009664e-04
7.027756e-04
7.045870e-04
7.064008e-04
7.082168e-04
7.100352e-04
7.118560e-04
7.136790e-04
7.155044e-04
7.173321e-04
7.191621e-04
7.209945e-04
7.228291e-04
7.246661e-04
7.265054e-04
7.283471e-04
7.301910e-04
7.320373e-04
7.338859e-04
7.357368e-04
7.375901e-04
7.394457e-04
7.413036e-04
7.431638e-04
7.450263e-04
7.468912e-04
7.487584e-04
7.506279e-04
7.524997e-04
7.543739e-04
7.562504e-04
7.581292e-04
7.600103e-04
7.618937e-04
7.637795e-04
7.656676e-04
7.675580e-04
7.694508e-04
7.713458e-04
7.732432e-04
7.751429e-04
7.770450e-04
7.789493e-04
7.808560e-04
7.827650e-04
7.846763e-04
7.865900e-04
7.885059e-04
7.904242e-04
7.923449e-04
7.942678e-04
7.961931e-04
7.981206e-04
8.000505e-04
8.019828e-04
8.039173e-04
8.058542e-04
8.077934e-04
8.097349e-04
8.116788e-04
8.136249e-04
8.155734e-04
8.175243e-04
8.194774e-04
8.214329e-04
8.233906e-04
8.253507e-04
8.273132e-04
8.292779e-04
8.312450e-04
8.332144e-04
8.351861e-04
8.371602e-04
8.391365e-04
8.411152e-04
8.430962e-04
8.450796e-04
8.470652e-04
8.490532e-04
8.510435e-04
8.530361e-04
8.550311e-04
8.570284e-04
8.590280e-04
8.610299e-04
8.630341e-04
8.650407e-04
8.670496e-04
8.690608e-04
8.710743e-04
8.730902e-04
8.751084e-04
8.771289e-04
8.791517e-04
8.811768e-04
8.832043e-04
8.852341e-04
8.872662e-04
8.893007e-04
8.913374e-04
8.933765e-04
8.954179e-04
8.974617e-04
8.995077e-04
9.015561e-04
9.036068e-04
9.056598e-04
9.077152e-04
9.097728e-04
9.118328e-04
9.138952e-04
9.159598e-04
9.180268e-04
9.200960e-04
9.221676e-04
9.242416e-04
9.263178e-04
9.283964e-04
9.304773e-04
9.325605e-04
9.346461e-04
9.367339e-04
9.388241e-04
9.409167e-04
9.430115e-04
9.451087e-04
9.472081e-04
9.493099e-04
9.514141e-04
9.535205e-04
9.556293e-04
9.577404e-04
9.598538e-04
9.619696e-04
9.640876e-04
9.662080e-04
9.683307e-04
9.704558e-04
9.725831e-04
9.747128e-04
9.768448e-04
9.789791e-04
9.811158e-04
9.832548e-04
9.853961e-04
9.875397e-04
9.896856e-04
9.918339e-04
9.939845e-04
9.961374e-04
9.982926e-04
1.000450e-03
1.002610e-03
1.004772e-03
1.006937e-03
1.009104e-03
1.011273e-03
1.013444e-03
1.015618e-03
1.017794e-03
1.019973e-03
1.022154e-03
1.024337e-03
1.026522e-03
1.028710e-03
1.030900e-03
1.033092e-03
1.035287e-03
1.037484e-03
1.039683e-03
1.041885e-03
1.044089e-03
1.046295e-03
1.048504e-03
1.050715e-03
1.052928e-03
1.055144e-03
1.057362e-03
1.059582e-03
1.061805e-03
1.064030e-03
1.066257e-03
1.068487e-03
1.070719e-03
1.072953e-03
1.075189e-03
1.077428e-03
1.079669e-03
1.081913e-03
1.084159e-03
1.086407e-03
1.088657e-03
1.090910e-03
1.093165e-03
1.095423e-03
1.097682e-03
1.099945e-03
1.102209e-03
1.104476e-03
1.106745e-03
1.109016e-03
1.111290e-03
1.113566e-03
1.115844e-03
1.118125e-03
1.120408e-03
1.122693e-03
1.124981e-03
1.127271e-03
1.129563e-03
1.131858e-03
1.134155e-03
1.136454e-03
1.138755e-03
1.141059e-03
1.143366e-03
1.145674e-03
1.147985e-03
1.150298e-03
1.152614e-03
1.154932e-03
1.157252e-03
1.159574e-03
1.161899e-03
1.164226e-03
1.166556e-03
1.168887e-03
1.171222e-03
1.173558e-03
1.175897e-03
1.178238e-03
1.180581e-03
1.182927e-03
1.185275e-03
1.187625e-03
1.189978e-03
1.192333e-03
1.194690e-03
1.197050e-03
1.199412e-03
1.201776e-03
1.204143e-03
1.206512e-03
1.208883e-03
1.211257e-03
1.213633e-03
1.216011e-03
1.218391e-03
1.220774e-03
1.223159e-03
1.225547e-03
1.227937e-03
1.230329e-03
1.232724e-03
1.235120e-03
1.237519e-03
1.239921e-03
1.242325e-03
1.244731e-03
1.247139e-03
1.249550e-03
1.251963e-03
1.254379e-03
1.256796e-03
1.259216e-03
1.261639e-03
1.264063e-03
1.266490e-03
1.268920e-03
1.271351e-03
1.273785e-03
1.276222e-03
1.278660e-03
1.281101e-03
1.283545e-03
1.285990e-03
1.288438e-03
1.290888e-03
1.293341e-03
1.295796e-03
1.298253e-03
1.300713e-03
1.303174e-03
1.305639e-03
1.308105e-03
1.310574e-03
1.313045e-03
1.315519e-03
1.317994e-03
1.320473e-03
1.322953e-03
1.325436e-03
1.327921e-03
1.330408e-03
1.332898e-03
1.335390e-03
1.337884e-03
1.340381e-03
1.342880e-03
1.345382e-03
1.347885e-03
1.350391e-03
1.352900e-03
1.355410e-03
1.357923e-03
1.360438e-03
1.362956e-03
1.365476e-03
1.367998e-03
1.370523e-03
1.373050e-03
1.375579e-03
1.378111e-03
1.380644e-03
1.383181e-03
1.385719e-03
1.388260e-03
1.390803e-03
1.393349e-03
1.395896e-03
1.398447e-03
1.400999e-03
1.403554e-03
1.406111e-03
1.408670e-03
1.411232e-03
1.413796e-03
1.416363e-03
1.418931e-03
1.421502e-03
1.424076e-03
1.426651e-03
1.429229e-03
1.431810e-03
1.434392e-03
1.436977e-03
1.439565e-03
1.442154e-03
1.444746e-03
1.447341e-03
1.449937e-03
1.452536e-03
1.455137e-03
1.457741e-03
1.460347e-03
1.462955e-03
1.465565e-03
1.468178e-03
1.470794e-03
1.473411e-03
1.476031e-03
1.478653e-03
1.481277e-03
1.483904e-03
1.486533e-03
1.489165e-03
1.491799e-03
1.494435e-03
1.497073e-03
1.499714e-03
1.502357e-03
1.505002e-03
1.507650e-03
1.510300e-03
1.512952e-03
1.515607e-03
1.518264e-03
1.520923e-03
1.523585e-03
1.526249e-03
1.528915e-03
1.531584e-03
1.534255e-03
1.536928e-03
1.539604e-03
1.542281e-03
1.544962e-03
1.547644e-03
1.550329e-03
1.553016e-03
1.555706e-03
1.558398e-03
1.561092e-03
1.563788e-03
1.566487e-03
1.569188e-03
1.571892e-03
1.574597e-03
1.577306e-03
1.580016e-03
1.582729e-03
1.585444e-03
1.588161e-03
1.590881e-03
1.593603e-03
1.596327e-03
1.599054e-03
1.601783e-03
1.604514e-03
1.607248e-03
1.609984e-03
1.612722e-03
1.615463e-03
1.618206e-03
1.620951e-03
1.623699e-03
1.626448e-03
1.629201e-03
1.631955e-03
1.634712e-03
1.637471e-03
1.640233e-03
1.642997e-03
1.645763e-03
1.648531e-03
1.651302e-03
1.654075e-03
1.656851e-03
1.659629e-03
1.662409e-03
1.665191e-03
1.667976e-03
1.670763e-03
1.673552e-03
1.676344e-03
1.679138e-03
1.681934e-03
1.684733e-03
1.687534e-03
1.690338e-03
1.693143e-03
1.695951e-03
1.698761e-03
1.701574e-03
1.704389e-03
1.707206e-03
1.710026e-03
1.712848e-03
1.715672e-03
1.718499e-03
1.721328e-03
1.724159e-03
1.726992e-03
1.729828e-03
1.732666e-03
1.735507e-03
1.738350e-03
1.741195e-03
1.744042e-03
1.746892e-03
1.749744e-03
1.752599e-03
1.755455e-03
1.758315e-03
1.761176e-03
1.764040e-03
1.766906e-03
1.769774e-03
1.772645e-03
1.775518e-03
1.778393e-03
1.781271e-03
1.784151e-03
1.787033e-03
1.789918e-03
1.792805e-03
1.795694e-03
1.798586e-03
1.801480e-03
1.804376e-03
1.807274e-03
1.810175e-03
1.813079e-03
1.815984e-03
1.818892e-03
1.821802e-03
1.824715e-03
1.827630e-03
1.830547e-03
1.833466e-03
1.836388e-03
1.839312e-03
1.842239e-03
1.845167e-03
1.848098e-03
1.851032e-03
1.853968e-03
1.856906e-03
1.859846e-03
1.862789e-03
1.865734e-03
1.868681e-03
1.871631e-03
1.874583e-03
1.877537e-03
1.880494e-03
1.883453e-03
1.886414e-03
1.889378e-03
1.892344e-03
1.895312e-03
1.898283e-03
1.901256e-03
1.904231e-03
1.907208e-03
1.910188e-03
1.913170e-03
1.916155e-03
1.919142e-03
1.922131e-03
1.925122e-03
1.928116e-03
1.931112e-03
1.934111e-03
1.937112e-03
1.940115e-03
1.943120e-03
1.946128e-03
1.949138e-03
1.952150e-03
1.955165e-03
1.958182e-03
1.961202e-03
1.964223e-03
1.967247e-03
1.970274e-03
1.973302e-03
1.976333e-03
1.979367e-03
1.982402e-03
1.985440e-03
1.988480e-03
1.991523e-03
1.994568e-03
1.997615e-03
2.000665e-03
2.003717e-03
2.006771e-03
2.009827e-03
2.012886e-03
2.015948e-03
2.019011e-03
2.022077e-03
2.025145e-03
2.028215e-03
2.031288e-03
2.034363e-03
2.037441e-03
2.040521e-03
2.043603e-03
2.046687e-03
2.049774e-03
2.052863e-03
2.055954e-03
2.059048e-03
2.062144e-03
2.065242e-03
2.068343e-03
2.071446e-03
2.074551e-03
2.077659e-03
2.080769e-03
2.083881e-03
2.086996e-03
2.090113e-03
2.093232e-03
2.096354e-03
2.099478e-03
2.102604e-03
2.105732e-03
2.108863e-03
2.111996e-03
2.115132e-03
2.118270e-03
2.121410e-03
2.124552e-03
2.127697e-03
2.130844e-03
2.133994e-03
2.137146e-03
2.140300e-03
2.143456e-03
2.146615e-03
2.149776e-03
2.152939e-03
2.156105e-03
2.159273e-03
2.162444e-03
2.165616e-03
2.168791e-03
2.171969e-03
2.175148e-03
2.178330e-03
2.181515e-03
2.184701e-03
2.187890e-03
2.191081e-03
2.194275e-03
2.197471e-03
2.200669e-03
2.203870e-03
2.207073e-03
2.210278e-03
2.213485e-03
2.216695e-03
2.219907e-03
2.223122e-03
2.226339e-03
2.229558e-03
2.232779e-03
2.236003e-03
2.239229e-03
2.242458e-03
2.245688e-03
2.248921e-03
2.252157e-03
2.255395e-03
2.258635e-03
2.261877e-03
2.265122e-03
2.268369e-03
2.271618e-03
2.274870e-03
2.278124e-03
2.281380e-03
2.284639e-03
2.287900e-03
2.291163e-03
2.294429e-03
2.297696e-03
2.300967e-03
2.304239e-03
2.307514e-03
2.310791e-03
2.314071e-03
2.317353e-03
2.320637e-03
2.323924e-03
2.327212e-03
2.330504e-03
2.333797e-03
2.337093e-03
2.340391e-03
2.343691e-03
2.346994e-03
2.350299e-03
2.353607e-03
2.356916e-03
2.360228e-03
2.363543e-03
2.366860e-03
2.370179e-03
2.373500e-03
2.376824e-03
2.380150e-03
2.383478e-03
2.386809e-03
2.390142e-03
2.393477e-03
2.396814e-03
2.400154e-03
2.403497e-03
2.406841e-03
2.410188e-03
2.413537e-03
2.416889e-03
2.420243e-03
2.423599e-03
2.426958e-03
2.430318e-03
2.433682e-03
2.437047e-03
2.440415e-03
2.443785e-03
2.447157e-03
2.450532e-03
2.453909e-03
2.457289e-03
2.460671e-03
2.464055e-03
2.467441e-03
2.470830e-03
2.474221e-03
2.477614e-03
2.481010e-03
2.484408e-03
2.487808e-03
2.491211e-03
2.494616e-03
2.498023e-03
2.501433e-03
2.504845e-03
2.508259e-03
2.511676e-03
2.515095e-03
2.518516e-03
2.521939e-03
2.525365e-03
2.528793e-03
2.532224e-03
2.535657e-03
2.539092e-03
2.542530e-03
2.545969e-03
2.549412e-03
2.552856e-03
2.556303e-03
2.559752e-03
2.563203e-03
2.566657e-03
2.570113e-03
2.573572e-03
2.577032e-03
2.580495e-03
2.583961e-03
2.587428e-03
2.590898e-03
2.594371e-03
2.597846e-03
2.601323e-03
2.604802e-03
2.608283e-03
2.611767e-03
2.615254e-03
2.618742e-03
2.622233e-03
2.625727e-03
2.629222e-03
2.632720e-03
2.636220e-03
2.639723e-03
2.643228e-03
2.646735e-03
2.650244e-03
2.653756e-03
2.657270e-03
2.660787e-03
2.664306e-03
2.667827e-03
2.671350e-03
2.674876e-03
2.678404e-03
2.681934e-03
2.685467e-03
2.689002e-03
2.692540e-03
2.696079e-03
2.699621e-03
2.703166e-03
2.706712e-03
2.710261e-03
2.713813e-03
2.717366e-03
2.720922e-03
2.724481e-03
2.728041e-03
2.731604e-03
2.735170e-03
2.738737e-03
2.742307e-03
2.745879e-03
2.749454e-03
2.753031e-03
2.756610e-03
2.760191e-03
2.763775e-03
2.767362e-03
2.770950e-03
2.774541e-03
2.777469e-03
2.780386e-03
2.783291e-03
2.786185e-03
2.789067e-03
2.791937e-03
2.794796e-03
2.797644e-03
2.800479e-03
2.803303e-03
2.806116e-03
2.808917e-03
2.811706e-03
2.814484e-03
2.817250e-03
2.820005e-03
2.822748e-03
2.825480e-03
2.828199e-03
2.830908e-03
2.833604e-03
2.836290e-03
2.838963e-03
2.841625e-03
2.844276e-03
2.846914e-03
2.849542e-03
2.852157e-03
2.854761e-03
2.857354e-03
2.859935e-03
2.862504e-03
2.865062e-03
2.867608e-03
2.870142e-03
2.872665e-03
2.875177e-03
2.877676e-03
2.880165e-03
2.882641e-03
2.885106e-03
2.887560e-03
2.890002e-03
2.892432e-03
2.894851e-03
2.897258e-03
2.899653e-03
2.902037e-03
2.904410e-03
2.906770e-03
2.909119e-03
2.911457e-03
2.913783e-03
2.916098e-03
2.918400e-03
2.920692e-03
2.922971e-03
2.925240e-03
2.927496e-03
2.929741e-03
2.931974e-03
2.934196e-03
2.936406e-03
2.938605e-03
2.940792e-03
2.942967e-03
2.945131e-03
2.947284e-03
2.949424e-03
2.951553e-03
2.953671e-03
2.955777e-03
2.957871e-03
2.959954e-03
2.962025e-03
2.964085e-03
2.966133e-03
2.968169e-03
2.970194e-03
2.972207e-03
2.974209e-03
2.976199e-03
2.978178e-03
2.980145e-03
2.982100e-03
2.984044e-03
2.985976e-03
2.987896e-03
2.989805e-03
2.991703e-03
2.993589e-03
2.995463e-03
2.997326e-03
2.999177e-03
3.001016e-03
3.002844e-03
3.004661e-03
3.006465e-03
3.008258e-03
3.010040e-03
3.011810e-03
3.013568e-03
3.015315e-03
3.017051e-03
3.018774e-03
3.020486e-03
3.022187e-03
3.023876e-03
3.025553e-03
3.027219e-03
3.028873e-03
3.030516e-03
3.032147e-03
3.033766e-03
3.035374e-03
3.036970e-03
3.038555e-03
3.040128e-03
3.041689e-03
3.043239e-03
3.044778e-03
3.046304e-03
3.047819e-03
3.049323e-03
3.050815e-03
3.052295e-03
3.053764e-03
3.055221e-03
3.056667e-03
3.058101e-03
3.059524e-03
3.060935e-03
3.062334e-03
3.063722e-03
3.065098e-03
3.066462e-03
3.067815e-03
3.069157e-03
3.070487e-03
3.071805e-03
3.073111e-03
3.074407e-03
3.075690e-03
3.076962e-03
3.078222e-03
3.079471e-03
3.080708e-03
3.081934e-03
3.083148e-03
3.084350e-03
3.085541e-03
3.086720e-03
3.087888e-03
3.089044e-03
3.090188e-03
3.091321e-03
3.092442e-03
3.093552e-03
3.094650e-03
3.095737e-03
3.096812e-03
3.097875e-03
3.098927e-03
3.099967e-03
3.100996e-03
3.102013e-03
3.103018e-03
3.104012e-03
3.104995e-03
3.105965e-03
3.106924e-03
3.107872e-03
3.108808e-03
3.109732e-03
3.110645e-03
3.111546e-03
3.112436e-03
3.113314e-03
3.114181e-03
3.115035e-03
3.115879e-03
3.116710e-03
3.117531e-03
3.118339e-03
3.119136e-03
3.119921e-03
3.120695e-03
3.121457e-03
3.122208e-03
3.122947e-03
3.123675e-03
3.124390e-03
3.125095e-03
3.125787e-03
3.126469e-03
3.127138e-03
3.127796e-03
3.128442e-03
3.129077e-03
3.129700e-03
3.130312e-03
3.130912e-03
3.131500e-03
3.132077e-03
3.132643e-03
3.133196e-03
3.133738e-03
3.134269e-03
3.134788e-03
3.135295e-03
3.135791e-03
3.136275e-03
3.136748e-03
3.137209e-03
3.137658e-03
3.138096e-03
3.138522e-03
3.138937e-03
3.139340e-03
3.139732e-03
3.140112e-03
3.140480e-03
3.140837e-03
3.141182e-03
3.141516e-03
3.141838e-03
3.142148e-03
3.142447e-03
3.142734e-03
3.143010e-03
3.143274e-03
3.143526e-03
3.143767e-03
3.143997e-03
3.144215e-03
3.144421e-03
3.144615e-03
3.144798e-03
3.144970e-03
3.145130e-03
3.145278e-03
3.145415e-03
3.145540e-03
3.145653e-03
3.145755e-03
3.145845e-03
3.145924e-03
3.145991e-03
3.146047e-03
3.146091e-03
3.146123e-03
3.146144e-03
3.146153e-03
3.146151e-03
3.146137e-03
3.146112e-03
3.146075e-03
3.146026e-03
3.145966e-03
3.145894e-03
3.145810e-03
3.145715e-03
3.145609e-03
3.145491e-03
3.145361e-03
3.145220e-03
3.145067e-03
3.144902e-03
3.144726e-03
3.144538e-03
3.144339e-03
3.144128e-03
3.143906e-03
3.143672e-03
3.143426e-03
3.143169e-03
3.142900e-03
3.142620e-03
3.142328e-03
3.142025e-03
3.141710e-03
3.141383e-03
3.141045e-03
3.140695e-03
3.140333e-03
3.139960e-03
3.139576e-03
3.139180e-03
3.138772e-03
3.138352e-03
3.137921e-03
3.137479e-03
3.137025e-03
3.136559e-03
3.136082e-03
3.135593e-03
3.135093e-03
3.134581e-03
3.134057e-03
3.133522e-03
3.133197e-03
3.133197e-03
3.133197e-03
3.133197e-03
3.133197e-03
3.133197e-03
3.133197e-03
3.133197e-03
3.133197e-03
3.133197e-03
3.133197e-03
3.133197e-03
3.133197e-03
3.133197e-03
3.133197e-03
3.133197e-03
3.133197e-03
3.133197e-03
3.133197e-03
3.133197e-03
3.133197e-03
3.133197e-03
3.133197e-03
3.133197e-03
3.133197e-03
3.133197e-03
3.133197e-03
3.133197e-03
3.133197e-03
3.133197e-03
3.133197e-03
3.133197e-03
3.133197e-03
3.133197e-03
3.133197e-03
3.133197e-03
3.133197e-03
3.133197e-03
3.133197e-03
3.133197e-03
3.133197e-03
3.133197e-03
3.133197e-03
3.133197e-03
3.133197e-03
3.133197e-03
3.133197e-03
3.133197e-03
3.133197e-03
3.133197e-03
3.133197e-03
3.133197e-03
3.133197e-03
3.133197e-03
3.133197e-03
3.133197e-03
3.133197e-03
3.133197e-03
3.133197e-03
3.133197e-03
3.133197e-03
3.133197e-03
3.133197e-03
3.133197e-03
3.133197e-03
3.133197e-03
3.133197e-03
3.133197e-03
3.133197e-03
3.133197e-03
3.133197e-03
3.133197e-03
3.133197e-03
3.133197e-03
3.133197e-03
3.133197e-03
3.133197e-03
3.133197e-03
3.133197e-03
3.133197e-03
3.133197e-03
3.133197e-03
3.133197e-03
3.133197e-03
3.133197e-03
3.133197e-03
3.133197e-03
3.133197e-03
3.133197e-03
3.133197e-03
3.133197e-03
3.133197e-03
3.133197e-03
3.133197e-03
3.133197e-03
3.133197e-03
3.133197e-03
3.133197e-03
3.133197e-03
3.133197e-03
3.133197e-03
3.133197e-03
3.133197e-03
3.133197e-03
3.133197e-03
3.133197e-03
3.133197e-03
3.133197e-03
3.133197e-03
3.133197e-03
3.133197e-03
3.133197e-03
3.133197e-03
3.133197e-03
3.133197e-03
3.133197e-03
3.133197e-03
3.133197e-03
3.133197e-03
3.133197e-03
3.133197e-03
3.133197e-03
3.133197e-03
3.133197e-03
3.133197e-03
3.133197e-03
3.133197e-03
3.133197e-03
3.133197e-03
3.133197e-03
3.133197e-03
3.133197e-03
3.133197e-03
3.133197e-03
3.133197e-03
3.133197e-03
3.133197e-03
3.133197e-03
3.133197e-03
3.133197e-03
3.133197e-03
3.133197e-03
3.133197e-03
3.133197e-03
3.133197e-03
3.133197e-03
3.133197e-03
3.133197e-03
3.133197e-03
3.133197e-03
3.133197e-03
3.133197e-03
3.133197e-03
3.133197e-03
3.133197e-03
3.133197e-03
3.133197e-03
3.133197e-03
3.133197e-03
3.133197e-03
3.133197e-03
3.133197e-03
3.133197e-03
3.133197e-03
3.133197e-03
3.133197e-03
3.133197e-03
3.133197e-03
3.133197e-03
3.133197e-03
3.133197e-03
3.133197e-03
3.133197e-03
3.133197e-03
3.133197e-03
3.133197e-03
3.133197e-03
3.133197e-03
3.133197e-03
3.133197e-03
3.133197e-03
3.133197e-03
3.133197e-03
3.133197e-03
3.133197e-03
3.133197e-03
3.133197e-03
3.133197e-03
3.133197e-03
3.133197e-03
3.133197e-03
3.133197e-03
3.133197e-03
3.133197e-03
3.133197e-03
3.133197e-03
3.133197e-03
3.133197e-03
3.133197e-03
3.133197e-03
3.133197e-03
