0.000000e+00
1.110371e-07
2.246267e-07
3.407690e-07
4.594638e-07
5.807112e-07
7.045112e-07
8.308637e-07
9.597688e-07
1.091227e-06
1.225237e-06
1.361800e-06
1.500915e-06
1.642583e-06
1.786804e-06
1.933577e-06
2.082903e-06
2.234781e-06
2.389212e-06
2.546195e-06
2.705731e-06
2.867820e-06
3.032461e-06
3.199655e-06
3.369401e-06
3.541700e-06
3.716552e-06
3.893956e-06
4.073912e-06
4.256422e-06
4.441483e-06
4.629098e-06
4.819265e-06
5.011984e-06
5.207256e-06
5.405081e-06
5.605458e-06
5.808388e-06
6.013871e-06
6.221906e-06
6.432493e-06
6.645633e-06
6.861326e-06
7.079571e-06
7.300369e-06
7.523720e-06
7.749623e-06
7.978078e-06
8.209087e-06
8.442647e-06
8.678761e-06
8.917427e-06
9.158645e-06
9.402416e-06
9.648740e-06
9.897616e-06
1.014904e-05
1.040303e-05
1.065956e-05
1.091865e-05
1.118029e-05
1.144448e-05
1.171122e-05
1.198052e-05
1.225237e-05
1.252677e-05
1.280372e-05
1.308323e-05
1.336529e-05
1.364990e-05
1.393707e-05
1.422679e-05
1.451906e-05
1.481388e-05
1.511125e-05
1.541118e-05
1.571366e-05
1.601870e-05
1.632628e-05
1.663642e-05
1.694911e-05
1.726435e-05
1.758215e-05
1.790250e-05
1.822540e-05
1.855085e-05
1.887886e-05
1.920942e-05
1.954253e-05
1.987819e-05
2.021641e-05
2.055718e-05
2.090050e-05
2.124637e-05
2.159480e-05
2.194578e-05
2.229931e-05
2.265539e-05
2.301403e-05
2.337522e-05
2.373896e-05
2.410526e-05
2.447411e-05
2.484551e-05
2.521946e-05
2.559596e-05
2.597502e-05
2.635663e-05
2.674079e-05
2.712751e-05
2.751678e-05
2.790860e-05
2.830297e-05
2.869990e-05
2.909937e-05
2.950141e-05
2.990599e-05
3.031312e-05
3.072281e-05
3.113505e-05
3.154985e-05
3.196719e-05
3.238709e-05
3.280954e-05
3.323455e-05
3.366211e-05
3.409221e-05
3.452488e-05
3.496009e-05
3.539786e-05
3.583818e-05
3.628105e-05
3.672647e-05
3.717445e-05
3.762498e-05
3.807806e-05
3.853370e-05
3.899189e-05
3.945263e-05
3.991592e-05
4.038176e-05
4.085016e-05
4.132111e-05
4.179461e-05
4.227067e-05
4.274928e-05
4.323044e-05
4.371415e-05
4.420042e-05
4.468924e-05
4.518061e-05
4.567453e-05
4.617101e-05
4.667004e-05
4.717162e-05
4.767575e-05
4.818244e-05
4.869168e-05
4.920347e-05
4.971781e-05
5.023471e-05
5.075416e-05
5.127616e-05
5.180072e-05
5.232782e-05
5.285748e-05
5.338969e-05
5.392446e-05
5.446178e-05
5.500165e-05
5.554407e-05
5.608904e-05
5.663657e-05
5.718665e-05
5.773928e-05
5.829447e-05
5.885221e-05
5.941250e-05
5.997534e-05
6.054074e-05
6.110869e-05
6.167919e-05
6.225224e-05
6.282785e-05
6.340601e-05
6.398672e-05
6.456998e-05
6.515580e-05
6.574417e-05
6.633509e-05
6.692856e-05
6.752459e-05
6.812317e-05
6.872430e-05
6.932798e-05
6.993422e-05
7.054301e-05
7.115435e-05
7.176825e-05
7.238469e-05
7.300369e-05
7.362525e-05
7.424935e-05
7.487601e-05
7.550522e-05
7.613698e-05
7.677130e-05
7.740816e-05
7.804759e-05
7.868956e-05
7.933408e-05
7.998116e-05
8.063079e-05
8.128298e-05
8.193771e-05
8.259500e-05
8.325484e-05
8.391724e-05
8.458218e-05
8.524968e-05
8.591973e-05
8.659234e-05
8.726749e-05
8.794520e-05
8.862546e-05
8.930828e-05
8.999364e-05
9.068156e-05
9.137204e-05
9.206506e-05
9.276064e-05
9.345877e-05
9.415945e-05
9.486268e-05
9.556847e-05
9.627681e-05
9.698770e-05
9.770115e-05
9.841715e-05
9.913570e-05
9.985680e-05
1.005805e-04
1.013067e-04
1.020354e-04
1.027667e-04
1.035006e-04
1.042370e-04
1.049760e-04
1.057175e-04
1.064616e-04
1.072082e-04
1.079574e-04
1.087091e-04
1.094634e-04
1.102203e-04
1.109797e-04
1.117416e-04
1.125061e-04
1.132731e-04
1.140427e-04
1.148149e-04
1.155896e-04
1.163669e-04
1.171467e-04
1.179290e-04
1.187140e-04
1.195014e-04
1.202915e-04
1.210840e-04
1.218792e-04
1.226768e-04
1.234771e-04
1.242799e-04
1.250852e-04
1.258931e-04
1.267035e-04
1.275165e-04
1.283321e-04
1.291502e-04
1.299708e-04
1.307940e-04
1.316198e-04
1.324481e-04
1.332790e-04
1.341124e-04
1.349483e-04
1.357869e-04
1.366279e-04
1.374716e-04
1.383177e-04
1.391665e-04
1.400178e-04
1.408716e-04
1.417280e-04
1.425869e-04
1.434484e-04
1.443125e-04
1.451791e-04
1.460482e-04
1.469199e-04
1.477942e-04
1.486710e-04
1.495504e-04
1.504323e-04
1.513167e-04
1.522038e-04
1.530933e-04
1.539855e-04
1.548801e-04
1.557774e-04
1.566772e-04
1.575795e-04
1.584844e-04
1.593918e-04
1.603018e-04
1.612144e-04
1.621295e-04
1.630471e-04
1.639673e-04
1.648901e-04
1.658154e-04
1.667432e-04
1.676737e-04
1.686066e-04
1.695421e-04
1.704802e-04
1.714208e-04
1.723640e-04
1.733097e-04
1.742580e-04
1.752089e-04
1.761623e-04
1.771182e-04
1.780767e-04
1.790377e-04
1.800013e-04
1.809675e-04
1.819362e-04
1.829074e-04
1.838812e-04
1.848576e-04
1.858365e-04
1.868180e-04
1.878020e-04
1.887886e-04
1.897777e-04
1.907694e-04
1.917636e-04
1.927604e-04
1.937597e-04
1.947616e-04
1.957660e-04
1.967730e-04
1.977826e-04
1.987947e-04
1.998093e-04
2.008265e-04
2.018463e-04
2.028686e-04
2.038934e-04
2.049209e-04
2.059508e-04
2.069833e-04
2.080184e-04
2.090560e-04
2.100962e-04
2.111389e-04
2.121842e-04
2.132320e-04
2.142824e-04
2.153354e-04
2.163909e-04
2.174489e-04
2.185095e-04
2.195726e-04
2.206383e-04
2.217066e-04
2.227774e-04
2.238508e-04
2.249267e-04
2.260051e-04
2.270862e-04
2.281697e-04
2.292558e-04
2.303445e-04
2.314357e-04
2.325295e-04
2.336259e-04
2.347247e-04
2.358262e-04
2.369302e-04
2.380367e-04
2.391458e-04
2.402575e-04
2.413717e-04
2.424884e-04
2.436077e-04
2.447296e-04
2.458540e-04
2.469809e-04
2.481105e-04
2.492425e-04
2.503771e-04
2.515143e-04
2.526540e-04
2.537963e-04
2.549412e-04
2.560885e-04
2.572385e-04
2.583910e-04
2.595460e-04
2.607036e-04
2.618637e-04
2.630264e-04
2.641917e-04
2.653595e-04
2.665298e-04
2.677028e-04
2.688782e-04
2.700562e-04
2.712368e-04
2.724199e-04
2.736056e-04
2.747938e-04
2.759846e-04
2.771779e-04
2.783738e-04
2.795722e-04
2.807732e-04
2.819768e-04
2.831829e-04
2.843915e-04
2.856027e-04
2.868165e-04
2.880328e-04
2.892516e-04
2.904730e-04
2.916970e-04
2.929235e-04
2.941526e-04
2.953842e-04
2.966183e-04
2.978551e-04
2.990943e-04
3.003362e-04
3.015806e-04
3.028275e-04
3.040770e-04
3.053290e-04
3.065836e-04
3.078407e-04
3.091004e-04
3.103627e-04
3.116275e-04
3.128949e-04
3.141648e-04
3.154372e-04
3.167122e-04
3.179898e-04
3.192699e-04
3.205526e-04
3.218378e-04
3.231256e-04
3.244159e-04
3.257088e-04
3.270042e-04
3.283022e-04
3.296027e-04
3.309058e-04
3.322115e-04
3.335197e-04
3.348304e-04
3.361437e-04
3.374596e-04
3.387780e-04
3.400989e-04
3.414224e-04
3.427485e-04
3.440771e-04
3.454083e-04
3.467420e-04
3.480783e-04
3.494171e-04
3.507585e-04
3.521024e-04
3.534489e-04
3.547980e-04
3.561495e-04
3.575037e-04
3.588604e-04
3.602196e-04
3.615814e-04
3.629458e-04
3.643127e-04
3.656821e-04
3.670541e-04
3.684287e-04
3.698058e-04
3.711855e-04
3.725677e-04
3.739525e-04
3.753398e-04
3.767297e-04
3.781221e-04
3.795171e-04
3.809146e-04
3.823147e-04
3.837174e-04
3.851226e-04
3.865303e-04
3.879406e-04
3.893535e-04
3.907689e-04
3.921868e-04
3.936073e-04
3.950304e-04
3.964560e-04
3.978842e-04
3.993149e-04
4.007482e-04
4.021840e-04
4.036224e-04
4.050633e-04
4.065068e-04
4.079528e-04
4.094014e-04
4.108525e-04
4.123062e-04
4.137625e-04
4.152213e-04
4.166826e-04
4.181465e-04
4.196130e-04
4.210820e-04
4.225535e-04
4.240277e-04
4.255043e-04
4.269835e-04
4.284653e-04
4.299496e-04
4.314365e-04
4.329259e-04
4.344179e-04
4.359125e-04
4.374095e-04
4.389092e-04
4.404114e-04
4.419161e-04
4.434234e-04
4.449333e-04
4.464457e-04
4.479606e-04
4.494781e-04
4.509982e-04
4.525208e-04
4.540460e-04
4.555737e-04
4.571039e-04
4.586368e-04
4.601721e-04
4.617101e-04
4.632506e-04
4.647936e-04
4.663392e-04
4.678873e-04
4.694380e-04
4.709912e-04
4.725470e-04
4.741054e-04
4.756663e-04
4.772297e-04
4.787957e-04
4.803643e-04
4.819354e-04
4.835091e-04
4.850853e-04
4.866641e-04
4.882454e-04
4.898293e-04
4.914157e-04
4.930047e-04
4.945962e-04
4.961903e-04
4.977869e-04
4.993861e-04
5.009878e-04
5.025921e-04
5.041990e-04
5.058084e-04
5.074203e-04
5.090348e-04
5.106519e-04
5.122715e-04
5.138937e-04
5.155184e-04
5.171457e-04
5.187755e-04
5.204079e-04
5.220428e-04
5.236803e-04
5.253203e-04
5.269629e-04
5.286080e-04
5.302557e-04
5.319059e-04
5.335587e-04
5.352141e-04
5.368720e-04
5.385324e-04
5.401954e-04
5.418610e-04
5.435291e-04
5.451998e-04
5.468730e-04
5.485487e-04
5.502271e-04
5.519079e-04
5.535913e-04
5.552773e-04
5.569659e-04
5.586569e-04
5.603506e-04
5.620468e-04
5.637455e-04
5.654468e-04
5.671506e-04
5.688570e-04
5.705660e-04
5.722775e-04
5.739915e-04
5.757081e-04
5.774273e-04
5.791490e-04
5.808733e-04
5.826001e-04
5.843295e-04
5.860614e-04
5.877959e-04
5.895329e-04
5.912725e-04
5.930146e-04
5.947593e-04
5.965065e-04
5.982563e-04
6.000087e-04
6.017636e-04
6.035210e-04
6.052810e-04
6.070436e-04
6.088087e-04
6.105763e-04
6.123466e-04
6.141193e-04
6.158946e-04
6.176725e-04
6.194529e-04
6.212359e-04
6.230214e-04
6.248095e-04
6.266001e-04
6.283933e-04
6.301891e-04
6.319874e-04
6.337882e-04
6.355916e-04
6.373975e-04
6.392060e-04
6.410171e-04
6.428307e-04
6.446469e-04
6.464656e-04
6.482868e-04
6.501107e-04
6.519370e-04
6.537659e-04
6.555974e-04
6.574314e-04
6.592680e-04
6.611072e-04
6.629488e-04
6.647931e-04
6.666399e-04
6.684892e-04
6.703411e-04
6.721955e-04
6.740525e-04
6.759121e-04
6.777742e-04
6.796389e-04
6.815061e-04
6.833758e-04
6.852481e-04
6.871230e-04
6.890004e-04
6.908804e-04
6.927629e-04
6.946480e-04
6.965356e-04
6.984258e-04
7.003186e-04
7.022138e-04
7.041117e-04
7.060121e-04
7.079150e-04
7.098205e-04
7.117286e-04
7.136392e-04
7.155523e-04
7.174680e-04
7.193863e-04
7.213071e-04
7.232305e-04
7.251564e-04
7.270849e-04
7.290159e-04
7.309495e-04
7.328856e-04
7.348243e-04
7.367655e-04
7.387093e-04
7.406557e-04
7.426045e-04
7.445560e-04
7.465100e-04
7.484665e-04
7.504256e-04
7.523873e-04
7.543515e-04
7.563183e-04
7.582876e-04
7.602594e-04
7.622339e-04
7.642108e-04
7.661904e-04
7.681724e-04
7.701571e-04
7.721442e-04
7.741340e-04
7.761263e-04
7.781211e-04
7.801185e-04
7.821184e-04
7.841209e-04
7.861260e-04
7.881336e-04
7.901437e-04
7.921564e-04
7.941717e-04
7.961895e-04
7.982099e-04
8.002328e-04
8.022583e-04
8.042863e-04
8.063169e-04
8.083500e-04
8.103857e-04
8.124239e-04
8.144647e-04
8.165080e-04
8.185539e-04
8.206024e-04
8.226534e-04
8.247069e-04
8.267630e-04
8.288217e-04
8.308829e-04
8.329466e-04
8.350129e-04
8.370818e-04
8.391532e-04
8.412272e-04
8.433037e-04
8.453828e-04
8.474644e-04
8.495486e-04
8.516353e-04
8.537246e-04
8.558164e-04
8.579108e-04
8.600078e-04
8.621073e-04
8.642093e-04
8.663139e-04
8.684211e-04
8.705308e-04
8.726430e-04
8.747578e-04
8.768752e-04
8.789951e-04
8.811176e-04
8.832426e-04
8.853702e-04
8.875003e-04
8.896330e-04
8.917682e-04
8.939060e-04
8.960463e-04
8.981892e-04
9.003346e-04
9.024826e-04
9.046332e-04
9.067863e-04
9.089419e-04
9.111001e-04
9.132609e-04
9.154242e-04
9.175901e-04
9.197585e-04
9.219294e-04
9.241030e-04
9.262790e-04
9.284577e-04
9.306388e-04
9.328226e-04
9.350088e-04
9.371977e-04
9.393891e-04
9.415830e-04
9.437795e-04
9.459785e-04
9.481801e-04
9.503843e-04
9.525910e-04
9.548002e-04
9.570121e-04
9.592264e-04
9.614433e-04
9.636628e-04
9.658848e-04
9.681094e-04
9.703365e-04
9.725662e-04
9.747984e-04
9.770332e-04
9.792705e-04
9.815104e-04
9.837528e-04
9.859978e-04
9.882454e-04
9.904955e-04
9.927481e-04
9.950033e-04
9.972611e-04
9.995214e-04
1.001784e-03
1.004050e-03
1.006318e-03
1.008588e-03
1.010861e-03
1.013137e-03
1.015415e-03
1.017696e-03
1.019979e-03
1.022265e-03
1.024553e-03
1.026844e-03
1.029138e-03
1.031434e-03
1.033732e-03
1.036033e-03
1.038337e-03
1.040643e-03
1.042952e-03
1.045264e-03
1.047577e-03
1.049894e-03
1.052213e-03
1.054535e-03
1.056859e-03
1.059185e-03
1.061515e-03
1.063846e-03
1.066181e-03
1.068518e-03
1.070857e-03
1.073199e-03
1.075544e-03
1.077891e-03
1.080240e-03
1.082592e-03
1.084947e-03
1.087305e-03
1.089664e-03
1.092027e-03
1.094392e-03
1.096759e-03
1.099129e-03
1.101502e-03
1.103877e-03
1.106255e-03
1.108635e-03
1.111018e-03
1.113403e-03
1.115791e-03
1.118182e-03
1.120575e-03
1.122970e-03
1.125369e-03
1.127769e-03
1.130172e-03
1.132578e-03
1.134987e-03
1.137398e-03
1.139811e-03
1.142227e-03
1.144646e-03
1.147067e-03
1.149490e-03
1.151917e-03
1.154345e-03
1.156777e-03
1.159211e-03
1.161647e-03
1.164086e-03
1.166528e-03
1.168972e-03
1.171418e-03
1.173867e-03
1.176319e-03
1.178774e-03
1.181230e-03
1.183690e-03
1.186152e-03
1.188616e-03
1.191083e-03
1.193553e-03
1.196025e-03
1.198500e-03
1.200977e-03
1.203457e-03
1.205939e-03
1.208424e-03
1.210912e-03
1.213402e-03
1.215894e-03
1.218390e-03
1.220887e-03
1.223387e-03
1.225890e-03
1.228396e-03
1.230904e-03
1.233414e-03
1.235927e-03
1.238443e-03
1.240961e-03
1.243481e-03
1.246005e-03
1.248530e-03
1.251059e-03
1.253590e-03
1.256123e-03
1.258659e-03
1.261198e-03
1.263739e-03
1.266282e-03
1.268828e-03
1.271377e-03
1.273928e-03
1.276482e-03
1.279039e-03
1.281598e-03
1.284159e-03
1.286723e-03
1.289290e-03
1.291859e-03
1.294431e-03
1.297005e-03
1.299582e-03
1.302161e-03
1.304743e-03
1.307328e-03
1.309915e-03
1.312504e-03
1.315096e-03
1.317691e-03
1.320288e-03
1.322888e-03
1.325491e-03
1.328095e-03
1.330703e-03
1.333313e-03
1.335925e-03
1.338541e-03
1.341158e-03
1.343778e-03
1.346401e-03
1.349027e-03
1.351654e-03
1.354285e-03
1.356918e-03
1.359553e-03
1.362191e-03
1.364832e-03
1.367475e-03
1.370121e-03
1.372769e-03
1.375420e-03
1.378074e-03
1.380730e-03
1.383388e-03
1.386049e-03
1.388713e-03
1.391379e-03
1.394048e-03
1.396719e-03
1.399393e-03
1.402069e-03
1.404748e-03
1.407430e-03
1.410114e-03
1.412800e-03
1.415489e-03
1.418181e-03
1.420875e-03
1.423572e-03
1.426271e-03
1.428973e-03
1.431678e-03
1.434385e-03
1.437094e-03
1.439806e-03
1.442521e-03
1.445238e-03
1.447958e-03
1.450680e-03
1.453405e-03
1.456133e-03
1.458863e-03
1.461595e-03
1.464330e-03
1.467068e-03
1.469808e-03
1.472551e-03
1.475296e-03
1.478044e-03
1.480794e-03
1.483547e-03
1.486303e-03
1.489061e-03
1.491822e-03
1.494585e-03
1.497350e-03
1.500119e-03
1.502890e-03
1.505663e-03
1.508439e-03
1.511217e-03
1.513998e-03
1.516782e-03
1.519568e-03
1.522357e-03
1.525148e-03
1.527942e-03
1.530738e-03
1.533537e-03
1.536338e-03
1.539142e-03
1.541949e-03
1.544758e-03
1.547570e-03
1.550384e-03
1.553201e-03
1.556020e-03
1.558842e-03
1.561666e-03
1.564493e-03
1.567323e-03
1.570155e-03
1.572990e-03
1.575827e-03
1.578667e-03
1.581509e-03
1.584354e-03
1.587201e-03
1.590051e-03
1.592904e-03
1.595759e-03
1.598616e-03
1.601476e-03
1.604339e-03
1.607204e-03
1.610072e-03
1.612943e-03
1.615816e-03
1.618691e-03
1.621569e-03
1.624450e-03
1.627333e-03
1.630218e-03
1.633107e-03
1.635997e-03
1.638891e-03
1.641787e-03
1.644685e-03
1.647586e-03
1.650490e-03
1.653396e-03
1.656304e-03
1.659216e-03
1.662129e-03
1.665046e-03
1.667965e-03
1.670886e-03
1.673810e-03
1.676737e-03
1.679666e-03
1.682597e-03
1.685531e-03
1.688468e-03
1.691408e-03
1.694349e-03
1.697294e-03
1.700241e-03
1.703190e-03
1.706142e-03
1.709097e-03
1.712054e-03
1.715014e-03
1.717976e-03
1.720941e-03
1.723908e-03
1.726878e-03
1.729851e-03
1.732826e-03
1.735803e-03
1.738783e-03
1.741766e-03
1.744751e-03
1.747739e-03
1.750729e-03
1.753722e-03
1.756718e-03
1.759716e-03
1.762716e-03
1.765719e-03
1.768725e-03
1.771733e-03
1.774744e-03
1.777757e-03
1.780773e-03
1.783792e-03
1.786813e-03
1.789836e-03
1.792862e-03
1.795891e-03
1.798922e-03
1.801956e-03
1.804992e-03
1.808031e-03
1.811072e-03
1.814116e-03
1.817163e-03
1.820212e-03
1.823263e-03
1.826318e-03
1.829374e-03
1.832434e-03
1.835495e-03
1.838560e-03
1.841627e-03
1.844696e-03
1.847768e-03
1.850843e-03
1.853920e-03
1.857000e-03
1.860082e-03
1.863167e-03
1.866254e-03
1.869344e-03
1.872436e-03
1.875531e-03
1.878629e-03
1.881729e-03
1.884832e-03
1.887937e-03
1.891045e-03
1.894155e-03
1.897268e-03
1.900383e-03
1.903501e-03
1.906622e-03
1.909745e-03
1.912870e-03
1.915999e-03
1.919129e-03
1.922263e-03
1.925398e-03
1.928537e-03
1.931678e-03
1.934821e-03
1.937967e-03
1.941116e-03
1.944267e-03
1.947421e-03
1.950577e-03
1.953736e-03
1.956897e-03
1.960061e-03
1.963228e-03
1.966397e-03
1.969568e-03
1.972742e-03
1.975919e-03
1.979098e-03
1.982280e-03
1.985464e-03
1.988651e-03
1.991841e-03
1.995033e-03
1.998227e-03
2.001424e-03
2.004624e-03
2.007826e-03
2.011031e-03
2.014238e-03
2.017448e-03
2.020661e-03
2.023876e-03
2.027093e-03
2.030313e-03
2.033536e-03
2.036761e-03
2.039989e-03
2.043219e-03
2.046452e-03
2.049687e-03
2.052925e-03
2.056166e-03
2.059409e-03
2.062654e-03
2.065902e-03
2.069153e-03
2.072406e-03
2.075662e-03
2.078921e-03
2.082181e-03
2.085445e-03
2.088711e-03
2.091980e-03
2.095251e-03
2.098524e-03
2.101801e-03
2.105079e-03
2.108361e-03
2.111645e-03
2.114931e-03
2.118220e-03
2.121512e-03
2.124806e-03
2.128102e-03
2.131402e-03
2.134703e-03
2.138008e-03
2.141314e-03
2.144624e-03
2.147936e-03
2.151250e-03
2.154567e-03
2.157887e-03
2.161209e-03
2.164534e-03
2.167861e-03
2.171191e-03
2.174523e-03
2.177858e-03
2.181196e-03
2.184536e-03
2.187879e-03
2.191224e-03
2.194571e-03
2.197922e-03
2.201275e-03
2.204630e-03
2.207988e-03
2.211348e-03
2.214711e-03
2.218077e-03
2.221445e-03
2.224816e-03
2.228189e-03
2.231565e-03
2.234943e-03
2.238324e-03
2.241707e-03
2.245093e-03
2.248482e-03
2.251873e-03
2.255267e-03
2.258663e-03
2.262062e-03
2.265463e-03
2.268867e-03
2.272273e-03
2.275682e-03
2.279094e-03
2.282508e-03
2.285924e-03
2.289344e-03
2.292765e-03
2.296190e-03
2.299616e-03
2.303046e-03
2.306478e-03
2.309912e-03
2.313349e-03
2.316789e-03
2.320231e-03
2.323676e-03
2.327123e-03
2.330573e-03
2.334025e-03
2.337480e-03
2.340937e-03
2.344397e-03
2.347860e-03
2.351325e-03
2.354793e-03
2.358263e-03
2.361736e-03
2.365211e-03
2.368689e-03
2.372170e-03
2.375653e-03
2.379138e-03
2.382626e-03
2.386117e-03
2.389610e-03
2.393106e-03
2.396604e-03
2.400105e-03
2.403608e-03
2.407114e-03
2.410623e-03
2.414134e-03
2.417647e-03
2.421164e-03
2.424682e-03
2.428204e-03
2.431728e-03
2.435254e-03
2.438783e-03
2.442314e-03
2.445848e-03
2.449385e-03
2.452924e-03
2.456466e-03
2.460010e-03
2.463557e-03
2.467106e-03
2.470658e-03
2.474213e-03
2.477770e-03
2.481329e-03
2.484891e-03
2.488456e-03
2.492023e-03
2.495593e-03
2.499165e-03
2.502740e-03
2.506318e-03
2.509898e-03
2.513480e-03
2.517065e-03
2.520653e-03
2.524243e-03
2.527836e-03
2.531431e-03
2.535029e-03
2.538629e-03
2.542232e-03
2.545838e-03
2.549446e-03
2.553057e-03
2.556670e-03
2.560285e-03
2.563904e-03
2.567525e-03
2.571148e-03
2.574774e-03
2.578402e-03
2.582033e-03
2.585667e-03
2.589303e-03
2.592942e-03
2.596583e-03
2.600227e-03
2.603873e-03
2.607522e-03
2.611174e-03
2.614828e-03
2.618484e-03
2.622143e-03
2.625805e-03
2.629469e-03
2.633136e-03
2.636805e-03
2.640477e-03
2.644152e-03
2.647829e-03
2.651508e-03
2.655190e-03
2.658875e-03
2.662562e-03
2.666252e-03
2.669944e-03
2.673639e-03
2.677336e-03
2.681036e-03
2.684739e-03
2.688444e-03
2.692152e-03
2.695862e-03
2.699574e-03
2.703290e-03
2.707008e-03
2.710728e-03
2.714451e-03
2.718176e-03
2.721904e-03
2.725635e-03
2.729368e-03
2.733104e-03
2.736842e-03
2.740583e-03
2.744326e-03
2.748072e-03
2.751821e-03
2.755572e-03
2.759325e-03
2.763081e-03
2.766840e-03
2.770601e-03
2.774365e-03
2.778131e-03
2.781900e-03
2.785672e-03
2.789446e-03
2.793222e-03
2.797001e-03
2.800783e-03
2.804567e-03
2.808354e-03
2.812143e-03
2.815935e-03
2.819729e-03
2.823526e-03
2.827326e-03
2.831128e-03
2.834933e-03
2.838740e-03
2.842549e-03
2.846362e-03
2.850177e-03
2.853994e-03
2.857814e-03
2.861636e-03
2.865461e-03
2.869289e-03
2.873119e-03
2.876952e-03
2.880787e-03
2.884625e-03
2.888465e-03
2.892308e-03
2.896154e-03
2.900002e-03
2.903852e-03
2.907705e-03
2.911561e-03
2.915419e-03
2.919280e-03
2.923143e-03
2.927009e-03
2.930877e-03
2.934748e-03
2.938622e-03
2.942498e-03
2.946377e-03
2.950258e-03
2.954142e-03
2.958028e-03
2.961917e-03
2.965808e-03
2.969702e-03
2.973599e-03
2.977498e-03
2.981399e-03
2.985304e-03
2.989210e-03
2.993120e-03
2.997031e-03
3.000946e-03
3.004863e-03
3.008782e-03
3.012704e-03
3.016629e-03
3.020556e-03
3.024486e-03
3.028418e-03
3.032353e-03
3.035625e-03
3.038885e-03
3.042132e-03
3.045367e-03
3.048588e-03
3.051797e-03
3.054994e-03
3.058177e-03
3.061348e-03
3.064506e-03
3.067651e-03
3.070784e-03
3.073904e-03
3.077011e-03
3.080105e-03
3.083187e-03
3.086256e-03
3.089312e-03
3.092355e-03
3.095386e-03
3.098404e-03
3.101410e-03
3.104402e-03
3.107382e-03
3.110349e-03
3.113303e-03
3.116245e-03
3.119174e-03
3.122090e-03
3.124994e-03
3.127884e-03
3.130762e-03
3.133628e-03
3.136480e-03
3.139320e-03
3.142147e-03
3.144961e-03
3.147763e-03
3.150552e-03
3.153328e-03
3.156092e-03
3.158842e-03
3.161580e-03
3.164306e-03
3.167018e-03
3.169718e-03
3.172405e-03
3.175079e-03
3.177741e-03
3.180390e-03
3.183026e-03
3.185649e-03
3.188260e-03
3.190858e-03
3.193443e-03
3.196016e-03
3.198576e-03
3.201123e-03
3.203657e-03
3.206179e-03
3.208687e-03
3.211184e-03
3.213667e-03
3.216138e-03
3.218596e-03
3.221041e-03
3.223473e-03
3.225893e-03
3.228300e-03
3.230694e-03
3.233076e-03
3.235445e-03
3.237801e-03
3.240144e-03
3.242475e-03
3.244793e-03
3.247098e-03
3.249391e-03
3.251670e-03
3.253937e-03
3.256192e-03
3.258433e-03
3.260662e-03
3.262878e-03
3.265081e-03
3.267272e-03
3.269450e-03
3.271615e-03
3.273768e-03
3.275907e-03
3.278034e-03
3.280149e-03
3.282250e-03
3.284339e-03
3.286415e-03
3.288478e-03
3.290529e-03
3.292567e-03
3.294592e-03
3.296605e-03
3.298604e-03
3.300591e-03
3.302565e-03
3.304527e-03
3.306476e-03
3.308412e-03
3.310335e-03
3.312246e-03
3.314144e-03
3.316029e-03
3.317901e-03
3.319761e-03
3.321608e-03
3.323442e-03
3.325264e-03
3.327072e-03
3.328868e-03
3.330652e-03
3.332422e-03
3.334180e-03
3.335925e-03
3.337658e-03
3.339377e-03
3.341084e-03
3.342779e-03
3.344460e-03
3.346129e-03
3.347785e-03
3.349428e-03
3.351059e-03
3.352676e-03
3.354282e-03
3.355874e-03
3.357454e-03
3.359021e-03
3.360575e-03
3.362116e-03
3.363645e-03
3.365161e-03
3.366664e-03
3.368155e-03
3.369633e-03
3.371098e-03
3.372550e-03
3.373990e-03
3.375417e-03
3.376831e-03
3.378232e-03
3.379621e-03
3.380997e-03
3.382360e-03
3.383711e-03
3.385048e-03
3.386374e-03
3.387686e-03
3.388985e-03
3.390272e-03
3.391547e-03
3.392808e-03
3.394057e-03
3.395293e-03
3.396516e-03
3.397726e-03
3.398924e-03
3.400109e-03
3.401282e-03
3.402441e-03
3.403588e-03
3.404722e-03
3.405844e-03
3.406952e-03
3.408048e-03
3.409131e-03
3.410202e-03
3.411260e-03
3.412305e-03
3.413337e-03
3.414357e-03
3.415363e-03
3.416358e-03
3.417339e-03
3.418308e-03
3.419264e-03
3.420207e-03
3.421137e-03
3.422055e-03
3.422960e-03
3.423852e-03
3.424732e-03
3.425599e-03
3.426453e-03
3.427294e-03
3.428123e-03
3.428939e-03
3.429742e-03
3.430532e-03
3.431310e-03
3.432075e-03
3.432827e-03
3.433567e-03
3.434294e-03
3.435008e-03
3.435709e-03
3.436398e-03
3.437074e-03
3.437737e-03
3.438387e-03
3.439025e-03
3.439650e-03
3.440262e-03
3.440862e-03
3.441448e-03
3.442022e-03
3.442584e-03
3.443132e-03
3.443668e-03
3.444191e-03
3.444702e-03
3.445200e-03
3.445685e-03
3.446157e-03
3.446616e-03
3.447063e-03
3.447497e-03
3.447918e-03
3.448327e-03
3.448723e-03
3.449106e-03
3.449476e-03
3.449834e-03
3.450179e-03
3.450511e-03
3.450831e-03
3.451137e-03
3.451431e-03
3.451713e-03
3.451981e-03
3.452237e-03
3.452480e-03
3.452711e-03
3.452928e-03
3.453133e-03
3.453325e-03
3.453505e-03
3.453672e-03
3.453826e-03
3.453967e-03
3.454095e-03
3.454211e-03
3.454314e-03
3.454405e-03
3.454482e-03
3.454547e-03
3.454599e-03
3.454639e-03
3.454666e-03
3.454680e-03
3.454681e-03
3.454669e-03
3.454645e-03
3.454608e-03
3.454559e-03
3.454496e-03
3.454421e-03
3.454333e-03
3.454233e-03
3.454119e-03
3.453993e-03
3.453855e-03
3.453703e-03
3.453539e-03
3.453362e-03
3.453172e-03
3.452970e-03
3.452755e-03
3.452527e-03
3.452286e-03
3.452033e-03
3.451767e-03
3.451488e-03
3.451197e-03
3.450892e-03
3.450575e-03
3.450246e-03
3.449903e-03
3.449548e-03
3.449180e-03
3.448800e-03
3.448406e-03
3.448000e-03
3.447581e-03
3.447150e-03
3.446706e-03
3.446249e-03
3.445779e-03
3.445297e-03
3.444801e-03
3.444293e-03
3.443773e-03
3.443239e-03
3.442915e-03
3.442915e-03
3.442915e-03
3.442915e-03
3.442915e-03
3.442915e-03
3.442915e-03
3.442915e-03
3.442915e-03
3.442915e-03
3.442915e-03
3.442915e-03
3.442915e-03
3.442915e-03
3.442915e-03
3.442915e-03
3.442915e-03
3.442915e-03
3.442915e-03
3.442915e-03
3.442915e-03
3.442915e-03
3.442915e-03
3.442915e-03
3.442915e-03
3.442915e-03
3.442915e-03
3.442915e-03
3.442915e-03
3.442915e-03
3.442915e-03
3.442915e-03
3.442915e-03
3.442915e-03
3.442915e-03
3.442915e-03
3.442915e-03
3.442915e-03
3.442915e-03
3.442915e-03
3.442915e-03
3.442915e-03
3.442915e-03
3.442915e-03
3.442915e-03
3.442915e-03
3.442915e-03
3.442915e-03
3.442915e-03
3.442915e-03
3.442915e-03
3.442915e-03
3.442915e-03
3.442915e-03
3.442915e-03
3.442915e-03
3.442915e-03
3.442915e-03
3.442915e-03
3.442915e-03
3.442915e-03
3.442915e-03
3.442915e-03
3.442915e-03
3.442915e-03
3.442915e-03
3.442915e-03
3.442915e-03
3.442915e-03
3.442915e-03
3.442915e-03
3.442915e-03
3.442915e-03
3.442915e-03
3.442915e-03
3.442915e-03
3.442915e-03
3.442915e-03
3.442915e-03
3.442915e-03
3.442915e-03
3.442915e-03
3.442915e-03
3.442915e-03
3.442915e-03
3.442915e-03
3.442915e-03
3.442915e-03
3.442915e-03
3.442915e-03
3.442915e-03
3.442915e-03
3.442915e-03
3.442915e-03
3.442915e-03
3.442915e-03
3.442915e-03
3.442915e-03
3.442915e-03
3.442915e-03
3.442915e-03
3.442915e-03
3.442915e-03
3.442915e-03
3.442915e-03
3.442915e-03
3.442915e-03
3.442915e-03
3.442915e-03
3.442915e-03
3.442915e-03
3.442915e-03
3.442915e-03
3.442915e-03
3.442915e-03
3.442915e-03
3.442915e-03
3.442915e-03
3.442915e-03
3.442915e-03
3.442915e-03
3.442915e-03
3.442915e-03
3.442915e-03
3.442915e-03
3.442915e-03
3.442915e-03
3.442915e-03
3.442915e-03
3.442915e-03
3.442915e-03
3.442915e-03
3.442915e-03
3.442915e-03
3.442915e-03
3.442915e-03
3.442915e-03
3.442915e-03
3.442915e-03
3.442915e-03
3.442915e-03
3.442915e-03
3.442915e-03
3.442915e-03
3.442915e-03
3.442915e-03
3.442915e-03
3.442915e-03
3.442915e-03
3.442915e-03
3.442915e-03
3.442915e-03
3.442915e-03
3.442915e-03
3.442915e-03
3.442915e-03
3.442915e-03
3.442915e-03
3.442915e-03
3.442915e-03
3.442915e-03
3.442915e-03
3.442915e-03
3.442915e-03
3.442915e-03
3.442915e-03
3.442915e-03
3.442915e-03
3.442915e-03
3.442915e-03
3.442915e-03
3.442915e-03
3.442915e-03
3.442915e-03
3.442915e-03
3.442915e-03
3.442915e-03
3.442915e-03
3.442915e-03
3.442915e-03
3.442915e-03
3.442915e-03
3.442915e-03
3.442915e-03
3.442915e-03
3.442915e-03
3.442915e-03
3.442915e-03
3.442915e-03
3.442915e-03
3.442915e-03
3.442915e-03
3.442915e-03
3.442915e-03
3.442915e-03
3.442915e-03
3.442915e-03
3.442915e-03
3.442915e-03
3.442915e-03
3.442915e-03
