0.000000e+00
1.110371e-07
2.243589e-07
3.399654e-07
4.578566e-07
5.780326e-07
7.004932e-07
8.252386e-07
9.522687e-07
1.081583e-06
1.213183e-06
1.347067e-06
1.483236e-06
1.621690e-06
1.762428e-06
1.905451e-06
2.050759e-06
2.198352e-06
2.348229e-06
2.500391e-06
2.654837e-06
2.811569e-06
2.970585e-06
3.131886e-06
3.295471e-06
3.461341e-06
3.629496e-06
3.799936e-06
3.972660e-06
4.147669e-06
4.324963e-06
4.504542e-06
4.686405e-06
4.870553e-06
5.056985e-06
5.245703e-06
5.436705e-06
5.629992e-06
5.825563e-06
6.023419e-06
6.223560e-06
6.425986e-06
6.630696e-06
6.837691e-06
7.046971e-06
7.258535e-06
7.472385e-06
7.688519e-06
7.906937e-06
8.127641e-06
8.350629e-06
8.575901e-06
8.803459e-06
9.033301e-06
9.265428e-06
9.499840e-06
9.736536e-06
9.975517e-06
1.021678e-05
1.046033e-05
1.070617e-05
1.095429e-05
1.120469e-05
1.145738e-05
1.171236e-05
1.196962e-05
1.222916e-05
1.249099e-05
1.275510e-05
1.302150e-05
1.329018e-05
1.356115e-05
1.383440e-05
1.410993e-05
1.438776e-05
1.466786e-05
1.495025e-05
1.523493e-05
1.552189e-05
1.581113e-05
1.610266e-05
1.639648e-05
1.669258e-05
1.699096e-05
1.729163e-05
1.759458e-05
1.789982e-05
1.820734e-05
1.851715e-05
1.882924e-05
1.914362e-05
1.946028e-05
1.977922e-05
2.010045e-05
2.042397e-05
2.074977e-05
2.107785e-05
2.140822e-05
2.174088e-05
2.207582e-05
2.241304e-05
2.275255e-05
2.309434e-05
2.343842e-05
2.378478e-05
2.413343e-05
2.448436e-05
2.483758e-05
2.519308e-05
2.555087e-05
2.591094e-05
2.627329e-05
2.663793e-05
2.700486e-05
2.737407e-05
2.774556e-05
2.811934e-05
2.849541e-05
2.887375e-05
2.925439e-05
2.963731e-05
3.002251e-05
3.041000e-05
3.079977e-05
3.119183e-05
3.158617e-05
3.198279e-05
3.238170e-05
3.278290e-05
3.318638e-05
3.359215e-05
3.400020e-05
3.441053e-05
3.482315e-05
3.523805e-05
3.565524e-05
3.607472e-05
3.649647e-05
3.692052e-05
3.734684e-05
3.777546e-05
3.820635e-05
3.863954e-05
3.907500e-05
3.951275e-05
3.995279e-05
4.039511e-05
4.083971e-05
4.128660e-05
4.173578e-05
4.218724e-05
4.264098e-05
4.309701e-05
4.355533e-05
4.401592e-05
4.447881e-05
4.494397e-05
4.541143e-05
4.588116e-05
4.635319e-05
4.682749e-05
4.730408e-05
4.778296e-05
4.826412e-05
4.874757e-05
4.923330e-05
4.972131e-05
5.021161e-05
5.070419e-05
5.119906e-05
5.169622e-05
5.219566e-05
5.269738e-05
5.320139e-05
5.370768e-05
5.421626e-05
5.472712e-05
5.524027e-05
5.575570e-05
5.627341e-05
5.679341e-05
5.731570e-05
5.784027e-05
5.836712e-05
5.889626e-05
5.942769e-05
5.996140e-05
6.049739e-05
6.103567e-05
6.157623e-05
6.211908e-05
6.266421e-05
6.321163e-05
6.376133e-05
6.431332e-05
6.486759e-05
6.542415e-05
6.598299e-05
6.654411e-05
6.710753e-05
6.767322e-05
6.824120e-05
6.881146e-05
6.938401e-05
6.995885e-05
7.053597e-05
7.111537e-05
7.169706e-05
7.228103e-05
7.286729e-05
7.345583e-05
7.404666e-05
7.463977e-05
7.523517e-05
7.583285e-05
7.643281e-05
7.703506e-05
7.763960e-05
7.824642e-05
7.885552e-05
7.946691e-05
8.008059e-05
8.069655e-05
8.131479e-05
8.193532e-05
8.255813e-05
8.318323e-05
8.381061e-05
8.444028e-05
8.507223e-05
8.570647e-05
8.634299e-05
8.698179e-05
8.762288e-05
8.826626e-05
8.891192e-05
8.955986e-05
9.021009e-05
9.086261e-05
9.151741e-05
9.217449e-05
9.283386e-05
9.349551e-05
9.415945e-05
9.482567e-05
9.549418e-05
9.616497e-05
9.683805e-05
9.751341e-05
9.819106e-05
9.887099e-05
9.955320e-05
1.002377e-04
1.009245e-04
1.016136e-04
1.023049e-04
1.029985e-04
1.036945e-04
1.043927e-04
1.050932e-04
1.057960e-04
1.065010e-04
1.072084e-04
1.079180e-04
1.086299e-04
1.093441e-04
1.100606e-04
1.107794e-04
1.115004e-04
1.122238e-04
1.129494e-04
1.136773e-04
1.144075e-04
1.151400e-04
1.158747e-04
1.166118e-04
1.173511e-04
1.180927e-04
1.188366e-04
1.195828e-04
1.203313e-04
1.210821e-04
1.218351e-04
1.225904e-04
1.233480e-04
1.241079e-04
1.248701e-04
1.256346e-04
1.264013e-04
1.271704e-04
1.279417e-04
1.287153e-04
1.294912e-04
1.302693e-04
1.310498e-04
1.318326e-04
1.326176e-04
1.334049e-04
1.341945e-04
1.349864e-04
1.357805e-04
1.365770e-04
1.373757e-04
1.381767e-04
1.389800e-04
1.397856e-04
1.405935e-04
1.414037e-04
1.422161e-04
1.430308e-04
1.438479e-04
1.446672e-04
1.454887e-04
1.463126e-04
1.471388e-04
1.479672e-04
1.487979e-04
1.496309e-04
1.504662e-04
1.513038e-04
1.521437e-04
1.529858e-04
1.538302e-04
1.546769e-04
1.555259e-04
1.563772e-04
1.572308e-04
1.580867e-04
1.589448e-04
1.598052e-04
1.606679e-04
1.615329e-04
1.624002e-04
1.632698e-04
1.641416e-04
1.650157e-04
1.658921e-04
1.667708e-04
1.676518e-04
1.685351e-04
1.694207e-04
1.703085e-04
1.711986e-04
1.720910e-04
1.729857e-04
1.738827e-04
1.747820e-04
1.756835e-04
1.765874e-04
1.774935e-04
1.784019e-04
1.793126e-04
1.802255e-04
1.811408e-04
1.820583e-04
1.829782e-04
1.839003e-04
1.848247e-04
1.857513e-04
1.866803e-04
1.876116e-04
1.885451e-04
1.894809e-04
1.904190e-04
1.913594e-04
1.923021e-04
1.932470e-04
1.941943e-04
1.951438e-04
1.960956e-04
1.970497e-04
1.980061e-04
1.989648e-04
1.999257e-04
2.008889e-04
2.018545e-04
2.028223e-04
2.037924e-04
2.047647e-04
2.057394e-04
2.067163e-04
2.076956e-04
2.086771e-04
2.096609e-04
2.106469e-04
2.116353e-04
2.126260e-04
2.136189e-04
2.146141e-04
2.156116e-04
2.166114e-04
2.176135e-04
2.186179e-04
2.196245e-04
2.206334e-04
2.216446e-04
2.226581e-04
2.236739e-04
2.246920e-04
2.257124e-04
2.267350e-04
2.277599e-04
2.287871e-04
2.298166e-04
2.308484e-04
2.318824e-04
2.329188e-04
2.339574e-04
2.349983e-04
2.360415e-04
2.370870e-04
2.381348e-04
2.391849e-04
2.402372e-04
2.412918e-04
2.423487e-04
2.434079e-04
2.444694e-04
2.455332e-04
2.465992e-04
2.476675e-04
2.487382e-04
2.498111e-04
2.508862e-04
2.519637e-04
2.530435e-04
2.541255e-04
2.552098e-04
2.562964e-04
2.573853e-04
2.584765e-04
2.595700e-04
2.606657e-04
2.617638e-04
2.628641e-04
2.639667e-04
2.650716e-04
2.661787e-04
2.672882e-04
2.683999e-04
2.695140e-04
2.706303e-04
2.717489e-04
2.728698e-04
2.739929e-04
2.751184e-04
2.762461e-04
2.773761e-04
2.785084e-04
2.796430e-04
2.807799e-04
2.819190e-04
2.830605e-04
2.842042e-04
2.853502e-04
2.864985e-04
2.876491e-04
2.888020e-04
2.899571e-04
2.911146e-04
2.922743e-04
2.934363e-04
2.946006e-04
2.957672e-04
2.969360e-04
2.981072e-04
2.992806e-04
3.004563e-04
3.016343e-04
3.028146e-04
3.039972e-04
3.051820e-04
3.063691e-04
3.075586e-04
3.087503e-04
3.099443e-04
3.111405e-04
3.123391e-04
3.135399e-04
3.147431e-04
3.159485e-04
3.171562e-04
3.183662e-04
3.195784e-04
3.207930e-04
3.220098e-04
3.232290e-04
3.244504e-04
3.256741e-04
3.269000e-04
3.281283e-04
3.293588e-04
3.305917e-04
3.318268e-04
3.330642e-04
3.343039e-04
3.355459e-04
3.367901e-04
3.380366e-04
3.392855e-04
3.405366e-04
3.417900e-04
3.430457e-04
3.443036e-04
3.455639e-04
3.468264e-04
3.480912e-04
3.493583e-04
3.506277e-04
3.518994e-04
3.531733e-04
3.544496e-04
3.557281e-04
3.570089e-04
3.582920e-04
3.595774e-04
3.608650e-04
3.621550e-04
3.634472e-04
3.647417e-04
3.660386e-04
3.673376e-04
3.686390e-04
3.699427e-04
3.712486e-04
3.725568e-04
3.738674e-04
3.751801e-04
3.764952e-04
3.778126e-04
3.791322e-04
3.804542e-04
3.817784e-04
3.831049e-04
3.844337e-04
3.857648e-04
3.870981e-04
3.884338e-04
3.897717e-04
3.911119e-04
3.924544e-04
3.937992e-04
3.951463e-04
3.964956e-04
3.978473e-04
3.992012e-04
4.005574e-04
4.019159e-04
4.032766e-04
4.046397e-04
4.060051e-04
4.073727e-04
4.087426e-04
4.101148e-04
4.114893e-04
4.128660e-04
4.142451e-04
4.156264e-04
4.170101e-04
4.183960e-04
4.197842e-04
4.211746e-04
4.225674e-04
4.239624e-04
4.253598e-04
4.267594e-04
4.281613e-04
4.295655e-04
4.309719e-04
4.323807e-04
4.337917e-04
4.352051e-04
4.366207e-04
4.380386e-04
4.394587e-04
4.408812e-04
4.423060e-04
4.437330e-04
4.451623e-04
4.465939e-04
4.480278e-04
4.494640e-04
4.509024e-04
4.523432e-04
4.537862e-04
4.552315e-04
4.566791e-04
4.581290e-04
4.595811e-04
4.610356e-04
4.624923e-04
4.639513e-04
4.654126e-04
4.668762e-04
4.683421e-04
4.698102e-04
4.712807e-04
4.727534e-04
4.742284e-04
4.757057e-04
4.771853e-04
4.786672e-04
4.801513e-04
4.816378e-04
4.831265e-04
4.846175e-04
4.861108e-04
4.876063e-04
4.891042e-04
4.906043e-04
4.921068e-04
4.936115e-04
4.951185e-04
4.966278e-04
4.981393e-04
4.996532e-04
5.011693e-04
5.026877e-04
5.042084e-04
5.057314e-04
5.072567e-04
5.087843e-04
5.103141e-04
5.118462e-04
5.133807e-04
5.149174e-04
5.164563e-04
5.179976e-04
5.195412e-04
5.210870e-04
5.226351e-04
5.241855e-04
5.257382e-04
5.272932e-04
5.288505e-04
5.304100e-04
5.319718e-04
5.335359e-04
5.351023e-04
5.366710e-04
5.382420e-04
5.398152e-04
5.413908e-04
5.429686e-04
5.445487e-04
5.461311e-04
5.477158e-04
5.493028e-04
5.508920e-04
5.524835e-04
5.540773e-04
5.556734e-04
5.572718e-04
5.588725e-04
5.604755e-04
5.620807e-04
5.636882e-04
5.652980e-04
5.669101e-04
5.685245e-04
5.701412e-04
5.717601e-04
5.733813e-04
5.750049e-04
5.766307e-04
5.782588e-04
5.798891e-04
5.815218e-04
5.831567e-04
5.847940e-04
5.864335e-04
5.880753e-04
5.897193e-04
5.913657e-04
5.930144e-04
5.946653e-04
5.963185e-04
5.979740e-04
5.996318e-04
6.012919e-04
6.029542e-04
6.046189e-04
6.062858e-04
6.079550e-04
6.096265e-04
6.113003e-04
6.129764e-04
6.146547e-04
6.163353e-04
6.180183e-04
6.197035e-04
6.213910e-04
6.230807e-04
6.247728e-04
6.264671e-04
6.281638e-04
6.298627e-04
6.315639e-04
6.332674e-04
6.349731e-04
6.366812e-04
6.383915e-04
6.401041e-04
6.418190e-04
6.435362e-04
6.452557e-04
6.469775e-04
6.487015e-04
6.504278e-04
6.521564e-04
6.538873e-04
6.556205e-04
6.573560e-04
6.590938e-04
6.608338e-04
6.625761e-04
6.643207e-04
6.660676e-04
6.678168e-04
6.695683e-04
6.713220e-04
6.730780e-04
6.748363e-04
6.765969e-04
6.783598e-04
6.801250e-04
6.818925e-04
6.836622e-04
6.854342e-04
6.872085e-04
6.889851e-04
6.907640e-04
6.925452e-04
6.943286e-04
6.961143e-04
6.979024e-04
6.996927e-04
7.014852e-04
7.032801e-04
7.050773e-04
7.068767e-04
7.086784e-04
7.104824e-04
7.122887e-04
7.140973e-04
7.159082e-04
7.177213e-04
7.195368e-04
7.213545e-04
7.231745e-04
7.249968e-04
7.268214e-04
7.286482e-04
7.304773e-04
7.323088e-04
7.341425e-04
7.359785e-04
7.378168e-04
7.396573e-04
7.415002e-04
7.433453e-04
7.451927e-04
7.470424e-04
7.488944e-04
7.507487e-04
7.526053e-04
7.544641e-04
7.563252e-04
7.581886e-04
7.600543e-04
7.619223e-04
7.637926e-04
7.656651e-04
7.675400e-04
7.694171e-04
7.712965e-04
7.731782e-04
7.750622e-04
7.769484e-04
7.788370e-04
7.807278e-04
7.826209e-04
7.845163e-04
7.864140e-04
7.883140e-04
7.902162e-04
7.921208e-04
7.940276e-04
7.959367e-04
7.978481e-04
7.997618e-04
8.016777e-04
8.035960e-04
8.055165e-04
8.074393e-04
8.093644e-04
8.112918e-04
8.132215e-04
8.151534e-04
8.170876e-04
8.190242e-04
8.209630e-04
8.229041e-04
8.248474e-04
8.267931e-04
8.287411e-04
8.306913e-04
8.326438e-04
8.345986e-04
8.365557e-04
8.385151e-04
8.404767e-04
8.424407e-04
8.444069e-04
8.463754e-04
8.483462e-04
8.503193e-04
8.522946e-04
8.542723e-04
8.562522e-04
8.582344e-04
8.602189e-04
8.622057e-04
8.641948e-04
8.661861e-04
8.681798e-04
8.701757e-04
8.721739e-04
8.741744e-04
8.761772e-04
8.781823e-04
8.801896e-04
8.821992e-04
8.842112e-04
8.862254e-04
8.882419e-04
8.902606e-04
8.922817e-04
8.943050e-04
8.963307e-04
8.983586e-04
9.003888e-04
9.024212e-04
9.044560e-04
9.064931e-04
9.085324e-04
9.105740e-04
9.126179e-04
9.146641e-04
9.167126e-04
9.187633e-04
9.208164e-04
9.228717e-04
9.249293e-04
9.269892e-04
9.290514e-04
9.311159e-04
9.331826e-04
9.352517e-04
9.373230e-04
9.393966e-04
9.414725e-04
9.435507e-04
9.456311e-04
9.477139e-04
9.497989e-04
9.518862e-04
9.539758e-04
9.560677e-04
9.581619e-04
9.602583e-04
9.623571e-04
9.644581e-04
9.665614e-04
9.686670e-04
9.707749e-04
9.728850e-04
9.749975e-04
9.771122e-04
9.792292e-04
9.813485e-04
9.834701e-04
9.855940e-04
9.877201e-04
9.898486e-04
9.919793e-04
9.941123e-04
9.962476e-04
9.983852e-04
1.000525e-03
1.002667e-03
1.004812e-03
1.006958e-03
1.009107e-03
1.011259e-03
1.013412e-03
1.015568e-03
1.017726e-03
1.019887e-03
1.022049e-03
1.024214e-03
1.026382e-03
1.028551e-03
1.030723e-03
1.032897e-03
1.035074e-03
1.037252e-03
1.039433e-03
1.041617e-03
1.043802e-03
1.045990e-03
1.048180e-03
1.050372e-03
1.052567e-03
1.054764e-03
1.056963e-03
1.059165e-03
1.061369e-03
1.063575e-03
1.065783e-03
1.067994e-03
1.070207e-03
1.072422e-03
1.074640e-03
1.076860e-03
1.079082e-03
1.081306e-03
1.083533e-03
1.085762e-03
1.087993e-03
1.090227e-03
1.092462e-03
1.094700e-03
1.096941e-03
1.099184e-03
1.101428e-03
1.103676e-03
1.105925e-03
1.108177e-03
1.110431e-03
1.112688e-03
1.114946e-03
1.117207e-03
1.119470e-03
1.121736e-03
1.124004e-03
1.126274e-03
1.128546e-03
1.130821e-03
1.133098e-03
1.135377e-03
1.137659e-03
1.139942e-03
1.142228e-03
1.144517e-03
1.146807e-03
1.149100e-03
1.151396e-03
1.153693e-03
1.155993e-03
1.158295e-03
1.160599e-03
1.162906e-03
1.165215e-03
1.167526e-03
1.169840e-03
1.172155e-03
1.174474e-03
1.176794e-03
1.179117e-03
1.181441e-03
1.183769e-03
1.186098e-03
1.188430e-03
1.190764e-03
1.193100e-03
1.195439e-03
1.197780e-03
1.200123e-03
1.202469e-03
1.204816e-03
1.207166e-03
1.209519e-03
1.211873e-03
1.214230e-03
1.216589e-03
1.218951e-03
1.221315e-03
1.223681e-03
1.226049e-03
1.228420e-03
1.230793e-03
1.233168e-03
1.235545e-03
1.237925e-03
1.240307e-03
1.242691e-03
1.245078e-03
1.247467e-03
1.249858e-03
1.252252e-03
1.254647e-03
1.257045e-03
1.259446e-03
1.261848e-03
1.264253e-03
1.266660e-03
1.269070e-03
1.271482e-03
1.273896e-03
1.276312e-03
1.278731e-03
1.281151e-03
1.283575e-03
1.286000e-03
1.288428e-03
1.290858e-03
1.293290e-03
1.295725e-03
1.298162e-03
1.300601e-03
1.303042e-03
1.305486e-03
1.307932e-03
1.310380e-03
1.312831e-03
1.315284e-03
1.317739e-03
1.320196e-03
1.322656e-03
1.325118e-03
1.327582e-03
1.330049e-03
1.332518e-03
1.334989e-03
1.337462e-03
1.339938e-03
1.342416e-03
1.344896e-03
1.347379e-03
1.349864e-03
1.352351e-03
1.354840e-03
1.357332e-03
1.359826e-03
1.362322e-03
1.364821e-03
1.367322e-03
1.369825e-03
1.372330e-03
1.374838e-03
1.377348e-03
1.379860e-03
1.382375e-03
1.384892e-03
1.387411e-03
1.389932e-03
1.392456e-03
1.394982e-03
1.397510e-03
1.400041e-03
1.402573e-03
1.405109e-03
1.407646e-03
1.410186e-03
1.412728e-03
1.415272e-03
1.417818e-03
1.420367e-03
1.422918e-03
1.425472e-03
1.428027e-03
1.430585e-03
1.433146e-03
1.435708e-03
1.438273e-03
1.440840e-03
1.443409e-03
1.445981e-03
1.448555e-03
1.451131e-03
1.453710e-03
1.456291e-03
1.458874e-03
1.461459e-03
1.464047e-03
1.466637e-03
1.469229e-03
1.471824e-03
1.474420e-03
1.477019e-03
1.479621e-03
1.482224e-03
1.484830e-03
1.487439e-03
1.490049e-03
1.492662e-03
1.495277e-03
1.497894e-03
1.500514e-03
1.503136e-03
1.505760e-03
1.508387e-03
1.511016e-03
1.513647e-03
1.516280e-03
1.518916e-03
1.521554e-03
1.524194e-03
1.526836e-03
1.529481e-03
1.532128e-03
1.534777e-03
1.537429e-03
1.540083e-03
1.542739e-03
1.545398e-03
1.548058e-03
1.550722e-03
1.553387e-03
1.556055e-03
1.558724e-03
1.561397e-03
1.564071e-03
1.566748e-03
1.569427e-03
1.572108e-03
1.574792e-03
1.577478e-03
1.580166e-03
1.582857e-03
1.585549e-03
1.588244e-03
1.590942e-03
1.593641e-03
1.596343e-03
1.599047e-03
1.601754e-03
1.604463e-03
1.607174e-03
1.609887e-03
1.612603e-03
1.615320e-03
1.618041e-03
1.620763e-03
1.623488e-03
1.626215e-03
1.628944e-03
1.631676e-03
1.634410e-03
1.637146e-03
1.639884e-03
1.642625e-03
1.645368e-03
1.648113e-03
1.650861e-03
1.653611e-03
1.656363e-03
1.659118e-03
1.661874e-03
1.664633e-03
1.667395e-03
1.670158e-03
1.672924e-03
1.675692e-03
1.678463e-03
1.681235e-03
1.684010e-03
1.686788e-03
1.689567e-03
1.692349e-03
1.695133e-03
1.697920e-03
1.700708e-03
1.703499e-03
1.706293e-03
1.709088e-03
1.711886e-03
1.714686e-03
1.717489e-03
1.720293e-03
1.723100e-03
1.725910e-03
1.728721e-03
1.731535e-03
1.734351e-03
1.737170e-03
1.739990e-03
1.742813e-03
1.745639e-03
1.748466e-03
1.751296e-03
1.754128e-03
1.756963e-03
1.759799e-03
1.762638e-03
1.765480e-03
1.768323e-03
1.771169e-03
1.774017e-03
1.776868e-03
1.779720e-03
1.782575e-03
1.785432e-03
1.788292e-03
1.791154e-03
1.794018e-03
1.796884e-03
1.799753e-03
1.802624e-03
1.805497e-03
1.808373e-03
1.811251e-03
1.814131e-03
1.817013e-03
1.819898e-03
1.822785e-03
1.825674e-03
1.828566e-03
1.831459e-03
1.834356e-03
1.837254e-03
1.840155e-03
1.843058e-03
1.845963e-03
1.848870e-03
1.851780e-03
1.854692e-03
1.857607e-03
1.860523e-03
1.863442e-03
1.866363e-03
1.869287e-03
1.872213e-03
1.875141e-03
1.878071e-03
1.881004e-03
1.883939e-03
1.886876e-03
1.889816e-03
1.892757e-03
1.895701e-03
1.898648e-03
1.901596e-03
1.904547e-03
1.907501e-03
1.910456e-03
1.913414e-03
1.916374e-03
1.919336e-03
1.922301e-03
1.925268e-03
1.928237e-03
1.931209e-03
1.934182e-03
1.937158e-03
1.940137e-03
1.943117e-03
1.946100e-03
1.949086e-03
1.952073e-03
1.955063e-03
1.958055e-03
1.961049e-03
1.964046e-03
1.967045e-03
1.970046e-03
1.973050e-03
1.976055e-03
1.979063e-03
1.982074e-03
1.985086e-03
1.988101e-03
1.991118e-03
1.994138e-03
1.997160e-03
2.000184e-03
2.003210e-03
2.006239e-03
2.009270e-03
2.012303e-03
2.015338e-03
2.018376e-03
2.021416e-03
2.024458e-03
2.027503e-03
2.030550e-03
2.033599e-03
2.036650e-03
2.039704e-03
2.042760e-03
2.045819e-03
2.048879e-03
2.051942e-03
2.055007e-03
2.058075e-03
2.061144e-03
2.064216e-03
2.067291e-03
2.070367e-03
2.073446e-03
2.076527e-03
2.079611e-03
2.082697e-03
2.085785e-03
2.088875e-03
2.091967e-03
2.095062e-03
2.098160e-03
2.101259e-03
2.104361e-03
2.107465e-03
2.110571e-03
2.113680e-03
2.116790e-03
2.119904e-03
2.123019e-03
2.126137e-03
2.129257e-03
2.132379e-03
2.135504e-03
2.138630e-03
2.141760e-03
2.144891e-03
2.148025e-03
2.151161e-03
2.154299e-03
2.157440e-03
2.160582e-03
2.163728e-03
2.166875e-03
2.170025e-03
2.173177e-03
2.176331e-03
2.179488e-03
2.182646e-03
2.185808e-03
2.188971e-03
2.192137e-03
2.195305e-03
2.198475e-03
2.201647e-03
2.204822e-03
2.207999e-03
2.211179e-03
2.214361e-03
2.217544e-03
2.220731e-03
2.223919e-03
2.227110e-03
2.230303e-03
2.233499e-03
2.236696e-03
2.239896e-03
2.243099e-03
2.246303e-03
2.249510e-03
2.252719e-03
2.255930e-03
2.259144e-03
2.262360e-03
2.265578e-03
2.268799e-03
2.272022e-03
2.275247e-03
2.278474e-03
2.281704e-03
2.284936e-03
2.288170e-03
2.291407e-03
2.294645e-03
2.297886e-03
2.301130e-03
2.304376e-03
2.307623e-03
2.310874e-03
2.314126e-03
2.317381e-03
2.320638e-03
2.323897e-03
2.327159e-03
2.330423e-03
2.333689e-03
2.336958e-03
2.340229e-03
2.343502e-03
2.346777e-03
2.350055e-03
2.353335e-03
2.356617e-03
2.359901e-03
2.363188e-03
2.366477e-03
2.369769e-03
2.373062e-03
2.376358e-03
2.379656e-03
2.382957e-03
2.386260e-03
2.389565e-03
2.392872e-03
2.396182e-03
2.399494e-03
2.402808e-03
2.406124e-03
2.409443e-03
2.412764e-03
2.416087e-03
2.419413e-03
2.422741e-03
2.426071e-03
2.429404e-03
2.432738e-03
2.436076e-03
2.439415e-03
2.442756e-03
2.446100e-03
2.449447e-03
2.452795e-03
2.456146e-03
2.459499e-03
2.462854e-03
2.466212e-03
2.469572e-03
2.472934e-03
2.476298e-03
2.479665e-03
2.483034e-03
2.486405e-03
2.489779e-03
2.493155e-03
2.496533e-03
2.499914e-03
2.503296e-03
2.506681e-03
2.510069e-03
2.513458e-03
2.516850e-03
2.520244e-03
2.523641e-03
2.527040e-03
2.530441e-03
2.533844e-03
2.537250e-03
2.540657e-03
2.544068e-03
2.547480e-03
2.550895e-03
2.554312e-03
2.557731e-03
2.561153e-03
2.564577e-03
2.568003e-03
2.571431e-03
2.574862e-03
2.578295e-03
2.581730e-03
2.585168e-03
2.588608e-03
2.592050e-03
2.595494e-03
2.598941e-03
2.602390e-03
2.605841e-03
2.609295e-03
2.612751e-03
2.616209e-03
2.619669e-03
2.623132e-03
2.626597e-03
2.630064e-03
2.633534e-03
2.637006e-03
2.640480e-03
2.643956e-03
2.647435e-03
2.650916e-03
2.654399e-03
2.657885e-03
2.661373e-03
2.664863e-03
2.668355e-03
2.671850e-03
2.675347e-03
2.678846e-03
2.682348e-03
2.685851e-03
2.689358e-03
2.692866e-03
2.696377e-03
2.699890e-03
2.703405e-03
2.706922e-03
2.710442e-03
2.713964e-03
2.717489e-03
2.721015e-03
2.724544e-03
2.728076e-03
2.731609e-03
2.734480e-03
2.737340e-03
2.740188e-03
2.743025e-03
2.745851e-03
2.748665e-03
2.751467e-03
2.754259e-03
2.757039e-03
2.759807e-03
2.762564e-03
2.765310e-03
2.768045e-03
2.770767e-03
2.773479e-03
2.776179e-03
2.778868e-03
2.781545e-03
2.784211e-03
2.786866e-03
2.789509e-03
2.792141e-03
2.794761e-03
2.797370e-03
2.799968e-03
2.802554e-03
2.805129e-03
2.807693e-03
2.810245e-03
2.812785e-03
2.815315e-03
2.817833e-03
2.820339e-03
2.822834e-03
2.825318e-03
2.827790e-03
2.830251e-03
2.832701e-03
2.835139e-03
2.837566e-03
2.839981e-03
2.842385e-03
2.844777e-03
2.847159e-03
2.849528e-03
2.851887e-03
2.854234e-03
2.856569e-03
2.858894e-03
2.861206e-03
2.863508e-03
2.865798e-03
2.868076e-03
2.870344e-03
2.872599e-03
2.874844e-03
2.877077e-03
2.879299e-03
2.881509e-03
2.883708e-03
2.885895e-03
2.888071e-03
2.890236e-03
2.892389e-03
2.894531e-03
2.896662e-03
2.898781e-03
2.900889e-03
2.902985e-03
2.905070e-03
2.907143e-03
2.909206e-03
2.911256e-03
2.913296e-03
2.915324e-03
2.917340e-03
2.919346e-03
2.921339e-03
2.923322e-03
2.925293e-03
2.927252e-03
2.929201e-03
2.931137e-03
2.933063e-03
2.934977e-03
2.936880e-03
2.938771e-03
2.940651e-03
2.942519e-03
2.944376e-03
2.946222e-03
2.948056e-03
2.949879e-03
2.951691e-03
2.953491e-03
2.955279e-03
2.957057e-03
2.958823e-03
2.960577e-03
2.962320e-03
2.964052e-03
2.965773e-03
2.967482e-03
2.969179e-03
2.970865e-03
2.972540e-03
2.974203e-03
2.975855e-03
2.977496e-03
2.979125e-03
2.980743e-03
2.982350e-03
2.983945e-03
2.985528e-03
2.987100e-03
2.988661e-03
2.990211e-03
2.991749e-03
2.993276e-03
2.994791e-03
2.996295e-03
2.997787e-03
2.999268e-03
3.000738e-03
3.002196e-03
3.003643e-03
3.005079e-03
3.006503e-03
3.007916e-03
3.009317e-03
3.010707e-03
3.012086e-03
3.013453e-03
3.014809e-03
3.016153e-03
3.017486e-03
3.018807e-03
3.020118e-03
3.021417e-03
3.022704e-03
3.023980e-03
3.025245e-03
3.026498e-03
3.027740e-03
3.028970e-03
3.030189e-03
3.031397e-03
3.032593e-03
3.033778e-03
3.034952e-03
3.036114e-03
3.037264e-03
3.038404e-03
3.039532e-03
3.040648e-03
3.041753e-03
3.042847e-03
3.043929e-03
3.045000e-03
3.046060e-03
3.047108e-03
3.048145e-03
3.049170e-03
3.050184e-03
3.051187e-03
3.052178e-03
3.053158e-03
3.054126e-03
3.055083e-03
3.056029e-03
3.056963e-03
3.057886e-03
3.058797e-03
3.059697e-03
3.060586e-03
3.061463e-03
3.062329e-03
3.063184e-03
3.064027e-03
3.064858e-03
3.065679e-03
3.066488e-03
3.067285e-03
3.068071e-03
3.068846e-03
3.069609e-03
3.070361e-03
3.071102e-03
3.071831e-03
3.072549e-03
3.073255e-03
3.073950e-03
3.074634e-03
3.075306e-03
3.075967e-03
3.076616e-03
3.077254e-03
3.077881e-03
3.078496e-03
3.079100e-03
3.079692e-03
3.080273e-03
3.080843e-03
3.081401e-03
3.081948e-03
3.082483e-03
3.083007e-03
3.083520e-03
3.084021e-03
3.084511e-03
3.084990e-03
3.085457e-03
3.085913e-03
3.086357e-03
3.086790e-03
3.087211e-03
3.087621e-03
3.088020e-03
3.088408e-03
3.088784e-03
3.089148e-03
3.089501e-03
3.089843e-03
3.090173e-03
3.090492e-03
3.090800e-03
3.091096e-03
3.091381e-03
3.091655e-03
3.091917e-03
3.092167e-03
3.092406e-03
3.092634e-03
3.092851e-03
3.093056e-03
3.093250e-03
3.093432e-03
3.093603e-03
3.093762e-03
3.093910e-03
3.094047e-03
3.094172e-03
3.094286e-03
3.094389e-03
3.094480e-03
3.094560e-03
3.094628e-03
3.094685e-03
3.094730e-03
3.094765e-03
3.094787e-03
3.094799e-03
3.094799e-03
3.094787e-03
3.094765e-03
3.094730e-03
3.094685e-03
3.094628e-03
3.094559e-03
3.094480e-03
3.094389e-03
3.094286e-03
3.094172e-03
3.094047e-03
3.093910e-03
3.093762e-03
3.093602e-03
3.093431e-03
3.093249e-03
3.093055e-03
3.092850e-03
3.092634e-03
3.092406e-03
3.092167e-03
3.091916e-03
3.091654e-03
3.091381e-03
3.091096e-03
3.090799e-03
3.090492e-03
3.090173e-03
3.089842e-03
3.089501e-03
3.089147e-03
3.088783e-03
3.088407e-03
3.088019e-03
3.087621e-03
3.087210e-03
3.086789e-03
3.086356e-03
3.085912e-03
3.085456e-03
3.084989e-03
3.084510e-03
3.084020e-03
3.083519e-03
3.083006e-03
3.082482e-03
3.081947e-03
3.081622e-03
3.081622e-03
3.081622e-03
3.081622e-03
3.081622e-03
3.081622e-03
3.081622e-03
3.081622e-03
3.081622e-03
3.081622e-03
3.081622e-03
3.081622e-03
3.081622e-03
3.081622e-03
3.081622e-03
3.081622e-03
3.081622e-03
3.081622e-03
3.081622e-03
3.081622e-03
3.081622e-03
3.081622e-03
3.081622e-03
3.081622e-03
3.081622e-03
3.081622e-03
3.081622e-03
3.081622e-03
3.081622e-03
3.081622e-03
3.081622e-03
3.081622e-03
3.081622e-03
3.081622e-03
3.081622e-03
3.081622e-03
3.081622e-03
3.081622e-03
3.081622e-03
3.081622e-03
3.081622e-03
3.081622e-03
3.081622e-03
3.081622e-03
3.081622e-03
3.081622e-03
3.081622e-03
3.081622e-03
3.081622e-03
3.081622e-03
3.081622e-03
3.081622e-03
3.081622e-03
3.081622e-03
3.081622e-03
3.081622e-03
3.081622e-03
3.081622e-03
3.081622e-03
3.081622e-03
3.081622e-03
3.081622e-03
3.081622e-03
3.081622e-03
3.081622e-03
3.081622e-03
3.081622e-03
3.081622e-03
3.081622e-03
3.081622e-03
3.081622e-03
3.081622e-03
3.081622e-03
3.081622e-03
3.081622e-03
3.081622e-03
3.081622e-03
3.081622e-03
3.081622e-03
3.081622e-03
3.081622e-03
3.081622e-03
3.081622e-03
3.081622e-03
3.081622e-03
3.081622e-03
3.081622e-03
3.081622e-03
3.081622e-03
3.081622e-03
3.081622e-03
3.081622e-03
3.081622e-03
3.081622e-03
3.081622e-03
3.081622e-03
3.081622e-03
3.081622e-03
3.081622e-03
3.081622e-03
3.081622e-03
3.081622e-03
3.081622e-03
3.081622e-03
3.081622e-03
3.081622e-03
3.081622e-03
3.081622e-03
3.081622e-03
3.081622e-03
3.081622e-03
3.081622e-03
3.081622e-03
3.081622e-03
3.081622e-03
3.081622e-03
3.081622e-03
3.081622e-03
3.081622e-03
3.081622e-03
3.081622e-03
3.081622e-03
3.081622e-03
3.081622e-03
3.081622e-03
3.081622e-03
3.081622e-03
3.081622e-03
3.081622e-03
3.081622e-03
3.081622e-03
3.081622e-03
3.081622e-03
3.081622e-03
3.081622e-03
3.081622e-03
3.081622e-03
3.081622e-03
3.081622e-03
3.081622e-03
3.081622e-03
3.081622e-03
3.081622e-03
3.081622e-03
3.081622e-03
3.081622e-03
3.081622e-03
3.081622e-03
3.081622e-03
3.081622e-03
3.081622e-03
3.081622e-03
3.081622e-03
3.081622e-03
3.081622e-03
3.081622e-03
3.081622e-03
3.081622e-03
3.081622e-03
3.081622e-03
3.081622e-03
3.081622e-03
3.081622e-03
3.081622e-03
3.081622e-03
3.081622e-03
3.081622e-03
3.081622e-03
3.081622e-03
3.081622e-03
3.081622e-03
3.081622e-03
3.081622e-03
3.081622e-03
3.081622e-03
3.081622e-03
3.081622e-03
3.081622e-03
3.081622e-03
3.081622e-03
3.081622e-03
3.081622e-03
3.081622e-03
3.081622e-03
3.081622e-03
3.081622e-03
3.081622e-03
3.081622e-03
3.081622e-03
3.081622e-03
3.081622e-03
3.081622e-03
3.081622e-03
3.081622e-03
3.081622e-03
3.081622e-03
3.081622e-03
3.081622e-03
3.081622e-03
3.081622e-03
3.081622e-03
