0.000000e+00
1.110371e-07
2.297851e-07
3.562440e-07
4.904138e-07
6.322945e-07
7.818861e-07
9.391887e-07
1.104202e-06
1.276926e-06
1.457362e-06
1.645508e-06
1.841365e-06
2.044933e-06
2.256212e-06
2.475202e-06
2.701902e-06
2.936314e-06
3.178437e-06
3.428270e-06
3.685814e-06
3.951070e-06
4.224036e-06
4.504713e-06
4.793101e-06
5.089200e-06
5.393010e-06
5.704530e-06
6.023762e-06
6.350704e-06
6.685358e-06
7.027722e-06
7.377798e-06
7.735584e-06
8.101081e-06
8.474289e-06
8.855208e-06
9.243837e-06
9.640178e-06
1.004423e-05
1.045599e-05
1.087547e-05
1.130265e-05
1.173755e-05
1.218015e-05
1.263047e-05
1.308850e-05
1.355424e-05
1.402769e-05
1.450885e-05
1.499772e-05
1.549430e-05
1.599859e-05
1.651060e-05
1.703031e-05
1.755774e-05
1.809288e-05
1.863572e-05
1.918628e-05
1.974455e-05
2.031053e-05
2.088423e-05
2.146563e-05
2.205474e-05
2.265157e-05
2.325610e-05
2.386835e-05
2.448830e-05
2.511597e-05
2.575135e-05
2.639444e-05
2.704524e-05
2.770375e-05
2.836998e-05
2.904391e-05
2.972555e-05
3.041491e-05
3.111197e-05
3.181675e-05
3.252924e-05
3.324944e-05
3.397735e-05
3.471297e-05
3.545630e-05
3.620734e-05
3.696610e-05
3.773256e-05
3.850674e-05
3.928862e-05
4.007822e-05
4.087553e-05
4.168055e-05
4.249328e-05
4.331372e-05
4.414187e-05
4.497773e-05
4.582130e-05
4.667259e-05
4.753158e-05
4.839829e-05
4.927271e-05
5.015484e-05
5.104467e-05
5.194222e-05
5.284748e-05
5.376046e-05
5.468114e-05
5.560953e-05
5.654564e-05
5.748945e-05
5.844098e-05
5.940021e-05
6.036716e-05
6.134182e-05
6.232419e-05
6.331427e-05
6.431206e-05
6.531757e-05
6.633078e-05
6.735170e-05
6.838034e-05
6.941669e-05
7.046074e-05
7.151251e-05
7.257199e-05
7.363918e-05
7.471408e-05
7.579669e-05
7.688701e-05
7.798505e-05
7.909079e-05
8.020425e-05
8.132541e-05
8.245429e-05
8.359088e-05
8.473518e-05
8.588719e-05
8.704691e-05
8.821434e-05
8.938948e-05
9.057233e-05
9.176290e-05
9.296117e-05
9.416716e-05
9.538086e-05
9.660227e-05
9.783138e-05
9.906821e-05
1.003128e-04
1.015650e-04
1.028250e-04
1.040926e-04
1.053680e-04
1.066511e-04
1.079419e-04
1.092404e-04
1.105467e-04
1.118606e-04
1.131823e-04
1.145116e-04
1.158487e-04
1.171935e-04
1.185460e-04
1.199062e-04
1.212741e-04
1.226497e-04
1.240331e-04
1.254241e-04
1.268229e-04
1.282293e-04
1.296435e-04
1.310654e-04
1.324950e-04
1.339323e-04
1.353773e-04
1.368301e-04
1.382905e-04
1.397587e-04
1.412345e-04
1.427181e-04
1.442094e-04
1.457084e-04
1.472151e-04
1.487296e-04
1.502517e-04
1.517815e-04
1.533191e-04
1.548643e-04
1.564173e-04
1.579780e-04
1.595464e-04
1.611225e-04
1.627063e-04
1.642979e-04
1.658971e-04
1.675041e-04
1.691187e-04
1.707411e-04
1.723712e-04
1.740090e-04
1.756545e-04
1.773077e-04
1.789687e-04
1.806373e-04
1.823136e-04
1.839977e-04
1.856895e-04
1.873890e-04
1.890962e-04
1.908111e-04
1.925337e-04
1.942640e-04
1.960020e-04
1.977478e-04
1.995013e-04
2.012624e-04
2.030313e-04
2.048079e-04
2.065922e-04
2.083842e-04
2.101840e-04
2.119914e-04
2.138065e-04
2.156294e-04
2.174600e-04
2.192982e-04
2.211442e-04
2.229979e-04
2.248594e-04
2.267285e-04
2.286053e-04
2.304899e-04
2.323821e-04
2.342821e-04
2.361898e-04
2.381052e-04
2.400283e-04
2.419591e-04
2.438976e-04
2.458438e-04
2.477978e-04
2.497594e-04
2.517288e-04
2.537059e-04
2.556907e-04
2.576831e-04
2.596834e-04
2.616913e-04
2.637069e-04
2.657303e-04
2.677613e-04
2.698001e-04
2.718465e-04
2.739007e-04
2.759626e-04
2.780322e-04
2.801096e-04
2.821946e-04
2.842873e-04
2.863878e-04
2.884959e-04
2.906118e-04
2.927354e-04
2.948667e-04
2.970057e-04
2.991524e-04
3.013068e-04
3.034690e-04
3.056388e-04
3.078164e-04
3.100017e-04
3.121946e-04
3.143953e-04
3.166037e-04
3.188199e-04
3.210437e-04
3.232752e-04
3.255145e-04
3.277614e-04
3.300161e-04
3.322785e-04
3.345486e-04
3.368264e-04
3.391119e-04
3.414051e-04
3.437060e-04
3.460147e-04
3.483311e-04
3.506551e-04
3.529869e-04
3.553264e-04
3.576736e-04
3.600285e-04
3.623911e-04
3.647615e-04
3.671395e-04
3.695253e-04
3.719187e-04
3.743199e-04
3.767288e-04
3.791454e-04
3.815697e-04
3.840017e-04
3.864414e-04
3.888889e-04
3.913440e-04
3.938069e-04
3.962775e-04
3.987558e-04
4.012418e-04
4.037355e-04
4.062369e-04
4.087460e-04
4.112629e-04
4.137874e-04
4.163197e-04
4.188596e-04
4.214073e-04
4.239627e-04
4.265258e-04
4.290967e-04
4.316752e-04
4.342614e-04
4.368554e-04
4.394570e-04
4.420664e-04
4.446835e-04
4.473083e-04
4.499408e-04
4.525810e-04
4.552289e-04
4.578846e-04
4.605479e-04
4.632190e-04
4.658977e-04
4.685842e-04
4.712784e-04
4.739803e-04
4.766899e-04
4.794072e-04
4.821323e-04
4.848650e-04
4.876055e-04
4.903537e-04
4.931095e-04
4.958731e-04
4.986444e-04
5.014234e-04
5.042102e-04
5.070046e-04
5.098067e-04
5.126166e-04
5.154342e-04
5.182594e-04
5.210924e-04
5.239331e-04
5.267815e-04
5.296376e-04
5.325015e-04
5.353730e-04
5.382523e-04
5.411392e-04
5.440339e-04
5.469363e-04
5.498464e-04
5.527642e-04
5.556897e-04
5.586230e-04
5.615639e-04
5.645125e-04
5.674689e-04
5.704330e-04
5.734048e-04
5.763843e-04
5.793715e-04
5.823664e-04
5.853690e-04
5.883794e-04
5.913974e-04
5.944232e-04
5.974566e-04
6.004978e-04
6.035467e-04
6.066033e-04
6.096676e-04
6.127397e-04
6.158194e-04
6.189068e-04
6.220020e-04
6.251049e-04
6.282154e-04
6.313337e-04
6.344597e-04
6.375935e-04
6.407349e-04
6.438840e-04
6.470409e-04
6.502054e-04
6.533777e-04
6.565577e-04
6.597454e-04
6.629408e-04
6.661439e-04
6.693547e-04
6.725732e-04
6.757995e-04
6.790334e-04
6.822751e-04
6.855245e-04
6.887816e-04
6.920464e-04
6.953189e-04
6.985991e-04
7.018870e-04
7.051827e-04
7.084860e-04
7.117971e-04
7.151158e-04
7.184423e-04
7.217765e-04
7.251184e-04
7.284681e-04
7.318254e-04
7.351904e-04
7.385632e-04
7.419436e-04
7.453318e-04
7.487277e-04
7.521313e-04
7.555426e-04
7.589616e-04
7.623883e-04
7.658228e-04
7.692649e-04
7.727148e-04
7.761724e-04
7.796376e-04
7.831106e-04
7.865913e-04
7.900798e-04
7.935759e-04
7.970797e-04
8.005913e-04
8.041105e-04
8.076375e-04
8.111722e-04
8.147146e-04
8.182647e-04
8.218225e-04
8.253880e-04
8.289612e-04
8.325422e-04
8.361309e-04
8.397272e-04
8.433313e-04
8.469431e-04
8.505626e-04
8.541898e-04
8.578247e-04
8.614674e-04
8.651177e-04
8.687758e-04
8.724415e-04
8.761150e-04
8.797962e-04
8.834851e-04
8.871817e-04
8.908860e-04
8.945980e-04
8.983178e-04
9.020452e-04
9.057804e-04
9.095233e-04
9.132739e-04
9.170322e-04
9.207982e-04
9.245719e-04
9.283533e-04
9.321425e-04
9.359393e-04
9.397439e-04
9.435561e-04
9.473761e-04
9.512038e-04
9.550392e-04
9.588824e-04
9.627332e-04
9.665917e-04
9.704580e-04
9.743319e-04
9.782136e-04
9.821030e-04
9.860001e-04
9.899049e-04
9.938174e-04
9.977376e-04
1.001666e-03
1.005601e-03
1.009545e-03
1.013496e-03
1.017454e-03
1.021421e-03
1.025395e-03
1.029377e-03
1.033367e-03
1.037364e-03
1.041369e-03
1.045382e-03
1.049402e-03
1.053430e-03
1.057466e-03
1.061510e-03
1.065561e-03
1.069620e-03
1.073687e-03
1.077761e-03
1.081844e-03
1.085933e-03
1.090031e-03
1.094136e-03
1.098249e-03
1.102370e-03
1.106498e-03
1.110635e-03
1.114778e-03
1.118930e-03
1.123089e-03
1.127256e-03
1.131431e-03
1.135613e-03
1.139803e-03
1.144001e-03
1.148207e-03
1.152420e-03
1.156641e-03
1.160870e-03
1.165106e-03
1.169350e-03
1.173602e-03
1.177861e-03
1.182129e-03
1.186404e-03
1.190686e-03
1.194976e-03
1.199275e-03
1.203580e-03
1.207894e-03
1.212215e-03
1.216544e-03
1.220881e-03
1.225225e-03
1.229577e-03
1.233937e-03
1.238304e-03
1.242679e-03
1.247062e-03
1.251453e-03
1.255851e-03
1.260257e-03
1.264671e-03
1.269092e-03
1.273521e-03
1.277958e-03
1.282403e-03
1.286855e-03
1.291315e-03
1.295783e-03
1.300258e-03
1.304741e-03
1.309232e-03
1.313731e-03
1.318237e-03
1.322751e-03
1.327273e-03
1.331802e-03
1.336339e-03
1.340884e-03
1.345436e-03
1.349997e-03
1.354565e-03
1.359140e-03
1.363724e-03
1.368315e-03
1.372913e-03
1.377520e-03
1.382134e-03
1.386756e-03
1.391386e-03
1.396023e-03
1.400668e-03
1.405321e-03
1.409981e-03
1.414649e-03
1.419325e-03
1.424009e-03
1.428700e-03
1.433399e-03
1.438106e-03
1.442821e-03
1.447543e-03
1.452273e-03
1.457010e-03
1.461755e-03
1.466508e-03
1.471269e-03
1.476038e-03
1.480814e-03
1.485598e-03
1.490389e-03
1.495188e-03
1.499995e-03
1.504810e-03
1.509632e-03
1.514463e-03
1.519300e-03
1.524146e-03
1.528999e-03
1.533860e-03
1.538729e-03
1.543605e-03
1.548489e-03
1.553381e-03
1.558281e-03
1.563188e-03
1.568103e-03
1.573025e-03
1.577956e-03
1.582894e-03
1.587840e-03
1.592793e-03
1.597754e-03
1.602723e-03
1.607700e-03
1.612684e-03
1.617676e-03
1.622676e-03
1.627683e-03
1.632699e-03
1.637721e-03
1.642752e-03
1.647790e-03
1.652836e-03
1.657890e-03
1.662952e-03
1.668021e-03
1.673098e-03
1.678182e-03
1.683274e-03
1.688374e-03
1.693482e-03
1.698598e-03
1.703721e-03
1.708852e-03
1.713990e-03
1.719136e-03
1.724290e-03
1.729452e-03
1.734621e-03
1.739798e-03
1.744983e-03
1.750176e-03
1.755376e-03
1.760584e-03
1.765800e-03
1.771023e-03
1.776254e-03
1.781493e-03
1.786739e-03
1.791994e-03
1.797256e-03
1.802525e-03
1.807803e-03
1.813088e-03
1.818380e-03
1.823681e-03
1.828989e-03
1.834305e-03
1.839629e-03
1.844960e-03
1.850299e-03
1.855646e-03
1.861000e-03
1.866362e-03
1.871732e-03
1.877110e-03
1.882495e-03
1.887888e-03
1.893289e-03
1.898697e-03
1.904113e-03
1.909537e-03
1.914969e-03
1.920408e-03
1.925855e-03
1.931310e-03
1.936772e-03
1.942242e-03
1.947720e-03
1.953206e-03
1.958699e-03
1.964200e-03
1.969708e-03
1.975225e-03
1.980749e-03
1.986281e-03
1.991820e-03
1.997367e-03
2.002922e-03
2.008485e-03
2.014055e-03
2.019634e-03
2.025219e-03
2.030813e-03
2.036414e-03
2.042023e-03
2.047640e-03
2.053264e-03
2.058896e-03
2.064536e-03
2.070183e-03
2.075838e-03
2.081501e-03
2.087172e-03
2.092850e-03
2.098536e-03
2.104230e-03
2.109931e-03
2.115640e-03
2.121357e-03
2.127082e-03
2.132814e-03
2.138554e-03
2.144302e-03
2.150057e-03
2.155821e-03
2.161591e-03
2.167370e-03
2.173156e-03
2.178950e-03
2.184752e-03
2.190561e-03
2.196378e-03
2.202203e-03
2.208036e-03
2.213876e-03
2.219724e-03
2.225580e-03
2.231443e-03
2.237314e-03
2.243193e-03
2.249079e-03
2.254974e-03
2.260875e-03
2.266785e-03
2.272702e-03
2.278628e-03
2.284560e-03
2.290501e-03
2.296449e-03
2.302405e-03
2.308368e-03
2.314340e-03
2.320319e-03
2.326306e-03
2.332300e-03
2.338302e-03
2.344312e-03
2.350330e-03
2.356355e-03
2.362388e-03
2.368429e-03
2.374477e-03
2.380533e-03
2.386597e-03
2.392669e-03
2.398748e-03
2.404835e-03
2.410930e-03
2.417032e-03
2.423142e-03
2.429260e-03
2.435386e-03
2.441519e-03
2.447660e-03
2.453809e-03
2.459965e-03
2.466129e-03
2.472301e-03
2.478480e-03
2.484668e-03
2.490863e-03
2.497065e-03
2.503276e-03
2.509494e-03
2.515719e-03
2.521953e-03
2.528194e-03
2.534443e-03
2.540700e-03
2.546964e-03
2.553236e-03
2.559516e-03
2.565803e-03
2.572099e-03
2.578401e-03
2.584712e-03
2.591030e-03
2.597356e-03
2.603690e-03
2.610032e-03
2.616381e-03
2.622738e-03
2.629102e-03
2.635474e-03
2.641855e-03
2.648242e-03
2.654638e-03
2.661041e-03
2.667452e-03
2.673870e-03
2.680296e-03
2.686730e-03
2.693172e-03
2.699622e-03
2.706079e-03
2.712543e-03
2.719016e-03
2.725496e-03
2.731984e-03
2.738480e-03
2.744983e-03
2.751494e-03
2.758013e-03
2.764540e-03
2.771074e-03
2.777616e-03
2.784165e-03
2.790723e-03
2.797288e-03
2.803861e-03
2.810441e-03
2.817029e-03
2.823625e-03
2.830229e-03
2.836840e-03
2.843459e-03
2.850086e-03
2.856721e-03
2.863363e-03
2.870013e-03
2.876670e-03
2.883335e-03
2.890009e-03
2.896689e-03
2.903378e-03
2.910074e-03
2.916778e-03
2.923489e-03
2.930209e-03
2.936936e-03
2.943670e-03
2.950413e-03
2.957163e-03
2.963921e-03
2.970686e-03
2.977459e-03
2.984240e-03
2.991029e-03
2.997826e-03
3.004630e-03
3.011441e-03
3.018261e-03
3.025088e-03
3.031923e-03
3.038766e-03
3.045616e-03
3.052474e-03
3.059340e-03
3.066214e-03
3.073095e-03
3.079984e-03
3.086880e-03
3.093785e-03
3.100697e-03
3.107617e-03
3.114544e-03
3.121479e-03
3.128422e-03
3.135373e-03
3.142331e-03
3.149297e-03
3.156271e-03
3.163252e-03
3.170241e-03
3.177238e-03
3.184243e-03
3.191255e-03
3.198275e-03
3.205303e-03
3.212338e-03
3.219382e-03
3.226432e-03
3.233491e-03
3.240557e-03
3.247631e-03
3.254713e-03
3.261802e-03
3.268899e-03
3.276004e-03
3.283117e-03
3.290237e-03
3.297365e-03
3.304501e-03
3.311644e-03
3.318795e-03
3.325954e-03
3.333121e-03
3.340295e-03
3.347477e-03
3.354666e-03
3.361864e-03
3.369069e-03
3.376282e-03
3.383502e-03
3.390730e-03
3.397966e-03
3.405210e-03
3.412461e-03
3.419720e-03
3.426987e-03
3.434261e-03
3.441544e-03
3.448833e-03
3.456131e-03
3.463436e-03
3.470749e-03
3.478070e-03
3.485399e-03
3.492735e-03
3.500079e-03
3.507430e-03
3.514790e-03
3.522157e-03
3.529531e-03
3.536914e-03
3.544304e-03
3.551702e-03
3.559107e-03
3.566520e-03
3.573941e-03
3.581370e-03
3.588807e-03
3.596251e-03
3.603702e-03
3.611162e-03
3.618629e-03
3.626104e-03
3.633587e-03
3.641077e-03
3.648575e-03
3.656081e-03
3.663595e-03
3.671116e-03
3.678645e-03
3.686181e-03
3.693726e-03
3.701278e-03
3.708838e-03
3.716405e-03
3.723980e-03
3.731563e-03
3.739154e-03
3.746752e-03
3.754358e-03
3.761972e-03
3.769593e-03
3.777223e-03
3.784859e-03
3.792504e-03
3.800156e-03
3.807816e-03
3.815484e-03
3.823160e-03
3.830843e-03
3.838534e-03
3.846232e-03
3.853938e-03
3.861652e-03
3.869374e-03
3.877104e-03
3.884841e-03
3.892585e-03
3.900338e-03
3.908098e-03
3.915866e-03
3.923642e-03
3.931425e-03
3.939216e-03
3.947015e-03
3.954822e-03
3.962636e-03
3.970458e-03
3.978288e-03
3.986125e-03
3.993970e-03
4.001823e-03
4.009683e-03
4.017552e-03
4.025427e-03
4.033311e-03
4.041202e-03
4.049102e-03
4.057008e-03
4.064923e-03
4.072845e-03
4.080775e-03
4.088712e-03
4.096658e-03
4.104611e-03
4.112572e-03
4.120540e-03
4.128516e-03
4.136500e-03
4.144492e-03
4.152491e-03
4.160498e-03
4.168513e-03
4.176535e-03
4.184565e-03
4.192603e-03
4.200649e-03
4.208702e-03
4.216763e-03
4.224832e-03
4.232908e-03
4.240992e-03
4.249084e-03
4.257183e-03
4.265291e-03
4.273406e-03
4.281528e-03
4.289659e-03
4.297797e-03
4.305943e-03
4.314096e-03
4.322257e-03
4.330426e-03
4.338603e-03
4.346787e-03
4.354979e-03
4.363179e-03
4.371387e-03
4.379602e-03
4.387825e-03
4.396055e-03
4.404294e-03
4.412540e-03
4.420794e-03
4.429055e-03
4.437324e-03
4.445601e-03
4.453886e-03
4.462178e-03
4.470478e-03
4.478786e-03
4.487101e-03
4.495424e-03
4.503755e-03
4.512094e-03
4.520440e-03
4.528794e-03
4.537156e-03
4.545525e-03
4.553902e-03
4.562287e-03
4.570680e-03
4.579080e-03
4.587488e-03
4.595904e-03
4.604327e-03
4.612758e-03
4.621197e-03
4.629644e-03
4.638098e-03
4.646560e-03
4.655029e-03
4.663507e-03
4.671992e-03
4.680485e-03
4.688985e-03
4.697493e-03
4.706009e-03
4.714533e-03
4.723064e-03
4.731603e-03
4.740150e-03
4.748705e-03
4.757267e-03
4.765837e-03
4.774414e-03
4.783000e-03
4.791593e-03
4.800193e-03
4.808802e-03
4.817418e-03
4.826042e-03
4.834673e-03
4.843313e-03
4.851960e-03
4.860615e-03
4.869277e-03
4.877947e-03
4.886625e-03
4.895311e-03
4.904004e-03
4.912705e-03
4.921414e-03
4.930130e-03
4.938854e-03
4.947586e-03
4.956325e-03
4.965073e-03
4.973828e-03
4.982590e-03
4.991361e-03
5.000139e-03
5.008925e-03
5.017718e-03
5.026519e-03
5.035328e-03
5.044145e-03
5.052969e-03
5.061801e-03
5.070641e-03
5.079489e-03
5.088344e-03
5.097207e-03
5.106077e-03
5.114956e-03
5.123842e-03
5.132736e-03
5.141637e-03
5.150546e-03
5.159463e-03
5.168388e-03
5.177320e-03
5.186260e-03
5.195208e-03
5.204163e-03
5.213126e-03
5.222097e-03
5.231076e-03
5.240062e-03
5.249056e-03
5.258058e-03
5.267067e-03
5.276084e-03
5.285109e-03
5.294142e-03
5.303182e-03
5.312230e-03
5.321286e-03
5.330349e-03
5.339420e-03
5.348499e-03
5.357586e-03
5.366680e-03
5.375782e-03
5.384892e-03
5.394009e-03
5.403134e-03
5.412267e-03
5.421407e-03
5.430556e-03
5.439711e-03
5.448875e-03
5.458046e-03
5.467226e-03
5.476412e-03
5.485607e-03
5.494809e-03
5.504019e-03
5.513237e-03
5.522462e-03
5.531695e-03
5.540936e-03
5.550184e-03
5.559440e-03
5.568704e-03
5.577976e-03
5.587255e-03
5.596542e-03
5.605837e-03
5.615139e-03
5.624449e-03
5.633767e-03
5.643093e-03
5.652426e-03
5.661767e-03
5.671116e-03
5.680472e-03
5.689836e-03
5.699208e-03
5.708588e-03
5.717975e-03
5.727370e-03
5.736773e-03
5.746183e-03
5.755601e-03
5.765027e-03
5.774461e-03
5.783902e-03
5.793351e-03
5.802807e-03
5.812272e-03
5.821744e-03
5.831224e-03
5.840711e-03
5.850206e-03
5.859709e-03
5.869220e-03
5.878738e-03
5.888264e-03
5.897798e-03
5.907340e-03
5.916889e-03
5.926446e-03
5.936010e-03
5.945583e-03
5.955163e-03
5.964750e-03
5.974346e-03
5.983949e-03
5.993560e-03
6.003178e-03
6.012805e-03
6.022439e-03
6.032080e-03
6.041730e-03
6.051387e-03
6.061052e-03
6.070724e-03
6.080405e-03
6.090093e-03
6.099788e-03
6.109492e-03
6.119203e-03
6.128922e-03
6.138648e-03
6.148383e-03
6.158125e-03
6.167874e-03
6.177632e-03
6.187397e-03
6.197169e-03
6.206950e-03
6.216738e-03
6.226534e-03
6.236338e-03
6.246149e-03
6.255968e-03
6.265795e-03
6.275630e-03
6.285472e-03
6.295322e-03
6.305179e-03
6.315045e-03
6.324918e-03
6.334798e-03
6.344687e-03
6.354583e-03
6.364487e-03
6.374399e-03
6.384318e-03
6.394245e-03
6.404180e-03
6.414122e-03
6.424072e-03
6.434030e-03
6.443996e-03
6.453969e-03
6.463950e-03
6.473939e-03
6.483935e-03
6.493939e-03
6.503951e-03
6.513971e-03
6.523998e-03
6.534033e-03
6.544076e-03
6.554126e-03
6.564184e-03
6.574250e-03
6.584323e-03
6.594405e-03
6.604494e-03
6.614590e-03
6.624695e-03
6.634807e-03
6.644927e-03
6.655054e-03
6.665189e-03
6.675332e-03
6.685483e-03
6.695641e-03
6.705807e-03
6.715981e-03
6.726162e-03
6.736352e-03
6.746549e-03
6.756753e-03
6.766966e-03
6.777186e-03
6.787413e-03
6.797649e-03
6.807892e-03
6.818143e-03
6.828401e-03
6.838668e-03
6.848942e-03
6.859223e-03
6.869513e-03
6.879810e-03
6.890115e-03
6.900427e-03
6.910748e-03
6.921076e-03
6.931411e-03
6.941755e-03
6.952106e-03
6.962465e-03
6.972831e-03
6.983206e-03
6.993588e-03
7.003977e-03
7.014375e-03
7.024780e-03
7.035193e-03
7.045613e-03
7.056041e-03
7.066477e-03
7.076921e-03
7.087372e-03
7.097831e-03
7.108298e-03
7.118773e-03
7.129255e-03
7.139745e-03
7.150242e-03
7.160748e-03
7.171261e-03
7.181782e-03
7.192310e-03
7.202846e-03
7.213390e-03
7.223942e-03
7.234501e-03
7.245068e-03
7.255643e-03
7.266225e-03
7.276815e-03
7.287413e-03
7.298019e-03
7.308632e-03
7.319253e-03
7.329882e-03
7.340518e-03
7.351162e-03
7.361814e-03
7.372474e-03
7.383141e-03
7.393816e-03
7.404499e-03
7.415189e-03
7.425887e-03
7.436593e-03
7.447307e-03
7.458028e-03
7.468757e-03
7.479494e-03
7.490238e-03
7.500990e-03
7.511750e-03
7.522517e-03
7.533293e-03
7.544076e-03
7.554866e-03
7.565665e-03
7.576471e-03
7.587284e-03
7.598106e-03
7.608935e-03
7.619772e-03
7.630617e-03
7.641469e-03
7.652329e-03
7.663197e-03
7.674072e-03
7.684955e-03
7.695846e-03
7.706745e-03
7.717651e-03
7.728565e-03
7.739487e-03
7.750416e-03
7.761354e-03
7.772298e-03
7.783251e-03
7.794211e-03
7.805179e-03
7.816155e-03
7.827138e-03
7.838130e-03
7.849128e-03
7.860135e-03
7.871149e-03
7.882171e-03
7.893201e-03
7.904238e-03
7.915283e-03
7.926336e-03
7.937397e-03
7.948465e-03
7.959541e-03
7.970625e-03
7.981716e-03
7.992815e-03
8.003922e-03
8.015036e-03
8.026158e-03
8.037288e-03
8.048426e-03
8.059571e-03
8.070724e-03
8.081885e-03
8.093054e-03
8.104230e-03
8.115414e-03
8.126605e-03
8.137805e-03
8.149012e-03
8.160227e-03
8.171449e-03
8.182679e-03
8.193917e-03
8.205163e-03
8.216416e-03
8.227677e-03
8.238946e-03
8.250222e-03
8.261506e-03
8.272798e-03
8.284098e-03
8.295405e-03
8.306720e-03
8.318043e-03
8.329373e-03
8.340711e-03
8.352057e-03
8.363411e-03
8.374772e-03
8.386141e-03
8.397517e-03
8.408902e-03
8.420294e-03
8.431694e-03
8.443101e-03
8.454516e-03
8.465939e-03
8.477370e-03
8.488808e-03
8.500254e-03
8.511708e-03
8.523170e-03
8.534639e-03
8.546116e-03
8.557600e-03
8.569093e-03
8.580593e-03
8.592101e-03
8.603616e-03
8.615139e-03
8.626670e-03
8.638209e-03
8.649755e-03
8.661309e-03
8.672871e-03
8.684440e-03
8.696017e-03
8.707602e-03
8.719195e-03
8.730795e-03
8.742403e-03
8.754019e-03
8.765642e-03
8.777273e-03
8.788912e-03
8.800559e-03
8.812213e-03
8.823875e-03
8.834880e-03
8.845847e-03
8.856775e-03
8.867664e-03
8.878515e-03
8.889328e-03
8.900102e-03
8.910838e-03
8.921535e-03
8.932194e-03
8.942815e-03
8.953397e-03
8.963940e-03
8.974445e-03
8.984912e-03
8.995340e-03
9.005730e-03
9.016081e-03
9.026394e-03
9.036668e-03
9.046904e-03
9.057101e-03
9.067260e-03
9.077381e-03
9.087463e-03
9.097507e-03
9.107512e-03
9.117479e-03
9.127407e-03
9.137297e-03
9.147148e-03
9.156961e-03
9.166736e-03
9.176472e-03
9.186169e-03
9.195828e-03
9.205449e-03
9.215031e-03
9.224575e-03
9.234080e-03
9.243547e-03
9.252975e-03
9.262365e-03
9.271717e-03
9.281030e-03
9.290305e-03
9.299541e-03
9.308738e-03
9.317898e-03
9.327018e-03
9.336101e-03
9.345145e-03
9.354150e-03
9.363117e-03
9.372046e-03
9.380936e-03
9.389787e-03
9.398601e-03
9.407375e-03
9.416112e-03
9.424809e-03
9.433469e-03
9.442090e-03
9.450672e-03
9.459216e-03
9.467722e-03
9.476189e-03
9.484617e-03
9.493008e-03
9.501359e-03
9.509673e-03
9.517947e-03
9.526184e-03
9.534382e-03
9.542541e-03
9.550662e-03
9.558745e-03
9.566789e-03
9.574795e-03
9.582762e-03
9.590691e-03
9.598581e-03
9.606433e-03
9.614246e-03
9.622021e-03
9.629758e-03
9.637456e-03
9.645116e-03
9.652737e-03
9.660319e-03
9.667864e-03
9.675369e-03
9.682837e-03
9.690266e-03
9.697656e-03
9.705008e-03
9.712322e-03
9.719597e-03
9.726833e-03
9.734032e-03
9.741191e-03
9.748313e-03
9.755395e-03
9.762440e-03
9.769446e-03
9.776413e-03
9.783342e-03
9.790233e-03
9.797085e-03
9.803899e-03
9.810674e-03
9.817411e-03
9.824109e-03
9.830769e-03
9.837390e-03
9.843973e-03
9.850518e-03
9.857024e-03
9.863491e-03
9.869920e-03
9.876311e-03
9.882663e-03
9.888977e-03
9.895252e-03
9.901489e-03
9.907688e-03
9.913848e-03
9.919969e-03
9.926052e-03
9.932097e-03
9.938103e-03
9.944071e-03
9.950000e-03
9.955891e-03
9.961743e-03
9.967557e-03
9.973333e-03
9.979070e-03
9.984768e-03
9.990428e-03
9.996050e-03
1.000163e-02
1.000718e-02
1.001268e-02
1.001815e-02
1.002358e-02
1.002897e-02
1.003432e-02
1.003964e-02
1.004491e-02
1.005015e-02
1.005535e-02
1.006051e-02
1.006563e-02
1.007072e-02
1.007576e-02
1.008077e-02
1.008573e-02
1.009066e-02
1.009556e-02
1.010041e-02
1.010522e-02
1.011000e-02
1.011474e-02
1.011943e-02
1.012409e-02
1.012872e-02
1.013330e-02
1.013784e-02
1.014235e-02
1.014682e-02
1.015125e-02
1.015564e-02
1.015999e-02
1.016431e-02
1.016858e-02
1.017282e-02
1.017702e-02
1.018118e-02
1.018530e-02
1.018939e-02
1.019343e-02
1.019744e-02
1.020141e-02
1.020534e-02
1.020923e-02
1.021308e-02
1.021689e-02
1.022067e-02
1.022441e-02
1.022811e-02
1.023177e-02
1.023539e-02
1.023897e-02
1.024252e-02
1.024602e-02
1.024949e-02
1.025292e-02
1.025631e-02
1.025967e-02
1.026298e-02
1.026626e-02
1.026950e-02
1.027269e-02
1.027586e-02
1.027898e-02
1.028206e-02
1.028511e-02
1.028811e-02
1.029108e-02
1.029401e-02
1.029690e-02
1.029976e-02
1.030257e-02
1.030535e-02
1.030809e-02
1.031078e-02
1.031345e-02
1.031607e-02
1.031865e-02
1.032120e-02
1.032370e-02
1.032617e-02
1.032860e-02
1.033099e-02
1.033335e-02
1.033566e-02
1.033794e-02
1.034018e-02
1.034238e-02
1.034454e-02
1.034666e-02
1.034874e-02
1.035079e-02
1.035280e-02
1.035477e-02
1.035670e-02
1.035859e-02
1.036044e-02
1.036226e-02
1.036403e-02
1.036577e-02
1.036747e-02
1.036913e-02
1.037075e-02
1.037234e-02
1.037388e-02
1.037539e-02
1.037686e-02
1.037829e-02
1.037968e-02
1.038104e-02
1.038235e-02
1.038363e-02
1.038487e-02
1.038606e-02
1.038723e-02
1.038835e-02
1.038943e-02
1.039048e-02
1.039149e-02
1.039246e-02
1.039339e-02
1.039428e-02
1.039513e-02
1.039595e-02
1.039672e-02
1.039746e-02
1.039816e-02
1.039882e-02
1.039945e-02
1.040003e-02
1.040058e-02
1.040108e-02
1.040155e-02
1.040198e-02
1.040238e-02
1.040273e-02
1.040304e-02
1.040332e-02
1.040356e-02
1.040376e-02
1.040392e-02
1.040404e-02
1.040413e-02
1.040417e-02
1.040418e-02
1.040415e-02
1.040408e-02
1.040397e-02
1.040383e-02
1.040364e-02
1.040342e-02
1.040316e-02
1.040286e-02
1.040252e-02
1.040214e-02
1.040173e-02
1.040127e-02
1.040078e-02
1.040047e-02
1.040047e-02
1.040047e-02
1.040047e-02
1.040047e-02
1.040047e-02
1.040047e-02
1.040047e-02
1.040047e-02
1.040047e-02
1.040047e-02
1.040047e-02
1.040047e-02
1.040047e-02
1.040047e-02
1.040047e-02
1.040047e-02
1.040047e-02
1.040047e-02
1.040047e-02
1.040047e-02
1.040047e-02
1.040047e-02
1.040047e-02
1.040047e-02
1.040047e-02
1.040047e-02
1.040047e-02
1.040047e-02
1.040047e-02
1.040047e-02
1.040047e-02
1.040047e-02
1.040047e-02
1.040047e-02
1.040047e-02
1.040047e-02
1.040047e-02
1.040047e-02
1.040047e-02
1.040047e-02
1.040047e-02
1.040047e-02
1.040047e-02
1.040047e-02
1.040047e-02
1.040047e-02
1.040047e-02
1.040047e-02
1.040047e-02
1.040047e-02
1.040047e-02
1.040047e-02
1.040047e-02
1.040047e-02
1.040047e-02
1.040047e-02
1.040047e-02
1.040047e-02
1.040047e-02
1.040047e-02
1.040047e-02
1.040047e-02
1.040047e-02
1.040047e-02
1.040047e-02
1.040047e-02
1.040047e-02
1.040047e-02
1.040047e-02
1.040047e-02
1.040047e-02
1.040047e-02
1.040047e-02
1.040047e-02
1.040047e-02
1.040047e-02
1.040047e-02
1.040047e-02
1.040047e-02
1.040047e-02
1.040047e-02
1.040047e-02
1.040047e-02
1.040047e-02
1.040047e-02
1.040047e-02
1.040047e-02
1.040047e-02
1.040047e-02
1.040047e-02
1.040047e-02
1.040047e-02
1.040047e-02
1.040047e-02
1.040047e-02
1.040047e-02
1.040047e-02
1.040047e-02
1.040047e-02
1.040047e-02
1.040047e-02
1.040047e-02
1.040047e-02
1.040047e-02
1.040047e-02
1.040047e-02
1.040047e-02
1.040047e-02
1.040047e-02
1.040047e-02
1.040047e-02
1.040047e-02
1.040047e-02
1.040047e-02
1.040047e-02
1.040047e-02
1.040047e-02
1.040047e-02
1.040047e-02
1.040047e-02
1.040047e-02
1.040047e-02
1.040047e-02
1.040047e-02
1.040047e-02
1.040047e-02
1.040047e-02
1.040047e-02
1.040047e-02
1.040047e-02
1.040047e-02
1.040047e-02
1.040047e-02
1.040047e-02
1.040047e-02
1.040047e-02
1.040047e-02
1.040047e-02
1.040047e-02
1.040047e-02
1.040047e-02
1.040047e-02
1.040047e-02
1.040047e-02
1.040047e-02
1.040047e-02
1.040047e-02
1.040047e-02
1.040047e-02
1.040047e-02
1.040047e-02
1.040047e-02
1.040047e-02
1.040047e-02
1.040047e-02
1.040047e-02
1.040047e-02
1.040047e-02
1.040047e-02
1.040047e-02
1.040047e-02
1.040047e-02
1.040047e-02
1.040047e-02
1.040047e-02
1.040047e-02
1.040047e-02
1.040047e-02
1.040047e-02
1.040047e-02
1.040047e-02
1.040047e-02
1.040047e-02
1.040047e-02
1.040047e-02
1.040047e-02
1.040047e-02
1.040047e-02
1.040047e-02
1.040047e-02
1.040047e-02
1.040047e-02
1.040047e-02
1.040047e-02
1.040047e-02
1.040047e-02
1.040047e-02
1.040047e-02
1.040047e-02
1.040047e-02
1.040047e-02
1.040047e-02
1.040047e-02
1.040047e-02
1.040047e-02
1.040047e-02
1.040047e-02
1.040047e-02
1.040047e-02
1.040047e-02
