0.000000e+00
1.110371e-07
2.297319e-07
3.560844e-07
4.900947e-07
6.317627e-07
7.810885e-07
9.380719e-07
1.102713e-06
1.275012e-06
1.454969e-06
1.642583e-06
1.837855e-06
2.040785e-06
2.251373e-06
2.469618e-06
2.695521e-06
2.929082e-06
3.170300e-06
3.419176e-06
3.675710e-06
3.939902e-06
4.211752e-06
4.491259e-06
4.778424e-06
5.073246e-06
5.375727e-06
5.685865e-06
6.003660e-06
6.329114e-06
6.662225e-06
7.002994e-06
7.351421e-06
7.707505e-06
8.071248e-06
8.442647e-06
8.821705e-06
9.208420e-06
9.602794e-06
1.000482e-05
1.041451e-05
1.083186e-05
1.125686e-05
1.168952e-05
1.212984e-05
1.257782e-05
1.303346e-05
1.349675e-05
1.396770e-05
1.444631e-05
1.493257e-05
1.542650e-05
1.592808e-05
1.643732e-05
1.695421e-05
1.747877e-05
1.801098e-05
1.855085e-05
1.909838e-05
1.965356e-05
2.021641e-05
2.078691e-05
2.136507e-05
2.195088e-05
2.254436e-05
2.314549e-05
2.375428e-05
2.437073e-05
2.499483e-05
2.562659e-05
2.626601e-05
2.691309e-05
2.756783e-05
2.823022e-05
2.890027e-05
2.957798e-05
3.026335e-05
3.095637e-05
3.165706e-05
3.236540e-05
3.308139e-05
3.380505e-05
3.453636e-05
3.527533e-05
3.602196e-05
3.677625e-05
3.753819e-05
3.830779e-05
3.908505e-05
3.986997e-05
4.066255e-05
4.146278e-05
4.227067e-05
4.308622e-05
4.390942e-05
4.474029e-05
4.557881e-05
4.642499e-05
4.727883e-05
4.814032e-05
4.900947e-05
4.988628e-05
5.077075e-05
5.166288e-05
5.256266e-05
5.347010e-05
5.438520e-05
5.530796e-05
5.623837e-05
5.717644e-05
5.812217e-05
5.907556e-05
6.003660e-05
6.100531e-05
6.198167e-05
6.296569e-05
6.395736e-05
6.495670e-05
6.596369e-05
6.697834e-05
6.800064e-05
6.903061e-05
7.006823e-05
7.111351e-05
7.216645e-05
7.322704e-05
7.429530e-05
7.537121e-05
7.645478e-05
7.754600e-05
7.864489e-05
7.975143e-05
8.086563e-05
8.198749e-05
8.311700e-05
8.425418e-05
8.539901e-05
8.655149e-05
8.771164e-05
8.887944e-05
9.005491e-05
9.123803e-05
9.242880e-05
9.362724e-05
9.483333e-05
9.604708e-05
9.726849e-05
9.849755e-05
9.973428e-05
1.009787e-04
1.022307e-04
1.034904e-04
1.047577e-04
1.060328e-04
1.073154e-04
1.086058e-04
1.099037e-04
1.112094e-04
1.125227e-04
1.138436e-04
1.151723e-04
1.165085e-04
1.178525e-04
1.192041e-04
1.205633e-04
1.219302e-04
1.233048e-04
1.246870e-04
1.260769e-04
1.274744e-04
1.288796e-04
1.302924e-04
1.317130e-04
1.331411e-04
1.345769e-04
1.360204e-04
1.374716e-04
1.389304e-04
1.403968e-04
1.418709e-04
1.433527e-04
1.448421e-04
1.463392e-04
1.478440e-04
1.493564e-04
1.508764e-04
1.524041e-04
1.539395e-04
1.554826e-04
1.570332e-04
1.585916e-04
1.601576e-04
1.617313e-04
1.633126e-04
1.649016e-04
1.664982e-04
1.681025e-04
1.697144e-04
1.713341e-04
1.729613e-04
1.745962e-04
1.762388e-04
1.778891e-04
1.795470e-04
1.812125e-04
1.828857e-04
1.845666e-04
1.862551e-04
1.879513e-04
1.896552e-04
1.913667e-04
1.930858e-04
1.948127e-04
1.965471e-04
1.982893e-04
2.000391e-04
2.017965e-04
2.035616e-04
2.053344e-04
2.071148e-04
2.089029e-04
2.106986e-04
2.125020e-04
2.143131e-04
2.161318e-04
2.179581e-04
2.197922e-04
2.216339e-04
2.234832e-04
2.253402e-04
2.272049e-04
2.290772e-04
2.309571e-04
2.328448e-04
2.347401e-04
2.366430e-04
2.385536e-04
2.404719e-04
2.423978e-04
2.443314e-04
2.462726e-04
2.482215e-04
2.501780e-04
2.521422e-04
2.541141e-04
2.560936e-04
2.580808e-04
2.600757e-04
2.620782e-04
2.640883e-04
2.661061e-04
2.681316e-04
2.701647e-04
2.722055e-04
2.742539e-04
2.763100e-04
2.783738e-04
2.804452e-04
2.825243e-04
2.846110e-04
2.867054e-04
2.888075e-04
2.909172e-04
2.930345e-04
2.951595e-04
2.972922e-04
2.994326e-04
3.015806e-04
3.037362e-04
3.058995e-04
3.080705e-04
3.102491e-04
3.124354e-04
3.146293e-04
3.168309e-04
3.190402e-04
3.212571e-04
3.234817e-04
3.257139e-04
3.279538e-04
3.302013e-04
3.324565e-04
3.347194e-04
3.369899e-04
3.392681e-04
3.415539e-04
3.438474e-04
3.461485e-04
3.484574e-04
3.507738e-04
3.530979e-04
3.554297e-04
3.577692e-04
3.601162e-04
3.624710e-04
3.648334e-04
3.672035e-04
3.695812e-04
3.719666e-04
3.743596e-04
3.767603e-04
3.791687e-04
3.815847e-04
3.840084e-04
3.864397e-04
3.888787e-04
3.913253e-04
3.937796e-04
3.962416e-04
3.987112e-04
4.011885e-04
4.036734e-04
4.061660e-04
4.086663e-04
4.111742e-04
4.136897e-04
4.162129e-04
4.187438e-04
4.212824e-04
4.238286e-04
4.263824e-04
4.289439e-04
4.315131e-04
4.340899e-04
4.366744e-04
4.392665e-04
4.418663e-04
4.444738e-04
4.470889e-04
4.497117e-04
4.523421e-04
4.549802e-04
4.576260e-04
4.602794e-04
4.629404e-04
4.656091e-04
4.682855e-04
4.709695e-04
4.736612e-04
4.763606e-04
4.790676e-04
4.817823e-04
4.845046e-04
4.872346e-04
4.899722e-04
4.927175e-04
4.954705e-04
4.982311e-04
5.009993e-04
5.037753e-04
5.065588e-04
5.093501e-04
5.121490e-04
5.149555e-04
5.177698e-04
5.205916e-04
5.234212e-04
5.262584e-04
5.291032e-04
5.319557e-04
5.348159e-04
5.376837e-04
5.405592e-04
5.434423e-04
5.463331e-04
5.492315e-04
5.521377e-04
5.550514e-04
5.579728e-04
5.609019e-04
5.638387e-04
5.667831e-04
5.697351e-04
5.726948e-04
5.756622e-04
5.786372e-04
5.816199e-04
5.846103e-04
5.876083e-04
5.906139e-04
5.936272e-04
5.966482e-04
5.996768e-04
6.027131e-04
6.057571e-04
6.088087e-04
6.118680e-04
6.149349e-04
6.180094e-04
6.210917e-04
6.241816e-04
6.272791e-04
6.303843e-04
6.334972e-04
6.366177e-04
6.397459e-04
6.428818e-04
6.460253e-04
6.491764e-04
6.523352e-04
6.555017e-04
6.586758e-04
6.618576e-04
6.650471e-04
6.682442e-04
6.714489e-04
6.746613e-04
6.778814e-04
6.811091e-04
6.843445e-04
6.875876e-04
6.908383e-04
6.940967e-04
6.973627e-04
7.006364e-04
7.039177e-04
7.072067e-04
7.105033e-04
7.138077e-04
7.171196e-04
7.204392e-04
7.237665e-04
7.271015e-04
7.304441e-04
7.337943e-04
7.371522e-04
7.405178e-04
7.438910e-04
7.472719e-04
7.506605e-04
7.540567e-04
7.574605e-04
7.608721e-04
7.642912e-04
7.677181e-04
7.711526e-04
7.745947e-04
7.780445e-04
7.815020e-04
7.849671e-04
7.884399e-04
7.919203e-04
7.954084e-04
7.989042e-04
8.024076e-04
8.059187e-04
8.094374e-04
8.129638e-04
8.164978e-04
8.200395e-04
8.235889e-04
8.271459e-04
8.307106e-04
8.342829e-04
8.378629e-04
8.414505e-04
8.450458e-04
8.486488e-04
8.522594e-04
8.558777e-04
8.595036e-04
8.631372e-04
8.667785e-04
8.704274e-04
8.740839e-04
8.777482e-04
8.814200e-04
8.850996e-04
8.887868e-04
8.924816e-04
8.961842e-04
8.998943e-04
9.036122e-04
9.073376e-04
9.110708e-04
9.148116e-04
9.185600e-04
9.223162e-04
9.260799e-04
9.298514e-04
9.336305e-04
9.374172e-04
9.412116e-04
9.450137e-04
9.488234e-04
9.526408e-04
9.564658e-04
9.602985e-04
9.641388e-04
9.679869e-04
9.718425e-04
9.757059e-04
9.795768e-04
9.834555e-04
9.873418e-04
9.912357e-04
9.951373e-04
9.990466e-04
1.002964e-03
1.006888e-03
1.010820e-03
1.014760e-03
1.018708e-03
1.022663e-03
1.026626e-03
1.030596e-03
1.034575e-03
1.038560e-03
1.042554e-03
1.046555e-03
1.050564e-03
1.054580e-03
1.058605e-03
1.062636e-03
1.066676e-03
1.070723e-03
1.074778e-03
1.078840e-03
1.082910e-03
1.086988e-03
1.091073e-03
1.095166e-03
1.099267e-03
1.103376e-03
1.107492e-03
1.111615e-03
1.115747e-03
1.119886e-03
1.124032e-03
1.128187e-03
1.132349e-03
1.136518e-03
1.140695e-03
1.144880e-03
1.149073e-03
1.153273e-03
1.157481e-03
1.161697e-03
1.165920e-03
1.170151e-03
1.174389e-03
1.178636e-03
1.182890e-03
1.187151e-03
1.191420e-03
1.195697e-03
1.199982e-03
1.204274e-03
1.208574e-03
1.212881e-03
1.217196e-03
1.221519e-03
1.225849e-03
1.230188e-03
1.234533e-03
1.238887e-03
1.243248e-03
1.247617e-03
1.251993e-03
1.256377e-03
1.260769e-03
1.265168e-03
1.269575e-03
1.273990e-03
1.278412e-03
1.282842e-03
1.287280e-03
1.291725e-03
1.296178e-03
1.300639e-03
1.305107e-03
1.309583e-03
1.314066e-03
1.318558e-03
1.323057e-03
1.327563e-03
1.332077e-03
1.336599e-03
1.341129e-03
1.345666e-03
1.350211e-03
1.354763e-03
1.359324e-03
1.363892e-03
1.368467e-03
1.373050e-03
1.377641e-03
1.382239e-03
1.386846e-03
1.391459e-03
1.396081e-03
1.400710e-03
1.405347e-03
1.409991e-03
1.414643e-03
1.419303e-03
1.423970e-03
1.428645e-03
1.433328e-03
1.438018e-03
1.442716e-03
1.447422e-03
1.452135e-03
1.456856e-03
1.461585e-03
1.466321e-03
1.471065e-03
1.475817e-03
1.480576e-03
1.485343e-03
1.490118e-03
1.494900e-03
1.499690e-03
1.504487e-03
1.509293e-03
1.514106e-03
1.518926e-03
1.523754e-03
1.528590e-03
1.533434e-03
1.538285e-03
1.543144e-03
1.548010e-03
1.552884e-03
1.557766e-03
1.562656e-03
1.567553e-03
1.572457e-03
1.577370e-03
1.582290e-03
1.587218e-03
1.592153e-03
1.597096e-03
1.602047e-03
1.607005e-03
1.611971e-03
1.616945e-03
1.621926e-03
1.626915e-03
1.631912e-03
1.636916e-03
1.641928e-03
1.646948e-03
1.651975e-03
1.657010e-03
1.662053e-03
1.667103e-03
1.672161e-03
1.677227e-03
1.682300e-03
1.687381e-03
1.692469e-03
1.697566e-03
1.702669e-03
1.707781e-03
1.712900e-03
1.718027e-03
1.723162e-03
1.728304e-03
1.733454e-03
1.738611e-03
1.743776e-03
1.748949e-03
1.754129e-03
1.759318e-03
1.764513e-03
1.769717e-03
1.774928e-03
1.780147e-03
1.785373e-03
1.790607e-03
1.795849e-03
1.801098e-03
1.806355e-03
1.811620e-03
1.816892e-03
1.822172e-03
1.827460e-03
1.832755e-03
1.838058e-03
1.843369e-03
1.848687e-03
1.854013e-03
1.859347e-03
1.864688e-03
1.870037e-03
1.875393e-03
1.880758e-03
1.886130e-03
1.891509e-03
1.896896e-03
1.902291e-03
1.907694e-03
1.913104e-03
1.918522e-03
1.923947e-03
1.929380e-03
1.934821e-03
1.940270e-03
1.945726e-03
1.951190e-03
1.956661e-03
1.962140e-03
1.967627e-03
1.973121e-03
1.978623e-03
1.984133e-03
1.989651e-03
1.995176e-03
2.000708e-03
2.006249e-03
2.011797e-03
2.017352e-03
2.022916e-03
2.028487e-03
2.034065e-03
2.039652e-03
2.045246e-03
2.050847e-03
2.056457e-03
2.062074e-03
2.067698e-03
2.073330e-03
2.078970e-03
2.084618e-03
2.090273e-03
2.095936e-03
2.101607e-03
2.107285e-03
2.112971e-03
2.118664e-03
2.124365e-03
2.130074e-03
2.135791e-03
2.141515e-03
2.147247e-03
2.152986e-03
2.158733e-03
2.164488e-03
2.170250e-03
2.176021e-03
2.181798e-03
2.187584e-03
2.193377e-03
2.199178e-03
2.204986e-03
2.210802e-03
2.216626e-03
2.222457e-03
2.228296e-03
2.234143e-03
2.239997e-03
2.245859e-03
2.251729e-03
2.257606e-03
2.263491e-03
2.269384e-03
2.275284e-03
2.281192e-03
2.287107e-03
2.293031e-03
2.298962e-03
2.304900e-03
2.310846e-03
2.316800e-03
2.322762e-03
2.328731e-03
2.334708e-03
2.340692e-03
2.346685e-03
2.352684e-03
2.358692e-03
2.364707e-03
2.370730e-03
2.376760e-03
2.382798e-03
2.388844e-03
2.394898e-03
2.400959e-03
2.407027e-03
2.413104e-03
2.419188e-03
2.425280e-03
2.431379e-03
2.437486e-03
2.443601e-03
2.449723e-03
2.455853e-03
2.461991e-03
2.468136e-03
2.474289e-03
2.480450e-03
2.486618e-03
2.492794e-03
2.498978e-03
2.505169e-03
2.511368e-03
2.517574e-03
2.523789e-03
2.530011e-03
2.536240e-03
2.542477e-03
2.548722e-03
2.554975e-03
2.561235e-03
2.567503e-03
2.573778e-03
2.580062e-03
2.586352e-03
2.592651e-03
2.598957e-03
2.605271e-03
2.611592e-03
2.617921e-03
2.624258e-03
2.630603e-03
2.636955e-03
2.643314e-03
2.649682e-03
2.656057e-03
2.662440e-03
2.668830e-03
2.675228e-03
2.681634e-03
2.688047e-03
2.694468e-03
2.700897e-03
2.707333e-03
2.713777e-03
2.720229e-03
2.726688e-03
2.733155e-03
2.739630e-03
2.746112e-03
2.752602e-03
2.759099e-03
2.765605e-03
2.772117e-03
2.778638e-03
2.785166e-03
2.791702e-03
2.798246e-03
2.804797e-03
2.811356e-03
2.817922e-03
2.824496e-03
2.831078e-03
2.837668e-03
2.844265e-03
2.850870e-03
2.857482e-03
2.864102e-03
2.870730e-03
2.877365e-03
2.884008e-03
2.890659e-03
2.897317e-03
2.903984e-03
2.910657e-03
2.917339e-03
2.924028e-03
2.930724e-03
2.937429e-03
2.944141e-03
2.950860e-03
2.957588e-03
2.964323e-03
2.971065e-03
2.977816e-03
2.984574e-03
2.991339e-03
2.998112e-03
3.004893e-03
3.011682e-03
3.018478e-03
3.025282e-03
3.032094e-03
3.038913e-03
3.045740e-03
3.052574e-03
3.059416e-03
3.066266e-03
3.073124e-03
3.079989e-03
3.086862e-03
3.093742e-03
3.100630e-03
3.107526e-03
3.114429e-03
3.121341e-03
3.128259e-03
3.135186e-03
3.142120e-03
3.149062e-03
3.156011e-03
3.162968e-03
3.169933e-03
3.176905e-03
3.183885e-03
3.190873e-03
3.197868e-03
3.204871e-03
3.211882e-03
3.218900e-03
3.225926e-03
3.232960e-03
3.240001e-03
3.247050e-03
3.254106e-03
3.261171e-03
3.268243e-03
3.275322e-03
3.282409e-03
3.289504e-03
3.296607e-03
3.303717e-03
3.310835e-03
3.317960e-03
3.325094e-03
3.332234e-03
3.339383e-03
3.346539e-03
3.353703e-03
3.360874e-03
3.368053e-03
3.375240e-03
3.382435e-03
3.389637e-03
3.396847e-03
3.404064e-03
3.411289e-03
3.418522e-03
3.425762e-03
3.433010e-03
3.440266e-03
3.447529e-03
3.454800e-03
3.462079e-03
3.469365e-03
3.476659e-03
3.483961e-03
3.491270e-03
3.498587e-03
3.505912e-03
3.513244e-03
3.520584e-03
3.527932e-03
3.535287e-03
3.542650e-03
3.550020e-03
3.557399e-03
3.564784e-03
3.572178e-03
3.579579e-03
3.586988e-03
3.594404e-03
3.601829e-03
3.609260e-03
3.616700e-03
3.624147e-03
3.631602e-03
3.639064e-03
3.646534e-03
3.654012e-03
3.661498e-03
3.668991e-03
3.676492e-03
3.684000e-03
3.691516e-03
3.699040e-03
3.706571e-03
3.714110e-03
3.721657e-03
3.729211e-03
3.736773e-03
3.744343e-03
3.751920e-03
3.759505e-03
3.767098e-03
3.774698e-03
3.782306e-03
3.789922e-03
3.797545e-03
3.805176e-03
3.812814e-03
3.820461e-03
3.828115e-03
3.835776e-03
3.843445e-03
3.851122e-03
3.858807e-03
3.866499e-03
3.874199e-03
3.881906e-03
3.889621e-03
3.897344e-03
3.905075e-03
3.912813e-03
3.920559e-03
3.928312e-03
3.936073e-03
3.943842e-03
3.951618e-03
3.959403e-03
3.967194e-03
3.974994e-03
3.982801e-03
3.990615e-03
3.998438e-03
4.006268e-03
4.014106e-03
4.021951e-03
4.029804e-03
4.037665e-03
4.045533e-03
4.053409e-03
4.061292e-03
4.069184e-03
4.077083e-03
4.084989e-03
4.092904e-03
4.100826e-03
4.108755e-03
4.116692e-03
4.124637e-03
4.132590e-03
4.140550e-03
4.148518e-03
4.156493e-03
4.164477e-03
4.172467e-03
4.180466e-03
4.188472e-03
4.196486e-03
4.204507e-03
4.212536e-03
4.220573e-03
4.228618e-03
4.236670e-03
4.244730e-03
4.252797e-03
4.260872e-03
4.268955e-03
4.277045e-03
4.285143e-03
4.293249e-03
4.301362e-03
4.309483e-03
4.317612e-03
4.325748e-03
4.333892e-03
4.342044e-03
4.350203e-03
4.358370e-03
4.366545e-03
4.374727e-03
4.382917e-03
4.391115e-03
4.399320e-03
4.407533e-03
4.415753e-03
4.423982e-03
4.432218e-03
4.440461e-03
4.448712e-03
4.456971e-03
4.465238e-03
4.473512e-03
4.481794e-03
4.490083e-03
4.498380e-03
4.506685e-03
4.514998e-03
4.523318e-03
4.531646e-03
4.539981e-03
4.548324e-03
4.556675e-03
4.565033e-03
4.573399e-03
4.581773e-03
4.590154e-03
4.598543e-03
4.606940e-03
4.615345e-03
4.623757e-03
4.632176e-03
4.640604e-03
4.649039e-03
4.657481e-03
4.665932e-03
4.674389e-03
4.682855e-03
4.691328e-03
4.699809e-03
4.708298e-03
4.716794e-03
4.725298e-03
4.733810e-03
4.742329e-03
4.750856e-03
4.759390e-03
4.767932e-03
4.776482e-03
4.785040e-03
4.793605e-03
4.802178e-03
4.810758e-03
4.819346e-03
4.827942e-03
4.836546e-03
4.845157e-03
4.853776e-03
4.862402e-03
4.871036e-03
4.879678e-03
4.888327e-03
4.896984e-03
4.905649e-03
4.914321e-03
4.923002e-03
4.931689e-03
4.940385e-03
4.949088e-03
4.957798e-03
4.966517e-03
4.975243e-03
4.983976e-03
4.992717e-03
5.001466e-03
5.010223e-03
5.018987e-03
5.027759e-03
5.036539e-03
5.045326e-03
5.054121e-03
5.062924e-03
5.071734e-03
5.080552e-03
5.089377e-03
5.098210e-03
5.107051e-03
5.115900e-03
5.124756e-03
5.133620e-03
5.142491e-03
5.151370e-03
5.160257e-03
5.169152e-03
5.178054e-03
5.186963e-03
5.195881e-03
5.204806e-03
5.213739e-03
5.222679e-03
5.231627e-03
5.240583e-03
5.249546e-03
5.258517e-03
5.267496e-03
5.276482e-03
5.285476e-03
5.294478e-03
5.303487e-03
5.312504e-03
5.321529e-03
5.330561e-03
5.339601e-03
5.348649e-03
5.357704e-03
5.366767e-03
5.375838e-03
5.384916e-03
5.394002e-03
5.403095e-03
5.412196e-03
5.421305e-03
5.430422e-03
5.439546e-03
5.448678e-03
5.457817e-03
5.466965e-03
5.476119e-03
5.485282e-03
5.494452e-03
5.503630e-03
5.512815e-03
5.522008e-03
5.531209e-03
5.540417e-03
5.549634e-03
5.558857e-03
5.568089e-03
5.577328e-03
5.586574e-03
5.595829e-03
5.605091e-03
5.614361e-03
5.623638e-03
5.632923e-03
5.642216e-03
5.651516e-03
5.660824e-03
5.670139e-03
5.679463e-03
5.688794e-03
5.698132e-03
5.707479e-03
5.716832e-03
5.726194e-03
5.735563e-03
5.744940e-03
5.754325e-03
5.763717e-03
5.773117e-03
5.782524e-03
5.791939e-03
5.801362e-03
5.810793e-03
5.820231e-03
5.829677e-03
5.839130e-03
5.848591e-03
5.858060e-03
5.867537e-03
5.877021e-03
5.886512e-03
5.896012e-03
5.905519e-03
5.915034e-03
5.924556e-03
5.934086e-03
5.943624e-03
5.953169e-03
5.962722e-03
5.972283e-03
5.981851e-03
5.991427e-03
6.001011e-03
6.010602e-03
6.020201e-03
6.029808e-03
6.039422e-03
6.049044e-03
6.058674e-03
6.068311e-03
6.077956e-03
6.087608e-03
6.097268e-03
6.106936e-03
6.116612e-03
6.126295e-03
6.135986e-03
6.145684e-03
6.155391e-03
6.165104e-03
6.174826e-03
6.184555e-03
6.194292e-03
6.204036e-03
6.213789e-03
6.223548e-03
6.233316e-03
6.243091e-03
6.252874e-03
6.262664e-03
6.272462e-03
6.282268e-03
6.292081e-03
6.301902e-03
6.311731e-03
6.321567e-03
6.331411e-03
6.341263e-03
6.351122e-03
6.360989e-03
6.370864e-03
6.380746e-03
6.390636e-03
6.400534e-03
6.410439e-03
6.420352e-03
6.430273e-03
6.440201e-03
6.450137e-03
6.460080e-03
6.470031e-03
6.479990e-03
6.489957e-03
6.499931e-03
6.509913e-03
6.519902e-03
6.529900e-03
6.539904e-03
6.549917e-03
6.559937e-03
6.569965e-03
6.580000e-03
6.590043e-03
6.600094e-03
6.610153e-03
6.620219e-03
6.630292e-03
6.640374e-03
6.650463e-03
6.660560e-03
6.670664e-03
6.680776e-03
6.690896e-03
6.701023e-03
6.711158e-03
6.721301e-03
6.731451e-03
6.741609e-03
6.751775e-03
6.761948e-03
6.772129e-03
6.782318e-03
6.792514e-03
6.802718e-03
6.812929e-03
6.823149e-03
6.833375e-03
6.843610e-03
6.853852e-03
6.864102e-03
6.874360e-03
6.884625e-03
6.894898e-03
6.905178e-03
6.915466e-03
6.925762e-03
6.936066e-03
6.946377e-03
6.956696e-03
6.967022e-03
6.977356e-03
6.987698e-03
6.998047e-03
7.008404e-03
7.018769e-03
7.029141e-03
7.039522e-03
7.049909e-03
7.060305e-03
7.070708e-03
7.081118e-03
7.091537e-03
7.101963e-03
7.112396e-03
7.122838e-03
7.133287e-03
7.143743e-03
7.154208e-03
7.164679e-03
7.175159e-03
7.185646e-03
7.196141e-03
7.206644e-03
7.217154e-03
7.227672e-03
7.238198e-03
7.248731e-03
7.259272e-03
7.269820e-03
7.280376e-03
7.290940e-03
7.301512e-03
7.312091e-03
7.322678e-03
7.333272e-03
7.343874e-03
7.354484e-03
7.365101e-03
7.375727e-03
7.386359e-03
7.397000e-03
7.407648e-03
7.418304e-03
7.428967e-03
7.439638e-03
7.450317e-03
7.461003e-03
7.471697e-03
7.482399e-03
7.493108e-03
7.503825e-03
7.514550e-03
7.525282e-03
7.536022e-03
7.546770e-03
7.557525e-03
7.568288e-03
7.579058e-03
7.589837e-03
7.600623e-03
7.611416e-03
7.622217e-03
7.633026e-03
7.643843e-03
7.654667e-03
7.665499e-03
7.676338e-03
7.687186e-03
7.698040e-03
7.708903e-03
7.719773e-03
7.730651e-03
7.741536e-03
7.752429e-03
7.763330e-03
7.774239e-03
7.785155e-03
7.796078e-03
7.807010e-03
7.817949e-03
7.828896e-03
7.839850e-03
7.850812e-03
7.861782e-03
7.872759e-03
7.883744e-03
7.894737e-03
7.905737e-03
7.916745e-03
7.927761e-03
7.938784e-03
7.949815e-03
7.960854e-03
7.971900e-03
7.982954e-03
7.994015e-03
8.005085e-03
8.016162e-03
8.027246e-03
8.038338e-03
8.049438e-03
8.060546e-03
8.071661e-03
8.082784e-03
8.093914e-03
8.105053e-03
8.116198e-03
8.127352e-03
8.138513e-03
8.149682e-03
8.160858e-03
8.172042e-03
8.183234e-03
8.194434e-03
8.205641e-03
8.216855e-03
8.228078e-03
8.239308e-03
8.250546e-03
8.261791e-03
8.273044e-03
8.284305e-03
8.295573e-03
8.306849e-03
8.318133e-03
8.329424e-03
8.340723e-03
8.352030e-03
8.363344e-03
8.374666e-03
8.385996e-03
8.397333e-03
8.408678e-03
8.420030e-03
8.431391e-03
8.442758e-03
8.454134e-03
8.465517e-03
8.476908e-03
8.488307e-03
8.499713e-03
8.511127e-03
8.522548e-03
8.533977e-03
8.545414e-03
8.556859e-03
8.568311e-03
8.579771e-03
8.591238e-03
8.602713e-03
8.614196e-03
8.625686e-03
8.637184e-03
8.648690e-03
8.660204e-03
8.671725e-03
8.683253e-03
8.694790e-03
8.706334e-03
8.717885e-03
8.729445e-03
8.741012e-03
8.752586e-03
8.764169e-03
8.775094e-03
8.785981e-03
8.796830e-03
8.807641e-03
8.818413e-03
8.829147e-03
8.839843e-03
8.850501e-03
8.861121e-03
8.871703e-03
8.882246e-03
8.892751e-03
8.903218e-03
8.913647e-03
8.924038e-03
8.934390e-03
8.944704e-03
8.954980e-03
8.965218e-03
8.975418e-03
8.985579e-03
8.995703e-03
9.005788e-03
9.015835e-03
9.025843e-03
9.035814e-03
9.045746e-03
9.055640e-03
9.065496e-03
9.075314e-03
9.085094e-03
9.094835e-03
9.104539e-03
9.114204e-03
9.123830e-03
9.133419e-03
9.142970e-03
9.152482e-03
9.161956e-03
9.171392e-03
9.180790e-03
9.190149e-03
9.199471e-03
9.208754e-03
9.217999e-03
9.227206e-03
9.236374e-03
9.245505e-03
9.254597e-03
9.263651e-03
9.272667e-03
9.281645e-03
9.290584e-03
9.299486e-03
9.308349e-03
9.317174e-03
9.325960e-03
9.334709e-03
9.343419e-03
9.352092e-03
9.360726e-03
9.369321e-03
9.377879e-03
9.386399e-03
9.394880e-03
9.403323e-03
9.411728e-03
9.420094e-03
9.428423e-03
9.436713e-03
9.444965e-03
9.453179e-03
9.461355e-03
9.469493e-03
9.477592e-03
9.485653e-03
9.493676e-03
9.501661e-03
9.509608e-03
9.517516e-03
9.525387e-03
9.533219e-03
9.541013e-03
9.548768e-03
9.556486e-03
9.564165e-03
9.571806e-03
9.579409e-03
9.586974e-03
9.594501e-03
9.601989e-03
9.609439e-03
9.616851e-03
9.624225e-03
9.631561e-03
9.638858e-03
9.646118e-03
9.653339e-03
9.660522e-03
9.667666e-03
9.674773e-03
9.681841e-03
9.688871e-03
9.695863e-03
9.702817e-03
9.709733e-03
9.716610e-03
9.723449e-03
9.730251e-03
9.737013e-03
9.743738e-03
9.750425e-03
9.757073e-03
9.763683e-03
9.770255e-03
9.776789e-03
9.783284e-03
9.789741e-03
9.796161e-03
9.802542e-03
9.808884e-03
9.815189e-03
9.821455e-03
9.827684e-03
9.833874e-03
9.840026e-03
9.846139e-03
9.852215e-03
9.858252e-03
9.864251e-03
9.870212e-03
9.876135e-03
9.882019e-03
9.887866e-03
9.893674e-03
9.899444e-03
9.905176e-03
9.910869e-03
9.916525e-03
9.922142e-03
9.927721e-03
9.933262e-03
9.938765e-03
9.944229e-03
9.949656e-03
9.955044e-03
9.960394e-03
9.965705e-03
9.970979e-03
9.976214e-03
9.981412e-03
9.986571e-03
9.991691e-03
9.996774e-03
1.000182e-02
1.000682e-02
1.001179e-02
1.001672e-02
1.002161e-02
1.002647e-02
1.003128e-02
1.003606e-02
1.004080e-02
1.004550e-02
1.005016e-02
1.005479e-02
1.005937e-02
1.006392e-02
1.006843e-02
1.007290e-02
1.007734e-02
1.008173e-02
1.008609e-02
1.009041e-02
1.009469e-02
1.009893e-02
1.010314e-02
1.010730e-02
1.011143e-02
1.011552e-02
1.011957e-02
1.012358e-02
1.012756e-02
1.013150e-02
1.013540e-02
1.013926e-02
1.014308e-02
1.014686e-02
1.015061e-02
1.015432e-02
1.015799e-02
1.016162e-02
1.016521e-02
1.016877e-02
1.017228e-02
1.017576e-02
1.017920e-02
1.018260e-02
1.018597e-02
1.018930e-02
1.019258e-02
1.019583e-02
1.019904e-02
1.020222e-02
1.020535e-02
1.020845e-02
1.021151e-02
1.021453e-02
1.021751e-02
1.022046e-02
1.022336e-02
1.022623e-02
1.022906e-02
1.023185e-02
1.023460e-02
1.023732e-02
1.024000e-02
1.024263e-02
1.024523e-02
1.024780e-02
1.025032e-02
1.025281e-02
1.025525e-02
1.025766e-02
1.026004e-02
1.026237e-02
1.026466e-02
1.026692e-02
1.026914e-02
1.027132e-02
1.027346e-02
1.027557e-02
1.027763e-02
1.027966e-02
1.028165e-02
1.028360e-02
1.028551e-02
1.028739e-02
1.028922e-02
1.029102e-02
1.029278e-02
1.029451e-02
1.029619e-02
1.029784e-02
1.029944e-02
1.030101e-02
1.030254e-02
1.030404e-02
1.030549e-02
1.030691e-02
1.030829e-02
1.030963e-02
1.031093e-02
1.031219e-02
1.031342e-02
1.031461e-02
1.031576e-02
1.031687e-02
1.031794e-02
1.031898e-02
1.031997e-02
1.032093e-02
1.032185e-02
1.032273e-02
1.032358e-02
1.032438e-02
1.032515e-02
1.032588e-02
1.032657e-02
1.032722e-02
1.032784e-02
1.032841e-02
1.032895e-02
1.032945e-02
1.032992e-02
1.033034e-02
1.033072e-02
1.033107e-02
1.033138e-02
1.033165e-02
1.033189e-02
1.033208e-02
1.033224e-02
1.033236e-02
1.033244e-02
1.033248e-02
1.033248e-02
1.033245e-02
1.033237e-02
1.033226e-02
1.033211e-02
1.033193e-02
1.033170e-02
1.033144e-02
1.033114e-02
1.033080e-02
1.033042e-02
1.033000e-02
1.032955e-02
1.032906e-02
1.032875e-02
1.032875e-02
1.032875e-02
1.032875e-02
1.032875e-02
1.032875e-02
1.032875e-02
1.032875e-02
1.032875e-02
1.032875e-02
1.032875e-02
1.032875e-02
1.032875e-02
1.032875e-02
1.032875e-02
1.032875e-02
1.032875e-02
1.032875e-02
1.032875e-02
1.032875e-02
1.032875e-02
1.032875e-02
1.032875e-02
1.032875e-02
1.032875e-02
1.032875e-02
1.032875e-02
1.032875e-02
1.032875e-02
1.032875e-02
1.032875e-02
1.032875e-02
1.032875e-02
1.032875e-02
1.032875e-02
1.032875e-02
1.032875e-02
1.032875e-02
1.032875e-02
1.032875e-02
1.032875e-02
1.032875e-02
1.032875e-02
1.032875e-02
1.032875e-02
1.032875e-02
1.032875e-02
1.032875e-02
1.032875e-02
1.032875e-02
1.032875e-02
1.032875e-02
1.032875e-02
1.032875e-02
1.032875e-02
1.032875e-02
1.032875e-02
1.032875e-02
1.032875e-02
1.032875e-02
1.032875e-02
1.032875e-02
1.032875e-02
1.032875e-02
1.032875e-02
1.032875e-02
1.032875e-02
1.032875e-02
1.032875e-02
1.032875e-02
1.032875e-02
1.032875e-02
1.032875e-02
1.032875e-02
1.032875e-02
1.032875e-02
1.032875e-02
1.032875e-02
1.032875e-02
1.032875e-02
1.032875e-02
1.032875e-02
1.032875e-02
1.032875e-02
1.032875e-02
1.032875e-02
1.032875e-02
1.032875e-02
1.032875e-02
1.032875e-02
1.032875e-02
1.032875e-02
1.032875e-02
1.032875e-02
1.032875e-02
1.032875e-02
1.032875e-02
1.032875e-02
1.032875e-02
1.032875e-02
1.032875e-02
1.032875e-02
1.032875e-02
1.032875e-02
1.032875e-02
1.032875e-02
1.032875e-02
1.032875e-02
1.032875e-02
1.032875e-02
1.032875e-02
1.032875e-02
1.032875e-02
1.032875e-02
1.032875e-02
1.032875e-02
1.032875e-02
1.032875e-02
1.032875e-02
1.032875e-02
1.032875e-02
1.032875e-02
1.032875e-02
1.032875e-02
1.032875e-02
1.032875e-02
1.032875e-02
1.032875e-02
1.032875e-02
1.032875e-02
1.032875e-02
1.032875e-02
1.032875e-02
1.032875e-02
1.032875e-02
1.032875e-02
1.032875e-02
1.032875e-02
1.032875e-02
1.032875e-02
1.032875e-02
1.032875e-02
1.032875e-02
1.032875e-02
1.032875e-02
1.032875e-02
1.032875e-02
1.032875e-02
1.032875e-02
1.032875e-02
1.032875e-02
1.032875e-02
1.032875e-02
1.032875e-02
1.032875e-02
1.032875e-02
1.032875e-02
1.032875e-02
1.032875e-02
1.032875e-02
1.032875e-02
1.032875e-02
1.032875e-02
1.032875e-02
1.032875e-02
1.032875e-02
1.032875e-02
1.032875e-02
1.032875e-02
1.032875e-02
1.032875e-02
1.032875e-02
1.032875e-02
1.032875e-02
1.032875e-02
1.032875e-02
1.032875e-02
1.032875e-02
1.032875e-02
1.032875e-02
1.032875e-02
1.032875e-02
1.032875e-02
1.032875e-02
1.032875e-02
1.032875e-02
1.032875e-02
1.032875e-02
1.032875e-02
1.032875e-02
1.032875e-02
1.032875e-02
1.032875e-02
1.032875e-02
1.032875e-02
1.032875e-02
1.032875e-02
1.032875e-02
1.032875e-02
1.032875e-02
1.032875e-02
