0.000000e+00
1.110371e-07
2.296795e-07
3.559271e-07
4.897800e-07
6.312382e-07
7.803017e-07
9.369705e-07
1.101245e-06
1.273124e-06
1.452608e-06
1.639698e-06
1.834394e-06
2.036694e-06
2.246600e-06
2.464111e-06
2.689227e-06
2.921949e-06
3.162275e-06
3.410208e-06
3.665745e-06
3.928888e-06
4.199636e-06
4.477989e-06
4.763947e-06
5.057511e-06
5.358680e-06
5.667455e-06
5.983834e-06
6.307819e-06
6.639409e-06
6.978605e-06
7.325406e-06
7.679812e-06
8.041823e-06
8.411440e-06
8.788661e-06
9.173489e-06
9.565921e-06
9.965959e-06
1.037360e-05
1.078885e-05
1.121170e-05
1.164216e-05
1.208023e-05
1.252590e-05
1.297917e-05
1.344005e-05
1.390854e-05
1.438463e-05
1.486832e-05
1.535962e-05
1.585853e-05
1.636504e-05
1.687916e-05
1.740088e-05
1.793021e-05
1.846714e-05
1.901168e-05
1.956382e-05
2.012357e-05
2.069092e-05
2.126588e-05
2.184845e-05
2.243862e-05
2.303639e-05
2.364177e-05
2.425476e-05
2.487535e-05
2.550355e-05
2.613935e-05
2.678275e-05
2.743377e-05
2.809238e-05
2.875861e-05
2.943243e-05
3.011387e-05
3.080290e-05
3.149955e-05
3.220380e-05
3.291565e-05
3.363511e-05
3.436218e-05
3.509685e-05
3.583912e-05
3.658900e-05
3.734649e-05
3.811158e-05
3.888428e-05
3.966458e-05
4.045248e-05
4.124800e-05
4.205111e-05
4.286184e-05
4.368016e-05
4.450610e-05
4.533964e-05
4.618078e-05
4.702953e-05
4.788588e-05
4.874984e-05
4.962141e-05
5.050058e-05
5.138736e-05
5.228174e-05
5.318372e-05
5.409331e-05
5.501051e-05
5.593531e-05
5.686772e-05
5.780773e-05
5.875535e-05
5.971057e-05
6.067340e-05
6.164384e-05
6.262187e-05
6.360752e-05
6.460077e-05
6.560162e-05
6.661008e-05
6.762615e-05
6.864982e-05
6.968110e-05
7.071998e-05
7.176646e-05
7.282055e-05
7.388225e-05
7.495155e-05
7.602846e-05
7.711297e-05
7.820509e-05
7.930482e-05
8.041215e-05
8.152708e-05
8.264962e-05
8.377976e-05
8.491751e-05
8.606287e-05
8.721583e-05
8.837639e-05
8.954457e-05
9.072034e-05
9.190372e-05
9.309471e-05
9.429330e-05
9.549950e-05
9.671330e-05
9.793471e-05
9.916372e-05
1.004003e-04
1.016446e-04
1.028964e-04
1.041558e-04
1.054229e-04
1.066975e-04
1.079798e-04
1.092696e-04
1.105671e-04
1.118721e-04
1.131848e-04
1.145051e-04
1.158330e-04
1.171685e-04
1.185116e-04
1.198623e-04
1.212206e-04
1.225865e-04
1.239600e-04
1.253411e-04
1.267298e-04
1.281262e-04
1.295301e-04
1.309416e-04
1.323608e-04
1.337875e-04
1.352219e-04
1.366638e-04
1.381134e-04
1.395706e-04
1.410354e-04
1.425077e-04
1.439877e-04
1.454753e-04
1.469705e-04
1.484733e-04
1.499837e-04
1.515017e-04
1.530274e-04
1.545606e-04
1.561014e-04
1.576498e-04
1.592059e-04
1.607695e-04
1.623408e-04
1.639196e-04
1.655061e-04
1.671002e-04
1.687018e-04
1.703111e-04
1.719280e-04
1.735525e-04
1.751846e-04
1.768243e-04
1.784716e-04
1.801265e-04
1.817890e-04
1.834591e-04
1.851368e-04
1.868222e-04
1.885151e-04
1.902157e-04
1.919238e-04
1.936396e-04
1.953629e-04
1.970939e-04
1.988324e-04
2.005786e-04
2.023324e-04
2.040938e-04
2.058628e-04
2.076394e-04
2.094236e-04
2.112154e-04
2.130148e-04
2.148218e-04
2.166364e-04
2.184586e-04
2.202885e-04
2.221259e-04
2.239709e-04
2.258236e-04
2.276838e-04
2.295517e-04
2.314271e-04
2.333102e-04
2.352009e-04
2.370992e-04
2.390050e-04
2.409185e-04
2.428396e-04
2.447683e-04
2.467046e-04
2.486485e-04
2.506001e-04
2.525592e-04
2.545259e-04
2.565002e-04
2.584822e-04
2.604717e-04
2.624689e-04
2.644736e-04
2.664860e-04
2.685059e-04
2.705335e-04
2.725687e-04
2.746114e-04
2.766618e-04
2.787198e-04
2.807854e-04
2.828586e-04
2.849394e-04
2.870278e-04
2.891238e-04
2.912275e-04
2.933387e-04
2.954575e-04
2.975840e-04
2.997180e-04
3.018596e-04
3.040089e-04
3.061658e-04
3.083302e-04
3.105023e-04
3.126820e-04
3.148692e-04
3.170641e-04
3.192666e-04
3.214767e-04
3.236944e-04
3.259197e-04
3.281526e-04
3.303931e-04
3.326413e-04
3.348970e-04
3.371603e-04
3.394312e-04
3.417098e-04
3.439959e-04
3.462897e-04
3.485910e-04
3.509000e-04
3.532166e-04
3.555408e-04
3.578725e-04
3.602119e-04
3.625589e-04
3.649135e-04
3.672757e-04
3.696455e-04
3.720229e-04
3.744079e-04
3.768006e-04
3.792008e-04
3.816086e-04
3.840240e-04
3.864471e-04
3.888777e-04
3.913160e-04
3.937618e-04
3.962153e-04
3.986764e-04
4.011451e-04
4.036213e-04
4.061052e-04
4.085967e-04
4.110958e-04
4.136025e-04
4.161168e-04
4.186387e-04
4.211682e-04
4.237054e-04
4.262501e-04
4.288024e-04
4.313623e-04
4.339299e-04
4.365050e-04
4.390878e-04
4.416782e-04
4.442761e-04
4.468817e-04
4.494949e-04
4.521156e-04
4.547440e-04
4.573800e-04
4.600236e-04
4.626748e-04
4.653336e-04
4.680000e-04
4.706740e-04
4.733557e-04
4.760449e-04
4.787417e-04
4.814462e-04
4.841582e-04
4.868779e-04
4.896051e-04
4.923400e-04
4.950824e-04
4.978325e-04
5.005902e-04
5.033554e-04
5.061283e-04
5.089088e-04
5.116969e-04
5.144926e-04
5.172959e-04
5.201068e-04
5.229254e-04
5.257515e-04
5.285852e-04
5.314265e-04
5.342755e-04
5.371320e-04
5.399962e-04
5.428679e-04
5.457473e-04
5.486342e-04
5.515288e-04
5.544310e-04
5.573408e-04
5.602582e-04
5.631831e-04
5.661157e-04
5.690559e-04
5.720037e-04
5.749592e-04
5.779222e-04
5.808928e-04
5.838710e-04
5.868569e-04
5.898503e-04
5.928513e-04
5.958600e-04
5.988762e-04
6.019001e-04
6.049316e-04
6.079706e-04
6.110173e-04
6.140716e-04
6.171335e-04
6.202030e-04
6.232801e-04
6.263648e-04
6.294571e-04
6.325570e-04
6.356645e-04
6.387796e-04
6.419024e-04
6.450327e-04
6.481706e-04
6.513162e-04
6.544693e-04
6.576301e-04
6.607984e-04
6.639744e-04
6.671580e-04
6.703491e-04
6.735479e-04
6.767543e-04
6.799683e-04
6.831899e-04
6.864191e-04
6.896559e-04
6.929003e-04
6.961523e-04
6.994120e-04
7.026792e-04
7.059540e-04
7.092365e-04
7.125265e-04
7.158242e-04
7.191294e-04
7.224423e-04
7.257627e-04
7.290908e-04
7.324265e-04
7.357698e-04
7.391206e-04
7.424791e-04
7.458452e-04
7.492189e-04
7.526002e-04
7.559892e-04
7.593857e-04
7.627898e-04
7.662015e-04
7.696209e-04
7.730478e-04
7.764823e-04
7.799245e-04
7.833742e-04
7.868316e-04
7.902966e-04
7.937691e-04
7.972493e-04
8.007371e-04
8.042325e-04
8.077355e-04
8.112461e-04
8.147643e-04
8.182901e-04
8.218235e-04
8.253645e-04
8.289131e-04
8.324694e-04
8.360332e-04
8.396046e-04
8.431837e-04
8.467703e-04
8.503646e-04
8.539665e-04
8.575759e-04
8.611930e-04
8.648177e-04
8.684500e-04
8.720898e-04
8.757373e-04
8.793924e-04
8.830551e-04
8.867254e-04
8.904034e-04
8.940889e-04
8.977820e-04
9.014827e-04
9.051911e-04
9.089070e-04
9.126305e-04
9.163617e-04
9.201005e-04
9.238468e-04
9.276008e-04
9.313623e-04
9.351315e-04
9.389083e-04
9.426927e-04
9.464847e-04
9.502843e-04
9.540915e-04
9.579063e-04
9.617287e-04
9.655587e-04
9.693964e-04
9.732416e-04
9.770944e-04
9.809549e-04
9.848229e-04
9.886986e-04
9.925818e-04
9.964727e-04
1.000371e-03
1.004277e-03
1.008191e-03
1.012112e-03
1.016041e-03
1.019978e-03
1.023922e-03
1.027873e-03
1.031833e-03
1.035800e-03
1.039774e-03
1.043756e-03
1.047746e-03
1.051743e-03
1.055748e-03
1.059761e-03
1.063781e-03
1.067809e-03
1.071844e-03
1.075887e-03
1.079938e-03
1.083996e-03
1.088062e-03
1.092135e-03
1.096216e-03
1.100305e-03
1.104401e-03
1.108505e-03
1.112616e-03
1.116735e-03
1.120862e-03
1.124996e-03
1.129138e-03
1.133287e-03
1.137444e-03
1.141609e-03
1.145781e-03
1.149961e-03
1.154148e-03
1.158343e-03
1.162546e-03
1.166756e-03
1.170974e-03
1.175200e-03
1.179433e-03
1.183674e-03
1.187922e-03
1.192178e-03
1.196441e-03
1.200712e-03
1.204991e-03
1.209278e-03
1.213571e-03
1.217873e-03
1.222182e-03
1.226499e-03
1.230823e-03
1.235155e-03
1.239495e-03
1.243842e-03
1.248197e-03
1.252559e-03
1.256929e-03
1.261307e-03
1.265692e-03
1.270085e-03
1.274485e-03
1.278893e-03
1.283309e-03
1.287732e-03
1.292163e-03
1.296601e-03
1.301047e-03
1.305501e-03
1.309962e-03
1.314431e-03
1.318908e-03
1.323392e-03
1.327883e-03
1.332383e-03
1.336890e-03
1.341404e-03
1.345926e-03
1.350456e-03
1.354993e-03
1.359538e-03
1.364091e-03
1.368651e-03
1.373218e-03
1.377794e-03
1.382377e-03
1.386967e-03
1.391565e-03
1.396171e-03
1.400785e-03
1.405406e-03
1.410034e-03
1.414670e-03
1.419314e-03
1.423965e-03
1.428624e-03
1.433291e-03
1.437965e-03
1.442647e-03
1.447336e-03
1.452033e-03
1.456738e-03
1.461450e-03
1.466170e-03
1.470898e-03
1.475633e-03
1.480375e-03
1.485126e-03
1.489883e-03
1.494649e-03
1.499422e-03
1.504203e-03
1.508991e-03
1.513787e-03
1.518590e-03
1.523401e-03
1.528220e-03
1.533046e-03
1.537880e-03
1.542722e-03
1.547571e-03
1.552428e-03
1.557292e-03
1.562164e-03
1.567044e-03
1.571931e-03
1.576825e-03
1.581728e-03
1.586638e-03
1.591555e-03
1.596481e-03
1.601413e-03
1.606354e-03
1.611302e-03
1.616257e-03
1.621221e-03
1.626191e-03
1.631170e-03
1.636156e-03
1.641149e-03
1.646151e-03
1.651160e-03
1.656176e-03
1.661200e-03
1.666232e-03
1.671271e-03
1.676318e-03
1.681372e-03
1.686434e-03
1.691504e-03
1.696581e-03
1.701666e-03
1.706759e-03
1.711859e-03
1.716966e-03
1.722082e-03
1.727205e-03
1.732335e-03
1.737473e-03
1.742619e-03
1.747772e-03
1.752933e-03
1.758102e-03
1.763278e-03
1.768462e-03
1.773653e-03
1.778852e-03
1.784059e-03
1.789273e-03
1.794495e-03
1.799724e-03
1.804961e-03
1.810206e-03
1.815458e-03
1.820718e-03
1.825985e-03
1.831260e-03
1.836543e-03
1.841833e-03
1.847131e-03
1.852436e-03
1.857749e-03
1.863070e-03
1.868398e-03
1.873734e-03
1.879078e-03
1.884429e-03
1.889787e-03
1.895154e-03
1.900528e-03
1.905909e-03
1.911298e-03
1.916695e-03
1.922099e-03
1.927511e-03
1.932931e-03
1.938358e-03
1.943792e-03
1.949235e-03
1.954685e-03
1.960142e-03
1.965607e-03
1.971080e-03
1.976561e-03
1.982048e-03
1.987544e-03
1.993047e-03
1.998558e-03
2.004076e-03
2.009602e-03
2.015136e-03
2.020677e-03
2.026226e-03
2.031782e-03
2.037346e-03
2.042918e-03
2.048497e-03
2.054084e-03
2.059679e-03
2.065281e-03
2.070890e-03
2.076508e-03
2.082132e-03
2.087765e-03
2.093405e-03
2.099053e-03
2.104708e-03
2.110371e-03
2.116041e-03
2.121719e-03
2.127405e-03
2.133098e-03
2.138799e-03
2.144508e-03
2.150224e-03
2.155948e-03
2.161679e-03
2.167418e-03
2.173165e-03
2.178919e-03
2.184681e-03
2.190450e-03
2.196227e-03
2.202011e-03
2.207804e-03
2.213603e-03
2.219411e-03
2.225226e-03
2.231048e-03
2.236879e-03
2.242716e-03
2.248562e-03
2.254415e-03
2.260275e-03
2.266144e-03
2.272020e-03
2.277903e-03
2.283794e-03
2.289693e-03
2.295599e-03
2.301513e-03
2.307434e-03
2.313363e-03
2.319300e-03
2.325244e-03
2.331196e-03
2.337156e-03
2.343123e-03
2.349098e-03
2.355080e-03
2.361070e-03
2.367067e-03
2.373072e-03
2.379085e-03
2.385106e-03
2.391133e-03
2.397169e-03
2.403212e-03
2.409263e-03
2.415321e-03
2.421387e-03
2.427461e-03
2.433542e-03
2.439631e-03
2.445727e-03
2.451831e-03
2.457943e-03
2.464062e-03
2.470189e-03
2.476323e-03
2.482465e-03
2.488615e-03
2.494772e-03
2.500937e-03
2.507109e-03
2.513289e-03
2.519477e-03
2.525672e-03
2.531875e-03
2.538086e-03
2.544304e-03
2.550529e-03
2.556763e-03
2.563004e-03
2.569252e-03
2.575508e-03
2.581772e-03
2.588043e-03
2.594322e-03
2.600609e-03
2.606903e-03
2.613205e-03
2.619514e-03
2.625831e-03
2.632155e-03
2.638488e-03
2.644827e-03
2.651175e-03
2.657530e-03
2.663892e-03
2.670262e-03
2.676640e-03
2.683026e-03
2.689419e-03
2.695819e-03
2.702227e-03
2.708643e-03
2.715067e-03
2.721498e-03
2.727936e-03
2.734383e-03
2.740836e-03
2.747298e-03
2.753767e-03
2.760244e-03
2.766728e-03
2.773220e-03
2.779719e-03
2.786226e-03
2.792741e-03
2.799263e-03
2.805793e-03
2.812331e-03
2.818876e-03
2.825428e-03
2.831989e-03
2.838557e-03
2.845132e-03
2.851715e-03
2.858306e-03
2.864904e-03
2.871510e-03
2.878124e-03
2.884745e-03
2.891374e-03
2.898010e-03
2.904654e-03
2.911306e-03
2.917965e-03
2.924632e-03
2.931306e-03
2.937988e-03
2.944678e-03
2.951375e-03
2.958080e-03
2.964792e-03
2.971512e-03
2.978240e-03
2.984975e-03
2.991718e-03
2.998468e-03
3.005226e-03
3.011992e-03
3.018765e-03
3.025546e-03
3.032335e-03
3.039131e-03
3.045934e-03
3.052746e-03
3.059565e-03
3.066391e-03
3.073225e-03
3.080067e-03
3.086916e-03
3.093773e-03
3.100638e-03
3.107510e-03
3.114389e-03
3.121277e-03
3.128172e-03
3.135074e-03
3.141984e-03
3.148902e-03
3.155828e-03
3.162761e-03
3.169701e-03
3.176649e-03
3.183605e-03
3.190569e-03
3.197540e-03
3.204518e-03
3.211504e-03
3.218498e-03
3.225500e-03
3.232509e-03
3.239525e-03
3.246549e-03
3.253581e-03
3.260621e-03
3.267668e-03
3.274722e-03
3.281785e-03
3.288855e-03
3.295932e-03
3.303017e-03
3.310110e-03
3.317210e-03
3.324318e-03
3.331434e-03
3.338557e-03
3.345687e-03
3.352826e-03
3.359972e-03
3.367125e-03
3.374286e-03
3.381455e-03
3.388631e-03
3.395815e-03
3.403007e-03
3.410206e-03
3.417413e-03
3.424627e-03
3.431849e-03
3.439079e-03
3.446316e-03
3.453561e-03
3.460813e-03
3.468073e-03
3.475341e-03
3.482616e-03
3.489899e-03
3.497189e-03
3.504487e-03
3.511793e-03
3.519106e-03
3.526427e-03
3.533755e-03
3.541091e-03
3.548435e-03
3.555786e-03
3.563145e-03
3.570512e-03
3.577886e-03
3.585267e-03
3.592657e-03
3.600054e-03
3.607458e-03
3.614870e-03
3.622290e-03
3.629717e-03
3.637152e-03
3.644595e-03
3.652045e-03
3.659502e-03
3.666968e-03
3.674441e-03
3.681921e-03
3.689409e-03
3.696905e-03
3.704409e-03
3.711920e-03
3.719438e-03
3.726964e-03
3.734498e-03
3.742040e-03
3.749589e-03
3.757145e-03
3.764709e-03
3.772281e-03
3.779861e-03
3.787448e-03
3.795042e-03
3.802645e-03
3.810254e-03
3.817872e-03
3.825497e-03
3.833130e-03
3.840770e-03
3.848418e-03
3.856073e-03
3.863736e-03
3.871407e-03
3.879085e-03
3.886771e-03
3.894465e-03
3.902166e-03
3.909874e-03
3.917591e-03
3.925315e-03
3.933046e-03
3.940785e-03
3.948532e-03
3.956286e-03
3.964048e-03
3.971818e-03
3.979595e-03
3.987380e-03
3.995172e-03
4.002972e-03
4.010780e-03
4.018595e-03
4.026418e-03
4.034248e-03
4.042086e-03
4.049932e-03
4.057785e-03
4.065646e-03
4.073514e-03
4.081390e-03
4.089274e-03
4.097165e-03
4.105064e-03
4.112970e-03
4.120884e-03
4.128806e-03
4.136735e-03
4.144672e-03
4.152617e-03
4.160569e-03
4.168528e-03
4.176496e-03
4.184471e-03
4.192453e-03
4.200443e-03
4.208441e-03
4.216446e-03
4.224459e-03
4.232480e-03
4.240508e-03
4.248544e-03
4.256587e-03
4.264638e-03
4.272696e-03
4.280763e-03
4.288836e-03
4.296918e-03
4.305007e-03
4.313103e-03
4.321207e-03
4.329319e-03
4.337439e-03
4.345566e-03
4.353700e-03
4.361842e-03
4.369992e-03
4.378150e-03
4.386315e-03
4.394487e-03
4.402668e-03
4.410855e-03
4.419051e-03
4.427254e-03
4.435465e-03
4.443683e-03
4.451909e-03
4.460142e-03
4.468383e-03
4.476632e-03
4.484888e-03
4.493152e-03
4.501424e-03
4.509703e-03
4.517990e-03
4.526284e-03
4.534586e-03
4.542895e-03
4.551212e-03
4.559537e-03
4.567870e-03
4.576209e-03
4.584557e-03
4.592912e-03
4.601275e-03
4.609645e-03
4.618023e-03
4.626409e-03
4.634802e-03
4.643203e-03
4.651611e-03
4.660027e-03
4.668451e-03
4.676882e-03
4.685321e-03
4.693767e-03
4.702221e-03
4.710683e-03
4.719152e-03
4.727629e-03
4.736114e-03
4.744606e-03
4.753105e-03
4.761613e-03
4.770127e-03
4.778650e-03
4.787180e-03
4.795718e-03
4.804263e-03
4.812816e-03
4.821376e-03
4.829944e-03
4.838520e-03
4.847103e-03
4.855694e-03
4.864293e-03
4.872899e-03
4.881513e-03
4.890134e-03
4.898763e-03
4.907400e-03
4.916044e-03
4.924696e-03
4.933355e-03
4.942022e-03
4.950696e-03
4.959379e-03
4.968068e-03
4.976766e-03
4.985471e-03
4.994183e-03
5.002904e-03
5.011632e-03
5.020367e-03
5.029110e-03
5.037861e-03
5.046619e-03
5.055385e-03
5.064158e-03
5.072939e-03
5.081728e-03
5.090524e-03
5.099328e-03
5.108139e-03
5.116959e-03
5.125785e-03
5.134620e-03
5.143461e-03
5.152311e-03
5.161168e-03
5.170033e-03
5.178905e-03
5.187785e-03
5.196673e-03
5.205568e-03
5.214470e-03
5.223381e-03
5.232299e-03
5.241224e-03
5.250157e-03
5.259098e-03
5.268047e-03
5.277003e-03
5.285966e-03
5.294937e-03
5.303916e-03
5.312903e-03
5.321897e-03
5.330898e-03
5.339907e-03
5.348924e-03
5.357949e-03
5.366981e-03
5.376020e-03
5.385067e-03
5.394122e-03
5.403185e-03
5.412255e-03
5.421333e-03
5.430418e-03
5.439511e-03
5.448611e-03
5.457719e-03
5.466835e-03
5.475958e-03
5.485089e-03
5.494228e-03
5.503374e-03
5.512527e-03
5.521689e-03
5.530858e-03
5.540034e-03
5.549218e-03
5.558410e-03
5.567609e-03
5.576816e-03
5.586031e-03
5.595253e-03
5.604483e-03
5.613720e-03
5.622965e-03
5.632218e-03
5.641478e-03
5.650746e-03
5.660021e-03
5.669304e-03
5.678595e-03
5.687893e-03
5.697199e-03
5.706512e-03
5.715833e-03
5.725162e-03
5.734498e-03
5.743842e-03
5.753193e-03
5.762553e-03
5.771919e-03
5.781293e-03
5.790675e-03
5.800065e-03
5.809462e-03
5.818867e-03
5.828279e-03
5.837699e-03
5.847126e-03
5.856561e-03
5.866004e-03
5.875454e-03
5.884912e-03
5.894378e-03
5.903851e-03
5.913332e-03
5.922820e-03
5.932316e-03
5.941820e-03
5.951331e-03
5.960850e-03
5.970376e-03
5.979910e-03
5.989451e-03
5.999001e-03
6.008557e-03
6.018122e-03
6.027694e-03
6.037273e-03
6.046861e-03
6.056456e-03
6.066058e-03
6.075668e-03
6.085286e-03
6.094911e-03
6.104544e-03
6.114184e-03
6.123832e-03
6.133488e-03
6.143151e-03
6.152822e-03
6.162500e-03
6.172187e-03
6.181880e-03
6.191582e-03
6.201290e-03
6.211007e-03
6.220731e-03
6.230463e-03
6.240202e-03
6.249949e-03
6.259704e-03
6.269466e-03
6.279235e-03
6.289013e-03
6.298798e-03
6.308590e-03
6.318390e-03
6.328198e-03
6.338014e-03
6.347837e-03
6.357667e-03
6.367505e-03
6.377351e-03
6.387205e-03
6.397066e-03
6.406934e-03
6.416810e-03
6.426694e-03
6.436586e-03
6.446485e-03
6.456391e-03
6.466306e-03
6.476227e-03
6.486157e-03
6.496094e-03
6.506039e-03
6.515991e-03
6.525951e-03
6.535918e-03
6.545893e-03
6.555876e-03
6.565866e-03
6.575864e-03
6.585870e-03
6.595883e-03
6.605904e-03
6.615932e-03
6.625968e-03
6.636011e-03
6.646062e-03
6.656121e-03
6.666188e-03
6.676261e-03
6.686343e-03
6.696432e-03
6.706529e-03
6.716633e-03
6.726745e-03
6.736865e-03
6.746992e-03
6.757127e-03
6.767269e-03
6.777419e-03
6.787577e-03
6.797742e-03
6.807915e-03
6.818095e-03
6.828283e-03
6.838479e-03
6.848682e-03
6.858893e-03
6.869112e-03
6.879338e-03
6.889571e-03
6.899813e-03
6.910061e-03
6.920318e-03
6.930582e-03
6.940854e-03
6.951133e-03
6.961420e-03
6.971714e-03
6.982017e-03
6.992326e-03
7.002644e-03
7.012969e-03
7.023301e-03
7.033641e-03
7.043989e-03
7.054344e-03
7.064707e-03
7.075078e-03
7.085456e-03
7.095842e-03
7.106235e-03
7.116636e-03
7.127045e-03
7.137461e-03
7.147885e-03
7.158316e-03
7.168755e-03
7.179202e-03
7.189656e-03
7.200118e-03
7.210587e-03
7.221064e-03
7.231549e-03
7.242041e-03
7.252541e-03
7.263048e-03
7.273563e-03
7.284086e-03
7.294616e-03
7.305154e-03
7.315700e-03
7.326253e-03
7.336814e-03
7.347382e-03
7.357958e-03
7.368541e-03
7.379132e-03
7.389731e-03
7.400337e-03
7.410951e-03
7.421573e-03
7.432202e-03
7.442839e-03
7.453483e-03
7.464135e-03
7.474795e-03
7.485462e-03
7.496137e-03
7.506819e-03
7.517509e-03
7.528206e-03
7.538912e-03
7.549624e-03
7.560345e-03
7.571073e-03
7.581808e-03
7.592552e-03
7.603303e-03
7.614061e-03
7.624827e-03
7.635601e-03
7.646382e-03
7.657171e-03
7.667967e-03
7.678771e-03
7.689583e-03
7.700402e-03
7.711229e-03
7.722064e-03
7.732906e-03
7.743755e-03
7.754613e-03
7.765478e-03
7.776350e-03
7.787230e-03
7.798118e-03
7.809013e-03
7.819916e-03
7.830827e-03
7.841745e-03
7.852671e-03
7.863604e-03
7.874545e-03
7.885493e-03
7.896450e-03
7.907413e-03
7.918385e-03
7.929364e-03
7.940350e-03
7.951344e-03
7.962346e-03
7.973356e-03
7.984373e-03
7.995397e-03
8.006430e-03
8.017469e-03
8.028517e-03
8.039572e-03
8.050634e-03
8.061705e-03
8.072783e-03
8.083868e-03
8.094961e-03
8.106062e-03
8.117170e-03
8.128286e-03
8.139409e-03
8.150540e-03
8.161679e-03
8.172825e-03
8.183979e-03
8.195141e-03
8.206310e-03
8.217487e-03
8.228671e-03
8.239863e-03
8.251062e-03
8.262270e-03
8.273484e-03
8.284707e-03
8.295937e-03
8.307174e-03
8.318419e-03
8.329672e-03
8.340933e-03
8.352201e-03
8.363476e-03
8.374759e-03
8.386050e-03
8.397348e-03
8.408655e-03
8.419968e-03
8.431289e-03
8.442618e-03
8.453955e-03
8.465299e-03
8.476650e-03
8.488010e-03
8.499376e-03
8.510751e-03
8.522133e-03
8.533523e-03
8.544920e-03
8.556325e-03
8.567737e-03
8.579157e-03
8.590585e-03
8.602020e-03
8.613463e-03
8.624914e-03
8.636372e-03
8.647838e-03
8.659311e-03
8.670792e-03
8.682280e-03
8.693776e-03
8.705280e-03
8.716127e-03
8.726935e-03
8.737706e-03
8.748439e-03
8.759134e-03
8.769791e-03
8.780410e-03
8.790991e-03
8.801534e-03
8.812040e-03
8.822507e-03
8.832936e-03
8.843328e-03
8.853681e-03
8.863997e-03
8.874275e-03
8.884515e-03
8.894717e-03
8.904880e-03
8.915006e-03
8.925095e-03
8.935145e-03
8.945157e-03
8.955131e-03
8.965068e-03
8.974966e-03
8.984827e-03
8.994649e-03
9.004434e-03
9.014181e-03
9.023890e-03
9.033561e-03
9.043194e-03
9.052789e-03
9.062346e-03
9.071865e-03
9.081346e-03
9.090790e-03
9.100195e-03
9.109563e-03
9.118892e-03
9.128184e-03
9.137438e-03
9.146653e-03
9.155831e-03
9.164971e-03
9.174073e-03
9.183137e-03
9.192164e-03
9.201152e-03
9.210102e-03
9.219015e-03
9.227889e-03
9.236726e-03
9.245524e-03
9.254285e-03
9.263008e-03
9.271693e-03
9.280340e-03
9.288949e-03
9.297520e-03
9.306053e-03
9.314548e-03
9.323005e-03
9.331425e-03
9.339806e-03
9.348150e-03
9.356455e-03
9.364723e-03
9.372953e-03
9.381145e-03
9.389299e-03
9.397415e-03
9.405493e-03
9.413533e-03
9.421535e-03
9.429499e-03
9.437426e-03
9.445314e-03
9.453165e-03
9.460977e-03
9.468752e-03
9.476488e-03
9.484187e-03
9.491848e-03
9.499471e-03
9.507056e-03
9.514603e-03
9.522112e-03
9.529584e-03
9.537017e-03
9.544412e-03
9.551770e-03
9.559089e-03
9.566371e-03
9.573615e-03
9.580821e-03
9.587988e-03
9.595118e-03
9.602210e-03
9.609264e-03
9.616280e-03
9.623259e-03
9.630199e-03
9.637101e-03
9.643966e-03
9.650792e-03
9.657581e-03
9.664332e-03
9.671044e-03
9.677719e-03
9.684356e-03
9.690955e-03
9.697516e-03
9.704039e-03
9.710524e-03
9.716972e-03
9.723381e-03
9.729752e-03
9.736086e-03
9.742381e-03
9.748639e-03
9.754859e-03
9.761041e-03
9.767184e-03
9.773290e-03
9.779358e-03
9.785388e-03
9.791381e-03
9.797335e-03
9.803251e-03
9.809130e-03
9.814970e-03
9.820773e-03
9.826537e-03
9.832264e-03
9.837953e-03
9.843603e-03
9.849216e-03
9.854791e-03
9.860328e-03
9.865828e-03
9.871289e-03
9.876712e-03
9.882097e-03
9.887445e-03
9.892754e-03
9.898026e-03
9.903260e-03
9.908455e-03
9.913613e-03
9.918733e-03
9.923815e-03
9.928859e-03
9.933865e-03
9.938833e-03
9.943764e-03
9.948656e-03
9.953510e-03
9.958327e-03
9.963105e-03
9.967846e-03
9.972549e-03
9.977213e-03
9.981840e-03
9.986429e-03
9.990980e-03
9.995493e-03
9.999968e-03
1.000441e-02
1.000880e-02
1.001317e-02
1.001749e-02
1.002178e-02
1.002602e-02
1.003023e-02
1.003440e-02
1.003854e-02
1.004263e-02
1.004669e-02
1.005071e-02
1.005469e-02
1.005864e-02
1.006254e-02
1.006641e-02
1.007024e-02
1.007404e-02
1.007779e-02
1.008151e-02
1.008519e-02
1.008883e-02
1.009243e-02
1.009599e-02
1.009952e-02
1.010301e-02
1.010646e-02
1.010987e-02
1.011325e-02
1.011659e-02
1.011989e-02
1.012315e-02
1.012637e-02
1.012956e-02
1.013271e-02
1.013582e-02
1.013889e-02
1.014192e-02
1.014492e-02
1.014788e-02
1.015080e-02
1.015368e-02
1.015652e-02
1.015933e-02
1.016210e-02
1.016483e-02
1.016752e-02
1.017018e-02
1.017279e-02
1.017537e-02
1.017791e-02
1.018041e-02
1.018288e-02
1.018531e-02
1.018770e-02
1.019005e-02
1.019236e-02
1.019464e-02
1.019687e-02
1.019907e-02
1.020124e-02
1.020336e-02
1.020545e-02
1.020749e-02
1.020950e-02
1.021148e-02
1.021341e-02
1.021531e-02
1.021716e-02
1.021898e-02
1.022077e-02
1.022251e-02
1.022422e-02
1.022589e-02
1.022752e-02
1.022911e-02
1.023067e-02
1.023218e-02
1.023366e-02
1.023510e-02
1.023651e-02
1.023787e-02
1.023920e-02
1.024049e-02
1.024174e-02
1.024295e-02
1.024413e-02
1.024527e-02
1.024637e-02
1.024743e-02
1.024845e-02
1.024944e-02
1.025039e-02
1.025130e-02
1.025217e-02
1.025300e-02
1.025380e-02
1.025456e-02
1.025528e-02
1.025596e-02
1.025661e-02
1.025721e-02
1.025778e-02
1.025831e-02
1.025880e-02
1.025926e-02
1.025968e-02
1.026006e-02
1.026040e-02
1.026070e-02
1.026097e-02
1.026119e-02
1.026138e-02
1.026153e-02
1.026165e-02
1.026172e-02
1.026176e-02
1.026176e-02
1.026172e-02
1.026165e-02
1.026153e-02
1.026138e-02
1.026119e-02
1.026097e-02
1.026070e-02
1.026040e-02
1.026006e-02
1.025968e-02
1.025926e-02
1.025880e-02
1.025831e-02
1.025800e-02
1.025800e-02
1.025800e-02
1.025800e-02
1.025800e-02
1.025800e-02
1.025800e-02
1.025800e-02
1.025800e-02
1.025800e-02
1.025800e-02
1.025800e-02
1.025800e-02
1.025800e-02
1.025800e-02
1.025800e-02
1.025800e-02
1.025800e-02
1.025800e-02
1.025800e-02
1.025800e-02
1.025800e-02
1.025800e-02
1.025800e-02
1.025800e-02
1.025800e-02
1.025800e-02
1.025800e-02
1.025800e-02
1.025800e-02
1.025800e-02
1.025800e-02
1.025800e-02
1.025800e-02
1.025800e-02
1.025800e-02
1.025800e-02
1.025800e-02
1.025800e-02
1.025800e-02
1.025800e-02
1.025800e-02
1.025800e-02
1.025800e-02
1.025800e-02
1.025800e-02
1.025800e-02
1.025800e-02
1.025800e-02
1.025800e-02
1.025800e-02
1.025800e-02
1.025800e-02
1.025800e-02
1.025800e-02
1.025800e-02
1.025800e-02
1.025800e-02
1.025800e-02
1.025800e-02
1.025800e-02
1.025800e-02
1.025800e-02
1.025800e-02
1.025800e-02
1.025800e-02
1.025800e-02
1.025800e-02
1.025800e-02
1.025800e-02
1.025800e-02
1.025800e-02
1.025800e-02
1.025800e-02
1.025800e-02
1.025800e-02
1.025800e-02
1.025800e-02
1.025800e-02
1.025800e-02
1.025800e-02
1.025800e-02
1.025800e-02
1.025800e-02
1.025800e-02
1.025800e-02
1.025800e-02
1.025800e-02
1.025800e-02
1.025800e-02
1.025800e-02
1.025800e-02
1.025800e-02
1.025800e-02
1.025800e-02
1.025800e-02
1.025800e-02
1.025800e-02
1.025800e-02
1.025800e-02
1.025800e-02
1.025800e-02
1.025800e-02
1.025800e-02
1.025800e-02
1.025800e-02
1.025800e-02
1.025800e-02
1.025800e-02
1.025800e-02
1.025800e-02
1.025800e-02
1.025800e-02
1.025800e-02
1.025800e-02
1.025800e-02
1.025800e-02
1.025800e-02
1.025800e-02
1.025800e-02
1.025800e-02
1.025800e-02
1.025800e-02
1.025800e-02
1.025800e-02
1.025800e-02
1.025800e-02
1.025800e-02
1.025800e-02
1.025800e-02
1.025800e-02
1.025800e-02
1.025800e-02
1.025800e-02
1.025800e-02
1.025800e-02
1.025800e-02
1.025800e-02
1.025800e-02
1.025800e-02
1.025800e-02
1.025800e-02
1.025800e-02
1.025800e-02
1.025800e-02
1.025800e-02
1.025800e-02
1.025800e-02
1.025800e-02
1.025800e-02
1.025800e-02
1.025800e-02
1.025800e-02
1.025800e-02
1.025800e-02
1.025800e-02
1.025800e-02
1.025800e-02
1.025800e-02
1.025800e-02
1.025800e-02
1.025800e-02
1.025800e-02
1.025800e-02
1.025800e-02
1.025800e-02
1.025800e-02
1.025800e-02
1.025800e-02
1.025800e-02
1.025800e-02
1.025800e-02
1.025800e-02
1.025800e-02
1.025800e-02
1.025800e-02
1.025800e-02
1.025800e-02
1.025800e-02
1.025800e-02
1.025800e-02
1.025800e-02
1.025800e-02
1.025800e-02
1.025800e-02
1.025800e-02
1.025800e-02
1.025800e-02
1.025800e-02
1.025800e-02
1.025800e-02
1.025800e-02
1.025800e-02
1.025800e-02
1.025800e-02
1.025800e-02
1.025800e-02
1.025800e-02
1.025800e-02
1.025800e-02
1.025800e-02
