0.000000e+00
1.110371e-07
2.291466e-07
3.543285e-07
4.865829e-07
6.259097e-07
7.723089e-07
9.257805e-07
1.086325e-06
1.253941e-06
1.428630e-06
1.610391e-06
1.799225e-06
1.995131e-06
2.198110e-06
2.408161e-06
2.625284e-06
2.849480e-06
3.080749e-06
3.319089e-06
3.564503e-06
3.816988e-06
4.076546e-06
4.343177e-06
4.616880e-06
4.897655e-06
5.185503e-06
5.480423e-06
5.782415e-06
6.091480e-06
6.407618e-06
6.730828e-06
7.061110e-06
7.398465e-06
7.742892e-06
8.094391e-06
8.452963e-06
8.818608e-06
9.191325e-06
9.571114e-06
9.957976e-06
1.035191e-05
1.075292e-05
1.116100e-05
1.157615e-05
1.199837e-05
1.242767e-05
1.286404e-05
1.330748e-05
1.375799e-05
1.421558e-05
1.468023e-05
1.515197e-05
1.563077e-05
1.611664e-05
1.660959e-05
1.710961e-05
1.761671e-05
1.813087e-05
1.865211e-05
1.918042e-05
1.971580e-05
2.025826e-05
2.080778e-05
2.136438e-05
2.192806e-05
2.249880e-05
2.307662e-05
2.366151e-05
2.425347e-05
2.485250e-05
2.545861e-05
2.607179e-05
2.669204e-05
2.731937e-05
2.795376e-05
2.859523e-05
2.924377e-05
2.989939e-05
3.056207e-05
3.123183e-05
3.190866e-05
3.259257e-05
3.328354e-05
3.398159e-05
3.468671e-05
3.539891e-05
3.611817e-05
3.684451e-05
3.757792e-05
3.831840e-05
3.906596e-05
3.982059e-05
4.058229e-05
4.135106e-05
4.212690e-05
4.290982e-05
4.369981e-05
4.449687e-05
4.530101e-05
4.611222e-05
4.693050e-05
4.775585e-05
4.858827e-05
4.942777e-05
5.027434e-05
5.112798e-05
5.198870e-05
5.285648e-05
5.373134e-05
5.461327e-05
5.550228e-05
5.639835e-05
5.730150e-05
5.821172e-05
5.912902e-05
6.005338e-05
6.098482e-05
6.192333e-05
6.286892e-05
6.382157e-05
6.478130e-05
6.574810e-05
6.672197e-05
6.770292e-05
6.869094e-05
6.968603e-05
7.068819e-05
7.169742e-05
7.271373e-05
7.373711e-05
7.476756e-05
7.580509e-05
7.684969e-05
7.790136e-05
7.896010e-05
8.002591e-05
8.109880e-05
8.217876e-05
8.326579e-05
8.435990e-05
8.546107e-05
8.656932e-05
8.768464e-05
8.880704e-05
8.993650e-05
9.107304e-05
9.221665e-05
9.336734e-05
9.452509e-05
9.568992e-05
9.686182e-05
9.804080e-05
9.922684e-05
1.004200e-04
1.016202e-04
1.028274e-04
1.040417e-04
1.052632e-04
1.064916e-04
1.077272e-04
1.089698e-04
1.102195e-04
1.114763e-04
1.127401e-04
1.140110e-04
1.152890e-04
1.165741e-04
1.178662e-04
1.191654e-04
1.204717e-04
1.217851e-04
1.231055e-04
1.244330e-04
1.257675e-04
1.271092e-04
1.284579e-04
1.298137e-04
1.311765e-04
1.325465e-04
1.339235e-04
1.353075e-04
1.366987e-04
1.380969e-04
1.395022e-04
1.409145e-04
1.423340e-04
1.437605e-04
1.451941e-04
1.466347e-04
1.480825e-04
1.495373e-04
1.509991e-04
1.524681e-04
1.539441e-04
1.554272e-04
1.569173e-04
1.584146e-04
1.599189e-04
1.614302e-04
1.629487e-04
1.644742e-04
1.660068e-04
1.675465e-04
1.690932e-04
1.706470e-04
1.722079e-04
1.737759e-04
1.753509e-04
1.769330e-04
1.785222e-04
1.801184e-04
1.817217e-04
1.833321e-04
1.849496e-04
1.865741e-04
1.882057e-04
1.898444e-04
1.914902e-04
1.931430e-04
1.948029e-04
1.964699e-04
1.981439e-04
1.998250e-04
2.015132e-04
2.032085e-04
2.049108e-04
2.066202e-04
2.083367e-04
2.100602e-04
2.117909e-04
2.135286e-04
2.152733e-04
2.170252e-04
2.187841e-04
2.205501e-04
2.223231e-04
2.241033e-04
2.258905e-04
2.276847e-04
2.294861e-04
2.312945e-04
2.331100e-04
2.349326e-04
2.367622e-04
2.385989e-04
2.404427e-04
2.422935e-04
2.441515e-04
2.460165e-04
2.478885e-04
2.497677e-04
2.516539e-04
2.535472e-04
2.554475e-04
2.573550e-04
2.592695e-04
2.611911e-04
2.631197e-04
2.650554e-04
2.669982e-04
2.689481e-04
2.709050e-04
2.728690e-04
2.748401e-04
2.768183e-04
2.788035e-04
2.807958e-04
2.827952e-04
2.848016e-04
2.868152e-04
2.888358e-04
2.908634e-04
2.928982e-04
2.949400e-04
2.969888e-04
2.990448e-04
3.011078e-04
3.031779e-04
3.052551e-04
3.073393e-04
3.094307e-04
3.115290e-04
3.136345e-04
3.157470e-04
3.178666e-04
3.199933e-04
3.221271e-04
3.242679e-04
3.264158e-04
3.285708e-04
3.307328e-04
3.329019e-04
3.350781e-04
3.372614e-04
3.394517e-04
3.416491e-04
3.438536e-04
3.460651e-04
3.482837e-04
3.505094e-04
3.527422e-04
3.549820e-04
3.572289e-04
3.594829e-04
3.617440e-04
3.640121e-04
3.662873e-04
3.685696e-04
3.708589e-04
3.731553e-04
3.754588e-04
3.777694e-04
3.800870e-04
3.824117e-04
3.847435e-04
3.870824e-04
3.894283e-04
3.917813e-04
3.941413e-04
3.965085e-04
3.988827e-04
4.012640e-04
4.036523e-04
4.060478e-04
4.084503e-04
4.108599e-04
4.132765e-04
4.157002e-04
4.181310e-04
4.205689e-04
4.230138e-04
4.254658e-04
4.279249e-04
4.303911e-04
4.328643e-04
4.353446e-04
4.378320e-04
4.403264e-04
4.428279e-04
4.453365e-04
4.478522e-04
4.503749e-04
4.529047e-04
4.554416e-04
4.579855e-04
4.605366e-04
4.630947e-04
4.656598e-04
4.682321e-04
4.708114e-04
4.733978e-04
4.759912e-04
4.785918e-04
4.811994e-04
4.838140e-04
4.864358e-04
4.890646e-04
4.917005e-04
4.943435e-04
4.969935e-04
4.996506e-04
5.023148e-04
5.049861e-04
5.076644e-04
5.103498e-04
5.130423e-04
5.157418e-04
5.184484e-04
5.211621e-04
5.238829e-04
5.266107e-04
5.293456e-04
5.320876e-04
5.348366e-04
5.375928e-04
5.403560e-04
5.431262e-04
5.459036e-04
5.486880e-04
5.514795e-04
5.542780e-04
5.570837e-04
5.598964e-04
5.627162e-04
5.655430e-04
5.683769e-04
5.712179e-04
5.740660e-04
5.769211e-04
5.797833e-04
5.826526e-04
5.855290e-04
5.884124e-04
5.913029e-04
5.942005e-04
5.971051e-04
6.000168e-04
6.029356e-04
6.058615e-04
6.087944e-04
6.117344e-04
6.146815e-04
6.176357e-04
6.205969e-04
6.235652e-04
6.265406e-04
6.295230e-04
6.325125e-04
6.355091e-04
6.385128e-04
6.415235e-04
6.445413e-04
6.475662e-04
6.505981e-04
6.536371e-04
6.566832e-04
6.597364e-04
6.627966e-04
6.658639e-04
6.689383e-04
6.720198e-04
6.751083e-04
6.782039e-04
6.813066e-04
6.844163e-04
6.875332e-04
6.906570e-04
6.937880e-04
6.969260e-04
7.000711e-04
7.032233e-04
7.063826e-04
7.095489e-04
7.127223e-04
7.159028e-04
7.190903e-04
7.222849e-04
7.254866e-04
7.286954e-04
7.319112e-04
7.351341e-04
7.383641e-04
7.416011e-04
7.448453e-04
7.480965e-04
7.513547e-04
7.546201e-04
7.578925e-04
7.611720e-04
7.644585e-04
7.677521e-04
7.710528e-04
7.743606e-04
7.776755e-04
7.809974e-04
7.843264e-04
7.876624e-04
7.910056e-04
7.943558e-04
7.977131e-04
8.010774e-04
8.044488e-04
8.078273e-04
8.112129e-04
8.146055e-04
8.180053e-04
8.214121e-04
8.248259e-04
8.282468e-04
8.316748e-04
8.351099e-04
8.385521e-04
8.420013e-04
8.454576e-04
8.489210e-04
8.523914e-04
8.558689e-04
8.593535e-04
8.628452e-04
8.663439e-04
8.698497e-04
8.733626e-04
8.768825e-04
8.804095e-04
8.839436e-04
8.874848e-04
8.910330e-04
8.945883e-04
8.981507e-04
9.017202e-04
9.052967e-04
9.088803e-04
9.124710e-04
9.160687e-04
9.196735e-04
9.232854e-04
9.269044e-04
9.305304e-04
9.341635e-04
9.378037e-04
9.414509e-04
9.451052e-04
9.487666e-04
9.524351e-04
9.561106e-04
9.597933e-04
9.634829e-04
9.671797e-04
9.708835e-04
9.745944e-04
9.783124e-04
9.820375e-04
9.857696e-04
9.895088e-04
9.932550e-04
9.970084e-04
1.000769e-03
1.004536e-03
1.008311e-03
1.012092e-03
1.015881e-03
1.019677e-03
1.023480e-03
1.027290e-03
1.031107e-03
1.034931e-03
1.038762e-03
1.042600e-03
1.046445e-03
1.050298e-03
1.054157e-03
1.058024e-03
1.061897e-03
1.065778e-03
1.069666e-03
1.073560e-03
1.077462e-03
1.081371e-03
1.085287e-03
1.089210e-03
1.093140e-03
1.097078e-03
1.101022e-03
1.104973e-03
1.108932e-03
1.112897e-03
1.116870e-03
1.120849e-03
1.124836e-03
1.128830e-03
1.132831e-03
1.136839e-03
1.140854e-03
1.144876e-03
1.148905e-03
1.152941e-03
1.156985e-03
1.161035e-03
1.165092e-03
1.169157e-03
1.173228e-03
1.177307e-03
1.181393e-03
1.185486e-03
1.189586e-03
1.193693e-03
1.197807e-03
1.201928e-03
1.206056e-03
1.210191e-03
1.214333e-03
1.218483e-03
1.222639e-03
1.226803e-03
1.230973e-03
1.235151e-03
1.239336e-03
1.243528e-03
1.247727e-03
1.251933e-03
1.256146e-03
1.260366e-03
1.264593e-03
1.268827e-03
1.273068e-03
1.277317e-03
1.281572e-03
1.285835e-03
1.290105e-03
1.294381e-03
1.298665e-03
1.302956e-03
1.307254e-03
1.311559e-03
1.315871e-03
1.320190e-03
1.324516e-03
1.328849e-03
1.333190e-03
1.337537e-03
1.341892e-03
1.346253e-03
1.350622e-03
1.354998e-03
1.359380e-03
1.363770e-03
1.368167e-03
1.372571e-03
1.376982e-03
1.381400e-03
1.385826e-03
1.390258e-03
1.394697e-03
1.399144e-03
1.403597e-03
1.408058e-03
1.412525e-03
1.417000e-03
1.421482e-03
1.425971e-03
1.430467e-03
1.434970e-03
1.439480e-03
1.443997e-03
1.448521e-03
1.453053e-03
1.457591e-03
1.462136e-03
1.466689e-03
1.471248e-03
1.475815e-03
1.480389e-03
1.484970e-03
1.489558e-03
1.494153e-03
1.498755e-03
1.503364e-03
1.507980e-03
1.512603e-03
1.517233e-03
1.521871e-03
1.526515e-03
1.531167e-03
1.535825e-03
1.540491e-03
1.545164e-03
1.549844e-03
1.554531e-03
1.559224e-03
1.563926e-03
1.568634e-03
1.573349e-03
1.578071e-03
1.582800e-03
1.587537e-03
1.592280e-03
1.597031e-03
1.601788e-03
1.606553e-03
1.611325e-03
1.616104e-03
1.620890e-03
1.625683e-03
1.630483e-03
1.635290e-03
1.640104e-03
1.644925e-03
1.649754e-03
1.654589e-03
1.659432e-03
1.664281e-03
1.669138e-03
1.674001e-03
1.678872e-03
1.683750e-03
1.688635e-03
1.693527e-03
1.698426e-03
1.703332e-03
1.708245e-03
1.713166e-03
1.718093e-03
1.723028e-03
1.727969e-03
1.732918e-03
1.737873e-03
1.742836e-03
1.747806e-03
1.752783e-03
1.757767e-03
1.762758e-03
1.767756e-03
1.772761e-03
1.777773e-03
1.782792e-03
1.787819e-03
1.792852e-03
1.797893e-03
1.802940e-03
1.807995e-03
1.813057e-03
1.818125e-03
1.823201e-03
1.828284e-03
1.833374e-03
1.838471e-03
1.843576e-03
1.848687e-03
1.853805e-03
1.858931e-03
1.864063e-03
1.869203e-03
1.874349e-03
1.879503e-03
1.884664e-03
1.889831e-03
1.895006e-03
1.900188e-03
1.905377e-03
1.910573e-03
1.915777e-03
1.920987e-03
1.926204e-03
1.931429e-03
1.936660e-03
1.941899e-03
1.947144e-03
1.952397e-03
1.957657e-03
1.962924e-03
1.968197e-03
1.973478e-03
1.978766e-03
1.984062e-03
1.989364e-03
1.994673e-03
1.999989e-03
2.005313e-03
2.010643e-03
2.015981e-03
2.021325e-03
2.026677e-03
2.032036e-03
2.037402e-03
2.042775e-03
2.048155e-03
2.053542e-03
2.058936e-03
2.064337e-03
2.069745e-03
2.075161e-03
2.080583e-03
2.086013e-03
2.091449e-03
2.096893e-03
2.102344e-03
2.107801e-03
2.113266e-03
2.118738e-03
2.124217e-03
2.129703e-03
2.135196e-03
2.140697e-03
2.146204e-03
2.151718e-03
2.157240e-03
2.162768e-03
2.168304e-03
2.173847e-03
2.179396e-03
2.184953e-03
2.190517e-03
2.196088e-03
2.201666e-03
2.207251e-03
2.212843e-03
2.218442e-03
2.224049e-03
2.229662e-03
2.235283e-03
2.240910e-03
2.246545e-03
2.252186e-03
2.257835e-03
2.263491e-03
2.269154e-03
2.274824e-03
2.280501e-03
2.286185e-03
2.291876e-03
2.297574e-03
2.303280e-03
2.308992e-03
2.314712e-03
2.320438e-03
2.326172e-03
2.331912e-03
2.337660e-03
2.343415e-03
2.349177e-03
2.354946e-03
2.360722e-03
2.366505e-03
2.372295e-03
2.378093e-03
2.383897e-03
2.389708e-03
2.395527e-03
2.401352e-03
2.407185e-03
2.413025e-03
2.418871e-03
2.424725e-03
2.430586e-03
2.436454e-03
2.442329e-03
2.448211e-03
2.454101e-03
2.459997e-03
2.465900e-03
2.471811e-03
2.477728e-03
2.483653e-03
2.489584e-03
2.495523e-03
2.501469e-03
2.507422e-03
2.513382e-03
2.519349e-03
2.525323e-03
2.531304e-03
2.537292e-03
2.543287e-03
2.549290e-03
2.555299e-03
2.561316e-03
2.567339e-03
2.573370e-03
2.579408e-03
2.585453e-03
2.591504e-03
2.597563e-03
2.603629e-03
2.609703e-03
2.615783e-03
2.621870e-03
2.627964e-03
2.634066e-03
2.640174e-03
2.646290e-03
2.652412e-03
2.658542e-03
2.664679e-03
2.670822e-03
2.676973e-03
2.683131e-03
2.689296e-03
2.695468e-03
2.701648e-03
2.707834e-03
2.714027e-03
2.720228e-03
2.726435e-03
2.732650e-03
2.738871e-03
2.745100e-03
2.751336e-03
2.757578e-03
2.763828e-03
2.770085e-03
2.776349e-03
2.782621e-03
2.788899e-03
2.795184e-03
2.801476e-03
2.807776e-03
2.814082e-03
2.820396e-03
2.826716e-03
2.833044e-03
2.839379e-03
2.845721e-03
2.852070e-03
2.858426e-03
2.864789e-03
2.871159e-03
2.877536e-03
2.883920e-03
2.890312e-03
2.896710e-03
2.903116e-03
2.909528e-03
2.915948e-03
2.922374e-03
2.928808e-03
2.935249e-03
2.941697e-03
2.948152e-03
2.954614e-03
2.961083e-03
2.967559e-03
2.974043e-03
2.980533e-03
2.987031e-03
2.993535e-03
3.000047e-03
3.006565e-03
3.013091e-03
3.019624e-03
3.026164e-03
3.032711e-03
3.039265e-03
3.045826e-03
3.052394e-03
3.058969e-03
3.065551e-03
3.072141e-03
3.078737e-03
3.085341e-03
3.091951e-03
3.098569e-03
3.105194e-03
3.111826e-03
3.118465e-03
3.125111e-03
3.131764e-03
3.138424e-03
3.145091e-03
3.151765e-03
3.158446e-03
3.165135e-03
3.171830e-03
3.178533e-03
3.185242e-03
3.191959e-03
3.198683e-03
3.205414e-03
3.212152e-03
3.218897e-03
3.225649e-03
3.232408e-03
3.239174e-03
3.245947e-03
3.252727e-03
3.259515e-03
3.266309e-03
3.273111e-03
3.279920e-03
3.286735e-03
3.293558e-03
3.300388e-03
3.307225e-03
3.314069e-03
3.320920e-03
3.327778e-03
3.334643e-03
3.341515e-03
3.348395e-03
3.355281e-03
3.362175e-03
3.369075e-03
3.375983e-03
3.382898e-03
3.389819e-03
3.396748e-03
3.403684e-03
3.410627e-03
3.417577e-03
3.424534e-03
3.431499e-03
3.438470e-03
3.445448e-03
3.452434e-03
3.459426e-03
3.466426e-03
3.473432e-03
3.480446e-03
3.487467e-03
3.494495e-03
3.501530e-03
3.508572e-03
3.515621e-03
3.522677e-03
3.529740e-03
3.536811e-03
3.543888e-03
3.550972e-03
3.558064e-03
3.565163e-03
3.572268e-03
3.579381e-03
3.586501e-03
3.593628e-03
3.600762e-03
3.607903e-03
3.615051e-03
3.622206e-03
3.629368e-03
3.636537e-03
3.643714e-03
3.650897e-03
3.658088e-03
3.665285e-03
3.672490e-03
3.679702e-03
3.686921e-03
3.694147e-03
3.701380e-03
3.708620e-03
3.715867e-03
3.723121e-03
3.730382e-03
3.737650e-03
3.744926e-03
3.752208e-03
3.759498e-03
3.766795e-03
3.774098e-03
3.781409e-03
3.788727e-03
3.796052e-03
3.803384e-03
3.810723e-03
3.818069e-03
3.825422e-03
3.832782e-03
3.840150e-03
3.847524e-03
3.854906e-03
3.862294e-03
3.869690e-03
3.877093e-03
3.884502e-03
3.891919e-03
3.899343e-03
3.906774e-03
3.914212e-03
3.921657e-03
3.929110e-03
3.936569e-03
3.944035e-03
3.951509e-03
3.958989e-03
3.966477e-03
3.973971e-03
3.981473e-03
3.988982e-03
3.996498e-03
4.004021e-03
4.011551e-03
4.019088e-03
4.026632e-03
4.034183e-03
4.041741e-03
4.049307e-03
4.056879e-03
4.064459e-03
4.072045e-03
4.079639e-03
4.087240e-03
4.094848e-03
4.102462e-03
4.110084e-03
4.117713e-03
4.125350e-03
4.132993e-03
4.140643e-03
4.148300e-03
4.155965e-03
4.163636e-03
4.171315e-03
4.179000e-03
4.186693e-03
4.194393e-03
4.202100e-03
4.209813e-03
4.217534e-03
4.225262e-03
4.232998e-03
4.240740e-03
4.248489e-03
4.256245e-03
4.264009e-03
4.271779e-03
4.279557e-03
4.287341e-03
4.295133e-03
4.302932e-03
4.310738e-03
4.318551e-03
4.326371e-03
4.334198e-03
4.342032e-03
4.349873e-03
4.357721e-03
4.365577e-03
4.373439e-03
4.381308e-03
4.389185e-03
4.397069e-03
4.404959e-03
4.412857e-03
4.420762e-03
4.428674e-03
4.436593e-03
4.444519e-03
4.452452e-03
4.460392e-03
4.468340e-03
4.476294e-03
4.484255e-03
4.492224e-03
4.500199e-03
4.508182e-03
4.516172e-03
4.524169e-03
4.532172e-03
4.540183e-03
4.548201e-03
4.556226e-03
4.564259e-03
4.572298e-03
4.580344e-03
4.588398e-03
4.596458e-03
4.604526e-03
4.612600e-03
4.620682e-03
4.628770e-03
4.636866e-03
4.644969e-03
4.653079e-03
4.661196e-03
4.669320e-03
4.677451e-03
4.685590e-03
4.693735e-03
4.701887e-03
4.710047e-03
4.718213e-03
4.726387e-03
4.734568e-03
4.742755e-03
4.750950e-03
4.759152e-03
4.767361e-03
4.775577e-03
4.783800e-03
4.792030e-03
4.800268e-03
4.808512e-03
4.816763e-03
4.825022e-03
4.833287e-03
4.841560e-03
4.849840e-03
4.858126e-03
4.866420e-03
4.874721e-03
4.883029e-03
4.891344e-03
4.899666e-03
4.907996e-03
4.916332e-03
4.924675e-03
4.933026e-03
4.941383e-03
4.949748e-03
4.958119e-03
4.966498e-03
4.974884e-03
4.983277e-03
4.991676e-03
5.000083e-03
5.008498e-03
5.016919e-03
5.025347e-03
5.033782e-03
5.042225e-03
5.050674e-03
5.059130e-03
5.067594e-03
5.076065e-03
5.084542e-03
5.093027e-03
5.101519e-03
5.110018e-03
5.118524e-03
5.127037e-03
5.135557e-03
5.144084e-03
5.152619e-03
5.161160e-03
5.169709e-03
5.178264e-03
5.186827e-03
5.195396e-03
5.203973e-03
5.212557e-03
5.221148e-03
5.229746e-03
5.238351e-03
5.246963e-03
5.255582e-03
5.264208e-03
5.272841e-03
5.281482e-03
5.290129e-03
5.298784e-03
5.307445e-03
5.316114e-03
5.324790e-03
5.333473e-03
5.342163e-03
5.350860e-03
5.359564e-03
5.368275e-03
5.376993e-03
5.385718e-03
5.394450e-03
5.403190e-03
5.411936e-03
5.420690e-03
5.429450e-03
5.438218e-03
5.446993e-03
5.455775e-03
5.464564e-03
5.473360e-03
5.482163e-03
5.490973e-03
5.499790e-03
5.508614e-03
5.517446e-03
5.526284e-03
5.535129e-03
5.543982e-03
5.552842e-03
5.561708e-03
5.570582e-03
5.579463e-03
5.588351e-03
5.597246e-03
5.606148e-03
5.615057e-03
5.623973e-03
5.632897e-03
5.641827e-03
5.650764e-03
5.659709e-03
5.668660e-03
5.677619e-03
5.686585e-03
5.695558e-03
5.704537e-03
5.713524e-03
5.722518e-03
5.731519e-03
5.740528e-03
5.749543e-03
5.758565e-03
5.767594e-03
5.776631e-03
5.785674e-03
5.794725e-03
5.803783e-03
5.812847e-03
5.821919e-03
5.830998e-03
5.840084e-03
5.849177e-03
5.858277e-03
5.867384e-03
5.876498e-03
5.885620e-03
5.894748e-03
5.903884e-03
5.913026e-03
5.922176e-03
5.931332e-03
5.940496e-03
5.949667e-03
5.958845e-03
5.968030e-03
5.977222e-03
5.986421e-03
5.995627e-03
6.004840e-03
6.014061e-03
6.023288e-03
6.032523e-03
6.041764e-03
6.051013e-03
6.060268e-03
6.069531e-03
6.078801e-03
6.088078e-03
6.097362e-03
6.106653e-03
6.115951e-03
6.125256e-03
6.134568e-03
6.143888e-03
6.153214e-03
6.162548e-03
6.171888e-03
6.181236e-03
6.190591e-03
6.199952e-03
6.209321e-03
6.218697e-03
6.228080e-03
6.237470e-03
6.246867e-03
6.256271e-03
6.265683e-03
6.275101e-03
6.284527e-03
6.293959e-03
6.303399e-03
6.312845e-03
6.322299e-03
6.331760e-03
6.341228e-03
6.350703e-03
6.360185e-03
6.369674e-03
6.379170e-03
6.388673e-03
6.398183e-03
6.407701e-03
6.417225e-03
6.426757e-03
6.436295e-03
6.445841e-03
6.455394e-03
6.464953e-03
6.474520e-03
6.484094e-03
6.493675e-03
6.503263e-03
6.512858e-03
6.522461e-03
6.532070e-03
6.541686e-03
6.551310e-03
6.560940e-03
6.570578e-03
6.580223e-03
6.589874e-03
6.599533e-03
6.609199e-03
6.618872e-03
6.628552e-03
6.638239e-03
6.647933e-03
6.657634e-03
6.667343e-03
6.677058e-03
6.686781e-03
6.696510e-03
6.706247e-03
6.715990e-03
6.725741e-03
6.735499e-03
6.745264e-03
6.755036e-03
6.764815e-03
6.774601e-03
6.784394e-03
6.794195e-03
6.804002e-03
6.813816e-03
6.823638e-03
6.833466e-03
6.843302e-03
6.853145e-03
6.862994e-03
6.872851e-03
6.882715e-03
6.892586e-03
6.902464e-03
6.912349e-03
6.922242e-03
6.932141e-03
6.942047e-03
6.951961e-03
6.961881e-03
6.971809e-03
6.981743e-03
6.991685e-03
7.001634e-03
7.011590e-03
7.021553e-03
7.031523e-03
7.041500e-03
7.051484e-03
7.061475e-03
7.071473e-03
7.081479e-03
7.091491e-03
7.101511e-03
7.111537e-03
7.121571e-03
7.131611e-03
7.141659e-03
7.151714e-03
7.161776e-03
7.171845e-03
7.181921e-03
7.192004e-03
7.202095e-03
7.212192e-03
7.222296e-03
7.232408e-03
7.242526e-03
7.252652e-03
7.262784e-03
7.272924e-03
7.283071e-03
7.293225e-03
7.303386e-03
7.313554e-03
7.323729e-03
7.333911e-03
7.344100e-03
7.354297e-03
7.364500e-03
7.374711e-03
7.384928e-03
7.395153e-03
7.405384e-03
7.415623e-03
7.425869e-03
7.436122e-03
7.446382e-03
7.456649e-03
7.466923e-03
7.477204e-03
7.487492e-03
7.497788e-03
7.508090e-03
7.518400e-03
7.528716e-03
7.539040e-03
7.549370e-03
7.559708e-03
7.570053e-03
7.580405e-03
7.590764e-03
7.601130e-03
7.611503e-03
7.621883e-03
7.632271e-03
7.642665e-03
7.653066e-03
7.663475e-03
7.673890e-03
7.684313e-03
7.694743e-03
7.705180e-03
7.715623e-03
7.726074e-03
7.736532e-03
7.746997e-03
7.757470e-03
7.767949e-03
7.778435e-03
7.788928e-03
7.799429e-03
7.809936e-03
7.820451e-03
7.830973e-03
7.841501e-03
7.852037e-03
7.862580e-03
7.873130e-03
7.883687e-03
7.894251e-03
7.904822e-03
7.915400e-03
7.925986e-03
7.936578e-03
7.947177e-03
7.957784e-03
7.968398e-03
7.979018e-03
7.989646e-03
8.000281e-03
8.010923e-03
8.021572e-03
8.032228e-03
8.042891e-03
8.053561e-03
8.064238e-03
8.074922e-03
8.085614e-03
8.096312e-03
8.107018e-03
8.117066e-03
8.127078e-03
8.137056e-03
8.146998e-03
8.156904e-03
8.166776e-03
8.176612e-03
8.186413e-03
8.196179e-03
8.205909e-03
8.215605e-03
8.225264e-03
8.234889e-03
8.244478e-03
8.254033e-03
8.263551e-03
8.273035e-03
8.282483e-03
8.291896e-03
8.301274e-03
8.310617e-03
8.319924e-03
8.329196e-03
8.338432e-03
8.347634e-03
8.356800e-03
8.365931e-03
8.375026e-03
8.384087e-03
8.393112e-03
8.402102e-03
8.411056e-03
8.419976e-03
8.428860e-03
8.437708e-03
8.446522e-03
8.455300e-03
8.464043e-03
8.472751e-03
8.481423e-03
8.490060e-03
8.498662e-03
8.507229e-03
8.515760e-03
8.524256e-03
8.532717e-03
8.541142e-03
8.549532e-03
8.557887e-03
8.566207e-03
8.574492e-03
8.582741e-03
8.590955e-03
8.599133e-03
8.607277e-03
8.615385e-03
8.623458e-03
8.631495e-03
8.639498e-03
8.647465e-03
8.655396e-03
8.663293e-03
8.671154e-03
8.678980e-03
8.686771e-03
8.694526e-03
8.702246e-03
8.709931e-03
8.717581e-03
8.725195e-03
8.732774e-03
8.740318e-03
8.747827e-03
8.755300e-03
8.762738e-03
8.770141e-03
8.777508e-03
8.784840e-03
8.792137e-03
8.799399e-03
8.806625e-03
8.813817e-03
8.820972e-03
8.828093e-03
8.835178e-03
8.842228e-03
8.849243e-03
8.856223e-03
8.863167e-03
8.870076e-03
8.876950e-03
8.883788e-03
8.890591e-03
8.897359e-03
8.904092e-03
8.910789e-03
8.917451e-03
8.924078e-03
8.930670e-03
8.937226e-03
8.943747e-03
8.950233e-03
8.956683e-03
8.963099e-03
8.969479e-03
8.975823e-03
8.982133e-03
8.988407e-03
8.994646e-03
9.000850e-03
9.007018e-03
9.013151e-03
9.019249e-03
9.025311e-03
9.031339e-03
9.037331e-03
9.043287e-03
9.049209e-03
9.055095e-03
9.060946e-03
9.066762e-03
9.072542e-03
9.078287e-03
9.083997e-03
9.089672e-03
9.095311e-03
9.100915e-03
9.106484e-03
9.112018e-03
9.117516e-03
9.122979e-03
9.128407e-03
9.133799e-03
9.139156e-03
9.144478e-03
9.149765e-03
9.155016e-03
9.160232e-03
9.165413e-03
9.170559e-03
9.175669e-03
9.180744e-03
9.185784e-03
9.190788e-03
9.195758e-03
9.200692e-03
9.205590e-03
9.210454e-03
9.215282e-03
9.220075e-03
9.224832e-03
9.229555e-03
9.234242e-03
9.238894e-03
9.243510e-03
9.248092e-03
9.252638e-03
9.257148e-03
9.261624e-03
9.266064e-03
9.270469e-03
9.274839e-03
9.279173e-03
9.283472e-03
9.287736e-03
9.291965e-03
9.296158e-03
9.300316e-03
9.304439e-03
9.308527e-03
9.312579e-03
9.316596e-03
9.320578e-03
9.324524e-03
9.328435e-03
9.332311e-03
9.336152e-03
9.339957e-03
9.343727e-03
9.347462e-03
9.351162e-03
9.354826e-03
9.358455e-03
9.362049e-03
9.365607e-03
9.369131e-03
9.372619e-03
9.376071e-03
9.379489e-03
9.382871e-03
9.386218e-03
9.389530e-03
9.392806e-03
9.396047e-03
9.399253e-03
9.402423e-03
9.405559e-03
9.408659e-03
9.411724e-03
9.414753e-03
9.417747e-03
9.420706e-03
9.423630e-03
9.426518e-03
9.429372e-03
9.432189e-03
9.434972e-03
9.437719e-03
9.440431e-03
9.443108e-03
9.445750e-03
9.448356e-03
9.450927e-03
9.453463e-03
9.455963e-03
9.458429e-03
9.460858e-03
9.463253e-03
9.465613e-03
9.467937e-03
9.470226e-03
9.472479e-03
9.474697e-03
9.476881e-03
9.479028e-03
9.481141e-03
9.483218e-03
9.485260e-03
9.487267e-03
9.489238e-03
9.491174e-03
9.493075e-03
9.494941e-03
9.496771e-03
9.498567e-03
9.500326e-03
9.502051e-03
9.503740e-03
9.505394e-03
9.507013e-03
9.508597e-03
9.510145e-03
9.511658e-03
9.513135e-03
9.514578e-03
9.515985e-03
9.517357e-03
9.518694e-03
9.519995e-03
9.521261e-03
9.522492e-03
9.523687e-03
9.524848e-03
9.525973e-03
9.527062e-03
9.528117e-03
9.529136e-03
9.530120e-03
9.531069e-03
9.531982e-03
9.532860e-03
9.533703e-03
9.534511e-03
9.535283e-03
9.536020e-03
9.536722e-03
9.537388e-03
9.538020e-03
9.538616e-03
9.539176e-03
9.539702e-03
9.540192e-03
9.540647e-03
9.541067e-03
9.541451e-03
9.541800e-03
9.542114e-03
9.542393e-03
9.542636e-03
9.542844e-03
9.543017e-03
9.543154e-03
9.543256e-03
9.543323e-03
9.543355e-03
9.543352e-03
9.543313e-03
9.543239e-03
9.543129e-03
9.542985e-03
9.542805e-03
9.542590e-03
9.542339e-03
9.542053e-03
9.541732e-03
9.541376e-03
9.540985e-03
9.540558e-03
9.540096e-03
9.539599e-03
9.539288e-03
9.539288e-03
9.539288e-03
9.539288e-03
9.539288e-03
9.539288e-03
9.539288e-03
9.539288e-03
9.539288e-03
9.539288e-03
9.539288e-03
9.539288e-03
9.539288e-03
9.539288e-03
9.539288e-03
9.539288e-03
9.539288e-03
9.539288e-03
9.539288e-03
9.539288e-03
9.539288e-03
9.539288e-03
9.539288e-03
9.539288e-03
9.539288e-03
9.539288e-03
9.539288e-03
9.539288e-03
9.539288e-03
9.539288e-03
9.539288e-03
9.539288e-03
9.539288e-03
9.539288e-03
9.539288e-03
9.539288e-03
9.539288e-03
9.539288e-03
9.539288e-03
9.539288e-03
9.539288e-03
9.539288e-03
9.539288e-03
9.539288e-03
9.539288e-03
9.539288e-03
9.539288e-03
9.539288e-03
9.539288e-03
9.539288e-03
9.539288e-03
9.539288e-03
9.539288e-03
9.539288e-03
9.539288e-03
9.539288e-03
9.539288e-03
9.539288e-03
9.539288e-03
9.539288e-03
9.539288e-03
9.539288e-03
9.539288e-03
9.539288e-03
9.539288e-03
9.539288e-03
9.539288e-03
9.539288e-03
9.539288e-03
9.539288e-03
9.539288e-03
9.539288e-03
9.539288e-03
9.539288e-03
9.539288e-03
9.539288e-03
9.539288e-03
9.539288e-03
9.539288e-03
9.539288e-03
9.539288e-03
9.539288e-03
9.539288e-03
9.539288e-03
9.539288e-03
9.539288e-03
9.539288e-03
9.539288e-03
9.539288e-03
9.539288e-03
9.539288e-03
9.539288e-03
9.539288e-03
9.539288e-03
9.539288e-03
9.539288e-03
9.539288e-03
9.539288e-03
9.539288e-03
9.539288e-03
9.539288e-03
9.539288e-03
9.539288e-03
9.539288e-03
9.539288e-03
9.539288e-03
9.539288e-03
9.539288e-03
9.539288e-03
9.539288e-03
9.539288e-03
9.539288e-03
9.539288e-03
9.539288e-03
9.539288e-03
9.539288e-03
9.539288e-03
9.539288e-03
9.539288e-03
9.539288e-03
9.539288e-03
9.539288e-03
9.539288e-03
9.539288e-03
9.539288e-03
9.539288e-03
9.539288e-03
9.539288e-03
9.539288e-03
9.539288e-03
9.539288e-03
9.539288e-03
9.539288e-03
9.539288e-03
9.539288e-03
9.539288e-03
9.539288e-03
9.539288e-03
9.539288e-03
9.539288e-03
9.539288e-03
9.539288e-03
9.539288e-03
9.539288e-03
9.539288e-03
9.539288e-03
9.539288e-03
9.539288e-03
9.539288e-03
9.539288e-03
9.539288e-03
9.539288e-03
9.539288e-03
9.539288e-03
9.539288e-03
9.539288e-03
9.539288e-03
9.539288e-03
9.539288e-03
9.539288e-03
9.539288e-03
9.539288e-03
9.539288e-03
9.539288e-03
9.539288e-03
9.539288e-03
9.539288e-03
9.539288e-03
9.539288e-03
9.539288e-03
9.539288e-03
9.539288e-03
9.539288e-03
9.539288e-03
9.539288e-03
9.539288e-03
9.539288e-03
9.539288e-03
9.539288e-03
9.539288e-03
9.539288e-03
9.539288e-03
9.539288e-03
9.539288e-03
9.539288e-03
9.539288e-03
9.539288e-03
9.539288e-03
9.539288e-03
9.539288e-03
9.539288e-03
9.539288e-03
9.539288e-03
9.539288e-03
9.539288e-03
9.539288e-03
9.539288e-03
9.539288e-03
9.539288e-03
9.539288e-03
9.539288e-03
