0.000000e+00
1.110371e-07
2.326491e-07
3.648361e-07
5.075981e-07
6.609350e-07
8.248469e-07
9.993338e-07
1.184396e-06
1.380032e-06
1.586244e-06
1.803031e-06
2.030392e-06
2.268329e-06
2.516841e-06
2.775927e-06
3.045589e-06
3.325825e-06
3.616637e-06
3.918023e-06
4.229984e-06
4.552521e-06
4.885632e-06
5.229318e-06
5.583579e-06
5.948415e-06
6.323826e-06
6.709813e-06
7.106374e-06
7.513510e-06
7.931220e-06
8.359506e-06
8.798367e-06
9.247803e-06
9.707814e-06
1.017840e-05
1.065956e-05
1.115130e-05
1.165361e-05
1.216649e-05
1.268995e-05
1.322399e-05
1.376860e-05
1.432378e-05
1.488954e-05
1.546588e-05
1.605279e-05
1.665028e-05
1.725834e-05
1.787697e-05
1.850618e-05
1.914597e-05
1.979633e-05
2.045726e-05
2.112877e-05
2.181086e-05
2.250352e-05
2.320675e-05
2.392056e-05
2.464495e-05
2.537991e-05
2.612544e-05
2.688155e-05
2.764823e-05
2.842549e-05
2.921333e-05
3.001174e-05
3.082072e-05
3.164028e-05
3.247042e-05
3.331113e-05
3.416241e-05
3.502427e-05
3.589670e-05
3.677971e-05
3.767330e-05
3.857746e-05
3.949219e-05
4.041750e-05
4.135338e-05
4.229984e-05
4.325688e-05
4.422449e-05
4.520267e-05
4.619143e-05
4.719076e-05
4.820067e-05
4.922115e-05
5.025221e-05
5.129385e-05
5.234606e-05
5.340884e-05
5.448220e-05
5.556613e-05
5.666064e-05
5.776572e-05
5.888138e-05
6.000761e-05
6.114442e-05
6.229181e-05
6.344976e-05
6.461830e-05
6.579740e-05
6.698709e-05
6.818735e-05
6.939818e-05
7.061959e-05
7.185157e-05
7.309413e-05
7.434726e-05
7.561097e-05
7.688525e-05
7.817011e-05
7.946554e-05
8.077155e-05
8.208813e-05
8.341529e-05
8.475302e-05
8.610133e-05
8.746021e-05
8.882967e-05
9.020970e-05
9.160031e-05
9.300149e-05
9.441325e-05
9.583558e-05
9.726849e-05
9.871197e-05
1.001660e-04
1.016307e-04
1.031059e-04
1.045916e-04
1.060880e-04
1.075949e-04
1.091124e-04
1.106405e-04
1.121792e-04
1.137284e-04
1.152882e-04
1.168586e-04
1.184396e-04
1.200311e-04
1.216332e-04
1.232459e-04
1.248691e-04
1.265030e-04
1.281474e-04
1.298024e-04
1.314679e-04
1.331440e-04
1.348307e-04
1.365280e-04
1.382359e-04
1.399543e-04
1.416833e-04
1.434229e-04
1.451731e-04
1.469338e-04
1.487051e-04
1.504870e-04
1.522794e-04
1.540825e-04
1.558961e-04
1.577202e-04
1.595550e-04
1.614003e-04
1.632562e-04
1.651227e-04
1.669998e-04
1.688874e-04
1.707856e-04
1.726944e-04
1.746137e-04
1.765437e-04
1.784842e-04
1.804353e-04
1.823969e-04
1.843692e-04
1.863520e-04
1.883453e-04
1.903493e-04
1.923638e-04
1.943889e-04
1.964246e-04
1.984709e-04
2.005277e-04
2.025951e-04
2.046731e-04
2.067616e-04
2.088608e-04
2.109705e-04
2.130907e-04
2.152216e-04
2.173630e-04
2.195150e-04
2.216776e-04
2.238508e-04
2.260345e-04
2.282288e-04
2.304337e-04
2.326491e-04
2.348752e-04
2.371118e-04
2.393589e-04
2.416167e-04
2.438850e-04
2.461639e-04
2.484534e-04
2.507535e-04
2.530641e-04
2.553853e-04
2.577171e-04
2.600594e-04
2.624124e-04
2.647759e-04
2.671499e-04
2.695346e-04
2.719298e-04
2.743356e-04
2.767520e-04
2.791790e-04
2.816165e-04
2.840646e-04
2.865233e-04
2.889925e-04
2.914724e-04
2.939628e-04
2.964637e-04
2.989753e-04
3.014974e-04
3.040301e-04
3.065734e-04
3.091272e-04
3.116917e-04
3.142667e-04
3.168523e-04
3.194484e-04
3.220551e-04
3.246724e-04
3.273003e-04
3.299388e-04
3.325878e-04
3.352474e-04
3.379176e-04
3.405983e-04
3.432897e-04
3.459916e-04
3.487040e-04
3.514271e-04
3.541607e-04
3.569049e-04
3.596597e-04
3.624250e-04
3.652010e-04
3.679875e-04
3.707846e-04
3.735922e-04
3.764104e-04
3.792392e-04
3.820786e-04
3.849286e-04
3.877891e-04
3.906602e-04
3.935419e-04
3.964341e-04
3.993369e-04
4.022504e-04
4.051743e-04
4.081089e-04
4.110540e-04
4.140097e-04
4.169760e-04
4.199528e-04
4.229403e-04
4.259383e-04
4.289468e-04
4.319660e-04
4.349957e-04
4.380360e-04
4.410869e-04
4.441483e-04
4.472204e-04
4.503030e-04
4.533961e-04
4.564999e-04
4.596142e-04
4.627391e-04
4.658746e-04
4.690207e-04
4.721773e-04
4.753445e-04
4.785223e-04
4.817106e-04
4.849095e-04
4.881190e-04
4.913391e-04
4.945698e-04
4.978110e-04
5.010628e-04
5.043252e-04
5.075981e-04
5.108816e-04
5.141757e-04
5.174804e-04
5.207957e-04
5.241215e-04
5.274579e-04
5.308049e-04
5.341624e-04
5.375305e-04
5.409092e-04
5.442985e-04
5.476984e-04
5.511088e-04
5.545298e-04
5.579614e-04
5.614035e-04
5.648562e-04
5.683195e-04
5.717934e-04
5.752779e-04
5.787729e-04
5.822785e-04
5.857947e-04
5.893214e-04
5.928587e-04
5.964066e-04
5.999651e-04
6.035342e-04
6.071138e-04
6.107040e-04
6.143047e-04
6.179161e-04
6.215380e-04
6.251705e-04
6.288136e-04
6.324672e-04
6.361315e-04
6.398063e-04
6.434916e-04
6.471876e-04
6.508941e-04
6.546112e-04
6.583389e-04
6.620771e-04
6.658260e-04
6.695854e-04
6.733553e-04
6.771359e-04
6.809270e-04
6.847287e-04
6.885410e-04
6.923638e-04
6.961972e-04
7.000412e-04
7.038958e-04
7.077610e-04
7.116367e-04
7.155230e-04
7.194199e-04
7.233273e-04
7.272453e-04
7.311739e-04
7.351131e-04
7.390628e-04
7.430232e-04
7.469941e-04
7.509755e-04
7.549676e-04
7.589702e-04
7.629834e-04
7.670072e-04
7.710415e-04
7.750865e-04
7.791419e-04
7.832080e-04
7.872847e-04
7.913719e-04
7.954697e-04
7.995781e-04
8.036970e-04
8.078265e-04
8.119666e-04
8.161173e-04
8.202785e-04
8.244504e-04
8.286328e-04
8.328257e-04
8.370293e-04
8.412434e-04
8.454681e-04
8.497034e-04
8.539492e-04
8.582056e-04
8.624726e-04
8.667502e-04
8.710384e-04
8.753371e-04
8.796464e-04
8.839662e-04
8.882967e-04
8.926377e-04
8.969893e-04
9.013515e-04
9.057242e-04
9.101075e-04
9.145014e-04
9.189059e-04
9.233210e-04
9.277466e-04
9.321828e-04
9.366295e-04
9.410869e-04
9.455548e-04
9.500333e-04
9.545224e-04
9.590220e-04
9.635322e-04
9.680530e-04
9.725844e-04
9.771264e-04
9.816789e-04
9.862420e-04
9.908156e-04
9.953999e-04
9.999947e-04
1.004600e-03
1.009216e-03
1.013843e-03
1.018480e-03
1.023127e-03
1.027786e-03
1.032455e-03
1.037134e-03
1.041824e-03
1.046525e-03
1.051236e-03
1.055957e-03
1.060690e-03
1.065433e-03
1.070186e-03
1.074950e-03
1.079725e-03
1.084510e-03
1.089306e-03
1.094112e-03
1.098929e-03
1.103756e-03
1.108594e-03
1.113443e-03
1.118302e-03
1.123172e-03
1.128052e-03
1.132943e-03
1.137845e-03
1.142757e-03
1.147679e-03
1.152613e-03
1.157556e-03
1.162511e-03
1.167476e-03
1.172451e-03
1.177437e-03
1.182434e-03
1.187441e-03
1.192459e-03
1.197487e-03
1.202526e-03
1.207576e-03
1.212636e-03
1.217707e-03
1.222788e-03
1.227880e-03
1.232982e-03
1.238095e-03
1.243219e-03
1.248353e-03
1.253498e-03
1.258653e-03
1.263819e-03
1.268995e-03
1.274182e-03
1.279380e-03
1.284588e-03
1.289807e-03
1.295036e-03
1.300276e-03
1.305526e-03
1.310788e-03
1.316059e-03
1.321341e-03
1.326634e-03
1.331937e-03
1.337251e-03
1.342576e-03
1.347911e-03
1.353257e-03
1.358613e-03
1.363980e-03
1.369357e-03
1.374745e-03
1.380143e-03
1.385552e-03
1.390972e-03
1.396402e-03
1.401843e-03
1.407295e-03
1.412757e-03
1.418229e-03
1.423712e-03
1.429206e-03
1.434710e-03
1.440225e-03
1.445750e-03
1.451286e-03
1.456833e-03
1.462390e-03
1.467958e-03
1.473536e-03
1.479125e-03
1.484724e-03
1.490334e-03
1.495955e-03
1.501586e-03
1.507228e-03
1.512880e-03
1.518543e-03
1.524217e-03
1.529901e-03
1.535595e-03
1.541301e-03
1.547016e-03
1.552743e-03
1.558480e-03
1.564227e-03
1.569985e-03
1.575754e-03
1.581533e-03
1.587323e-03
1.593123e-03
1.598934e-03
1.604756e-03
1.610588e-03
1.616430e-03
1.622284e-03
1.628147e-03
1.634022e-03
1.639907e-03
1.645802e-03
1.651708e-03
1.657625e-03
1.663552e-03
1.669490e-03
1.675439e-03
1.681398e-03
1.687367e-03
1.693347e-03
1.699338e-03
1.705339e-03
1.711351e-03
1.717374e-03
1.723407e-03
1.729450e-03
1.735504e-03
1.741569e-03
1.747644e-03
1.753730e-03
1.759827e-03
1.765934e-03
1.772051e-03
1.778180e-03
1.784318e-03
1.790468e-03
1.796628e-03
1.802798e-03
1.808979e-03
1.815171e-03
1.821373e-03
1.827586e-03
1.833809e-03
1.840043e-03
1.846288e-03
1.852543e-03
1.858808e-03
1.865085e-03
1.871371e-03
1.877669e-03
1.883977e-03
1.890295e-03
1.896624e-03
1.902964e-03
1.909314e-03
1.915675e-03
1.922047e-03
1.928429e-03
1.934821e-03
1.941224e-03
1.947638e-03
1.954062e-03
1.960497e-03
1.966943e-03
1.973399e-03
1.979865e-03
1.986342e-03
1.992830e-03
1.999328e-03
2.005837e-03
2.012357e-03
2.018887e-03
2.025427e-03
2.031979e-03
2.038540e-03
2.045113e-03
2.051696e-03
2.058289e-03
2.064893e-03
2.071508e-03
2.078133e-03
2.084769e-03
2.091415e-03
2.098072e-03
2.104740e-03
2.111418e-03
2.118106e-03
2.124806e-03
2.131515e-03
2.138236e-03
2.144967e-03
2.151708e-03
2.158460e-03
2.165223e-03
2.171996e-03
2.178780e-03
2.185575e-03
2.192380e-03
2.199195e-03
2.206021e-03
2.212858e-03
2.219705e-03
2.226563e-03
2.233432e-03
2.240311e-03
2.247200e-03
2.254100e-03
2.261011e-03
2.267932e-03
2.274864e-03
2.281807e-03
2.288760e-03
2.295723e-03
2.302698e-03
2.309682e-03
2.316678e-03
2.323684e-03
2.330700e-03
2.337727e-03
2.344765e-03
2.351813e-03
2.358872e-03
2.365941e-03
2.373021e-03
2.380112e-03
2.387213e-03
2.394324e-03
2.401447e-03
2.408579e-03
2.415723e-03
2.422877e-03
2.430041e-03
2.437216e-03
2.444402e-03
2.451598e-03
2.458805e-03
2.466023e-03
2.473251e-03
2.480489e-03
2.487738e-03
2.494998e-03
2.502268e-03
2.509549e-03
2.516841e-03
2.524143e-03
2.531455e-03
2.538778e-03
2.546112e-03
2.553456e-03
2.560811e-03
2.568177e-03
2.575553e-03
2.582939e-03
2.590337e-03
2.597744e-03
2.605163e-03
2.612592e-03
2.620031e-03
2.627481e-03
2.634942e-03
2.642413e-03
2.649895e-03
2.657387e-03
2.664890e-03
2.672404e-03
2.679928e-03
2.687462e-03
2.695008e-03
2.702563e-03
2.710130e-03
2.717707e-03
2.725294e-03
2.732892e-03
2.740501e-03
2.748120e-03
2.755750e-03
2.763391e-03
2.771042e-03
2.778703e-03
2.786375e-03
2.794058e-03
2.801751e-03
2.809455e-03
2.817170e-03
2.824895e-03
2.832630e-03
2.840376e-03
2.848133e-03
2.855900e-03
2.863678e-03
2.871467e-03
2.879266e-03
2.887075e-03
2.894895e-03
2.902726e-03
2.910568e-03
2.918419e-03
2.926282e-03
2.934155e-03
2.942039e-03
2.949933e-03
2.957838e-03
2.965753e-03
2.973679e-03
2.981615e-03
2.989563e-03
2.997520e-03
3.005488e-03
3.013467e-03
3.021457e-03
3.029457e-03
3.037467e-03
3.045488e-03
3.053520e-03
3.061562e-03
3.069615e-03
3.077678e-03
3.085752e-03
3.093837e-03
3.101932e-03
3.110038e-03
3.118154e-03
3.126281e-03
3.134418e-03
3.142566e-03
3.150725e-03
3.158894e-03
3.167074e-03
3.175264e-03
3.183465e-03
3.191676e-03
3.199898e-03
3.208131e-03
3.216374e-03
3.224628e-03
3.232892e-03
3.241167e-03
3.249453e-03
3.257749e-03
3.266055e-03
3.274373e-03
3.282700e-03
3.291039e-03
3.299388e-03
3.307747e-03
3.316117e-03
3.324498e-03
3.332889e-03
3.341291e-03
3.349703e-03
3.358126e-03
3.366560e-03
3.375004e-03
3.383459e-03
3.391924e-03
3.400400e-03
3.408886e-03
3.417383e-03
3.425891e-03
3.434409e-03
3.442938e-03
3.451477e-03
3.460027e-03
3.468587e-03
3.477158e-03
3.485740e-03
3.494332e-03
3.502935e-03
3.511548e-03
3.520172e-03
3.528806e-03
3.537451e-03
3.546107e-03
3.554773e-03
3.563450e-03
3.572137e-03
3.580835e-03
3.589543e-03
3.598263e-03
3.606992e-03
3.615732e-03
3.624483e-03
3.633245e-03
3.642016e-03
3.650799e-03
3.659592e-03
3.668396e-03
3.677210e-03
3.686035e-03
3.694870e-03
3.703716e-03
3.712573e-03
3.721440e-03
3.730317e-03
3.739206e-03
3.748104e-03
3.757014e-03
3.765934e-03
3.774864e-03
3.783806e-03
3.792757e-03
3.801719e-03
3.810692e-03
3.819676e-03
3.828670e-03
3.837674e-03
3.846690e-03
3.855715e-03
3.864752e-03
3.873798e-03
3.882856e-03
3.891924e-03
3.901003e-03
3.910092e-03
3.919191e-03
3.928302e-03
3.937423e-03
3.946554e-03
3.955696e-03
3.964849e-03
3.974012e-03
3.983186e-03
3.992370e-03
4.001565e-03
4.010771e-03
4.019987e-03
4.029213e-03
4.038451e-03
4.047698e-03
4.056957e-03
4.066226e-03
4.075505e-03
4.084795e-03
4.094096e-03
4.103407e-03
4.112729e-03
4.122061e-03
4.131404e-03
4.140758e-03
4.150122e-03
4.159497e-03
4.168882e-03
4.178278e-03
4.187684e-03
4.197101e-03
4.206529e-03
4.215967e-03
4.225416e-03
4.234875e-03
4.244345e-03
4.253825e-03
4.263317e-03
4.272818e-03
4.282330e-03
4.291853e-03
4.301386e-03
4.310930e-03
4.320485e-03
4.330050e-03
4.339625e-03
4.349212e-03
4.358808e-03
4.368416e-03
4.378034e-03
4.387662e-03
4.397301e-03
4.406951e-03
4.416611e-03
4.426282e-03
4.435963e-03
4.445655e-03
4.455358e-03
4.465071e-03
4.474795e-03
4.484529e-03
4.494274e-03
4.504029e-03
4.513795e-03
4.523572e-03
4.533359e-03
4.543156e-03
4.552965e-03
4.562784e-03
4.572613e-03
4.582453e-03
4.592304e-03
4.602165e-03
4.612036e-03
4.621919e-03
4.631812e-03
4.641715e-03
4.651629e-03
4.661554e-03
4.671489e-03
4.681435e-03
4.691391e-03
4.701358e-03
4.711335e-03
4.721323e-03
4.731322e-03
4.741331e-03
4.751351e-03
4.761381e-03
4.771422e-03
4.781474e-03
4.791536e-03
4.801608e-03
4.811692e-03
4.821785e-03
4.831890e-03
4.842005e-03
4.852130e-03
4.862266e-03
4.872413e-03
4.882570e-03
4.892738e-03
4.902917e-03
4.913106e-03
4.923305e-03
4.933515e-03
4.943736e-03
4.953967e-03
4.964209e-03
4.974461e-03
4.984724e-03
4.994998e-03
5.005282e-03
5.015577e-03
5.025882e-03
5.036198e-03
5.046525e-03
5.056862e-03
5.067209e-03
5.077567e-03
5.087936e-03
5.098315e-03
5.108705e-03
5.119106e-03
5.129517e-03
5.139938e-03
5.150371e-03
5.160813e-03
5.171267e-03
5.181731e-03
5.192205e-03
5.202690e-03
5.213186e-03
5.223692e-03
5.234209e-03
5.244736e-03
5.255274e-03
5.265823e-03
5.276382e-03
5.286952e-03
5.297532e-03
5.308123e-03
5.318724e-03
5.329336e-03
5.339959e-03
5.350592e-03
5.361235e-03
5.371890e-03
5.382554e-03
5.393230e-03
5.403916e-03
5.414612e-03
5.425320e-03
5.436037e-03
5.446766e-03
5.457505e-03
5.468254e-03
5.479014e-03
5.489785e-03
5.500566e-03
5.511358e-03
5.522160e-03
5.532973e-03
5.543796e-03
5.554630e-03
5.565475e-03
5.576330e-03
5.587196e-03
5.598072e-03
5.608959e-03
5.619857e-03
5.630765e-03
5.641683e-03
5.652613e-03
5.663552e-03
5.674503e-03
5.685464e-03
5.696435e-03
5.707417e-03
5.718410e-03
5.729413e-03
5.740427e-03
5.751451e-03
5.762486e-03
5.773532e-03
5.784588e-03
5.795655e-03
5.806732e-03
5.817820e-03
5.828918e-03
5.840027e-03
5.851147e-03
5.862277e-03
5.873418e-03
5.884569e-03
5.895731e-03
5.906903e-03
5.918086e-03
5.929280e-03
5.940484e-03
5.951699e-03
5.962924e-03
5.974160e-03
5.985407e-03
5.996664e-03
6.007931e-03
6.019209e-03
6.030498e-03
6.041798e-03
6.053107e-03
6.064428e-03
6.075759e-03
6.087101e-03
6.098453e-03
6.109816e-03
6.121189e-03
6.132573e-03
6.143968e-03
6.155373e-03
6.166788e-03
6.178215e-03
6.189651e-03
6.201099e-03
6.212557e-03
6.224025e-03
6.235504e-03
6.246994e-03
6.258494e-03
6.270005e-03
6.281527e-03
6.293059e-03
6.304601e-03
6.316154e-03
6.327718e-03
6.339292e-03
6.350877e-03
6.362473e-03
6.374079e-03
6.385695e-03
6.397322e-03
6.408960e-03
6.420608e-03
6.432267e-03
6.443937e-03
6.455617e-03
6.467308e-03
6.479009e-03
6.490720e-03
6.502443e-03
6.514176e-03
6.525919e-03
6.537673e-03
6.549438e-03
6.561213e-03
6.572999e-03
6.584795e-03
6.596602e-03
6.608420e-03
6.620248e-03
6.632087e-03
6.643936e-03
6.655796e-03
6.667666e-03
6.679547e-03
6.691439e-03
6.703341e-03
6.715253e-03
6.727177e-03
6.739110e-03
6.751055e-03
6.763010e-03
6.774975e-03
6.786952e-03
6.798938e-03
6.810936e-03
6.822943e-03
6.834962e-03
6.846991e-03
6.859030e-03
6.871081e-03
6.883141e-03
6.895213e-03
6.907295e-03
6.919387e-03
6.931490e-03
6.943604e-03
6.955728e-03
6.967863e-03
6.980008e-03
6.992164e-03
7.004330e-03
7.016508e-03
7.028695e-03
7.040893e-03
7.053102e-03
7.065322e-03
7.077551e-03
7.089792e-03
7.102043e-03
7.114305e-03
7.126577e-03
7.138860e-03
7.151153e-03
7.163457e-03
7.175772e-03
7.188097e-03
7.200433e-03
7.212779e-03
7.225136e-03
7.237503e-03
7.249881e-03
7.262270e-03
7.274669e-03
7.287078e-03
7.299499e-03
7.311930e-03
7.324371e-03
7.336823e-03
7.349286e-03
7.361759e-03
7.374243e-03
7.386737e-03
7.399242e-03
7.411757e-03
7.424283e-03
7.436820e-03
7.449367e-03
7.461925e-03
7.474493e-03
7.487072e-03
7.499662e-03
7.512262e-03
7.524872e-03
7.537494e-03
7.550125e-03
7.562768e-03
7.575421e-03
7.588084e-03
7.600758e-03
7.613443e-03
7.626138e-03
7.638844e-03
7.651560e-03
7.664287e-03
7.677025e-03
7.689773e-03
7.702532e-03
7.715301e-03
7.728081e-03
7.740871e-03
7.753672e-03
7.766484e-03
7.779306e-03
7.792139e-03
7.804982e-03
7.817836e-03
7.830700e-03
7.843575e-03
7.856461e-03
7.869357e-03
7.882264e-03
7.895181e-03
7.908109e-03
7.921047e-03
7.933996e-03
7.946956e-03
7.959926e-03
7.972907e-03
7.985898e-03
7.998900e-03
8.011913e-03
8.024936e-03
8.037969e-03
8.051014e-03
8.064068e-03
8.077134e-03
8.090210e-03
8.103296e-03
8.116393e-03
8.129501e-03
8.142619e-03
8.155748e-03
8.168887e-03
8.182037e-03
8.195198e-03
8.208369e-03
8.221551e-03
8.234743e-03
8.247946e-03
8.261159e-03
8.274383e-03
8.287618e-03
8.300863e-03
8.314119e-03
8.327385e-03
8.340662e-03
8.353949e-03
8.367247e-03
8.380556e-03
8.393875e-03
8.407205e-03
8.420545e-03
8.433896e-03
8.447257e-03
8.460629e-03
8.474012e-03
8.487405e-03
8.500809e-03
8.514223e-03
8.527648e-03
8.541084e-03
8.554530e-03
8.567986e-03
8.581454e-03
8.594931e-03
8.608420e-03
8.621919e-03
8.635428e-03
8.648948e-03
8.662479e-03
8.676020e-03
8.689572e-03
8.703134e-03
8.716707e-03
8.730291e-03
8.743885e-03
8.757490e-03
8.771105e-03
8.784731e-03
8.798367e-03
8.812014e-03
8.825672e-03
8.839340e-03
8.853019e-03
8.866708e-03
8.880408e-03
8.894118e-03
8.907839e-03
8.921571e-03
8.935313e-03
8.949066e-03
8.962829e-03
8.976603e-03
8.990387e-03
9.004182e-03
9.017988e-03
9.031804e-03
9.045631e-03
9.059468e-03
9.073316e-03
9.087175e-03
9.101044e-03
9.114923e-03
9.128814e-03
9.142714e-03
9.156626e-03
9.170548e-03
9.184480e-03
9.198423e-03
9.212377e-03
9.226341e-03
9.240316e-03
9.254301e-03
9.268297e-03
9.282304e-03
9.296321e-03
9.310349e-03
9.324387e-03
9.338436e-03
9.352495e-03
9.366565e-03
9.380646e-03
9.394737e-03
9.408839e-03
9.422951e-03
9.437074e-03
9.451207e-03
9.465351e-03
9.479506e-03
9.493671e-03
9.507847e-03
9.522033e-03
9.536230e-03
9.550437e-03
9.564655e-03
9.578884e-03
9.593123e-03
9.607373e-03
9.621633e-03
9.635904e-03
9.650186e-03
9.664478e-03
9.678780e-03
9.693093e-03
9.707417e-03
9.721752e-03
9.736097e-03
9.750452e-03
9.764818e-03
9.779195e-03
9.793582e-03
9.807980e-03
9.822388e-03
9.836807e-03
9.851237e-03
9.865677e-03
9.880128e-03
9.894589e-03
9.909061e-03
9.923543e-03
9.938036e-03
9.952540e-03
9.967054e-03
9.981578e-03
9.996114e-03
1.001066e-02
1.002522e-02
1.003978e-02
1.005436e-02
1.006895e-02
1.008355e-02
1.009816e-02
1.011278e-02
1.012741e-02
1.014205e-02
1.015670e-02
1.017136e-02
1.018603e-02
1.020072e-02
1.021541e-02
1.023012e-02
1.024483e-02
1.025956e-02
1.027429e-02
1.028904e-02
1.030380e-02
1.031857e-02
1.033334e-02
1.034813e-02
1.036293e-02
1.037774e-02
1.039256e-02
1.040740e-02
1.042224e-02
1.043709e-02
1.045195e-02
1.046683e-02
1.048171e-02
1.049661e-02
1.051151e-02
1.052643e-02
1.054135e-02
1.055629e-02
1.057124e-02
1.058620e-02
1.060117e-02
1.061614e-02
1.063113e-02
1.064614e-02
1.066115e-02
1.067617e-02
1.069120e-02
1.070624e-02
1.072130e-02
1.073636e-02
1.075144e-02
1.076652e-02
1.078162e-02
1.079672e-02
1.081184e-02
1.082697e-02
1.084211e-02
1.085725e-02
1.087241e-02
1.088758e-02
1.090276e-02
1.091795e-02
1.093316e-02
1.094837e-02
1.096359e-02
1.097882e-02
1.099407e-02
1.100932e-02
1.102459e-02
1.103986e-02
1.105515e-02
1.107045e-02
1.108575e-02
1.110107e-02
1.111640e-02
1.113174e-02
1.114709e-02
1.116245e-02
1.117782e-02
1.119320e-02
1.120859e-02
1.122399e-02
1.123941e-02
1.125483e-02
1.127026e-02
1.128571e-02
1.130116e-02
1.131663e-02
1.133211e-02
1.134759e-02
1.136309e-02
1.137860e-02
1.139412e-02
1.140965e-02
1.142519e-02
1.144074e-02
1.145630e-02
1.147187e-02
1.148745e-02
1.150305e-02
1.151865e-02
1.153426e-02
1.154989e-02
1.156552e-02
1.158117e-02
1.159682e-02
1.161249e-02
1.162817e-02
1.164386e-02
1.165956e-02
1.167526e-02
1.169098e-02
1.170671e-02
1.172245e-02
1.173821e-02
1.175397e-02
1.176974e-02
1.178552e-02
1.180132e-02
1.181712e-02
1.183294e-02
1.184876e-02
1.186460e-02
1.188044e-02
1.189630e-02
1.191217e-02
1.192805e-02
1.194394e-02
1.195984e-02
1.197575e-02
1.199167e-02
1.200760e-02
1.202354e-02
1.203949e-02
1.205479e-02
1.207004e-02
1.208523e-02
1.210037e-02
1.211546e-02
1.213049e-02
1.214547e-02
1.216040e-02
1.217528e-02
1.219010e-02
1.220487e-02
1.221959e-02
1.223425e-02
1.224887e-02
1.226343e-02
1.227793e-02
1.229239e-02
1.230679e-02
1.232114e-02
1.233544e-02
1.234968e-02
1.236387e-02
1.237801e-02
1.239209e-02
1.240613e-02
1.242011e-02
1.243403e-02
1.244791e-02
1.246173e-02
1.247550e-02
1.248921e-02
1.250288e-02
1.251649e-02
1.253005e-02
1.254355e-02
1.255700e-02
1.257040e-02
1.258375e-02
1.259704e-02
1.261029e-02
1.262347e-02
1.263661e-02
1.264969e-02
1.266272e-02
1.267570e-02
1.268863e-02
1.270150e-02
1.271432e-02
1.272709e-02
1.273980e-02
1.275246e-02
1.276507e-02
1.277763e-02
1.279013e-02
1.280258e-02
1.281498e-02
1.282732e-02
1.283962e-02
1.285186e-02
1.286404e-02
1.287618e-02
1.288826e-02
1.290029e-02
1.291226e-02
1.292419e-02
1.293606e-02
1.294787e-02
1.295964e-02
1.297135e-02
1.298301e-02
1.299462e-02
1.300617e-02
1.301767e-02
1.302912e-02
1.304052e-02
1.305186e-02
1.306315e-02
1.307439e-02
1.308557e-02
1.309670e-02
1.310778e-02
1.311881e-02
1.312978e-02
1.314071e-02
1.315157e-02
1.316239e-02
1.317315e-02
1.318386e-02
1.319452e-02
1.320513e-02
1.321568e-02
1.322618e-02
1.323662e-02
1.324702e-02
1.325736e-02
1.326765e-02
1.327788e-02
1.328807e-02
1.329820e-02
1.330827e-02
1.331830e-02
1.332827e-02
1.333819e-02
1.334806e-02
1.335787e-02
1.336763e-02
1.337734e-02
1.338699e-02
1.339660e-02
1.340615e-02
1.341564e-02
1.342509e-02
1.343448e-02
1.344382e-02
1.345311e-02
1.346234e-02
1.347152e-02
1.348065e-02
1.348973e-02
1.349875e-02
1.350772e-02
1.351664e-02
1.352550e-02
1.353431e-02
1.354307e-02
1.355178e-02
1.356043e-02
1.356903e-02
1.357758e-02
1.358608e-02
1.359452e-02
1.360291e-02
1.361125e-02
1.361953e-02
1.362776e-02
1.363594e-02
1.364407e-02
1.365214e-02
1.366016e-02
1.366813e-02
1.367604e-02
1.368391e-02
1.369172e-02
1.369947e-02
1.370718e-02
1.371483e-02
1.372243e-02
1.372998e-02
1.373747e-02
1.374491e-02
1.375230e-02
1.375963e-02
1.376692e-02
1.377415e-02
1.378132e-02
1.378845e-02
1.379552e-02
1.380254e-02
1.380950e-02
1.381642e-02
1.382328e-02
1.383009e-02
1.383684e-02
1.384354e-02
1.385019e-02
1.385679e-02
1.386333e-02
1.386983e-02
1.387626e-02
1.388265e-02
1.388898e-02
1.389526e-02
1.390149e-02
1.390767e-02
1.391379e-02
1.391986e-02
1.392588e-02
1.393184e-02
1.393775e-02
1.394361e-02
1.394942e-02
1.395517e-02
1.396087e-02
1.396652e-02
1.397211e-02
1.397766e-02
1.398315e-02
1.398858e-02
1.399397e-02
1.399930e-02
1.400458e-02
1.400980e-02
1.401498e-02
1.402010e-02
1.402516e-02
1.403018e-02
1.403514e-02
1.404005e-02
1.404491e-02
1.404971e-02
1.405446e-02
1.405916e-02
1.406381e-02
1.406840e-02
1.407294e-02
1.407743e-02
1.408186e-02
1.408625e-02
1.409057e-02
1.409485e-02
1.409908e-02
1.410325e-02
1.410737e-02
1.411143e-02
1.411544e-02
1.411940e-02
1.412331e-02
1.412717e-02
1.413097e-02
1.413472e-02
1.413841e-02
1.414206e-02
1.414565e-02
1.414919e-02
1.415267e-02
1.415611e-02
1.415949e-02
1.416281e-02
1.416609e-02
1.416931e-02
1.417248e-02
1.417560e-02
1.417866e-02
1.418167e-02
1.418463e-02
1.418754e-02
1.419039e-02
1.419319e-02
1.419594e-02
1.419863e-02
1.420127e-02
1.420386e-02
1.420640e-02
1.420888e-02
1.421131e-02
1.421369e-02
1.421602e-02
1.421829e-02
1.422051e-02
1.422268e-02
1.422479e-02
1.422685e-02
1.422886e-02
1.423082e-02
1.423272e-02
1.423457e-02
1.423637e-02
1.423812e-02
1.423981e-02
1.424145e-02
1.424304e-02
1.424457e-02
1.424605e-02
1.424748e-02
1.424886e-02
1.425018e-02
1.425145e-02
1.425267e-02
1.425384e-02
1.425495e-02
1.425601e-02
1.425702e-02
1.425797e-02
1.425887e-02
1.425972e-02
1.426052e-02
1.426126e-02
1.426195e-02
1.426259e-02
1.426318e-02
1.426371e-02
1.426419e-02
1.426461e-02
1.426499e-02
1.426531e-02
1.426558e-02
1.426580e-02
1.426596e-02
1.426607e-02
1.426613e-02
1.426613e-02
1.426609e-02
1.426599e-02
1.426583e-02
1.426563e-02
1.426537e-02
1.426506e-02
1.426469e-02
1.426428e-02
1.426381e-02
1.426351e-02
1.426351e-02
1.426351e-02
1.426351e-02
1.426351e-02
1.426351e-02
1.426351e-02
1.426351e-02
1.426351e-02
1.426351e-02
1.426351e-02
1.426351e-02
1.426351e-02
1.426351e-02
1.426351e-02
1.426351e-02
1.426351e-02
1.426351e-02
1.426351e-02
1.426351e-02
1.426351e-02
1.426351e-02
1.426351e-02
1.426351e-02
1.426351e-02
1.426351e-02
1.426351e-02
1.426351e-02
1.426351e-02
1.426351e-02
1.426351e-02
1.426351e-02
1.426351e-02
1.426351e-02
1.426351e-02
1.426351e-02
1.426351e-02
1.426351e-02
1.426351e-02
1.426351e-02
1.426351e-02
1.426351e-02
1.426351e-02
1.426351e-02
1.426351e-02
1.426351e-02
1.426351e-02
1.426351e-02
1.426351e-02
1.426351e-02
1.426351e-02
1.426351e-02
1.426351e-02
1.426351e-02
1.426351e-02
1.426351e-02
1.426351e-02
1.426351e-02
1.426351e-02
1.426351e-02
1.426351e-02
1.426351e-02
1.426351e-02
1.426351e-02
1.426351e-02
1.426351e-02
1.426351e-02
1.426351e-02
1.426351e-02
1.426351e-02
1.426351e-02
1.426351e-02
1.426351e-02
1.426351e-02
1.426351e-02
1.426351e-02
1.426351e-02
1.426351e-02
1.426351e-02
1.426351e-02
1.426351e-02
1.426351e-02
1.426351e-02
1.426351e-02
1.426351e-02
1.426351e-02
1.426351e-02
1.426351e-02
1.426351e-02
1.426351e-02
1.426351e-02
1.426351e-02
1.426351e-02
1.426351e-02
1.426351e-02
1.426351e-02
1.426351e-02
1.426351e-02
1.426351e-02
1.426351e-02
1.426351e-02
1.426351e-02
1.426351e-02
1.426351e-02
1.426351e-02
1.426351e-02
1.426351e-02
1.426351e-02
1.426351e-02
1.426351e-02
1.426351e-02
1.426351e-02
1.426351e-02
1.426351e-02
1.426351e-02
1.426351e-02
1.426351e-02
1.426351e-02
1.426351e-02
1.426351e-02
1.426351e-02
1.426351e-02
1.426351e-02
1.426351e-02
1.426351e-02
1.426351e-02
1.426351e-02
1.426351e-02
1.426351e-02
1.426351e-02
1.426351e-02
1.426351e-02
1.426351e-02
1.426351e-02
1.426351e-02
1.426351e-02
1.426351e-02
1.426351e-02
1.426351e-02
1.426351e-02
1.426351e-02
1.426351e-02
1.426351e-02
1.426351e-02
1.426351e-02
1.426351e-02
1.426351e-02
1.426351e-02
1.426351e-02
1.426351e-02
1.426351e-02
1.426351e-02
1.426351e-02
1.426351e-02
1.426351e-02
1.426351e-02
1.426351e-02
1.426351e-02
1.426351e-02
1.426351e-02
1.426351e-02
1.426351e-02
1.426351e-02
1.426351e-02
1.426351e-02
1.426351e-02
1.426351e-02
1.426351e-02
1.426351e-02
1.426351e-02
1.426351e-02
1.426351e-02
1.426351e-02
1.426351e-02
1.426351e-02
1.426351e-02
1.426351e-02
1.426351e-02
1.426351e-02
1.426351e-02
1.426351e-02
1.426351e-02
1.426351e-02
1.426351e-02
1.426351e-02
1.426351e-02
1.426351e-02
1.426351e-02
1.426351e-02
1.426351e-02
1.426351e-02
1.426351e-02
1.426351e-02
1.426351e-02
1.426351e-02
1.426351e-02
1.426351e-02
1.426351e-02
1.426351e-02
1.426351e-02
1.426351e-02
