0.000000e+00
1.110371e-07
2.291018e-07
3.541943e-07
4.863143e-07
6.254621e-07
7.716375e-07
9.248405e-07
1.085071e-06
1.252330e-06
1.426616e-06
1.607929e-06
1.796271e-06
1.991640e-06
2.194037e-06
2.403461e-06
2.619913e-06
2.843393e-06
3.073900e-06
3.311435e-06
3.555998e-06
3.807588e-06
4.066206e-06
4.331852e-06
4.604525e-06
4.884226e-06
5.170955e-06
5.464711e-06
5.765495e-06
6.073307e-06
6.388146e-06
6.710013e-06
7.038908e-06
7.374830e-06
7.717780e-06
8.067758e-06
8.424763e-06
8.788796e-06
9.159857e-06
9.537945e-06
9.923061e-06
1.031520e-05
1.071438e-05
1.112058e-05
1.153380e-05
1.195406e-05
1.238134e-05
1.281565e-05
1.325698e-05
1.370535e-05
1.416074e-05
1.462316e-05
1.509261e-05
1.556909e-05
1.605259e-05
1.654312e-05
1.704068e-05
1.754527e-05
1.805688e-05
1.857552e-05
1.910119e-05
1.963389e-05
2.017361e-05
2.072036e-05
2.127414e-05
2.183495e-05
2.240279e-05
2.297765e-05
2.355954e-05
2.414846e-05
2.474440e-05
2.534738e-05
2.595738e-05
2.657441e-05
2.719846e-05
2.782955e-05
2.846766e-05
2.911280e-05
2.976497e-05
3.042416e-05
3.109038e-05
3.176363e-05
3.244391e-05
3.313122e-05
3.382555e-05
3.452691e-05
3.523530e-05
3.595072e-05
3.667316e-05
3.740263e-05
3.813913e-05
3.888266e-05
3.963321e-05
4.039079e-05
4.115540e-05
4.192704e-05
4.270571e-05
4.349140e-05
4.428412e-05
4.508387e-05
4.589064e-05
4.670445e-05
4.752528e-05
4.835314e-05
4.918802e-05
5.002994e-05
5.087888e-05
5.173485e-05
5.259785e-05
5.346787e-05
5.434492e-05
5.522900e-05
5.612011e-05
5.701825e-05
5.792341e-05
5.883560e-05
5.975482e-05
6.068106e-05
6.161434e-05
6.255464e-05
6.350197e-05
6.445633e-05
6.541771e-05
6.638612e-05
6.736156e-05
6.834403e-05
6.933352e-05
7.033005e-05
7.133360e-05
7.234418e-05
7.336178e-05
7.438641e-05
7.541808e-05
7.645676e-05
7.750248e-05
7.855522e-05
7.961500e-05
8.068180e-05
8.175562e-05
8.283648e-05
8.392436e-05
8.501927e-05
8.612121e-05
8.723017e-05
8.834617e-05
8.946919e-05
9.059923e-05
9.173631e-05
9.288041e-05
9.403155e-05
9.518970e-05
9.635489e-05
9.752711e-05
9.870635e-05
9.989262e-05
1.010859e-04
1.022862e-04
1.034936e-04
1.047080e-04
1.059294e-04
1.071578e-04
1.083933e-04
1.096358e-04
1.108853e-04
1.121418e-04
1.134054e-04
1.146760e-04
1.159536e-04
1.172383e-04
1.185300e-04
1.198287e-04
1.211344e-04
1.224472e-04
1.237670e-04
1.250938e-04
1.264277e-04
1.277685e-04
1.291165e-04
1.304714e-04
1.318333e-04
1.332023e-04
1.345784e-04
1.359614e-04
1.373515e-04
1.387486e-04
1.401527e-04
1.415639e-04
1.429820e-04
1.444072e-04
1.458395e-04
1.472787e-04
1.487250e-04
1.501784e-04
1.516387e-04
1.531061e-04
1.545805e-04
1.560619e-04
1.575504e-04
1.590459e-04
1.605484e-04
1.620579e-04
1.635745e-04
1.650981e-04
1.666287e-04
1.681664e-04
1.697111e-04
1.712628e-04
1.728215e-04
1.743873e-04
1.759600e-04
1.775399e-04
1.791267e-04
1.807206e-04
1.823215e-04
1.839294e-04
1.855444e-04
1.871664e-04
1.887954e-04
1.904314e-04
1.920745e-04
1.937246e-04
1.953817e-04
1.970459e-04
1.987170e-04
2.003952e-04
2.020805e-04
2.037727e-04
2.054720e-04
2.071783e-04
2.088917e-04
2.106121e-04
2.123395e-04
2.140739e-04
2.158153e-04
2.175638e-04
2.193193e-04
2.210819e-04
2.228514e-04
2.246280e-04
2.264116e-04
2.282023e-04
2.300000e-04
2.318047e-04
2.336164e-04
2.354352e-04
2.372610e-04
2.390938e-04
2.409336e-04
2.427805e-04
2.446344e-04
2.464953e-04
2.483633e-04
2.502382e-04
2.521202e-04
2.540093e-04
2.559053e-04
2.578084e-04
2.597186e-04
2.616357e-04
2.635599e-04
2.654911e-04
2.674293e-04
2.693746e-04
2.713269e-04
2.732862e-04
2.752525e-04
2.772259e-04
2.792063e-04
2.811937e-04
2.831881e-04
2.851896e-04
2.871981e-04
2.892137e-04
2.912362e-04
2.932658e-04
2.953024e-04
2.973461e-04
2.993967e-04
3.014544e-04
3.035192e-04
3.055909e-04
3.076697e-04
3.097555e-04
3.118484e-04
3.139482e-04
3.160551e-04
3.181690e-04
3.202900e-04
3.224180e-04
3.245530e-04
3.266950e-04
3.288441e-04
3.310001e-04
3.331633e-04
3.353334e-04
3.375106e-04
3.396948e-04
3.418860e-04
3.440843e-04
3.462895e-04
3.485018e-04
3.507212e-04
3.529475e-04
3.551809e-04
3.574214e-04
3.596688e-04
3.619233e-04
3.641848e-04
3.664533e-04
3.687289e-04
3.710114e-04
3.733011e-04
3.755977e-04
3.779014e-04
3.802121e-04
3.825298e-04
3.848545e-04
3.871863e-04
3.895251e-04
3.918710e-04
3.942238e-04
3.965837e-04
3.989506e-04
4.013246e-04
4.037055e-04
4.060935e-04
4.084886e-04
4.108906e-04
4.132997e-04
4.157158e-04
4.181390e-04
4.205691e-04
4.230063e-04
4.254505e-04
4.279018e-04
4.303601e-04
4.328254e-04
4.352977e-04
4.377771e-04
4.402635e-04
4.427569e-04
4.452573e-04
4.477648e-04
4.502793e-04
4.528008e-04
4.553294e-04
4.578649e-04
4.604075e-04
4.629572e-04
4.655138e-04
4.680775e-04
4.706483e-04
4.732260e-04
4.758108e-04
4.784026e-04
4.810014e-04
4.836073e-04
4.862202e-04
4.888401e-04
4.914670e-04
4.941010e-04
4.967420e-04
4.993900e-04
5.020451e-04
5.047071e-04
5.073762e-04
5.100524e-04
5.127355e-04
5.154257e-04
5.181229e-04
5.208272e-04
5.235385e-04
5.262568e-04
5.289821e-04
5.317144e-04
5.344538e-04
5.372002e-04
5.399537e-04
5.427141e-04
5.454816e-04
5.482562e-04
5.510377e-04
5.538263e-04
5.566219e-04
5.594245e-04
5.622342e-04
5.650509e-04
5.678746e-04
5.707053e-04
5.735431e-04
5.763879e-04
5.792397e-04
5.820986e-04
5.849645e-04
5.878374e-04
5.907173e-04
5.936043e-04
5.964983e-04
5.993993e-04
6.023073e-04
6.052224e-04
6.081445e-04
6.110736e-04
6.140098e-04
6.169530e-04
6.199032e-04
6.228604e-04
6.258247e-04
6.287960e-04
6.317743e-04
6.347597e-04
6.377520e-04
6.407515e-04
6.437579e-04
6.467714e-04
6.497918e-04
6.528194e-04
6.558539e-04
6.588955e-04
6.619441e-04
6.649997e-04
6.680624e-04
6.711320e-04
6.742088e-04
6.772925e-04
6.803833e-04
6.834811e-04
6.865859e-04
6.896977e-04
6.928166e-04
6.959425e-04
6.990754e-04
7.022154e-04
7.053624e-04
7.085164e-04
7.116774e-04
7.148455e-04
7.180206e-04
7.212027e-04
7.243919e-04
7.275881e-04
7.307913e-04
7.340015e-04
7.372188e-04
7.404431e-04
7.436744e-04
7.469127e-04
7.501581e-04
7.534105e-04
7.566700e-04
7.599364e-04
7.632099e-04
7.664904e-04
7.697780e-04
7.730725e-04
7.763741e-04
7.796827e-04
7.829984e-04
7.863211e-04
7.896508e-04
7.929875e-04
7.963313e-04
7.996821e-04
8.030399e-04
8.064047e-04
8.097766e-04
8.131555e-04
8.165414e-04
8.199344e-04
8.233344e-04
8.267414e-04
8.301554e-04
8.335765e-04
8.370046e-04
8.404397e-04
8.438819e-04
8.473310e-04
8.507872e-04
8.542505e-04
8.577207e-04
8.611980e-04
8.646823e-04
8.681737e-04
8.716720e-04
8.751774e-04
8.786899e-04
8.822093e-04
8.857358e-04
8.892693e-04
8.928099e-04
8.963574e-04
8.999120e-04
9.034736e-04
9.070423e-04
9.106180e-04
9.142007e-04
9.177904e-04
9.213871e-04
9.249909e-04
9.286017e-04
9.322196e-04
9.358445e-04
9.394764e-04
9.431153e-04
9.467612e-04
9.504142e-04
9.540742e-04
9.577413e-04
9.614153e-04
9.650964e-04
9.687845e-04
9.724797e-04
9.761818e-04
9.798910e-04
9.836073e-04
9.873305e-04
9.910608e-04
9.947981e-04
9.985425e-04
1.002294e-03
1.006052e-03
1.009818e-03
1.013590e-03
1.017370e-03
1.021156e-03
1.024950e-03
1.028750e-03
1.032558e-03
1.036372e-03
1.040194e-03
1.044023e-03
1.047858e-03
1.051701e-03
1.055551e-03
1.059408e-03
1.063271e-03
1.067142e-03
1.071020e-03
1.074905e-03
1.078797e-03
1.082696e-03
1.086602e-03
1.090515e-03
1.094435e-03
1.098362e-03
1.102296e-03
1.106237e-03
1.110185e-03
1.114141e-03
1.118103e-03
1.122072e-03
1.126048e-03
1.130031e-03
1.134022e-03
1.138019e-03
1.142023e-03
1.146035e-03
1.150053e-03
1.154079e-03
1.158111e-03
1.162151e-03
1.166197e-03
1.170251e-03
1.174311e-03
1.178379e-03
1.182454e-03
1.186535e-03
1.190624e-03
1.194720e-03
1.198822e-03
1.202932e-03
1.207049e-03
1.211173e-03
1.215304e-03
1.219442e-03
1.223587e-03
1.227738e-03
1.231897e-03
1.236063e-03
1.240236e-03
1.244417e-03
1.248604e-03
1.252798e-03
1.256999e-03
1.261207e-03
1.265422e-03
1.269644e-03
1.273874e-03
1.278110e-03
1.282353e-03
1.286604e-03
1.290861e-03
1.295125e-03
1.299397e-03
1.303675e-03
1.307961e-03
1.312253e-03
1.316553e-03
1.320859e-03
1.325173e-03
1.329493e-03
1.333821e-03
1.338156e-03
1.342497e-03
1.346846e-03
1.351202e-03
1.355565e-03
1.359934e-03
1.364311e-03
1.368695e-03
1.373086e-03
1.377484e-03
1.381889e-03
1.386301e-03
1.390720e-03
1.395146e-03
1.399579e-03
1.404019e-03
1.408466e-03
1.412920e-03
1.417381e-03
1.421850e-03
1.426325e-03
1.430807e-03
1.435296e-03
1.439793e-03
1.444296e-03
1.448806e-03
1.453324e-03
1.457848e-03
1.462380e-03
1.466918e-03
1.471463e-03
1.476016e-03
1.480576e-03
1.485142e-03
1.489716e-03
1.494296e-03
1.498884e-03
1.503479e-03
1.508080e-03
1.512689e-03
1.517305e-03
1.521928e-03
1.526558e-03
1.531194e-03
1.535838e-03
1.540489e-03
1.545147e-03
1.549812e-03
1.554484e-03
1.559163e-03
1.563849e-03
1.568542e-03
1.573242e-03
1.577949e-03
1.582664e-03
1.587385e-03
1.592113e-03
1.596848e-03
1.601591e-03
1.606340e-03
1.611096e-03
1.615859e-03
1.620630e-03
1.625407e-03
1.630192e-03
1.634983e-03
1.639782e-03
1.644587e-03
1.649400e-03
1.654219e-03
1.659046e-03
1.663879e-03
1.668720e-03
1.673568e-03
1.678423e-03
1.683284e-03
1.688153e-03
1.693029e-03
1.697912e-03
1.702802e-03
1.707698e-03
1.712602e-03
1.717513e-03
1.722431e-03
1.727356e-03
1.732288e-03
1.737227e-03
1.742173e-03
1.747126e-03
1.752087e-03
1.757054e-03
1.762028e-03
1.767009e-03
1.771997e-03
1.776993e-03
1.781995e-03
1.787004e-03
1.792021e-03
1.797044e-03
1.802074e-03
1.807112e-03
1.812156e-03
1.817208e-03
1.822266e-03
1.827332e-03
1.832404e-03
1.837484e-03
1.842570e-03
1.847664e-03
1.852765e-03
1.857873e-03
1.862987e-03
1.868109e-03
1.873238e-03
1.878374e-03
1.883516e-03
1.888666e-03
1.893823e-03
1.898987e-03
1.904158e-03
1.909336e-03
1.914521e-03
1.919713e-03
1.924912e-03
1.930118e-03
1.935331e-03
1.940552e-03
1.945779e-03
1.951013e-03
1.956254e-03
1.961502e-03
1.966758e-03
1.972020e-03
1.977289e-03
1.982566e-03
1.987849e-03
1.993140e-03
1.998437e-03
2.003742e-03
2.009053e-03
2.014372e-03
2.019697e-03
2.025030e-03
2.030369e-03
2.035716e-03
2.041070e-03
2.046430e-03
2.051798e-03
2.057173e-03
2.062555e-03
2.067943e-03
2.073339e-03
2.078742e-03
2.084152e-03
2.089569e-03
2.094993e-03
2.100424e-03
2.105862e-03
2.111307e-03
2.116759e-03
2.122218e-03
2.127684e-03
2.133157e-03
2.138638e-03
2.144125e-03
2.149619e-03
2.155120e-03
2.160628e-03
2.166144e-03
2.171666e-03
2.177196e-03
2.182732e-03
2.188275e-03
2.193826e-03
2.199383e-03
2.204948e-03
2.210519e-03
2.216098e-03
2.221683e-03
2.227276e-03
2.232876e-03
2.238482e-03
2.244096e-03
2.249717e-03
2.255345e-03
2.260979e-03
2.266621e-03
2.272270e-03
2.277926e-03
2.283589e-03
2.289259e-03
2.294936e-03
2.300620e-03
2.306311e-03
2.312009e-03
2.317714e-03
2.323426e-03
2.329145e-03
2.334871e-03
2.340604e-03
2.346344e-03
2.352092e-03
2.357846e-03
2.363607e-03
2.369375e-03
2.375151e-03
2.380933e-03
2.386722e-03
2.392519e-03
2.398322e-03
2.404133e-03
2.409950e-03
2.415775e-03
2.421606e-03
2.427445e-03
2.433291e-03
2.439143e-03
2.445003e-03
2.450870e-03
2.456743e-03
2.462624e-03
2.468512e-03
2.474407e-03
2.480308e-03
2.486217e-03
2.492133e-03
2.498056e-03
2.503986e-03
2.509923e-03
2.515867e-03
2.521818e-03
2.527776e-03
2.533741e-03
2.539713e-03
2.545692e-03
2.551679e-03
2.557672e-03
2.563672e-03
2.569679e-03
2.575694e-03
2.581715e-03
2.587743e-03
2.593779e-03
2.599821e-03
2.605870e-03
2.611927e-03
2.617990e-03
2.624061e-03
2.630138e-03
2.636223e-03
2.642314e-03
2.648413e-03
2.654519e-03
2.660631e-03
2.666751e-03
2.672878e-03
2.679011e-03
2.685152e-03
2.691300e-03
2.697455e-03
2.703617e-03
2.709786e-03
2.715962e-03
2.722144e-03
2.728334e-03
2.734531e-03
2.740735e-03
2.746946e-03
2.753165e-03
2.759390e-03
2.765622e-03
2.771861e-03
2.778107e-03
2.784360e-03
2.790621e-03
2.796888e-03
2.803162e-03
2.809443e-03
2.815732e-03
2.822027e-03
2.828330e-03
2.834639e-03
2.840956e-03
2.847279e-03
2.853610e-03
2.859947e-03
2.866292e-03
2.872643e-03
2.879002e-03
2.885368e-03
2.891740e-03
2.898120e-03
2.904507e-03
2.910900e-03
2.917301e-03
2.923709e-03
2.930124e-03
2.936546e-03
2.942975e-03
2.949411e-03
2.955854e-03
2.962304e-03
2.968761e-03
2.975225e-03
2.981696e-03
2.988174e-03
2.994659e-03
3.001151e-03
3.007650e-03
3.014157e-03
3.020670e-03
3.027190e-03
3.033717e-03
3.040252e-03
3.046793e-03
3.053341e-03
3.059897e-03
3.066459e-03
3.073029e-03
3.079605e-03
3.086189e-03
3.092779e-03
3.099377e-03
3.105981e-03
3.112593e-03
3.119212e-03
3.125837e-03
3.132470e-03
3.139110e-03
3.145757e-03
3.152410e-03
3.159071e-03
3.165739e-03
3.172414e-03
3.179096e-03
3.185785e-03
3.192481e-03
3.199184e-03
3.205894e-03
3.212611e-03
3.219335e-03
3.226066e-03
3.232804e-03
3.239549e-03
3.246301e-03
3.253061e-03
3.259827e-03
3.266600e-03
3.273380e-03
3.280168e-03
3.286962e-03
3.293763e-03
3.300572e-03
3.307387e-03
3.314210e-03
3.321039e-03
3.327876e-03
3.334719e-03
3.341570e-03
3.348427e-03
3.355292e-03
3.362164e-03
3.369042e-03
3.375928e-03
3.382821e-03
3.389720e-03
3.396627e-03
3.403541e-03
3.410462e-03
3.417390e-03
3.424325e-03
3.431267e-03
3.438216e-03
3.445172e-03
3.452135e-03
3.459105e-03
3.466082e-03
3.473066e-03
3.480057e-03
3.487055e-03
3.494060e-03
3.501072e-03
3.508092e-03
3.515118e-03
3.522151e-03
3.529192e-03
3.536239e-03
3.543293e-03
3.550355e-03
3.557423e-03
3.564498e-03
3.571581e-03
3.578670e-03
3.585767e-03
3.592871e-03
3.599981e-03
3.607099e-03
3.614223e-03
3.621355e-03
3.628494e-03
3.635640e-03
3.642792e-03
3.649952e-03
3.657119e-03
3.664293e-03
3.671474e-03
3.678661e-03
3.685856e-03
3.693058e-03
3.700267e-03
3.707483e-03
3.714706e-03
3.721936e-03
3.729174e-03
3.736418e-03
3.743669e-03
3.750927e-03
3.758192e-03
3.765464e-03
3.772744e-03
3.780030e-03
3.787323e-03
3.794624e-03
3.801931e-03
3.809245e-03
3.816567e-03
3.823895e-03
3.831231e-03
3.838573e-03
3.845923e-03
3.853279e-03
3.860643e-03
3.868013e-03
3.875391e-03
3.882776e-03
3.890167e-03
3.897566e-03
3.904972e-03
3.912385e-03
3.919805e-03
3.927231e-03
3.934665e-03
3.942106e-03
3.949554e-03
3.957009e-03
3.964471e-03
3.971940e-03
3.979416e-03
3.986899e-03
3.994389e-03
4.001886e-03
4.009390e-03
4.016902e-03
4.024420e-03
4.031945e-03
4.039477e-03
4.047016e-03
4.054563e-03
4.062116e-03
4.069676e-03
4.077244e-03
4.084818e-03
4.092400e-03
4.099988e-03
4.107584e-03
4.115186e-03
4.122796e-03
4.130412e-03
4.138036e-03
4.145667e-03
4.153304e-03
4.160949e-03
4.168601e-03
4.176259e-03
4.183925e-03
4.191598e-03
4.199278e-03
4.206965e-03
4.214659e-03
4.222359e-03
4.230067e-03
4.237782e-03
4.245504e-03
4.253233e-03
4.260969e-03
4.268713e-03
4.276463e-03
4.284220e-03
4.291984e-03
4.299755e-03
4.307533e-03
4.315319e-03
4.323111e-03
4.330910e-03
4.338717e-03
4.346530e-03
4.354350e-03
4.362178e-03
4.370012e-03
4.377854e-03
4.385702e-03
4.393558e-03
4.401420e-03
4.409290e-03
4.417166e-03
4.425050e-03
4.432941e-03
4.440838e-03
4.448743e-03
4.456655e-03
4.464574e-03
4.472499e-03
4.480432e-03
4.488372e-03
4.496319e-03
4.504273e-03
4.512234e-03
4.520202e-03
4.528177e-03
4.536159e-03
4.544148e-03
4.552144e-03
4.560147e-03
4.568157e-03
4.576174e-03
4.584198e-03
4.592230e-03
4.600268e-03
4.608313e-03
4.616365e-03
4.624425e-03
4.632491e-03
4.640565e-03
4.648645e-03
4.656732e-03
4.664827e-03
4.672928e-03
4.681037e-03
4.689152e-03
4.697275e-03
4.705405e-03
4.713541e-03
4.721685e-03
4.729836e-03
4.737993e-03
4.746158e-03
4.754330e-03
4.762509e-03
4.770694e-03
4.778887e-03
4.787087e-03
4.795294e-03
4.803508e-03
4.811729e-03
4.819957e-03
4.828192e-03
4.836434e-03
4.844683e-03
4.852939e-03
4.861202e-03
4.869472e-03
4.877750e-03
4.886034e-03
4.894325e-03
4.902623e-03
4.910929e-03
4.919241e-03
4.927560e-03
4.935887e-03
4.944220e-03
4.952560e-03
4.960908e-03
4.969262e-03
4.977624e-03
4.985992e-03
4.994368e-03
5.002751e-03
5.011140e-03
5.019537e-03
5.027941e-03
5.036351e-03
5.044769e-03
5.053194e-03
5.061626e-03
5.070064e-03
5.078510e-03
5.086963e-03
5.095423e-03
5.103890e-03
5.112364e-03
5.120845e-03
5.129333e-03
5.137828e-03
5.146330e-03
5.154839e-03
5.163355e-03
5.171878e-03
5.180409e-03
5.188946e-03
5.197490e-03
5.206041e-03
5.214600e-03
5.223165e-03
5.231737e-03
5.240317e-03
5.248903e-03
5.257496e-03
5.266097e-03
5.274704e-03
5.283319e-03
5.291940e-03
5.300569e-03
5.309205e-03
5.317847e-03
5.326497e-03
5.335153e-03
5.343817e-03
5.352488e-03
5.361166e-03
5.369850e-03
5.378542e-03
5.387241e-03
5.395947e-03
5.404660e-03
5.413380e-03
5.422107e-03
5.430841e-03
5.439582e-03
5.448330e-03
5.457085e-03
5.465847e-03
5.474616e-03
5.483392e-03
5.492175e-03
5.500966e-03
5.509763e-03
5.518567e-03
5.527378e-03
5.536197e-03
5.545022e-03
5.553854e-03
5.562694e-03
5.571540e-03
5.580394e-03
5.589254e-03
5.598122e-03
5.606996e-03
5.615878e-03
5.624766e-03
5.633662e-03
5.642565e-03
5.651474e-03
5.660391e-03
5.669315e-03
5.678245e-03
5.687183e-03
5.696128e-03
5.705080e-03
5.714039e-03
5.723005e-03
5.731978e-03
5.740958e-03
5.749944e-03
5.758938e-03
5.767940e-03
5.776948e-03
5.785963e-03
5.794985e-03
5.804014e-03
5.813050e-03
5.822093e-03
5.831144e-03
5.840201e-03
5.849265e-03
5.858336e-03
5.867415e-03
5.876500e-03
5.885592e-03
5.894692e-03
5.903798e-03
5.912912e-03
5.922032e-03
5.931160e-03
5.940294e-03
5.949436e-03
5.958585e-03
5.967740e-03
5.976903e-03
5.986073e-03
5.995249e-03
6.004433e-03
6.013624e-03
6.022822e-03
6.032026e-03
6.041238e-03
6.050457e-03
6.059683e-03
6.068916e-03
6.078156e-03
6.087403e-03
6.096657e-03
6.105918e-03
6.115186e-03
6.124461e-03
6.133743e-03
6.143033e-03
6.152329e-03
6.161632e-03
6.170942e-03
6.180260e-03
6.189584e-03
6.198915e-03
6.208254e-03
6.217599e-03
6.226951e-03
6.236311e-03
6.245677e-03
6.255051e-03
6.264431e-03
6.273819e-03
6.283213e-03
6.292615e-03
6.302024e-03
6.311439e-03
6.320862e-03
6.330292e-03
6.339729e-03
6.349172e-03
6.358623e-03
6.368081e-03
6.377546e-03
6.387018e-03
6.396497e-03
6.405983e-03
6.415475e-03
6.424975e-03
6.434482e-03
6.443997e-03
6.453518e-03
6.463046e-03
6.472581e-03
6.482123e-03
6.491672e-03
6.501228e-03
6.510792e-03
6.520362e-03
6.529939e-03
6.539524e-03
6.549115e-03
6.558713e-03
6.568319e-03
6.577931e-03
6.587551e-03
6.597177e-03
6.606811e-03
6.616451e-03
6.626099e-03
6.635753e-03
6.645415e-03
6.655084e-03
6.664759e-03
6.674442e-03
6.684132e-03
6.693829e-03
6.703532e-03
6.713243e-03
6.722961e-03
6.732686e-03
6.742418e-03
6.752157e-03
6.761903e-03
6.771656e-03
6.781416e-03
6.791183e-03
6.800957e-03
6.810738e-03
6.820526e-03
6.830321e-03
6.840123e-03
6.849933e-03
6.859749e-03
6.869572e-03
6.879402e-03
6.889240e-03
6.899084e-03
6.908936e-03
6.918794e-03
6.928659e-03
6.938532e-03
6.948411e-03
6.958298e-03
6.968191e-03
6.978092e-03
6.988000e-03
6.997914e-03
7.007836e-03
7.017765e-03
7.027700e-03
7.037643e-03
7.047593e-03
7.057550e-03
7.067513e-03
7.077484e-03
7.087462e-03
7.097447e-03
7.107439e-03
7.117438e-03
7.127444e-03
7.137457e-03
7.147477e-03
7.157504e-03
7.167538e-03
7.177579e-03
7.187627e-03
7.197683e-03
7.207745e-03
7.217814e-03
7.227890e-03
7.237974e-03
7.248064e-03
7.258161e-03
7.268266e-03
7.278377e-03
7.288495e-03
7.298621e-03
7.308753e-03
7.318893e-03
7.329039e-03
7.339193e-03
7.349354e-03
7.359521e-03
7.369696e-03
7.379878e-03
7.390066e-03
7.400262e-03
7.410465e-03
7.420675e-03
7.430891e-03
7.441115e-03
7.451346e-03
7.461584e-03
7.471829e-03
7.482081e-03
7.492340e-03
7.502606e-03
7.512879e-03
7.523159e-03
7.533446e-03
7.543740e-03
7.554041e-03
7.564350e-03
7.574665e-03
7.584987e-03
7.595316e-03
7.605652e-03
7.615996e-03
7.626346e-03
7.636704e-03
7.647068e-03
7.657439e-03
7.667818e-03
7.678203e-03
7.688596e-03
7.698995e-03
7.709402e-03
7.719815e-03
7.730236e-03
7.740664e-03
7.751098e-03
7.761540e-03
7.771989e-03
7.782445e-03
7.792907e-03
7.803377e-03
7.813854e-03
7.824338e-03
7.834829e-03
7.845327e-03
7.855832e-03
7.866344e-03
7.876863e-03
7.887389e-03
7.897922e-03
7.908462e-03
7.919009e-03
7.929563e-03
7.940124e-03
7.950693e-03
7.961268e-03
7.971850e-03
7.982439e-03
7.993036e-03
8.003639e-03
8.014249e-03
8.024867e-03
8.035491e-03
8.046123e-03
8.056761e-03
8.066742e-03
8.076688e-03
8.086598e-03
8.096474e-03
8.106314e-03
8.116120e-03
8.125890e-03
8.135626e-03
8.145326e-03
8.154992e-03
8.164622e-03
8.174217e-03
8.183777e-03
8.193303e-03
8.202793e-03
8.212248e-03
8.221668e-03
8.231053e-03
8.240403e-03
8.249718e-03
8.258998e-03
8.268242e-03
8.277452e-03
8.286627e-03
8.295767e-03
8.304871e-03
8.313941e-03
8.322975e-03
8.331975e-03
8.340939e-03
8.349869e-03
8.358763e-03
8.367622e-03
8.376447e-03
8.385236e-03
8.393990e-03
8.402709e-03
8.411393e-03
8.420042e-03
8.428656e-03
8.437235e-03
8.445779e-03
8.454288e-03
8.462762e-03
8.471201e-03
8.479604e-03
8.487973e-03
8.496307e-03
8.504605e-03
8.512869e-03
8.521097e-03
8.529291e-03
8.537449e-03
8.545573e-03
8.553661e-03
8.561714e-03
8.569733e-03
8.577716e-03
8.585664e-03
8.593577e-03
8.601455e-03
8.609298e-03
8.617106e-03
8.624879e-03
8.632617e-03
8.640320e-03
8.647987e-03
8.655620e-03
8.663218e-03
8.670781e-03
8.678308e-03
8.685801e-03
8.693258e-03
8.700681e-03
8.708068e-03
8.715421e-03
8.722738e-03
8.730020e-03
8.737267e-03
8.744480e-03
8.751657e-03
8.758799e-03
8.765906e-03
8.772978e-03
8.780015e-03
8.787017e-03
8.793984e-03
8.800916e-03
8.807813e-03
8.814674e-03
8.821501e-03
8.828293e-03
8.835049e-03
8.841771e-03
8.848457e-03
8.855109e-03
8.861725e-03
8.868307e-03
8.874853e-03
8.881364e-03
8.887841e-03
8.894282e-03
8.900688e-03
8.907059e-03
8.913395e-03
8.919696e-03
8.925962e-03
8.932193e-03
8.938389e-03
8.944550e-03
8.950676e-03
8.956767e-03
8.962822e-03
8.968843e-03
8.974829e-03
8.980779e-03
8.986695e-03
8.992575e-03
8.998421e-03
9.004231e-03
9.010007e-03
9.015747e-03
9.021452e-03
9.027122e-03
9.032758e-03
9.038358e-03
9.043923e-03
9.049453e-03
9.054948e-03
9.060408e-03
9.065833e-03
9.071223e-03
9.076577e-03
9.081897e-03
9.087182e-03
9.092432e-03
9.097646e-03
9.102826e-03
9.107970e-03
9.113080e-03
9.118154e-03
9.123194e-03
9.128198e-03
9.133168e-03
9.138102e-03
9.143001e-03
9.147865e-03
9.152694e-03
9.157489e-03
9.162248e-03
9.166972e-03
9.171661e-03
9.176315e-03
9.180933e-03
9.185517e-03
9.190066e-03
9.194580e-03
9.199059e-03
9.203502e-03
9.207911e-03
9.212284e-03
9.216623e-03
9.220926e-03
9.225195e-03
9.229428e-03
9.233627e-03
9.237790e-03
9.241918e-03
9.246011e-03
9.250070e-03
9.254093e-03
9.258081e-03
9.262034e-03
9.265952e-03
9.269835e-03
9.273683e-03
9.277495e-03
9.281273e-03
9.285016e-03
9.288724e-03
9.292396e-03
9.296034e-03
9.299637e-03
9.303204e-03
9.306737e-03
9.310234e-03
9.313696e-03
9.317124e-03
9.320516e-03
9.323873e-03
9.327196e-03
9.330483e-03
9.333735e-03
9.336952e-03
9.340134e-03
9.343281e-03
9.346393e-03
9.349470e-03
9.352512e-03
9.355519e-03
9.358490e-03
9.361427e-03
9.364329e-03
9.367195e-03
9.370027e-03
9.372824e-03
9.375585e-03
9.378312e-03
9.381003e-03
9.383659e-03
9.386281e-03
9.388867e-03
9.391418e-03
9.393934e-03
9.396415e-03
9.398862e-03
9.401273e-03
9.403649e-03
9.405990e-03
9.408295e-03
9.410566e-03
9.412802e-03
9.415003e-03
9.417169e-03
9.419299e-03
9.421395e-03
9.423456e-03
9.425481e-03
9.427472e-03
9.429427e-03
9.431348e-03
9.433233e-03
9.435083e-03
9.436899e-03
9.438679e-03
9.440424e-03
9.442134e-03
9.443809e-03
9.445449e-03
9.447054e-03
9.448624e-03
9.450159e-03
9.451659e-03
9.453124e-03
9.454554e-03
9.455949e-03
9.457308e-03
9.458633e-03
9.459923e-03
9.461177e-03
9.462397e-03
9.463581e-03
9.464731e-03
9.465845e-03
9.466924e-03
9.467969e-03
9.468978e-03
9.469952e-03
9.470891e-03
9.471795e-03
9.472664e-03
9.473499e-03
9.474298e-03
9.475061e-03
9.475790e-03
9.476484e-03
9.477143e-03
9.477767e-03
9.478355e-03
9.478909e-03
9.479428e-03
9.479911e-03
9.480360e-03
9.480773e-03
9.481152e-03
9.481495e-03
9.481804e-03
9.482077e-03
9.482315e-03
9.482518e-03
9.482687e-03
9.482820e-03
9.482918e-03
9.482981e-03
9.483009e-03
9.483002e-03
9.482960e-03
9.482883e-03
9.482770e-03
9.482623e-03
9.482441e-03
9.482224e-03
9.481971e-03
9.481684e-03
9.481361e-03
9.481004e-03
9.480611e-03
9.480184e-03
9.479721e-03
9.479223e-03
9.478913e-03
9.478913e-03
9.478913e-03
9.478913e-03
9.478913e-03
9.478913e-03
9.478913e-03
9.478913e-03
9.478913e-03
9.478913e-03
9.478913e-03
9.478913e-03
9.478913e-03
9.478913e-03
9.478913e-03
9.478913e-03
9.478913e-03
9.478913e-03
9.478913e-03
9.478913e-03
9.478913e-03
9.478913e-03
9.478913e-03
9.478913e-03
9.478913e-03
9.478913e-03
9.478913e-03
9.478913e-03
9.478913e-03
9.478913e-03
9.478913e-03
9.478913e-03
9.478913e-03
9.478913e-03
9.478913e-03
9.478913e-03
9.478913e-03
9.478913e-03
9.478913e-03
9.478913e-03
9.478913e-03
9.478913e-03
9.478913e-03
9.478913e-03
9.478913e-03
9.478913e-03
9.478913e-03
9.478913e-03
9.478913e-03
9.478913e-03
9.478913e-03
9.478913e-03
9.478913e-03
9.478913e-03
9.478913e-03
9.478913e-03
9.478913e-03
9.478913e-03
9.478913e-03
9.478913e-03
9.478913e-03
9.478913e-03
9.478913e-03
9.478913e-03
9.478913e-03
9.478913e-03
9.478913e-03
9.478913e-03
9.478913e-03
9.478913e-03
9.478913e-03
9.478913e-03
9.478913e-03
9.478913e-03
9.478913e-03
9.478913e-03
9.478913e-03
9.478913e-03
9.478913e-03
9.478913e-03
9.478913e-03
9.478913e-03
9.478913e-03
9.478913e-03
9.478913e-03
9.478913e-03
9.478913e-03
9.478913e-03
9.478913e-03
9.478913e-03
9.478913e-03
9.478913e-03
9.478913e-03
9.478913e-03
9.478913e-03
9.478913e-03
9.478913e-03
9.478913e-03
9.478913e-03
9.478913e-03
9.478913e-03
9.478913e-03
9.478913e-03
9.478913e-03
9.478913e-03
9.478913e-03
9.478913e-03
9.478913e-03
9.478913e-03
9.478913e-03
9.478913e-03
9.478913e-03
9.478913e-03
9.478913e-03
9.478913e-03
9.478913e-03
9.478913e-03
9.478913e-03
9.478913e-03
9.478913e-03
9.478913e-03
9.478913e-03
9.478913e-03
9.478913e-03
9.478913e-03
9.478913e-03
9.478913e-03
9.478913e-03
9.478913e-03
9.478913e-03
9.478913e-03
9.478913e-03
9.478913e-03
9.478913e-03
9.478913e-03
9.478913e-03
9.478913e-03
9.478913e-03
9.478913e-03
9.478913e-03
9.478913e-03
9.478913e-03
9.478913e-03
9.478913e-03
9.478913e-03
9.478913e-03
9.478913e-03
9.478913e-03
9.478913e-03
9.478913e-03
9.478913e-03
9.478913e-03
9.478913e-03
9.478913e-03
9.478913e-03
9.478913e-03
9.478913e-03
9.478913e-03
9.478913e-03
9.478913e-03
9.478913e-03
9.478913e-03
9.478913e-03
9.478913e-03
9.478913e-03
9.478913e-03
9.478913e-03
9.478913e-03
9.478913e-03
9.478913e-03
9.478913e-03
9.478913e-03
9.478913e-03
9.478913e-03
9.478913e-03
9.478913e-03
9.478913e-03
9.478913e-03
9.478913e-03
9.478913e-03
9.478913e-03
9.478913e-03
9.478913e-03
9.478913e-03
9.478913e-03
9.478913e-03
9.478913e-03
9.478913e-03
9.478913e-03
9.478913e-03
9.478913e-03
9.478913e-03
9.478913e-03
9.478913e-03
9.478913e-03
9.478913e-03
9.478913e-03
9.478913e-03
9.478913e-03
9.478913e-03
9.478913e-03
