0.000000e+00
1.110371e-07
2.290576e-07
3.540617e-07
4.860491e-07
6.250201e-07
7.709745e-07
9.239124e-07
1.083834e-06
1.250739e-06
1.424627e-06
1.605499e-06
1.793354e-06
1.988192e-06
2.190014e-06
2.398820e-06
2.614609e-06
2.837382e-06
3.067138e-06
3.303877e-06
3.547600e-06
3.798306e-06
4.055996e-06
4.320670e-06
4.592326e-06
4.870967e-06
5.156590e-06
5.449197e-06
5.748788e-06
6.055362e-06
6.368920e-06
6.689461e-06
7.016985e-06
7.351493e-06
7.692985e-06
8.041459e-06
8.396918e-06
8.759360e-06
9.128785e-06
9.505194e-06
9.888586e-06
1.027896e-05
1.067632e-05
1.108066e-05
1.149199e-05
1.191030e-05
1.233559e-05
1.276787e-05
1.320713e-05
1.365337e-05
1.410660e-05
1.456681e-05
1.503400e-05
1.550818e-05
1.598934e-05
1.647748e-05
1.697261e-05
1.747472e-05
1.798382e-05
1.849990e-05
1.902296e-05
1.955300e-05
2.009003e-05
2.063404e-05
2.118504e-05
2.174302e-05
2.230798e-05
2.287992e-05
2.345885e-05
2.404477e-05
2.463766e-05
2.523754e-05
2.584441e-05
2.645825e-05
2.707908e-05
2.770690e-05
2.834169e-05
2.898347e-05
2.963224e-05
3.028798e-05
3.095071e-05
3.162043e-05
3.229713e-05
3.298081e-05
3.367147e-05
3.436912e-05
3.507375e-05
3.578537e-05
3.650397e-05
3.722955e-05
3.796211e-05
3.870166e-05
3.944819e-05
4.020171e-05
4.096221e-05
4.172969e-05
4.250416e-05
4.328561e-05
4.407404e-05
4.486946e-05
4.567186e-05
4.648124e-05
4.729761e-05
4.812096e-05
4.895129e-05
4.978861e-05
5.063291e-05
5.148420e-05
5.234246e-05
5.320771e-05
5.407995e-05
5.495917e-05
5.584537e-05
5.673855e-05
5.763872e-05
5.854588e-05
5.946001e-05
6.038113e-05
6.130923e-05
6.224432e-05
6.318639e-05
6.413544e-05
6.509148e-05
6.605450e-05
6.702450e-05
6.800149e-05
6.898546e-05
6.997641e-05
7.097435e-05
7.197927e-05
7.299117e-05
7.401006e-05
7.503593e-05
7.606878e-05
7.710862e-05
7.815544e-05
7.920925e-05
8.027004e-05
8.133781e-05
8.241256e-05
8.349430e-05
8.458302e-05
8.567873e-05
8.678142e-05
8.789109e-05
8.900775e-05
9.013139e-05
9.126201e-05
9.239962e-05
9.354421e-05
9.469578e-05
9.585434e-05
9.701988e-05
9.819240e-05
9.937191e-05
1.005584e-04
1.017519e-04
1.029523e-04
1.041598e-04
1.053742e-04
1.065956e-04
1.078240e-04
1.090594e-04
1.103017e-04
1.115511e-04
1.128074e-04
1.140707e-04
1.153410e-04
1.166183e-04
1.179025e-04
1.191938e-04
1.204920e-04
1.217972e-04
1.231094e-04
1.244286e-04
1.257547e-04
1.270879e-04
1.284280e-04
1.297751e-04
1.311292e-04
1.324903e-04
1.338584e-04
1.352334e-04
1.366154e-04
1.380044e-04
1.394004e-04
1.408034e-04
1.422134e-04
1.436303e-04
1.450542e-04
1.464852e-04
1.479230e-04
1.493679e-04
1.508198e-04
1.522786e-04
1.537445e-04
1.552173e-04
1.566971e-04
1.581839e-04
1.596776e-04
1.611784e-04
1.626861e-04
1.642008e-04
1.657225e-04
1.672512e-04
1.687868e-04
1.703295e-04
1.718791e-04
1.734357e-04
1.749993e-04
1.765699e-04
1.781475e-04
1.797320e-04
1.813236e-04
1.829221e-04
1.845276e-04
1.861401e-04
1.877595e-04
1.893860e-04
1.910194e-04
1.926598e-04
1.943072e-04
1.959616e-04
1.976230e-04
1.992913e-04
2.009667e-04
2.026490e-04
2.043383e-04
2.060346e-04
2.077378e-04
2.094481e-04
2.111653e-04
2.128895e-04
2.146207e-04
2.163589e-04
2.181041e-04
2.198562e-04
2.216154e-04
2.233815e-04
2.251546e-04
2.269347e-04
2.287217e-04
2.305158e-04
2.323168e-04
2.341248e-04
2.359398e-04
2.377618e-04
2.395908e-04
2.414267e-04
2.432697e-04
2.451196e-04
2.469765e-04
2.488404e-04
2.507113e-04
2.525891e-04
2.544740e-04
2.563658e-04
2.582646e-04
2.601704e-04
2.620831e-04
2.640029e-04
2.659296e-04
2.678634e-04
2.698041e-04
2.717517e-04
2.737064e-04
2.756681e-04
2.776367e-04
2.796123e-04
2.815949e-04
2.835845e-04
2.855811e-04
2.875847e-04
2.895952e-04
2.916127e-04
2.936372e-04
2.956687e-04
2.977072e-04
2.997526e-04
3.018051e-04
3.038645e-04
3.059309e-04
3.080043e-04
3.100847e-04
3.121720e-04
3.142664e-04
3.163677e-04
3.184760e-04
3.205913e-04
3.227136e-04
3.248428e-04
3.269791e-04
3.291223e-04
3.312725e-04
3.334297e-04
3.355939e-04
3.377650e-04
3.399432e-04
3.421283e-04
3.443204e-04
3.465195e-04
3.487256e-04
3.509386e-04
3.531587e-04
3.553857e-04
3.576197e-04
3.598607e-04
3.621087e-04
3.643637e-04
3.666256e-04
3.688945e-04
3.711704e-04
3.734533e-04
3.757432e-04
3.780401e-04
3.803439e-04
3.826548e-04
3.849726e-04
3.872974e-04
3.896291e-04
3.919679e-04
3.943136e-04
3.966664e-04
3.990261e-04
4.013928e-04
4.037665e-04
4.061471e-04
4.085348e-04
4.109294e-04
4.133310e-04
4.157396e-04
4.181552e-04
4.205778e-04
4.230073e-04
4.254438e-04
4.278873e-04
4.303378e-04
4.327953e-04
4.352598e-04
4.377312e-04
4.402097e-04
4.426951e-04
4.451875e-04
4.476869e-04
4.501932e-04
4.527066e-04
4.552269e-04
4.577542e-04
4.602885e-04
4.628298e-04
4.653781e-04
4.679333e-04
4.704956e-04
4.730648e-04
4.756410e-04
4.782242e-04
4.808143e-04
4.834115e-04
4.860156e-04
4.886267e-04
4.912448e-04
4.938699e-04
4.965020e-04
4.991410e-04
5.017871e-04
5.044401e-04
5.071001e-04
5.097671e-04
5.124410e-04
5.151220e-04
5.178099e-04
5.205048e-04
5.232068e-04
5.259156e-04
5.286315e-04
5.313544e-04
5.340842e-04
5.368210e-04
5.395648e-04
5.423156e-04
5.450734e-04
5.478381e-04
5.506099e-04
5.533886e-04
5.561743e-04
5.589670e-04
5.617666e-04
5.645733e-04
5.673869e-04
5.702076e-04
5.730352e-04
5.758698e-04
5.787113e-04
5.815599e-04
5.844154e-04
5.872779e-04
5.901474e-04
5.930239e-04
5.959074e-04
5.987979e-04
6.016953e-04
6.045997e-04
6.075111e-04
6.104295e-04
6.133549e-04
6.162873e-04
6.192266e-04
6.221729e-04
6.251262e-04
6.280865e-04
6.310538e-04
6.340280e-04
6.370093e-04
6.399975e-04
6.429927e-04
6.459949e-04
6.490041e-04
6.520202e-04
6.550434e-04
6.580735e-04
6.611106e-04
6.641547e-04
6.672058e-04
6.702638e-04
6.733289e-04
6.764009e-04
6.794799e-04
6.825659e-04
6.856589e-04
6.887589e-04
6.918658e-04
6.949797e-04
6.981006e-04
7.012285e-04
7.043634e-04
7.075053e-04
7.106541e-04
7.138099e-04
7.169728e-04
7.201425e-04
7.233193e-04
7.265031e-04
7.296938e-04
7.328916e-04
7.360963e-04
7.393080e-04
7.425266e-04
7.457523e-04
7.489850e-04
7.522246e-04
7.554712e-04
7.587248e-04
7.619854e-04
7.652529e-04
7.685275e-04
7.718090e-04
7.750975e-04
7.783930e-04
7.816955e-04
7.850050e-04
7.883214e-04
7.916448e-04
7.949753e-04
7.983127e-04
8.016570e-04
8.050084e-04
8.083667e-04
8.117321e-04
8.151044e-04
8.184837e-04
8.218700e-04
8.252632e-04
8.286635e-04
8.320707e-04
8.354849e-04
8.389061e-04
8.423343e-04
8.457695e-04
8.492116e-04
8.526608e-04
8.561169e-04
8.595800e-04
8.630501e-04
8.665271e-04
8.700112e-04
8.735022e-04
8.770002e-04
8.805052e-04
8.840172e-04
8.875362e-04
8.910621e-04
8.945951e-04
8.981350e-04
9.016819e-04
9.052358e-04
9.087967e-04
9.123645e-04
9.159393e-04
9.195212e-04
9.231100e-04
9.267057e-04
9.303085e-04
9.339183e-04
9.375350e-04
9.411587e-04
9.447894e-04
9.484271e-04
9.520718e-04
9.557234e-04
9.593821e-04
9.630477e-04
9.667203e-04
9.703999e-04
9.740865e-04
9.777800e-04
9.814806e-04
9.851881e-04
9.889026e-04
9.926241e-04
9.963525e-04
1.000088e-03
1.003830e-03
1.007580e-03
1.011336e-03
1.015100e-03
1.018870e-03
1.022647e-03
1.026432e-03
1.030223e-03
1.034021e-03
1.037827e-03
1.041639e-03
1.045458e-03
1.049284e-03
1.053118e-03
1.056958e-03
1.060805e-03
1.064659e-03
1.068520e-03
1.072388e-03
1.076264e-03
1.080146e-03
1.084035e-03
1.087931e-03
1.091834e-03
1.095744e-03
1.099661e-03
1.103585e-03
1.107516e-03
1.111454e-03
1.115399e-03
1.119351e-03
1.123310e-03
1.127276e-03
1.131249e-03
1.135229e-03
1.139215e-03
1.143209e-03
1.147210e-03
1.151218e-03
1.155233e-03
1.159254e-03
1.163283e-03
1.167319e-03
1.171362e-03
1.175411e-03
1.179468e-03
1.183532e-03
1.187602e-03
1.191680e-03
1.195765e-03
1.199856e-03
1.203955e-03
1.208060e-03
1.212173e-03
1.216293e-03
1.220419e-03
1.224553e-03
1.228693e-03
1.232841e-03
1.236995e-03
1.241156e-03
1.245325e-03
1.249500e-03
1.253683e-03
1.257872e-03
1.262068e-03
1.266272e-03
1.270482e-03
1.274699e-03
1.278924e-03
1.283155e-03
1.287393e-03
1.291639e-03
1.295891e-03
1.300150e-03
1.304416e-03
1.308689e-03
1.312970e-03
1.317257e-03
1.321551e-03
1.325852e-03
1.330160e-03
1.334475e-03
1.338797e-03
1.343126e-03
1.347462e-03
1.351805e-03
1.356155e-03
1.360512e-03
1.364876e-03
1.369247e-03
1.373625e-03
1.378010e-03
1.382402e-03
1.386801e-03
1.391207e-03
1.395620e-03
1.400039e-03
1.404466e-03
1.408900e-03
1.413341e-03
1.417789e-03
1.422243e-03
1.426705e-03
1.431174e-03
1.435649e-03
1.440132e-03
1.444622e-03
1.449118e-03
1.453622e-03
1.458133e-03
1.462650e-03
1.467175e-03
1.471706e-03
1.476245e-03
1.480791e-03
1.485343e-03
1.489903e-03
1.494469e-03
1.499043e-03
1.503623e-03
1.508210e-03
1.512805e-03
1.517406e-03
1.522015e-03
1.526630e-03
1.531252e-03
1.535882e-03
1.540518e-03
1.545161e-03
1.549812e-03
1.554469e-03
1.559133e-03
1.563804e-03
1.568483e-03
1.573168e-03
1.577860e-03
1.582559e-03
1.587265e-03
1.591979e-03
1.596699e-03
1.601426e-03
1.606160e-03
1.610901e-03
1.615649e-03
1.620404e-03
1.625166e-03
1.629935e-03
1.634711e-03
1.639494e-03
1.644284e-03
1.649081e-03
1.653885e-03
1.658696e-03
1.663514e-03
1.668339e-03
1.673170e-03
1.678009e-03
1.682855e-03
1.687708e-03
1.692568e-03
1.697434e-03
1.702308e-03
1.707189e-03
1.712077e-03
1.716971e-03
1.721873e-03
1.726782e-03
1.731697e-03
1.736620e-03
1.741550e-03
1.746486e-03
1.751430e-03
1.756380e-03
1.761338e-03
1.766303e-03
1.771274e-03
1.776253e-03
1.781238e-03
1.786231e-03
1.791230e-03
1.796236e-03
1.801250e-03
1.806270e-03
1.811298e-03
1.816332e-03
1.821373e-03
1.826422e-03
1.831477e-03
1.836539e-03
1.841609e-03
1.846685e-03
1.851768e-03
1.856859e-03
1.861956e-03
1.867060e-03
1.872171e-03
1.877289e-03
1.882415e-03
1.887547e-03
1.892686e-03
1.897832e-03
1.902985e-03
1.908145e-03
1.913312e-03
1.918486e-03
1.923667e-03
1.928855e-03
1.934050e-03
1.939252e-03
1.944461e-03
1.949677e-03
1.954900e-03
1.960130e-03
1.965367e-03
1.970611e-03
1.975862e-03
1.981120e-03
1.986384e-03
1.991656e-03
1.996935e-03
2.002221e-03
2.007514e-03
2.012813e-03
2.018120e-03
2.023434e-03
2.028754e-03
2.034082e-03
2.039417e-03
2.044758e-03
2.050107e-03
2.055463e-03
2.060825e-03
2.066195e-03
2.071571e-03
2.076955e-03
2.082346e-03
2.087743e-03
2.093148e-03
2.098559e-03
2.103978e-03
2.109403e-03
2.114835e-03
2.120275e-03
2.125721e-03
2.131175e-03
2.136635e-03
2.142102e-03
2.147577e-03
2.153058e-03
2.158546e-03
2.164042e-03
2.169544e-03
2.175053e-03
2.180569e-03
2.186093e-03
2.191623e-03
2.197160e-03
2.202704e-03
2.208255e-03
2.213813e-03
2.219379e-03
2.224951e-03
2.230530e-03
2.236116e-03
2.241709e-03
2.247309e-03
2.252916e-03
2.258530e-03
2.264151e-03
2.269779e-03
2.275414e-03
2.281056e-03
2.286705e-03
2.292361e-03
2.298024e-03
2.303693e-03
2.309370e-03
2.315054e-03
2.320745e-03
2.326443e-03
2.332148e-03
2.337859e-03
2.343578e-03
2.349304e-03
2.355037e-03
2.360776e-03
2.366523e-03
2.372277e-03
2.378037e-03
2.383805e-03
2.389580e-03
2.395361e-03
2.401150e-03
2.406945e-03
2.412748e-03
2.418557e-03
2.424374e-03
2.430197e-03
2.436028e-03
2.441865e-03
2.447710e-03
2.453561e-03
2.459420e-03
2.465285e-03
2.471158e-03
2.477037e-03
2.482923e-03
2.488817e-03
2.494717e-03
2.500624e-03
2.506539e-03
2.512460e-03
2.518388e-03
2.524323e-03
2.530266e-03
2.536215e-03
2.542171e-03
2.548134e-03
2.554104e-03
2.560082e-03
2.566066e-03
2.572057e-03
2.578055e-03
2.584060e-03
2.590072e-03
2.596091e-03
2.602117e-03
2.608150e-03
2.614190e-03
2.620237e-03
2.626291e-03
2.632352e-03
2.638420e-03
2.644495e-03
2.650577e-03
2.656666e-03
2.662762e-03
2.668864e-03
2.674974e-03
2.681091e-03
2.687215e-03
2.693346e-03
2.699483e-03
2.705628e-03
2.711780e-03
2.717939e-03
2.724104e-03
2.730277e-03
2.736457e-03
2.742643e-03
2.748837e-03
2.755038e-03
2.761245e-03
2.767460e-03
2.773681e-03
2.779910e-03
2.786145e-03
2.792388e-03
2.798637e-03
2.804894e-03
2.811157e-03
2.817428e-03
2.823705e-03
2.829990e-03
2.836281e-03
2.842579e-03
2.848885e-03
2.855197e-03
2.861517e-03
2.867843e-03
2.874176e-03
2.880516e-03
2.886864e-03
2.893218e-03
2.899579e-03
2.905947e-03
2.912323e-03
2.918705e-03
2.925094e-03
2.931490e-03
2.937893e-03
2.944303e-03
2.950720e-03
2.957145e-03
2.963576e-03
2.970014e-03
2.976459e-03
2.982911e-03
2.989370e-03
2.995836e-03
3.002309e-03
3.008789e-03
3.015276e-03
3.021770e-03
3.028270e-03
3.034778e-03
3.041293e-03
3.047815e-03
3.054344e-03
3.060880e-03
3.067423e-03
3.073972e-03
3.080529e-03
3.087093e-03
3.093664e-03
3.100241e-03
3.106826e-03
3.113418e-03
3.120016e-03
3.126622e-03
3.133235e-03
3.139854e-03
3.146481e-03
3.153115e-03
3.159755e-03
3.166403e-03
3.173057e-03
3.179719e-03
3.186387e-03
3.193063e-03
3.199745e-03
3.206435e-03
3.213131e-03
3.219835e-03
3.226545e-03
3.233262e-03
3.239987e-03
3.246718e-03
3.253456e-03
3.260202e-03
3.266954e-03
3.273713e-03
3.280480e-03
3.287253e-03
3.294033e-03
3.300820e-03
3.307615e-03
3.314416e-03
3.321224e-03
3.328039e-03
3.334861e-03
3.341690e-03
3.348527e-03
3.355370e-03
3.362220e-03
3.369077e-03
3.375941e-03
3.382812e-03
3.389690e-03
3.396575e-03
3.403467e-03
3.410366e-03
3.417272e-03
3.424185e-03
3.431105e-03
3.438032e-03
3.444965e-03
3.451906e-03
3.458854e-03
3.465809e-03
3.472771e-03
3.479740e-03
3.486715e-03
3.493698e-03
3.500688e-03
3.507685e-03
3.514688e-03
3.521699e-03
3.528717e-03
3.535741e-03
3.542773e-03
3.549812e-03
3.556857e-03
3.563910e-03
3.570969e-03
3.578036e-03
3.585110e-03
3.592190e-03
3.599278e-03
3.606372e-03
3.613474e-03
3.620582e-03
3.627698e-03
3.634820e-03
3.641949e-03
3.649086e-03
3.656229e-03
3.663380e-03
3.670537e-03
3.677701e-03
3.684873e-03
3.692051e-03
3.699236e-03
3.706428e-03
3.713628e-03
3.720834e-03
3.728047e-03
3.735267e-03
3.742495e-03
3.749729e-03
3.756970e-03
3.764218e-03
3.771473e-03
3.778735e-03
3.786004e-03
3.793280e-03
3.800563e-03
3.807853e-03
3.815150e-03
3.822454e-03
3.829765e-03
3.837083e-03
3.844408e-03
3.851740e-03
3.859079e-03
3.866425e-03
3.873778e-03
3.881138e-03
3.888505e-03
3.895879e-03
3.903259e-03
3.910647e-03
3.918042e-03
3.925444e-03
3.932853e-03
3.940268e-03
3.947691e-03
3.955121e-03
3.962557e-03
3.970001e-03
3.977452e-03
3.984909e-03
3.992374e-03
3.999846e-03
4.007324e-03
4.014810e-03
4.022302e-03
4.029802e-03
4.037308e-03
4.044822e-03
4.052342e-03
4.059870e-03
4.067404e-03
4.074946e-03
4.082494e-03
4.090050e-03
4.097612e-03
4.105181e-03
4.112758e-03
4.120341e-03
4.127931e-03
4.135529e-03
4.143133e-03
4.150744e-03
4.158363e-03
4.165988e-03
4.173620e-03
4.181259e-03
4.188906e-03
4.196559e-03
4.204219e-03
4.211886e-03
4.219560e-03
4.227241e-03
4.234929e-03
4.242624e-03
4.250326e-03
4.258036e-03
4.265752e-03
4.273475e-03
4.281205e-03
4.288942e-03
4.296686e-03
4.304436e-03
4.312194e-03
4.319959e-03
4.327731e-03
4.335510e-03
4.343296e-03
4.351089e-03
4.358889e-03
4.366695e-03
4.374509e-03
4.382330e-03
4.390158e-03
4.397993e-03
4.405834e-03
4.413683e-03
4.421539e-03
4.429401e-03
4.437271e-03
4.445148e-03
4.453031e-03
4.460922e-03
4.468820e-03
4.476724e-03
4.484636e-03
4.492554e-03
4.500480e-03
4.508412e-03
4.516352e-03
4.524298e-03
4.532252e-03
4.540212e-03
4.548180e-03
4.556154e-03
4.564135e-03
4.572124e-03
4.580119e-03
4.588122e-03
4.596131e-03
4.604147e-03
4.612171e-03
4.620201e-03
4.628238e-03
4.636282e-03
4.644334e-03
4.652392e-03
4.660457e-03
4.668529e-03
4.676608e-03
4.684694e-03
4.692788e-03
4.700888e-03
4.708995e-03
4.717109e-03
4.725230e-03
4.733358e-03
4.741493e-03
4.749635e-03
4.757784e-03
4.765940e-03
4.774103e-03
4.782273e-03
4.790450e-03
4.798634e-03
4.806825e-03
4.815023e-03
4.823228e-03
4.831439e-03
4.839658e-03
4.847884e-03
4.856117e-03
4.864357e-03
4.872603e-03
4.880857e-03
4.889118e-03
4.897386e-03
4.905660e-03
4.913942e-03
4.922231e-03
4.930526e-03
4.938829e-03
4.947139e-03
4.955455e-03
4.963779e-03
4.972109e-03
4.980447e-03
4.988792e-03
4.997143e-03
5.005502e-03
5.013867e-03
5.022240e-03
5.030619e-03
5.039005e-03
5.047399e-03
5.055799e-03
5.064207e-03
5.072621e-03
5.081042e-03
5.089471e-03
5.097906e-03
5.106348e-03
5.114798e-03
5.123254e-03
5.131717e-03
5.140187e-03
5.148665e-03
5.157149e-03
5.165640e-03
5.174138e-03
5.182643e-03
5.191156e-03
5.199675e-03
5.208201e-03
5.216734e-03
5.225274e-03
5.233821e-03
5.242375e-03
5.250936e-03
5.259504e-03
5.268079e-03
5.276661e-03
5.285250e-03
5.293846e-03
5.302449e-03
5.311059e-03
5.319676e-03
5.328300e-03
5.336931e-03
5.345568e-03
5.354213e-03
5.362865e-03
5.371524e-03
5.380190e-03
5.388862e-03
5.397542e-03
5.406229e-03
5.414923e-03
5.423623e-03
5.432331e-03
5.441046e-03
5.449767e-03
5.458496e-03
5.467231e-03
5.475974e-03
5.484724e-03
5.493480e-03
5.502244e-03
5.511014e-03
5.519792e-03
5.528576e-03
5.537368e-03
5.546166e-03
5.554972e-03
5.563784e-03
5.572604e-03
5.581430e-03
5.590263e-03
5.599104e-03
5.607951e-03
5.616805e-03
5.625667e-03
5.634535e-03
5.643410e-03
5.652293e-03
5.661182e-03
5.670078e-03
5.678981e-03
5.687892e-03
5.696809e-03
5.705733e-03
5.714664e-03
5.723602e-03
5.732547e-03
5.741499e-03
5.750458e-03
5.759425e-03
5.768398e-03
5.777378e-03
5.786365e-03
5.795359e-03
5.804360e-03
5.813368e-03
5.822383e-03
5.831405e-03
5.840433e-03
5.849469e-03
5.858512e-03
5.867562e-03
5.876619e-03
5.885683e-03
5.894754e-03
5.903831e-03
5.912916e-03
5.922008e-03
5.931107e-03
5.940212e-03
5.949325e-03
5.958445e-03
5.967572e-03
5.976705e-03
5.985846e-03
5.994994e-03
6.004148e-03
6.013310e-03
6.022478e-03
6.031654e-03
6.040837e-03
6.050026e-03
6.059223e-03
6.068426e-03
6.077637e-03
6.086854e-03
6.096079e-03
6.105310e-03
6.114548e-03
6.123794e-03
6.133046e-03
6.142306e-03
6.151572e-03
6.160845e-03
6.170126e-03
6.179413e-03
6.188707e-03
6.198008e-03
6.207317e-03
6.216632e-03
6.225954e-03
6.235283e-03
6.244620e-03
6.253963e-03
6.263313e-03
6.272670e-03
6.282034e-03
6.291405e-03
6.300783e-03
6.310168e-03
6.319561e-03
6.328960e-03
6.338366e-03
6.347779e-03
6.357199e-03
6.366626e-03
6.376060e-03
6.385501e-03
6.394948e-03
6.404403e-03
6.413865e-03
6.423334e-03
6.432810e-03
6.442293e-03
6.451783e-03
6.461279e-03
6.470783e-03
6.480294e-03
6.489812e-03
6.499337e-03
6.508868e-03
6.518407e-03
6.527953e-03
6.537505e-03
6.547065e-03
6.556632e-03
6.566205e-03
6.575786e-03
6.585374e-03
6.594968e-03
6.604570e-03
6.614178e-03
6.623794e-03
6.633416e-03
6.643046e-03
6.652682e-03
6.662326e-03
6.671976e-03
6.681634e-03
6.691298e-03
6.700969e-03
6.710648e-03
6.720333e-03
6.730026e-03
6.739725e-03
6.749431e-03
6.759144e-03
6.768865e-03
6.778592e-03
6.788326e-03
6.798068e-03
6.807816e-03
6.817571e-03
6.827333e-03
6.837102e-03
6.846878e-03
6.856662e-03
6.866452e-03
6.876249e-03
6.886053e-03
6.895864e-03
6.905682e-03
6.915507e-03
6.925339e-03
6.935178e-03
6.945024e-03
6.954877e-03
6.964737e-03
6.974604e-03
6.984478e-03
6.994359e-03
7.004247e-03
7.014142e-03
7.024043e-03
7.033952e-03
7.043868e-03
7.053791e-03
7.063721e-03
7.073657e-03
7.083601e-03
7.093552e-03
7.103510e-03
7.113474e-03
7.123446e-03
7.133425e-03
7.143410e-03
7.153403e-03
7.163403e-03
7.173409e-03
7.183423e-03
7.193443e-03
7.203471e-03
7.213505e-03
7.223547e-03
7.233595e-03
7.243651e-03
7.253713e-03
7.263783e-03
7.273859e-03
7.283943e-03
7.294033e-03
7.304131e-03
7.314235e-03
7.324346e-03
7.334465e-03
7.344590e-03
7.354722e-03
7.364862e-03
7.375008e-03
7.385161e-03
7.395321e-03
7.405489e-03
7.415663e-03
7.425844e-03
7.436032e-03
7.446227e-03
7.456429e-03
7.466639e-03
7.476855e-03
7.487078e-03
7.497308e-03
7.507545e-03
7.517789e-03
7.528040e-03
7.538298e-03
7.548563e-03
7.558835e-03
7.569114e-03
7.579400e-03
7.589693e-03
7.599993e-03
7.610300e-03
7.620614e-03
7.630934e-03
7.641262e-03
7.651597e-03
7.661939e-03
7.672288e-03
7.682643e-03
7.693006e-03
7.703376e-03
7.713753e-03
7.724136e-03
7.734527e-03
7.744925e-03
7.755329e-03
7.765741e-03
7.776160e-03
7.786585e-03
7.797018e-03
7.807458e-03
7.817904e-03
7.828358e-03
7.838818e-03
7.849286e-03
7.859760e-03
7.870242e-03
7.880730e-03
7.891226e-03
7.901728e-03
7.912237e-03
7.922754e-03
7.933277e-03
7.943808e-03
7.954345e-03
7.964889e-03
7.975441e-03
7.985999e-03
7.996564e-03
8.007136e-03
8.017051e-03
8.026931e-03
8.036775e-03
8.046585e-03
8.056361e-03
8.066101e-03
8.075807e-03
8.085477e-03
8.095113e-03
8.104714e-03
8.114281e-03
8.123812e-03
8.133309e-03
8.142770e-03
8.152197e-03
8.161590e-03
8.170947e-03
8.180269e-03
8.189557e-03
8.198810e-03
8.208028e-03
8.217211e-03
8.226359e-03
8.235473e-03
8.244552e-03
8.253596e-03
8.262605e-03
8.271579e-03
8.280518e-03
8.289423e-03
8.298293e-03
8.307128e-03
8.315928e-03
8.324693e-03
8.333423e-03
8.342119e-03
8.350780e-03
8.359406e-03
8.367997e-03
8.376553e-03
8.385075e-03
8.393562e-03
8.402014e-03
8.410431e-03
8.418813e-03
8.427160e-03
8.435473e-03
8.443751e-03
8.451993e-03
8.460202e-03
8.468375e-03
8.476513e-03
8.484617e-03
8.492686e-03
8.500720e-03
8.508719e-03
8.516683e-03
8.524613e-03
8.532507e-03
8.540367e-03
8.548192e-03
8.555982e-03
8.563738e-03
8.571458e-03
8.579144e-03
8.586795e-03
8.594411e-03
8.601992e-03
8.609539e-03
8.617050e-03
8.624527e-03
8.631969e-03
8.639376e-03
8.646749e-03
8.654086e-03
8.661389e-03
8.668657e-03
8.675890e-03
8.683088e-03
8.690251e-03
8.697380e-03
8.704473e-03
8.711532e-03
8.718556e-03
8.725546e-03
8.732500e-03
8.739420e-03
8.746304e-03
8.753154e-03
8.759970e-03
8.766750e-03
8.773495e-03
8.780206e-03
8.786882e-03
8.793523e-03
8.800129e-03
8.806700e-03
8.813237e-03
8.819739e-03
8.826205e-03
8.832637e-03
8.839035e-03
8.845397e-03
8.851725e-03
8.858017e-03
8.864275e-03
8.870498e-03
8.876687e-03
8.882840e-03
8.888959e-03
8.895043e-03
8.901092e-03
8.907106e-03
8.913085e-03
8.919030e-03
8.924939e-03
8.930814e-03
8.936654e-03
8.942459e-03
8.948230e-03
8.953965e-03
8.959666e-03
8.965332e-03
8.970963e-03
8.976559e-03
8.982121e-03
8.987647e-03
8.993139e-03
8.998596e-03
9.004018e-03
9.009406e-03
9.014758e-03
9.020076e-03
9.025359e-03
9.030607e-03
9.035820e-03
9.040998e-03
9.046142e-03
9.051250e-03
9.056324e-03
9.061363e-03
9.066368e-03
9.071337e-03
9.076272e-03
9.081171e-03
9.086036e-03
9.090867e-03
9.095662e-03
9.100422e-03
9.105148e-03
9.109839e-03
9.114495e-03
9.119116e-03
9.123702e-03
9.128254e-03
9.132771e-03
9.137252e-03
9.141699e-03
9.146112e-03
9.150489e-03
9.154832e-03
9.159139e-03
9.163412e-03
9.167650e-03
9.171854e-03
9.176022e-03
9.180156e-03
9.184255e-03
9.188319e-03
9.192348e-03
9.196342e-03
9.200302e-03
9.204226e-03
9.208116e-03
9.211971e-03
9.215791e-03
9.219577e-03
9.223327e-03
9.227043e-03
9.230724e-03
9.234370e-03
9.237981e-03
9.241558e-03
9.245099e-03
9.248606e-03
9.252078e-03
9.255515e-03
9.258918e-03
9.262285e-03
9.265618e-03
9.268916e-03
9.272179e-03
9.275407e-03
9.278600e-03
9.281759e-03
9.284883e-03
9.287971e-03
9.291025e-03
9.294045e-03
9.297029e-03
9.299979e-03
9.302894e-03
9.305773e-03
9.308619e-03
9.311429e-03
9.314204e-03
9.316945e-03
9.319651e-03
9.322322e-03
9.324958e-03
9.327559e-03
9.330126e-03
9.332658e-03
9.335155e-03
9.337617e-03
9.340044e-03
9.342436e-03
9.344794e-03
9.347117e-03
9.349405e-03
9.351658e-03
9.353876e-03
9.356059e-03
9.358208e-03
9.360322e-03
9.362401e-03
9.364445e-03
9.366454e-03
9.368429e-03
9.370368e-03
9.372273e-03
9.374143e-03
9.375979e-03
9.377779e-03
9.379545e-03
9.381275e-03
9.382971e-03
9.384632e-03
9.386259e-03
9.387850e-03
9.389407e-03
9.390928e-03
9.392415e-03
9.393868e-03
9.395285e-03
9.396667e-03
9.398015e-03
9.399328e-03
9.400606e-03
9.401849e-03
9.403057e-03
9.404231e-03
9.405370e-03
9.406474e-03
9.407543e-03
9.408577e-03
9.409576e-03
9.410541e-03
9.411471e-03
9.412366e-03
9.413226e-03
9.414051e-03
9.414842e-03
9.415597e-03
9.416318e-03
9.417004e-03
9.417655e-03
9.418272e-03
9.418853e-03
9.419400e-03
9.419912e-03
9.420389e-03
9.420831e-03
9.421239e-03
9.421611e-03
9.421949e-03
9.422252e-03
9.422520e-03
9.422753e-03
9.422952e-03
9.423115e-03
9.423244e-03
9.423338e-03
9.423397e-03
9.423422e-03
9.423411e-03
9.423366e-03
9.423286e-03
9.423171e-03
9.423021e-03
9.422836e-03
9.422617e-03
9.422363e-03
9.422074e-03
9.421750e-03
9.421391e-03
9.420997e-03
9.420569e-03
9.420106e-03
9.419608e-03
9.419297e-03
9.419297e-03
9.419297e-03
9.419297e-03
9.419297e-03
9.419297e-03
9.419297e-03
9.419297e-03
9.419297e-03
9.419297e-03
9.419297e-03
9.419297e-03
9.419297e-03
9.419297e-03
9.419297e-03
9.419297e-03
9.419297e-03
9.419297e-03
9.419297e-03
9.419297e-03
9.419297e-03
9.419297e-03
9.419297e-03
9.419297e-03
9.419297e-03
9.419297e-03
9.419297e-03
9.419297e-03
9.419297e-03
9.419297e-03
9.419297e-03
9.419297e-03
9.419297e-03
9.419297e-03
9.419297e-03
9.419297e-03
9.419297e-03
9.419297e-03
9.419297e-03
9.419297e-03
9.419297e-03
9.419297e-03
9.419297e-03
9.419297e-03
9.419297e-03
9.419297e-03
9.419297e-03
9.419297e-03
9.419297e-03
9.419297e-03
9.419297e-03
9.419297e-03
9.419297e-03
9.419297e-03
9.419297e-03
9.419297e-03
9.419297e-03
9.419297e-03
9.419297e-03
9.419297e-03
9.419297e-03
9.419297e-03
9.419297e-03
9.419297e-03
9.419297e-03
9.419297e-03
9.419297e-03
9.419297e-03
9.419297e-03
9.419297e-03
9.419297e-03
9.419297e-03
9.419297e-03
9.419297e-03
9.419297e-03
9.419297e-03
9.419297e-03
9.419297e-03
9.419297e-03
9.419297e-03
9.419297e-03
9.419297e-03
9.419297e-03
9.419297e-03
9.419297e-03
9.419297e-03
9.419297e-03
9.419297e-03
9.419297e-03
9.419297e-03
9.419297e-03
9.419297e-03
9.419297e-03
9.419297e-03
9.419297e-03
9.419297e-03
9.419297e-03
9.419297e-03
9.419297e-03
9.419297e-03
9.419297e-03
9.419297e-03
9.419297e-03
9.419297e-03
9.419297e-03
9.419297e-03
9.419297e-03
9.419297e-03
9.419297e-03
9.419297e-03
9.419297e-03
9.419297e-03
9.419297e-03
9.419297e-03
9.419297e-03
9.419297e-03
9.419297e-03
9.419297e-03
9.419297e-03
9.419297e-03
9.419297e-03
9.419297e-03
9.419297e-03
9.419297e-03
9.419297e-03
9.419297e-03
9.419297e-03
9.419297e-03
9.419297e-03
9.419297e-03
9.419297e-03
9.419297e-03
9.419297e-03
9.419297e-03
9.419297e-03
9.419297e-03
9.419297e-03
9.419297e-03
9.419297e-03
9.419297e-03
9.419297e-03
9.419297e-03
9.419297e-03
9.419297e-03
9.419297e-03
9.419297e-03
9.419297e-03
9.419297e-03
9.419297e-03
9.419297e-03
9.419297e-03
9.419297e-03
9.419297e-03
9.419297e-03
9.419297e-03
9.419297e-03
9.419297e-03
9.419297e-03
9.419297e-03
9.419297e-03
9.419297e-03
9.419297e-03
9.419297e-03
9.419297e-03
9.419297e-03
9.419297e-03
9.419297e-03
9.419297e-03
9.419297e-03
9.419297e-03
9.419297e-03
9.419297e-03
9.419297e-03
9.419297e-03
9.419297e-03
9.419297e-03
9.419297e-03
9.419297e-03
9.419297e-03
9.419297e-03
9.419297e-03
9.419297e-03
9.419297e-03
9.419297e-03
9.419297e-03
9.419297e-03
9.419297e-03
9.419297e-03
9.419297e-03
9.419297e-03
9.419297e-03
9.419297e-03
9.419297e-03
9.419297e-03
9.419297e-03
9.419297e-03
9.419297e-03
9.419297e-03
9.419297e-03
9.419297e-03
9.419297e-03
