0.000000e+00
1.110371e-07
2.294276e-07
3.551716e-07
4.882690e-07
6.287199e-07
7.765243e-07
9.316820e-07
1.094193e-06
1.264058e-06
1.441276e-06
1.625848e-06
1.817773e-06
2.017051e-06
2.223683e-06
2.437668e-06
2.659007e-06
2.887700e-06
3.123745e-06
3.367144e-06
3.617897e-06
3.876003e-06
4.141463e-06
4.414276e-06
4.694442e-06
4.981962e-06
5.276835e-06
5.579062e-06
5.888642e-06
6.205576e-06
6.529863e-06
6.861504e-06
7.200498e-06
7.546845e-06
7.900546e-06
8.261600e-06
8.630008e-06
9.005770e-06
9.388884e-06
9.779352e-06
1.017717e-05
1.058235e-05
1.099488e-05
1.141476e-05
1.184199e-05
1.227658e-05
1.271853e-05
1.316782e-05
1.362447e-05
1.408847e-05
1.455983e-05
1.503854e-05
1.552460e-05
1.601802e-05
1.651879e-05
1.702691e-05
1.754239e-05
1.806522e-05
1.859540e-05
1.913294e-05
1.967783e-05
2.023007e-05
2.078967e-05
2.135662e-05
2.193093e-05
2.251259e-05
2.310160e-05
2.369796e-05
2.430168e-05
2.491275e-05
2.553118e-05
2.615695e-05
2.679009e-05
2.743057e-05
2.807841e-05
2.873360e-05
2.939615e-05
3.006605e-05
3.074330e-05
3.142791e-05
3.211987e-05
3.281918e-05
3.352585e-05
3.423987e-05
3.496124e-05
3.568997e-05
3.642605e-05
3.716948e-05
3.792027e-05
3.867841e-05
3.944390e-05
4.021675e-05
4.099695e-05
4.178451e-05
4.257941e-05
4.338167e-05
4.419129e-05
4.500826e-05
4.583258e-05
4.666425e-05
4.750328e-05
4.834967e-05
4.920340e-05
5.006449e-05
5.093293e-05
5.180873e-05
5.269188e-05
5.358238e-05
5.448024e-05
5.538545e-05
5.629801e-05
5.721793e-05
5.814520e-05
5.907982e-05
6.002180e-05
6.097113e-05
6.192781e-05
6.289185e-05
6.386324e-05
6.484198e-05
6.582808e-05
6.682153e-05
6.782233e-05
6.883049e-05
6.984600e-05
7.086887e-05
7.189909e-05
7.293666e-05
7.398158e-05
7.503386e-05
7.609349e-05
7.716048e-05
7.823482e-05
7.931651e-05
8.040556e-05
8.150196e-05
8.260571e-05
8.371682e-05
8.483528e-05
8.596109e-05
8.709426e-05
8.823478e-05
8.938265e-05
9.053788e-05
9.170046e-05
9.287039e-05
9.404768e-05
9.523232e-05
9.642431e-05
9.762366e-05
9.883036e-05
1.000444e-04
1.012658e-04
1.024946e-04
1.037307e-04
1.049742e-04
1.062250e-04
1.074832e-04
1.087487e-04
1.100216e-04
1.113018e-04
1.125894e-04
1.138843e-04
1.151866e-04
1.164963e-04
1.178133e-04
1.191376e-04
1.204694e-04
1.218084e-04
1.231548e-04
1.245086e-04
1.258697e-04
1.272382e-04
1.286140e-04
1.299972e-04
1.313878e-04
1.327856e-04
1.341909e-04
1.356035e-04
1.370234e-04
1.384507e-04
1.398854e-04
1.413274e-04
1.427768e-04
1.442335e-04
1.456976e-04
1.471690e-04
1.486478e-04
1.501339e-04
1.516274e-04
1.531282e-04
1.546364e-04
1.561520e-04
1.576749e-04
1.592051e-04
1.607427e-04
1.622877e-04
1.638400e-04
1.653997e-04
1.669667e-04
1.685411e-04
1.701228e-04
1.717119e-04
1.733083e-04
1.749121e-04
1.765232e-04
1.781417e-04
1.797676e-04
1.814008e-04
1.830413e-04
1.846892e-04
1.863445e-04
1.880071e-04
1.896771e-04
1.913544e-04
1.930391e-04
1.947311e-04
1.964305e-04
1.981372e-04
1.998513e-04
2.015728e-04
2.033016e-04
2.050377e-04
2.067812e-04
2.085321e-04
2.102903e-04
2.120558e-04
2.138287e-04
2.156090e-04
2.173966e-04
2.191916e-04
2.209940e-04
2.228036e-04
2.246207e-04
2.264451e-04
2.282768e-04
2.301159e-04
2.319624e-04
2.338162e-04
2.356773e-04
2.375458e-04
2.394217e-04
2.413049e-04
2.431955e-04
2.450934e-04
2.469987e-04
2.489113e-04
2.508313e-04
2.527586e-04
2.546933e-04
2.566354e-04
2.585848e-04
2.605415e-04
2.625056e-04
2.644771e-04
2.664559e-04
2.684421e-04
2.704356e-04
2.724365e-04
2.744447e-04
2.764603e-04
2.784832e-04
2.805135e-04
2.825511e-04
2.845961e-04
2.866485e-04
2.887082e-04
2.907752e-04
2.928497e-04
2.949314e-04
2.970205e-04
2.991170e-04
3.012208e-04
3.033320e-04
3.054505e-04
3.075764e-04
3.097096e-04
3.118502e-04
3.139982e-04
3.161535e-04
3.183161e-04
3.204861e-04
3.226635e-04
3.248482e-04
3.270403e-04
3.292397e-04
3.314464e-04
3.336606e-04
3.358820e-04
3.381109e-04
3.403471e-04
3.425906e-04
3.448415e-04
3.470997e-04
3.493653e-04
3.516383e-04
3.539186e-04
3.562062e-04
3.585012e-04
3.608036e-04
3.631133e-04
3.654304e-04
3.677548e-04
3.700866e-04
3.724257e-04
3.747722e-04
3.771261e-04
3.794873e-04
3.818558e-04
3.842317e-04
3.866150e-04
3.890056e-04
3.914035e-04
3.938088e-04
3.962215e-04
3.986415e-04
4.010689e-04
4.035036e-04
4.059457e-04
4.083951e-04
4.108519e-04
4.133161e-04
4.157876e-04
4.182664e-04
4.207526e-04
4.232462e-04
4.257471e-04
4.282553e-04
4.307710e-04
4.332939e-04
4.358242e-04
4.383619e-04
4.409069e-04
4.434593e-04
4.460191e-04
4.485862e-04
4.511606e-04
4.537424e-04
4.563315e-04
4.589280e-04
4.615319e-04
4.641431e-04
4.667617e-04
4.693876e-04
4.720209e-04
4.746615e-04
4.773095e-04
4.799648e-04
4.826275e-04
4.852975e-04
4.879749e-04
4.906596e-04
4.933517e-04
4.960512e-04
4.987580e-04
5.014722e-04
5.041937e-04
5.069225e-04
5.096588e-04
5.124023e-04
5.151533e-04
5.179115e-04
5.206772e-04
5.234502e-04
5.262305e-04
5.290182e-04
5.318132e-04
5.346156e-04
5.374254e-04
5.402425e-04
5.430669e-04
5.458988e-04
5.487379e-04
5.515844e-04
5.544383e-04
5.572995e-04
5.601681e-04
5.630441e-04
5.659274e-04
5.688180e-04
5.717160e-04
5.746213e-04
5.775340e-04
5.804541e-04
5.833815e-04
5.863163e-04
5.892584e-04
5.922078e-04
5.951647e-04
5.981288e-04
6.011004e-04
6.040793e-04
6.070655e-04
6.100591e-04
6.130600e-04
6.160683e-04
6.190840e-04
6.221070e-04
6.251373e-04
6.281750e-04
6.312201e-04
6.342725e-04
6.373323e-04
6.403994e-04
6.434739e-04
6.465557e-04
6.496449e-04
6.527414e-04
6.558453e-04
6.589566e-04
6.620752e-04
6.652011e-04
6.683344e-04
6.714751e-04
6.746231e-04
6.777785e-04
6.809412e-04
6.841113e-04
6.872887e-04
6.904735e-04
6.936656e-04
6.968651e-04
7.000719e-04
7.032861e-04
7.065077e-04
7.097366e-04
7.129728e-04
7.162164e-04
7.194674e-04
7.227257e-04
7.259914e-04
7.292644e-04
7.325447e-04
7.358325e-04
7.391276e-04
7.424300e-04
7.457398e-04
7.490569e-04
7.523814e-04
7.557133e-04
7.590525e-04
7.623990e-04
7.657529e-04
7.691142e-04
7.724828e-04
7.758588e-04
7.792421e-04
7.826328e-04
7.860308e-04
7.894362e-04
7.928489e-04
7.962690e-04
7.996964e-04
8.031312e-04
8.065734e-04
8.100229e-04
8.134798e-04
8.169440e-04
8.204155e-04
8.238944e-04
8.273807e-04
8.308743e-04
8.343753e-04
8.378836e-04
8.413993e-04
8.449224e-04
8.484528e-04
8.519905e-04
8.555356e-04
8.590881e-04
8.626479e-04
8.662150e-04
8.697895e-04
8.733714e-04
8.769606e-04
8.805572e-04
8.841611e-04
8.877724e-04
8.913910e-04
8.950170e-04
8.986503e-04
9.022910e-04
9.059391e-04
9.095945e-04
9.132572e-04
9.169273e-04
9.206048e-04
9.242896e-04
9.279818e-04
9.316813e-04
9.353882e-04
9.391024e-04
9.428240e-04
9.465529e-04
9.502892e-04
9.540329e-04
9.577838e-04
9.615422e-04
9.653079e-04
9.690810e-04
9.728614e-04
9.766491e-04
9.804442e-04
9.842467e-04
9.880565e-04
9.918737e-04
9.956982e-04
9.995301e-04
1.003369e-03
1.007216e-03
1.011070e-03
1.014931e-03
1.018800e-03
1.022676e-03
1.026559e-03
1.030450e-03
1.034348e-03
1.038253e-03
1.042166e-03
1.046086e-03
1.050014e-03
1.053949e-03
1.057891e-03
1.061840e-03
1.065797e-03
1.069761e-03
1.073733e-03
1.077712e-03
1.081698e-03
1.085692e-03
1.089693e-03
1.093701e-03
1.097717e-03
1.101740e-03
1.105771e-03
1.109808e-03
1.113853e-03
1.117906e-03
1.121966e-03
1.126033e-03
1.130108e-03
1.134189e-03
1.138279e-03
1.142375e-03
1.146479e-03
1.150591e-03
1.154709e-03
1.158835e-03
1.162969e-03
1.167109e-03
1.171257e-03
1.175413e-03
1.179576e-03
1.183746e-03
1.187923e-03
1.192108e-03
1.196300e-03
1.200500e-03
1.204707e-03
1.208921e-03
1.213143e-03
1.217372e-03
1.221608e-03
1.225852e-03
1.230103e-03
1.234361e-03
1.238627e-03
1.242900e-03
1.247180e-03
1.251468e-03
1.255763e-03
1.260066e-03
1.264376e-03
1.268693e-03
1.273017e-03
1.277349e-03
1.281689e-03
1.286035e-03
1.290389e-03
1.294751e-03
1.299119e-03
1.303495e-03
1.307879e-03
1.312269e-03
1.316667e-03
1.321073e-03
1.325486e-03
1.329906e-03
1.334333e-03
1.338768e-03
1.343210e-03
1.347660e-03
1.352117e-03
1.356581e-03
1.361053e-03
1.365532e-03
1.370018e-03
1.374512e-03
1.379013e-03
1.383521e-03
1.388037e-03
1.392560e-03
1.397091e-03
1.401628e-03
1.406174e-03
1.410726e-03
1.415286e-03
1.419853e-03
1.424428e-03
1.429010e-03
1.433599e-03
1.438196e-03
1.442800e-03
1.447411e-03
1.452030e-03
1.456656e-03
1.461289e-03
1.465930e-03
1.470578e-03
1.475234e-03
1.479896e-03
1.484567e-03
1.489244e-03
1.493929e-03
1.498621e-03
1.503321e-03
1.508028e-03
1.512742e-03
1.517464e-03
1.522193e-03
1.526929e-03
1.531673e-03
1.536424e-03
1.541182e-03
1.545948e-03
1.550721e-03
1.555502e-03
1.560289e-03
1.565085e-03
1.569887e-03
1.574697e-03
1.579514e-03
1.584339e-03
1.589171e-03
1.594010e-03
1.598857e-03
1.603711e-03
1.608572e-03
1.613441e-03
1.618317e-03
1.623200e-03
1.628091e-03
1.632989e-03
1.637895e-03
1.642808e-03
1.647728e-03
1.652655e-03
1.657590e-03
1.662533e-03
1.667482e-03
1.672439e-03
1.677403e-03
1.682375e-03
1.687354e-03
1.692341e-03
1.697334e-03
1.702335e-03
1.707344e-03
1.712360e-03
1.717383e-03
1.722413e-03
1.727451e-03
1.732496e-03
1.737549e-03
1.742609e-03
1.747676e-03
1.752751e-03
1.757833e-03
1.762922e-03
1.768019e-03
1.773123e-03
1.778234e-03
1.783353e-03
1.788479e-03
1.793612e-03
1.798753e-03
1.803901e-03
1.809057e-03
1.814220e-03
1.819390e-03
1.824567e-03
1.829752e-03
1.834944e-03
1.840144e-03
1.845351e-03
1.850565e-03
1.855787e-03
1.861016e-03
1.866253e-03
1.871496e-03
1.876747e-03
1.882006e-03
1.887272e-03
1.892545e-03
1.897825e-03
1.903113e-03
1.908408e-03
1.913711e-03
1.919021e-03
1.924338e-03
1.929663e-03
1.934995e-03
1.940334e-03
1.945681e-03
1.951035e-03
1.956396e-03
1.961765e-03
1.967141e-03
1.972525e-03
1.977915e-03
1.983314e-03
1.988719e-03
1.994132e-03
1.999552e-03
2.004980e-03
2.010415e-03
2.015857e-03
2.021307e-03
2.026764e-03
2.032228e-03
2.037700e-03
2.043179e-03
2.048665e-03
2.054159e-03
2.059660e-03
2.065168e-03
2.070684e-03
2.076207e-03
2.081738e-03
2.087276e-03
2.092821e-03
2.098374e-03
2.103934e-03
2.109501e-03
2.115076e-03
2.120658e-03
2.126247e-03
2.131844e-03
2.137448e-03
2.143059e-03
2.148678e-03
2.154304e-03
2.159938e-03
2.165578e-03
2.171227e-03
2.176882e-03
2.182545e-03
2.188215e-03
2.193893e-03
2.199578e-03
2.205270e-03
2.210970e-03
2.216677e-03
2.222391e-03
2.228113e-03
2.233842e-03
2.239578e-03
2.245322e-03
2.251073e-03
2.256832e-03
2.262598e-03
2.268371e-03
2.274151e-03
2.279939e-03
2.285734e-03
2.291537e-03
2.297347e-03
2.303164e-03
2.308989e-03
2.314821e-03
2.320660e-03
2.326507e-03
2.332361e-03
2.338223e-03
2.344091e-03
2.349968e-03
2.355851e-03
2.361742e-03
2.367640e-03
2.373546e-03
2.379459e-03
2.385379e-03
2.391306e-03
2.397241e-03
2.403184e-03
2.409133e-03
2.415090e-03
2.421055e-03
2.427027e-03
2.433006e-03
2.438992e-03
2.444986e-03
2.450987e-03
2.456996e-03
2.463011e-03
2.469035e-03
2.475065e-03
2.481103e-03
2.487148e-03
2.493201e-03
2.499261e-03
2.505328e-03
2.511403e-03
2.517485e-03
2.523574e-03
2.529671e-03
2.535775e-03
2.541887e-03
2.548006e-03
2.554132e-03
2.560265e-03
2.566406e-03
2.572554e-03
2.578710e-03
2.584873e-03
2.591043e-03
2.597221e-03
2.603406e-03
2.609598e-03
2.615798e-03
2.622005e-03
2.628219e-03
2.634441e-03
2.640670e-03
2.646906e-03
2.653150e-03
2.659401e-03
2.665660e-03
2.671926e-03
2.678199e-03
2.684480e-03
2.690768e-03
2.697063e-03
2.703366e-03
2.709676e-03
2.715993e-03
2.722318e-03
2.728650e-03
2.734989e-03
2.741336e-03
2.747690e-03
2.754051e-03
2.760420e-03
2.766796e-03
2.773180e-03
2.779571e-03
2.785969e-03
2.792375e-03
2.798788e-03
2.805208e-03
2.811636e-03
2.818071e-03
2.824513e-03
2.830963e-03
2.837420e-03
2.843884e-03
2.850356e-03
2.856835e-03
2.863321e-03
2.869815e-03
2.876316e-03
2.882825e-03
2.889341e-03
2.895864e-03
2.902395e-03
2.908933e-03
2.915478e-03
2.922031e-03
2.928591e-03
2.935158e-03
2.941733e-03
2.948315e-03
2.954904e-03
2.961501e-03
2.968105e-03
2.974717e-03
2.981335e-03
2.987962e-03
2.994595e-03
3.001236e-03
3.007884e-03
3.014540e-03
3.021203e-03
3.027873e-03
3.034551e-03
3.041236e-03
3.047928e-03
3.054628e-03
3.061335e-03
3.068050e-03
3.074771e-03
3.081500e-03
3.088237e-03
3.094981e-03
3.101732e-03
3.108491e-03
3.115256e-03
3.122030e-03
3.128810e-03
3.135598e-03
3.142394e-03
3.149196e-03
3.156006e-03
3.162824e-03
3.169648e-03
3.176481e-03
3.183320e-03
3.190167e-03
3.197021e-03
3.203882e-03
3.210751e-03
3.217628e-03
3.224511e-03
3.231402e-03
3.238300e-03
3.245206e-03
3.252119e-03
3.259039e-03
3.265967e-03
3.272902e-03
3.279844e-03
3.286794e-03
3.293751e-03
3.300716e-03
3.307687e-03
3.314667e-03
3.321653e-03
3.328647e-03
3.335648e-03
3.342657e-03
3.349673e-03
3.356696e-03
3.363727e-03
3.370765e-03
3.377810e-03
3.384863e-03
3.391923e-03
3.398990e-03
3.406065e-03
3.413147e-03
3.420236e-03
3.427333e-03
3.434437e-03
3.441549e-03
3.448668e-03
3.455794e-03
3.462928e-03
3.470069e-03
3.477217e-03
3.484372e-03
3.491535e-03
3.498706e-03
3.505883e-03
3.513069e-03
3.520261e-03
3.527461e-03
3.534668e-03
3.541882e-03
3.549104e-03
3.556333e-03
3.563570e-03
3.570814e-03
3.578065e-03
3.585324e-03
3.592589e-03
3.599863e-03
3.607143e-03
3.614431e-03
3.621727e-03
3.629030e-03
3.636340e-03
3.643657e-03
3.650982e-03
3.658314e-03
3.665653e-03
3.673000e-03
3.680354e-03
3.687716e-03
3.695085e-03
3.702461e-03
3.709845e-03
3.717236e-03
3.724634e-03
3.732040e-03
3.739453e-03
3.746873e-03
3.754301e-03
3.761736e-03
3.769178e-03
3.776628e-03
3.784085e-03
3.791550e-03
3.799021e-03
3.806501e-03
3.813987e-03
3.821481e-03
3.828982e-03
3.836491e-03
3.844007e-03
3.851530e-03
3.859061e-03
3.866599e-03
3.874144e-03
3.881697e-03
3.889257e-03
3.896824e-03
3.904399e-03
3.911981e-03
3.919571e-03
3.927168e-03
3.934772e-03
3.942384e-03
3.950002e-03
3.957629e-03
3.965262e-03
3.972903e-03
3.980552e-03
3.988207e-03
3.995870e-03
4.003541e-03
4.011218e-03
4.018904e-03
4.026596e-03
4.034296e-03
4.042003e-03
4.049717e-03
4.057439e-03
4.065168e-03
4.072905e-03
4.080649e-03
4.088400e-03
4.096159e-03
4.103925e-03
4.111698e-03
4.119479e-03
4.127267e-03
4.135062e-03
4.142865e-03
4.150675e-03
4.158493e-03
4.166317e-03
4.174150e-03
4.181989e-03
4.189836e-03
4.197690e-03
4.205552e-03
4.213421e-03
4.221297e-03
4.229181e-03
4.237072e-03
4.244970e-03
4.252876e-03
4.260789e-03
4.268709e-03
4.276637e-03
4.284572e-03
4.292514e-03
4.300464e-03
4.308421e-03
4.316386e-03
4.324358e-03
4.332337e-03
4.340324e-03
4.348317e-03
4.356319e-03
4.364327e-03
4.372343e-03
4.380367e-03
4.388397e-03
4.396435e-03
4.404481e-03
4.412534e-03
4.420594e-03
4.428661e-03
4.436736e-03
4.444818e-03
4.452908e-03
4.461005e-03
4.469109e-03
4.477220e-03
4.485339e-03
4.493466e-03
4.501599e-03
4.509740e-03
4.517889e-03
4.526044e-03
4.534208e-03
4.542378e-03
4.550556e-03
4.558741e-03
4.566933e-03
4.575133e-03
4.583340e-03
4.591555e-03
4.599777e-03
4.608006e-03
4.616243e-03
4.624487e-03
4.632738e-03
4.640997e-03
4.649263e-03
4.657536e-03
4.665817e-03
4.674105e-03
4.682400e-03
4.690703e-03
4.699013e-03
4.707331e-03
4.715655e-03
4.723988e-03
4.732327e-03
4.740674e-03
4.749028e-03
4.757390e-03
4.765759e-03
4.774135e-03
4.782519e-03
4.790910e-03
4.799308e-03
4.807714e-03
4.816127e-03
4.824547e-03
4.832975e-03
4.841410e-03
4.849853e-03
4.858303e-03
4.866760e-03
4.875224e-03
4.883696e-03
4.892176e-03
4.900662e-03
4.909156e-03
4.917658e-03
4.926166e-03
4.934682e-03
4.943206e-03
4.951736e-03
4.960274e-03
4.968820e-03
4.977373e-03
4.985933e-03
4.994500e-03
5.003075e-03
5.011657e-03
5.020247e-03
5.028844e-03
5.037448e-03
5.046060e-03
5.054679e-03
5.063305e-03
5.071939e-03
5.080580e-03
5.089228e-03
5.097884e-03
5.106547e-03
5.115218e-03
5.123895e-03
5.132580e-03
5.141273e-03
5.149973e-03
5.158680e-03
5.167395e-03
5.176117e-03
5.184846e-03
5.193582e-03
5.202326e-03
5.211078e-03
5.219837e-03
5.228603e-03
5.237376e-03
5.246157e-03
5.254945e-03
5.263740e-03
5.272543e-03
5.281353e-03
5.290171e-03
5.298996e-03
5.307828e-03
5.316667e-03
5.325514e-03
5.334369e-03
5.343230e-03
5.352099e-03
5.360976e-03
5.369859e-03
5.378750e-03
5.387649e-03
5.396555e-03
5.405468e-03
5.414388e-03
5.423316e-03
5.432251e-03
5.441194e-03
5.450144e-03
5.459101e-03
5.468065e-03
5.477037e-03
5.486017e-03
5.495003e-03
5.503997e-03
5.512999e-03
5.522007e-03
5.531023e-03
5.540047e-03
5.549078e-03
5.558116e-03
5.567161e-03
5.576214e-03
5.585274e-03
5.594342e-03
5.603417e-03
5.612499e-03
5.621589e-03
5.630686e-03
5.639790e-03
5.648901e-03
5.658020e-03
5.667147e-03
5.676281e-03
5.685422e-03
5.694570e-03
5.703726e-03
5.712889e-03
5.722059e-03
5.731237e-03
5.740422e-03
5.749615e-03
5.758815e-03
5.768022e-03
5.777237e-03
5.786459e-03
5.795688e-03
5.804925e-03
5.814169e-03
5.823420e-03
5.832679e-03
5.841945e-03
5.851218e-03
5.860499e-03
5.869787e-03
5.879083e-03
5.888386e-03
5.897696e-03
5.907013e-03
5.916338e-03
5.925671e-03
5.935010e-03
5.944357e-03
5.953712e-03
5.963073e-03
5.972442e-03
5.981819e-03
5.991202e-03
6.000593e-03
6.009992e-03
6.019398e-03
6.028811e-03
6.038231e-03
6.047659e-03
6.057094e-03
6.066537e-03
6.075987e-03
6.085444e-03
6.094909e-03
6.104381e-03
6.113860e-03
6.123347e-03
6.132841e-03
6.142342e-03
6.151851e-03
6.161367e-03
6.170890e-03
6.180421e-03
6.189959e-03
6.199505e-03
6.209058e-03
6.218618e-03
6.228186e-03
6.237761e-03
6.247343e-03
6.256932e-03
6.266529e-03
6.276134e-03
6.285745e-03
6.295365e-03
6.304991e-03
6.314625e-03
6.324266e-03
6.333914e-03
6.343570e-03
6.353233e-03
6.362904e-03
6.372582e-03
6.382267e-03
6.391959e-03
6.401659e-03
6.411367e-03
6.421081e-03
6.430803e-03
6.440533e-03
6.450269e-03
6.460013e-03
6.469765e-03
6.479524e-03
6.489290e-03
6.499063e-03
6.508844e-03
6.518632e-03
6.528428e-03
6.538231e-03
6.548041e-03
6.557858e-03
6.567683e-03
6.577516e-03
6.587355e-03
6.597202e-03
6.607057e-03
6.616918e-03
6.626787e-03
6.636664e-03
6.646548e-03
6.656439e-03
6.666337e-03
6.676243e-03
6.686156e-03
6.696077e-03
6.706005e-03
6.715940e-03
6.725883e-03
6.735832e-03
6.745790e-03
6.755754e-03
6.765726e-03
6.775706e-03
6.785693e-03
6.795687e-03
6.805688e-03
6.815697e-03
6.825713e-03
6.835736e-03
6.845767e-03
6.855805e-03
6.865851e-03
6.875904e-03
6.885964e-03
6.896032e-03
6.906107e-03
6.916189e-03
6.926279e-03
6.936376e-03
6.946480e-03
6.956592e-03
6.966711e-03
6.976837e-03
6.986971e-03
6.997112e-03
7.007261e-03
7.017417e-03
7.027580e-03
7.037750e-03
7.047928e-03
7.058114e-03
7.068306e-03
7.078506e-03
7.088713e-03
7.098928e-03
7.109150e-03
7.119380e-03
7.129616e-03
7.139860e-03
7.150112e-03
7.160371e-03
7.170637e-03
7.180910e-03
7.191191e-03
7.201479e-03
7.211775e-03
7.222078e-03
7.232388e-03
7.242706e-03
7.253031e-03
7.263363e-03
7.273703e-03
7.284050e-03
7.294404e-03
7.304766e-03
7.315135e-03
7.325511e-03
7.335895e-03
7.346286e-03
7.356685e-03
7.367091e-03
7.377504e-03
7.387925e-03
7.398353e-03
7.408788e-03
7.419230e-03
7.429680e-03
7.440138e-03
7.450602e-03
7.461075e-03
7.471554e-03
7.482041e-03
7.492535e-03
7.503036e-03
7.513545e-03
7.524061e-03
7.534585e-03
7.545116e-03
7.555654e-03
7.566199e-03
7.576752e-03
7.587313e-03
7.597880e-03
7.608455e-03
7.619038e-03
7.629627e-03
7.640224e-03
7.650829e-03
7.661441e-03
7.672060e-03
7.682686e-03
7.693320e-03
7.703961e-03
7.714610e-03
7.725266e-03
7.735929e-03
7.746599e-03
7.757277e-03
7.767963e-03
7.778655e-03
7.789355e-03
7.800063e-03
7.810777e-03
7.821499e-03
7.832229e-03
7.842966e-03
7.853710e-03
7.864461e-03
7.875220e-03
7.885986e-03
7.896760e-03
7.907541e-03
7.918329e-03
7.929125e-03
7.939927e-03
7.950738e-03
7.961555e-03
7.972380e-03
7.983213e-03
7.994053e-03
8.004900e-03
8.015754e-03
8.026616e-03
8.037485e-03
8.048361e-03
8.059245e-03
8.070136e-03
8.081035e-03
8.091941e-03
8.102854e-03
8.113775e-03
8.124703e-03
8.135638e-03
8.146581e-03
8.157531e-03
8.168488e-03
8.179453e-03
8.190425e-03
8.201404e-03
8.212391e-03
8.223385e-03
8.234387e-03
8.245396e-03
8.256412e-03
8.267435e-03
8.278466e-03
8.289505e-03
8.300550e-03
8.311603e-03
8.322663e-03
8.333731e-03
8.344806e-03
8.355889e-03
8.366978e-03
8.378075e-03
8.389180e-03
8.400292e-03
8.411411e-03
8.422537e-03
8.433006e-03
8.443439e-03
8.453835e-03
8.464194e-03
8.474516e-03
8.484802e-03
8.495051e-03
8.505263e-03
8.515439e-03
8.525578e-03
8.535681e-03
8.545746e-03
8.555776e-03
8.565768e-03
8.575724e-03
8.585643e-03
8.595525e-03
8.605371e-03
8.615180e-03
8.624952e-03
8.634688e-03
8.644387e-03
8.654049e-03
8.663675e-03
8.673264e-03
8.682817e-03
8.692332e-03
8.701811e-03
8.711254e-03
8.720659e-03
8.730028e-03
8.739361e-03
8.748656e-03
8.757915e-03
8.767138e-03
8.776323e-03
8.785472e-03
8.794585e-03
8.803660e-03
8.812699e-03
8.821702e-03
8.830667e-03
8.839596e-03
8.848489e-03
8.857344e-03
8.866163e-03
8.874946e-03
8.883691e-03
8.892400e-03
8.901073e-03
8.909708e-03
8.918307e-03
8.926870e-03
8.935395e-03
8.943884e-03
8.952336e-03
8.960752e-03
8.969131e-03
8.977473e-03
8.985779e-03
8.994048e-03
9.002280e-03
9.010476e-03
9.018635e-03
9.026757e-03
9.034842e-03
9.042891e-03
9.050904e-03
9.058879e-03
9.066818e-03
9.074720e-03
9.082586e-03
9.090415e-03
9.098207e-03
9.105963e-03
9.113682e-03
9.121364e-03
9.129009e-03
9.136618e-03
9.144190e-03
9.151726e-03
9.159225e-03
9.166687e-03
9.174113e-03
9.181502e-03
9.188854e-03
9.196169e-03
9.203448e-03
9.210690e-03
9.217896e-03
9.225065e-03
9.232197e-03
9.239292e-03
9.246351e-03
9.253373e-03
9.260359e-03
9.267308e-03
9.274220e-03
9.281095e-03
9.287934e-03
9.294736e-03
9.301502e-03
9.308231e-03
9.314923e-03
9.321578e-03
9.328197e-03
9.334779e-03
9.341325e-03
9.347834e-03
9.354306e-03
9.360741e-03
9.367140e-03
9.373502e-03
9.379828e-03
9.386116e-03
9.392368e-03
9.398584e-03
9.404763e-03
9.410905e-03
9.417010e-03
9.423079e-03
9.429111e-03
9.435106e-03
9.441065e-03
9.446987e-03
9.452873e-03
9.458721e-03
9.464534e-03
9.470309e-03
9.476048e-03
9.481750e-03
9.487415e-03
9.493044e-03
9.498636e-03
9.504191e-03
9.509710e-03
9.515192e-03
9.520638e-03
9.526046e-03
9.531418e-03
9.536754e-03
9.542052e-03
9.547314e-03
9.552540e-03
9.557729e-03
9.562881e-03
9.567996e-03
9.573075e-03
9.578117e-03
9.583122e-03
9.588091e-03
9.593023e-03
9.597918e-03
9.602777e-03
9.607599e-03
9.612384e-03
9.617133e-03
9.621845e-03
9.626520e-03
9.631159e-03
9.635761e-03
9.640326e-03
9.644855e-03
9.649347e-03
9.653802e-03
9.658221e-03
9.662602e-03
9.666948e-03
9.671256e-03
9.675528e-03
9.679764e-03
9.683962e-03
9.688124e-03
9.692250e-03
9.696338e-03
9.700390e-03
9.704405e-03
9.708384e-03
9.712326e-03
9.716231e-03
9.720100e-03
9.723932e-03
9.727727e-03
9.731486e-03
9.735207e-03
9.738893e-03
9.742541e-03
9.746153e-03
9.749728e-03
9.753267e-03
9.756769e-03
9.760234e-03
9.763663e-03
9.767055e-03
9.770410e-03
9.773728e-03
9.777010e-03
9.780255e-03
9.783464e-03
9.786636e-03
9.789771e-03
9.792870e-03
9.795931e-03
9.798957e-03
9.801945e-03
9.804897e-03
9.807812e-03
9.810691e-03
9.813533e-03
9.816338e-03
9.819106e-03
9.821838e-03
9.824533e-03
9.827192e-03
9.829814e-03
9.832399e-03
9.834947e-03
9.837459e-03
9.839934e-03
9.842373e-03
9.844775e-03
9.847140e-03
9.849468e-03
9.851760e-03
9.854015e-03
9.856234e-03
9.858415e-03
9.860561e-03
9.862669e-03
9.864741e-03
9.866776e-03
9.868774e-03
9.870736e-03
9.872661e-03
9.874550e-03
9.876401e-03
9.878217e-03
9.879995e-03
9.881737e-03
9.883442e-03
9.885110e-03
9.886742e-03
9.888337e-03
9.889896e-03
9.891417e-03
9.892902e-03
9.894351e-03
9.895763e-03
9.897138e-03
9.898476e-03
9.899778e-03
9.901043e-03
9.902271e-03
9.903463e-03
9.904618e-03
9.905736e-03
9.906818e-03
9.907863e-03
9.908871e-03
9.909843e-03
9.910778e-03
9.911677e-03
9.912538e-03
9.913363e-03
9.914152e-03
9.914903e-03
9.915618e-03
9.916297e-03
9.916938e-03
9.917543e-03
9.918112e-03
9.918643e-03
9.919138e-03
9.919597e-03
9.920018e-03
9.920403e-03
9.920752e-03
9.921063e-03
9.921338e-03
9.921577e-03
9.921778e-03
9.921943e-03
9.922072e-03
9.922163e-03
9.922218e-03
9.922236e-03
9.922218e-03
9.922163e-03
9.922071e-03
9.921943e-03
9.921778e-03
9.921576e-03
9.921338e-03
9.921063e-03
9.920751e-03
9.920403e-03
9.920017e-03
9.919596e-03
9.919137e-03
9.918642e-03
9.918333e-03
9.918333e-03
9.918333e-03
9.918333e-03
9.918333e-03
9.918333e-03
9.918333e-03
9.918333e-03
9.918333e-03
9.918333e-03
9.918333e-03
9.918333e-03
9.918333e-03
9.918333e-03
9.918333e-03
9.918333e-03
9.918333e-03
9.918333e-03
9.918333e-03
9.918333e-03
9.918333e-03
9.918333e-03
9.918333e-03
9.918333e-03
9.918333e-03
9.918333e-03
9.918333e-03
9.918333e-03
9.918333e-03
9.918333e-03
9.918333e-03
9.918333e-03
9.918333e-03
9.918333e-03
9.918333e-03
9.918333e-03
9.918333e-03
9.918333e-03
9.918333e-03
9.918333e-03
9.918333e-03
9.918333e-03
9.918333e-03
9.918333e-03
9.918333e-03
9.918333e-03
9.918333e-03
9.918333e-03
9.918333e-03
9.918333e-03
9.918333e-03
9.918333e-03
9.918333e-03
9.918333e-03
9.918333e-03
9.918333e-03
9.918333e-03
9.918333e-03
9.918333e-03
9.918333e-03
9.918333e-03
9.918333e-03
9.918333e-03
9.918333e-03
9.918333e-03
9.918333e-03
9.918333e-03
9.918333e-03
9.918333e-03
9.918333e-03
9.918333e-03
9.918333e-03
9.918333e-03
9.918333e-03
9.918333e-03
9.918333e-03
9.918333e-03
9.918333e-03
9.918333e-03
9.918333e-03
9.918333e-03
9.918333e-03
9.918333e-03
9.918333e-03
9.918333e-03
9.918333e-03
9.918333e-03
9.918333e-03
9.918333e-03
9.918333e-03
9.918333e-03
9.918333e-03
9.918333e-03
9.918333e-03
9.918333e-03
9.918333e-03
9.918333e-03
9.918333e-03
9.918333e-03
9.918333e-03
9.918333e-03
9.918333e-03
9.918333e-03
9.918333e-03
9.918333e-03
9.918333e-03
9.918333e-03
9.918333e-03
9.918333e-03
9.918333e-03
9.918333e-03
9.918333e-03
9.918333e-03
9.918333e-03
9.918333e-03
9.918333e-03
9.918333e-03
9.918333e-03
9.918333e-03
9.918333e-03
9.918333e-03
9.918333e-03
9.918333e-03
9.918333e-03
9.918333e-03
9.918333e-03
9.918333e-03
9.918333e-03
9.918333e-03
9.918333e-03
9.918333e-03
9.918333e-03
9.918333e-03
9.918333e-03
9.918333e-03
9.918333e-03
9.918333e-03
9.918333e-03
9.918333e-03
9.918333e-03
9.918333e-03
9.918333e-03
9.918333e-03
9.918333e-03
9.918333e-03
9.918333e-03
9.918333e-03
9.918333e-03
9.918333e-03
9.918333e-03
9.918333e-03
9.918333e-03
9.918333e-03
9.918333e-03
9.918333e-03
9.918333e-03
9.918333e-03
9.918333e-03
9.918333e-03
9.918333e-03
9.918333e-03
9.918333e-03
9.918333e-03
9.918333e-03
9.918333e-03
9.918333e-03
9.918333e-03
9.918333e-03
9.918333e-03
9.918333e-03
9.918333e-03
9.918333e-03
9.918333e-03
9.918333e-03
9.918333e-03
9.918333e-03
9.918333e-03
9.918333e-03
9.918333e-03
9.918333e-03
9.918333e-03
9.918333e-03
9.918333e-03
9.918333e-03
9.918333e-03
9.918333e-03
9.918333e-03
9.918333e-03
9.918333e-03
9.918333e-03
9.918333e-03
9.918333e-03
9.918333e-03
9.918333e-03
9.918333e-03
9.918333e-03
9.918333e-03
9.918333e-03
9.918333e-03
9.918333e-03
9.918333e-03
