0.000000e+00
1.110371e-07
2.292844e-07
3.547419e-07
4.874095e-07
6.272874e-07
7.743755e-07
9.286738e-07
1.090182e-06
1.258901e-06
1.434830e-06
1.617969e-06
1.808318e-06
2.005878e-06
2.210647e-06
2.422627e-06
2.641817e-06
2.868218e-06
3.101828e-06
3.342649e-06
3.590680e-06
3.845921e-06
4.108372e-06
4.378034e-06
4.654905e-06
4.938987e-06
5.230279e-06
5.528782e-06
5.834494e-06
6.147417e-06
6.467550e-06
6.794893e-06
7.129446e-06
7.471210e-06
7.820183e-06
8.176367e-06
8.539761e-06
8.910366e-06
9.288180e-06
9.673205e-06
1.006544e-05
1.046488e-05
1.087154e-05
1.128541e-05
1.170648e-05
1.213477e-05
1.257026e-05
1.301297e-05
1.346289e-05
1.392001e-05
1.438435e-05
1.485590e-05
1.533465e-05
1.582062e-05
1.631380e-05
1.681419e-05
1.732179e-05
1.783659e-05
1.835861e-05
1.888784e-05
1.942428e-05
1.996793e-05
2.051879e-05
2.107686e-05
2.164214e-05
2.221463e-05
2.279433e-05
2.338124e-05
2.397536e-05
2.457669e-05
2.518523e-05
2.580098e-05
2.642394e-05
2.705411e-05
2.769150e-05
2.833609e-05
2.898789e-05
2.964690e-05
3.031312e-05
3.098656e-05
3.166720e-05
3.235505e-05
3.305012e-05
3.375239e-05
3.446187e-05
3.517857e-05
3.590247e-05
3.663359e-05
3.737191e-05
3.811745e-05
3.887019e-05
3.963015e-05
4.039731e-05
4.117169e-05
4.195327e-05
4.274207e-05
4.353807e-05
4.434129e-05
4.515172e-05
4.596935e-05
4.679420e-05
4.762626e-05
4.846553e-05
4.931200e-05
5.016569e-05
5.102659e-05
5.189470e-05
5.277001e-05
5.365254e-05
5.454228e-05
5.543923e-05
5.634339e-05
5.725476e-05
5.817334e-05
5.909913e-05
6.003213e-05
6.097234e-05
6.191976e-05
6.287439e-05
6.383623e-05
6.480528e-05
6.578154e-05
6.676501e-05
6.775570e-05
6.875359e-05
6.975869e-05
7.077100e-05
7.179052e-05
7.281726e-05
7.385120e-05
7.489235e-05
7.594071e-05
7.699629e-05
7.805907e-05
7.912907e-05
8.020627e-05
8.129068e-05
8.238231e-05
8.348114e-05
8.458719e-05
8.570044e-05
8.682091e-05
8.794858e-05
8.908347e-05
9.022556e-05
9.137487e-05
9.253139e-05
9.369511e-05
9.486605e-05
9.604420e-05
9.722955e-05
9.842212e-05
9.962190e-05
1.008289e-04
1.020431e-04
1.032645e-04
1.044931e-04
1.057289e-04
1.069720e-04
1.082222e-04
1.094797e-04
1.107444e-04
1.120162e-04
1.132953e-04
1.145816e-04
1.158751e-04
1.171759e-04
1.184838e-04
1.197989e-04
1.211213e-04
1.224508e-04
1.237876e-04
1.251316e-04
1.264828e-04
1.278412e-04
1.292068e-04
1.305796e-04
1.319596e-04
1.333469e-04
1.347413e-04
1.361430e-04
1.375519e-04
1.389680e-04
1.403913e-04
1.418218e-04
1.432595e-04
1.447044e-04
1.461565e-04
1.476159e-04
1.490824e-04
1.505562e-04
1.520372e-04
1.535254e-04
1.550208e-04
1.565234e-04
1.580332e-04
1.595502e-04
1.610744e-04
1.626059e-04
1.641445e-04
1.656904e-04
1.672435e-04
1.688038e-04
1.703713e-04
1.719460e-04
1.735279e-04
1.751170e-04
1.767134e-04
1.783169e-04
1.799277e-04
1.815456e-04
1.831708e-04
1.848032e-04
1.864428e-04
1.880896e-04
1.897436e-04
1.914049e-04
1.930733e-04
1.947490e-04
1.964318e-04
1.981219e-04
1.998192e-04
2.015237e-04
2.032354e-04
2.049543e-04
2.066804e-04
2.084137e-04
2.101543e-04
2.119020e-04
2.136570e-04
2.154192e-04
2.171885e-04
2.189651e-04
2.207489e-04
2.225400e-04
2.243382e-04
2.261436e-04
2.279563e-04
2.297761e-04
2.316032e-04
2.334374e-04
2.352789e-04
2.371276e-04
2.389835e-04
2.408467e-04
2.427170e-04
2.445945e-04
2.464793e-04
2.483712e-04
2.502704e-04
2.521768e-04
2.540903e-04
2.560111e-04
2.579392e-04
2.598744e-04
2.618168e-04
2.637664e-04
2.657233e-04
2.676873e-04
2.696586e-04
2.716371e-04
2.736228e-04
2.756157e-04
2.776158e-04
2.796231e-04
2.816376e-04
2.836594e-04
2.856883e-04
2.877245e-04
2.897679e-04
2.918184e-04
2.938762e-04
2.959412e-04
2.980134e-04
3.000929e-04
3.021795e-04
3.042733e-04
3.063744e-04
3.084827e-04
3.105981e-04
3.127208e-04
3.148507e-04
3.169878e-04
3.191321e-04
3.212836e-04
3.234424e-04
3.256083e-04
3.277815e-04
3.299618e-04
3.321494e-04
3.343442e-04
3.365462e-04
3.387554e-04
3.409718e-04
3.431954e-04
3.454263e-04
3.476643e-04
3.499096e-04
3.521621e-04
3.544217e-04
3.566886e-04
3.589627e-04
3.612440e-04
3.635325e-04
3.658283e-04
3.681312e-04
3.704414e-04
3.727587e-04
3.750833e-04
3.774151e-04
3.797540e-04
3.821002e-04
3.844537e-04
3.868143e-04
3.891821e-04
3.915571e-04
3.939394e-04
3.963289e-04
3.987255e-04
4.011294e-04
4.035405e-04
4.059588e-04
4.083843e-04
4.108170e-04
4.132570e-04
4.157041e-04
4.181585e-04
4.206200e-04
4.230888e-04
4.255648e-04
4.280480e-04
4.305384e-04
4.330360e-04
4.355408e-04
4.380528e-04
4.405721e-04
4.430985e-04
4.456322e-04
4.481731e-04
4.507212e-04
4.532765e-04
4.558390e-04
4.584087e-04
4.609856e-04
4.635697e-04
4.661611e-04
4.687596e-04
4.713654e-04
4.739784e-04
4.765986e-04
4.792260e-04
4.818606e-04
4.845024e-04
4.871514e-04
4.898077e-04
4.924711e-04
4.951418e-04
4.978196e-04
5.005047e-04
5.031970e-04
5.058965e-04
5.086032e-04
5.113171e-04
5.140383e-04
5.167666e-04
5.195022e-04
5.222449e-04
5.249949e-04
5.277521e-04
5.305165e-04
5.332881e-04
5.360669e-04
5.388529e-04
5.416461e-04
5.444466e-04
5.472542e-04
5.500691e-04
5.528911e-04
5.557204e-04
5.585569e-04
5.614006e-04
5.642515e-04
5.671097e-04
5.699750e-04
5.728475e-04
5.757273e-04
5.786143e-04
5.815084e-04
5.844098e-04
5.873184e-04
5.902342e-04
5.931572e-04
5.960875e-04
5.990249e-04
6.019695e-04
6.049214e-04
6.078805e-04
6.108467e-04
6.138202e-04
6.168009e-04
6.197888e-04
6.227839e-04
6.257863e-04
6.287958e-04
6.318126e-04
6.348365e-04
6.378677e-04
6.409061e-04
6.439517e-04
6.470045e-04
6.500645e-04
6.531317e-04
6.562061e-04
6.592877e-04
6.623766e-04
6.654727e-04
6.685759e-04
6.716864e-04
6.748041e-04
6.779290e-04
6.810611e-04
6.842004e-04
6.873470e-04
6.905007e-04
6.936617e-04
6.968298e-04
7.000052e-04
7.031878e-04
7.063776e-04
7.095746e-04
7.127788e-04
7.159902e-04
7.192088e-04
7.224347e-04
7.256677e-04
7.289080e-04
7.321555e-04
7.354102e-04
7.386721e-04
7.419412e-04
7.452175e-04
7.485010e-04
7.517917e-04
7.550897e-04
7.583948e-04
7.617072e-04
7.650268e-04
7.683536e-04
7.716876e-04
7.750288e-04
7.783772e-04
7.817328e-04
7.850957e-04
7.884657e-04
7.918430e-04
7.952274e-04
7.986191e-04
8.020180e-04
8.054241e-04
8.088374e-04
8.122579e-04
8.156856e-04
8.191206e-04
8.225627e-04
8.260121e-04
8.294687e-04
8.329324e-04
8.364034e-04
8.398816e-04
8.433670e-04
8.468597e-04
8.503595e-04
8.538665e-04
8.573808e-04
8.609023e-04
8.644309e-04
8.679668e-04
8.715099e-04
8.750602e-04
8.786177e-04
8.821824e-04
8.857544e-04
8.893335e-04
8.929199e-04
8.965134e-04
9.001142e-04
9.037222e-04
9.073374e-04
9.109598e-04
9.145894e-04
9.182262e-04
9.218703e-04
9.255215e-04
9.291800e-04
9.328456e-04
9.365185e-04
9.401986e-04
9.438859e-04
9.475804e-04
9.512821e-04
9.549910e-04
9.587072e-04
9.624305e-04
9.661611e-04
9.698989e-04
9.736438e-04
9.773960e-04
9.811554e-04
9.849220e-04
9.886958e-04
9.924769e-04
9.962651e-04
1.000061e-03
1.003863e-03
1.007673e-03
1.011490e-03
1.015314e-03
1.019146e-03
1.022985e-03
1.026831e-03
1.030684e-03
1.034544e-03
1.038412e-03
1.042286e-03
1.046168e-03
1.050058e-03
1.053954e-03
1.057858e-03
1.061768e-03
1.065686e-03
1.069612e-03
1.073544e-03
1.077484e-03
1.081431e-03
1.085385e-03
1.089346e-03
1.093314e-03
1.097290e-03
1.101273e-03
1.105263e-03
1.109260e-03
1.113265e-03
1.117277e-03
1.121296e-03
1.125322e-03
1.129355e-03
1.133396e-03
1.137444e-03
1.141499e-03
1.145561e-03
1.149630e-03
1.153707e-03
1.157791e-03
1.161882e-03
1.165980e-03
1.170086e-03
1.174198e-03
1.178318e-03
1.182445e-03
1.186580e-03
1.190721e-03
1.194870e-03
1.199026e-03
1.203189e-03
1.207360e-03
1.211537e-03
1.215722e-03
1.219914e-03
1.224113e-03
1.228320e-03
1.232533e-03
1.236754e-03
1.240982e-03
1.245217e-03
1.249460e-03
1.253710e-03
1.257967e-03
1.262231e-03
1.266502e-03
1.270781e-03
1.275066e-03
1.279359e-03
1.283659e-03
1.287967e-03
1.292281e-03
1.296603e-03
1.300932e-03
1.305268e-03
1.309612e-03
1.313962e-03
1.318320e-03
1.322685e-03
1.327058e-03
1.331437e-03
1.335824e-03
1.340218e-03
1.344619e-03
1.349027e-03
1.353443e-03
1.357865e-03
1.362295e-03
1.366732e-03
1.371177e-03
1.375628e-03
1.380087e-03
1.384553e-03
1.389026e-03
1.393507e-03
1.397994e-03
1.402489e-03
1.406991e-03
1.411501e-03
1.416017e-03
1.420541e-03
1.425072e-03
1.429610e-03
1.434155e-03
1.438708e-03
1.443267e-03
1.447834e-03
1.452408e-03
1.456990e-03
1.461578e-03
1.466174e-03
1.470777e-03
1.475387e-03
1.480005e-03
1.484629e-03
1.489261e-03
1.493900e-03
1.498546e-03
1.503200e-03
1.507861e-03
1.512528e-03
1.517204e-03
1.521886e-03
1.526575e-03
1.531272e-03
1.535976e-03
1.540687e-03
1.545406e-03
1.550131e-03
1.554864e-03
1.559604e-03
1.564351e-03
1.569105e-03
1.573867e-03
1.578636e-03
1.583412e-03
1.588195e-03
1.592986e-03
1.597783e-03
1.602588e-03
1.607400e-03
1.612220e-03
1.617046e-03
1.621880e-03
1.626721e-03
1.631569e-03
1.636424e-03
1.641287e-03
1.646157e-03
1.651034e-03
1.655918e-03
1.660809e-03
1.665708e-03
1.670614e-03
1.675527e-03
1.680447e-03
1.685374e-03
1.690309e-03
1.695251e-03
1.700200e-03
1.705156e-03
1.710120e-03
1.715090e-03
1.720068e-03
1.725053e-03
1.730046e-03
1.735045e-03
1.740052e-03
1.745066e-03
1.750087e-03
1.755116e-03
1.760151e-03
1.765194e-03
1.770244e-03
1.775301e-03
1.780366e-03
1.785437e-03
1.790516e-03
1.795602e-03
1.800696e-03
1.805796e-03
1.810904e-03
1.816019e-03
1.821141e-03
1.826270e-03
1.831407e-03
1.836551e-03
1.841701e-03
1.846860e-03
1.852025e-03
1.857198e-03
1.862377e-03
1.867564e-03
1.872759e-03
1.877960e-03
1.883169e-03
1.888385e-03
1.893608e-03
1.898838e-03
1.904075e-03
1.909320e-03
1.914572e-03
1.919831e-03
1.925098e-03
1.930371e-03
1.935652e-03
1.940940e-03
1.946235e-03
1.951537e-03
1.956847e-03
1.962164e-03
1.967488e-03
1.972819e-03
1.978157e-03
1.983503e-03
1.988856e-03
1.994216e-03
1.999583e-03
2.004958e-03
2.010339e-03
2.015728e-03
2.021124e-03
2.026528e-03
2.031938e-03
2.037356e-03
2.042781e-03
2.048213e-03
2.053653e-03
2.059099e-03
2.064553e-03
2.070014e-03
2.075482e-03
2.080958e-03
2.086440e-03
2.091930e-03
2.097427e-03
2.102931e-03
2.108443e-03
2.113962e-03
2.119487e-03
2.125021e-03
2.130561e-03
2.136108e-03
2.141663e-03
2.147225e-03
2.152794e-03
2.158371e-03
2.163954e-03
2.169545e-03
2.175143e-03
2.180748e-03
2.186361e-03
2.191980e-03
2.197607e-03
2.203241e-03
2.208882e-03
2.214531e-03
2.220187e-03
2.225849e-03
2.231520e-03
2.237197e-03
2.242881e-03
2.248573e-03
2.254272e-03
2.259978e-03
2.265692e-03
2.271412e-03
2.277140e-03
2.282875e-03
2.288617e-03
2.294367e-03
2.300123e-03
2.305887e-03
2.311658e-03
2.317436e-03
2.323222e-03
2.329014e-03
2.334814e-03
2.340621e-03
2.346436e-03
2.352257e-03
2.358086e-03
2.363922e-03
2.369765e-03
2.375615e-03
2.381473e-03
2.387338e-03
2.393210e-03
2.399089e-03
2.404975e-03
2.410869e-03
2.416770e-03
2.422678e-03
2.428593e-03
2.434516e-03
2.440445e-03
2.446382e-03
2.452326e-03
2.458277e-03
2.464236e-03
2.470202e-03
2.476175e-03
2.482155e-03
2.488142e-03
2.494137e-03
2.500138e-03
2.506147e-03
2.512164e-03
2.518187e-03
2.524218e-03
2.530255e-03
2.536300e-03
2.542353e-03
2.548412e-03
2.554479e-03
2.560553e-03
2.566634e-03
2.572722e-03
2.578818e-03
2.584920e-03
2.591030e-03
2.597147e-03
2.603272e-03
2.609403e-03
2.615542e-03
2.621688e-03
2.627841e-03
2.634002e-03
2.640169e-03
2.646344e-03
2.652526e-03
2.658715e-03
2.664912e-03
2.671115e-03
2.677326e-03
2.683544e-03
2.689770e-03
2.696002e-03
2.702242e-03
2.708489e-03
2.714743e-03
2.721004e-03
2.727273e-03
2.733548e-03
2.739831e-03
2.746122e-03
2.752419e-03
2.758724e-03
2.765035e-03
2.771354e-03
2.777681e-03
2.784014e-03
2.790355e-03
2.796703e-03
2.803058e-03
2.809420e-03
2.815789e-03
2.822166e-03
2.828550e-03
2.834941e-03
2.841340e-03
2.847745e-03
2.854158e-03
2.860578e-03
2.867005e-03
2.873439e-03
2.879881e-03
2.886330e-03
2.892786e-03
2.899249e-03
2.905719e-03
2.912197e-03
2.918682e-03
2.925174e-03
2.931673e-03
2.938180e-03
2.944693e-03
2.951214e-03
2.957742e-03
2.964278e-03
2.970820e-03
2.977370e-03
2.983927e-03
2.990491e-03
2.997063e-03
3.003641e-03
3.010227e-03
3.016820e-03
3.023420e-03
3.030028e-03
3.036642e-03
3.043264e-03
3.049893e-03
3.056529e-03
3.063173e-03
3.069824e-03
3.076481e-03
3.083147e-03
3.089819e-03
3.096498e-03
3.103185e-03
3.109879e-03
3.116580e-03
3.123289e-03
3.130004e-03
3.136727e-03
3.143457e-03
3.150194e-03
3.156939e-03
3.163690e-03
3.170449e-03
3.177215e-03
3.183988e-03
3.190769e-03
3.197557e-03
3.204352e-03
3.211154e-03
3.217963e-03
3.224779e-03
3.231603e-03
3.238434e-03
3.245272e-03
3.252118e-03
3.258970e-03
3.265830e-03
3.272697e-03
3.279571e-03
3.286453e-03
3.293341e-03
3.300237e-03
3.307140e-03
3.314050e-03
3.320968e-03
3.327893e-03
3.334824e-03
3.341763e-03
3.348710e-03
3.355663e-03
3.362624e-03
3.369592e-03
3.376567e-03
3.383549e-03
3.390539e-03
3.397536e-03
3.404540e-03
3.411551e-03
3.418569e-03
3.425595e-03
3.432628e-03
3.439668e-03
3.446715e-03
3.453770e-03
3.460831e-03
3.467900e-03
3.474976e-03
3.482060e-03
3.489150e-03
3.496248e-03
3.503353e-03
3.510465e-03
3.517584e-03
3.524711e-03
3.531845e-03
3.538986e-03
3.546134e-03
3.553289e-03
3.560452e-03
3.567622e-03
3.574799e-03
3.581983e-03
3.589174e-03
3.596373e-03
3.603579e-03
3.610792e-03
3.618012e-03
3.625240e-03
3.632474e-03
3.639716e-03
3.646966e-03
3.654222e-03
3.661485e-03
3.668756e-03
3.676034e-03
3.683319e-03
3.690612e-03
3.697911e-03
3.705218e-03
3.712532e-03
3.719853e-03
3.727182e-03
3.734518e-03
3.741860e-03
3.749210e-03
3.756568e-03
3.763932e-03
3.771304e-03
3.778683e-03
3.786069e-03
3.793462e-03
3.800863e-03
3.808271e-03
3.815686e-03
3.823108e-03
3.830537e-03
3.837974e-03
3.845418e-03
3.852869e-03
3.860327e-03
3.867792e-03
3.875265e-03
3.882745e-03
3.890232e-03
3.897726e-03
3.905228e-03
3.912736e-03
3.920252e-03
3.927775e-03
3.935306e-03
3.942843e-03
3.950388e-03
3.957940e-03
3.965499e-03
3.973066e-03
3.980639e-03
3.988220e-03
3.995808e-03
4.003403e-03
4.011006e-03
4.018615e-03
4.026232e-03
4.033856e-03
4.041487e-03
4.049126e-03
4.056772e-03
4.064425e-03
4.072085e-03
4.079752e-03
4.087427e-03
4.095108e-03
4.102797e-03
4.110493e-03
4.118197e-03
4.125907e-03
4.133625e-03
4.141350e-03
4.149082e-03
4.156822e-03
4.164568e-03
4.172322e-03
4.180083e-03
4.187852e-03
4.195627e-03
4.203410e-03
4.211200e-03
4.218997e-03
4.226801e-03
4.234613e-03
4.242431e-03
4.250257e-03
4.258091e-03
4.265931e-03
4.273779e-03
4.281633e-03
4.289495e-03
4.297365e-03
4.305241e-03
4.313125e-03
4.321015e-03
4.328913e-03
4.336819e-03
4.344731e-03
4.352651e-03
4.360578e-03
4.368512e-03
4.376453e-03
4.384402e-03
4.392357e-03
4.400320e-03
4.408291e-03
4.416268e-03
4.424253e-03
4.432244e-03
4.440243e-03
4.448250e-03
4.456263e-03
4.464284e-03
4.472311e-03
4.480346e-03
4.488389e-03
4.496438e-03
4.504495e-03
4.512559e-03
4.520630e-03
4.528708e-03
4.536794e-03
4.544886e-03
4.552986e-03
4.561093e-03
4.569208e-03
4.577329e-03
4.585458e-03
4.593594e-03
4.601737e-03
4.609888e-03
4.618045e-03
4.626210e-03
4.634382e-03
4.642562e-03
4.650748e-03
4.658942e-03
4.667143e-03
4.675351e-03
4.683566e-03
4.691788e-03
4.700018e-03
4.708255e-03
4.716499e-03
4.724751e-03
4.733009e-03
4.741275e-03
4.749548e-03
4.757828e-03
4.766116e-03
4.774410e-03
4.782712e-03
4.791021e-03
4.799337e-03
4.807661e-03
4.815991e-03
4.824329e-03
4.832674e-03
4.841027e-03
4.849386e-03
4.857753e-03
4.866127e-03
4.874508e-03
4.882896e-03
4.891292e-03
4.899695e-03
4.908105e-03
4.916522e-03
4.924946e-03
4.933378e-03
4.941817e-03
4.950263e-03
4.958716e-03
4.967176e-03
4.975644e-03
4.984119e-03
4.992601e-03
5.001090e-03
5.009587e-03
5.018090e-03
5.026601e-03
5.035119e-03
5.043645e-03
5.052177e-03
5.060717e-03
5.069264e-03
5.077818e-03
5.086380e-03
5.094948e-03
5.103524e-03
5.112107e-03
5.120697e-03
5.129295e-03
5.137899e-03
5.146511e-03
5.155130e-03
5.163757e-03
5.172390e-03
5.181031e-03
5.189679e-03
5.198334e-03
5.206996e-03
5.215666e-03
5.224343e-03
5.233026e-03
5.241718e-03
5.250416e-03
5.259122e-03
5.267834e-03
5.276554e-03
5.285282e-03
5.294016e-03
5.302758e-03
5.311507e-03
5.320263e-03
5.329026e-03
5.337796e-03
5.346574e-03
5.355359e-03
5.364151e-03
5.372951e-03
5.381757e-03
5.390571e-03
5.399392e-03
5.408220e-03
5.417055e-03
5.425898e-03
5.434748e-03
5.443605e-03
5.452469e-03
5.461340e-03
5.470219e-03
5.479105e-03
5.487998e-03
5.496898e-03
5.505806e-03
5.514720e-03
5.523642e-03
5.532571e-03
5.541508e-03
5.550451e-03
5.559402e-03
5.568360e-03
5.577325e-03
5.586297e-03
5.595277e-03
5.604264e-03
5.613258e-03
5.622259e-03
5.631267e-03
5.640283e-03
5.649306e-03
5.658336e-03
5.667373e-03
5.676418e-03
5.685469e-03
5.694528e-03
5.703594e-03
5.712668e-03
5.721748e-03
5.730836e-03
5.739931e-03
5.749033e-03
5.758142e-03
5.767259e-03
5.776383e-03
5.785514e-03
5.794652e-03
5.803797e-03
5.812950e-03
5.822110e-03
5.831277e-03
5.840451e-03
5.849633e-03
5.858821e-03
5.868017e-03
5.877220e-03
5.886431e-03
5.895648e-03
5.904873e-03
5.914105e-03
5.923344e-03
5.932590e-03
5.941844e-03
5.951105e-03
5.960373e-03
5.969648e-03
5.978930e-03
5.988220e-03
5.997517e-03
6.006821e-03
6.016132e-03
6.025451e-03
6.034776e-03
6.044109e-03
6.053449e-03
6.062797e-03
6.072151e-03
6.081513e-03
6.090882e-03
6.100258e-03
6.109641e-03
6.119032e-03
6.128430e-03
6.137835e-03
6.147247e-03
6.156666e-03
6.166093e-03
6.175527e-03
6.184968e-03
6.194416e-03
6.203871e-03
6.213334e-03
6.222804e-03
6.232281e-03
6.241765e-03
6.251257e-03
6.260755e-03
6.270261e-03
6.279775e-03
6.289295e-03
6.298822e-03
6.308357e-03
6.317899e-03
6.327448e-03
6.337005e-03
6.346568e-03
6.356139e-03
6.365717e-03
6.375302e-03
6.384895e-03
6.394495e-03
6.404101e-03
6.413716e-03
6.423337e-03
6.432965e-03
6.442601e-03
6.452244e-03
6.461894e-03
6.471551e-03
6.481216e-03
6.490888e-03
6.500567e-03
6.510253e-03
6.519946e-03
6.529647e-03
6.539355e-03
6.549070e-03
6.558792e-03
6.568521e-03
6.578258e-03
6.588002e-03
6.597753e-03
6.607511e-03
6.617277e-03
6.627049e-03
6.636829e-03
6.646617e-03
6.656411e-03
6.666212e-03
6.676021e-03
6.685837e-03
6.695660e-03
6.705491e-03
6.715328e-03
6.725173e-03
6.735025e-03
6.744884e-03
6.754751e-03
6.764624e-03
6.774505e-03
6.784393e-03
6.794289e-03
6.804191e-03
6.814101e-03
6.824018e-03
6.833942e-03
6.843873e-03
6.853812e-03
6.863757e-03
6.873710e-03
6.883671e-03
6.893638e-03
6.903613e-03
6.913594e-03
6.923583e-03
6.933580e-03
6.943583e-03
6.953594e-03
6.963612e-03
6.973637e-03
6.983669e-03
6.993708e-03
7.003755e-03
7.013809e-03
7.023870e-03
7.033938e-03
7.044014e-03
7.054097e-03
7.064187e-03
7.074284e-03
7.084388e-03
7.094500e-03
7.104619e-03
7.114745e-03
7.124878e-03
7.135018e-03
7.145166e-03
7.155321e-03
7.165483e-03
7.175652e-03
7.185828e-03
7.196012e-03
7.206203e-03
7.216401e-03
7.226607e-03
7.236819e-03
7.247039e-03
7.257266e-03
7.267500e-03
7.277741e-03
7.287990e-03
7.298246e-03
7.308509e-03
7.318779e-03
7.329056e-03
7.339341e-03
7.349633e-03
7.359932e-03
7.370238e-03
7.380551e-03
7.390872e-03
7.401200e-03
7.411535e-03
7.421877e-03
7.432227e-03
7.442584e-03
7.452948e-03
7.463319e-03
7.473697e-03
7.484083e-03
7.494476e-03
7.504876e-03
7.515283e-03
7.525697e-03
7.536119e-03
7.546548e-03
7.556984e-03
7.567427e-03
7.577877e-03
7.588335e-03
7.598800e-03
7.609272e-03
7.619751e-03
7.630238e-03
7.640732e-03
7.651233e-03
7.661741e-03
7.672256e-03
7.682779e-03
7.693308e-03
7.703845e-03
7.714390e-03
7.724941e-03
7.735500e-03
7.746065e-03
7.756638e-03
7.767219e-03
7.777806e-03
7.788401e-03
7.799003e-03
7.809612e-03
7.820228e-03
7.830852e-03
7.841482e-03
7.852120e-03
7.862765e-03
7.873418e-03
7.884077e-03
7.894744e-03
7.905418e-03
7.916099e-03
7.926788e-03
7.937483e-03
7.948186e-03
7.958896e-03
7.969613e-03
7.980338e-03
7.991069e-03
8.001808e-03
8.012554e-03
8.023308e-03
8.034068e-03
8.044836e-03
8.055611e-03
8.066393e-03
8.077182e-03
8.087979e-03
8.098783e-03
8.109594e-03
8.120412e-03
8.131237e-03
8.142070e-03
8.152910e-03
8.163757e-03
8.174611e-03
8.185472e-03
8.196341e-03
8.207217e-03
8.218100e-03
8.228990e-03
8.239888e-03
8.250792e-03
8.261704e-03
8.271959e-03
8.282177e-03
8.292360e-03
8.302506e-03
8.312617e-03
8.322691e-03
8.332730e-03
8.342733e-03
8.352699e-03
8.362630e-03
8.372525e-03
8.382384e-03
8.392207e-03
8.401994e-03
8.411745e-03
8.421460e-03
8.431139e-03
8.440782e-03
8.450389e-03
8.459960e-03
8.469496e-03
8.478995e-03
8.488458e-03
8.497886e-03
8.507277e-03
8.516633e-03
8.525952e-03
8.535236e-03
8.544484e-03
8.553695e-03
8.562871e-03
8.572011e-03
8.581115e-03
8.590182e-03
8.599214e-03
8.608210e-03
8.617170e-03
8.626094e-03
8.634982e-03
8.643834e-03
8.652651e-03
8.661431e-03
8.670175e-03
8.678883e-03
8.687556e-03
8.696192e-03
8.704793e-03
8.713357e-03
8.721886e-03
8.730378e-03
8.738835e-03
8.747256e-03
8.755640e-03
8.763989e-03
8.772302e-03
8.780579e-03
8.788820e-03
8.797024e-03
8.805193e-03
8.813326e-03
8.821424e-03
8.829485e-03
8.837510e-03
8.845499e-03
8.853452e-03
8.861370e-03
8.869251e-03
8.877096e-03
8.884906e-03
8.892679e-03
8.900417e-03
8.908118e-03
8.915784e-03
8.923414e-03
8.931007e-03
8.938565e-03
8.946087e-03
8.953573e-03
8.961022e-03
8.968436e-03
8.975814e-03
8.983156e-03
8.990462e-03
8.997733e-03
9.004967e-03
9.012165e-03
9.019327e-03
9.026453e-03
9.033544e-03
9.040598e-03
9.047616e-03
9.054599e-03
9.061545e-03
9.068456e-03
9.075331e-03
9.082169e-03
9.088972e-03
9.095739e-03
9.102469e-03
9.109164e-03
9.115823e-03
9.122446e-03
9.129033e-03
9.135584e-03
9.142099e-03
9.148578e-03
9.155021e-03
9.161428e-03
9.167800e-03
9.174135e-03
9.180434e-03
9.186698e-03
9.192925e-03
9.199116e-03
9.205272e-03
9.211391e-03
9.217475e-03
9.223523e-03
9.229534e-03
9.235510e-03
9.241450e-03
9.247354e-03
9.253221e-03
9.259053e-03
9.264849e-03
9.270609e-03
9.276333e-03
9.282021e-03
9.287673e-03
9.293290e-03
9.298870e-03
9.304414e-03
9.309922e-03
9.315395e-03
9.320831e-03
9.326231e-03
9.331596e-03
9.336924e-03
9.342217e-03
9.347474e-03
9.352694e-03
9.357879e-03
9.363028e-03
9.368141e-03
9.373217e-03
9.378258e-03
9.383263e-03
9.388232e-03
9.393165e-03
9.398062e-03
9.402923e-03
9.407748e-03
9.412538e-03
9.417291e-03
9.422008e-03
9.426689e-03
9.431335e-03
9.435944e-03
9.440518e-03
9.445055e-03
9.449557e-03
9.454022e-03
9.458452e-03
9.462846e-03
9.467203e-03
9.471525e-03
9.475811e-03
9.480061e-03
9.484275e-03
9.488453e-03
9.492595e-03
9.496701e-03
9.500771e-03
9.504805e-03
9.508803e-03
9.512765e-03
9.516692e-03
9.520582e-03
9.524436e-03
9.528255e-03
9.532037e-03
9.535784e-03
9.539494e-03
9.543169e-03
9.546807e-03
9.550410e-03
9.553977e-03
9.557508e-03
9.561002e-03
9.564461e-03
9.567884e-03
9.571271e-03
9.574622e-03
9.577937e-03
9.581216e-03
9.584459e-03
9.587666e-03
9.590838e-03
9.593973e-03
9.597072e-03
9.600136e-03
9.603163e-03
9.606154e-03
9.609110e-03
9.612029e-03
9.614913e-03
9.617761e-03
9.620572e-03
9.623348e-03
9.626088e-03
9.628791e-03
9.631459e-03
9.634091e-03
9.636687e-03
9.639247e-03
9.641771e-03
9.644259e-03
9.646711e-03
9.649127e-03
9.651508e-03
9.653852e-03
9.656160e-03
9.658432e-03
9.660669e-03
9.662869e-03
9.665034e-03
9.667162e-03
9.669255e-03
9.671311e-03
9.673332e-03
9.675317e-03
9.677265e-03
9.679178e-03
9.681055e-03
9.682896e-03
9.684701e-03
9.686470e-03
9.688203e-03
9.689900e-03
9.691561e-03
9.693186e-03
9.694775e-03
9.696328e-03
9.697846e-03
9.699327e-03
9.700772e-03
9.702182e-03
9.703555e-03
9.704893e-03
9.706194e-03
9.707460e-03
9.708690e-03
9.709883e-03
9.711041e-03
9.712163e-03
9.713248e-03
9.714298e-03
9.715312e-03
9.716290e-03
9.717232e-03
9.718138e-03
9.719008e-03
9.719842e-03
9.720641e-03
9.721403e-03
9.722129e-03
9.722819e-03
9.723474e-03
9.724092e-03
9.724675e-03
9.725221e-03
9.725732e-03
9.726206e-03
9.726645e-03
9.727047e-03
9.727414e-03
9.727745e-03
9.728040e-03
9.728298e-03
9.728521e-03
9.728708e-03
9.728859e-03
9.728974e-03
9.729053e-03
9.729096e-03
9.729104e-03
9.729075e-03
9.729010e-03
9.728909e-03
9.728773e-03
9.728600e-03
9.728391e-03
9.728147e-03
9.727866e-03
9.727550e-03
9.727198e-03
9.726809e-03
9.726385e-03
9.725925e-03
9.725428e-03
9.725118e-03
9.725118e-03
9.725118e-03
9.725118e-03
9.725118e-03
9.725118e-03
9.725118e-03
9.725118e-03
9.725118e-03
9.725118e-03
9.725118e-03
9.725118e-03
9.725118e-03
9.725118e-03
9.725118e-03
9.725118e-03
9.725118e-03
9.725118e-03
9.725118e-03
9.725118e-03
9.725118e-03
9.725118e-03
9.725118e-03
9.725118e-03
9.725118e-03
9.725118e-03
9.725118e-03
9.725118e-03
9.725118e-03
9.725118e-03
9.725118e-03
9.725118e-03
9.725118e-03
9.725118e-03
9.725118e-03
9.725118e-03
9.725118e-03
9.725118e-03
9.725118e-03
9.725118e-03
9.725118e-03
9.725118e-03
9.725118e-03
9.725118e-03
9.725118e-03
9.725118e-03
9.725118e-03
9.725118e-03
9.725118e-03
9.725118e-03
9.725118e-03
9.725118e-03
9.725118e-03
9.725118e-03
9.725118e-03
9.725118e-03
9.725118e-03
9.725118e-03
9.725118e-03
9.725118e-03
9.725118e-03
9.725118e-03
9.725118e-03
9.725118e-03
9.725118e-03
9.725118e-03
9.725118e-03
9.725118e-03
9.725118e-03
9.725118e-03
9.725118e-03
9.725118e-03
9.725118e-03
9.725118e-03
9.725118e-03
9.725118e-03
9.725118e-03
9.725118e-03
9.725118e-03
9.725118e-03
9.725118e-03
9.725118e-03
9.725118e-03
9.725118e-03
9.725118e-03
9.725118e-03
9.725118e-03
9.725118e-03
9.725118e-03
9.725118e-03
9.725118e-03
9.725118e-03
9.725118e-03
9.725118e-03
9.725118e-03
9.725118e-03
9.725118e-03
9.725118e-03
9.725118e-03
9.725118e-03
9.725118e-03
9.725118e-03
9.725118e-03
9.725118e-03
9.725118e-03
9.725118e-03
9.725118e-03
9.725118e-03
9.725118e-03
9.725118e-03
9.725118e-03
9.725118e-03
9.725118e-03
9.725118e-03
9.725118e-03
9.725118e-03
9.725118e-03
9.725118e-03
9.725118e-03
9.725118e-03
9.725118e-03
9.725118e-03
9.725118e-03
9.725118e-03
9.725118e-03
9.725118e-03
9.725118e-03
9.725118e-03
9.725118e-03
9.725118e-03
9.725118e-03
9.725118e-03
9.725118e-03
9.725118e-03
9.725118e-03
9.725118e-03
9.725118e-03
9.725118e-03
9.725118e-03
9.725118e-03
9.725118e-03
9.725118e-03
9.725118e-03
9.725118e-03
9.725118e-03
9.725118e-03
9.725118e-03
9.725118e-03
9.725118e-03
9.725118e-03
9.725118e-03
9.725118e-03
9.725118e-03
9.725118e-03
9.725118e-03
9.725118e-03
9.725118e-03
9.725118e-03
9.725118e-03
9.725118e-03
9.725118e-03
9.725118e-03
9.725118e-03
9.725118e-03
9.725118e-03
9.725118e-03
9.725118e-03
9.725118e-03
9.725118e-03
9.725118e-03
9.725118e-03
9.725118e-03
9.725118e-03
9.725118e-03
9.725118e-03
9.725118e-03
9.725118e-03
9.725118e-03
9.725118e-03
9.725118e-03
9.725118e-03
9.725118e-03
9.725118e-03
9.725118e-03
9.725118e-03
9.725118e-03
9.725118e-03
9.725118e-03
9.725118e-03
9.725118e-03
9.725118e-03
9.725118e-03
9.725118e-03
9.725118e-03
9.725118e-03
9.725118e-03
9.725118e-03
9.725118e-03
9.725118e-03
9.725118e-03
9.725118e-03
