0.000000e+00
1.110371e-07
2.291919e-07
3.544645e-07
4.868549e-07
6.263631e-07
7.729889e-07
9.267326e-07
1.087594e-06
1.255573e-06
1.430670e-06
1.612885e-06
1.802217e-06
1.998668e-06
2.202236e-06
2.412921e-06
2.630725e-06
2.855646e-06
3.087685e-06
3.326842e-06
3.573116e-06
3.826509e-06
4.087019e-06
4.354647e-06
4.629392e-06
4.911256e-06
5.200237e-06
5.496336e-06
5.799552e-06
6.109887e-06
6.427339e-06
6.751909e-06
7.083597e-06
7.422402e-06
7.768325e-06
8.121366e-06
8.481525e-06
8.848802e-06
9.223196e-06
9.604708e-06
9.993338e-06
1.038909e-05
1.079195e-05
1.120193e-05
1.161903e-05
1.204325e-05
1.247459e-05
1.291304e-05
1.335862e-05
1.381131e-05
1.427111e-05
1.473804e-05
1.521208e-05
1.569324e-05
1.618152e-05
1.667692e-05
1.717943e-05
1.768906e-05
1.820581e-05
1.872968e-05
1.926066e-05
1.979877e-05
2.034399e-05
2.089633e-05
2.145578e-05
2.202236e-05
2.259605e-05
2.317686e-05
2.376478e-05
2.435983e-05
2.496199e-05
2.557127e-05
2.618767e-05
2.681119e-05
2.744182e-05
2.807957e-05
2.872444e-05
2.937643e-05
3.003553e-05
3.070175e-05
3.137509e-05
3.205555e-05
3.274313e-05
3.343782e-05
3.413963e-05
3.484856e-05
3.556461e-05
3.628777e-05
3.701806e-05
3.775546e-05
3.849997e-05
3.925161e-05
4.001036e-05
4.077623e-05
4.154922e-05
4.232933e-05
4.311655e-05
4.391090e-05
4.471236e-05
4.552093e-05
4.633663e-05
4.715944e-05
4.798937e-05
4.882642e-05
4.967059e-05
5.052187e-05
5.138028e-05
5.224580e-05
5.311843e-05
5.399819e-05
5.488506e-05
5.577905e-05
5.668016e-05
5.758839e-05
5.850373e-05
5.942619e-05
6.035577e-05
6.129247e-05
6.223629e-05
6.318722e-05
6.414527e-05
6.511044e-05
6.608273e-05
6.706213e-05
6.804865e-05
6.904229e-05
7.004305e-05
7.105092e-05
7.206592e-05
7.308803e-05
7.411726e-05
7.515360e-05
7.619707e-05
7.724765e-05
7.830535e-05
7.937016e-05
8.044210e-05
8.152115e-05
8.260732e-05
8.370061e-05
8.480102e-05
8.590854e-05
8.702318e-05
8.814494e-05
8.927382e-05
9.040981e-05
9.155292e-05
9.270316e-05
9.386050e-05
9.502497e-05
9.619655e-05
9.737525e-05
9.856107e-05
9.975401e-05
1.009541e-04
1.021612e-04
1.033755e-04
1.045969e-04
1.058255e-04
1.070611e-04
1.083039e-04
1.095537e-04
1.108107e-04
1.120749e-04
1.133461e-04
1.146244e-04
1.159099e-04
1.172025e-04
1.185022e-04
1.198090e-04
1.211230e-04
1.224440e-04
1.237722e-04
1.251075e-04
1.264499e-04
1.277994e-04
1.291561e-04
1.305198e-04
1.318907e-04
1.332687e-04
1.346538e-04
1.360461e-04
1.374454e-04
1.388519e-04
1.402655e-04
1.416862e-04
1.431140e-04
1.445489e-04
1.459910e-04
1.474402e-04
1.488965e-04
1.503599e-04
1.518304e-04
1.533081e-04
1.547928e-04
1.562847e-04
1.577837e-04
1.592898e-04
1.608031e-04
1.623234e-04
1.638509e-04
1.653855e-04
1.669272e-04
1.684760e-04
1.700319e-04
1.715950e-04
1.731652e-04
1.747425e-04
1.763269e-04
1.779184e-04
1.795171e-04
1.811228e-04
1.827357e-04
1.843557e-04
1.859828e-04
1.876171e-04
1.892584e-04
1.909069e-04
1.925625e-04
1.942252e-04
1.958950e-04
1.975720e-04
1.992561e-04
2.009472e-04
2.026455e-04
2.043509e-04
2.060635e-04
2.077831e-04
2.095099e-04
2.112438e-04
2.129848e-04
2.147329e-04
2.164882e-04
2.182505e-04
2.200200e-04
2.217966e-04
2.235803e-04
2.253711e-04
2.271691e-04
2.289741e-04
2.307863e-04
2.326056e-04
2.344320e-04
2.362656e-04
2.381062e-04
2.399540e-04
2.418089e-04
2.436709e-04
2.455400e-04
2.474163e-04
2.492996e-04
2.511901e-04
2.530877e-04
2.549924e-04
2.569042e-04
2.588232e-04
2.607492e-04
2.626824e-04
2.646227e-04
2.665701e-04
2.685247e-04
2.704863e-04
2.724551e-04
2.744310e-04
2.764140e-04
2.784041e-04
2.804014e-04
2.824057e-04
2.844172e-04
2.864358e-04
2.884615e-04
2.904944e-04
2.925343e-04
2.945814e-04
2.966356e-04
2.986969e-04
3.007653e-04
3.028408e-04
3.049235e-04
3.070133e-04
3.091102e-04
3.112142e-04
3.133253e-04
3.154436e-04
3.175689e-04
3.197014e-04
3.218410e-04
3.239877e-04
3.261415e-04
3.283025e-04
3.304706e-04
3.326458e-04
3.348281e-04
3.370175e-04
3.392140e-04
3.414177e-04
3.436285e-04
3.458464e-04
3.480714e-04
3.503035e-04
3.525427e-04
3.547891e-04
3.570426e-04
3.593032e-04
3.615709e-04
3.638458e-04
3.661277e-04
3.684168e-04
3.707130e-04
3.730163e-04
3.753267e-04
3.776442e-04
3.799689e-04
3.823007e-04
3.846396e-04
3.869856e-04
3.893387e-04
3.916990e-04
3.940663e-04
3.964408e-04
3.988224e-04
4.012112e-04
4.036070e-04
4.060100e-04
4.084200e-04
4.108372e-04
4.132615e-04
4.156930e-04
4.181315e-04
4.205772e-04
4.230299e-04
4.254898e-04
4.279569e-04
4.304310e-04
4.329122e-04
4.354006e-04
4.378961e-04
4.403987e-04
4.429084e-04
4.454253e-04
4.479492e-04
4.504803e-04
4.530185e-04
4.555638e-04
4.581162e-04
4.606758e-04
4.632425e-04
4.658162e-04
4.683971e-04
4.709852e-04
4.735803e-04
4.761825e-04
4.787919e-04
4.814084e-04
4.840320e-04
4.866627e-04
4.893006e-04
4.919455e-04
4.945976e-04
4.972568e-04
4.999231e-04
5.025966e-04
5.052771e-04
5.079648e-04
5.106596e-04
5.133615e-04
5.160705e-04
5.187866e-04
5.215099e-04
5.242403e-04
5.269777e-04
5.297224e-04
5.324741e-04
5.352329e-04
5.379989e-04
5.407720e-04
5.435522e-04
5.463395e-04
5.491339e-04
5.519355e-04
5.547441e-04
5.575599e-04
5.603828e-04
5.632128e-04
5.660500e-04
5.688942e-04
5.717456e-04
5.746041e-04
5.774697e-04
5.803424e-04
5.832223e-04
5.861093e-04
5.890033e-04
5.919045e-04
5.948129e-04
5.977283e-04
6.006508e-04
6.035805e-04
6.065173e-04
6.094612e-04
6.124122e-04
6.153704e-04
6.183356e-04
6.213080e-04
6.242875e-04
6.272741e-04
6.302679e-04
6.332687e-04
6.362767e-04
6.392918e-04
6.423140e-04
6.453433e-04
6.483797e-04
6.514233e-04
6.544739e-04
6.575317e-04
6.605966e-04
6.636687e-04
6.667478e-04
6.698341e-04
6.729275e-04
6.760279e-04
6.791356e-04
6.822503e-04
6.853721e-04
6.885011e-04
6.916372e-04
6.947804e-04
6.979307e-04
7.010882e-04
7.042527e-04
7.074244e-04
7.106032e-04
7.137891e-04
7.169821e-04
7.201823e-04
7.233895e-04
7.266039e-04
7.298254e-04
7.330540e-04
7.362898e-04
7.395326e-04
7.427826e-04
7.460397e-04
7.493039e-04
7.525752e-04
7.558536e-04
7.591392e-04
7.624319e-04
7.657317e-04
7.690386e-04
7.723526e-04
7.756738e-04
7.790020e-04
7.823374e-04
7.856799e-04
7.890295e-04
7.923863e-04
7.957501e-04
7.991211e-04
8.024992e-04
8.058844e-04
8.092767e-04
8.126762e-04
8.160827e-04
8.194964e-04
8.229172e-04
8.263451e-04
8.297801e-04
8.332223e-04
8.366716e-04
8.401279e-04
8.435915e-04
8.470621e-04
8.505398e-04
8.540247e-04
8.575166e-04
8.610157e-04
8.645219e-04
8.680353e-04
8.715557e-04
8.750833e-04
8.786180e-04
8.821598e-04
8.857087e-04
8.892647e-04
8.928279e-04
8.963981e-04
8.999755e-04
9.035600e-04
9.071516e-04
9.107504e-04
9.143562e-04
9.179692e-04
9.215893e-04
9.252165e-04
9.288509e-04
9.324923e-04
9.361409e-04
9.397965e-04
9.434593e-04
9.471293e-04
9.508063e-04
9.544905e-04
9.581817e-04
9.618801e-04
9.655856e-04
9.692982e-04
9.730180e-04
9.767448e-04
9.804788e-04
9.842199e-04
9.879681e-04
9.917235e-04
9.954859e-04
9.992555e-04
1.003032e-03
1.006816e-03
1.010607e-03
1.014405e-03
1.018210e-03
1.022022e-03
1.025842e-03
1.029668e-03
1.033502e-03
1.037343e-03
1.041190e-03
1.045045e-03
1.048908e-03
1.052777e-03
1.056653e-03
1.060537e-03
1.064427e-03
1.068325e-03
1.072230e-03
1.076142e-03
1.080061e-03
1.083987e-03
1.087920e-03
1.091860e-03
1.095808e-03
1.099763e-03
1.103724e-03
1.107693e-03
1.111669e-03
1.115652e-03
1.119642e-03
1.123640e-03
1.127644e-03
1.131656e-03
1.135675e-03
1.139700e-03
1.143733e-03
1.147773e-03
1.151820e-03
1.155875e-03
1.159936e-03
1.164005e-03
1.168080e-03
1.172163e-03
1.176253e-03
1.180350e-03
1.184454e-03
1.188565e-03
1.192684e-03
1.196809e-03
1.200942e-03
1.205081e-03
1.209228e-03
1.213382e-03
1.217543e-03
1.221711e-03
1.225886e-03
1.230069e-03
1.234258e-03
1.238455e-03
1.242659e-03
1.246870e-03
1.251088e-03
1.255313e-03
1.259545e-03
1.263784e-03
1.268031e-03
1.272284e-03
1.276545e-03
1.280813e-03
1.285088e-03
1.289370e-03
1.293659e-03
1.297955e-03
1.302259e-03
1.306569e-03
1.310887e-03
1.315212e-03
1.319543e-03
1.323882e-03
1.328228e-03
1.332582e-03
1.336942e-03
1.341309e-03
1.345684e-03
1.350066e-03
1.354455e-03
1.358851e-03
1.363254e-03
1.367664e-03
1.372081e-03
1.376505e-03
1.380937e-03
1.385376e-03
1.389821e-03
1.394274e-03
1.398734e-03
1.403201e-03
1.407676e-03
1.412157e-03
1.416645e-03
1.421141e-03
1.425644e-03
1.430153e-03
1.434670e-03
1.439194e-03
1.443726e-03
1.448264e-03
1.452809e-03
1.457362e-03
1.461921e-03
1.466488e-03
1.471062e-03
1.475643e-03
1.480231e-03
1.484826e-03
1.489429e-03
1.494038e-03
1.498655e-03
1.503278e-03
1.507909e-03
1.512547e-03
1.517192e-03
1.521844e-03
1.526504e-03
1.531170e-03
1.535844e-03
1.540524e-03
1.545212e-03
1.549907e-03
1.554609e-03
1.559318e-03
1.564034e-03
1.568758e-03
1.573488e-03
1.578226e-03
1.582970e-03
1.587722e-03
1.592481e-03
1.597247e-03
1.602020e-03
1.606801e-03
1.611588e-03
1.616383e-03
1.621184e-03
1.625993e-03
1.630809e-03
1.635632e-03
1.640462e-03
1.645299e-03
1.650143e-03
1.654995e-03
1.659854e-03
1.664719e-03
1.669592e-03
1.674472e-03
1.679359e-03
1.684253e-03
1.689155e-03
1.694063e-03
1.698978e-03
1.703901e-03
1.708831e-03
1.713768e-03
1.718712e-03
1.723663e-03
1.728621e-03
1.733586e-03
1.738559e-03
1.743538e-03
1.748525e-03
1.753519e-03
1.758520e-03
1.763528e-03
1.768543e-03
1.773565e-03
1.778595e-03
1.783631e-03
1.788675e-03
1.793726e-03
1.798784e-03
1.803849e-03
1.808921e-03
1.814000e-03
1.819086e-03
1.824180e-03
1.829280e-03
1.834388e-03
1.839503e-03
1.844625e-03
1.849754e-03
1.854890e-03
1.860033e-03
1.865184e-03
1.870341e-03
1.875506e-03
1.880678e-03
1.885857e-03
1.891043e-03
1.896236e-03
1.901436e-03
1.906643e-03
1.911858e-03
1.917079e-03
1.922308e-03
1.927544e-03
1.932787e-03
1.938037e-03
1.943294e-03
1.948559e-03
1.953830e-03
1.959108e-03
1.964394e-03
1.969687e-03
1.974987e-03
1.980294e-03
1.985608e-03
1.990929e-03
1.996257e-03
2.001593e-03
2.006936e-03
2.012285e-03
2.017642e-03
2.023006e-03
2.028377e-03
2.033755e-03
2.039141e-03
2.044533e-03
2.049933e-03
2.055339e-03
2.060753e-03
2.066174e-03
2.071602e-03
2.077037e-03
2.082479e-03
2.087929e-03
2.093385e-03
2.098849e-03
2.104319e-03
2.109797e-03
2.115282e-03
2.120774e-03
2.126273e-03
2.131780e-03
2.137293e-03
2.142814e-03
2.148341e-03
2.153876e-03
2.159418e-03
2.164967e-03
2.170523e-03
2.176086e-03
2.181657e-03
2.187234e-03
2.192819e-03
2.198410e-03
2.204009e-03
2.209615e-03
2.215228e-03
2.220848e-03
2.226476e-03
2.232110e-03
2.237752e-03
2.243400e-03
2.249056e-03
2.254719e-03
2.260389e-03
2.266066e-03
2.271750e-03
2.277442e-03
2.283140e-03
2.288846e-03
2.294559e-03
2.300278e-03
2.306005e-03
2.311739e-03
2.317481e-03
2.323229e-03
2.328984e-03
2.334747e-03
2.340517e-03
2.346293e-03
2.352077e-03
2.357868e-03
2.363666e-03
2.369472e-03
2.375284e-03
2.381103e-03
2.386930e-03
2.392764e-03
2.398605e-03
2.404453e-03
2.410308e-03
2.416170e-03
2.422039e-03
2.427916e-03
2.433799e-03
2.439690e-03
2.445588e-03
2.451492e-03
2.457404e-03
2.463324e-03
2.469250e-03
2.475183e-03
2.481124e-03
2.487071e-03
2.493026e-03
2.498988e-03
2.504957e-03
2.510933e-03
2.516916e-03
2.522906e-03
2.528904e-03
2.534908e-03
2.540920e-03
2.546939e-03
2.552965e-03
2.558998e-03
2.565038e-03
2.571085e-03
2.577139e-03
2.583201e-03
2.589270e-03
2.595345e-03
2.601428e-03
2.607518e-03
2.613615e-03
2.619719e-03
2.625831e-03
2.631949e-03
2.638075e-03
2.644207e-03
2.650347e-03
2.656494e-03
2.662648e-03
2.668809e-03
2.674977e-03
2.681153e-03
2.687335e-03
2.693525e-03
2.699722e-03
2.705925e-03
2.712136e-03
2.718354e-03
2.724580e-03
2.730812e-03
2.737051e-03
2.743298e-03
2.749552e-03
2.755812e-03
2.762080e-03
2.768355e-03
2.774637e-03
2.780927e-03
2.787223e-03
2.793527e-03
2.799837e-03
2.806155e-03
2.812480e-03
2.818812e-03
2.825151e-03
2.831497e-03
2.837850e-03
2.844211e-03
2.850578e-03
2.856953e-03
2.863335e-03
2.869724e-03
2.876120e-03
2.882523e-03
2.888933e-03
2.895350e-03
2.901775e-03
2.908206e-03
2.914645e-03
2.921091e-03
2.927544e-03
2.934004e-03
2.940471e-03
2.946946e-03
2.953427e-03
2.959916e-03
2.966411e-03
2.972914e-03
2.979424e-03
2.985941e-03
2.992465e-03
2.998996e-03
3.005535e-03
3.012080e-03
3.018633e-03
3.025193e-03
3.031759e-03
3.038333e-03
3.044915e-03
3.051503e-03
3.058098e-03
3.064700e-03
3.071310e-03
3.077927e-03
3.084550e-03
3.091181e-03
3.097819e-03
3.104465e-03
3.111117e-03
3.117776e-03
3.124443e-03
3.131116e-03
3.137797e-03
3.144485e-03
3.151180e-03
3.157882e-03
3.164591e-03
3.171307e-03
3.178031e-03
3.184761e-03
3.191499e-03
3.198244e-03
3.204996e-03
3.211755e-03
3.218521e-03
3.225294e-03
3.232075e-03
3.238862e-03
3.245657e-03
3.252458e-03
3.259267e-03
3.266083e-03
3.272906e-03
3.279737e-03
3.286574e-03
3.293418e-03
3.300270e-03
3.307129e-03
3.313994e-03
3.320867e-03
3.327747e-03
3.334634e-03
3.341529e-03
3.348430e-03
3.355339e-03
3.362254e-03
3.369177e-03
3.376107e-03
3.383044e-03
3.389988e-03
3.396939e-03
3.403897e-03
3.410863e-03
3.417835e-03
3.424815e-03
3.431802e-03
3.438796e-03
3.445797e-03
3.452805e-03
3.459820e-03
3.466843e-03
3.473872e-03
3.480909e-03
3.487952e-03
3.495003e-03
3.502061e-03
3.509126e-03
3.516199e-03
3.523278e-03
3.530364e-03
3.537458e-03
3.544559e-03
3.551666e-03
3.558781e-03
3.565903e-03
3.573033e-03
3.580169e-03
3.587312e-03
3.594463e-03
3.601620e-03
3.608785e-03
3.615957e-03
3.623136e-03
3.630322e-03
3.637515e-03
3.644715e-03
3.651923e-03
3.659137e-03
3.666359e-03
3.673588e-03
3.680824e-03
3.688067e-03
3.695317e-03
3.702574e-03
3.709839e-03
3.717110e-03
3.724389e-03
3.731675e-03
3.738967e-03
3.746267e-03
3.753575e-03
3.760889e-03
3.768210e-03
3.775539e-03
3.782874e-03
3.790217e-03
3.797567e-03
3.804923e-03
3.812288e-03
3.819659e-03
3.827037e-03
3.834422e-03
3.841815e-03
3.849214e-03
3.856621e-03
3.864035e-03
3.871456e-03
3.878884e-03
3.886319e-03
3.893762e-03
3.901211e-03
3.908668e-03
3.916131e-03
3.923602e-03
3.931080e-03
3.938565e-03
3.946057e-03
3.953557e-03
3.961063e-03
3.968577e-03
3.976097e-03
3.983625e-03
3.991160e-03
3.998702e-03
4.006251e-03
4.013807e-03
4.021370e-03
4.028941e-03
4.036518e-03
4.044103e-03
4.051695e-03
4.059294e-03
4.066900e-03
4.074513e-03
4.082133e-03
4.089761e-03
4.097395e-03
4.105037e-03
4.112686e-03
4.120341e-03
4.128004e-03
4.135675e-03
4.143352e-03
4.151036e-03
4.158728e-03
4.166426e-03
4.174132e-03
4.181845e-03
4.189565e-03
4.197292e-03
4.205026e-03
4.212767e-03
4.220515e-03
4.228271e-03
4.236034e-03
4.243803e-03
4.251580e-03
4.259364e-03
4.267155e-03
4.274953e-03
4.282759e-03
4.290571e-03
4.298391e-03
4.306218e-03
4.314051e-03
4.321892e-03
4.329740e-03
4.337595e-03
4.345458e-03
4.353327e-03
4.361204e-03
4.369087e-03
4.376978e-03
4.384876e-03
4.392781e-03
4.400693e-03
4.408612e-03
4.416539e-03
4.424472e-03
4.432413e-03
4.440360e-03
4.448315e-03
4.456277e-03
4.464246e-03
4.472222e-03
4.480206e-03
4.488196e-03
4.496193e-03
4.504198e-03
4.512210e-03
4.520229e-03
4.528255e-03
4.536288e-03
4.544328e-03
4.552375e-03
4.560430e-03
4.568491e-03
4.576560e-03
4.584636e-03
4.592719e-03
4.600809e-03
4.608906e-03
4.617010e-03
4.625122e-03
4.633240e-03
4.641366e-03
4.649499e-03
4.657638e-03
4.665785e-03
4.673940e-03
4.682101e-03
4.690269e-03
4.698445e-03
4.706627e-03
4.714817e-03
4.723014e-03
4.731218e-03
4.739429e-03
4.747647e-03
4.755872e-03
4.764105e-03
4.772344e-03
4.780591e-03
4.788844e-03
4.797105e-03
4.805373e-03
4.813648e-03
4.821931e-03
4.830220e-03
4.838516e-03
4.846820e-03
4.855131e-03
4.863449e-03
4.871774e-03
4.880106e-03
4.888445e-03
4.896791e-03
4.905144e-03
4.913505e-03
4.921873e-03
4.930247e-03
4.938629e-03
4.947018e-03
4.955414e-03
4.963818e-03
4.972228e-03
4.980645e-03
4.989070e-03
4.997502e-03
5.005940e-03
5.014386e-03
5.022839e-03
5.031300e-03
5.039767e-03
5.048241e-03
5.056723e-03
5.065212e-03
5.073707e-03
5.082210e-03
5.090720e-03
5.099237e-03
5.107761e-03
5.116293e-03
5.124831e-03
5.133377e-03
5.141930e-03
5.150489e-03
5.159056e-03
5.167630e-03
5.176212e-03
5.184800e-03
5.193395e-03
5.201998e-03
5.210607e-03
5.219224e-03
5.227848e-03
5.236479e-03
5.245117e-03
5.253762e-03
5.262415e-03
5.271074e-03
5.279741e-03
5.288415e-03
5.297095e-03
5.305783e-03
5.314478e-03
5.323181e-03
5.331890e-03
5.340606e-03
5.349330e-03
5.358060e-03
5.366798e-03
5.375543e-03
5.384295e-03
5.393054e-03
5.401820e-03
5.410594e-03
5.419374e-03
5.428162e-03
5.436957e-03
5.445758e-03
5.454567e-03
5.463383e-03
5.472207e-03
5.481037e-03
5.489874e-03
5.498719e-03
5.507570e-03
5.516429e-03
5.525295e-03
5.534168e-03
5.543048e-03
5.551935e-03
5.560830e-03
5.569731e-03
5.578640e-03
5.587556e-03
5.596478e-03
5.605408e-03
5.614345e-03
5.623290e-03
5.632241e-03
5.641199e-03
5.650165e-03
5.659137e-03
5.668117e-03
5.677104e-03
5.686098e-03
5.695099e-03
5.704108e-03
5.713123e-03
5.722145e-03
5.731175e-03
5.740212e-03
5.749255e-03
5.758306e-03
5.767364e-03
5.776430e-03
5.785502e-03
5.794581e-03
5.803668e-03
5.812762e-03
5.821862e-03
5.830970e-03
5.840085e-03
5.849207e-03
5.858337e-03
5.867473e-03
5.876616e-03
5.885767e-03
5.894925e-03
5.904090e-03
5.913262e-03
5.922441e-03
5.931627e-03
5.940820e-03
5.950020e-03
5.959228e-03
5.968443e-03
5.977664e-03
5.986893e-03
5.996129e-03
6.005372e-03
6.014623e-03
6.023880e-03
6.033145e-03
6.042416e-03
6.051695e-03
6.060981e-03
6.070274e-03
6.079574e-03
6.088881e-03
6.098195e-03
6.107517e-03
6.116845e-03
6.126181e-03
6.135524e-03
6.144874e-03
6.154231e-03
6.163595e-03
6.172966e-03
6.182344e-03
6.191730e-03
6.201122e-03
6.210522e-03
6.219929e-03
6.229343e-03
6.238764e-03
6.248192e-03
6.257627e-03
6.267070e-03
6.276519e-03
6.285976e-03
6.295440e-03
6.304911e-03
6.314389e-03
6.323874e-03
6.333366e-03
6.342865e-03
6.352372e-03
6.361886e-03
6.371406e-03
6.380934e-03
6.390469e-03
6.400011e-03
6.409560e-03
6.419117e-03
6.428680e-03
6.438251e-03
6.447828e-03
6.457413e-03
6.467005e-03
6.476604e-03
6.486210e-03
6.495823e-03
6.505444e-03
6.515071e-03
6.524706e-03
6.534347e-03
6.543996e-03
6.553652e-03
6.563315e-03
6.572986e-03
6.582663e-03
6.592347e-03
6.602039e-03
6.611737e-03
6.621443e-03
6.631156e-03
6.640876e-03
6.650603e-03
6.660338e-03
6.670079e-03
6.679827e-03
6.689583e-03
6.699346e-03
6.709116e-03
6.718893e-03
6.728677e-03
6.738468e-03
6.748266e-03
6.758072e-03
6.767884e-03
6.777704e-03
6.787531e-03
6.797364e-03
6.807205e-03
6.817054e-03
6.826909e-03
6.836771e-03
6.846641e-03
6.856517e-03
6.866401e-03
6.876292e-03
6.886190e-03
6.896095e-03
6.906007e-03
6.915926e-03
6.925853e-03
6.935786e-03
6.945727e-03
6.955675e-03
6.965630e-03
6.975592e-03
6.985561e-03
6.995537e-03
7.005521e-03
7.015511e-03
7.025509e-03
7.035513e-03
7.045525e-03
7.055544e-03
7.065570e-03
7.075603e-03
7.085644e-03
7.095691e-03
7.105746e-03
7.115807e-03
7.125876e-03
7.135952e-03
7.146035e-03
7.156125e-03
7.166223e-03
7.176327e-03
7.186438e-03
7.196557e-03
7.206683e-03
7.216816e-03
7.226956e-03
7.237103e-03
7.247257e-03
7.257418e-03
7.267587e-03
7.277762e-03
7.287945e-03
7.298135e-03
7.308331e-03
7.318536e-03
7.328747e-03
7.338965e-03
7.349190e-03
7.359423e-03
7.369662e-03
7.379909e-03
7.390163e-03
7.400424e-03
7.410692e-03
7.420967e-03
7.431250e-03
7.441539e-03
7.451836e-03
7.462139e-03
7.472450e-03
7.482768e-03
7.493093e-03
7.503425e-03
7.513764e-03
7.524111e-03
7.534464e-03
7.544825e-03
7.555193e-03
7.565567e-03
7.575949e-03
7.586338e-03
7.596735e-03
7.607138e-03
7.617548e-03
7.627966e-03
7.638391e-03
7.648822e-03
7.659261e-03
7.669707e-03
7.680161e-03
7.690621e-03
7.701088e-03
7.711563e-03
7.722044e-03
7.732533e-03
7.743029e-03
7.753532e-03
7.764042e-03
7.774559e-03
7.785083e-03
7.795615e-03
7.806153e-03
7.816699e-03
7.827252e-03
7.837812e-03
7.848379e-03
7.858953e-03
7.869534e-03
7.880123e-03
7.890718e-03
7.901321e-03
7.911931e-03
7.922547e-03
7.933171e-03
7.943802e-03
7.954441e-03
7.965086e-03
7.975738e-03
7.986398e-03
7.997065e-03
8.007738e-03
8.018419e-03
8.029107e-03
8.039803e-03
8.050505e-03
8.061214e-03
8.071931e-03
8.082654e-03
8.093385e-03
8.104123e-03
8.114868e-03
8.125620e-03
8.136379e-03
8.147145e-03
8.157919e-03
8.168035e-03
8.178115e-03
8.188160e-03
8.198169e-03
8.208143e-03
8.218081e-03
8.227984e-03
8.237852e-03
8.247683e-03
8.257480e-03
8.267241e-03
8.276966e-03
8.286656e-03
8.296310e-03
8.305929e-03
8.315513e-03
8.325061e-03
8.334573e-03
8.344050e-03
8.353491e-03
8.362897e-03
8.372268e-03
8.381603e-03
8.390902e-03
8.400166e-03
8.409395e-03
8.418587e-03
8.427745e-03
8.436867e-03
8.445953e-03
8.455004e-03
8.464020e-03
8.473000e-03
8.481944e-03
8.490853e-03
8.499727e-03
8.508565e-03
8.517367e-03
8.526135e-03
8.534866e-03
8.543562e-03
8.552223e-03
8.560848e-03
8.569437e-03
8.577991e-03
8.586510e-03
8.594993e-03
8.603441e-03
8.611853e-03
8.620229e-03
8.628570e-03
8.636876e-03
8.645146e-03
8.653381e-03
8.661580e-03
8.669743e-03
8.677872e-03
8.685964e-03
8.694021e-03
8.702043e-03
8.710029e-03
8.717980e-03
8.725895e-03
8.733775e-03
8.741619e-03
8.749428e-03
8.757201e-03
8.764939e-03
8.772641e-03
8.780307e-03
8.787939e-03
8.795534e-03
8.803095e-03
8.810619e-03
8.818109e-03
8.825562e-03
8.832981e-03
8.840363e-03
8.847711e-03
8.855022e-03
8.862299e-03
8.869539e-03
8.876745e-03
8.883915e-03
8.891049e-03
8.898148e-03
8.905211e-03
8.912239e-03
8.919231e-03
8.926188e-03
8.933109e-03
8.939995e-03
8.946845e-03
8.953660e-03
8.960440e-03
8.967184e-03
8.973892e-03
8.980565e-03
8.987202e-03
8.993804e-03
9.000370e-03
9.006901e-03
9.013397e-03
9.019857e-03
9.026281e-03
9.032670e-03
9.039023e-03
9.045341e-03
9.051624e-03
9.057871e-03
9.064082e-03
9.070258e-03
9.076399e-03
9.082504e-03
9.088573e-03
9.094607e-03
9.100606e-03
9.106569e-03
9.112496e-03
9.118388e-03
9.124245e-03
9.130066e-03
9.135851e-03
9.141601e-03
9.147316e-03
9.152995e-03
9.158638e-03
9.164246e-03
9.169819e-03
9.175356e-03
9.180857e-03
9.186324e-03
9.191754e-03
9.197149e-03
9.202509e-03
9.207833e-03
9.213121e-03
9.218375e-03
9.223592e-03
9.228774e-03
9.233921e-03
9.239032e-03
9.244108e-03
9.249148e-03
9.254152e-03
9.259122e-03
9.264055e-03
9.268953e-03
9.273816e-03
9.278643e-03
9.283435e-03
9.288191e-03
9.292912e-03
9.297597e-03
9.302247e-03
9.306861e-03
9.311440e-03
9.315983e-03
9.320491e-03
9.324963e-03
9.329400e-03
9.333801e-03
9.338167e-03
9.342497e-03
9.346792e-03
9.351051e-03
9.355275e-03
9.359463e-03
9.363616e-03
9.367733e-03
9.371815e-03
9.375861e-03
9.379872e-03
9.383847e-03
9.387787e-03
9.391691e-03
9.395560e-03
9.399394e-03
9.403191e-03
9.406954e-03
9.410681e-03
9.414372e-03
9.418028e-03
9.421648e-03
9.425233e-03
9.428783e-03
9.432296e-03
9.435775e-03
9.439218e-03
9.442625e-03
9.445997e-03
9.449333e-03
9.452634e-03
9.455900e-03
9.459130e-03
9.462324e-03
9.465483e-03
9.468607e-03
9.471695e-03
9.474747e-03
9.477764e-03
9.480745e-03
9.483691e-03
9.486602e-03
9.489477e-03
9.492316e-03
9.495120e-03
9.497889e-03
9.500622e-03
9.503319e-03
9.505981e-03
9.508608e-03
9.511199e-03
9.513755e-03
9.516275e-03
9.518759e-03
9.521208e-03
9.523622e-03
9.526000e-03
9.528343e-03
9.530650e-03
9.532921e-03
9.535157e-03
9.537358e-03
9.539523e-03
9.541653e-03
9.543747e-03
9.545805e-03
9.547828e-03
9.549816e-03
9.551768e-03
9.553685e-03
9.555566e-03
9.557412e-03
9.559222e-03
9.560997e-03
9.562736e-03
9.564439e-03
9.566108e-03
9.567740e-03
9.569338e-03
9.570899e-03
9.572425e-03
9.573916e-03
9.575371e-03
9.576791e-03
9.578175e-03
9.579524e-03
9.580837e-03
9.582115e-03
9.583357e-03
9.584564e-03
9.585735e-03
9.586871e-03
9.587971e-03
9.589036e-03
9.590066e-03
9.591059e-03
9.592018e-03
9.592940e-03
9.593828e-03
9.594680e-03
9.595496e-03
9.596277e-03
9.597022e-03
9.597732e-03
9.598406e-03
9.599045e-03
9.599649e-03
9.600216e-03
9.600749e-03
9.601246e-03
9.601707e-03
9.602133e-03
9.602523e-03
9.602878e-03
9.603198e-03
9.603482e-03
9.603730e-03
9.603943e-03
9.604120e-03
9.604262e-03
9.604369e-03
9.604440e-03
9.604475e-03
9.604475e-03
9.604440e-03
9.604369e-03
9.604262e-03
9.604120e-03
9.603943e-03
9.603730e-03
9.603481e-03
9.603197e-03
9.602878e-03
9.602523e-03
9.602132e-03
9.601706e-03
9.601245e-03
9.600748e-03
9.600437e-03
9.600437e-03
9.600437e-03
9.600437e-03
9.600437e-03
9.600437e-03
9.600437e-03
9.600437e-03
9.600437e-03
9.600437e-03
9.600437e-03
9.600437e-03
9.600437e-03
9.600437e-03
9.600437e-03
9.600437e-03
9.600437e-03
9.600437e-03
9.600437e-03
9.600437e-03
9.600437e-03
9.600437e-03
9.600437e-03
9.600437e-03
9.600437e-03
9.600437e-03
9.600437e-03
9.600437e-03
9.600437e-03
9.600437e-03
9.600437e-03
9.600437e-03
9.600437e-03
9.600437e-03
9.600437e-03
9.600437e-03
9.600437e-03
9.600437e-03
9.600437e-03
9.600437e-03
9.600437e-03
9.600437e-03
9.600437e-03
9.600437e-03
9.600437e-03
9.600437e-03
9.600437e-03
9.600437e-03
9.600437e-03
9.600437e-03
9.600437e-03
9.600437e-03
9.600437e-03
9.600437e-03
9.600437e-03
9.600437e-03
9.600437e-03
9.600437e-03
9.600437e-03
9.600437e-03
9.600437e-03
9.600437e-03
9.600437e-03
9.600437e-03
9.600437e-03
9.600437e-03
9.600437e-03
9.600437e-03
9.600437e-03
9.600437e-03
9.600437e-03
9.600437e-03
9.600437e-03
9.600437e-03
9.600437e-03
9.600437e-03
9.600437e-03
9.600437e-03
9.600437e-03
9.600437e-03
9.600437e-03
9.600437e-03
9.600437e-03
9.600437e-03
9.600437e-03
9.600437e-03
9.600437e-03
9.600437e-03
9.600437e-03
9.600437e-03
9.600437e-03
9.600437e-03
9.600437e-03
9.600437e-03
9.600437e-03
9.600437e-03
9.600437e-03
9.600437e-03
9.600437e-03
9.600437e-03
9.600437e-03
9.600437e-03
9.600437e-03
9.600437e-03
9.600437e-03
9.600437e-03
9.600437e-03
9.600437e-03
9.600437e-03
9.600437e-03
9.600437e-03
9.600437e-03
9.600437e-03
9.600437e-03
9.600437e-03
9.600437e-03
9.600437e-03
9.600437e-03
9.600437e-03
9.600437e-03
9.600437e-03
9.600437e-03
9.600437e-03
9.600437e-03
9.600437e-03
9.600437e-03
9.600437e-03
9.600437e-03
9.600437e-03
9.600437e-03
9.600437e-03
9.600437e-03
9.600437e-03
9.600437e-03
9.600437e-03
9.600437e-03
9.600437e-03
9.600437e-03
9.600437e-03
9.600437e-03
9.600437e-03
9.600437e-03
9.600437e-03
9.600437e-03
9.600437e-03
9.600437e-03
9.600437e-03
9.600437e-03
9.600437e-03
9.600437e-03
9.600437e-03
9.600437e-03
9.600437e-03
9.600437e-03
9.600437e-03
9.600437e-03
9.600437e-03
9.600437e-03
9.600437e-03
9.600437e-03
9.600437e-03
9.600437e-03
9.600437e-03
9.600437e-03
9.600437e-03
9.600437e-03
9.600437e-03
9.600437e-03
9.600437e-03
9.600437e-03
9.600437e-03
9.600437e-03
9.600437e-03
9.600437e-03
9.600437e-03
9.600437e-03
9.600437e-03
9.600437e-03
9.600437e-03
9.600437e-03
9.600437e-03
9.600437e-03
9.600437e-03
9.600437e-03
9.600437e-03
9.600437e-03
9.600437e-03
9.600437e-03
9.600437e-03
9.600437e-03
9.600437e-03
9.600437e-03
9.600437e-03
9.600437e-03
9.600437e-03
9.600437e-03
9.600437e-03
9.600437e-03
9.600437e-03
9.600437e-03
9.600437e-03
