0.000000e+00
1.110371e-07
2.292379e-07
3.546023e-07
4.871304e-07
6.268223e-07
7.736778e-07
9.276969e-07
1.088880e-06
1.257226e-06
1.432737e-06
1.615411e-06
1.805248e-06
2.002249e-06
2.206414e-06
2.417743e-06
2.636235e-06
2.861891e-06
3.094711e-06
3.334694e-06
3.581841e-06
3.836152e-06
4.097627e-06
4.366265e-06
4.642067e-06
4.925032e-06
5.215161e-06
5.512454e-06
5.816911e-06
6.128531e-06
6.447315e-06
6.773262e-06
7.106374e-06
7.446648e-06
7.794087e-06
8.148689e-06
8.510455e-06
8.879385e-06
9.255478e-06
9.638735e-06
1.002916e-05
1.042674e-05
1.083149e-05
1.124340e-05
1.166248e-05
1.208872e-05
1.252212e-05
1.296268e-05
1.341041e-05
1.386531e-05
1.432737e-05
1.479659e-05
1.527297e-05
1.575652e-05
1.624723e-05
1.674511e-05
1.725015e-05
1.776235e-05
1.828172e-05
1.880825e-05
1.934194e-05
1.988280e-05
2.043082e-05
2.098601e-05
2.154836e-05
2.211787e-05
2.269455e-05
2.327839e-05
2.386939e-05
2.446756e-05
2.507289e-05
2.568539e-05
2.630504e-05
2.693187e-05
2.756585e-05
2.820700e-05
2.885532e-05
2.951079e-05
3.017343e-05
3.084324e-05
3.152021e-05
3.220434e-05
3.289563e-05
3.359409e-05
3.429971e-05
3.501250e-05
3.573245e-05
3.645956e-05
3.719384e-05
3.793528e-05
3.868389e-05
3.943966e-05
4.020259e-05
4.097268e-05
4.174994e-05
4.253437e-05
4.332595e-05
4.412471e-05
4.493062e-05
4.574370e-05
4.656394e-05
4.739134e-05
4.822591e-05
4.906765e-05
4.991654e-05
5.077260e-05
5.163583e-05
5.250621e-05
5.338377e-05
5.426848e-05
5.516036e-05
5.605940e-05
5.696561e-05
5.787898e-05
5.879951e-05
5.972721e-05
6.066207e-05
6.160409e-05
6.255328e-05
6.350963e-05
6.447315e-05
6.544383e-05
6.642167e-05
6.740668e-05
6.839885e-05
6.939818e-05
7.040468e-05
7.141834e-05
7.243916e-05
7.346715e-05
7.450230e-05
7.554462e-05
7.659410e-05
7.765074e-05
7.871455e-05
7.978552e-05
8.086365e-05
8.194895e-05
8.304141e-05
8.414104e-05
8.524783e-05
8.636178e-05
8.748290e-05
8.861118e-05
8.974662e-05
9.088923e-05
9.203900e-05
9.319593e-05
9.436003e-05
9.553129e-05
9.670972e-05
9.789531e-05
9.908806e-05
1.002880e-04
1.014951e-04
1.027093e-04
1.039307e-04
1.051593e-04
1.063950e-04
1.076379e-04
1.088880e-04
1.101452e-04
1.114096e-04
1.126812e-04
1.139599e-04
1.152458e-04
1.165388e-04
1.178390e-04
1.191464e-04
1.204609e-04
1.217826e-04
1.231115e-04
1.244475e-04
1.257907e-04
1.271410e-04
1.284986e-04
1.298632e-04
1.312351e-04
1.326141e-04
1.340003e-04
1.353936e-04
1.367941e-04
1.382018e-04
1.396166e-04
1.410386e-04
1.424677e-04
1.439041e-04
1.453475e-04
1.467982e-04
1.482560e-04
1.497210e-04
1.511931e-04
1.526724e-04
1.541589e-04
1.556525e-04
1.571533e-04
1.586613e-04
1.601764e-04
1.616987e-04
1.632281e-04
1.647647e-04
1.663085e-04
1.678594e-04
1.694175e-04
1.709828e-04
1.725552e-04
1.741348e-04
1.757216e-04
1.773155e-04
1.789166e-04
1.805248e-04
1.821402e-04
1.837628e-04
1.853925e-04
1.870294e-04
1.886735e-04
1.903247e-04
1.919831e-04
1.936487e-04
1.953214e-04
1.970013e-04
1.986883e-04
2.003825e-04
2.020839e-04
2.037925e-04
2.055082e-04
2.072310e-04
2.089611e-04
2.106982e-04
2.124426e-04
2.141941e-04
2.159528e-04
2.177187e-04
2.194917e-04
2.212718e-04
2.230592e-04
2.248537e-04
2.266553e-04
2.284642e-04
2.302802e-04
2.321033e-04
2.339336e-04
2.357711e-04
2.376158e-04
2.394676e-04
2.413266e-04
2.431927e-04
2.450660e-04
2.469465e-04
2.488341e-04
2.507289e-04
2.526309e-04
2.545400e-04
2.564563e-04
2.583797e-04
2.603103e-04
2.622481e-04
2.641930e-04
2.661452e-04
2.681044e-04
2.700708e-04
2.720444e-04
2.740252e-04
2.760131e-04
2.780082e-04
2.800105e-04
2.820199e-04
2.840364e-04
2.860602e-04
2.880911e-04
2.901292e-04
2.921744e-04
2.942268e-04
2.962863e-04
2.983531e-04
3.004270e-04
3.025080e-04
3.045962e-04
3.066916e-04
3.087941e-04
3.109038e-04
3.130207e-04
3.151447e-04
3.172759e-04
3.194143e-04
3.215598e-04
3.237125e-04
3.258724e-04
3.280394e-04
3.302135e-04
3.323949e-04
3.345834e-04
3.367791e-04
3.389819e-04
3.411919e-04
3.434091e-04
3.456334e-04
3.478649e-04
3.501035e-04
3.523493e-04
3.546023e-04
3.568625e-04
3.591298e-04
3.614042e-04
3.636859e-04
3.659747e-04
3.682706e-04
3.705737e-04
3.728840e-04
3.752015e-04
3.775261e-04
3.798579e-04
3.821968e-04
3.845429e-04
3.868962e-04
3.892566e-04
3.916242e-04
3.939990e-04
3.963809e-04
3.987700e-04
4.011662e-04
4.035697e-04
4.059802e-04
4.083980e-04
4.108229e-04
4.132550e-04
4.156942e-04
4.181406e-04
4.205942e-04
4.230549e-04
4.255228e-04
4.279978e-04
4.304800e-04
4.329694e-04
4.354660e-04
4.379697e-04
4.404805e-04
4.429986e-04
4.455238e-04
4.480561e-04
4.505957e-04
4.531423e-04
4.556962e-04
4.582572e-04
4.608254e-04
4.634007e-04
4.659833e-04
4.685729e-04
4.711698e-04
4.737738e-04
4.763849e-04
4.790032e-04
4.816287e-04
4.842614e-04
4.869012e-04
4.895482e-04
4.922023e-04
4.948636e-04
4.975321e-04
5.002077e-04
5.028905e-04
5.055805e-04
5.082776e-04
5.109819e-04
5.136934e-04
5.164120e-04
5.191378e-04
5.218707e-04
5.246108e-04
5.273581e-04
5.301125e-04
5.328741e-04
5.356429e-04
5.384188e-04
5.412019e-04
5.439922e-04
5.467896e-04
5.495942e-04
5.524059e-04
5.552248e-04
5.580509e-04
5.608841e-04
5.637245e-04
5.665721e-04
5.694268e-04
5.722887e-04
5.751578e-04
5.780340e-04
5.809174e-04
5.838079e-04
5.867056e-04
5.896105e-04
5.925225e-04
5.954417e-04
5.983681e-04
6.013016e-04
6.042423e-04
6.071902e-04
6.101452e-04
6.131074e-04
6.160767e-04
6.190532e-04
6.220369e-04
6.250278e-04
6.280258e-04
6.310309e-04
6.340433e-04
6.370627e-04
6.400894e-04
6.431232e-04
6.461642e-04
6.492124e-04
6.522677e-04
6.553301e-04
6.583998e-04
6.614766e-04
6.645605e-04
6.676517e-04
6.707500e-04
6.738554e-04
6.769680e-04
6.800878e-04
6.832148e-04
6.863489e-04
6.894902e-04
6.926386e-04
6.957942e-04
6.989570e-04
7.021269e-04
7.053040e-04
7.084882e-04
7.116797e-04
7.148783e-04
7.180840e-04
7.212969e-04
7.245170e-04
7.277442e-04
7.309786e-04
7.342202e-04
7.374689e-04
7.407248e-04
7.439879e-04
7.472581e-04
7.505355e-04
7.538200e-04
7.571117e-04
7.604106e-04
7.637167e-04
7.670299e-04
7.703502e-04
7.736778e-04
7.770125e-04
7.803543e-04
7.837033e-04
7.870595e-04
7.904229e-04
7.937934e-04
7.971711e-04
8.005559e-04
8.039479e-04
8.073471e-04
8.107534e-04
8.141669e-04
8.175876e-04
8.210154e-04
8.244504e-04
8.278925e-04
8.313418e-04
8.347983e-04
8.382619e-04
8.417328e-04
8.452107e-04
8.486959e-04
8.521881e-04
8.556876e-04
8.591942e-04
8.627080e-04
8.662290e-04
8.697571e-04
8.732924e-04
8.768348e-04
8.803844e-04
8.839412e-04
8.875051e-04
8.910762e-04
8.946545e-04
8.982399e-04
9.018325e-04
9.054322e-04
9.090391e-04
9.126532e-04
9.162745e-04
9.199029e-04
9.235384e-04
9.271812e-04
9.308311e-04
9.344881e-04
9.381523e-04
9.418237e-04
9.455023e-04
9.491880e-04
9.528809e-04
9.565809e-04
9.602881e-04
9.640025e-04
9.677240e-04
9.714527e-04
9.751886e-04
9.789316e-04
9.826818e-04
9.864391e-04
9.902037e-04
9.939753e-04
9.977542e-04
1.001540e-03
1.005333e-03
1.009134e-03
1.012941e-03
1.016756e-03
1.020578e-03
1.024407e-03
1.028243e-03
1.032086e-03
1.035937e-03
1.039794e-03
1.043659e-03
1.047531e-03
1.051410e-03
1.055296e-03
1.059190e-03
1.063091e-03
1.066998e-03
1.070913e-03
1.074835e-03
1.078765e-03
1.082701e-03
1.086645e-03
1.090596e-03
1.094553e-03
1.098519e-03
1.102491e-03
1.106470e-03
1.110457e-03
1.114451e-03
1.118451e-03
1.122460e-03
1.126475e-03
1.130497e-03
1.134527e-03
1.138564e-03
1.142607e-03
1.146659e-03
1.150717e-03
1.154782e-03
1.158855e-03
1.162934e-03
1.167021e-03
1.171115e-03
1.175217e-03
1.179325e-03
1.183440e-03
1.187563e-03
1.191693e-03
1.195830e-03
1.199974e-03
1.204126e-03
1.208284e-03
1.212450e-03
1.216623e-03
1.220803e-03
1.224990e-03
1.229184e-03
1.233386e-03
1.237594e-03
1.241810e-03
1.246033e-03
1.250263e-03
1.254501e-03
1.258745e-03
1.262997e-03
1.267256e-03
1.271521e-03
1.275795e-03
1.280075e-03
1.284362e-03
1.288657e-03
1.292959e-03
1.297268e-03
1.301584e-03
1.305907e-03
1.310238e-03
1.314575e-03
1.318920e-03
1.323272e-03
1.327631e-03
1.331997e-03
1.336371e-03
1.340751e-03
1.345139e-03
1.349534e-03
1.353936e-03
1.358345e-03
1.362762e-03
1.367185e-03
1.371616e-03
1.376054e-03
1.380499e-03
1.384951e-03
1.389411e-03
1.393877e-03
1.398351e-03
1.402832e-03
1.407320e-03
1.411815e-03
1.416317e-03
1.420827e-03
1.425344e-03
1.429868e-03
1.434399e-03
1.438937e-03
1.443482e-03
1.448035e-03
1.452594e-03
1.457161e-03
1.461735e-03
1.466316e-03
1.470905e-03
1.475500e-03
1.480103e-03
1.484713e-03
1.489330e-03
1.493954e-03
1.498585e-03
1.503224e-03
1.507869e-03
1.512522e-03
1.517182e-03
1.521849e-03
1.526524e-03
1.531205e-03
1.535894e-03
1.540589e-03
1.545292e-03
1.550003e-03
1.554720e-03
1.559444e-03
1.564176e-03
1.568915e-03
1.573661e-03
1.578414e-03
1.583174e-03
1.587941e-03
1.592716e-03
1.597498e-03
1.602287e-03
1.607083e-03
1.611886e-03
1.616696e-03
1.621514e-03
1.626339e-03
1.631171e-03
1.636010e-03
1.640856e-03
1.645709e-03
1.650570e-03
1.655438e-03
1.660312e-03
1.665195e-03
1.670084e-03
1.674980e-03
1.679884e-03
1.684794e-03
1.689712e-03
1.694637e-03
1.699569e-03
1.704509e-03
1.709455e-03
1.714409e-03
1.719370e-03
1.724338e-03
1.729313e-03
1.734295e-03
1.739285e-03
1.744282e-03
1.749285e-03
1.754296e-03
1.759315e-03
1.764340e-03
1.769372e-03
1.774412e-03
1.779459e-03
1.784513e-03
1.789574e-03
1.794642e-03
1.799718e-03
1.804800e-03
1.809890e-03
1.814987e-03
1.820091e-03
1.825203e-03
1.830321e-03
1.835447e-03
1.840579e-03
1.845719e-03
1.850866e-03
1.856021e-03
1.861182e-03
1.866351e-03
1.871527e-03
1.876709e-03
1.881900e-03
1.887097e-03
1.892301e-03
1.897513e-03
1.902732e-03
1.907957e-03
1.913190e-03
1.918431e-03
1.923678e-03
1.928933e-03
1.934194e-03
1.939463e-03
1.944739e-03
1.950023e-03
1.955313e-03
1.960610e-03
1.965915e-03
1.971227e-03
1.976546e-03
1.981872e-03
1.987206e-03
1.992546e-03
1.997894e-03
2.003249e-03
2.008611e-03
2.013980e-03
2.019356e-03
2.024740e-03
2.030130e-03
2.035528e-03
2.040933e-03
2.046345e-03
2.051765e-03
2.057191e-03
2.062625e-03
2.068066e-03
2.073514e-03
2.078969e-03
2.084431e-03
2.089901e-03
2.095377e-03
2.100861e-03
2.106352e-03
2.111850e-03
2.117355e-03
2.122868e-03
2.128388e-03
2.133914e-03
2.139448e-03
2.144989e-03
2.150538e-03
2.156093e-03
2.161656e-03
2.167225e-03
2.172802e-03
2.178386e-03
2.183978e-03
2.189576e-03
2.195182e-03
2.200794e-03
2.206414e-03
2.212041e-03
2.217676e-03
2.223317e-03
2.228966e-03
2.234621e-03
2.240284e-03
2.245954e-03
2.251632e-03
2.257316e-03
2.263007e-03
2.268706e-03
2.274412e-03
2.280125e-03
2.285845e-03
2.291573e-03
2.297307e-03
2.303049e-03
2.308798e-03
2.314554e-03
2.320317e-03
2.326087e-03
2.331865e-03
2.337649e-03
2.343441e-03
2.349240e-03
2.355046e-03
2.360860e-03
2.366680e-03
2.372508e-03
2.378343e-03
2.384185e-03
2.390034e-03
2.395890e-03
2.401754e-03
2.407624e-03
2.413502e-03
2.419387e-03
2.425279e-03
2.431178e-03
2.437085e-03
2.442999e-03
2.448919e-03
2.454847e-03
2.460782e-03
2.466725e-03
2.472674e-03
2.478631e-03
2.484594e-03
2.490565e-03
2.496544e-03
2.502529e-03
2.508521e-03
2.514521e-03
2.520528e-03
2.526541e-03
2.532563e-03
2.538591e-03
2.544626e-03
2.550669e-03
2.556718e-03
2.562775e-03
2.568839e-03
2.574911e-03
2.580989e-03
2.587075e-03
2.593167e-03
2.599267e-03
2.605374e-03
2.611488e-03
2.617610e-03
2.623738e-03
2.629874e-03
2.636017e-03
2.642167e-03
2.648324e-03
2.654488e-03
2.660660e-03
2.666839e-03
2.673024e-03
2.679217e-03
2.685418e-03
2.691625e-03
2.697839e-03
2.704061e-03
2.710290e-03
2.716526e-03
2.722769e-03
2.729019e-03
2.735277e-03
2.741541e-03
2.747813e-03
2.754092e-03
2.760378e-03
2.766672e-03
2.772972e-03
2.779280e-03
2.785595e-03
2.791917e-03
2.798246e-03
2.804582e-03
2.810925e-03
2.817276e-03
2.823634e-03
2.829999e-03
2.836371e-03
2.842750e-03
2.849136e-03
2.855530e-03
2.861931e-03
2.868339e-03
2.874754e-03
2.881176e-03
2.887605e-03
2.894042e-03
2.900486e-03
2.906937e-03
2.913395e-03
2.919860e-03
2.926332e-03
2.932812e-03
2.939299e-03
2.945792e-03
2.952293e-03
2.958802e-03
2.965317e-03
2.971840e-03
2.978369e-03
2.984906e-03
2.991450e-03
2.998001e-03
3.004560e-03
3.011125e-03
3.017698e-03
3.024278e-03
3.030865e-03
3.037459e-03
3.044060e-03
3.050669e-03
3.057284e-03
3.063907e-03
3.070537e-03
3.077174e-03
3.083819e-03
3.090470e-03
3.097129e-03
3.103795e-03
3.110468e-03
3.117148e-03
3.123835e-03
3.130529e-03
3.137231e-03
3.143940e-03
3.150656e-03
3.157379e-03
3.164109e-03
3.170847e-03
3.177591e-03
3.184343e-03
3.191102e-03
3.197868e-03
3.204641e-03
3.211422e-03
3.218209e-03
3.225004e-03
3.231806e-03
3.238615e-03
3.245431e-03
3.252255e-03
3.259085e-03
3.265923e-03
3.272768e-03
3.279620e-03
3.286479e-03
3.293346e-03
3.300219e-03
3.307100e-03
3.313988e-03
3.320883e-03
3.327785e-03
3.334694e-03
3.341611e-03
3.348535e-03
3.355466e-03
3.362404e-03
3.369349e-03
3.376301e-03
3.383261e-03
3.390227e-03
3.397201e-03
3.404182e-03
3.411170e-03
3.418166e-03
3.425168e-03
3.432178e-03
3.439195e-03
3.446219e-03
3.453250e-03
3.460288e-03
3.467334e-03
3.474386e-03
3.481446e-03
3.488513e-03
3.495587e-03
3.502668e-03
3.509757e-03
3.516853e-03
3.523955e-03
3.531065e-03
3.538182e-03
3.545307e-03
3.552438e-03
3.559577e-03
3.566723e-03
3.573875e-03
3.581036e-03
3.588203e-03
3.595377e-03
3.602559e-03
3.609748e-03
3.616944e-03
3.624147e-03
3.631357e-03
3.638574e-03
3.645799e-03
3.653031e-03
3.660269e-03
3.667516e-03
3.674769e-03
3.682029e-03
3.689297e-03
3.696571e-03
3.703853e-03
3.711142e-03
3.718439e-03
3.725742e-03
3.733053e-03
3.740370e-03
3.747695e-03
3.755027e-03
3.762366e-03
3.769713e-03
3.777066e-03
3.784427e-03
3.791795e-03
3.799170e-03
3.806552e-03
3.813941e-03
3.821338e-03
3.828741e-03
3.836152e-03
3.843570e-03
3.850995e-03
3.858428e-03
3.865867e-03
3.873314e-03
3.880768e-03
3.888229e-03
3.895697e-03
3.903172e-03
3.910655e-03
3.918144e-03
3.925641e-03
3.933145e-03
3.940656e-03
3.948174e-03
3.955700e-03
3.963232e-03
3.970772e-03
3.978319e-03
3.985873e-03
3.993434e-03
4.001003e-03
4.008579e-03
4.016161e-03
4.023751e-03
4.031348e-03
4.038953e-03
4.046564e-03
4.054183e-03
4.061808e-03
4.069441e-03
4.077081e-03
4.084728e-03
4.092383e-03
4.100044e-03
4.107713e-03
4.115389e-03
4.123072e-03
4.130762e-03
4.138460e-03
4.146164e-03
4.153876e-03
4.161595e-03
4.169321e-03
4.177054e-03
4.184794e-03
4.192542e-03
4.200297e-03
4.208058e-03
4.215827e-03
4.223604e-03
4.231387e-03
4.239177e-03
4.246975e-03
4.254780e-03
4.262592e-03
4.270411e-03
4.278237e-03
4.286071e-03
4.293912e-03
4.301759e-03
4.309614e-03
4.317477e-03
4.325346e-03
4.333222e-03
4.341106e-03
4.348997e-03
4.356895e-03
4.364800e-03
4.372712e-03
4.380632e-03
4.388558e-03
4.396492e-03
4.404433e-03
4.412381e-03
4.420336e-03
4.428299e-03
4.436268e-03
4.444245e-03
4.452229e-03
4.460220e-03
4.468218e-03
4.476224e-03
4.484236e-03
4.492256e-03
4.500283e-03
4.508317e-03
4.516358e-03
4.524407e-03
4.532462e-03
4.540525e-03
4.548595e-03
4.556672e-03
4.564756e-03
4.572847e-03
4.580946e-03
4.589052e-03
4.597165e-03
4.605285e-03
4.613412e-03
4.621546e-03
4.629688e-03
4.637836e-03
4.645992e-03
4.654155e-03
4.662325e-03
4.670503e-03
4.678687e-03
4.686879e-03
4.695078e-03
4.703284e-03
4.711497e-03
4.719717e-03
4.727945e-03
4.736179e-03
4.744421e-03
4.752670e-03
4.760926e-03
4.769190e-03
4.777460e-03
4.785738e-03
4.794023e-03
4.802315e-03
4.810614e-03
4.818920e-03
4.827233e-03
4.835554e-03
4.843882e-03
4.852217e-03
4.860559e-03
4.868908e-03
4.877265e-03
4.885628e-03
4.893999e-03
4.902377e-03
4.910762e-03
4.919154e-03
4.927554e-03
4.935960e-03
4.944374e-03
4.952795e-03
4.961223e-03
4.969658e-03
4.978101e-03
4.986550e-03
4.995007e-03
5.003471e-03
5.011942e-03
5.020420e-03
5.028905e-03
5.037398e-03
5.045898e-03
5.054405e-03
5.062919e-03
5.071440e-03
5.079968e-03
5.088504e-03
5.097046e-03
5.105596e-03
5.114153e-03
5.122717e-03
5.131289e-03
5.139867e-03
5.148453e-03
5.157046e-03
5.165646e-03
5.174253e-03
5.182867e-03
5.191489e-03
5.200117e-03
5.208753e-03
5.217396e-03
5.226046e-03
5.234704e-03
5.243368e-03
5.252040e-03
5.260719e-03
5.269405e-03
5.278098e-03
5.286798e-03
5.295506e-03
5.304220e-03
5.312942e-03
5.321671e-03
5.330407e-03
5.339150e-03
5.347901e-03
5.356658e-03
5.365423e-03
5.374195e-03
5.382974e-03
5.391760e-03
5.400554e-03
5.409354e-03
5.418162e-03
5.426977e-03
5.435799e-03
5.444628e-03
5.453465e-03
5.462308e-03
5.471159e-03
5.480017e-03
5.488882e-03
5.497754e-03
5.506634e-03
5.515520e-03
5.524414e-03
5.533315e-03
5.542223e-03
5.551138e-03
5.560060e-03
5.568990e-03
5.577927e-03
5.586870e-03
5.595821e-03
5.604780e-03
5.613745e-03
5.622717e-03
5.631697e-03
5.640684e-03
5.649678e-03
5.658679e-03
5.667687e-03
5.676703e-03
5.685726e-03
5.694755e-03
5.703792e-03
5.712837e-03
5.721888e-03
5.730946e-03
5.740012e-03
5.749085e-03
5.758165e-03
5.767252e-03
5.776346e-03
5.785448e-03
5.794556e-03
5.803672e-03
5.812795e-03
5.821925e-03
5.831062e-03
5.840207e-03
5.849358e-03
5.858517e-03
5.867683e-03
5.876856e-03
5.886037e-03
5.895224e-03
5.904419e-03
5.913620e-03
5.922829e-03
5.932045e-03
5.941269e-03
5.950499e-03
5.959737e-03
5.968981e-03
5.978233e-03
5.987492e-03
5.996758e-03
6.006032e-03
6.015312e-03
6.024600e-03
6.033895e-03
6.043197e-03
6.052506e-03
6.061823e-03
6.071146e-03
6.080477e-03
6.089815e-03
6.099160e-03
6.108512e-03
6.117871e-03
6.127238e-03
6.136611e-03
6.145992e-03
6.155380e-03
6.164775e-03
6.174178e-03
6.183587e-03
6.193004e-03
6.202428e-03
6.211859e-03
6.221297e-03
6.230742e-03
6.240195e-03
6.249654e-03
6.259121e-03
6.268595e-03
6.278076e-03
6.287565e-03
6.297060e-03
6.306563e-03
6.316072e-03
6.325589e-03
6.335114e-03
6.344645e-03
6.354183e-03
6.363729e-03
6.373282e-03
6.382842e-03
6.392409e-03
6.401983e-03
6.411564e-03
6.421153e-03
6.430749e-03
6.440352e-03
6.449962e-03
6.459579e-03
6.469203e-03
6.478835e-03
6.488474e-03
6.498120e-03
6.507773e-03
6.517433e-03
6.527100e-03
6.536775e-03
6.546456e-03
6.556145e-03
6.565841e-03
6.575545e-03
6.585255e-03
6.594973e-03
6.604697e-03
6.614429e-03
6.624168e-03
6.633914e-03
6.643668e-03
6.653428e-03
6.663196e-03
6.672971e-03
6.682753e-03
6.692542e-03
6.702338e-03
6.712142e-03
6.721952e-03
6.731770e-03
6.741595e-03
6.751427e-03
6.761267e-03
6.771113e-03
6.780967e-03
6.790828e-03
6.800696e-03
6.810571e-03
6.820453e-03
6.830342e-03
6.840239e-03
6.850143e-03
6.860054e-03
6.869972e-03
6.879897e-03
6.889830e-03
6.899769e-03
6.909716e-03
6.919670e-03
6.929631e-03
6.939599e-03
6.949575e-03
6.959557e-03
6.969547e-03
6.979544e-03
6.989548e-03
6.999559e-03
7.009578e-03
7.019603e-03
7.029636e-03
7.039676e-03
7.049723e-03
7.059777e-03
7.069839e-03
7.079907e-03
7.089983e-03
7.100066e-03
7.110156e-03
7.120253e-03
7.130358e-03
7.140469e-03
7.150588e-03
7.160714e-03
7.170847e-03
7.180987e-03
7.191134e-03
7.201289e-03
7.211450e-03
7.221619e-03
7.231795e-03
7.241978e-03
7.252169e-03
7.262366e-03
7.272571e-03
7.282783e-03
7.293002e-03
7.303228e-03
7.313461e-03
7.323702e-03
7.333949e-03
7.344204e-03
7.354466e-03
7.364735e-03
7.375012e-03
7.385295e-03
7.395586e-03
7.405884e-03
7.416188e-03
7.426501e-03
7.436820e-03
7.447146e-03
7.457480e-03
7.467821e-03
7.478169e-03
7.488524e-03
7.498886e-03
7.509255e-03
7.519632e-03
7.530016e-03
7.540407e-03
7.550805e-03
7.561210e-03
7.571623e-03
7.582042e-03
7.592469e-03
7.602903e-03
7.613344e-03
7.623792e-03
7.634247e-03
7.644710e-03
7.655180e-03
7.665657e-03
7.676141e-03
7.686632e-03
7.697130e-03
7.707636e-03
7.718148e-03
7.728668e-03
7.739195e-03
7.749730e-03
7.760271e-03
7.770819e-03
7.781375e-03
7.791938e-03
7.802508e-03
7.813085e-03
7.823670e-03
7.834261e-03
7.844860e-03
7.855466e-03
7.866079e-03
7.876699e-03
7.887326e-03
7.897960e-03
7.908602e-03
7.919251e-03
7.929907e-03
7.940570e-03
7.951240e-03
7.961918e-03
7.972602e-03
7.983294e-03
7.993993e-03
8.004699e-03
8.015413e-03
8.026133e-03
8.036861e-03
8.047596e-03
8.058337e-03
8.069087e-03
8.079843e-03
8.090606e-03
8.101377e-03
8.112155e-03
8.122940e-03
8.133732e-03
8.144531e-03
8.155337e-03
8.166151e-03
8.176972e-03
8.187800e-03
8.198635e-03
8.209477e-03
8.219661e-03
8.229810e-03
8.239924e-03
8.250001e-03
8.260043e-03
8.270049e-03
8.280019e-03
8.289954e-03
8.299853e-03
8.309716e-03
8.319543e-03
8.329335e-03
8.339091e-03
8.348811e-03
8.358496e-03
8.368144e-03
8.377758e-03
8.387335e-03
8.396877e-03
8.406382e-03
8.415853e-03
8.425287e-03
8.434686e-03
8.444049e-03
8.453376e-03
8.462668e-03
8.471924e-03
8.481144e-03
8.490328e-03
8.499477e-03
8.508590e-03
8.517667e-03
8.526708e-03
8.535714e-03
8.544684e-03
8.553619e-03
8.562517e-03
8.571380e-03
8.580207e-03
8.588999e-03
8.597754e-03
8.606474e-03
8.615159e-03
8.623807e-03
8.632420e-03
8.640997e-03
8.649539e-03
8.658044e-03
8.666514e-03
8.674948e-03
8.683347e-03
8.691710e-03
8.700037e-03
8.708328e-03
8.716584e-03
8.724804e-03
8.732988e-03
8.741136e-03
8.749249e-03
8.757326e-03
8.765367e-03
8.773373e-03
8.781342e-03
8.789276e-03
8.797175e-03
8.805037e-03
8.812864e-03
8.820656e-03
8.828411e-03
8.836131e-03
8.843815e-03
8.851463e-03
8.859076e-03
8.866653e-03
8.874194e-03
8.881699e-03
8.889169e-03
8.896603e-03
8.904001e-03
8.911364e-03
8.918690e-03
8.925981e-03
8.933237e-03
8.940456e-03
8.947640e-03
8.954788e-03
8.961901e-03
8.968978e-03
8.976019e-03
8.983024e-03
8.989994e-03
8.996927e-03
9.003825e-03
9.010688e-03
9.017515e-03
9.024305e-03
9.031061e-03
9.037780e-03
9.044464e-03
9.051112e-03
9.057724e-03
9.064301e-03
9.070842e-03
9.077347e-03
9.083816e-03
9.090250e-03
9.096648e-03
9.103010e-03
9.109337e-03
9.115628e-03
9.121883e-03
9.128102e-03
9.134286e-03
9.140434e-03
9.146546e-03
9.152622e-03
9.158663e-03
9.164668e-03
9.170638e-03
9.176571e-03
9.182469e-03
9.188331e-03
9.194158e-03
9.199948e-03
9.205703e-03
9.211423e-03
9.217106e-03
9.222754e-03
9.228366e-03
9.233942e-03
9.239483e-03
9.244988e-03
9.250457e-03
9.255890e-03
9.261288e-03
9.266650e-03
9.271977e-03
9.277267e-03
9.282522e-03
9.287741e-03
9.292924e-03
9.298072e-03
9.303184e-03
9.308260e-03
9.313301e-03
9.318306e-03
9.323275e-03
9.328208e-03
9.333106e-03
9.337968e-03
9.342794e-03
9.347584e-03
9.352339e-03
9.357058e-03
9.361741e-03
9.366389e-03
9.371001e-03
9.375577e-03
9.380117e-03
9.384622e-03
9.389091e-03
9.393524e-03
9.397921e-03
9.402283e-03
9.406609e-03
9.410899e-03
9.415154e-03
9.419373e-03
9.423556e-03
9.427703e-03
9.431815e-03
9.435891e-03
9.439931e-03
9.443936e-03
9.447905e-03
9.451838e-03
9.455735e-03
9.459597e-03
9.463423e-03
9.467213e-03
9.470967e-03
9.474686e-03
9.478369e-03
9.482017e-03
9.485628e-03
9.489204e-03
9.492744e-03
9.496249e-03
9.499717e-03
9.503150e-03
9.506547e-03
9.509909e-03
9.513235e-03
9.516525e-03
9.519779e-03
9.522998e-03
9.526181e-03
9.529328e-03
9.532439e-03
9.535515e-03
9.538555e-03
9.541559e-03
9.544528e-03
9.547461e-03
9.550358e-03
9.553219e-03
9.556045e-03
9.558835e-03
9.561589e-03
9.564308e-03
9.566990e-03
9.569637e-03
9.572249e-03
9.574824e-03
9.577364e-03
9.579868e-03
9.582337e-03
9.584770e-03
9.587166e-03
9.589528e-03
9.591853e-03
9.594143e-03
9.596397e-03
9.598616e-03
9.600798e-03
9.602945e-03
9.605056e-03
9.607132e-03
9.609172e-03
9.611176e-03
9.613144e-03
9.615077e-03
9.616973e-03
9.618835e-03
9.620660e-03
9.622450e-03
9.624204e-03
9.625922e-03
9.627604e-03
9.629251e-03
9.630862e-03
9.632438e-03
9.633977e-03
9.635481e-03
9.636949e-03
9.638382e-03
9.639779e-03
9.641140e-03
9.642465e-03
9.643754e-03
9.645008e-03
9.646226e-03
9.647409e-03
9.648556e-03
9.649666e-03
9.650742e-03
9.651781e-03
9.652785e-03
9.653753e-03
9.654685e-03
9.655582e-03
9.656443e-03
9.657268e-03
9.658058e-03
9.658811e-03
9.659529e-03
9.660211e-03
9.660858e-03
9.661469e-03
9.662044e-03
9.662583e-03
9.663087e-03
9.663555e-03
9.663987e-03
9.664384e-03
9.664744e-03
9.665069e-03
9.665359e-03
9.665612e-03
9.665830e-03
9.666012e-03
9.666159e-03
9.666270e-03
9.666345e-03
9.666384e-03
9.666387e-03
9.666355e-03
9.666287e-03
9.666184e-03
9.666044e-03
9.665869e-03
9.665658e-03
9.665412e-03
9.665130e-03
9.664812e-03
9.664458e-03
9.664068e-03
9.663643e-03
9.663182e-03
9.662686e-03
9.662376e-03
9.662376e-03
9.662376e-03
9.662376e-03
9.662376e-03
9.662376e-03
9.662376e-03
9.662376e-03
9.662376e-03
9.662376e-03
9.662376e-03
9.662376e-03
9.662376e-03
9.662376e-03
9.662376e-03
9.662376e-03
9.662376e-03
9.662376e-03
9.662376e-03
9.662376e-03
9.662376e-03
9.662376e-03
9.662376e-03
9.662376e-03
9.662376e-03
9.662376e-03
9.662376e-03
9.662376e-03
9.662376e-03
9.662376e-03
9.662376e-03
9.662376e-03
9.662376e-03
9.662376e-03
9.662376e-03
9.662376e-03
9.662376e-03
9.662376e-03
9.662376e-03
9.662376e-03
9.662376e-03
9.662376e-03
9.662376e-03
9.662376e-03
9.662376e-03
9.662376e-03
9.662376e-03
9.662376e-03
9.662376e-03
9.662376e-03
9.662376e-03
9.662376e-03
9.662376e-03
9.662376e-03
9.662376e-03
9.662376e-03
9.662376e-03
9.662376e-03
9.662376e-03
9.662376e-03
9.662376e-03
9.662376e-03
9.662376e-03
9.662376e-03
9.662376e-03
9.662376e-03
9.662376e-03
9.662376e-03
9.662376e-03
9.662376e-03
9.662376e-03
9.662376e-03
9.662376e-03
9.662376e-03
9.662376e-03
9.662376e-03
9.662376e-03
9.662376e-03
9.662376e-03
9.662376e-03
9.662376e-03
9.662376e-03
9.662376e-03
9.662376e-03
9.662376e-03
9.662376e-03
9.662376e-03
9.662376e-03
9.662376e-03
9.662376e-03
9.662376e-03
9.662376e-03
9.662376e-03
9.662376e-03
9.662376e-03
9.662376e-03
9.662376e-03
9.662376e-03
9.662376e-03
9.662376e-03
9.662376e-03
9.662376e-03
9.662376e-03
9.662376e-03
9.662376e-03
9.662376e-03
9.662376e-03
9.662376e-03
9.662376e-03
9.662376e-03
9.662376e-03
9.662376e-03
9.662376e-03
9.662376e-03
9.662376e-03
9.662376e-03
9.662376e-03
9.662376e-03
9.662376e-03
9.662376e-03
9.662376e-03
9.662376e-03
9.662376e-03
9.662376e-03
9.662376e-03
9.662376e-03
9.662376e-03
9.662376e-03
9.662376e-03
9.662376e-03
9.662376e-03
9.662376e-03
9.662376e-03
9.662376e-03
9.662376e-03
9.662376e-03
9.662376e-03
9.662376e-03
9.662376e-03
9.662376e-03
9.662376e-03
9.662376e-03
9.662376e-03
9.662376e-03
9.662376e-03
9.662376e-03
9.662376e-03
9.662376e-03
9.662376e-03
9.662376e-03
9.662376e-03
9.662376e-03
9.662376e-03
9.662376e-03
9.662376e-03
9.662376e-03
9.662376e-03
9.662376e-03
9.662376e-03
9.662376e-03
9.662376e-03
9.662376e-03
9.662376e-03
9.662376e-03
9.662376e-03
9.662376e-03
9.662376e-03
9.662376e-03
9.662376e-03
9.662376e-03
9.662376e-03
9.662376e-03
9.662376e-03
9.662376e-03
9.662376e-03
9.662376e-03
9.662376e-03
9.662376e-03
9.662376e-03
9.662376e-03
9.662376e-03
9.662376e-03
9.662376e-03
9.662376e-03
9.662376e-03
9.662376e-03
9.662376e-03
9.662376e-03
9.662376e-03
9.662376e-03
9.662376e-03
9.662376e-03
9.662376e-03
9.662376e-03
9.662376e-03
9.662376e-03
9.662376e-03
9.662376e-03
9.662376e-03
9.662376e-03
9.662376e-03
