0.000000e+00
1.110371e-07
2.293792e-07
3.550265e-07
4.879788e-07
6.282361e-07
7.757986e-07
9.306661e-07
1.092839e-06
1.262316e-06
1.439099e-06
1.623187e-06
1.814580e-06
2.013278e-06
2.219281e-06
2.432589e-06
2.653202e-06
2.881120e-06
3.116343e-06
3.358872e-06
3.608705e-06
3.865844e-06
4.130287e-06
4.402036e-06
4.681090e-06
4.967449e-06
5.261112e-06
5.562081e-06
5.870355e-06
6.185935e-06
6.508819e-06
6.839008e-06
7.176502e-06
7.521302e-06
7.873406e-06
8.232816e-06
8.599530e-06
8.973550e-06
9.354875e-06
9.743504e-06
1.013944e-05
1.054268e-05
1.095322e-05
1.137107e-05
1.179623e-05
1.222869e-05
1.266845e-05
1.311553e-05
1.356990e-05
1.403158e-05
1.450057e-05
1.497686e-05
1.546045e-05
1.595135e-05
1.644956e-05
1.695507e-05
1.746789e-05
1.798801e-05
1.851543e-05
1.905017e-05
1.959220e-05
2.014154e-05
2.069819e-05
2.126214e-05
2.183340e-05
2.241196e-05
2.299783e-05
2.359100e-05
2.419147e-05
2.479926e-05
2.541434e-05
2.603674e-05
2.666643e-05
2.730344e-05
2.794774e-05
2.859935e-05
2.925827e-05
2.992449e-05
3.059802e-05
3.127886e-05
3.196699e-05
3.266244e-05
3.336518e-05
3.407524e-05
3.479259e-05
3.551726e-05
3.624923e-05
3.698850e-05
3.773508e-05
3.848896e-05
3.925015e-05
4.001864e-05
4.079444e-05
4.157754e-05
4.236795e-05
4.316567e-05
4.397069e-05
4.478301e-05
4.560264e-05
4.642957e-05
4.726381e-05
4.810536e-05
4.895421e-05
4.981036e-05
5.067382e-05
5.154458e-05
5.242265e-05
5.330803e-05
5.420071e-05
5.510069e-05
5.600798e-05
5.692258e-05
5.784448e-05
5.877368e-05
5.971019e-05
6.065401e-05
6.160513e-05
6.256355e-05
6.352928e-05
6.450232e-05
6.548266e-05
6.647031e-05
6.746526e-05
6.846751e-05
6.947707e-05
7.049394e-05
7.151811e-05
7.254959e-05
7.358837e-05
7.463445e-05
7.568785e-05
7.674854e-05
7.781654e-05
7.889185e-05
7.997446e-05
8.106438e-05
8.216160e-05
8.326613e-05
8.437796e-05
8.549710e-05
8.662354e-05
8.775728e-05
8.889834e-05
9.004669e-05
9.120236e-05
9.236532e-05
9.353560e-05
9.471317e-05
9.589806e-05
9.709024e-05
9.828974e-05
9.949653e-05
1.007106e-04
1.019320e-04
1.031608e-04
1.043968e-04
1.056401e-04
1.068907e-04
1.081487e-04
1.094139e-04
1.106864e-04
1.119663e-04
1.132534e-04
1.145479e-04
1.158497e-04
1.171587e-04
1.184751e-04
1.197988e-04
1.211298e-04
1.224681e-04
1.238137e-04
1.251666e-04
1.265268e-04
1.278943e-04
1.292691e-04
1.306512e-04
1.320406e-04
1.334374e-04
1.348414e-04
1.362527e-04
1.376714e-04
1.390973e-04
1.405306e-04
1.419711e-04
1.434190e-04
1.448742e-04
1.463367e-04
1.478064e-04
1.492835e-04
1.507679e-04
1.522596e-04
1.537586e-04
1.552649e-04
1.567785e-04
1.582994e-04
1.598277e-04
1.613632e-04
1.629060e-04
1.644562e-04
1.660136e-04
1.675783e-04
1.691504e-04
1.707297e-04
1.723164e-04
1.739104e-04
1.755116e-04
1.771202e-04
1.787361e-04
1.803593e-04
1.819898e-04
1.836276e-04
1.852727e-04
1.869251e-04
1.885848e-04
1.902518e-04
1.919261e-04
1.936078e-04
1.952967e-04
1.969929e-04
1.986965e-04
2.004073e-04
2.021255e-04
2.038509e-04
2.055837e-04
2.073238e-04
2.090711e-04
2.108258e-04
2.125878e-04
2.143571e-04
2.161337e-04
2.179176e-04
2.197088e-04
2.215073e-04
2.233131e-04
2.251262e-04
2.269467e-04
2.287744e-04
2.306094e-04
2.324518e-04
2.343014e-04
2.361584e-04
2.380226e-04
2.398942e-04
2.417730e-04
2.436592e-04
2.455527e-04
2.474535e-04
2.493615e-04
2.512769e-04
2.531996e-04
2.551296e-04
2.570669e-04
2.590115e-04
2.609635e-04
2.629227e-04
2.648892e-04
2.668630e-04
2.688442e-04
2.708326e-04
2.728283e-04
2.748314e-04
2.768418e-04
2.788594e-04
2.808844e-04
2.829167e-04
2.849562e-04
2.870031e-04
2.890573e-04
2.911188e-04
2.931876e-04
2.952637e-04
2.973471e-04
2.994378e-04
3.015358e-04
3.036411e-04
3.057538e-04
3.078737e-04
3.100009e-04
3.121355e-04
3.142773e-04
3.164265e-04
3.185829e-04
3.207467e-04
3.229178e-04
3.250961e-04
3.272818e-04
3.294748e-04
3.316751e-04
3.338827e-04
3.360976e-04
3.383198e-04
3.405493e-04
3.427861e-04
3.450302e-04
3.472816e-04
3.495404e-04
3.518064e-04
3.540797e-04
3.563604e-04
3.586483e-04
3.609436e-04
3.632461e-04
3.655560e-04
3.678732e-04
3.701976e-04
3.725294e-04
3.748685e-04
3.772149e-04
3.795686e-04
3.819296e-04
3.842979e-04
3.866735e-04
3.890564e-04
3.914466e-04
3.938442e-04
3.962490e-04
3.986611e-04
4.010806e-04
4.035073e-04
4.059414e-04
4.083827e-04
4.108314e-04
4.132873e-04
4.157506e-04
4.182212e-04
4.206991e-04
4.231843e-04
4.256767e-04
4.281765e-04
4.306836e-04
4.331980e-04
4.357198e-04
4.382488e-04
4.407851e-04
4.433287e-04
4.458796e-04
4.484379e-04
4.510034e-04
4.535763e-04
4.561564e-04
4.587439e-04
4.613386e-04
4.639407e-04
4.665501e-04
4.691668e-04
4.717907e-04
4.744220e-04
4.770606e-04
4.797065e-04
4.823597e-04
4.850202e-04
4.876880e-04
4.903631e-04
4.930456e-04
4.957353e-04
4.984323e-04
5.011367e-04
5.038483e-04
5.065673e-04
5.092935e-04
5.120271e-04
5.147679e-04
5.175161e-04
5.202716e-04
5.230344e-04
5.258044e-04
5.285818e-04
5.313665e-04
5.341585e-04
5.369578e-04
5.397644e-04
5.425783e-04
5.453996e-04
5.482281e-04
5.510639e-04
5.539070e-04
5.567575e-04
5.596152e-04
5.624803e-04
5.653526e-04
5.682323e-04
5.711193e-04
5.740135e-04
5.769151e-04
5.798240e-04
5.827402e-04
5.856637e-04
5.885944e-04
5.915325e-04
5.944780e-04
5.974307e-04
6.003907e-04
6.033580e-04
6.063326e-04
6.093146e-04
6.123038e-04
6.153003e-04
6.183042e-04
6.213153e-04
6.243338e-04
6.273595e-04
6.303926e-04
6.334330e-04
6.364807e-04
6.395356e-04
6.425979e-04
6.456675e-04
6.487444e-04
6.518286e-04
6.549201e-04
6.580189e-04
6.611250e-04
6.642385e-04
6.673592e-04
6.704872e-04
6.736226e-04
6.767652e-04
6.799151e-04
6.830724e-04
6.862370e-04
6.894088e-04
6.925880e-04
6.957745e-04
6.989682e-04
7.021693e-04
7.053777e-04
7.085934e-04
7.118164e-04
7.150467e-04
7.182843e-04
7.215292e-04
7.247814e-04
7.280410e-04
7.313078e-04
7.345819e-04
7.378634e-04
7.411521e-04
7.444481e-04
7.477515e-04
7.510622e-04
7.543801e-04
7.577054e-04
7.610380e-04
7.643778e-04
7.677250e-04
7.710795e-04
7.744413e-04
7.778104e-04
7.811868e-04
7.845705e-04
7.879615e-04
7.913599e-04
7.947655e-04
7.981784e-04
8.015986e-04
8.050262e-04
8.084610e-04
8.119032e-04
8.153526e-04
8.188094e-04
8.222735e-04
8.257448e-04
8.292235e-04
8.327095e-04
8.362028e-04
8.397034e-04
8.432113e-04
8.467265e-04
8.502490e-04
8.537788e-04
8.573159e-04
8.608603e-04
8.644120e-04
8.679711e-04
8.715374e-04
8.751110e-04
8.786920e-04
8.822802e-04
8.858758e-04
8.894787e-04
8.930888e-04
8.967063e-04
9.003311e-04
9.039631e-04
9.076025e-04
9.112492e-04
9.149032e-04
9.185645e-04
9.222331e-04
9.259090e-04
9.295923e-04
9.332828e-04
9.369806e-04
9.406857e-04
9.443982e-04
9.481179e-04
9.518450e-04
9.555793e-04
9.593210e-04
9.630699e-04
9.668262e-04
9.705898e-04
9.743607e-04
9.781388e-04
9.819243e-04
9.857171e-04
9.895172e-04
9.933246e-04
9.971393e-04
1.000961e-03
1.004791e-03
1.008627e-03
1.012471e-03
1.016322e-03
1.020181e-03
1.024047e-03
1.027920e-03
1.031800e-03
1.035688e-03
1.039583e-03
1.043486e-03
1.047395e-03
1.051312e-03
1.055237e-03
1.059168e-03
1.063107e-03
1.067053e-03
1.071007e-03
1.074968e-03
1.078936e-03
1.082911e-03
1.086894e-03
1.090884e-03
1.094881e-03
1.098886e-03
1.102898e-03
1.106917e-03
1.110944e-03
1.114977e-03
1.119019e-03
1.123067e-03
1.127123e-03
1.131186e-03
1.135256e-03
1.139334e-03
1.143419e-03
1.147511e-03
1.151611e-03
1.155718e-03
1.159832e-03
1.163954e-03
1.168082e-03
1.172219e-03
1.176362e-03
1.180513e-03
1.184671e-03
1.188836e-03
1.193009e-03
1.197189e-03
1.201376e-03
1.205571e-03
1.209772e-03
1.213982e-03
1.218198e-03
1.222422e-03
1.226653e-03
1.230891e-03
1.235137e-03
1.239390e-03
1.243650e-03
1.247918e-03
1.252193e-03
1.256475e-03
1.260765e-03
1.265062e-03
1.269366e-03
1.273677e-03
1.277996e-03
1.282322e-03
1.286655e-03
1.290996e-03
1.295344e-03
1.299699e-03
1.304062e-03
1.308432e-03
1.312809e-03
1.317194e-03
1.321585e-03
1.325984e-03
1.330391e-03
1.334805e-03
1.339226e-03
1.343654e-03
1.348090e-03
1.352533e-03
1.356983e-03
1.361440e-03
1.365905e-03
1.370377e-03
1.374857e-03
1.379344e-03
1.383838e-03
1.388339e-03
1.392848e-03
1.397364e-03
1.401887e-03
1.406418e-03
1.410956e-03
1.415501e-03
1.420053e-03
1.424613e-03
1.429180e-03
1.433755e-03
1.438336e-03
1.442925e-03
1.447522e-03
1.452125e-03
1.456736e-03
1.461355e-03
1.465980e-03
1.470613e-03
1.475253e-03
1.479901e-03
1.484556e-03
1.489218e-03
1.493887e-03
1.498564e-03
1.503248e-03
1.507939e-03
1.512638e-03
1.517344e-03
1.522057e-03
1.526777e-03
1.531505e-03
1.536240e-03
1.540983e-03
1.545733e-03
1.550490e-03
1.555254e-03
1.560026e-03
1.564805e-03
1.569591e-03
1.574385e-03
1.579186e-03
1.583994e-03
1.588809e-03
1.593632e-03
1.598462e-03
1.603300e-03
1.608144e-03
1.612996e-03
1.617856e-03
1.622722e-03
1.627596e-03
1.632477e-03
1.637366e-03
1.642262e-03
1.647165e-03
1.652076e-03
1.656993e-03
1.661918e-03
1.666851e-03
1.671790e-03
1.676737e-03
1.681692e-03
1.686653e-03
1.691622e-03
1.696598e-03
1.701582e-03
1.706573e-03
1.711571e-03
1.716576e-03
1.721589e-03
1.726609e-03
1.731637e-03
1.736671e-03
1.741713e-03
1.746762e-03
1.751819e-03
1.756883e-03
1.761954e-03
1.767033e-03
1.772118e-03
1.777211e-03
1.782312e-03
1.787419e-03
1.792535e-03
1.797657e-03
1.802786e-03
1.807923e-03
1.813068e-03
1.818219e-03
1.823378e-03
1.828544e-03
1.833718e-03
1.838898e-03
1.844086e-03
1.849282e-03
1.854484e-03
1.859694e-03
1.864912e-03
1.870136e-03
1.875368e-03
1.880607e-03
1.885854e-03
1.891108e-03
1.896369e-03
1.901637e-03
1.906913e-03
1.912196e-03
1.917486e-03
1.922784e-03
1.928089e-03
1.933401e-03
1.938721e-03
1.944048e-03
1.949382e-03
1.954723e-03
1.960072e-03
1.965428e-03
1.970791e-03
1.976162e-03
1.981540e-03
1.986925e-03
1.992318e-03
1.997718e-03
2.003125e-03
2.008540e-03
2.013961e-03
2.019391e-03
2.024827e-03
2.030271e-03
2.035722e-03
2.041180e-03
2.046646e-03
2.052119e-03
2.057599e-03
2.063087e-03
2.068581e-03
2.074084e-03
2.079593e-03
2.085110e-03
2.090634e-03
2.096165e-03
2.101704e-03
2.107250e-03
2.112803e-03
2.118364e-03
2.123932e-03
2.129507e-03
2.135090e-03
2.140680e-03
2.146277e-03
2.151881e-03
2.157493e-03
2.163112e-03
2.168738e-03
2.174372e-03
2.180013e-03
2.185661e-03
2.191317e-03
2.196980e-03
2.202650e-03
2.208327e-03
2.214012e-03
2.219704e-03
2.225404e-03
2.231111e-03
2.236825e-03
2.242546e-03
2.248275e-03
2.254010e-03
2.259754e-03
2.265504e-03
2.271262e-03
2.277027e-03
2.282800e-03
2.288580e-03
2.294367e-03
2.300161e-03
2.305963e-03
2.311772e-03
2.317588e-03
2.323412e-03
2.329242e-03
2.335081e-03
2.340926e-03
2.346779e-03
2.352639e-03
2.358507e-03
2.364381e-03
2.370263e-03
2.376153e-03
2.382049e-03
2.387953e-03
2.393865e-03
2.399783e-03
2.405709e-03
2.411642e-03
2.417583e-03
2.423531e-03
2.429486e-03
2.435448e-03
2.441418e-03
2.447395e-03
2.453379e-03
2.459371e-03
2.465370e-03
2.471376e-03
2.477389e-03
2.483410e-03
2.489438e-03
2.495474e-03
2.501517e-03
2.507567e-03
2.513624e-03
2.519689e-03
2.525761e-03
2.531840e-03
2.537926e-03
2.544020e-03
2.550122e-03
2.556230e-03
2.562346e-03
2.568469e-03
2.574599e-03
2.580737e-03
2.586882e-03
2.593034e-03
2.599194e-03
2.605361e-03
2.611535e-03
2.617717e-03
2.623906e-03
2.630102e-03
2.636305e-03
2.642516e-03
2.648734e-03
2.654960e-03
2.661192e-03
2.667432e-03
2.673680e-03
2.679934e-03
2.686196e-03
2.692465e-03
2.698742e-03
2.705026e-03
2.711317e-03
2.717615e-03
2.723921e-03
2.730234e-03
2.736554e-03
2.742882e-03
2.749217e-03
2.755559e-03
2.761909e-03
2.768266e-03
2.774630e-03
2.781001e-03
2.787380e-03
2.793766e-03
2.800160e-03
2.806560e-03
2.812968e-03
2.819384e-03
2.825806e-03
2.832236e-03
2.838673e-03
2.845118e-03
2.851570e-03
2.858029e-03
2.864495e-03
2.870969e-03
2.877450e-03
2.883938e-03
2.890434e-03
2.896937e-03
2.903447e-03
2.909965e-03
2.916490e-03
2.923022e-03
2.929562e-03
2.936108e-03
2.942662e-03
2.949224e-03
2.955793e-03
2.962369e-03
2.968952e-03
2.975543e-03
2.982141e-03
2.988746e-03
2.995358e-03
3.001978e-03
3.008605e-03
3.015240e-03
3.021882e-03
3.028531e-03
3.035187e-03
3.041851e-03
3.048522e-03
3.055200e-03
3.061886e-03
3.068579e-03
3.075279e-03
3.081986e-03
3.088701e-03
3.095423e-03
3.102153e-03
3.108889e-03
3.115633e-03
3.122385e-03
3.129143e-03
3.135909e-03
3.142683e-03
3.149463e-03
3.156251e-03
3.163046e-03
3.169849e-03
3.176659e-03
3.183476e-03
3.190300e-03
3.197132e-03
3.203971e-03
3.210817e-03
3.217671e-03
3.224532e-03
3.231400e-03
3.238275e-03
3.245158e-03
3.252048e-03
3.258946e-03
3.265851e-03
3.272763e-03
3.279682e-03
3.286609e-03
3.293543e-03
3.300484e-03
3.307432e-03
3.314388e-03
3.321352e-03
3.328322e-03
3.335300e-03
3.342285e-03
3.349277e-03
3.356277e-03
3.363284e-03
3.370298e-03
3.377320e-03
3.384349e-03
3.391385e-03
3.398429e-03
3.405480e-03
3.412538e-03
3.419603e-03
3.426676e-03
3.433756e-03
3.440844e-03
3.447938e-03
3.455040e-03
3.462150e-03
3.469266e-03
3.476390e-03
3.483521e-03
3.490660e-03
3.497806e-03
3.504959e-03
3.512119e-03
3.519287e-03
3.526462e-03
3.533644e-03
3.540834e-03
3.548031e-03
3.555235e-03
3.562447e-03
3.569666e-03
3.576892e-03
3.584125e-03
3.591366e-03
3.598614e-03
3.605869e-03
3.613132e-03
3.620402e-03
3.627680e-03
3.634964e-03
3.642256e-03
3.649555e-03
3.656862e-03
3.664176e-03
3.671497e-03
3.678825e-03
3.686161e-03
3.693504e-03
3.700854e-03
3.708212e-03
3.715577e-03
3.722949e-03
3.730329e-03
3.737716e-03
3.745110e-03
3.752511e-03
3.759920e-03
3.767336e-03
3.774760e-03
3.782191e-03
3.789629e-03
3.797074e-03
3.804527e-03
3.811986e-03
3.819454e-03
3.826928e-03
3.834410e-03
3.841899e-03
3.849396e-03
3.856899e-03
3.864411e-03
3.871929e-03
3.879455e-03
3.886988e-03
3.894528e-03
3.902076e-03
3.909630e-03
3.917193e-03
3.924762e-03
3.932339e-03
3.939923e-03
3.947515e-03
3.955113e-03
3.962719e-03
3.970333e-03
3.977953e-03
3.985581e-03
3.993217e-03
4.000859e-03
4.008509e-03
4.016166e-03
4.023831e-03
4.031502e-03
4.039181e-03
4.046868e-03
4.054562e-03
4.062263e-03
4.069971e-03
4.077687e-03
4.085409e-03
4.093140e-03
4.100877e-03
4.108622e-03
4.116374e-03
4.124134e-03
4.131900e-03
4.139674e-03
4.147456e-03
4.155244e-03
4.163040e-03
4.170844e-03
4.178654e-03
4.186472e-03
4.194297e-03
4.202130e-03
4.209970e-03
4.217817e-03
4.225671e-03
4.233533e-03
4.241402e-03
4.249278e-03
4.257162e-03
4.265053e-03
4.272951e-03
4.280857e-03
4.288769e-03
4.296690e-03
4.304617e-03
4.312552e-03
4.320494e-03
4.328443e-03
4.336400e-03
4.344364e-03
4.352335e-03
4.360314e-03
4.368300e-03
4.376293e-03
4.384294e-03
4.392301e-03
4.400316e-03
4.408339e-03
4.416369e-03
4.424406e-03
4.432450e-03
4.440502e-03
4.448561e-03
4.456627e-03
4.464700e-03
4.472781e-03
4.480869e-03
4.488965e-03
4.497068e-03
4.505178e-03
4.513295e-03
4.521420e-03
4.529552e-03
4.537691e-03
4.545838e-03
4.553992e-03
4.562153e-03
4.570322e-03
4.578497e-03
4.586681e-03
4.594871e-03
4.603069e-03
4.611274e-03
4.619486e-03
4.627706e-03
4.635933e-03
4.644167e-03
4.652409e-03
4.660658e-03
4.668914e-03
4.677177e-03
4.685448e-03
4.693726e-03
4.702012e-03
4.710304e-03
4.718604e-03
4.726912e-03
4.735226e-03
4.743548e-03
4.751877e-03
4.760214e-03
4.768558e-03
4.776909e-03
4.785267e-03
4.793633e-03
4.802006e-03
4.810387e-03
4.818774e-03
4.827169e-03
4.835572e-03
4.843981e-03
4.852398e-03
4.860822e-03
4.869254e-03
4.877693e-03
4.886139e-03
4.894592e-03
4.903053e-03
4.911521e-03
4.919996e-03
4.928479e-03
4.936969e-03
4.945466e-03
4.953971e-03
4.962483e-03
4.971002e-03
4.979528e-03
4.988062e-03
4.996603e-03
5.005152e-03
5.013707e-03
5.022270e-03
5.030841e-03
5.039418e-03
5.048003e-03
5.056595e-03
5.065195e-03
5.073802e-03
5.082416e-03
5.091037e-03
5.099666e-03
5.108302e-03
5.116945e-03
5.125596e-03
5.134254e-03
5.142919e-03
5.151592e-03
5.160272e-03
5.168959e-03
5.177653e-03
5.186355e-03
5.195064e-03
5.203781e-03
5.212505e-03
5.221236e-03
5.229974e-03
5.238720e-03
5.247472e-03
5.256233e-03
5.265000e-03
5.273775e-03
5.282557e-03
5.291347e-03
5.300143e-03
5.308948e-03
5.317759e-03
5.326578e-03
5.335404e-03
5.344237e-03
5.353077e-03
5.361925e-03
5.370781e-03
5.379643e-03
5.388513e-03
5.397390e-03
5.406274e-03
5.415166e-03
5.424065e-03
5.432972e-03
5.441885e-03
5.450806e-03
5.459734e-03
5.468670e-03
5.477613e-03
5.486563e-03
5.495521e-03
5.504485e-03
5.513457e-03
5.522437e-03
5.531423e-03
5.540417e-03
5.549419e-03
5.558427e-03
5.567443e-03
5.576467e-03
5.585497e-03
5.594535e-03
5.603580e-03
5.612633e-03
5.621692e-03
5.630759e-03
5.639834e-03
5.648915e-03
5.658004e-03
5.667101e-03
5.676204e-03
5.685315e-03
5.694433e-03
5.703559e-03
5.712692e-03
5.721832e-03
5.730979e-03
5.740134e-03
5.749296e-03
5.758465e-03
5.767642e-03
5.776826e-03
5.786017e-03
5.795215e-03
5.804421e-03
5.813634e-03
5.822855e-03
5.832083e-03
5.841318e-03
5.850560e-03
5.859810e-03
5.869067e-03
5.878331e-03
5.887603e-03
5.896882e-03
5.906168e-03
5.915461e-03
5.924762e-03
5.934070e-03
5.943386e-03
5.952708e-03
5.962038e-03
5.971376e-03
5.980720e-03
5.990072e-03
5.999432e-03
6.008798e-03
6.018172e-03
6.027553e-03
6.036942e-03
6.046338e-03
6.055741e-03
6.065151e-03
6.074569e-03
6.083994e-03
6.093426e-03
6.102866e-03
6.112313e-03
6.121767e-03
6.131228e-03
6.140697e-03
6.150173e-03
6.159657e-03
6.169147e-03
6.178646e-03
6.188151e-03
6.197664e-03
6.207184e-03
6.216711e-03
6.226245e-03
6.235787e-03
6.245336e-03
6.254893e-03
6.264457e-03
6.274028e-03
6.283606e-03
6.293192e-03
6.302785e-03
6.312385e-03
6.321993e-03
6.331608e-03
6.341230e-03
6.350860e-03
6.360497e-03
6.370141e-03
6.379792e-03
6.389451e-03
6.399117e-03
6.408790e-03
6.418471e-03
6.428159e-03
6.437854e-03
6.447557e-03
6.457267e-03
6.466984e-03
6.476709e-03
6.486440e-03
6.496179e-03
6.505926e-03
6.515680e-03
6.525441e-03
6.535209e-03
6.544985e-03
6.554768e-03
6.564558e-03
6.574355e-03
6.584160e-03
6.593972e-03
6.603792e-03
6.613619e-03
6.623453e-03
6.633294e-03
6.643143e-03
6.652999e-03
6.662862e-03
6.672733e-03
6.682611e-03
6.692496e-03
6.702388e-03
6.712288e-03
6.722195e-03
6.732110e-03
6.742032e-03
6.751961e-03
6.761897e-03
6.771841e-03
6.781792e-03
6.791750e-03
6.801716e-03
6.811688e-03
6.821669e-03
6.831656e-03
6.841651e-03
6.851653e-03
6.861662e-03
6.871679e-03
6.881703e-03
6.891734e-03
6.901773e-03
6.911819e-03
6.921872e-03
6.931933e-03
6.942001e-03
6.952076e-03
6.962158e-03
6.972248e-03
6.982345e-03
6.992449e-03
7.002561e-03
7.012680e-03
7.022806e-03
7.032940e-03
7.043081e-03
7.053229e-03
7.063385e-03
7.073547e-03
7.083718e-03
7.093895e-03
7.104080e-03
7.114272e-03
7.124471e-03
7.134678e-03
7.144892e-03
7.155113e-03
7.165342e-03
7.175577e-03
7.185821e-03
7.196071e-03
7.206329e-03
7.216594e-03
7.226866e-03
7.237146e-03
7.247433e-03
7.257727e-03
7.268029e-03
7.278338e-03
7.288654e-03
7.298978e-03
7.309308e-03
7.319647e-03
7.329992e-03
7.340345e-03
7.350705e-03
7.361072e-03
7.371447e-03
7.381829e-03
7.392218e-03
7.402615e-03
7.413019e-03
7.423430e-03
7.433848e-03
7.444274e-03
7.454707e-03
7.465148e-03
7.475595e-03
7.486050e-03
7.496513e-03
7.506982e-03
7.517459e-03
7.527943e-03
7.538435e-03
7.548934e-03
7.559440e-03
7.569953e-03
7.580474e-03
7.591002e-03
7.601538e-03
7.612080e-03
7.622630e-03
7.633188e-03
7.643752e-03
7.654324e-03
7.664903e-03
7.675490e-03
7.686084e-03
7.696685e-03
7.707293e-03
7.717909e-03
7.728532e-03
7.739162e-03
7.749800e-03
7.760445e-03
7.771097e-03
7.781757e-03
7.792423e-03
7.803098e-03
7.813779e-03
7.824468e-03
7.835164e-03
7.845867e-03
7.856578e-03
7.867296e-03
7.878021e-03
7.888754e-03
7.899494e-03
7.910241e-03
7.920996e-03
7.931757e-03
7.942527e-03
7.953303e-03
7.964087e-03
7.974878e-03
7.985676e-03
7.996482e-03
8.007295e-03
8.018115e-03
8.028943e-03
8.039778e-03
8.050620e-03
8.061469e-03
8.072326e-03
8.083190e-03
8.094062e-03
8.104940e-03
8.115826e-03
8.126720e-03
8.137620e-03
8.148528e-03
8.159443e-03
8.170366e-03
8.181296e-03
8.192233e-03
8.203177e-03
8.214129e-03
8.225088e-03
8.236055e-03
8.247028e-03
8.258009e-03
8.268998e-03
8.279993e-03
8.290996e-03
8.302006e-03
8.313024e-03
8.324049e-03
8.335081e-03
8.346120e-03
8.357167e-03
8.368221e-03
8.378617e-03
8.388978e-03
8.399301e-03
8.409589e-03
8.419840e-03
8.430054e-03
8.440232e-03
8.450374e-03
8.460479e-03
8.470548e-03
8.480580e-03
8.490576e-03
8.500535e-03
8.510458e-03
8.520345e-03
8.530195e-03
8.540009e-03
8.549786e-03
8.559527e-03
8.569231e-03
8.578899e-03
8.588531e-03
8.598126e-03
8.607685e-03
8.617207e-03
8.626693e-03
8.636143e-03
8.645556e-03
8.654932e-03
8.664272e-03
8.673576e-03
8.682843e-03
8.692074e-03
8.701269e-03
8.710427e-03
8.719548e-03
8.728634e-03
8.737682e-03
8.746695e-03
8.755671e-03
8.764610e-03
8.773513e-03
8.782380e-03
8.791210e-03
8.800004e-03
8.808761e-03
8.817482e-03
8.826166e-03
8.834814e-03
8.843426e-03
8.852001e-03
8.860540e-03
8.869042e-03
8.877508e-03
8.885937e-03
8.894331e-03
8.902687e-03
8.911007e-03
8.919291e-03
8.927538e-03
8.935749e-03
8.943924e-03
8.952062e-03
8.960163e-03
8.968229e-03
8.976257e-03
8.984250e-03
8.992206e-03
9.000125e-03
9.008008e-03
9.015855e-03
9.023665e-03
9.031439e-03
9.039176e-03
9.046877e-03
9.054541e-03
9.062169e-03
9.069761e-03
9.077316e-03
9.084835e-03
9.092317e-03
9.099763e-03
9.107173e-03
9.114546e-03
9.121882e-03
9.129182e-03
9.136446e-03
9.143674e-03
9.150864e-03
9.158019e-03
9.165137e-03
9.172219e-03
9.179264e-03
9.186273e-03
9.193245e-03
9.200181e-03
9.207080e-03
9.213943e-03
9.220770e-03
9.227560e-03
9.234314e-03
9.241031e-03
9.247712e-03
9.254357e-03
9.260965e-03
9.267536e-03
9.274071e-03
9.280570e-03
9.287033e-03
9.293459e-03
9.299848e-03
9.306201e-03
9.312518e-03
9.318798e-03
9.325042e-03
9.331249e-03
9.337420e-03
9.343554e-03
9.349652e-03
9.355714e-03
9.361739e-03
9.367728e-03
9.373680e-03
9.379596e-03
9.385476e-03
9.391319e-03
9.397125e-03
9.402896e-03
9.408629e-03
9.414327e-03
9.419988e-03
9.425612e-03
9.431200e-03
9.436752e-03
9.442267e-03
9.447746e-03
9.453188e-03
9.458594e-03
9.463964e-03
9.469297e-03
9.474593e-03
9.479853e-03
9.485077e-03
9.490265e-03
9.495416e-03
9.500530e-03
9.505608e-03
9.510650e-03
9.515655e-03
9.520624e-03
9.525556e-03
9.530452e-03
9.535311e-03
9.540135e-03
9.544921e-03
9.549671e-03
9.554385e-03
9.559063e-03
9.563703e-03
9.568308e-03
9.572876e-03
9.577408e-03
9.581903e-03
9.586362e-03
9.590784e-03
9.595170e-03
9.599519e-03
9.603832e-03
9.608109e-03
9.612349e-03
9.616553e-03
9.620720e-03
9.624851e-03
9.628946e-03
9.633004e-03
9.637026e-03
9.641011e-03
9.644960e-03
9.648872e-03
9.652748e-03
9.656587e-03
9.660390e-03
9.664157e-03
9.667887e-03
9.671581e-03
9.675239e-03
9.678859e-03
9.682444e-03
9.685992e-03
9.689504e-03
9.692979e-03
9.696418e-03
9.699820e-03
9.703186e-03
9.706515e-03
9.709809e-03
9.713065e-03
9.716285e-03
9.719469e-03
9.722617e-03
9.725728e-03
9.728802e-03
9.731840e-03
9.734842e-03
9.737807e-03
9.740736e-03
9.743628e-03
9.746484e-03
9.749304e-03
9.752087e-03
9.754833e-03
9.757544e-03
9.760217e-03
9.762855e-03
9.765456e-03
9.768020e-03
9.770548e-03
9.773040e-03
9.775495e-03
9.777914e-03
9.780296e-03
9.782642e-03
9.784952e-03
9.787225e-03
9.789462e-03
9.791662e-03
9.793826e-03
9.795953e-03
9.798044e-03
9.800098e-03
9.802116e-03
9.804098e-03
9.806043e-03
9.807952e-03
9.809825e-03
9.811660e-03
9.813460e-03
9.815223e-03
9.816950e-03
9.818640e-03
9.820294e-03
9.821911e-03
9.823492e-03
9.825037e-03
9.826545e-03
9.828016e-03
9.829452e-03
9.830850e-03
9.832213e-03
9.833539e-03
9.834828e-03
9.836081e-03
9.837298e-03
9.838478e-03
9.839622e-03
9.840729e-03
9.841800e-03
9.842835e-03
9.843833e-03
9.844795e-03
9.845720e-03
9.846609e-03
9.847461e-03
9.848277e-03
9.849057e-03
9.849800e-03
9.850506e-03
9.851177e-03
9.851810e-03
9.852408e-03
9.852969e-03
9.853493e-03
9.853981e-03
9.854433e-03
9.854848e-03
9.855227e-03
9.855570e-03
9.855875e-03
9.856145e-03
9.856378e-03
9.856575e-03
9.856735e-03
9.856859e-03
9.856946e-03
9.856997e-03
9.857012e-03
9.856990e-03
9.856932e-03
9.856837e-03
9.856706e-03
9.856538e-03
9.856334e-03
9.856093e-03
9.855817e-03
9.855503e-03
9.855154e-03
9.854767e-03
9.854345e-03
9.853886e-03
9.853390e-03
9.853080e-03
9.853080e-03
9.853080e-03
9.853080e-03
9.853080e-03
9.853080e-03
9.853080e-03
9.853080e-03
9.853080e-03
9.853080e-03
9.853080e-03
9.853080e-03
9.853080e-03
9.853080e-03
9.853080e-03
9.853080e-03
9.853080e-03
9.853080e-03
9.853080e-03
9.853080e-03
9.853080e-03
9.853080e-03
9.853080e-03
9.853080e-03
9.853080e-03
9.853080e-03
9.853080e-03
9.853080e-03
9.853080e-03
9.853080e-03
9.853080e-03
9.853080e-03
9.853080e-03
9.853080e-03
9.853080e-03
9.853080e-03
9.853080e-03
9.853080e-03
9.853080e-03
9.853080e-03
9.853080e-03
9.853080e-03
9.853080e-03
9.853080e-03
9.853080e-03
9.853080e-03
9.853080e-03
9.853080e-03
9.853080e-03
9.853080e-03
9.853080e-03
9.853080e-03
9.853080e-03
9.853080e-03
9.853080e-03
9.853080e-03
9.853080e-03
9.853080e-03
9.853080e-03
9.853080e-03
9.853080e-03
9.853080e-03
9.853080e-03
9.853080e-03
9.853080e-03
9.853080e-03
9.853080e-03
9.853080e-03
9.853080e-03
9.853080e-03
9.853080e-03
9.853080e-03
9.853080e-03
9.853080e-03
9.853080e-03
9.853080e-03
9.853080e-03
9.853080e-03
9.853080e-03
9.853080e-03
9.853080e-03
9.853080e-03
9.853080e-03
9.853080e-03
9.853080e-03
9.853080e-03
9.853080e-03
9.853080e-03
9.853080e-03
9.853080e-03
9.853080e-03
9.853080e-03
9.853080e-03
9.853080e-03
9.853080e-03
9.853080e-03
9.853080e-03
9.853080e-03
9.853080e-03
9.853080e-03
9.853080e-03
9.853080e-03
9.853080e-03
9.853080e-03
9.853080e-03
9.853080e-03
9.853080e-03
9.853080e-03
9.853080e-03
9.853080e-03
9.853080e-03
9.853080e-03
9.853080e-03
9.853080e-03
9.853080e-03
9.853080e-03
9.853080e-03
9.853080e-03
9.853080e-03
9.853080e-03
9.853080e-03
9.853080e-03
9.853080e-03
9.853080e-03
9.853080e-03
9.853080e-03
9.853080e-03
9.853080e-03
9.853080e-03
9.853080e-03
9.853080e-03
9.853080e-03
9.853080e-03
9.853080e-03
9.853080e-03
9.853080e-03
9.853080e-03
9.853080e-03
9.853080e-03
9.853080e-03
9.853080e-03
9.853080e-03
9.853080e-03
9.853080e-03
9.853080e-03
9.853080e-03
9.853080e-03
9.853080e-03
9.853080e-03
9.853080e-03
9.853080e-03
9.853080e-03
9.853080e-03
9.853080e-03
9.853080e-03
9.853080e-03
9.853080e-03
9.853080e-03
9.853080e-03
9.853080e-03
9.853080e-03
9.853080e-03
9.853080e-03
9.853080e-03
9.853080e-03
9.853080e-03
9.853080e-03
9.853080e-03
9.853080e-03
9.853080e-03
9.853080e-03
9.853080e-03
9.853080e-03
9.853080e-03
9.853080e-03
9.853080e-03
9.853080e-03
9.853080e-03
9.853080e-03
9.853080e-03
9.853080e-03
9.853080e-03
9.853080e-03
9.853080e-03
9.853080e-03
9.853080e-03
9.853080e-03
9.853080e-03
9.853080e-03
9.853080e-03
9.853080e-03
9.853080e-03
9.853080e-03
9.853080e-03
9.853080e-03
9.853080e-03
9.853080e-03
9.853080e-03
9.853080e-03
9.853080e-03
9.853080e-03
