0.000000e+00
1.110371e-07
2.287231e-07
3.530580e-07
4.840419e-07
6.216747e-07
7.659564e-07
9.168871e-07
1.074467e-06
1.238695e-06
1.409573e-06
1.587099e-06
1.771274e-06
1.962098e-06
2.159572e-06
2.363694e-06
2.574465e-06
2.791885e-06
3.015953e-06
3.246671e-06
3.484038e-06
3.728054e-06
3.978718e-06
4.236032e-06
4.499994e-06
4.770605e-06
5.047866e-06
5.331775e-06
5.622333e-06
5.919540e-06
6.223396e-06
6.533901e-06
6.851055e-06
7.174857e-06
7.505309e-06
7.842410e-06
8.186159e-06
8.536558e-06
8.893605e-06
9.257302e-06
9.627647e-06
1.000464e-05
1.038828e-05
1.077858e-05
1.117552e-05
1.157911e-05
1.198935e-05
1.240623e-05
1.282977e-05
1.325996e-05
1.369679e-05
1.414027e-05
1.459041e-05
1.504719e-05
1.551062e-05
1.598070e-05
1.645742e-05
1.694080e-05
1.743083e-05
1.792750e-05
1.843083e-05
1.894080e-05
1.945742e-05
1.998069e-05
2.051061e-05
2.104718e-05
2.159040e-05
2.214026e-05
2.269678e-05
2.325994e-05
2.382976e-05
2.440622e-05
2.498933e-05
2.557909e-05
2.617550e-05
2.677855e-05
2.738826e-05
2.800462e-05
2.862762e-05
2.925727e-05
2.989358e-05
3.053653e-05
3.118613e-05
3.184238e-05
3.250528e-05
3.317482e-05
3.385102e-05
3.453386e-05
3.522336e-05
3.591950e-05
3.662229e-05
3.733173e-05
3.804782e-05
3.877056e-05
3.949995e-05
4.023598e-05
4.097867e-05
4.172800e-05
4.248399e-05
4.324662e-05
4.401590e-05
4.479183e-05
4.557441e-05
4.636364e-05
4.715951e-05
4.796204e-05
4.877121e-05
4.958704e-05
5.040951e-05
5.123863e-05
5.207440e-05
5.291682e-05
5.376589e-05
5.462160e-05
5.548397e-05
5.635298e-05
5.722865e-05
5.811096e-05
5.899992e-05
5.989553e-05
6.079779e-05
6.170670e-05
6.262226e-05
6.354446e-05
6.447332e-05
6.540882e-05
6.635098e-05
6.729978e-05
6.825523e-05
6.921733e-05
7.018608e-05
7.116147e-05
7.214352e-05
7.313222e-05
7.412756e-05
7.512955e-05
7.613820e-05
7.715349e-05
7.817543e-05
7.920402e-05
8.023926e-05
8.128114e-05
8.232968e-05
8.338486e-05
8.444670e-05
8.551518e-05
8.659031e-05
8.767209e-05
8.876052e-05
8.985560e-05
9.095733e-05
9.206570e-05
9.318073e-05
9.430240e-05
9.543072e-05
9.656570e-05
9.770732e-05
9.885559e-05
1.000105e-04
1.011721e-04
1.023403e-04
1.035152e-04
1.046967e-04
1.058848e-04
1.070796e-04
1.082811e-04
1.094892e-04
1.107040e-04
1.119254e-04
1.131534e-04
1.143881e-04
1.156295e-04
1.168775e-04
1.181322e-04
1.193935e-04
1.206614e-04
1.219360e-04
1.232173e-04
1.245052e-04
1.257997e-04
1.271009e-04
1.284087e-04
1.297232e-04
1.310444e-04
1.323722e-04
1.337066e-04
1.350477e-04
1.363954e-04
1.377498e-04
1.391109e-04
1.404785e-04
1.418529e-04
1.432339e-04
1.446215e-04
1.460158e-04
1.474167e-04
1.488243e-04
1.502385e-04
1.516594e-04
1.530869e-04
1.545211e-04
1.559619e-04
1.574094e-04
1.588635e-04
1.603243e-04
1.617917e-04
1.632657e-04
1.647465e-04
1.662338e-04
1.677278e-04
1.692285e-04
1.707358e-04
1.722498e-04
1.737704e-04
1.752976e-04
1.768315e-04
1.783721e-04
1.799193e-04
1.814732e-04
1.830337e-04
1.846008e-04
1.861746e-04
1.877551e-04
1.893422e-04
1.909359e-04
1.925363e-04
1.941434e-04
1.957571e-04
1.973774e-04
1.990044e-04
2.006380e-04
2.022783e-04
2.039253e-04
2.055788e-04
2.072391e-04
2.089060e-04
2.105795e-04
2.122597e-04
2.139465e-04
2.156400e-04
2.173401e-04
2.190469e-04
2.207603e-04
2.224804e-04
2.242071e-04
2.259405e-04
2.276805e-04
2.294272e-04
2.311805e-04
2.329405e-04
2.347071e-04
2.364804e-04
2.382603e-04
2.400469e-04
2.418401e-04
2.436400e-04
2.454465e-04
2.472596e-04
2.490795e-04
2.509059e-04
2.527390e-04
2.545788e-04
2.564252e-04
2.582782e-04
2.601380e-04
2.620043e-04
2.638773e-04
2.657570e-04
2.676433e-04
2.695362e-04
2.714358e-04
2.733421e-04
2.752550e-04
2.771745e-04
2.791007e-04
2.810335e-04
2.829730e-04
2.849192e-04
2.868720e-04
2.888314e-04
2.907975e-04
2.927702e-04
2.947496e-04
2.967356e-04
2.987283e-04
3.007277e-04
3.027336e-04
3.047463e-04
3.067655e-04
3.087915e-04
3.108241e-04
3.128633e-04
3.149092e-04
3.169617e-04
3.190209e-04
3.210867e-04
3.231591e-04
3.252383e-04
3.273240e-04
3.294165e-04
3.315155e-04
3.336212e-04
3.357336e-04
3.378526e-04
3.399783e-04
3.421106e-04
3.442495e-04
3.463952e-04
3.485474e-04
3.507063e-04
3.528719e-04
3.550441e-04
3.572229e-04
3.594084e-04
3.616006e-04
3.637994e-04
3.660048e-04
3.682169e-04
3.704357e-04
3.726611e-04
3.748931e-04
3.771318e-04
3.793772e-04
3.816291e-04
3.838878e-04
3.861531e-04
3.884250e-04
3.907036e-04
3.929888e-04
3.952807e-04
3.975793e-04
3.998844e-04
4.021963e-04
4.045148e-04
4.068399e-04
4.091717e-04
4.115101e-04
4.138552e-04
4.162069e-04
4.185653e-04
4.209303e-04
4.233020e-04
4.256803e-04
4.280653e-04
4.304569e-04
4.328551e-04
4.352601e-04
4.376716e-04
4.400898e-04
4.425147e-04
4.449462e-04
4.473844e-04
4.498292e-04
4.522806e-04
4.547388e-04
4.572035e-04
4.596749e-04
4.621530e-04
4.646377e-04
4.671290e-04
4.696270e-04
4.721317e-04
4.746430e-04
4.771609e-04
4.796855e-04
4.822168e-04
4.847547e-04
4.872992e-04
4.898504e-04
4.924083e-04
4.949727e-04
4.975439e-04
5.001217e-04
5.027061e-04
5.052972e-04
5.078949e-04
5.104993e-04
5.131104e-04
5.157280e-04
5.183524e-04
5.209833e-04
5.236210e-04
5.262653e-04
5.289162e-04
5.315738e-04
5.342380e-04
5.369089e-04
5.395864e-04
5.422706e-04
5.449614e-04
5.476588e-04
5.503630e-04
5.530737e-04
5.557911e-04
5.585152e-04
5.612459e-04
5.639833e-04
5.667273e-04
5.694780e-04
5.722353e-04
5.749992e-04
5.777698e-04
5.805471e-04
5.833310e-04
5.861216e-04
5.889188e-04
5.917226e-04
5.945331e-04
5.973503e-04
6.001741e-04
6.030045e-04
6.058416e-04
6.086854e-04
6.115358e-04
6.143928e-04
6.172565e-04
6.201268e-04
6.230038e-04
6.258875e-04
6.287778e-04
6.316747e-04
6.345783e-04
6.374885e-04
6.404054e-04
6.433289e-04
6.462591e-04
6.491959e-04
6.521394e-04
6.550896e-04
6.580463e-04
6.610098e-04
6.639798e-04
6.669566e-04
6.699399e-04
6.729300e-04
6.759266e-04
6.789299e-04
6.819399e-04
6.849565e-04
6.879798e-04
6.910097e-04
6.940463e-04
6.970895e-04
7.001394e-04
7.031959e-04
7.062590e-04
7.093288e-04
7.124053e-04
7.154884e-04
7.185782e-04
7.216746e-04
7.247776e-04
7.278873e-04
7.310037e-04
7.341267e-04
7.372563e-04
7.403926e-04
7.435356e-04
7.466852e-04
7.498414e-04
7.530043e-04
7.561739e-04
7.593501e-04
7.625329e-04
7.657224e-04
7.689185e-04
7.721213e-04
7.753308e-04
7.785468e-04
7.817696e-04
7.849990e-04
7.882350e-04
7.914777e-04
7.947270e-04
7.979830e-04
8.012456e-04
8.045149e-04
8.077908e-04
8.110734e-04
8.143626e-04
8.176585e-04
8.209610e-04
8.242702e-04
8.275860e-04
8.309085e-04
8.342376e-04
8.375734e-04
8.409158e-04
8.442648e-04
8.476205e-04
8.509829e-04
8.543519e-04
8.577276e-04
8.611099e-04
8.644989e-04
8.678945e-04
8.712967e-04
8.747056e-04
8.781212e-04
8.815434e-04
8.849722e-04
8.884077e-04
8.918499e-04
8.952987e-04
8.987541e-04
9.022162e-04
9.056850e-04
9.091604e-04
9.126424e-04
9.161311e-04
9.196264e-04
9.231284e-04
9.266371e-04
9.301524e-04
9.336743e-04
9.372029e-04
9.407381e-04
9.442800e-04
9.478285e-04
9.513837e-04
9.549455e-04
9.585140e-04
9.620891e-04
9.656709e-04
9.692593e-04
9.728544e-04
9.764561e-04
9.800645e-04
9.836795e-04
9.873012e-04
9.909295e-04
9.945645e-04
9.982061e-04
1.001854e-03
1.005509e-03
1.009171e-03
1.012839e-03
1.016514e-03
1.020195e-03
1.023884e-03
1.027578e-03
1.031280e-03
1.034988e-03
1.038703e-03
1.042424e-03
1.046152e-03
1.049887e-03
1.053628e-03
1.057376e-03
1.061131e-03
1.064892e-03
1.068660e-03
1.072435e-03
1.076216e-03
1.080004e-03
1.083798e-03
1.087600e-03
1.091407e-03
1.095222e-03
1.099043e-03
1.102871e-03
1.106705e-03
1.110546e-03
1.114394e-03
1.118249e-03
1.122110e-03
1.125977e-03
1.129852e-03
1.133733e-03
1.137620e-03
1.141514e-03
1.145415e-03
1.149323e-03
1.153237e-03
1.157158e-03
1.161086e-03
1.165020e-03
1.168961e-03
1.172908e-03
1.176862e-03
1.180823e-03
1.184790e-03
1.188764e-03
1.192745e-03
1.196732e-03
1.200726e-03
1.204727e-03
1.208734e-03
1.212748e-03
1.216769e-03
1.220796e-03
1.224830e-03
1.228871e-03
1.232918e-03
1.236972e-03
1.241032e-03
1.245099e-03
1.249173e-03
1.253254e-03
1.257341e-03
1.261434e-03
1.265535e-03
1.269642e-03
1.273756e-03
1.277876e-03
1.282003e-03
1.286137e-03
1.290277e-03
1.294424e-03
1.298577e-03
1.302738e-03
1.306905e-03
1.311078e-03
1.315258e-03
1.319445e-03
1.323639e-03
1.327839e-03
1.332045e-03
1.336259e-03
1.340479e-03
1.344706e-03
1.348939e-03
1.353179e-03
1.357426e-03
1.361679e-03
1.365939e-03
1.370206e-03
1.374479e-03
1.378759e-03
1.383045e-03
1.387339e-03
1.391638e-03
1.395945e-03
1.400258e-03
1.404578e-03
1.408904e-03
1.413237e-03
1.417577e-03
1.421924e-03
1.426277e-03
1.430636e-03
1.435003e-03
1.439376e-03
1.443755e-03
1.448142e-03
1.452535e-03
1.456934e-03
1.461340e-03
1.465753e-03
1.470173e-03
1.474599e-03
1.479032e-03
1.483471e-03
1.487918e-03
1.492370e-03
1.496830e-03
1.501296e-03
1.505769e-03
1.510248e-03
1.514734e-03
1.519227e-03
1.523726e-03
1.528232e-03
1.532745e-03
1.537264e-03
1.541790e-03
1.546322e-03
1.550862e-03
1.555408e-03
1.559960e-03
1.564519e-03
1.569085e-03
1.573657e-03
1.578237e-03
1.582822e-03
1.587415e-03
1.592014e-03
1.596620e-03
1.601232e-03
1.605851e-03
1.610477e-03
1.615109e-03
1.619748e-03
1.624393e-03
1.629046e-03
1.633705e-03
1.638370e-03
1.643042e-03
1.647721e-03
1.652407e-03
1.657099e-03
1.661798e-03
1.666503e-03
1.671215e-03
1.675934e-03
1.680659e-03
1.685391e-03
1.690130e-03
1.694875e-03
1.699627e-03
1.704386e-03
1.709151e-03
1.713923e-03
1.718702e-03
1.723487e-03
1.728279e-03
1.733077e-03
1.737883e-03
1.742694e-03
1.747513e-03
1.752338e-03
1.757170e-03
1.762008e-03
1.766853e-03
1.771705e-03
1.776563e-03
1.781428e-03
1.786300e-03
1.791178e-03
1.796063e-03
1.800955e-03
1.805853e-03
1.810758e-03
1.815670e-03
1.820588e-03
1.825513e-03
1.830444e-03
1.835383e-03
1.840327e-03
1.845279e-03
1.850237e-03
1.855202e-03
1.860173e-03
1.865151e-03
1.870136e-03
1.875127e-03
1.880125e-03
1.885130e-03
1.890141e-03
1.895159e-03
1.900184e-03
1.905215e-03
1.910253e-03
1.915297e-03
1.920349e-03
1.925406e-03
1.930471e-03
1.935542e-03
1.940620e-03
1.945704e-03
1.950795e-03
1.955893e-03
1.960997e-03
1.966108e-03
1.971226e-03
1.976350e-03
1.981481e-03
1.986619e-03
1.991763e-03
1.996914e-03
2.002072e-03
2.007236e-03
2.012407e-03
2.017584e-03
2.022769e-03
2.027959e-03
2.033157e-03
2.038361e-03
2.043572e-03
2.048789e-03
2.054013e-03
2.059244e-03
2.064481e-03
2.069725e-03
2.074976e-03
2.080233e-03
2.085497e-03
2.090768e-03
2.096045e-03
2.101329e-03
2.106620e-03
2.111917e-03
2.117221e-03
2.122531e-03
2.127848e-03
2.133172e-03
2.138502e-03
2.143840e-03
2.149183e-03
2.154534e-03
2.159891e-03
2.165254e-03
2.170625e-03
2.176002e-03
2.181385e-03
2.186776e-03
2.192173e-03
2.197576e-03
2.202986e-03
2.208403e-03
2.213827e-03
2.219257e-03
2.224694e-03
2.230137e-03
2.235587e-03
2.241044e-03
2.246508e-03
2.251978e-03
2.257454e-03
2.262938e-03
2.268428e-03
2.273925e-03
2.279428e-03
2.284938e-03
2.290454e-03
2.295978e-03
2.301508e-03
2.307044e-03
2.312587e-03
2.318137e-03
2.323694e-03
2.329257e-03
2.334827e-03
2.340403e-03
2.345986e-03
2.351576e-03
2.357172e-03
2.362775e-03
2.368385e-03
2.374001e-03
2.379624e-03
2.385254e-03
2.390890e-03
2.396533e-03
2.402183e-03
2.407839e-03
2.413502e-03
2.419172e-03
2.424848e-03
2.430531e-03
2.436220e-03
2.441916e-03
2.447619e-03
2.453329e-03
2.459045e-03
2.464767e-03
2.470497e-03
2.476233e-03
2.481975e-03
2.487725e-03
2.493481e-03
2.499243e-03
2.505013e-03
2.510789e-03
2.516571e-03
2.522360e-03
2.528156e-03
2.533959e-03
2.539768e-03
2.545584e-03
2.551406e-03
2.557235e-03
2.563071e-03
2.568913e-03
2.574763e-03
2.580618e-03
2.586481e-03
2.592350e-03
2.598225e-03
2.604108e-03
2.609997e-03
2.615892e-03
2.621794e-03
2.627703e-03
2.633619e-03
2.639541e-03
2.645470e-03
2.651405e-03
2.657348e-03
2.663296e-03
2.669252e-03
2.675214e-03
2.681183e-03
2.687158e-03
2.693140e-03
2.699129e-03
2.705124e-03
2.711126e-03
2.717135e-03
2.723150e-03
2.729172e-03
2.735200e-03
2.741236e-03
2.747278e-03
2.753326e-03
2.759381e-03
2.765443e-03
2.771512e-03
2.777587e-03
2.783669e-03
2.789757e-03
2.795852e-03
2.801954e-03
2.808062e-03
2.814177e-03
2.820299e-03
2.826427e-03
2.832562e-03
2.838704e-03
2.844852e-03
2.851007e-03
2.857168e-03
2.863337e-03
2.869511e-03
2.875693e-03
2.881881e-03
2.888076e-03
2.894277e-03
2.900486e-03
2.906700e-03
2.912922e-03
2.919150e-03
2.925384e-03
2.931626e-03
2.937874e-03
2.944128e-03
2.950390e-03
2.956658e-03
2.962932e-03
2.969213e-03
2.975501e-03
2.981796e-03
2.988097e-03
2.994405e-03
3.000719e-03
3.007041e-03
3.013368e-03
3.019703e-03
3.026044e-03
3.032392e-03
3.038746e-03
3.045107e-03
3.051475e-03
3.057849e-03
3.064230e-03
3.070618e-03
3.077012e-03
3.083413e-03
3.089820e-03
3.096235e-03
3.102655e-03
3.109083e-03
3.115517e-03
3.121958e-03
3.128405e-03
3.134860e-03
3.141320e-03
3.147788e-03
3.154262e-03
3.160742e-03
3.167230e-03
3.173724e-03
3.180224e-03
3.186732e-03
3.193246e-03
3.199766e-03
3.206294e-03
3.212828e-03
3.219368e-03
3.225915e-03
3.232469e-03
3.239030e-03
3.245597e-03
3.252171e-03
3.258751e-03
3.265338e-03
3.271932e-03
3.278532e-03
3.285139e-03
3.291753e-03
3.298373e-03
3.305000e-03
3.311634e-03
3.318274e-03
3.324921e-03
3.331575e-03
3.338235e-03
3.344902e-03
3.351575e-03
3.358256e-03
3.364942e-03
3.371636e-03
3.378336e-03
3.385043e-03
3.391756e-03
3.398476e-03
3.405203e-03
3.411936e-03
3.418676e-03
3.425423e-03
3.432176e-03
3.438936e-03
3.445703e-03
3.452476e-03
3.459256e-03
3.466043e-03
3.472836e-03
3.479636e-03
3.486442e-03
3.493255e-03
3.500075e-03
3.506902e-03
3.513735e-03
3.520574e-03
3.527421e-03
3.534274e-03
3.541134e-03
3.548000e-03
3.554873e-03
3.561753e-03
3.568639e-03
3.575532e-03
3.582431e-03
3.589338e-03
3.596251e-03
3.603170e-03
3.610096e-03
3.617029e-03
3.623969e-03
3.630915e-03
3.637868e-03
3.644827e-03
3.651793e-03
3.658766e-03
3.665745e-03
3.672731e-03
3.679724e-03
3.686723e-03
3.693729e-03
3.700742e-03
3.707761e-03
3.714787e-03
3.721820e-03
3.728859e-03
3.735905e-03
3.742957e-03
3.750016e-03
3.757082e-03
3.764155e-03
3.771234e-03
3.778319e-03
3.785412e-03
3.792511e-03
3.799617e-03
3.806729e-03
3.813848e-03
3.820974e-03
3.828106e-03
3.835245e-03
3.842391e-03
3.849543e-03
3.856702e-03
3.863867e-03
3.871039e-03
3.878218e-03
3.885404e-03
3.892596e-03
3.899795e-03
3.907000e-03
3.914212e-03
3.921431e-03
3.928656e-03
3.935888e-03
3.943127e-03
3.950372e-03
3.957624e-03
3.964883e-03
3.972148e-03
3.979420e-03
3.986699e-03
3.993984e-03
4.001276e-03
4.008574e-03
4.015880e-03
4.023191e-03
4.030510e-03
4.037835e-03
4.045167e-03
4.052505e-03
4.059850e-03
4.067202e-03
4.074560e-03
4.081925e-03
4.089297e-03
4.096675e-03
4.104060e-03
4.111452e-03
4.118850e-03
4.126255e-03
4.133667e-03
4.141085e-03
4.148510e-03
4.155941e-03
4.163379e-03
4.170824e-03
4.178276e-03
4.185734e-03
4.193199e-03
4.200670e-03
4.208148e-03
4.215633e-03
4.223124e-03
4.230622e-03
4.238127e-03
4.245638e-03
4.253156e-03
4.260681e-03
4.268212e-03
4.275750e-03
4.283294e-03
4.290845e-03
4.298403e-03
4.305968e-03
4.313539e-03
4.321117e-03
4.328701e-03
4.336292e-03
4.343890e-03
4.351494e-03
4.359105e-03
4.366723e-03
4.374347e-03
4.381978e-03
4.389616e-03
4.397260e-03
4.404911e-03
4.412569e-03
4.420233e-03
4.427904e-03
4.435581e-03
4.443265e-03
4.450956e-03
4.458654e-03
4.466358e-03
4.474069e-03
4.481786e-03
4.489510e-03
4.497241e-03
4.504978e-03
4.512722e-03
4.520473e-03
4.528230e-03
4.535994e-03
4.543765e-03
4.551542e-03
4.559326e-03
4.567116e-03
4.574913e-03
4.582717e-03
4.590528e-03
4.598345e-03
4.606169e-03
4.613999e-03
4.621836e-03
4.629680e-03
4.637530e-03
4.645387e-03
4.653251e-03
4.661121e-03
4.668998e-03
4.676882e-03
4.684772e-03
4.692669e-03
4.700573e-03
4.708483e-03
4.716400e-03
4.724324e-03
4.732254e-03
4.740191e-03
4.748134e-03
4.756084e-03
4.764041e-03
4.772004e-03
4.779974e-03
4.787951e-03
4.795934e-03
4.803924e-03
4.811921e-03
4.819924e-03
4.827934e-03
4.835951e-03
4.843974e-03
4.852004e-03
4.860041e-03
4.868084e-03
4.876134e-03
4.884190e-03
4.892253e-03
4.900323e-03
4.908400e-03
4.916483e-03
4.924573e-03
4.932669e-03
4.940772e-03
4.948882e-03
4.956998e-03
4.965121e-03
4.973251e-03
4.981387e-03
4.989530e-03
4.997680e-03
5.005836e-03
5.013999e-03
5.022168e-03
5.030344e-03
5.038527e-03
5.046717e-03
5.054913e-03
5.063116e-03
5.071325e-03
5.079541e-03
5.087764e-03
5.095993e-03
5.104229e-03
5.112472e-03
5.120721e-03
5.128977e-03
5.137240e-03
5.145509e-03
5.153785e-03
5.162068e-03
5.170357e-03
5.178653e-03
5.186955e-03
5.195264e-03
5.203580e-03
5.211903e-03
5.220232e-03
5.228568e-03
5.236910e-03
5.245259e-03
5.253615e-03
5.261977e-03
5.270346e-03
5.278722e-03
5.287104e-03
5.295493e-03
5.303889e-03
5.312291e-03
5.320700e-03
5.329115e-03
5.337537e-03
5.345966e-03
5.354402e-03
5.362844e-03
5.371293e-03
5.379748e-03
5.388210e-03
5.396679e-03
5.405154e-03
5.413636e-03
5.422125e-03
5.430620e-03
5.439122e-03
5.447631e-03
5.456146e-03
5.464668e-03
5.473197e-03
5.481732e-03
5.490274e-03
5.498822e-03
5.507378e-03
5.515939e-03
5.524508e-03
5.533083e-03
5.541665e-03
5.550253e-03
5.558848e-03
5.567450e-03
5.576058e-03
5.584673e-03
5.593295e-03
5.601923e-03
5.610558e-03
5.619200e-03
5.627848e-03
5.636503e-03
5.645165e-03
5.653833e-03
5.662508e-03
5.671189e-03
5.679877e-03
5.688572e-03
5.697274e-03
5.705982e-03
5.714697e-03
5.723418e-03
5.732146e-03
5.740881e-03
5.749622e-03
5.758370e-03
5.767125e-03
5.775886e-03
5.784654e-03
5.793428e-03
5.802210e-03
5.810998e-03
5.819792e-03
5.828593e-03
5.837401e-03
5.846216e-03
5.855037e-03
5.863865e-03
5.872699e-03
5.881540e-03
5.890388e-03
5.899242e-03
5.908103e-03
5.916971e-03
5.925845e-03
5.934726e-03
5.943614e-03
5.952508e-03
5.961409e-03
5.970317e-03
5.979231e-03
5.988152e-03
5.997079e-03
6.006013e-03
6.014954e-03
6.023902e-03
6.032856e-03
6.041816e-03
6.050784e-03
6.059758e-03
6.068739e-03
6.077726e-03
6.086720e-03
6.095721e-03
6.104728e-03
6.113742e-03
6.122762e-03
6.131790e-03
6.140824e-03
6.149864e-03
6.158911e-03
6.167965e-03
6.177026e-03
6.186093e-03
6.195167e-03
6.204247e-03
6.213334e-03
6.222428e-03
6.231528e-03
6.240635e-03
6.249749e-03
6.258869e-03
6.267996e-03
6.277130e-03
6.286270e-03
6.295417e-03
6.304571e-03
6.313731e-03
6.322898e-03
6.332071e-03
6.341252e-03
6.350438e-03
6.359632e-03
6.368832e-03
6.378039e-03
6.387252e-03
6.396472e-03
6.405699e-03
6.414932e-03
6.424172e-03
6.433419e-03
6.442672e-03
6.451932e-03
6.461199e-03
6.470472e-03
6.479752e-03
6.489039e-03
6.498332e-03
6.507632e-03
6.516938e-03
6.526251e-03
6.535571e-03
6.544898e-03
6.554231e-03
6.563570e-03
6.572917e-03
6.582270e-03
6.591630e-03
6.600996e-03
6.610369e-03
6.619749e-03
6.629135e-03
6.638528e-03
6.647927e-03
6.657334e-03
6.666746e-03
6.676166e-03
6.685592e-03
6.695025e-03
6.704464e-03
6.713911e-03
6.723363e-03
6.732823e-03
6.742289e-03
6.751762e-03
6.761241e-03
6.770727e-03
6.780220e-03
6.789719e-03
6.799225e-03
6.808738e-03
6.818257e-03
6.827783e-03
6.837315e-03
6.846855e-03
6.856400e-03
6.865953e-03
6.875512e-03
6.885078e-03
6.894650e-03
6.904230e-03
6.913815e-03
6.923408e-03
6.933007e-03
6.942612e-03
6.952225e-03
6.961844e-03
6.971469e-03
6.981102e-03
6.990741e-03
7.000386e-03
7.010039e-03
7.019697e-03
7.029363e-03
7.039035e-03
7.048714e-03
7.058400e-03
7.068092e-03
7.077790e-03
7.087496e-03
7.097208e-03
7.106927e-03
7.116652e-03
7.126384e-03
7.136123e-03
7.145868e-03
7.155620e-03
7.165379e-03
7.175144e-03
7.184916e-03
7.194695e-03
7.204480e-03
7.214272e-03
7.224070e-03
7.233875e-03
7.243687e-03
7.253506e-03
7.263331e-03
7.273163e-03
7.283001e-03
7.292846e-03
7.302698e-03
7.312556e-03
7.322421e-03
7.332293e-03
7.342171e-03
7.352056e-03
7.361948e-03
7.371846e-03
7.381751e-03
7.391662e-03
7.401581e-03
7.411505e-03
7.421437e-03
7.431375e-03
7.441320e-03
7.451271e-03
7.461229e-03
7.471194e-03
7.481166e-03
7.491144e-03
7.501128e-03
7.511120e-03
7.521118e-03
7.531122e-03
7.541134e-03
7.551152e-03
7.561176e-03
7.571207e-03
7.581245e-03
7.591290e-03
7.601341e-03
7.611399e-03
7.621463e-03
7.631534e-03
7.640947e-03
7.650327e-03
7.659674e-03
7.668988e-03
7.678268e-03
7.687515e-03
7.696729e-03
7.705910e-03
7.715058e-03
7.724173e-03
7.733254e-03
7.742302e-03
7.751318e-03
7.760300e-03
7.769248e-03
7.778164e-03
7.787047e-03
7.795896e-03
7.804712e-03
7.813495e-03
7.822245e-03
7.830962e-03
7.839646e-03
7.848296e-03
7.856913e-03
7.865497e-03
7.874048e-03
7.882566e-03
7.891051e-03
7.899502e-03
7.907921e-03
7.916306e-03
7.924658e-03
7.932977e-03
7.941263e-03
7.949515e-03
7.957735e-03
7.965921e-03
7.974074e-03
7.982194e-03
7.990281e-03
7.998334e-03
8.006355e-03
8.014342e-03
8.022296e-03
8.030217e-03
8.038105e-03
8.045960e-03
8.053781e-03
8.061570e-03
8.069325e-03
8.077047e-03
8.084736e-03
8.092392e-03
8.100014e-03
8.107604e-03
8.115160e-03
8.122683e-03
8.130173e-03
8.137630e-03
8.145053e-03
8.152444e-03
8.159801e-03
8.167125e-03
8.174416e-03
8.181674e-03
8.188899e-03
8.196091e-03
8.203249e-03
8.210374e-03
8.217466e-03
8.224525e-03
8.231551e-03
8.238544e-03
8.245503e-03
8.252429e-03
8.259323e-03
8.266183e-03
8.273009e-03
8.279803e-03
8.286564e-03
8.293291e-03
8.299985e-03
8.306646e-03
8.313274e-03
8.319869e-03
8.326431e-03
8.332959e-03
8.339454e-03
8.345916e-03
8.352345e-03
8.358741e-03
8.365104e-03
8.371433e-03
8.377730e-03
8.383993e-03
8.390223e-03
8.396420e-03
8.402583e-03
8.408714e-03
8.414811e-03
8.420876e-03
8.426907e-03
8.432905e-03
8.438869e-03
8.444801e-03
8.450700e-03
8.456565e-03
8.462397e-03
8.468196e-03
8.473962e-03
8.479695e-03
8.485394e-03
8.491060e-03
8.496694e-03
8.502294e-03
8.507861e-03
8.513394e-03
8.518895e-03
8.524362e-03
8.529797e-03
8.535198e-03
8.540566e-03
8.545901e-03
8.551202e-03
8.556471e-03
8.561706e-03
8.566908e-03
8.572077e-03
8.577213e-03
8.582316e-03
8.587385e-03
8.592422e-03
8.597425e-03
8.602395e-03
8.607332e-03
8.612236e-03
8.617107e-03
8.621944e-03
8.626748e-03
8.631519e-03
8.636257e-03
8.640962e-03
8.645634e-03
8.650273e-03
8.654878e-03
8.659450e-03
8.663989e-03
8.668495e-03
8.672968e-03
8.677407e-03
8.681814e-03
8.686187e-03
8.690527e-03
8.694834e-03
8.699108e-03
8.703349e-03
8.707556e-03
8.711731e-03
8.715872e-03
8.719980e-03
8.724055e-03
8.728096e-03
8.732105e-03
8.736080e-03
8.740023e-03
8.743932e-03
8.747808e-03
8.751650e-03
8.755460e-03
8.759236e-03
8.762980e-03
8.766690e-03
8.770367e-03
8.774011e-03
8.777621e-03
8.781199e-03
8.784743e-03
8.788254e-03
8.791733e-03
8.795177e-03
8.798589e-03
8.801968e-03
8.805313e-03
8.808625e-03
8.811905e-03
8.815151e-03
8.818363e-03
8.821543e-03
8.824690e-03
8.827803e-03
8.830883e-03
8.833930e-03
8.836944e-03
8.839925e-03
8.842872e-03
8.845787e-03
8.848668e-03
8.851516e-03
8.854331e-03
8.857113e-03
8.859861e-03
8.862577e-03
8.865259e-03
8.867908e-03
8.870524e-03
8.873107e-03
8.875657e-03
8.878173e-03
8.880657e-03
8.883107e-03
8.885524e-03
8.887908e-03
8.890259e-03
8.892576e-03
8.894861e-03
8.897112e-03
8.899330e-03
8.901515e-03
8.903667e-03
8.905785e-03
8.907871e-03
8.909923e-03
8.911942e-03
8.913928e-03
8.915881e-03
8.917801e-03
8.919688e-03
8.921541e-03
8.923361e-03
8.925148e-03
8.926902e-03
8.928623e-03
8.930311e-03
8.931965e-03
8.933586e-03
8.935175e-03
8.936730e-03
8.938251e-03
8.939740e-03
8.941196e-03
8.942618e-03
8.944007e-03
8.945363e-03
8.946686e-03
8.947976e-03
8.949232e-03
8.950456e-03
8.951646e-03
8.952803e-03
8.953927e-03
8.955018e-03
8.956076e-03
8.957100e-03
8.958092e-03
8.959050e-03
8.959975e-03
8.960867e-03
8.961725e-03
8.962551e-03
8.963343e-03
8.964103e-03
8.964829e-03
8.965522e-03
8.966181e-03
8.966808e-03
8.967401e-03
8.967962e-03
8.968489e-03
8.968983e-03
8.969444e-03
8.969871e-03
8.970266e-03
8.970627e-03
8.970955e-03
8.971251e-03
8.971512e-03
8.971741e-03
8.971937e-03
8.972099e-03
8.972228e-03
8.972325e-03
8.972388e-03
8.972417e-03
8.972414e-03
8.972377e-03
8.972308e-03
8.972205e-03
8.972069e-03
8.971900e-03
8.971698e-03
8.971462e-03
8.971194e-03
8.970892e-03
8.970557e-03
8.970189e-03
8.969788e-03
8.969353e-03
8.968886e-03
8.968385e-03
8.968073e-03
8.968073e-03
8.968073e-03
8.968073e-03
8.968073e-03
8.968073e-03
8.968073e-03
8.968073e-03
8.968073e-03
8.968073e-03
8.968073e-03
8.968073e-03
8.968073e-03
8.968073e-03
8.968073e-03
8.968073e-03
8.968073e-03
8.968073e-03
8.968073e-03
8.968073e-03
8.968073e-03
8.968073e-03
8.968073e-03
8.968073e-03
8.968073e-03
8.968073e-03
8.968073e-03
8.968073e-03
8.968073e-03
8.968073e-03
8.968073e-03
8.968073e-03
8.968073e-03
8.968073e-03
8.968073e-03
8.968073e-03
8.968073e-03
8.968073e-03
8.968073e-03
8.968073e-03
8.968073e-03
8.968073e-03
8.968073e-03
8.968073e-03
8.968073e-03
8.968073e-03
8.968073e-03
8.968073e-03
8.968073e-03
8.968073e-03
8.968073e-03
8.968073e-03
8.968073e-03
8.968073e-03
8.968073e-03
8.968073e-03
8.968073e-03
8.968073e-03
8.968073e-03
8.968073e-03
8.968073e-03
8.968073e-03
8.968073e-03
8.968073e-03
8.968073e-03
8.968073e-03
8.968073e-03
8.968073e-03
8.968073e-03
8.968073e-03
8.968073e-03
8.968073e-03
8.968073e-03
8.968073e-03
8.968073e-03
8.968073e-03
8.968073e-03
8.968073e-03
8.968073e-03
8.968073e-03
8.968073e-03
8.968073e-03
8.968073e-03
8.968073e-03
8.968073e-03
8.968073e-03
8.968073e-03
8.968073e-03
8.968073e-03
8.968073e-03
8.968073e-03
8.968073e-03
8.968073e-03
8.968073e-03
8.968073e-03
8.968073e-03
8.968073e-03
8.968073e-03
8.968073e-03
8.968073e-03
8.968073e-03
8.968073e-03
8.968073e-03
8.968073e-03
8.968073e-03
8.968073e-03
8.968073e-03
8.968073e-03
8.968073e-03
8.968073e-03
8.968073e-03
8.968073e-03
8.968073e-03
8.968073e-03
8.968073e-03
8.968073e-03
8.968073e-03
8.968073e-03
8.968073e-03
8.968073e-03
8.968073e-03
8.968073e-03
8.968073e-03
8.968073e-03
8.968073e-03
8.968073e-03
8.968073e-03
8.968073e-03
8.968073e-03
8.968073e-03
8.968073e-03
8.968073e-03
8.968073e-03
8.968073e-03
8.968073e-03
8.968073e-03
8.968073e-03
8.968073e-03
8.968073e-03
8.968073e-03
8.968073e-03
8.968073e-03
8.968073e-03
8.968073e-03
8.968073e-03
8.968073e-03
8.968073e-03
8.968073e-03
8.968073e-03
8.968073e-03
8.968073e-03
8.968073e-03
8.968073e-03
8.968073e-03
8.968073e-03
8.968073e-03
8.968073e-03
8.968073e-03
8.968073e-03
8.968073e-03
8.968073e-03
8.968073e-03
8.968073e-03
8.968073e-03
8.968073e-03
8.968073e-03
8.968073e-03
8.968073e-03
8.968073e-03
8.968073e-03
8.968073e-03
8.968073e-03
8.968073e-03
8.968073e-03
8.968073e-03
8.968073e-03
8.968073e-03
8.968073e-03
8.968073e-03
8.968073e-03
8.968073e-03
8.968073e-03
8.968073e-03
8.968073e-03
8.968073e-03
8.968073e-03
8.968073e-03
8.968073e-03
8.968073e-03
8.968073e-03
8.968073e-03
8.968073e-03
8.968073e-03
8.968073e-03
8.968073e-03
8.968073e-03
8.968073e-03
8.968073e-03
8.968073e-03
8.968073e-03
8.968073e-03
