0.000000e+00
1.110371e-07
2.289709e-07
3.538014e-07
4.855286e-07
6.241526e-07
7.696732e-07
9.220906e-07
1.081405e-06
1.247615e-06
1.420723e-06
1.600727e-06
1.787628e-06
1.981426e-06
2.182120e-06
2.389711e-06
2.604199e-06
2.825583e-06
3.053865e-06
3.289043e-06
3.531117e-06
3.780089e-06
4.035957e-06
4.298721e-06
4.568383e-06
4.844941e-06
5.128396e-06
5.418748e-06
5.715996e-06
6.020141e-06
6.331183e-06
6.649121e-06
6.973957e-06
7.305689e-06
7.644317e-06
7.989843e-06
8.342265e-06
8.701583e-06
9.067799e-06
9.440911e-06
9.820920e-06
1.020783e-05
1.060163e-05
1.100233e-05
1.140992e-05
1.182442e-05
1.224580e-05
1.267409e-05
1.310927e-05
1.355135e-05
1.400033e-05
1.445620e-05
1.491897e-05
1.538864e-05
1.586520e-05
1.634866e-05
1.683902e-05
1.733627e-05
1.784042e-05
1.835146e-05
1.886941e-05
1.939425e-05
1.992598e-05
2.046462e-05
2.101015e-05
2.156257e-05
2.212190e-05
2.268812e-05
2.326124e-05
2.384125e-05
2.442816e-05
2.502197e-05
2.562267e-05
2.623027e-05
2.684477e-05
2.746616e-05
2.809445e-05
2.872964e-05
2.937172e-05
3.002070e-05
3.067658e-05
3.133936e-05
3.200903e-05
3.268559e-05
3.336906e-05
3.405942e-05
3.475668e-05
3.546083e-05
3.617188e-05
3.688983e-05
3.761468e-05
3.834642e-05
3.908505e-05
3.983059e-05
4.058302e-05
4.134235e-05
4.210857e-05
4.288170e-05
4.366171e-05
4.444863e-05
4.524244e-05
4.604315e-05
4.685075e-05
4.766526e-05
4.848665e-05
4.931495e-05
5.015014e-05
5.099223e-05
5.184122e-05
5.269710e-05
5.355988e-05
5.442955e-05
5.530612e-05
5.618959e-05
5.707996e-05
5.797722e-05
5.888138e-05
5.979244e-05
6.071039e-05
6.163524e-05
6.256698e-05
6.350563e-05
6.445117e-05
6.540360e-05
6.636294e-05
6.732916e-05
6.830229e-05
6.928231e-05
7.026923e-05
7.126305e-05
7.226376e-05
7.327137e-05
7.428588e-05
7.530728e-05
7.633558e-05
7.737078e-05
7.841287e-05
7.946186e-05
8.051775e-05
8.158053e-05
8.265021e-05
8.372679e-05
8.481026e-05
8.590063e-05
8.699790e-05
8.810207e-05
8.921313e-05
9.033108e-05
9.145594e-05
9.258769e-05
9.372634e-05
9.487188e-05
9.602432e-05
9.718366e-05
9.834989e-05
9.952302e-05
1.007031e-04
1.018900e-04
1.030838e-04
1.042845e-04
1.054921e-04
1.067066e-04
1.079280e-04
1.091564e-04
1.103916e-04
1.116337e-04
1.128826e-04
1.141385e-04
1.154013e-04
1.166710e-04
1.179476e-04
1.192311e-04
1.205214e-04
1.218187e-04
1.231229e-04
1.244340e-04
1.257519e-04
1.270768e-04
1.284085e-04
1.297472e-04
1.310927e-04
1.324452e-04
1.338045e-04
1.351708e-04
1.365439e-04
1.379239e-04
1.393109e-04
1.407047e-04
1.421054e-04
1.435130e-04
1.449275e-04
1.463489e-04
1.477773e-04
1.492125e-04
1.506546e-04
1.521036e-04
1.535595e-04
1.550223e-04
1.564919e-04
1.579685e-04
1.594520e-04
1.609424e-04
1.624397e-04
1.639438e-04
1.654549e-04
1.669729e-04
1.684977e-04
1.700295e-04
1.715682e-04
1.731137e-04
1.746662e-04
1.762255e-04
1.777918e-04
1.793649e-04
1.809449e-04
1.825319e-04
1.841257e-04
1.857264e-04
1.873340e-04
1.889486e-04
1.905700e-04
1.921983e-04
1.938335e-04
1.954756e-04
1.971246e-04
1.987805e-04
2.004433e-04
2.021130e-04
2.037896e-04
2.054731e-04
2.071635e-04
2.088608e-04
2.105649e-04
2.122760e-04
2.139940e-04
2.157189e-04
2.174506e-04
2.191893e-04
2.209348e-04
2.226873e-04
2.244466e-04
2.262129e-04
2.279860e-04
2.297661e-04
2.315530e-04
2.333469e-04
2.351476e-04
2.369552e-04
2.387697e-04
2.405912e-04
2.424195e-04
2.442547e-04
2.460968e-04
2.479458e-04
2.498017e-04
2.516645e-04
2.535342e-04
2.554108e-04
2.572943e-04
2.591847e-04
2.610820e-04
2.629862e-04
2.648972e-04
2.668152e-04
2.687401e-04
2.706719e-04
2.726105e-04
2.745561e-04
2.765086e-04
2.784679e-04
2.804342e-04
2.824073e-04
2.843874e-04
2.863743e-04
2.883681e-04
2.903689e-04
2.923765e-04
2.943910e-04
2.964125e-04
2.984408e-04
3.004760e-04
3.025181e-04
3.045671e-04
3.066231e-04
3.086859e-04
3.107556e-04
3.128322e-04
3.149157e-04
3.170061e-04
3.191033e-04
3.212075e-04
3.233186e-04
3.254366e-04
3.275615e-04
3.296932e-04
3.318319e-04
3.339775e-04
3.361300e-04
3.382893e-04
3.404556e-04
3.426287e-04
3.448088e-04
3.469957e-04
3.491896e-04
3.513903e-04
3.535979e-04
3.558125e-04
3.580339e-04
3.602622e-04
3.624975e-04
3.647396e-04
3.669886e-04
3.692445e-04
3.715073e-04
3.737770e-04
3.760536e-04
3.783371e-04
3.806275e-04
3.829248e-04
3.852290e-04
3.875401e-04
3.898581e-04
3.921830e-04
3.945148e-04
3.968534e-04
3.991990e-04
4.015515e-04
4.039109e-04
4.062771e-04
4.086503e-04
4.110303e-04
4.134173e-04
4.158111e-04
4.182119e-04
4.206195e-04
4.230341e-04
4.254555e-04
4.278838e-04
4.303191e-04
4.327612e-04
4.352102e-04
4.376661e-04
4.401289e-04
4.425987e-04
4.450753e-04
4.475588e-04
4.500492e-04
4.525465e-04
4.550507e-04
4.575618e-04
4.600798e-04
4.626046e-04
4.651364e-04
4.676751e-04
4.702207e-04
4.727732e-04
4.753325e-04
4.778988e-04
4.804720e-04
4.830520e-04
4.856390e-04
4.882328e-04
4.908336e-04
4.934412e-04
4.960558e-04
4.986772e-04
5.013055e-04
5.039408e-04
5.065829e-04
5.092319e-04
5.118879e-04
5.145507e-04
5.172204e-04
5.198970e-04
5.225805e-04
5.252709e-04
5.279682e-04
5.306724e-04
5.333835e-04
5.361015e-04
5.388264e-04
5.415582e-04
5.442969e-04
5.470425e-04
5.497950e-04
5.525543e-04
5.553206e-04
5.580938e-04
5.608738e-04
5.636608e-04
5.664547e-04
5.692554e-04
5.720631e-04
5.748776e-04
5.776991e-04
5.805274e-04
5.833626e-04
5.862048e-04
5.890538e-04
5.919097e-04
5.947726e-04
5.976423e-04
6.005189e-04
6.034024e-04
6.062928e-04
6.091901e-04
6.120944e-04
6.150055e-04
6.179235e-04
6.208484e-04
6.237801e-04
6.267188e-04
6.296644e-04
6.326169e-04
6.355763e-04
6.385426e-04
6.415157e-04
6.444958e-04
6.474828e-04
6.504766e-04
6.534774e-04
6.564850e-04
6.594996e-04
6.625211e-04
6.655494e-04
6.685846e-04
6.716268e-04
6.746758e-04
6.777318e-04
6.807946e-04
6.838643e-04
6.869409e-04
6.900245e-04
6.931149e-04
6.962122e-04
6.993164e-04
7.024275e-04
7.055455e-04
7.086704e-04
7.118022e-04
7.149409e-04
7.180865e-04
7.212390e-04
7.243984e-04
7.275646e-04
7.307378e-04
7.339179e-04
7.371049e-04
7.402987e-04
7.434995e-04
7.467072e-04
7.499217e-04
7.531432e-04
7.563715e-04
7.596068e-04
7.628489e-04
7.660980e-04
7.693539e-04
7.726167e-04
7.758865e-04
7.791631e-04
7.824466e-04
7.857370e-04
7.890344e-04
7.923386e-04
7.956497e-04
7.989677e-04
8.022926e-04
8.056244e-04
8.089631e-04
8.123087e-04
8.156612e-04
8.190206e-04
8.223869e-04
8.257601e-04
8.291401e-04
8.325271e-04
8.359210e-04
8.393217e-04
8.427294e-04
8.461440e-04
8.495654e-04
8.529938e-04
8.564290e-04
8.598712e-04
8.633202e-04
8.667762e-04
8.702390e-04
8.737088e-04
8.771854e-04
8.806689e-04
8.841594e-04
8.876567e-04
8.911609e-04
8.946720e-04
8.981900e-04
9.017149e-04
9.052467e-04
9.087854e-04
9.123310e-04
9.158835e-04
9.194429e-04
9.230092e-04
9.265824e-04
9.301625e-04
9.337495e-04
9.373434e-04
9.409441e-04
9.445518e-04
9.481664e-04
9.517878e-04
9.554162e-04
9.590515e-04
9.626936e-04
9.663427e-04
9.699986e-04
9.736615e-04
9.773312e-04
9.810078e-04
9.846914e-04
9.883818e-04
9.920791e-04
9.957833e-04
9.994945e-04
1.003212e-03
1.006937e-03
1.010669e-03
1.014408e-03
1.018154e-03
1.021906e-03
1.025665e-03
1.029432e-03
1.033205e-03
1.036985e-03
1.040772e-03
1.044566e-03
1.048367e-03
1.052174e-03
1.055989e-03
1.059810e-03
1.063639e-03
1.067474e-03
1.071316e-03
1.075165e-03
1.079021e-03
1.082884e-03
1.086754e-03
1.090630e-03
1.094514e-03
1.098404e-03
1.102302e-03
1.106206e-03
1.110117e-03
1.114035e-03
1.117960e-03
1.121892e-03
1.125831e-03
1.129776e-03
1.133729e-03
1.137688e-03
1.141654e-03
1.145628e-03
1.149608e-03
1.153595e-03
1.157589e-03
1.161589e-03
1.165597e-03
1.169612e-03
1.173633e-03
1.177661e-03
1.181697e-03
1.185739e-03
1.189788e-03
1.193844e-03
1.197907e-03
1.201976e-03
1.206053e-03
1.210137e-03
1.214227e-03
1.218324e-03
1.222429e-03
1.226540e-03
1.230658e-03
1.234783e-03
1.238915e-03
1.243053e-03
1.247199e-03
1.251351e-03
1.255511e-03
1.259677e-03
1.263850e-03
1.268030e-03
1.272217e-03
1.276411e-03
1.280612e-03
1.284820e-03
1.289034e-03
1.293256e-03
1.297484e-03
1.301719e-03
1.305962e-03
1.310211e-03
1.314467e-03
1.318730e-03
1.322999e-03
1.327276e-03
1.331559e-03
1.335850e-03
1.340147e-03
1.344452e-03
1.348763e-03
1.353081e-03
1.357406e-03
1.361737e-03
1.366076e-03
1.370422e-03
1.374774e-03
1.379134e-03
1.383500e-03
1.387873e-03
1.392253e-03
1.396640e-03
1.401034e-03
1.405435e-03
1.409843e-03
1.414257e-03
1.418679e-03
1.423107e-03
1.427542e-03
1.431985e-03
1.436434e-03
1.440890e-03
1.445353e-03
1.449822e-03
1.454299e-03
1.458782e-03
1.463273e-03
1.467770e-03
1.472275e-03
1.476786e-03
1.481304e-03
1.485829e-03
1.490360e-03
1.494899e-03
1.499445e-03
1.503997e-03
1.508557e-03
1.513123e-03
1.517696e-03
1.522276e-03
1.526863e-03
1.531457e-03
1.536058e-03
1.540666e-03
1.545280e-03
1.549902e-03
1.554530e-03
1.559166e-03
1.563808e-03
1.568457e-03
1.573113e-03
1.577776e-03
1.582445e-03
1.587122e-03
1.591806e-03
1.596496e-03
1.601193e-03
1.605898e-03
1.610609e-03
1.615327e-03
1.620052e-03
1.624784e-03
1.629522e-03
1.634268e-03
1.639021e-03
1.643780e-03
1.648546e-03
1.653319e-03
1.658100e-03
1.662887e-03
1.667680e-03
1.672481e-03
1.677289e-03
1.682104e-03
1.686925e-03
1.691753e-03
1.696589e-03
1.701431e-03
1.706280e-03
1.711136e-03
1.715999e-03
1.720869e-03
1.725745e-03
1.730629e-03
1.735519e-03
1.740417e-03
1.745321e-03
1.750232e-03
1.755150e-03
1.760075e-03
1.765007e-03
1.769946e-03
1.774891e-03
1.779844e-03
1.784803e-03
1.789770e-03
1.794743e-03
1.799723e-03
1.804710e-03
1.809704e-03
1.814705e-03
1.819712e-03
1.824727e-03
1.829748e-03
1.834777e-03
1.839812e-03
1.844854e-03
1.849903e-03
1.854959e-03
1.860022e-03
1.865092e-03
1.870169e-03
1.875252e-03
1.880343e-03
1.885440e-03
1.890544e-03
1.895655e-03
1.900774e-03
1.905898e-03
1.911030e-03
1.916169e-03
1.921315e-03
1.926467e-03
1.931627e-03
1.936793e-03
1.941966e-03
1.947146e-03
1.952333e-03
1.957527e-03
1.962728e-03
1.967936e-03
1.973150e-03
1.978372e-03
1.983600e-03
1.988836e-03
1.994078e-03
1.999327e-03
2.004583e-03
2.009846e-03
2.015116e-03
2.020392e-03
2.025676e-03
2.030966e-03
2.036264e-03
2.041568e-03
2.046879e-03
2.052197e-03
2.057522e-03
2.062854e-03
2.068193e-03
2.073538e-03
2.078891e-03
2.084250e-03
2.089617e-03
2.094990e-03
2.100370e-03
2.105757e-03
2.111151e-03
2.116552e-03
2.121959e-03
2.127374e-03
2.132796e-03
2.138224e-03
2.143659e-03
2.149101e-03
2.154551e-03
2.160007e-03
2.165469e-03
2.170939e-03
2.176416e-03
2.181899e-03
2.187390e-03
2.192887e-03
2.198392e-03
2.203903e-03
2.209421e-03
2.214946e-03
2.220478e-03
2.226016e-03
2.231562e-03
2.237115e-03
2.242674e-03
2.248240e-03
2.253814e-03
2.259394e-03
2.264981e-03
2.270575e-03
2.276175e-03
2.281783e-03
2.287398e-03
2.293019e-03
2.298648e-03
2.304283e-03
2.309925e-03
2.315574e-03
2.321230e-03
2.326893e-03
2.332563e-03
2.338240e-03
2.343923e-03
2.349614e-03
2.355311e-03
2.361015e-03
2.366727e-03
2.372445e-03
2.378170e-03
2.383901e-03
2.389640e-03
2.395386e-03
2.401138e-03
2.406898e-03
2.412664e-03
2.418437e-03
2.424218e-03
2.430005e-03
2.435798e-03
2.441599e-03
2.447407e-03
2.453222e-03
2.459043e-03
2.464872e-03
2.470707e-03
2.476549e-03
2.482398e-03
2.488254e-03
2.494117e-03
2.499987e-03
2.505864e-03
2.511747e-03
2.517638e-03
2.523535e-03
2.529439e-03
2.535350e-03
2.541269e-03
2.547194e-03
2.553125e-03
2.559064e-03
2.565010e-03
2.570962e-03
2.576922e-03
2.582888e-03
2.588861e-03
2.594842e-03
2.600829e-03
2.606823e-03
2.612823e-03
2.618831e-03
2.624846e-03
2.630867e-03
2.636896e-03
2.642931e-03
2.648973e-03
2.655022e-03
2.661078e-03
2.667141e-03
2.673211e-03
2.679288e-03
2.685371e-03
2.691462e-03
2.697559e-03
2.703663e-03
2.709775e-03
2.715893e-03
2.722018e-03
2.728149e-03
2.734288e-03
2.740434e-03
2.746586e-03
2.752746e-03
2.758912e-03
2.765086e-03
2.771266e-03
2.777453e-03
2.783647e-03
2.789847e-03
2.796055e-03
2.802270e-03
2.808491e-03
2.814720e-03
2.820955e-03
2.827197e-03
2.833446e-03
2.839702e-03
2.845965e-03
2.852235e-03
2.858512e-03
2.864795e-03
2.871086e-03
2.877383e-03
2.883688e-03
2.889999e-03
2.896317e-03
2.902642e-03
2.908974e-03
2.915312e-03
2.921658e-03
2.928011e-03
2.934370e-03
2.940737e-03
2.947110e-03
2.953490e-03
2.959877e-03
2.966271e-03
2.972672e-03
2.979080e-03
2.985494e-03
2.991916e-03
2.998344e-03
3.004779e-03
3.011222e-03
3.017671e-03
3.024127e-03
3.030590e-03
3.037059e-03
3.043536e-03
3.050020e-03
3.056510e-03
3.063008e-03
3.069512e-03
3.076023e-03
3.082541e-03
3.089066e-03
3.095598e-03
3.102137e-03
3.108683e-03
3.115235e-03
3.121795e-03
3.128361e-03
3.134934e-03
3.141514e-03
3.148101e-03
3.154695e-03
3.161296e-03
3.167904e-03
3.174519e-03
3.181140e-03
3.187769e-03
3.194404e-03
3.201046e-03
3.207695e-03
3.214351e-03
3.221014e-03
3.227684e-03
3.234361e-03
3.241044e-03
3.247735e-03
3.254432e-03
3.261136e-03
3.267848e-03
3.274566e-03
3.281291e-03
3.288023e-03
3.294761e-03
3.301507e-03
3.308260e-03
3.315019e-03
3.321785e-03
3.328559e-03
3.335339e-03
3.342126e-03
3.348920e-03
3.355721e-03
3.362529e-03
3.369343e-03
3.376165e-03
3.382993e-03
3.389828e-03
3.396671e-03
3.403520e-03
3.410376e-03
3.417239e-03
3.424109e-03
3.430985e-03
3.437869e-03
3.444759e-03
3.451657e-03
3.458561e-03
3.465472e-03
3.472390e-03
3.479315e-03
3.486247e-03
3.493186e-03
3.500132e-03
3.507084e-03
3.514044e-03
3.521010e-03
3.527983e-03
3.534964e-03
3.541951e-03
3.548945e-03
3.555945e-03
3.562953e-03
3.569968e-03
3.576989e-03
3.584018e-03
3.591053e-03
3.598095e-03
3.605145e-03
3.612201e-03
3.619263e-03
3.626333e-03
3.633410e-03
3.640494e-03
3.647584e-03
3.654682e-03
3.661786e-03
3.668897e-03
3.676015e-03
3.683140e-03
3.690272e-03
3.697411e-03
3.704557e-03
3.711709e-03
3.718869e-03
3.726035e-03
3.733208e-03
3.740388e-03
3.747575e-03
3.754769e-03
3.761970e-03
3.769178e-03
3.776393e-03
3.783614e-03
3.790843e-03
3.798078e-03
3.805320e-03
3.812569e-03
3.819825e-03
3.827088e-03
3.834358e-03
3.841635e-03
3.848919e-03
3.856209e-03
3.863506e-03
3.870811e-03
3.878122e-03
3.885440e-03
3.892765e-03
3.900097e-03
3.907436e-03
3.914781e-03
3.922134e-03
3.929494e-03
3.936860e-03
3.944233e-03
3.951613e-03
3.959000e-03
3.966394e-03
3.973795e-03
3.981203e-03
3.988618e-03
3.996039e-03
4.003468e-03
4.010903e-03
4.018345e-03
4.025794e-03
4.033250e-03
4.040713e-03
4.048183e-03
4.055660e-03
4.063144e-03
4.070634e-03
4.078131e-03
4.085636e-03
4.093147e-03
4.100665e-03
4.108190e-03
4.115722e-03
4.123261e-03
4.130807e-03
4.138359e-03
4.145919e-03
4.153485e-03
4.161058e-03
4.168638e-03
4.176226e-03
4.183819e-03
4.191420e-03
4.199028e-03
4.206643e-03
4.214264e-03
4.221893e-03
4.229528e-03
4.237170e-03
4.244820e-03
4.252476e-03
4.260139e-03
4.267808e-03
4.275485e-03
4.283169e-03
4.290859e-03
4.298557e-03
4.306261e-03
4.313972e-03
4.321690e-03
4.329415e-03
4.337147e-03
4.344886e-03
4.352632e-03
4.360384e-03
4.368144e-03
4.375910e-03
4.383683e-03
4.391464e-03
4.399251e-03
4.407045e-03
4.414846e-03
4.422653e-03
4.430468e-03
4.438290e-03
4.446118e-03
4.453953e-03
4.461796e-03
4.469645e-03
4.477501e-03
4.485364e-03
4.493234e-03
4.501110e-03
4.508994e-03
4.516885e-03
4.524782e-03
4.532686e-03
4.540598e-03
4.548516e-03
4.556441e-03
4.564373e-03
4.572311e-03
4.580257e-03
4.588210e-03
4.596169e-03
4.604136e-03
4.612109e-03
4.620089e-03
4.628076e-03
4.636070e-03
4.644071e-03
4.652079e-03
4.660093e-03
4.668115e-03
4.676143e-03
4.684179e-03
4.692221e-03
4.700270e-03
4.708326e-03
4.716389e-03
4.724459e-03
4.732536e-03
4.740619e-03
4.748710e-03
4.756807e-03
4.764912e-03
4.773023e-03
4.781141e-03
4.789266e-03
4.797398e-03
4.805537e-03
4.813683e-03
4.821835e-03
4.829995e-03
4.838161e-03
4.846334e-03
4.854515e-03
4.862702e-03
4.870896e-03
4.879096e-03
4.887304e-03
4.895519e-03
4.903741e-03
4.911969e-03
4.920204e-03
4.928447e-03
4.936696e-03
4.944952e-03
4.953215e-03
4.961485e-03
4.969761e-03
4.978045e-03
4.986336e-03
4.994633e-03
5.002937e-03
5.011249e-03
5.019567e-03
5.027892e-03
5.036224e-03
5.044562e-03
5.052908e-03
5.061261e-03
5.069620e-03
5.077987e-03
5.086360e-03
5.094740e-03
5.103127e-03
5.111521e-03
5.119922e-03
5.128330e-03
5.136745e-03
5.145166e-03
5.153595e-03
5.162030e-03
5.170472e-03
5.178921e-03
5.187377e-03
5.195840e-03
5.204310e-03
5.212787e-03
5.221271e-03
5.229761e-03
5.238259e-03
5.246763e-03
5.255274e-03
5.263792e-03
5.272317e-03
5.280849e-03
5.289388e-03
5.297934e-03
5.306486e-03
5.315046e-03
5.323612e-03
5.332186e-03
5.340766e-03
5.349353e-03
5.357947e-03
5.366548e-03
5.375156e-03
5.383770e-03
5.392392e-03
5.401020e-03
5.409656e-03
5.418298e-03
5.426947e-03
5.435603e-03
5.444266e-03
5.452936e-03
5.461613e-03
5.470297e-03
5.478987e-03
5.487685e-03
5.496389e-03
5.505100e-03
5.513818e-03
5.522543e-03
5.531275e-03
5.540014e-03
5.548760e-03
5.557512e-03
5.566272e-03
5.575038e-03
5.583812e-03
5.592592e-03
5.601379e-03
5.610173e-03
5.618974e-03
5.627782e-03
5.636596e-03
5.645418e-03
5.654246e-03
5.663082e-03
5.671924e-03
5.680773e-03
5.689629e-03
5.698492e-03
5.707362e-03
5.716239e-03
5.725123e-03
5.734013e-03
5.742911e-03
5.751815e-03
5.760726e-03
5.769644e-03
5.778569e-03
5.787501e-03
5.796440e-03
5.805386e-03
5.814338e-03
5.823298e-03
5.832264e-03
5.841238e-03
5.850218e-03
5.859205e-03
5.868199e-03
5.877200e-03
5.886208e-03
5.895222e-03
5.904244e-03
5.913272e-03
5.922308e-03
5.931350e-03
5.940399e-03
5.949455e-03
5.958518e-03
5.967588e-03
5.976665e-03
5.985749e-03
5.994839e-03
6.003937e-03
6.013041e-03
6.022152e-03
6.031270e-03
6.040395e-03
6.049527e-03
6.058666e-03
6.067812e-03
6.076965e-03
6.086124e-03
6.095291e-03
6.104464e-03
6.113644e-03
6.122831e-03
6.132025e-03
6.141226e-03
6.150434e-03
6.159649e-03
6.168870e-03
6.178099e-03
6.187334e-03
6.196576e-03
6.205826e-03
6.215082e-03
6.224345e-03
6.233614e-03
6.242891e-03
6.252175e-03
6.261465e-03
6.270763e-03
6.280067e-03
6.289379e-03
6.298697e-03
6.308022e-03
6.317354e-03
6.326692e-03
6.336038e-03
6.345391e-03
6.354750e-03
6.364117e-03
6.373490e-03
6.382870e-03
6.392257e-03
6.401651e-03
6.411052e-03
6.420460e-03
6.429875e-03
6.439297e-03
6.448725e-03
6.458160e-03
6.467603e-03
6.477052e-03
6.486508e-03
6.495971e-03
6.505441e-03
6.514918e-03
6.524401e-03
6.533892e-03
6.543389e-03
6.552894e-03
6.562405e-03
6.571923e-03
6.581448e-03
6.590980e-03
6.600519e-03
6.610065e-03
6.619617e-03
6.629177e-03
6.638743e-03
6.648317e-03
6.657897e-03
6.667484e-03
6.677078e-03
6.686679e-03
6.696287e-03
6.705901e-03
6.715523e-03
6.725151e-03
6.734787e-03
6.744429e-03
6.754078e-03
6.763734e-03
6.773397e-03
6.783067e-03
6.792744e-03
6.802428e-03
6.812118e-03
6.821816e-03
6.831520e-03
6.841231e-03
6.850950e-03
6.860675e-03
6.870407e-03
6.880145e-03
6.889891e-03
6.899644e-03
6.909403e-03
6.919170e-03
6.928943e-03
6.938723e-03
6.948511e-03
6.958305e-03
6.968105e-03
6.977913e-03
6.987728e-03
6.997550e-03
7.007378e-03
7.017214e-03
7.027056e-03
7.036905e-03
7.046761e-03
7.056624e-03
7.066494e-03
7.076371e-03
7.086254e-03
7.096145e-03
7.106042e-03
7.115947e-03
7.125858e-03
7.135776e-03
7.145701e-03
7.155633e-03
7.165572e-03
7.175518e-03
7.185471e-03
7.195430e-03
7.205397e-03
7.215370e-03
7.225350e-03
7.235337e-03
7.245331e-03
7.255332e-03
7.265340e-03
7.275355e-03
7.285376e-03
7.295405e-03
7.305440e-03
7.315483e-03
7.325532e-03
7.335588e-03
7.345651e-03
7.355721e-03
7.365798e-03
7.375881e-03
7.385972e-03
7.396069e-03
7.406174e-03
7.416285e-03
7.426403e-03
7.436528e-03
7.446660e-03
7.456799e-03
7.466945e-03
7.477097e-03
7.487257e-03
7.497423e-03
7.507597e-03
7.517777e-03
7.527964e-03
7.538158e-03
7.548359e-03
7.558567e-03
7.568782e-03
7.579003e-03
7.589232e-03
7.599467e-03
7.609709e-03
7.619959e-03
7.630215e-03
7.640478e-03
7.650748e-03
7.661024e-03
7.671308e-03
7.681599e-03
7.691896e-03
7.702201e-03
7.712512e-03
7.722830e-03
7.733155e-03
7.743487e-03
7.753826e-03
7.764172e-03
7.774524e-03
7.784884e-03
7.795250e-03
7.805624e-03
7.816004e-03
7.826391e-03
7.836785e-03
7.847186e-03
7.857594e-03
7.868009e-03
7.878430e-03
7.888859e-03
7.899294e-03
7.909737e-03
7.919521e-03
7.929271e-03
7.938987e-03
7.948668e-03
7.958315e-03
7.967927e-03
7.977506e-03
7.987049e-03
7.996559e-03
8.006034e-03
8.015474e-03
8.024880e-03
8.034252e-03
8.043589e-03
8.052892e-03
8.062161e-03
8.071395e-03
8.080595e-03
8.089760e-03
8.098891e-03
8.107988e-03
8.117050e-03
8.126078e-03
8.135071e-03
8.144031e-03
8.152955e-03
8.161845e-03
8.170701e-03
8.179523e-03
8.188310e-03
8.197063e-03
8.205781e-03
8.214465e-03
8.223114e-03
8.231730e-03
8.240310e-03
8.248857e-03
8.257369e-03
8.265846e-03
8.274289e-03
8.282698e-03
8.291073e-03
8.299413e-03
8.307718e-03
8.315989e-03
8.324226e-03
8.332429e-03
8.340597e-03
8.348730e-03
8.356830e-03
8.364894e-03
8.372925e-03
8.380921e-03
8.388883e-03
8.396810e-03
8.404703e-03
8.412561e-03
8.420386e-03
8.428175e-03
8.435931e-03
8.443652e-03
8.451338e-03
8.458990e-03
8.466608e-03
8.474191e-03
8.481740e-03
8.489255e-03
8.496735e-03
8.504181e-03
8.511592e-03
8.518970e-03
8.526312e-03
8.533620e-03
8.540894e-03
8.548134e-03
8.555339e-03
8.562509e-03
8.569646e-03
8.576748e-03
8.583815e-03
8.590848e-03
8.597847e-03
8.604811e-03
8.611741e-03
8.618637e-03
8.625498e-03
8.632325e-03
8.639117e-03
8.645875e-03
8.652599e-03
8.659288e-03
8.665943e-03
8.672563e-03
8.679149e-03
8.685701e-03
8.692218e-03
8.698701e-03
8.705149e-03
8.711563e-03
8.717943e-03
8.724288e-03
8.730599e-03
8.736876e-03
8.743118e-03
8.749325e-03
8.755499e-03
8.761638e-03
8.767742e-03
8.773812e-03
8.779848e-03
8.785849e-03
8.791816e-03
8.797749e-03
8.803647e-03
8.809511e-03
8.815340e-03
8.821135e-03
8.826896e-03
8.832622e-03
8.838314e-03
8.843971e-03
8.849594e-03
8.855183e-03
8.860737e-03
8.866257e-03
8.871743e-03
8.877194e-03
8.882610e-03
8.887993e-03
8.893341e-03
8.898654e-03
8.903933e-03
8.909178e-03
8.914388e-03
8.919564e-03
8.924706e-03
8.929813e-03
8.934886e-03
8.939924e-03
8.944928e-03
8.949898e-03
8.954833e-03
8.959734e-03
8.964600e-03
8.969432e-03
8.974230e-03
8.978993e-03
8.983722e-03
8.988416e-03
8.993076e-03
8.997702e-03
9.002293e-03
9.006850e-03
9.011373e-03
9.015861e-03
9.020315e-03
9.024734e-03
9.029119e-03
9.033469e-03
9.037786e-03
9.042067e-03
9.046315e-03
9.050528e-03
9.054706e-03
9.058850e-03
9.062960e-03
9.067036e-03
9.071077e-03
9.075083e-03
9.079055e-03
9.082993e-03
9.086897e-03
9.090766e-03
9.094600e-03
9.098401e-03
9.102167e-03
9.105898e-03
9.109595e-03
9.113258e-03
9.116886e-03
9.120480e-03
9.124040e-03
9.127565e-03
9.131055e-03
9.134512e-03
9.137934e-03
9.141321e-03
9.144675e-03
9.147993e-03
9.151278e-03
9.154528e-03
9.157743e-03
9.160925e-03
9.164071e-03
9.167184e-03
9.170262e-03
9.173305e-03
9.176315e-03
9.179290e-03
9.182230e-03
9.185136e-03
9.188008e-03
9.190845e-03
9.193648e-03
9.196417e-03
9.199151e-03
9.201850e-03
9.204516e-03
9.207147e-03
9.209743e-03
9.212305e-03
9.214833e-03
9.217327e-03
9.219786e-03
9.222210e-03
9.224600e-03
9.226956e-03
9.229278e-03
9.231565e-03
9.233817e-03
9.236035e-03
9.238219e-03
9.240369e-03
9.242484e-03
9.244565e-03
9.246611e-03
9.248623e-03
9.250600e-03
9.252543e-03
9.254452e-03
9.256326e-03
9.258166e-03
9.259972e-03
9.261743e-03
9.263480e-03
9.265182e-03
9.266850e-03
9.268484e-03
9.270083e-03
9.271648e-03
9.273178e-03
9.274674e-03
9.276136e-03
9.277563e-03
9.278956e-03
9.280314e-03
9.281638e-03
9.282928e-03
9.284183e-03
9.285404e-03
9.286590e-03
9.287743e-03
9.288860e-03
9.289944e-03
9.290993e-03
9.292007e-03
9.292987e-03
9.293933e-03
9.294844e-03
9.295721e-03
9.296564e-03
9.297372e-03
9.298146e-03
9.298885e-03
9.299590e-03
9.300261e-03
9.300897e-03
9.301499e-03
9.302066e-03
9.302599e-03
9.303098e-03
9.303562e-03
9.303992e-03
9.304387e-03
9.304749e-03
9.305075e-03
9.305368e-03
9.305625e-03
9.305849e-03
9.306038e-03
9.306193e-03
9.306313e-03
9.306399e-03
9.306451e-03
9.306468e-03
9.306451e-03
9.306399e-03
9.306313e-03
9.306192e-03
9.306038e-03
9.305848e-03
9.305625e-03
9.305367e-03
9.305075e-03
9.304748e-03
9.304387e-03
9.303991e-03
9.303561e-03
9.303097e-03
9.302598e-03
9.302287e-03
9.302287e-03
9.302287e-03
9.302287e-03
9.302287e-03
9.302287e-03
9.302287e-03
9.302287e-03
9.302287e-03
9.302287e-03
9.302287e-03
9.302287e-03
9.302287e-03
9.302287e-03
9.302287e-03
9.302287e-03
9.302287e-03
9.302287e-03
9.302287e-03
9.302287e-03
9.302287e-03
9.302287e-03
9.302287e-03
9.302287e-03
9.302287e-03
9.302287e-03
9.302287e-03
9.302287e-03
9.302287e-03
9.302287e-03
9.302287e-03
9.302287e-03
9.302287e-03
9.302287e-03
9.302287e-03
9.302287e-03
9.302287e-03
9.302287e-03
9.302287e-03
9.302287e-03
9.302287e-03
9.302287e-03
9.302287e-03
9.302287e-03
9.302287e-03
9.302287e-03
9.302287e-03
9.302287e-03
9.302287e-03
9.302287e-03
9.302287e-03
9.302287e-03
9.302287e-03
9.302287e-03
9.302287e-03
9.302287e-03
9.302287e-03
9.302287e-03
9.302287e-03
9.302287e-03
9.302287e-03
9.302287e-03
9.302287e-03
9.302287e-03
9.302287e-03
9.302287e-03
9.302287e-03
9.302287e-03
9.302287e-03
9.302287e-03
9.302287e-03
9.302287e-03
9.302287e-03
9.302287e-03
9.302287e-03
9.302287e-03
9.302287e-03
9.302287e-03
9.302287e-03
9.302287e-03
9.302287e-03
9.302287e-03
9.302287e-03
9.302287e-03
9.302287e-03
9.302287e-03
9.302287e-03
9.302287e-03
9.302287e-03
9.302287e-03
9.302287e-03
9.302287e-03
9.302287e-03
9.302287e-03
9.302287e-03
9.302287e-03
9.302287e-03
9.302287e-03
9.302287e-03
9.302287e-03
9.302287e-03
9.302287e-03
9.302287e-03
9.302287e-03
9.302287e-03
9.302287e-03
9.302287e-03
9.302287e-03
9.302287e-03
9.302287e-03
9.302287e-03
9.302287e-03
9.302287e-03
9.302287e-03
9.302287e-03
9.302287e-03
9.302287e-03
9.302287e-03
9.302287e-03
9.302287e-03
9.302287e-03
9.302287e-03
9.302287e-03
9.302287e-03
9.302287e-03
9.302287e-03
9.302287e-03
9.302287e-03
9.302287e-03
9.302287e-03
9.302287e-03
9.302287e-03
9.302287e-03
9.302287e-03
9.302287e-03
9.302287e-03
9.302287e-03
9.302287e-03
9.302287e-03
9.302287e-03
9.302287e-03
9.302287e-03
9.302287e-03
9.302287e-03
9.302287e-03
9.302287e-03
9.302287e-03
9.302287e-03
9.302287e-03
9.302287e-03
9.302287e-03
9.302287e-03
9.302287e-03
9.302287e-03
9.302287e-03
9.302287e-03
9.302287e-03
9.302287e-03
9.302287e-03
9.302287e-03
9.302287e-03
9.302287e-03
9.302287e-03
9.302287e-03
9.302287e-03
9.302287e-03
9.302287e-03
9.302287e-03
9.302287e-03
9.302287e-03
9.302287e-03
9.302287e-03
9.302287e-03
9.302287e-03
9.302287e-03
9.302287e-03
9.302287e-03
9.302287e-03
9.302287e-03
9.302287e-03
9.302287e-03
9.302287e-03
9.302287e-03
9.302287e-03
9.302287e-03
9.302287e-03
9.302287e-03
9.302287e-03
9.302287e-03
9.302287e-03
9.302287e-03
9.302287e-03
9.302287e-03
9.302287e-03
9.302287e-03
9.302287e-03
9.302287e-03
9.302287e-03
9.302287e-03
9.302287e-03
9.302287e-03
