0.000000e+00
1.110371e-07
2.290140e-07
3.539307e-07
4.857873e-07
6.245836e-07
7.703198e-07
9.229958e-07
1.082612e-06
1.249167e-06
1.422663e-06
1.603098e-06
1.790473e-06
1.984788e-06
2.186043e-06
2.394237e-06
2.609372e-06
2.831446e-06
3.060460e-06
3.296414e-06
3.539307e-06
3.789141e-06
4.045914e-06
4.309627e-06
4.580280e-06
4.857873e-06
5.142405e-06
5.433877e-06
5.732290e-06
6.037642e-06
6.349933e-06
6.669165e-06
6.995336e-06
7.328448e-06
7.668499e-06
8.015490e-06
8.369420e-06
8.730291e-06
9.098101e-06
9.472851e-06
9.854541e-06
1.024317e-05
1.063874e-05
1.104125e-05
1.145070e-05
1.186709e-05
1.229042e-05
1.272069e-05
1.315789e-05
1.360204e-05
1.405313e-05
1.451116e-05
1.497613e-05
1.544803e-05
1.592688e-05
1.641267e-05
1.690540e-05
1.740506e-05
1.791167e-05
1.842522e-05
1.894570e-05
1.947313e-05
2.000750e-05
2.054880e-05
2.109705e-05
2.165223e-05
2.221436e-05
2.278342e-05
2.335943e-05
2.394237e-05
2.453226e-05
2.512908e-05
2.573284e-05
2.634355e-05
2.696119e-05
2.758578e-05
2.821730e-05
2.885576e-05
2.950117e-05
3.015351e-05
3.081279e-05
3.147901e-05
3.215218e-05
3.283228e-05
3.351932e-05
3.421330e-05
3.491422e-05
3.562209e-05
3.633689e-05
3.705863e-05
3.778731e-05
3.852293e-05
3.926549e-05
4.001499e-05
4.077143e-05
4.153481e-05
4.230513e-05
4.308239e-05
4.386659e-05
4.465773e-05
4.545581e-05
4.626083e-05
4.707278e-05
4.789168e-05
4.871752e-05
4.955030e-05
5.039002e-05
5.123668e-05
5.209027e-05
5.295081e-05
5.381829e-05
5.469270e-05
5.557406e-05
5.646236e-05
5.735759e-05
5.825977e-05
5.916889e-05
6.008494e-05
6.100794e-05
6.193787e-05
6.287475e-05
6.381857e-05
6.476932e-05
6.572702e-05
6.669165e-05
6.766322e-05
6.864174e-05
6.962719e-05
7.061959e-05
7.161892e-05
7.262519e-05
7.363841e-05
7.465856e-05
7.568565e-05
7.671969e-05
7.776066e-05
7.880857e-05
7.986342e-05
8.092522e-05
8.199395e-05
8.306962e-05
8.415223e-05
8.524178e-05
8.633827e-05
8.744171e-05
8.855208e-05
8.966939e-05
9.079364e-05
9.192483e-05
9.306296e-05
9.420803e-05
9.536004e-05
9.651899e-05
9.768488e-05
9.885771e-05
1.000375e-04
1.012242e-04
1.024178e-04
1.036184e-04
1.048259e-04
1.060404e-04
1.072618e-04
1.084902e-04
1.097255e-04
1.109677e-04
1.122169e-04
1.134730e-04
1.147360e-04
1.160060e-04
1.172829e-04
1.185668e-04
1.198576e-04
1.211553e-04
1.224600e-04
1.237717e-04
1.250902e-04
1.264157e-04
1.277482e-04
1.290876e-04
1.304339e-04
1.317871e-04
1.331473e-04
1.345145e-04
1.358886e-04
1.372696e-04
1.386576e-04
1.400525e-04
1.414543e-04
1.428631e-04
1.442788e-04
1.457015e-04
1.471311e-04
1.485676e-04
1.500111e-04
1.514615e-04
1.529189e-04
1.543832e-04
1.558544e-04
1.573326e-04
1.588177e-04
1.603098e-04
1.618088e-04
1.633147e-04
1.648276e-04
1.663474e-04
1.678742e-04
1.694079e-04
1.709485e-04
1.724961e-04
1.740506e-04
1.756121e-04
1.771805e-04
1.787558e-04
1.803381e-04
1.819273e-04
1.835235e-04
1.851266e-04
1.867366e-04
1.883536e-04
1.899775e-04
1.916084e-04
1.932462e-04
1.948909e-04
1.965426e-04
1.982012e-04
1.998668e-04
2.015393e-04
2.032187e-04
2.049051e-04
2.065984e-04
2.082986e-04
2.100058e-04
2.117200e-04
2.134410e-04
2.151691e-04
2.169040e-04
2.186459e-04
2.203947e-04
2.221505e-04
2.239132e-04
2.256829e-04
2.274595e-04
2.292430e-04
2.310335e-04
2.328309e-04
2.346352e-04
2.364465e-04
2.382648e-04
2.400899e-04
2.419221e-04
2.437611e-04
2.456071e-04
2.474600e-04
2.493199e-04
2.511867e-04
2.530605e-04
2.549412e-04
2.568288e-04
2.587234e-04
2.606249e-04
2.625333e-04
2.644487e-04
2.663710e-04
2.683003e-04
2.702365e-04
2.721797e-04
2.741297e-04
2.760868e-04
2.780507e-04
2.800217e-04
2.819995e-04
2.839843e-04
2.859760e-04
2.879747e-04
2.899803e-04
2.919928e-04
2.940123e-04
2.960388e-04
2.980721e-04
3.001124e-04
3.021597e-04
3.042139e-04
3.062750e-04
3.083430e-04
3.104181e-04
3.125000e-04
3.145889e-04
3.166847e-04
3.187875e-04
3.208972e-04
3.230138e-04
3.251374e-04
3.272679e-04
3.294054e-04
3.315498e-04
3.337011e-04
3.358594e-04
3.380247e-04
3.401968e-04
3.423759e-04
3.445620e-04
3.467549e-04
3.489549e-04
3.511617e-04
3.533755e-04
3.555963e-04
3.578240e-04
3.600586e-04
3.623001e-04
3.645486e-04
3.668041e-04
3.690665e-04
3.713358e-04
3.736120e-04
3.758952e-04
3.781854e-04
3.804825e-04
3.827865e-04
3.850974e-04
3.874153e-04
3.897402e-04
3.920720e-04
3.944107e-04
3.967563e-04
3.991089e-04
4.014685e-04
4.038349e-04
4.062084e-04
4.085887e-04
4.109760e-04
4.133703e-04
4.157714e-04
4.181795e-04
4.205946e-04
4.230166e-04
4.254455e-04
4.278814e-04
4.303242e-04
4.327740e-04
4.352307e-04
4.376943e-04
4.401649e-04
4.426424e-04
4.451269e-04
4.476183e-04
4.501166e-04
4.526219e-04
4.551341e-04
4.576532e-04
4.601793e-04
4.627124e-04
4.652523e-04
4.677992e-04
4.703531e-04
4.729139e-04
4.754816e-04
4.780563e-04
4.806379e-04
4.832265e-04
4.858220e-04
4.884244e-04
4.910338e-04
4.936501e-04
4.962733e-04
4.989035e-04
5.015406e-04
5.041847e-04
5.068357e-04
5.094937e-04
5.121586e-04
5.148304e-04
5.175092e-04
5.201949e-04
5.228875e-04
5.255871e-04
5.282936e-04
5.310071e-04
5.337275e-04
5.364549e-04
5.391892e-04
5.419304e-04
5.446785e-04
5.474337e-04
5.501957e-04
5.529647e-04
5.557406e-04
5.585235e-04
5.613133e-04
5.641100e-04
5.669137e-04
5.697244e-04
5.725419e-04
5.753664e-04
5.781979e-04
5.810363e-04
5.838816e-04
5.867338e-04
5.895930e-04
5.924592e-04
5.953323e-04
5.982123e-04
6.010993e-04
6.039932e-04
6.068940e-04
6.098018e-04
6.127165e-04
6.156382e-04
6.185668e-04
6.215023e-04
6.244448e-04
6.273942e-04
6.303506e-04
6.333139e-04
6.362841e-04
6.392613e-04
6.422454e-04
6.452365e-04
6.482345e-04
6.512395e-04
6.542513e-04
6.572702e-04
6.602959e-04
6.633286e-04
6.663683e-04
6.694148e-04
6.724684e-04
6.755288e-04
6.785962e-04
6.816706e-04
6.847518e-04
6.878401e-04
6.909352e-04
6.940373e-04
6.971463e-04
7.002623e-04
7.033852e-04
7.065151e-04
7.096519e-04
7.127956e-04
7.159463e-04
7.191039e-04
7.222685e-04
7.254400e-04
7.286184e-04
7.318038e-04
7.349961e-04
7.381954e-04
7.414016e-04
7.446147e-04
7.478348e-04
7.510618e-04
7.542957e-04
7.575366e-04
7.607845e-04
7.640393e-04
7.673010e-04
7.705696e-04
7.738452e-04
7.771277e-04
7.804172e-04
7.837136e-04
7.870170e-04
7.903273e-04
7.936445e-04
7.969687e-04
8.002998e-04
8.036379e-04
8.069828e-04
8.103348e-04
8.136936e-04
8.170595e-04
8.204322e-04
8.238119e-04
8.271985e-04
8.305921e-04
8.339926e-04
8.374001e-04
8.408145e-04
8.442358e-04
8.476641e-04
8.510993e-04
8.545414e-04
8.579905e-04
8.614465e-04
8.649095e-04
8.683794e-04
8.718563e-04
8.753401e-04
8.788308e-04
8.823284e-04
8.858331e-04
8.893446e-04
8.928631e-04
8.963885e-04
8.999209e-04
9.034602e-04
9.070064e-04
9.105596e-04
9.141198e-04
9.176868e-04
9.212608e-04
9.248418e-04
9.284297e-04
9.320245e-04
9.356262e-04
9.392350e-04
9.428506e-04
9.464732e-04
9.501027e-04
9.537392e-04
9.573826e-04
9.610329e-04
9.646902e-04
9.683544e-04
9.720256e-04
9.757037e-04
9.793887e-04
9.830807e-04
9.867796e-04
9.904855e-04
9.941983e-04
9.979181e-04
1.001645e-03
1.005378e-03
1.009119e-03
1.012866e-03
1.016621e-03
1.020382e-03
1.024151e-03
1.027926e-03
1.031708e-03
1.035497e-03
1.039293e-03
1.043096e-03
1.046906e-03
1.050723e-03
1.054547e-03
1.058378e-03
1.062215e-03
1.066060e-03
1.069912e-03
1.073770e-03
1.077636e-03
1.081508e-03
1.085388e-03
1.089274e-03
1.093167e-03
1.097067e-03
1.100974e-03
1.104888e-03
1.108809e-03
1.112737e-03
1.116672e-03
1.120614e-03
1.124563e-03
1.128518e-03
1.132481e-03
1.136451e-03
1.140427e-03
1.144411e-03
1.148401e-03
1.152398e-03
1.156403e-03
1.160414e-03
1.164432e-03
1.168457e-03
1.172489e-03
1.176528e-03
1.180574e-03
1.184627e-03
1.188687e-03
1.192753e-03
1.196827e-03
1.200908e-03
1.204995e-03
1.209090e-03
1.213191e-03
1.217300e-03
1.221415e-03
1.225537e-03
1.229666e-03
1.233802e-03
1.237946e-03
1.242096e-03
1.246252e-03
1.250416e-03
1.254587e-03
1.258765e-03
1.262950e-03
1.267141e-03
1.271340e-03
1.275545e-03
1.279758e-03
1.283977e-03
1.288204e-03
1.292437e-03
1.296677e-03
1.300924e-03
1.305178e-03
1.309440e-03
1.313708e-03
1.317982e-03
1.322264e-03
1.326553e-03
1.330849e-03
1.335152e-03
1.339461e-03
1.343778e-03
1.348101e-03
1.352432e-03
1.356769e-03
1.361113e-03
1.365465e-03
1.369823e-03
1.374188e-03
1.378560e-03
1.382939e-03
1.387325e-03
1.391718e-03
1.396118e-03
1.400525e-03
1.404938e-03
1.409359e-03
1.413787e-03
1.418221e-03
1.422663e-03
1.427111e-03
1.431566e-03
1.436029e-03
1.440498e-03
1.444974e-03
1.449457e-03
1.453947e-03
1.458444e-03
1.462948e-03
1.467459e-03
1.471977e-03
1.476502e-03
1.481033e-03
1.485572e-03
1.490118e-03
1.494670e-03
1.499230e-03
1.503796e-03
1.508369e-03
1.512950e-03
1.517537e-03
1.522131e-03
1.526732e-03
1.531340e-03
1.535955e-03
1.540577e-03
1.545206e-03
1.549842e-03
1.554485e-03
1.559134e-03
1.563791e-03
1.568454e-03
1.573125e-03
1.577802e-03
1.582487e-03
1.587178e-03
1.591876e-03
1.596581e-03
1.601294e-03
1.606013e-03
1.610739e-03
1.615472e-03
1.620212e-03
1.624958e-03
1.629712e-03
1.634473e-03
1.639241e-03
1.644015e-03
1.648797e-03
1.653585e-03
1.658381e-03
1.663183e-03
1.667992e-03
1.672808e-03
1.677632e-03
1.682462e-03
1.687299e-03
1.692143e-03
1.696994e-03
1.701852e-03
1.706716e-03
1.711588e-03
1.716467e-03
1.721352e-03
1.726245e-03
1.731145e-03
1.736051e-03
1.740964e-03
1.745885e-03
1.750812e-03
1.755746e-03
1.760687e-03
1.765635e-03
1.770590e-03
1.775552e-03
1.780521e-03
1.785497e-03
1.790480e-03
1.795470e-03
1.800466e-03
1.805470e-03
1.810481e-03
1.815498e-03
1.820522e-03
1.825554e-03
1.830592e-03
1.835637e-03
1.840690e-03
1.845749e-03
1.850815e-03
1.855888e-03
1.860968e-03
1.866055e-03
1.871148e-03
1.876249e-03
1.881357e-03
1.886472e-03
1.891593e-03
1.896722e-03
1.901857e-03
1.907000e-03
1.912149e-03
1.917305e-03
1.922468e-03
1.927639e-03
1.932816e-03
1.938000e-03
1.943191e-03
1.948389e-03
1.953593e-03
1.958805e-03
1.964024e-03
1.969250e-03
1.974482e-03
1.979722e-03
1.984968e-03
1.990222e-03
1.995482e-03
2.000750e-03
2.006024e-03
2.011305e-03
2.016593e-03
2.021888e-03
2.027190e-03
2.032499e-03
2.037815e-03
2.043138e-03
2.048468e-03
2.053804e-03
2.059148e-03
2.064499e-03
2.069856e-03
2.075221e-03
2.080592e-03
2.085970e-03
2.091356e-03
2.096748e-03
2.102147e-03
2.107553e-03
2.112966e-03
2.118386e-03
2.123813e-03
2.129247e-03
2.134688e-03
2.140136e-03
2.145590e-03
2.151052e-03
2.156521e-03
2.161996e-03
2.167479e-03
2.172968e-03
2.178464e-03
2.183968e-03
2.189478e-03
2.194995e-03
2.200519e-03
2.206050e-03
2.211588e-03
2.217133e-03
2.222685e-03
2.228244e-03
2.233809e-03
2.239382e-03
2.244962e-03
2.250548e-03
2.256142e-03
2.261742e-03
2.267350e-03
2.272964e-03
2.278585e-03
2.284213e-03
2.289848e-03
2.295491e-03
2.301140e-03
2.306795e-03
2.312458e-03
2.318128e-03
2.323805e-03
2.329489e-03
2.335179e-03
2.340877e-03
2.346581e-03
2.352293e-03
2.358011e-03
2.363737e-03
2.369469e-03
2.375208e-03
2.380954e-03
2.386707e-03
2.392468e-03
2.398235e-03
2.404008e-03
2.409789e-03
2.415577e-03
2.421372e-03
2.427174e-03
2.432982e-03
2.438798e-03
2.444620e-03
2.450450e-03
2.456286e-03
2.462129e-03
2.467980e-03
2.473837e-03
2.479701e-03
2.485572e-03
2.491450e-03
2.497335e-03
2.503227e-03
2.509126e-03
2.515032e-03
2.520944e-03
2.526864e-03
2.532791e-03
2.538724e-03
2.544665e-03
2.550612e-03
2.556566e-03
2.562528e-03
2.568496e-03
2.574471e-03
2.580453e-03
2.586442e-03
2.592438e-03
2.598441e-03
2.604451e-03
2.610468e-03
2.616492e-03
2.622522e-03
2.628560e-03
2.634605e-03
2.640656e-03
2.646715e-03
2.652780e-03
2.658852e-03
2.664932e-03
2.671018e-03
2.677111e-03
2.683211e-03
2.689318e-03
2.695432e-03
2.701553e-03
2.707681e-03
2.713816e-03
2.719958e-03
2.726106e-03
2.732262e-03
2.738424e-03
2.744594e-03
2.750770e-03
2.756954e-03
2.763144e-03
2.769341e-03
2.775545e-03
2.781757e-03
2.787975e-03
2.794200e-03
2.800432e-03
2.806671e-03
2.812916e-03
2.819169e-03
2.825429e-03
2.831696e-03
2.837969e-03
2.844250e-03
2.850537e-03
2.856832e-03
2.863133e-03
2.869441e-03
2.875756e-03
2.882079e-03
2.888408e-03
2.894744e-03
2.901087e-03
2.907437e-03
2.913794e-03
2.920157e-03
2.926528e-03
2.932906e-03
2.939290e-03
2.945682e-03
2.952081e-03
2.958486e-03
2.964898e-03
2.971318e-03
2.977744e-03
2.984177e-03
2.990617e-03
2.997064e-03
3.003518e-03
3.009979e-03
3.016447e-03
3.022922e-03
3.029404e-03
3.035893e-03
3.042388e-03
3.048891e-03
3.055401e-03
3.061917e-03
3.068440e-03
3.074971e-03
3.081508e-03
3.088052e-03
3.094604e-03
3.101162e-03
3.107727e-03
3.114299e-03
3.120878e-03
3.127464e-03
3.134056e-03
3.140656e-03
3.147263e-03
3.153877e-03
3.160497e-03
3.167125e-03
3.173759e-03
3.180401e-03
3.187049e-03
3.193704e-03
3.200366e-03
3.207036e-03
3.213712e-03
3.220395e-03
3.227085e-03
3.233782e-03
3.240486e-03
3.247196e-03
3.253914e-03
3.260639e-03
3.267370e-03
3.274109e-03
3.280854e-03
3.287607e-03
3.294366e-03
3.301133e-03
3.307906e-03
3.314686e-03
3.321473e-03
3.328267e-03
3.335068e-03
3.341876e-03
3.348691e-03
3.355513e-03
3.362342e-03
3.369177e-03
3.376020e-03
3.382870e-03
3.389726e-03
3.396590e-03
3.403460e-03
3.410338e-03
3.417222e-03
3.424113e-03
3.431011e-03
3.437916e-03
3.444828e-03
3.451747e-03
3.458673e-03
3.465606e-03
3.472546e-03
3.479493e-03
3.486447e-03
3.493407e-03
3.500375e-03
3.507349e-03
3.514331e-03
3.521319e-03
3.528314e-03
3.535317e-03
3.542326e-03
3.549342e-03
3.556365e-03
3.563395e-03
3.570432e-03
3.577476e-03
3.584527e-03
3.591585e-03
3.598650e-03
3.605721e-03
3.612800e-03
3.619885e-03
3.626978e-03
3.634077e-03
3.641184e-03
3.648297e-03
3.655417e-03
3.662544e-03
3.669679e-03
3.676820e-03
3.683968e-03
3.691123e-03
3.698284e-03
3.705453e-03
3.712629e-03
3.719812e-03
3.727001e-03
3.734198e-03
3.741402e-03
3.748612e-03
3.755829e-03
3.763054e-03
3.770285e-03
3.777523e-03
3.784768e-03
3.792021e-03
3.799280e-03
3.806546e-03
3.813819e-03
3.821098e-03
3.828385e-03
3.835679e-03
3.842980e-03
3.850287e-03
3.857602e-03
3.864923e-03
3.872252e-03
3.879587e-03
3.886930e-03
3.894279e-03
3.901635e-03
3.908998e-03
3.916368e-03
3.923745e-03
3.931129e-03
3.938520e-03
3.945918e-03
3.953323e-03
3.960735e-03
3.968153e-03
3.975579e-03
3.983011e-03
3.990451e-03
3.997897e-03
4.005351e-03
4.012811e-03
4.020278e-03
4.027752e-03
4.035233e-03
4.042722e-03
4.050217e-03
4.057718e-03
4.065227e-03
4.072743e-03
4.080266e-03
4.087796e-03
4.095332e-03
4.102876e-03
4.110426e-03
4.117984e-03
4.125548e-03
4.133120e-03
4.140698e-03
4.148283e-03
4.155875e-03
4.163474e-03
4.171080e-03
4.178693e-03
4.186313e-03
4.193940e-03
4.201574e-03
4.209215e-03
4.216862e-03
4.224517e-03
4.232179e-03
4.239847e-03
4.247522e-03
4.255205e-03
4.262894e-03
4.270590e-03
4.278294e-03
4.286004e-03
4.293721e-03
4.301445e-03
4.309176e-03
4.316914e-03
4.324659e-03
4.332410e-03
4.340169e-03
4.347935e-03
4.355707e-03
4.363487e-03
4.371273e-03
4.379067e-03
4.386867e-03
4.394674e-03
4.402489e-03
4.410310e-03
4.418138e-03
4.425973e-03
4.433815e-03
4.441664e-03
4.449520e-03
4.457383e-03
4.465252e-03
4.473129e-03
4.481013e-03
4.488903e-03
4.496801e-03
4.504705e-03
4.512617e-03
4.520535e-03
4.528460e-03
4.536392e-03
4.544332e-03
4.552278e-03
4.560231e-03
4.568191e-03
4.576158e-03
4.584131e-03
4.592112e-03
4.600100e-03
4.608095e-03
4.616096e-03
4.624105e-03
4.632120e-03
4.640143e-03
4.648172e-03
4.656208e-03
4.664252e-03
4.672302e-03
4.680359e-03
4.688423e-03
4.696494e-03
4.704572e-03
4.712657e-03
4.720749e-03
4.728847e-03
4.736953e-03
4.745066e-03
4.753185e-03
4.761312e-03
4.769445e-03
4.777586e-03
4.785733e-03
4.793887e-03
4.802049e-03
4.810217e-03
4.818392e-03
4.826574e-03
4.834763e-03
4.842959e-03
4.851162e-03
4.859372e-03
4.867588e-03
4.875812e-03
4.884043e-03
4.892280e-03
4.900525e-03
4.908776e-03
4.917034e-03
4.925300e-03
4.933572e-03
4.941851e-03
4.950137e-03
4.958430e-03
4.966731e-03
4.975037e-03
4.983351e-03
4.991672e-03
5.000000e-03
5.008335e-03
5.016676e-03
5.025025e-03
5.033381e-03
5.041743e-03
5.050112e-03
5.058489e-03
5.066872e-03
5.075262e-03
5.083660e-03
5.092064e-03
5.100475e-03
5.108893e-03
5.117318e-03
5.125750e-03
5.134188e-03
5.142634e-03
5.151087e-03
5.159546e-03
5.168013e-03
5.176487e-03
5.184967e-03
5.193454e-03
5.201949e-03
5.210450e-03
5.218958e-03
5.227473e-03
5.235995e-03
5.244524e-03
5.253060e-03
5.261603e-03
5.270153e-03
5.278710e-03
5.287274e-03
5.295844e-03
5.304422e-03
5.313007e-03
5.321598e-03
5.330197e-03
5.338802e-03
5.347414e-03
5.356033e-03
5.364660e-03
5.373293e-03
5.381933e-03
5.390580e-03
5.399234e-03
5.407895e-03
5.416563e-03
5.425237e-03
5.433919e-03
5.442608e-03
5.451303e-03
5.460006e-03
5.468715e-03
5.477432e-03
5.486155e-03
5.494885e-03
5.503623e-03
5.512367e-03
5.521118e-03
5.529876e-03
5.538641e-03
5.547413e-03
5.556192e-03
5.564978e-03
5.573770e-03
5.582570e-03
5.591377e-03
5.600190e-03
5.609011e-03
5.617838e-03
5.626672e-03
5.635514e-03
5.644362e-03
5.653217e-03
5.662079e-03
5.670949e-03
5.679825e-03
5.688708e-03
5.697597e-03
5.706494e-03
5.715398e-03
5.724309e-03
5.733226e-03
5.742151e-03
5.751083e-03
5.760021e-03
5.768967e-03
5.777919e-03
5.786878e-03
5.795844e-03
5.804818e-03
5.813798e-03
5.822785e-03
5.831779e-03
5.840780e-03
5.849788e-03
5.858802e-03
5.867824e-03
5.876853e-03
5.885889e-03
5.894931e-03
5.903981e-03
5.913037e-03
5.922101e-03
5.931171e-03
5.940248e-03
5.949332e-03
5.958424e-03
5.967522e-03
5.976627e-03
5.985739e-03
5.994858e-03
6.003983e-03
6.013116e-03
6.022256e-03
6.031403e-03
6.040556e-03
6.049717e-03
6.058884e-03
6.068059e-03
6.077240e-03
6.086428e-03
6.095624e-03
6.104826e-03
6.114035e-03
6.123251e-03
6.132474e-03
6.141704e-03
6.150941e-03
6.160185e-03
6.169436e-03
6.178693e-03
6.187958e-03
6.197230e-03
6.206508e-03
6.215794e-03
6.225086e-03
6.234385e-03
6.243692e-03
6.253005e-03
6.262325e-03
6.271652e-03
6.280986e-03
6.290327e-03
6.299675e-03
6.309030e-03
6.318392e-03
6.327761e-03
6.337136e-03
6.346519e-03
6.355909e-03
6.365305e-03
6.374709e-03
6.384119e-03
6.393536e-03
6.402961e-03
6.412392e-03
6.421830e-03
6.431275e-03
6.440727e-03
6.450186e-03
6.459652e-03
6.469125e-03
6.478605e-03
6.488091e-03
6.497585e-03
6.507086e-03
6.516593e-03
6.526108e-03
6.535629e-03
6.545157e-03
6.554693e-03
6.564235e-03
6.573784e-03
6.583340e-03
6.592903e-03
6.602473e-03
6.612050e-03
6.621634e-03
6.631225e-03
6.640823e-03
6.650427e-03
6.660039e-03
6.669658e-03
6.679283e-03
6.688916e-03
6.698555e-03
6.708201e-03
6.717855e-03
6.727515e-03
6.737182e-03
6.746856e-03
6.756537e-03
6.766225e-03
6.775920e-03
6.785622e-03
6.795331e-03
6.805047e-03
6.814769e-03
6.824499e-03
6.834236e-03
6.843979e-03
6.853729e-03
6.863487e-03
6.873251e-03
6.883022e-03
6.892801e-03
6.902586e-03
6.912378e-03
6.922177e-03
6.931983e-03
6.941796e-03
6.951616e-03
6.961442e-03
6.971276e-03
6.981117e-03
6.990964e-03
7.000819e-03
7.010680e-03
7.020549e-03
7.030424e-03
7.040306e-03
7.050196e-03
7.060092e-03
7.069995e-03
7.079905e-03
7.089822e-03
7.099746e-03
7.109677e-03
7.119615e-03
7.129559e-03
7.139511e-03
7.149470e-03
7.159435e-03
7.169408e-03
7.179387e-03
7.189374e-03
7.199367e-03
7.209367e-03
7.219375e-03
7.229389e-03
7.239410e-03
7.249438e-03
7.259473e-03
7.269515e-03
7.279564e-03
7.289619e-03
7.299682e-03
7.309752e-03
7.319828e-03
7.329912e-03
7.340002e-03
7.350100e-03
7.360204e-03
7.370316e-03
7.380434e-03
7.390559e-03
7.400691e-03
7.410830e-03
7.420976e-03
7.431129e-03
7.441289e-03
7.451456e-03
7.461630e-03
7.471810e-03
7.481998e-03
7.492193e-03
7.502394e-03
7.512603e-03
7.522818e-03
7.533040e-03
7.543270e-03
7.553506e-03
7.563749e-03
7.573999e-03
7.584256e-03
7.594520e-03
7.604791e-03
7.615069e-03
7.625354e-03
7.635646e-03
7.645944e-03
7.656250e-03
7.666563e-03
7.676882e-03
7.687209e-03
7.697542e-03
7.707882e-03
7.718230e-03
7.728584e-03
7.738945e-03
7.749313e-03
7.759688e-03
7.770070e-03
7.780459e-03
7.790855e-03
7.801257e-03
7.811667e-03
7.822084e-03
7.832507e-03
7.842938e-03
7.853376e-03
7.863820e-03
7.874271e-03
7.884730e-03
7.895195e-03
7.905667e-03
7.916146e-03
7.926632e-03
7.937125e-03
7.947625e-03
7.958132e-03
7.967981e-03
7.977796e-03
7.987575e-03
7.997321e-03
8.007031e-03
8.016707e-03
8.026349e-03
8.035956e-03
8.045528e-03
8.055066e-03
8.064569e-03
8.074037e-03
8.083471e-03
8.092870e-03
8.102235e-03
8.111564e-03
8.120860e-03
8.130121e-03
8.139347e-03
8.148538e-03
8.157695e-03
8.166818e-03
8.175905e-03
8.184958e-03
8.193977e-03
8.202961e-03
8.211910e-03
8.220825e-03
8.229705e-03
8.238550e-03
8.247361e-03
8.256138e-03
8.264879e-03
8.273586e-03
8.282259e-03
8.290897e-03
8.299500e-03
8.308068e-03
8.316602e-03
8.325102e-03
8.333567e-03
8.341997e-03
8.350392e-03
8.358753e-03
8.367080e-03
8.375372e-03
8.383629e-03
8.391851e-03
8.400039e-03
8.408193e-03
8.416311e-03
8.424395e-03
8.432445e-03
8.440460e-03
8.448440e-03
8.456386e-03
8.464297e-03
8.472173e-03
8.480015e-03
8.487823e-03
8.495595e-03
8.503333e-03
8.511037e-03
8.518706e-03
8.526340e-03
8.533939e-03
8.541504e-03
8.549035e-03
8.556531e-03
8.563992e-03
8.571418e-03
8.578810e-03
8.586168e-03
8.593491e-03
8.600779e-03
8.608032e-03
8.615251e-03
8.622436e-03
8.629585e-03
8.636701e-03
8.643781e-03
8.650827e-03
8.657838e-03
8.664815e-03
8.671757e-03
8.678665e-03
8.685538e-03
8.692376e-03
8.699179e-03
8.705949e-03
8.712683e-03
8.719383e-03
8.726048e-03
8.732679e-03
8.739275e-03
8.745836e-03
8.752363e-03
8.758855e-03
8.765313e-03
8.771736e-03
8.778124e-03
8.784478e-03
8.790797e-03
8.797082e-03
8.803332e-03
8.809547e-03
8.815728e-03
8.821874e-03
8.827985e-03
8.834062e-03
8.840105e-03
8.846112e-03
8.852086e-03
8.858024e-03
8.863928e-03
8.869797e-03
8.875632e-03
8.881432e-03
8.887197e-03
8.892928e-03
8.898625e-03
8.904286e-03
8.909913e-03
8.915506e-03
8.921064e-03
8.926587e-03
8.932075e-03
8.937529e-03
8.942949e-03
8.948334e-03
8.953684e-03
8.958999e-03
8.964280e-03
8.969527e-03
8.974738e-03
8.979916e-03
8.985058e-03
8.990166e-03
8.995239e-03
9.000278e-03
9.005282e-03
9.010252e-03
9.015187e-03
9.020087e-03
9.024953e-03
9.029784e-03
9.034580e-03
9.039342e-03
9.044069e-03
9.048762e-03
9.053420e-03
9.058043e-03
9.062632e-03
9.067186e-03
9.071706e-03
9.076191e-03
9.080642e-03
9.085057e-03
9.089439e-03
9.093785e-03
9.098097e-03
9.102374e-03
9.106617e-03
9.110825e-03
9.114999e-03
9.119138e-03
9.123242e-03
9.127312e-03
9.131347e-03
9.135348e-03
9.139313e-03
9.143245e-03
9.147141e-03
9.151004e-03
9.154831e-03
9.158624e-03
9.162382e-03
9.166106e-03
9.169795e-03
9.173449e-03
9.177069e-03
9.180654e-03
9.184205e-03
9.187721e-03
9.191202e-03
9.194649e-03
9.198062e-03
9.201439e-03
9.204782e-03
9.208090e-03
9.211364e-03
9.214603e-03
9.217808e-03
9.220978e-03
9.224113e-03
9.227214e-03
9.230280e-03
9.233312e-03
9.236309e-03
9.239271e-03
9.242199e-03
9.245092e-03
9.247950e-03
9.250774e-03
9.253563e-03
9.256318e-03
9.259038e-03
9.261724e-03
9.264374e-03
9.266991e-03
9.269572e-03
9.272119e-03
9.274632e-03
9.277110e-03
9.279553e-03
9.281961e-03
9.284335e-03
9.286675e-03
9.288979e-03
9.291250e-03
9.293485e-03
9.295686e-03
9.297853e-03
9.299984e-03
9.302081e-03
9.304144e-03
9.306172e-03
9.308165e-03
9.310124e-03
9.312048e-03
9.313938e-03
9.315792e-03
9.317613e-03
9.319398e-03
9.321149e-03
9.322866e-03
9.324548e-03
9.326195e-03
9.327808e-03
9.329386e-03
9.330929e-03
9.332438e-03
9.333912e-03
9.335352e-03
9.336757e-03
9.338127e-03
9.339463e-03
9.340764e-03
9.342031e-03
9.343263e-03
9.344460e-03
9.345623e-03
9.346751e-03
9.347844e-03
9.348903e-03
9.349928e-03
9.350917e-03
9.351873e-03
9.352793e-03
9.353679e-03
9.354530e-03
9.355347e-03
9.356129e-03
9.356876e-03
9.357589e-03
9.358268e-03
9.358911e-03
9.359520e-03
9.360095e-03
9.360635e-03
9.361140e-03
9.361610e-03
9.362046e-03
9.362448e-03
9.362815e-03
9.363147e-03
9.363444e-03
9.363707e-03
9.363936e-03
9.364130e-03
9.364289e-03
9.364413e-03
9.364503e-03
9.364558e-03
9.364579e-03
9.364565e-03
9.364517e-03
9.364434e-03
9.364316e-03
9.364164e-03
9.363977e-03
9.363755e-03
9.363499e-03
9.363208e-03
9.362883e-03
9.362523e-03
9.362129e-03
9.361699e-03
9.361236e-03
9.360737e-03
9.360426e-03
9.360426e-03
9.360426e-03
9.360426e-03
9.360426e-03
9.360426e-03
9.360426e-03
9.360426e-03
9.360426e-03
9.360426e-03
9.360426e-03
9.360426e-03
9.360426e-03
9.360426e-03
9.360426e-03
9.360426e-03
9.360426e-03
9.360426e-03
9.360426e-03
9.360426e-03
9.360426e-03
9.360426e-03
9.360426e-03
9.360426e-03
9.360426e-03
9.360426e-03
9.360426e-03
9.360426e-03
9.360426e-03
9.360426e-03
9.360426e-03
9.360426e-03
9.360426e-03
9.360426e-03
9.360426e-03
9.360426e-03
9.360426e-03
9.360426e-03
9.360426e-03
9.360426e-03
9.360426e-03
9.360426e-03
9.360426e-03
9.360426e-03
9.360426e-03
9.360426e-03
9.360426e-03
9.360426e-03
9.360426e-03
9.360426e-03
9.360426e-03
9.360426e-03
9.360426e-03
9.360426e-03
9.360426e-03
9.360426e-03
9.360426e-03
9.360426e-03
9.360426e-03
9.360426e-03
9.360426e-03
9.360426e-03
9.360426e-03
9.360426e-03
9.360426e-03
9.360426e-03
9.360426e-03
9.360426e-03
9.360426e-03
9.360426e-03
9.360426e-03
9.360426e-03
9.360426e-03
9.360426e-03
9.360426e-03
9.360426e-03
9.360426e-03
9.360426e-03
9.360426e-03
9.360426e-03
9.360426e-03
9.360426e-03
9.360426e-03
9.360426e-03
9.360426e-03
9.360426e-03
9.360426e-03
9.360426e-03
9.360426e-03
9.360426e-03
9.360426e-03
9.360426e-03
9.360426e-03
9.360426e-03
9.360426e-03
9.360426e-03
9.360426e-03
9.360426e-03
9.360426e-03
9.360426e-03
9.360426e-03
9.360426e-03
9.360426e-03
9.360426e-03
9.360426e-03
9.360426e-03
9.360426e-03
9.360426e-03
9.360426e-03
9.360426e-03
9.360426e-03
9.360426e-03
9.360426e-03
9.360426e-03
9.360426e-03
9.360426e-03
9.360426e-03
9.360426e-03
9.360426e-03
9.360426e-03
9.360426e-03
9.360426e-03
9.360426e-03
9.360426e-03
9.360426e-03
9.360426e-03
9.360426e-03
9.360426e-03
9.360426e-03
9.360426e-03
9.360426e-03
9.360426e-03
9.360426e-03
9.360426e-03
9.360426e-03
9.360426e-03
9.360426e-03
9.360426e-03
9.360426e-03
9.360426e-03
9.360426e-03
9.360426e-03
9.360426e-03
9.360426e-03
9.360426e-03
9.360426e-03
9.360426e-03
9.360426e-03
9.360426e-03
9.360426e-03
9.360426e-03
9.360426e-03
9.360426e-03
9.360426e-03
9.360426e-03
9.360426e-03
9.360426e-03
9.360426e-03
9.360426e-03
9.360426e-03
9.360426e-03
9.360426e-03
9.360426e-03
9.360426e-03
9.360426e-03
9.360426e-03
9.360426e-03
9.360426e-03
9.360426e-03
9.360426e-03
9.360426e-03
9.360426e-03
9.360426e-03
9.360426e-03
9.360426e-03
9.360426e-03
9.360426e-03
9.360426e-03
9.360426e-03
9.360426e-03
9.360426e-03
9.360426e-03
9.360426e-03
9.360426e-03
9.360426e-03
9.360426e-03
9.360426e-03
9.360426e-03
9.360426e-03
9.360426e-03
9.360426e-03
9.360426e-03
9.360426e-03
9.360426e-03
9.360426e-03
9.360426e-03
9.360426e-03
9.360426e-03
9.360426e-03
9.360426e-03
9.360426e-03
