0.000000e+00
1.110371e-07
2.288863e-07
3.535475e-07
4.850209e-07
6.233063e-07
7.684039e-07
9.203135e-07
1.079035e-06
1.244569e-06
1.416915e-06
1.596073e-06
1.782043e-06
1.974825e-06
2.174420e-06
2.380826e-06
2.594044e-06
2.814075e-06
3.040918e-06
3.274572e-06
3.515039e-06
3.762318e-06
4.016409e-06
4.277312e-06
4.545027e-06
4.819555e-06
5.100894e-06
5.389045e-06
5.684009e-06
5.985785e-06
6.294372e-06
6.609772e-06
6.931984e-06
7.261008e-06
7.596844e-06
7.939492e-06
8.288953e-06
8.645225e-06
9.008309e-06
9.378206e-06
9.754915e-06
1.013844e-05
1.052877e-05
1.092591e-05
1.132987e-05
1.174064e-05
1.215822e-05
1.258261e-05
1.301382e-05
1.345184e-05
1.389667e-05
1.434831e-05
1.480676e-05
1.527203e-05
1.574411e-05
1.622300e-05
1.670870e-05
1.720121e-05
1.770054e-05
1.820668e-05
1.871963e-05
1.923939e-05
1.976596e-05
2.029935e-05
2.083955e-05
2.138656e-05
2.194038e-05
2.250102e-05
2.306847e-05
2.364272e-05
2.422380e-05
2.481168e-05
2.540638e-05
2.600788e-05
2.661620e-05
2.723133e-05
2.785328e-05
2.848203e-05
2.911760e-05
2.975998e-05
3.040918e-05
3.106518e-05
3.172800e-05
3.239762e-05
3.307407e-05
3.375732e-05
3.444738e-05
3.514426e-05
3.584795e-05
3.655845e-05
3.727576e-05
3.799989e-05
3.873083e-05
3.946858e-05
4.021314e-05
4.096451e-05
4.172270e-05
4.248769e-05
4.325950e-05
4.403813e-05
4.482356e-05
4.561581e-05
4.641486e-05
4.722073e-05
4.803342e-05
4.885291e-05
4.967922e-05
5.051234e-05
5.135227e-05
5.219901e-05
5.305257e-05
5.391293e-05
5.478011e-05
5.565410e-05
5.653491e-05
5.742252e-05
5.831695e-05
5.921819e-05
6.012624e-05
6.104111e-05
6.196278e-05
6.289127e-05
6.382657e-05
6.476868e-05
6.571761e-05
6.667334e-05
6.763589e-05
6.860525e-05
6.958142e-05
7.056441e-05
7.155421e-05
7.255081e-05
7.355424e-05
7.456447e-05
7.558151e-05
7.660537e-05
7.763604e-05
7.867352e-05
7.971782e-05
8.076892e-05
8.182684e-05
8.289157e-05
8.396311e-05
8.504147e-05
8.612663e-05
8.721861e-05
8.831740e-05
8.942300e-05
9.053542e-05
9.165464e-05
9.278068e-05
9.391353e-05
9.505320e-05
9.619967e-05
9.735296e-05
9.851306e-05
9.967997e-05
1.008537e-04
1.020342e-04
1.032216e-04
1.044157e-04
1.056167e-04
1.068245e-04
1.080391e-04
1.092605e-04
1.104887e-04
1.117237e-04
1.129656e-04
1.142142e-04
1.154697e-04
1.167320e-04
1.180011e-04
1.192770e-04
1.205597e-04
1.218492e-04
1.231456e-04
1.244487e-04
1.257587e-04
1.270755e-04
1.283991e-04
1.297295e-04
1.310667e-04
1.324107e-04
1.337615e-04
1.351192e-04
1.364837e-04
1.378549e-04
1.392330e-04
1.406179e-04
1.420096e-04
1.434081e-04
1.448135e-04
1.462256e-04
1.476446e-04
1.490704e-04
1.505029e-04
1.519423e-04
1.533885e-04
1.548416e-04
1.563014e-04
1.577680e-04
1.592415e-04
1.607218e-04
1.622088e-04
1.637027e-04
1.652034e-04
1.667109e-04
1.682253e-04
1.697464e-04
1.712744e-04
1.728091e-04
1.743507e-04
1.758991e-04
1.774543e-04
1.790163e-04
1.805851e-04
1.821608e-04
1.837432e-04
1.853325e-04
1.869286e-04
1.885314e-04
1.901411e-04
1.917576e-04
1.933810e-04
1.950111e-04
1.966480e-04
1.982918e-04
1.999424e-04
2.015998e-04
2.032639e-04
2.049350e-04
2.066128e-04
2.082974e-04
2.099888e-04
2.116871e-04
2.133922e-04
2.151040e-04
2.168227e-04
2.185482e-04
2.202805e-04
2.220197e-04
2.237656e-04
2.255184e-04
2.272779e-04
2.290443e-04
2.308175e-04
2.325975e-04
2.343843e-04
2.361779e-04
2.379784e-04
2.397856e-04
2.415997e-04
2.434205e-04
2.452482e-04
2.470827e-04
2.489240e-04
2.507722e-04
2.526271e-04
2.544888e-04
2.563574e-04
2.582328e-04
2.601149e-04
2.620039e-04
2.638997e-04
2.658023e-04
2.677118e-04
2.696280e-04
2.715511e-04
2.734809e-04
2.754176e-04
2.773611e-04
2.793114e-04
2.812685e-04
2.832324e-04
2.852032e-04
2.871807e-04
2.891651e-04
2.911563e-04
2.931543e-04
2.951591e-04
2.971707e-04
2.991891e-04
3.012143e-04
3.032464e-04
3.052852e-04
3.073309e-04
3.093834e-04
3.114427e-04
3.135088e-04
3.155817e-04
3.176614e-04
3.197480e-04
3.218413e-04
3.239415e-04
3.260485e-04
3.281623e-04
3.302829e-04
3.324103e-04
3.345445e-04
3.366856e-04
3.388334e-04
3.409881e-04
3.431496e-04
3.453178e-04
3.474929e-04
3.496749e-04
3.518636e-04
3.540591e-04
3.562615e-04
3.584706e-04
3.606866e-04
3.629094e-04
3.651390e-04
3.673754e-04
3.696186e-04
3.718687e-04
3.741255e-04
3.763892e-04
3.786596e-04
3.809369e-04
3.832210e-04
3.855119e-04
3.878096e-04
3.901142e-04
3.924255e-04
3.947437e-04
3.970686e-04
3.994004e-04
4.017390e-04
4.040844e-04
4.064366e-04
4.087956e-04
4.111615e-04
4.135341e-04
4.159136e-04
4.182999e-04
4.206930e-04
4.230929e-04
4.254996e-04
4.279131e-04
4.303334e-04
4.327606e-04
4.351945e-04
4.376353e-04
4.400829e-04
4.425373e-04
4.449985e-04
4.474665e-04
4.499413e-04
4.524230e-04
4.549114e-04
4.574067e-04
4.599088e-04
4.624177e-04
4.649334e-04
4.674559e-04
4.699852e-04
4.725214e-04
4.750643e-04
4.776141e-04
4.801707e-04
4.827341e-04
4.853043e-04
4.878813e-04
4.904651e-04
4.930558e-04
4.956532e-04
4.982575e-04
5.008685e-04
5.034864e-04
5.061111e-04
5.087426e-04
5.113810e-04
5.140261e-04
5.166780e-04
5.193368e-04
5.220024e-04
5.246748e-04
5.273540e-04
5.300400e-04
5.327328e-04
5.354324e-04
5.381389e-04
5.408521e-04
5.435722e-04
5.462991e-04
5.490328e-04
5.517733e-04
5.545206e-04
5.572747e-04
5.600356e-04
5.628034e-04
5.655780e-04
5.683593e-04
5.711475e-04
5.739425e-04
5.767443e-04
5.795530e-04
5.823684e-04
5.851906e-04
5.880197e-04
5.908556e-04
5.936983e-04
5.965478e-04
5.994041e-04
6.022672e-04
6.051371e-04
6.080139e-04
6.108974e-04
6.137878e-04
6.166850e-04
6.195890e-04
6.224998e-04
6.254174e-04
6.283418e-04
6.312731e-04
6.342111e-04
6.371560e-04
6.401077e-04
6.430662e-04
6.460315e-04
6.490036e-04
6.519825e-04
6.549683e-04
6.579608e-04
6.609602e-04
6.639664e-04
6.669793e-04
6.699991e-04
6.730258e-04
6.760592e-04
6.790994e-04
6.821465e-04
6.852003e-04
6.882610e-04
6.913285e-04
6.944028e-04
6.974839e-04
7.005718e-04
7.036665e-04
7.067681e-04
7.098764e-04
7.129916e-04
7.161136e-04
7.192424e-04
7.223780e-04
7.255204e-04
7.286696e-04
7.318257e-04
7.349885e-04
7.381582e-04
7.413347e-04
7.445180e-04
7.477081e-04
7.509050e-04
7.541087e-04
7.573193e-04
7.605366e-04
7.637608e-04
7.669917e-04
7.702295e-04
7.734741e-04
7.767255e-04
7.799838e-04
7.832488e-04
7.865206e-04
7.897993e-04
7.930848e-04
7.963771e-04
7.996762e-04
8.029821e-04
8.062948e-04
8.096143e-04
8.129407e-04
8.162738e-04
8.196138e-04
8.229606e-04
8.263142e-04
8.296746e-04
8.330418e-04
8.364158e-04
8.397966e-04
8.431843e-04
8.465788e-04
8.499800e-04
8.533881e-04
8.568030e-04
8.602247e-04
8.636533e-04
8.670886e-04
8.705308e-04
8.739797e-04
8.774355e-04
8.808981e-04
8.843675e-04
8.878437e-04
8.913267e-04
8.948165e-04
8.983132e-04
9.018166e-04
9.053269e-04
9.088440e-04
9.123679e-04
9.158986e-04
9.194361e-04
9.229805e-04
9.265316e-04
9.300896e-04
9.336543e-04
9.372259e-04
9.408043e-04
9.443895e-04
9.479815e-04
9.515803e-04
9.551860e-04
9.587984e-04
9.624177e-04
9.660438e-04
9.696767e-04
9.733164e-04
9.769629e-04
9.806162e-04
9.842763e-04
9.879433e-04
9.916170e-04
9.952976e-04
9.989850e-04
1.002679e-03
1.006380e-03
1.010088e-03
1.013803e-03
1.017524e-03
1.021252e-03
1.024987e-03
1.028729e-03
1.032478e-03
1.036234e-03
1.039996e-03
1.043765e-03
1.047541e-03
1.051324e-03
1.055113e-03
1.058910e-03
1.062713e-03
1.066523e-03
1.070340e-03
1.074163e-03
1.077994e-03
1.081831e-03
1.085675e-03
1.089526e-03
1.093384e-03
1.097248e-03
1.101119e-03
1.104997e-03
1.108882e-03
1.112774e-03
1.116673e-03
1.120578e-03
1.124490e-03
1.128409e-03
1.132335e-03
1.136268e-03
1.140207e-03
1.144153e-03
1.148106e-03
1.152066e-03
1.156033e-03
1.160006e-03
1.163987e-03
1.167974e-03
1.171968e-03
1.175969e-03
1.179976e-03
1.183990e-03
1.188012e-03
1.192040e-03
1.196074e-03
1.200116e-03
1.204165e-03
1.208220e-03
1.212282e-03
1.216351e-03
1.220426e-03
1.224509e-03
1.228598e-03
1.232694e-03
1.236797e-03
1.240907e-03
1.245023e-03
1.249147e-03
1.253277e-03
1.257414e-03
1.261558e-03
1.265708e-03
1.269866e-03
1.274030e-03
1.278201e-03
1.282379e-03
1.286564e-03
1.290755e-03
1.294953e-03
1.299158e-03
1.303370e-03
1.307589e-03
1.311815e-03
1.316047e-03
1.320286e-03
1.324532e-03
1.328785e-03
1.333045e-03
1.337311e-03
1.341584e-03
1.345864e-03
1.350151e-03
1.354445e-03
1.358745e-03
1.363052e-03
1.367367e-03
1.371687e-03
1.376015e-03
1.380350e-03
1.384691e-03
1.389039e-03
1.393394e-03
1.397756e-03
1.402125e-03
1.406500e-03
1.410882e-03
1.415271e-03
1.419667e-03
1.424070e-03
1.428479e-03
1.432895e-03
1.437319e-03
1.441748e-03
1.446185e-03
1.450629e-03
1.455079e-03
1.459536e-03
1.464000e-03
1.468471e-03
1.472949e-03
1.477433e-03
1.481924e-03
1.486422e-03
1.490927e-03
1.495439e-03
1.499957e-03
1.504482e-03
1.509014e-03
1.513553e-03
1.518099e-03
1.522652e-03
1.527211e-03
1.531777e-03
1.536350e-03
1.540930e-03
1.545516e-03
1.550110e-03
1.554710e-03
1.559317e-03
1.563931e-03
1.568551e-03
1.573179e-03
1.577813e-03
1.582454e-03
1.587102e-03
1.591757e-03
1.596418e-03
1.601087e-03
1.605762e-03
1.610444e-03
1.615133e-03
1.619828e-03
1.624530e-03
1.629240e-03
1.633956e-03
1.638679e-03
1.643408e-03
1.648145e-03
1.652888e-03
1.657638e-03
1.662395e-03
1.667158e-03
1.671929e-03
1.676706e-03
1.681490e-03
1.686281e-03
1.691079e-03
1.695884e-03
1.700695e-03
1.705513e-03
1.710338e-03
1.715170e-03
1.720009e-03
1.724854e-03
1.729706e-03
1.734566e-03
1.739431e-03
1.744304e-03
1.749184e-03
1.754070e-03
1.758963e-03
1.763863e-03
1.768770e-03
1.773683e-03
1.778604e-03
1.783531e-03
1.788465e-03
1.793406e-03
1.798353e-03
1.803308e-03
1.808269e-03
1.813237e-03
1.818212e-03
1.823194e-03
1.828182e-03
1.833177e-03
1.838179e-03
1.843188e-03
1.848204e-03
1.853227e-03
1.858256e-03
1.863292e-03
1.868335e-03
1.873385e-03
1.878442e-03
1.883505e-03
1.888575e-03
1.893652e-03
1.898736e-03
1.903827e-03
1.908924e-03
1.914029e-03
1.919140e-03
1.924258e-03
1.929382e-03
1.934514e-03
1.939652e-03
1.944798e-03
1.949950e-03
1.955108e-03
1.960274e-03
1.965446e-03
1.970626e-03
1.975812e-03
1.981004e-03
1.986204e-03
1.991411e-03
1.996624e-03
2.001844e-03
2.007071e-03
2.012305e-03
2.017545e-03
2.022793e-03
2.028047e-03
2.033308e-03
2.038576e-03
2.043850e-03
2.049132e-03
2.054420e-03
2.059715e-03
2.065017e-03
2.070325e-03
2.075641e-03
2.080963e-03
2.086292e-03
2.091628e-03
2.096971e-03
2.102320e-03
2.107677e-03
2.113040e-03
2.118410e-03
2.123787e-03
2.129170e-03
2.134561e-03
2.139958e-03
2.145362e-03
2.150773e-03
2.156190e-03
2.161615e-03
2.167046e-03
2.172484e-03
2.177929e-03
2.183381e-03
2.188839e-03
2.194305e-03
2.199777e-03
2.205256e-03
2.210742e-03
2.216234e-03
2.221734e-03
2.227240e-03
2.232753e-03
2.238273e-03
2.243799e-03
2.249333e-03
2.254873e-03
2.260420e-03
2.265974e-03
2.271535e-03
2.277102e-03
2.282677e-03
2.288258e-03
2.293846e-03
2.299440e-03
2.305042e-03
2.310650e-03
2.316266e-03
2.321888e-03
2.327516e-03
2.333152e-03
2.338795e-03
2.344444e-03
2.350100e-03
2.355763e-03
2.361433e-03
2.367109e-03
2.372792e-03
2.378483e-03
2.384179e-03
2.389883e-03
2.395594e-03
2.401311e-03
2.407035e-03
2.412766e-03
2.418504e-03
2.424249e-03
2.430000e-03
2.435759e-03
2.441524e-03
2.447296e-03
2.453074e-03
2.458860e-03
2.464652e-03
2.470451e-03
2.476257e-03
2.482070e-03
2.487889e-03
2.493716e-03
2.499549e-03
2.505389e-03
2.511236e-03
2.517089e-03
2.522950e-03
2.528817e-03
2.534691e-03
2.540572e-03
2.546460e-03
2.552354e-03
2.558256e-03
2.564164e-03
2.570079e-03
2.576000e-03
2.581929e-03
2.587864e-03
2.593807e-03
2.599756e-03
2.605711e-03
2.611674e-03
2.617643e-03
2.623620e-03
2.629603e-03
2.635593e-03
2.641589e-03
2.647593e-03
2.653603e-03
2.659620e-03
2.665644e-03
2.671675e-03
2.677712e-03
2.683757e-03
2.689808e-03
2.695866e-03
2.701931e-03
2.708002e-03
2.714081e-03
2.720166e-03
2.726258e-03
2.732357e-03
2.738463e-03
2.744575e-03
2.750694e-03
2.756821e-03
2.762954e-03
2.769093e-03
2.775240e-03
2.781393e-03
2.787553e-03
2.793720e-03
2.799894e-03
2.806075e-03
2.812262e-03
2.818456e-03
2.824657e-03
2.830865e-03
2.837080e-03
2.843301e-03
2.849530e-03
2.855765e-03
2.862007e-03
2.868256e-03
2.874511e-03
2.880773e-03
2.887043e-03
2.893319e-03
2.899601e-03
2.905891e-03
2.912187e-03
2.918491e-03
2.924801e-03
2.931117e-03
2.937441e-03
2.943772e-03
2.950109e-03
2.956453e-03
2.962804e-03
2.969162e-03
2.975526e-03
2.981898e-03
2.988276e-03
2.994661e-03
3.001052e-03
3.007451e-03
3.013856e-03
3.020269e-03
3.026688e-03
3.033114e-03
3.039546e-03
3.045986e-03
3.052432e-03
3.058885e-03
3.065345e-03
3.071812e-03
3.078285e-03
3.084766e-03
3.091253e-03
3.097747e-03
3.104247e-03
3.110755e-03
3.117269e-03
3.123791e-03
3.130319e-03
3.136854e-03
3.143395e-03
3.149944e-03
3.156499e-03
3.163061e-03
3.169630e-03
3.176206e-03
3.182788e-03
3.189377e-03
3.195974e-03
3.202577e-03
3.209186e-03
3.215803e-03
3.222426e-03
3.229057e-03
3.235694e-03
3.242337e-03
3.248988e-03
3.255646e-03
3.262310e-03
3.268981e-03
3.275659e-03
3.282343e-03
3.289035e-03
3.295733e-03
3.302438e-03
3.309150e-03
3.315869e-03
3.322595e-03
3.329327e-03
3.336066e-03
3.342812e-03
3.349565e-03
3.356325e-03
3.363091e-03
3.369865e-03
3.376645e-03
3.383431e-03
3.390225e-03
3.397026e-03
3.403833e-03
3.410647e-03
3.417468e-03
3.424296e-03
3.431130e-03
3.437972e-03
3.444820e-03
3.451675e-03
3.458537e-03
3.465405e-03
3.472281e-03
3.479163e-03
3.486052e-03
3.492948e-03
3.499851e-03
3.506760e-03
3.513677e-03
3.520600e-03
3.527530e-03
3.534466e-03
3.541410e-03
3.548360e-03
3.555318e-03
3.562282e-03
3.569252e-03
3.576230e-03
3.583214e-03
3.590206e-03
3.597204e-03
3.604209e-03
3.611220e-03
3.618239e-03
3.625264e-03
3.632296e-03
3.639335e-03
3.646381e-03
3.653433e-03
3.660493e-03
3.667559e-03
3.674632e-03
3.681712e-03
3.688798e-03
3.695892e-03
3.702992e-03
3.710099e-03
3.717213e-03
3.724334e-03
3.731461e-03
3.738596e-03
3.745737e-03
3.752885e-03
3.760039e-03
3.767201e-03
3.774369e-03
3.781544e-03
3.788726e-03
3.795915e-03
3.803111e-03
3.810313e-03
3.817522e-03
3.824739e-03
3.831961e-03
3.839191e-03
3.846428e-03
3.853671e-03
3.860921e-03
3.868178e-03
3.875442e-03
3.882712e-03
3.889989e-03
3.897274e-03
3.904565e-03
3.911862e-03
3.919167e-03
3.926478e-03
3.933797e-03
3.941122e-03
3.948454e-03
3.955792e-03
3.963138e-03
3.970490e-03
3.977849e-03
3.985215e-03
3.992588e-03
3.999967e-03
4.007354e-03
4.014747e-03
4.022147e-03
4.029554e-03
4.036967e-03
4.044388e-03
4.051815e-03
4.059249e-03
4.066690e-03
4.074137e-03
4.081592e-03
4.089053e-03
4.096521e-03
4.103996e-03
4.111478e-03
4.118966e-03
4.126462e-03
4.133964e-03
4.141473e-03
4.148989e-03
4.156511e-03
4.164041e-03
4.171577e-03
4.179120e-03
4.186670e-03
4.194226e-03
4.201790e-03
4.209360e-03
4.216937e-03
4.224521e-03
4.232112e-03
4.239709e-03
4.247314e-03
4.254925e-03
4.262543e-03
4.270168e-03
4.277799e-03
4.285438e-03
4.293083e-03
4.300735e-03
4.308394e-03
4.316059e-03
4.323732e-03
4.331411e-03
4.339097e-03
4.346790e-03
4.354490e-03
4.362196e-03
4.369909e-03
4.377630e-03
4.385357e-03
4.393090e-03
4.400831e-03
4.408578e-03
4.416333e-03
4.424094e-03
4.431861e-03
4.439636e-03
4.447417e-03
4.455206e-03
4.463001e-03
4.470803e-03
4.478611e-03
4.486427e-03
4.494249e-03
4.502078e-03
4.509914e-03
4.517757e-03
4.525607e-03
4.533463e-03
4.541326e-03
4.549196e-03
4.557073e-03
4.564957e-03
4.572847e-03
4.580744e-03
4.588648e-03
4.596559e-03
4.604477e-03
4.612402e-03
4.620333e-03
4.628271e-03
4.636216e-03
4.644168e-03
4.652126e-03
4.660092e-03
4.668064e-03
4.676043e-03
4.684029e-03
4.692021e-03
4.700021e-03
4.708027e-03
4.716040e-03
4.724060e-03
4.732087e-03
4.740120e-03
4.748160e-03
4.756208e-03
4.764261e-03
4.772322e-03
4.780390e-03
4.788464e-03
4.796545e-03
4.804633e-03
4.812728e-03
4.820830e-03
4.828938e-03
4.837053e-03
4.845175e-03
4.853304e-03
4.861440e-03
4.869583e-03
4.877732e-03
4.885888e-03
4.894051e-03
4.902221e-03
4.910397e-03
4.918581e-03
4.926771e-03
4.934968e-03
4.943171e-03
4.951382e-03
4.959600e-03
4.967824e-03
4.976055e-03
4.984293e-03
4.992537e-03
5.000789e-03
5.009047e-03
5.017312e-03
5.025584e-03
5.033863e-03
5.042148e-03
5.050441e-03
5.058740e-03
5.067046e-03
5.075359e-03
5.083678e-03
5.092005e-03
5.100338e-03
5.108678e-03
5.117025e-03
5.125379e-03
5.133739e-03
5.142106e-03
5.150480e-03
5.158861e-03
5.167249e-03
5.175644e-03
5.184045e-03
5.192453e-03
5.200868e-03
5.209290e-03
5.217719e-03
5.226154e-03
5.234596e-03
5.243045e-03
5.251501e-03
5.259964e-03
5.268433e-03
5.276909e-03
5.285393e-03
5.293882e-03
5.302379e-03
5.310883e-03
5.319393e-03
5.327910e-03
5.336434e-03
5.344965e-03
5.353503e-03
5.362047e-03
5.370598e-03
5.379156e-03
5.387721e-03
5.396293e-03
5.404871e-03
5.413456e-03
5.422049e-03
5.430647e-03
5.439253e-03
5.447866e-03
5.456485e-03
5.465111e-03
5.473744e-03
5.482384e-03
5.491031e-03
5.499684e-03
5.508344e-03
5.517011e-03
5.525685e-03
5.534366e-03
5.543053e-03
5.551747e-03
5.560448e-03
5.569156e-03
5.577871e-03
5.586593e-03
5.595321e-03
5.604056e-03
5.612798e-03
5.621547e-03
5.630302e-03
5.639065e-03
5.647834e-03
5.656610e-03
5.665393e-03
5.674182e-03
5.682979e-03
5.691782e-03
5.700592e-03
5.709409e-03
5.718233e-03
5.727063e-03
5.735901e-03
5.744745e-03
5.753596e-03
5.762454e-03
5.771318e-03
5.780189e-03
5.789068e-03
5.797953e-03
5.806845e-03
5.815743e-03
5.824649e-03
5.833561e-03
5.842480e-03
5.851406e-03
5.860339e-03
5.869278e-03
5.878224e-03
5.887177e-03
5.896137e-03
5.905104e-03
5.914078e-03
5.923058e-03
5.932045e-03
5.941039e-03
5.950040e-03
5.959048e-03
5.968062e-03
5.977083e-03
5.986112e-03
5.995146e-03
6.004188e-03
6.013237e-03
6.022292e-03
6.031354e-03
6.040423e-03
6.049499e-03
6.058581e-03
6.067671e-03
6.076767e-03
6.085870e-03
6.094980e-03
6.104096e-03
6.113220e-03
6.122350e-03
6.131487e-03
6.140631e-03
6.149782e-03
6.158939e-03
6.168103e-03
6.177274e-03
6.186452e-03
6.195637e-03
6.204829e-03
6.214027e-03
6.223232e-03
6.232444e-03
6.241663e-03
6.250889e-03
6.260121e-03
6.269360e-03
6.278606e-03
6.287859e-03
6.297119e-03
6.306385e-03
6.315659e-03
6.324939e-03
6.334226e-03
6.343519e-03
6.352820e-03
6.362127e-03
6.371442e-03
6.380763e-03
6.390090e-03
6.399425e-03
6.408766e-03
6.418115e-03
6.427470e-03
6.436831e-03
6.446200e-03
6.455576e-03
6.464958e-03
6.474347e-03
6.483743e-03
6.493146e-03
6.502555e-03
6.511972e-03
6.521395e-03
6.530825e-03
6.540262e-03
6.549705e-03
6.559156e-03
6.568613e-03
6.578077e-03
6.587548e-03
6.597025e-03
6.606510e-03
6.616001e-03
6.625499e-03
6.635004e-03
6.644516e-03
6.654034e-03
6.663560e-03
6.673092e-03
6.682631e-03
6.692177e-03
6.701729e-03
6.711289e-03
6.720855e-03
6.730428e-03
6.740008e-03
6.749594e-03
6.759188e-03
6.768788e-03
6.778395e-03
6.788009e-03
6.797630e-03
6.807257e-03
6.816892e-03
6.826533e-03
6.836181e-03
6.845836e-03
6.855497e-03
6.865166e-03
6.874841e-03
6.884523e-03
6.894212e-03
6.903907e-03
6.913610e-03
6.923319e-03
6.933035e-03
6.942758e-03
6.952488e-03
6.962224e-03
6.971968e-03
6.981718e-03
6.991475e-03
7.001238e-03
7.011009e-03
7.020786e-03
7.030571e-03
7.040362e-03
7.050159e-03
7.059964e-03
7.069776e-03
7.079594e-03
7.089419e-03
7.099251e-03
7.109090e-03
7.118935e-03
7.128787e-03
7.138646e-03
7.148512e-03
7.158385e-03
7.168265e-03
7.178151e-03
7.188044e-03
7.197944e-03
7.207851e-03
7.217765e-03
7.227685e-03
7.237613e-03
7.247547e-03
7.257488e-03
7.267435e-03
7.277390e-03
7.287351e-03
7.297319e-03
7.307294e-03
7.317276e-03
7.327264e-03
7.337260e-03
7.347262e-03
7.357271e-03
7.367287e-03
7.377309e-03
7.387339e-03
7.397375e-03
7.407418e-03
7.417468e-03
7.427525e-03
7.437588e-03
7.447659e-03
7.457736e-03
7.467820e-03
7.477910e-03
7.488008e-03
7.498112e-03
7.508224e-03
7.518342e-03
7.528466e-03
7.538598e-03
7.548736e-03
7.558882e-03
7.569034e-03
7.579193e-03
7.589358e-03
7.599531e-03
7.609710e-03
7.619896e-03
7.630089e-03
7.640289e-03
7.650495e-03
7.660709e-03
7.670929e-03
7.681156e-03
7.691390e-03
7.701630e-03
7.711878e-03
7.722132e-03
7.732393e-03
7.742661e-03
7.752936e-03
7.763217e-03
7.773505e-03
7.783801e-03
7.794103e-03
7.804411e-03
7.814727e-03
7.824384e-03
7.834008e-03
7.843598e-03
7.853153e-03
7.862675e-03
7.872163e-03
7.881617e-03
7.891037e-03
7.900422e-03
7.909774e-03
7.919092e-03
7.928376e-03
7.937626e-03
7.946842e-03
7.956024e-03
7.965172e-03
7.974286e-03
7.983366e-03
7.992413e-03
8.001425e-03
8.010403e-03
8.019347e-03
8.028258e-03
8.037134e-03
8.045976e-03
8.054785e-03
8.063559e-03
8.072299e-03
8.081006e-03
8.089678e-03
8.098317e-03
8.106921e-03
8.115492e-03
8.124029e-03
8.132531e-03
8.141000e-03
8.149435e-03
8.157835e-03
8.166202e-03
8.174535e-03
8.182834e-03
8.191099e-03
8.199329e-03
8.207526e-03
8.215689e-03
8.223818e-03
8.231913e-03
8.239974e-03
8.248001e-03
8.255994e-03
8.263953e-03
8.271879e-03
8.279770e-03
8.287627e-03
8.295450e-03
8.303240e-03
8.310995e-03
8.318716e-03
8.326404e-03
8.334057e-03
8.341676e-03
8.349262e-03
8.356813e-03
8.364331e-03
8.371814e-03
8.379264e-03
8.386679e-03
8.394061e-03
8.401409e-03
8.408722e-03
8.416002e-03
8.423248e-03
8.430460e-03
8.437638e-03
8.444781e-03
8.451891e-03
8.458967e-03
8.466009e-03
8.473017e-03
8.479991e-03
8.486931e-03
8.493837e-03
8.500709e-03
8.507547e-03
8.514351e-03
8.521122e-03
8.527858e-03
8.534560e-03
8.541228e-03
8.547863e-03
8.554463e-03
8.561029e-03
8.567562e-03
8.574060e-03
8.580524e-03
8.586955e-03
8.593351e-03
8.599714e-03
8.606043e-03
8.612337e-03
8.618598e-03
8.624824e-03
8.631017e-03
8.637176e-03
8.643301e-03
8.649391e-03
8.655448e-03
8.661471e-03
8.667460e-03
8.673415e-03
8.679336e-03
8.685223e-03
8.691076e-03
8.696895e-03
8.702680e-03
8.708431e-03
8.714148e-03
8.719831e-03
8.725480e-03
8.731095e-03
8.736676e-03
8.742224e-03
8.747737e-03
8.753216e-03
8.758662e-03
8.764073e-03
8.769450e-03
8.774794e-03
8.780103e-03
8.785379e-03
8.790620e-03
8.795828e-03
8.801002e-03
8.806141e-03
8.811247e-03
8.816318e-03
8.821356e-03
8.826360e-03
8.831330e-03
8.836265e-03
8.841167e-03
8.846035e-03
8.850869e-03
8.855669e-03
8.860435e-03
8.865167e-03
8.869865e-03
8.874529e-03
8.879159e-03
8.883755e-03
8.888317e-03
8.892845e-03
8.897340e-03
8.901800e-03
8.906226e-03
8.910618e-03
8.914977e-03
8.919301e-03
8.923591e-03
8.927848e-03
8.932070e-03
8.936259e-03
8.940413e-03
8.944534e-03
8.948620e-03
8.952673e-03
8.956691e-03
8.960676e-03
8.964627e-03
8.968543e-03
8.972426e-03
8.976275e-03
8.980090e-03
8.983870e-03
8.987617e-03
8.991330e-03
8.995009e-03
8.998654e-03
9.002265e-03
9.005842e-03
9.009385e-03
9.012894e-03
9.016369e-03
9.019810e-03
9.023217e-03
9.026591e-03
9.029930e-03
9.033235e-03
9.036506e-03
9.039744e-03
9.042947e-03
9.046116e-03
9.049252e-03
9.052353e-03
9.055420e-03
9.058454e-03
9.061453e-03
9.064419e-03
9.067351e-03
9.070248e-03
9.073112e-03
9.075941e-03
9.078737e-03
9.081499e-03
9.084227e-03
9.086920e-03
9.089580e-03
9.092206e-03
9.094798e-03
9.097356e-03
9.099880e-03
9.102370e-03
9.104826e-03
9.107248e-03
9.109636e-03
9.111990e-03
9.114310e-03
9.116596e-03
9.118848e-03
9.121066e-03
9.123251e-03
9.125401e-03
9.127517e-03
9.129600e-03
9.131648e-03
9.133662e-03
9.135643e-03
9.137589e-03
9.139502e-03
9.141380e-03
9.143225e-03
9.145035e-03
9.146812e-03
9.148554e-03
9.150263e-03
9.151938e-03
9.153578e-03
9.155185e-03
9.156758e-03
9.158297e-03
9.159802e-03
9.161272e-03
9.162709e-03
9.164112e-03
9.165481e-03
9.166816e-03
9.168117e-03
9.169384e-03
9.170617e-03
9.171816e-03
9.172982e-03
9.174113e-03
9.175210e-03
9.176273e-03
9.177302e-03
9.178298e-03
9.179259e-03
9.180186e-03
9.181080e-03
9.181939e-03
9.182765e-03
9.183556e-03
9.184313e-03
9.185037e-03
9.185727e-03
9.186382e-03
9.187004e-03
9.187591e-03
9.188145e-03
9.188665e-03
9.189151e-03
9.189602e-03
9.190020e-03
9.190404e-03
9.190754e-03
9.191070e-03
9.191352e-03
9.191600e-03
9.191813e-03
9.191993e-03
9.192140e-03
9.192252e-03
9.192330e-03
9.192374e-03
9.192384e-03
9.192360e-03
9.192302e-03
9.192211e-03
9.192085e-03
9.191925e-03
9.191732e-03
9.191504e-03
9.191242e-03
9.190947e-03
9.190617e-03
9.190254e-03
9.189856e-03
9.189425e-03
9.188959e-03
9.188460e-03
9.188149e-03
9.188149e-03
9.188149e-03
9.188149e-03
9.188149e-03
9.188149e-03
9.188149e-03
9.188149e-03
9.188149e-03
9.188149e-03
9.188149e-03
9.188149e-03
9.188149e-03
9.188149e-03
9.188149e-03
9.188149e-03
9.188149e-03
9.188149e-03
9.188149e-03
9.188149e-03
9.188149e-03
9.188149e-03
9.188149e-03
9.188149e-03
9.188149e-03
9.188149e-03
9.188149e-03
9.188149e-03
9.188149e-03
9.188149e-03
9.188149e-03
9.188149e-03
9.188149e-03
9.188149e-03
9.188149e-03
9.188149e-03
9.188149e-03
9.188149e-03
9.188149e-03
9.188149e-03
9.188149e-03
9.188149e-03
9.188149e-03
9.188149e-03
9.188149e-03
9.188149e-03
9.188149e-03
9.188149e-03
9.188149e-03
9.188149e-03
9.188149e-03
9.188149e-03
9.188149e-03
9.188149e-03
9.188149e-03
9.188149e-03
9.188149e-03
9.188149e-03
9.188149e-03
9.188149e-03
9.188149e-03
9.188149e-03
9.188149e-03
9.188149e-03
9.188149e-03
9.188149e-03
9.188149e-03
9.188149e-03
9.188149e-03
9.188149e-03
9.188149e-03
9.188149e-03
9.188149e-03
9.188149e-03
9.188149e-03
9.188149e-03
9.188149e-03
9.188149e-03
9.188149e-03
9.188149e-03
9.188149e-03
9.188149e-03
9.188149e-03
9.188149e-03
9.188149e-03
9.188149e-03
9.188149e-03
9.188149e-03
9.188149e-03
9.188149e-03
9.188149e-03
9.188149e-03
9.188149e-03
9.188149e-03
9.188149e-03
9.188149e-03
9.188149e-03
9.188149e-03
9.188149e-03
9.188149e-03
9.188149e-03
9.188149e-03
9.188149e-03
9.188149e-03
9.188149e-03
9.188149e-03
9.188149e-03
9.188149e-03
9.188149e-03
9.188149e-03
9.188149e-03
9.188149e-03
9.188149e-03
9.188149e-03
9.188149e-03
9.188149e-03
9.188149e-03
9.188149e-03
9.188149e-03
9.188149e-03
9.188149e-03
9.188149e-03
9.188149e-03
9.188149e-03
9.188149e-03
9.188149e-03
9.188149e-03
9.188149e-03
9.188149e-03
9.188149e-03
9.188149e-03
9.188149e-03
9.188149e-03
9.188149e-03
9.188149e-03
9.188149e-03
9.188149e-03
9.188149e-03
9.188149e-03
9.188149e-03
9.188149e-03
9.188149e-03
9.188149e-03
9.188149e-03
9.188149e-03
9.188149e-03
9.188149e-03
9.188149e-03
9.188149e-03
9.188149e-03
9.188149e-03
9.188149e-03
9.188149e-03
9.188149e-03
9.188149e-03
9.188149e-03
9.188149e-03
9.188149e-03
9.188149e-03
9.188149e-03
9.188149e-03
9.188149e-03
9.188149e-03
9.188149e-03
9.188149e-03
9.188149e-03
9.188149e-03
9.188149e-03
9.188149e-03
9.188149e-03
9.188149e-03
9.188149e-03
9.188149e-03
9.188149e-03
9.188149e-03
9.188149e-03
9.188149e-03
9.188149e-03
9.188149e-03
9.188149e-03
9.188149e-03
9.188149e-03
9.188149e-03
9.188149e-03
9.188149e-03
9.188149e-03
9.188149e-03
9.188149e-03
9.188149e-03
9.188149e-03
9.188149e-03
9.188149e-03
9.188149e-03
9.188149e-03
9.188149e-03
9.188149e-03
9.188149e-03
9.188149e-03
9.188149e-03
9.188149e-03
9.188149e-03
