0.000000e+00
1.110371e-07
2.325494e-07
3.645368e-07
5.069995e-07
6.599374e-07
8.233505e-07
9.972387e-07
1.181602e-06
1.376441e-06
1.581755e-06
1.797544e-06
2.023808e-06
2.260547e-06
2.507762e-06
2.765452e-06
3.033617e-06
3.312257e-06
3.601373e-06
3.900963e-06
4.211029e-06
4.531570e-06
4.862586e-06
5.204078e-06
5.556044e-06
5.918486e-06
6.291403e-06
6.674795e-06
7.068663e-06
7.473005e-06
7.887823e-06
8.313116e-06
8.748884e-06
9.195128e-06
9.651846e-06
1.011904e-05
1.059671e-05
1.108485e-05
1.158347e-05
1.209257e-05
1.261214e-05
1.314218e-05
1.368270e-05
1.423370e-05
1.479517e-05
1.536711e-05
1.594953e-05
1.654243e-05
1.714580e-05
1.775965e-05
1.838397e-05
1.901877e-05
1.966404e-05
2.031979e-05
2.098601e-05
2.166271e-05
2.234988e-05
2.304753e-05
2.375565e-05
2.447425e-05
2.520332e-05
2.594287e-05
2.669290e-05
2.745340e-05
2.822437e-05
2.900582e-05
2.979774e-05
3.060014e-05
3.141302e-05
3.223637e-05
3.307020e-05
3.391450e-05
3.476927e-05
3.563452e-05
3.651025e-05
3.739645e-05
3.829313e-05
3.920028e-05
4.011791e-05
4.104601e-05
4.198459e-05
4.293364e-05
4.389317e-05
4.486317e-05
4.584365e-05
4.683461e-05
4.783603e-05
4.884794e-05
4.987032e-05
5.090317e-05
5.194650e-05
5.300031e-05
5.406459e-05
5.513934e-05
5.622457e-05
5.732028e-05
5.842646e-05
5.954311e-05
6.067024e-05
6.180785e-05
6.295593e-05
6.411449e-05
6.528352e-05
6.646303e-05
6.765301e-05
6.885347e-05
7.006440e-05
7.128581e-05
7.251769e-05
7.376005e-05
7.501288e-05
7.627619e-05
7.754998e-05
7.883424e-05
8.012897e-05
8.143418e-05
8.274986e-05
8.407602e-05
8.541266e-05
8.675977e-05
8.811736e-05
8.948542e-05
9.086395e-05
9.225296e-05
9.365245e-05
9.506241e-05
9.648285e-05
9.791376e-05
9.935515e-05
1.008070e-04
1.022693e-04
1.037422e-04
1.052254e-04
1.067192e-04
1.082234e-04
1.097382e-04
1.112634e-04
1.127990e-04
1.143452e-04
1.159018e-04
1.174689e-04
1.190464e-04
1.206345e-04
1.222330e-04
1.238420e-04
1.254614e-04
1.270914e-04
1.287318e-04
1.303827e-04
1.320440e-04
1.337159e-04
1.353982e-04
1.370910e-04
1.387943e-04
1.405080e-04
1.422322e-04
1.439669e-04
1.457121e-04
1.474677e-04
1.492338e-04
1.510104e-04
1.527975e-04
1.545950e-04
1.564031e-04
1.582216e-04
1.600505e-04
1.618900e-04
1.637399e-04
1.656003e-04
1.674712e-04
1.693525e-04
1.712443e-04
1.731466e-04
1.750594e-04
1.769826e-04
1.789164e-04
1.808606e-04
1.828152e-04
1.847804e-04
1.867560e-04
1.887421e-04
1.907387e-04
1.927457e-04
1.947632e-04
1.967912e-04
1.988297e-04
2.008787e-04
2.029381e-04
2.050080e-04
2.070884e-04
2.091792e-04
2.112805e-04
2.133923e-04
2.155146e-04
2.176474e-04
2.197906e-04
2.219443e-04
2.241085e-04
2.262831e-04
2.284682e-04
2.306638e-04
2.328699e-04
2.350865e-04
2.373135e-04
2.395510e-04
2.417990e-04
2.440574e-04
2.463263e-04
2.486058e-04
2.508956e-04
2.531960e-04
2.555068e-04
2.578281e-04
2.601599e-04
2.625021e-04
2.648549e-04
2.672181e-04
2.695918e-04
2.719759e-04
2.743705e-04
2.767757e-04
2.791912e-04
2.816173e-04
2.840538e-04
2.865008e-04
2.889583e-04
2.914263e-04
2.939047e-04
2.963936e-04
2.988930e-04
3.014028e-04
3.039232e-04
3.064540e-04
3.089953e-04
3.115470e-04
3.141093e-04
3.166820e-04
3.192651e-04
3.218588e-04
3.244629e-04
3.270775e-04
3.297026e-04
3.323382e-04
3.349842e-04
3.376407e-04
3.403077e-04
3.429852e-04
3.456731e-04
3.483715e-04
3.510804e-04
3.537998e-04
3.565296e-04
3.592699e-04
3.620207e-04
3.647820e-04
3.675537e-04
3.703359e-04
3.731286e-04
3.759318e-04
3.787454e-04
3.815695e-04
3.844041e-04
3.872492e-04
3.901047e-04
3.929707e-04
3.958472e-04
3.987342e-04
4.016316e-04
4.045395e-04
4.074579e-04
4.103868e-04
4.133261e-04
4.162759e-04
4.192362e-04
4.222070e-04
4.251882e-04
4.281800e-04
4.311821e-04
4.341948e-04
4.372180e-04
4.402516e-04
4.432957e-04
4.463502e-04
4.494153e-04
4.524908e-04
4.555768e-04
4.586733e-04
4.617802e-04
4.648976e-04
4.680255e-04
4.711639e-04
4.743127e-04
4.774720e-04
4.806418e-04
4.838221e-04
4.870129e-04
4.902141e-04
4.934258e-04
4.966479e-04
4.998806e-04
5.031237e-04
5.063773e-04
5.096414e-04
5.129159e-04
5.162009e-04
5.194964e-04
5.228024e-04
5.261189e-04
5.294458e-04
5.327832e-04
5.361310e-04
5.394894e-04
5.428582e-04
5.462375e-04
5.496273e-04
5.530275e-04
5.564383e-04
5.598595e-04
5.632911e-04
5.667333e-04
5.701859e-04
5.736490e-04
5.771226e-04
5.806066e-04
5.841012e-04
5.876062e-04
5.911216e-04
5.946476e-04
5.981840e-04
6.017309e-04
6.052883e-04
6.088562e-04
6.124345e-04
6.160233e-04
6.196226e-04
6.232323e-04
6.268525e-04
6.304832e-04
6.341244e-04
6.377761e-04
6.414382e-04
6.451108e-04
6.487939e-04
6.524874e-04
6.561915e-04
6.599060e-04
6.636310e-04
6.673664e-04
6.711123e-04
6.748687e-04
6.786356e-04
6.824130e-04
6.862008e-04
6.899991e-04
6.938079e-04
6.976272e-04
7.014569e-04
7.052971e-04
7.091478e-04
7.130089e-04
7.168806e-04
7.207627e-04
7.246553e-04
7.285583e-04
7.324719e-04
7.363959e-04
7.403303e-04
7.442753e-04
7.482307e-04
7.521966e-04
7.561730e-04
7.601599e-04
7.641572e-04
7.681650e-04
7.721833e-04
7.762121e-04
7.802513e-04
7.843010e-04
7.883612e-04
7.924319e-04
7.965130e-04
8.006046e-04
8.047067e-04
8.088193e-04
8.129423e-04
8.170758e-04
8.212198e-04
8.253743e-04
8.295392e-04
8.337146e-04
8.379005e-04
8.420969e-04
8.463037e-04
8.505210e-04
8.547488e-04
8.589871e-04
8.632358e-04
8.674950e-04
8.717647e-04
8.760449e-04
8.803355e-04
8.846367e-04
8.889482e-04
8.932703e-04
8.976029e-04
9.019459e-04
9.062994e-04
9.106633e-04
9.150378e-04
9.194227e-04
9.238181e-04
9.282240e-04
9.326403e-04
9.370671e-04
9.415044e-04
9.459522e-04
9.504104e-04
9.548791e-04
9.593583e-04
9.638480e-04
9.683481e-04
9.728588e-04
9.773799e-04
9.819114e-04
9.864535e-04
9.910060e-04
9.955690e-04
1.000142e-03
1.004726e-03
1.009321e-03
1.013926e-03
1.018541e-03
1.023167e-03
1.027803e-03
1.032450e-03
1.037107e-03
1.041775e-03
1.046453e-03
1.051142e-03
1.055841e-03
1.060551e-03
1.065271e-03
1.070002e-03
1.074743e-03
1.079494e-03
1.084256e-03
1.089029e-03
1.093812e-03
1.098605e-03
1.103409e-03
1.108223e-03
1.113048e-03
1.117884e-03
1.122730e-03
1.127586e-03
1.132453e-03
1.137330e-03
1.142218e-03
1.147116e-03
1.152024e-03
1.156944e-03
1.161873e-03
1.166813e-03
1.171764e-03
1.176725e-03
1.181696e-03
1.186678e-03
1.191671e-03
1.196674e-03
1.201687e-03
1.206711e-03
1.211746e-03
1.216790e-03
1.221846e-03
1.226912e-03
1.231988e-03
1.237075e-03
1.242172e-03
1.247280e-03
1.252398e-03
1.257526e-03
1.262666e-03
1.267815e-03
1.272975e-03
1.278146e-03
1.283327e-03
1.288518e-03
1.293720e-03
1.298933e-03
1.304156e-03
1.309389e-03
1.314633e-03
1.319887e-03
1.325152e-03
1.330428e-03
1.335713e-03
1.341010e-03
1.346316e-03
1.351634e-03
1.356961e-03
1.362299e-03
1.367648e-03
1.373007e-03
1.378377e-03
1.383757e-03
1.389147e-03
1.394548e-03
1.399960e-03
1.405382e-03
1.410814e-03
1.416257e-03
1.421710e-03
1.427174e-03
1.432649e-03
1.438133e-03
1.443629e-03
1.449135e-03
1.454651e-03
1.460177e-03
1.465715e-03
1.471262e-03
1.476820e-03
1.482389e-03
1.487968e-03
1.493558e-03
1.499158e-03
1.504768e-03
1.510389e-03
1.516021e-03
1.521663e-03
1.527315e-03
1.532978e-03
1.538651e-03
1.544335e-03
1.550030e-03
1.555734e-03
1.561450e-03
1.567175e-03
1.572912e-03
1.578658e-03
1.584415e-03
1.590183e-03
1.595961e-03
1.601750e-03
1.607549e-03
1.613358e-03
1.619178e-03
1.625009e-03
1.630850e-03
1.636701e-03
1.642563e-03
1.648436e-03
1.654319e-03
1.660212e-03
1.666116e-03
1.672030e-03
1.677955e-03
1.683890e-03
1.689836e-03
1.695792e-03
1.701759e-03
1.707736e-03
1.713723e-03
1.719721e-03
1.725730e-03
1.731749e-03
1.737779e-03
1.743819e-03
1.749869e-03
1.755930e-03
1.762001e-03
1.768083e-03
1.774176e-03
1.780279e-03
1.786392e-03
1.792516e-03
1.798650e-03
1.804795e-03
1.810950e-03
1.817116e-03
1.823292e-03
1.829478e-03
1.835676e-03
1.841883e-03
1.848101e-03
1.854330e-03
1.860569e-03
1.866818e-03
1.873078e-03
1.879349e-03
1.885630e-03
1.891921e-03
1.898223e-03
1.904535e-03
1.910858e-03
1.917191e-03
1.923535e-03
1.929890e-03
1.936254e-03
1.942629e-03
1.949015e-03
1.955411e-03
1.961818e-03
1.968235e-03
1.974663e-03
1.981101e-03
1.987549e-03
1.994008e-03
2.000478e-03
2.006958e-03
2.013448e-03
2.019949e-03
2.026460e-03
2.032982e-03
2.039515e-03
2.046057e-03
2.052611e-03
2.059174e-03
2.065749e-03
2.072333e-03
2.078929e-03
2.085534e-03
2.092150e-03
2.098777e-03
2.105414e-03
2.112062e-03
2.118720e-03
2.125388e-03
2.132067e-03
2.138757e-03
2.145456e-03
2.152167e-03
2.158888e-03
2.165619e-03
2.172361e-03
2.179113e-03
2.185876e-03
2.192649e-03
2.199433e-03
2.206227e-03
2.213032e-03
2.219847e-03
2.226673e-03
2.233509e-03
2.240355e-03
2.247213e-03
2.254080e-03
2.260958e-03
2.267847e-03
2.274746e-03
2.281655e-03
2.288575e-03
2.295505e-03
2.302446e-03
2.309398e-03
2.316359e-03
2.323332e-03
2.330314e-03
2.337308e-03
2.344311e-03
2.351326e-03
2.358350e-03
2.365385e-03
2.372431e-03
2.379487e-03
2.386554e-03
2.393631e-03
2.400718e-03
2.407816e-03
2.414925e-03
2.422044e-03
2.429173e-03
2.436313e-03
2.443463e-03
2.450624e-03
2.457795e-03
2.464977e-03
2.472169e-03
2.479372e-03
2.486585e-03
2.493809e-03
2.501043e-03
2.508288e-03
2.515543e-03
2.522809e-03
2.530085e-03
2.537371e-03
2.544668e-03
2.551976e-03
2.559294e-03
2.566622e-03
2.573961e-03
2.581311e-03
2.588670e-03
2.596041e-03
2.603422e-03
2.610813e-03
2.618215e-03
2.625627e-03
2.633050e-03
2.640483e-03
2.647927e-03
2.655381e-03
2.662845e-03
2.670320e-03
2.677806e-03
2.685302e-03
2.692809e-03
2.700326e-03
2.707853e-03
2.715391e-03
2.722939e-03
2.730498e-03
2.738068e-03
2.745648e-03
2.753238e-03
2.760839e-03
2.768450e-03
2.776072e-03
2.783704e-03
2.791347e-03
2.799000e-03
2.806663e-03
2.814338e-03
2.822022e-03
2.829717e-03
2.837423e-03
2.845139e-03
2.852865e-03
2.860602e-03
2.868350e-03
2.876108e-03
2.883876e-03
2.891655e-03
2.899444e-03
2.907244e-03
2.915055e-03
2.922875e-03
2.930707e-03
2.938548e-03
2.946401e-03
2.954263e-03
2.962136e-03
2.970020e-03
2.977914e-03
2.985819e-03
2.993734e-03
3.001659e-03
3.009595e-03
3.017542e-03
3.025499e-03
3.033466e-03
3.041444e-03
3.049432e-03
3.057431e-03
3.065441e-03
3.073460e-03
3.081491e-03
3.089532e-03
3.097583e-03
3.105644e-03
3.113717e-03
3.121799e-03
3.129892e-03
3.137996e-03
3.146110e-03
3.154235e-03
3.162370e-03
3.170515e-03
3.178671e-03
3.186838e-03
3.195015e-03
3.203202e-03
3.211400e-03
3.219608e-03
3.227827e-03
3.236056e-03
3.244296e-03
3.252547e-03
3.260807e-03
3.269078e-03
3.277360e-03
3.285652e-03
3.293955e-03
3.302268e-03
3.310592e-03
3.318926e-03
3.327270e-03
3.335625e-03
3.343991e-03
3.352367e-03
3.360753e-03
3.369150e-03
3.377558e-03
3.385975e-03
3.394404e-03
3.402843e-03
3.411292e-03
3.419752e-03
3.428222e-03
3.436703e-03
3.445194e-03
3.453695e-03
3.462208e-03
3.470730e-03
3.479263e-03
3.487807e-03
3.496361e-03
3.504925e-03
3.513500e-03
3.522086e-03
3.530682e-03
3.539288e-03
3.547905e-03
3.556533e-03
3.565170e-03
3.573819e-03
3.582478e-03
3.591147e-03
3.599827e-03
3.608517e-03
3.617217e-03
3.625929e-03
3.634650e-03
3.643382e-03
3.652125e-03
3.660878e-03
3.669642e-03
3.678416e-03
3.687200e-03
3.695995e-03
3.704801e-03
3.713616e-03
3.722443e-03
3.731280e-03
3.740127e-03
3.748985e-03
3.757853e-03
3.766732e-03
3.775621e-03
3.784521e-03
3.793431e-03
3.802352e-03
3.811283e-03
3.820225e-03
3.829177e-03
3.838139e-03
3.847112e-03
3.856096e-03
3.865090e-03
3.874094e-03
3.883109e-03
3.892135e-03
3.901171e-03
3.910217e-03
3.919274e-03
3.928341e-03
3.937419e-03
3.946507e-03
3.955606e-03
3.964715e-03
3.973835e-03
3.982965e-03
3.992106e-03
4.001257e-03
4.010419e-03
4.019591e-03
4.028773e-03
4.037966e-03
4.047170e-03
4.056384e-03
4.065608e-03
4.074843e-03
4.084089e-03
4.093344e-03
4.102611e-03
4.111888e-03
4.121175e-03
4.130473e-03
4.139781e-03
4.149100e-03
4.158429e-03
4.167769e-03
4.177119e-03
4.186479e-03
4.195851e-03
4.205232e-03
4.214624e-03
4.224027e-03
4.233440e-03
4.242863e-03
4.252297e-03
4.261742e-03
4.271197e-03
4.280662e-03
4.290138e-03
4.299624e-03
4.309121e-03
4.318628e-03
4.328146e-03
4.337674e-03
4.347213e-03
4.356762e-03
4.366322e-03
4.375892e-03
4.385473e-03
4.395064e-03
4.404665e-03
4.414277e-03
4.423900e-03
4.433533e-03
4.443176e-03
4.452830e-03
4.462495e-03
4.472169e-03
4.481855e-03
4.491551e-03
4.501257e-03
4.510974e-03
4.520701e-03
4.530439e-03
4.540187e-03
4.549946e-03
4.559715e-03
4.569495e-03
4.579285e-03
4.589085e-03
4.598896e-03
4.608718e-03
4.618550e-03
4.628392e-03
4.638245e-03
4.648109e-03
4.657983e-03
4.667867e-03
4.677762e-03
4.687667e-03
4.697583e-03
4.707509e-03
4.717446e-03
4.727393e-03
4.737351e-03
4.747319e-03
4.757298e-03
4.767287e-03
4.777287e-03
4.787297e-03
4.797318e-03
4.807349e-03
4.817390e-03
4.827442e-03
4.837505e-03
4.847578e-03
4.857661e-03
4.867755e-03
4.877859e-03
4.887974e-03
4.898099e-03
4.908235e-03
4.918381e-03
4.928538e-03
4.938705e-03
4.948883e-03
4.959071e-03
4.969270e-03
4.979479e-03
4.989699e-03
4.999929e-03
5.010169e-03
5.020420e-03
5.030682e-03
5.040954e-03
5.051236e-03
5.061529e-03
5.071833e-03
5.082146e-03
5.092471e-03
5.102806e-03
5.113151e-03
5.123507e-03
5.133873e-03
5.144250e-03
5.154637e-03
5.165035e-03
5.175443e-03
5.185861e-03
5.196291e-03
5.206730e-03
5.217180e-03
5.227641e-03
5.238112e-03
5.248593e-03
5.259085e-03
5.269588e-03
5.280100e-03
5.290624e-03
5.301158e-03
5.311702e-03
5.322257e-03
5.332822e-03
5.343398e-03
5.353984e-03
5.364581e-03
5.375188e-03
5.385806e-03
5.396434e-03
5.407072e-03
5.417722e-03
5.428381e-03
5.439051e-03
5.449732e-03
5.460423e-03
5.471124e-03
5.481836e-03
5.492558e-03
5.503291e-03
5.514035e-03
5.524789e-03
5.535553e-03
5.546328e-03
5.557113e-03
5.567909e-03
5.578715e-03
5.589532e-03
5.600359e-03
5.611196e-03
5.622044e-03
5.632903e-03
5.643772e-03
5.654652e-03
5.665542e-03
5.676442e-03
5.687353e-03
5.698275e-03
5.709206e-03
5.720149e-03
5.731102e-03
5.742065e-03
5.753039e-03
5.764023e-03
5.775018e-03
5.786023e-03
5.797039e-03
5.808065e-03
5.819102e-03
5.830149e-03
5.841206e-03
5.852275e-03
5.863353e-03
5.874442e-03
5.885542e-03
5.896652e-03
5.907772e-03
5.918903e-03
5.930045e-03
5.941196e-03
5.952359e-03
5.963532e-03
5.974715e-03
5.985909e-03
5.997113e-03
6.008328e-03
6.019553e-03
6.030789e-03
6.042035e-03
6.053292e-03
6.064559e-03
6.075836e-03
6.087124e-03
6.098423e-03
6.109732e-03
6.121051e-03
6.132381e-03
6.143722e-03
6.155073e-03
6.166434e-03
6.177806e-03
6.189188e-03
6.200581e-03
6.211984e-03
6.223398e-03
6.234822e-03
6.246257e-03
6.257702e-03
6.269158e-03
6.280624e-03
6.292101e-03
6.303588e-03
6.315086e-03
6.326594e-03
6.338112e-03
6.349641e-03
6.361181e-03
6.372731e-03
6.384291e-03
6.395862e-03
6.407443e-03
6.419035e-03
6.430637e-03
6.442250e-03
6.453874e-03
6.465507e-03
6.477152e-03
6.488806e-03
6.500471e-03
6.512147e-03
6.523833e-03
6.535530e-03
6.547237e-03
6.558954e-03
6.570682e-03
6.582421e-03
6.594170e-03
6.605929e-03
6.617699e-03
6.629480e-03
6.641271e-03
6.653072e-03
6.664884e-03
6.676706e-03
6.688539e-03
6.700382e-03
6.712236e-03
6.724100e-03
6.735975e-03
6.747860e-03
6.759756e-03
6.771662e-03
6.783578e-03
6.795505e-03
6.807443e-03
6.819391e-03
6.831349e-03
6.843318e-03
6.855298e-03
6.867288e-03
6.879288e-03
6.891299e-03
6.903320e-03
6.915352e-03
6.927394e-03
6.939447e-03
6.951510e-03
6.963584e-03
6.975668e-03
6.987763e-03
6.999868e-03
7.011984e-03
7.024110e-03
7.036246e-03
7.048393e-03
7.060551e-03
7.072719e-03
7.084897e-03
7.097086e-03
7.109286e-03
7.121496e-03
7.133716e-03
7.145947e-03
7.158188e-03
7.170440e-03
7.182702e-03
7.194975e-03
7.207258e-03
7.219552e-03
7.231856e-03
7.244171e-03
7.256496e-03
7.268831e-03
7.281177e-03
7.293534e-03
7.305901e-03
7.318278e-03
7.330666e-03
7.343065e-03
7.355474e-03
7.367893e-03
7.380323e-03
7.392763e-03
7.405214e-03
7.417675e-03
7.430147e-03
7.442629e-03
7.455122e-03
7.467625e-03
7.480139e-03
7.492663e-03
7.505198e-03
7.517743e-03
7.530298e-03
7.542865e-03
7.555441e-03
7.568028e-03
7.580625e-03
7.593233e-03
7.605852e-03
7.618481e-03
7.631120e-03
7.643770e-03
7.656430e-03
7.669101e-03
7.681782e-03
7.694474e-03
7.707176e-03
7.719889e-03
7.732612e-03
7.745346e-03
7.758090e-03
7.770845e-03
7.783610e-03
7.796385e-03
7.809171e-03
7.821968e-03
7.834775e-03
7.847592e-03
7.860420e-03
7.873258e-03
7.886107e-03
7.898967e-03
7.911837e-03
7.924717e-03
7.937608e-03
7.950509e-03
7.963421e-03
7.976343e-03
7.989275e-03
8.002219e-03
8.015172e-03
8.028136e-03
8.041111e-03
8.054096e-03
8.067092e-03
8.080098e-03
8.093114e-03
8.106141e-03
8.119178e-03
8.132226e-03
8.145285e-03
8.158354e-03
8.171433e-03
8.184523e-03
8.197623e-03
8.210734e-03
8.223855e-03
8.236987e-03
8.250129e-03
8.263282e-03
8.276445e-03
8.289618e-03
8.302802e-03
8.315997e-03
8.329202e-03
8.342417e-03
8.355643e-03
8.368880e-03
8.382127e-03
8.395384e-03
8.408652e-03
8.421930e-03
8.435219e-03
8.448519e-03
8.461828e-03
8.475149e-03
8.488479e-03
8.501821e-03
8.515172e-03
8.528534e-03
8.541907e-03
8.555290e-03
8.568684e-03
8.582088e-03
8.595502e-03
8.608927e-03
8.622363e-03
8.635809e-03
8.649265e-03
8.662732e-03
8.676210e-03
8.689697e-03
8.703196e-03
8.716705e-03
8.730224e-03
8.743754e-03
8.757294e-03
8.770845e-03
8.784406e-03
8.797977e-03
8.811560e-03
8.825152e-03
8.838755e-03
8.852369e-03
8.865993e-03
8.879627e-03
8.893272e-03
8.906928e-03
8.920594e-03
8.934270e-03
8.947957e-03
8.961654e-03
8.975362e-03
8.989081e-03
9.002809e-03
9.016549e-03
9.030298e-03
9.044059e-03
9.057829e-03
9.071611e-03
9.085402e-03
9.099204e-03
9.113017e-03
9.126840e-03
9.140674e-03
9.154518e-03
9.168372e-03
9.182237e-03
9.196112e-03
9.209998e-03
9.223895e-03
9.237802e-03
9.251719e-03
9.265647e-03
9.279585e-03
9.293534e-03
9.307493e-03
9.321463e-03
9.335443e-03
9.349434e-03
9.363435e-03
9.377446e-03
9.391469e-03
9.405501e-03
9.419544e-03
9.433598e-03
9.447662e-03
9.461736e-03
9.475821e-03
9.489917e-03
9.504022e-03
9.518139e-03
9.532266e-03
9.546403e-03
9.560551e-03
9.574709e-03
9.588878e-03
9.603057e-03
9.617247e-03
9.631447e-03
9.645658e-03
9.659879e-03
9.674110e-03
9.688352e-03
9.702605e-03
9.716868e-03
9.731142e-03
9.745425e-03
9.759720e-03
9.774025e-03
9.788340e-03
9.802666e-03
9.817003e-03
9.831349e-03
9.845707e-03
9.860074e-03
9.874453e-03
9.888841e-03
9.903241e-03
9.917650e-03
9.932070e-03
9.946501e-03
9.960942e-03
9.975394e-03
9.989856e-03
1.000433e-02
1.001881e-02
1.003330e-02
1.004781e-02
1.006232e-02
1.007685e-02
1.009138e-02
1.010593e-02
1.012049e-02
1.013505e-02
1.014963e-02
1.016422e-02
1.017882e-02
1.019342e-02
1.020804e-02
1.022267e-02
1.023731e-02
1.025196e-02
1.026663e-02
1.028130e-02
1.029598e-02
1.031067e-02
1.032537e-02
1.034009e-02
1.035481e-02
1.036955e-02
1.038429e-02
1.039905e-02
1.041381e-02
1.042859e-02
1.044338e-02
1.045817e-02
1.047298e-02
1.048780e-02
1.050263e-02
1.051747e-02
1.053232e-02
1.054718e-02
1.056205e-02
1.057693e-02
1.059182e-02
1.060672e-02
1.062163e-02
1.063656e-02
1.065149e-02
1.066643e-02
1.068139e-02
1.069635e-02
1.071133e-02
1.072631e-02
1.074131e-02
1.075632e-02
1.077133e-02
1.078636e-02
1.080140e-02
1.081645e-02
1.083151e-02
1.084658e-02
1.086166e-02
1.087675e-02
1.089185e-02
1.090696e-02
1.092208e-02
1.093722e-02
1.095236e-02
1.096751e-02
1.098268e-02
1.099785e-02
1.101304e-02
1.102823e-02
1.104344e-02
1.105865e-02
1.107388e-02
1.108912e-02
1.110436e-02
1.111962e-02
1.113489e-02
1.115017e-02
1.116546e-02
1.118076e-02
1.119607e-02
1.121139e-02
1.122672e-02
1.124207e-02
1.125742e-02
1.127278e-02
1.128815e-02
1.130354e-02
1.131893e-02
1.133434e-02
1.134975e-02
1.136518e-02
1.138061e-02
1.139606e-02
1.141152e-02
1.142699e-02
1.144246e-02
1.145795e-02
1.147345e-02
1.148896e-02
1.150448e-02
1.152001e-02
1.153555e-02
1.155110e-02
1.156667e-02
1.158224e-02
1.159782e-02
1.161341e-02
1.162902e-02
1.164463e-02
1.166026e-02
1.167589e-02
1.169154e-02
1.170720e-02
1.172286e-02
1.173854e-02
1.175423e-02
1.176992e-02
1.178563e-02
1.180135e-02
1.181708e-02
1.183282e-02
1.184857e-02
1.186433e-02
1.188011e-02
1.189589e-02
1.191168e-02
1.192748e-02
1.194263e-02
1.195773e-02
1.197277e-02
1.198776e-02
1.200270e-02
1.201759e-02
1.203243e-02
1.204721e-02
1.206194e-02
1.207662e-02
1.209124e-02
1.210582e-02
1.212034e-02
1.213481e-02
1.214923e-02
1.216359e-02
1.217790e-02
1.219217e-02
1.220637e-02
1.222053e-02
1.223463e-02
1.224869e-02
1.226268e-02
1.227663e-02
1.229053e-02
1.230437e-02
1.231816e-02
1.233190e-02
1.234558e-02
1.235922e-02
1.237280e-02
1.238633e-02
1.239981e-02
1.241323e-02
1.242660e-02
1.243992e-02
1.245319e-02
1.246641e-02
1.247957e-02
1.249268e-02
1.250574e-02
1.251875e-02
1.253170e-02
1.254461e-02
1.255746e-02
1.257025e-02
1.258300e-02
1.259569e-02
1.260833e-02
1.262092e-02
1.263346e-02
1.264594e-02
1.265838e-02
1.267076e-02
1.268308e-02
1.269536e-02
1.270758e-02
1.271975e-02
1.273187e-02
1.274394e-02
1.275595e-02
1.276792e-02
1.277983e-02
1.279168e-02
1.280349e-02
1.281524e-02
1.282694e-02
1.283859e-02
1.285019e-02
1.286173e-02
1.287323e-02
1.288467e-02
1.289605e-02
1.290739e-02
1.291867e-02
1.292990e-02
1.294108e-02
1.295221e-02
1.296328e-02
1.297430e-02
1.298527e-02
1.299619e-02
1.300706e-02
1.301787e-02
1.302863e-02
1.303934e-02
1.304999e-02
1.306060e-02
1.307115e-02
1.308165e-02
1.309210e-02
1.310249e-02
1.311283e-02
1.312312e-02
1.313336e-02
1.314355e-02
1.315368e-02
1.316376e-02
1.317379e-02
1.318377e-02
1.319370e-02
1.320357e-02
1.321339e-02
1.322316e-02
1.323287e-02
1.324254e-02
1.325215e-02
1.326171e-02
1.327122e-02
1.328067e-02
1.329007e-02
1.329942e-02
1.330872e-02
1.331797e-02
1.332716e-02
1.333630e-02
1.334539e-02
1.335443e-02
1.336341e-02
1.337234e-02
1.338123e-02
1.339005e-02
1.339883e-02
1.340755e-02
1.341622e-02
1.342484e-02
1.343341e-02
1.344192e-02
1.345039e-02
1.345880e-02
1.346715e-02
1.347546e-02
1.348371e-02
1.349191e-02
1.350006e-02
1.350816e-02
1.351620e-02
1.352420e-02
1.353214e-02
1.354002e-02
1.354786e-02
1.355564e-02
1.356337e-02
1.357105e-02
1.357868e-02
1.358625e-02
1.359378e-02
1.360124e-02
1.360866e-02
1.361603e-02
1.362334e-02
1.363060e-02
1.363781e-02
1.364497e-02
1.365207e-02
1.365912e-02
1.366612e-02
1.367307e-02
1.367997e-02
1.368681e-02
1.369360e-02
1.370034e-02
1.370702e-02
1.371366e-02
1.372024e-02
1.372677e-02
1.373325e-02
1.373967e-02
1.374604e-02
1.375236e-02
1.375863e-02
1.376485e-02
1.377101e-02
1.377712e-02
1.378318e-02
1.378919e-02
1.379515e-02
1.380105e-02
1.380690e-02
1.381270e-02
1.381844e-02
1.382414e-02
1.382978e-02
1.383537e-02
1.384091e-02
1.384639e-02
1.385182e-02
1.385720e-02
1.386253e-02
1.386781e-02
1.387303e-02
1.387820e-02
1.388332e-02
1.388839e-02
1.389340e-02
1.389837e-02
1.390328e-02
1.390813e-02
1.391294e-02
1.391769e-02
1.392239e-02
1.392704e-02
1.393164e-02
1.393618e-02
1.394068e-02
1.394512e-02
1.394950e-02
1.395384e-02
1.395812e-02
1.396235e-02
1.396653e-02
1.397066e-02
1.397473e-02
1.397876e-02
1.398273e-02
1.398664e-02
1.399051e-02
1.399432e-02
1.399808e-02
1.400179e-02
1.400545e-02
1.400905e-02
1.401261e-02
1.401611e-02
1.401955e-02
1.402295e-02
1.402629e-02
1.402958e-02
1.403282e-02
1.403601e-02
1.403914e-02
1.404222e-02
1.404525e-02
1.404823e-02
1.405116e-02
1.405403e-02
1.405685e-02
1.405962e-02
1.406233e-02
1.406500e-02
1.406761e-02
1.407017e-02
1.407268e-02
1.407513e-02
1.407753e-02
1.407989e-02
1.408218e-02
1.408443e-02
1.408662e-02
1.408877e-02
1.409085e-02
1.409289e-02
1.409488e-02
1.409681e-02
1.409869e-02
1.410052e-02
1.410229e-02
1.410402e-02
1.410569e-02
1.410731e-02
1.410888e-02
1.411039e-02
1.411185e-02
1.411326e-02
1.411462e-02
1.411593e-02
1.411718e-02
1.411838e-02
1.411953e-02
1.412063e-02
1.412167e-02
1.412267e-02
1.412361e-02
1.412449e-02
1.412533e-02
1.412611e-02
1.412684e-02
1.412752e-02
1.412815e-02
1.412872e-02
1.412925e-02
1.412972e-02
1.413013e-02
1.413050e-02
1.413081e-02
1.413107e-02
1.413128e-02
1.413144e-02
1.413154e-02
1.413160e-02
1.413160e-02
1.413154e-02
1.413144e-02
1.413128e-02
1.413107e-02
1.413081e-02
1.413050e-02
1.413013e-02
1.412972e-02
1.412925e-02
1.412895e-02
1.412895e-02
1.412895e-02
1.412895e-02
1.412895e-02
1.412895e-02
1.412895e-02
1.412895e-02
1.412895e-02
1.412895e-02
1.412895e-02
1.412895e-02
1.412895e-02
1.412895e-02
1.412895e-02
1.412895e-02
1.412895e-02
1.412895e-02
1.412895e-02
1.412895e-02
1.412895e-02
1.412895e-02
1.412895e-02
1.412895e-02
1.412895e-02
1.412895e-02
1.412895e-02
1.412895e-02
1.412895e-02
1.412895e-02
1.412895e-02
1.412895e-02
1.412895e-02
1.412895e-02
1.412895e-02
1.412895e-02
1.412895e-02
1.412895e-02
1.412895e-02
1.412895e-02
1.412895e-02
1.412895e-02
1.412895e-02
1.412895e-02
1.412895e-02
1.412895e-02
1.412895e-02
1.412895e-02
1.412895e-02
1.412895e-02
1.412895e-02
1.412895e-02
1.412895e-02
1.412895e-02
1.412895e-02
1.412895e-02
1.412895e-02
1.412895e-02
1.412895e-02
1.412895e-02
1.412895e-02
1.412895e-02
1.412895e-02
1.412895e-02
1.412895e-02
1.412895e-02
1.412895e-02
1.412895e-02
1.412895e-02
1.412895e-02
1.412895e-02
1.412895e-02
1.412895e-02
1.412895e-02
1.412895e-02
1.412895e-02
1.412895e-02
1.412895e-02
1.412895e-02
1.412895e-02
1.412895e-02
1.412895e-02
1.412895e-02
1.412895e-02
1.412895e-02
1.412895e-02
1.412895e-02
1.412895e-02
1.412895e-02
1.412895e-02
1.412895e-02
1.412895e-02
1.412895e-02
1.412895e-02
1.412895e-02
1.412895e-02
1.412895e-02
1.412895e-02
1.412895e-02
1.412895e-02
1.412895e-02
1.412895e-02
1.412895e-02
1.412895e-02
1.412895e-02
1.412895e-02
1.412895e-02
1.412895e-02
1.412895e-02
1.412895e-02
1.412895e-02
1.412895e-02
1.412895e-02
1.412895e-02
1.412895e-02
1.412895e-02
1.412895e-02
1.412895e-02
1.412895e-02
1.412895e-02
1.412895e-02
1.412895e-02
1.412895e-02
1.412895e-02
1.412895e-02
1.412895e-02
1.412895e-02
1.412895e-02
1.412895e-02
1.412895e-02
1.412895e-02
1.412895e-02
1.412895e-02
1.412895e-02
1.412895e-02
1.412895e-02
1.412895e-02
1.412895e-02
1.412895e-02
1.412895e-02
1.412895e-02
1.412895e-02
1.412895e-02
1.412895e-02
1.412895e-02
1.412895e-02
1.412895e-02
1.412895e-02
1.412895e-02
1.412895e-02
1.412895e-02
1.412895e-02
1.412895e-02
1.412895e-02
1.412895e-02
1.412895e-02
1.412895e-02
1.412895e-02
1.412895e-02
1.412895e-02
1.412895e-02
1.412895e-02
1.412895e-02
1.412895e-02
1.412895e-02
1.412895e-02
1.412895e-02
1.412895e-02
1.412895e-02
1.412895e-02
1.412895e-02
1.412895e-02
1.412895e-02
1.412895e-02
1.412895e-02
1.412895e-02
1.412895e-02
1.412895e-02
1.412895e-02
1.412895e-02
1.412895e-02
1.412895e-02
1.412895e-02
1.412895e-02
1.412895e-02
1.412895e-02
1.412895e-02
1.412895e-02
1.412895e-02
1.412895e-02
1.412895e-02
1.412895e-02
1.412895e-02
1.412895e-02
1.412895e-02
1.412895e-02
1.412895e-02
1.412895e-02
1.412895e-02
1.412895e-02
1.412895e-02
