0.000000e+00
1.110371e-07
2.283475e-07
3.519311e-07
4.817880e-07
6.179182e-07
7.603217e-07
9.089985e-07
1.063949e-06
1.225172e-06
1.392669e-06
1.566438e-06
1.746482e-06
1.932798e-06
2.125388e-06
2.324251e-06
2.529387e-06
2.740797e-06
2.958480e-06
3.182436e-06
3.412665e-06
3.649168e-06
3.891944e-06
4.140993e-06
4.396316e-06
4.657912e-06
4.925781e-06
5.199923e-06
5.480339e-06
5.767028e-06
6.059990e-06
6.359226e-06
6.664734e-06
6.976517e-06
7.294572e-06
7.618901e-06
7.949503e-06
8.286378e-06
8.629526e-06
8.978948e-06
9.334643e-06
9.696612e-06
1.006485e-05
1.043937e-05
1.082016e-05
1.120722e-05
1.160055e-05
1.200016e-05
1.240604e-05
1.281820e-05
1.323662e-05
1.366133e-05
1.409230e-05
1.452955e-05
1.497307e-05
1.542286e-05
1.587893e-05
1.634127e-05
1.680989e-05
1.728477e-05
1.776593e-05
1.825337e-05
1.874708e-05
1.924706e-05
1.975331e-05
2.026584e-05
2.078464e-05
2.130971e-05
2.184106e-05
2.237868e-05
2.292257e-05
2.347274e-05
2.402918e-05
2.459189e-05
2.516088e-05
2.573614e-05
2.631767e-05
2.690548e-05
2.749956e-05
2.809991e-05
2.870654e-05
2.931944e-05
2.993861e-05
3.056406e-05
3.119578e-05
3.183377e-05
3.247803e-05
3.312857e-05
3.378539e-05
3.444847e-05
3.511783e-05
3.579346e-05
3.647537e-05
3.716355e-05
3.785800e-05
3.855873e-05
3.926572e-05
3.997900e-05
4.069854e-05
4.142436e-05
4.215645e-05
4.289482e-05
4.363946e-05
4.439037e-05
4.514755e-05
4.591101e-05
4.668074e-05
4.745675e-05
4.823903e-05
4.902758e-05
4.982240e-05
5.062350e-05
5.143087e-05
5.224452e-05
5.306444e-05
5.389063e-05
5.472309e-05
5.556183e-05
5.640684e-05
5.725812e-05
5.811568e-05
5.897951e-05
5.984962e-05
6.072599e-05
6.160865e-05
6.249757e-05
6.339277e-05
6.429424e-05
6.520198e-05
6.611600e-05
6.703629e-05
6.796285e-05
6.889569e-05
6.983480e-05
7.078018e-05
7.173184e-05
7.268977e-05
7.365397e-05
7.462445e-05
7.560120e-05
7.658422e-05
7.757352e-05
7.856909e-05
7.957093e-05
8.057905e-05
8.159344e-05
8.261410e-05
8.364104e-05
8.467425e-05
8.571373e-05
8.675949e-05
8.781152e-05
8.886982e-05
8.993439e-05
9.100524e-05
9.208237e-05
9.316576e-05
9.425543e-05
9.535137e-05
9.645359e-05
9.756208e-05
9.867684e-05
9.979787e-05
1.009252e-04
1.020588e-04
1.031986e-04
1.043447e-04
1.054972e-04
1.066558e-04
1.078208e-04
1.089920e-04
1.101695e-04
1.113533e-04
1.125433e-04
1.137396e-04
1.149422e-04
1.161511e-04
1.173662e-04
1.185876e-04
1.198153e-04
1.210492e-04
1.222895e-04
1.235360e-04
1.247887e-04
1.260478e-04
1.273131e-04
1.285847e-04
1.298626e-04
1.311467e-04
1.324371e-04
1.337338e-04
1.350368e-04
1.363460e-04
1.376615e-04
1.389833e-04
1.403114e-04
1.416457e-04
1.429863e-04
1.443332e-04
1.456863e-04
1.470457e-04
1.484114e-04
1.497834e-04
1.511616e-04
1.525461e-04
1.539369e-04
1.553340e-04
1.567373e-04
1.581469e-04
1.595628e-04
1.609850e-04
1.624134e-04
1.638481e-04
1.652891e-04
1.667363e-04
1.681898e-04
1.696496e-04
1.711157e-04
1.725880e-04
1.740666e-04
1.755515e-04
1.770427e-04
1.785401e-04
1.800438e-04
1.815538e-04
1.830700e-04
1.845926e-04
1.861214e-04
1.876564e-04
1.891978e-04
1.907454e-04
1.922993e-04
1.938595e-04
1.954259e-04
1.969986e-04
1.985776e-04
2.001629e-04
2.017544e-04
2.033522e-04
2.049563e-04
2.065666e-04
2.081832e-04
2.098061e-04
2.114353e-04
2.130708e-04
2.147125e-04
2.163605e-04
2.180147e-04
2.196753e-04
2.213421e-04
2.230152e-04
2.246945e-04
2.263802e-04
2.280721e-04
2.297702e-04
2.314747e-04
2.331854e-04
2.349024e-04
2.366257e-04
2.383552e-04
2.400910e-04
2.418331e-04
2.435815e-04
2.453361e-04
2.470970e-04
2.488642e-04
2.506377e-04
2.524174e-04
2.542034e-04
2.559957e-04
2.577942e-04
2.595991e-04
2.614102e-04
2.632275e-04
2.650512e-04
2.668811e-04
2.687173e-04
2.705597e-04
2.724085e-04
2.742635e-04
2.761248e-04
2.779923e-04
2.798662e-04
2.817463e-04
2.836326e-04
2.855253e-04
2.874242e-04
2.893294e-04
2.912409e-04
2.931586e-04
2.950826e-04
2.970129e-04
2.989495e-04
3.008923e-04
3.028414e-04
3.047968e-04
3.067585e-04
3.087264e-04
3.107006e-04
3.126811e-04
3.146678e-04
3.166608e-04
3.186601e-04
3.206657e-04
3.226775e-04
3.246957e-04
3.267200e-04
3.287507e-04
3.307876e-04
3.328308e-04
3.348803e-04
3.369361e-04
3.389981e-04
3.410664e-04
3.431410e-04
3.452218e-04
3.473090e-04
3.494023e-04
3.515020e-04
3.536080e-04
3.557202e-04
3.578387e-04
3.599634e-04
3.620944e-04
3.642318e-04
3.663753e-04
3.685252e-04
3.706813e-04
3.728437e-04
3.750124e-04
3.771873e-04
3.793686e-04
3.815560e-04
3.837498e-04
3.859499e-04
3.881562e-04
3.903688e-04
3.925876e-04
3.948127e-04
3.970442e-04
3.992818e-04
4.015258e-04
4.037760e-04
4.060325e-04
4.082953e-04
4.105643e-04
4.128397e-04
4.151212e-04
4.174091e-04
4.197032e-04
4.220037e-04
4.243103e-04
4.266233e-04
4.289425e-04
4.312680e-04
4.335998e-04
4.359379e-04
4.382822e-04
4.406328e-04
4.429897e-04
4.453528e-04
4.477222e-04
4.500979e-04
4.524799e-04
4.548681e-04
4.572626e-04
4.596634e-04
4.620705e-04
4.644838e-04
4.669034e-04
4.693293e-04
4.717614e-04
4.741999e-04
4.766446e-04
4.790955e-04
4.815528e-04
4.840163e-04
4.864861e-04
4.889622e-04
4.914445e-04
4.939331e-04
4.964280e-04
4.989292e-04
5.014366e-04
5.039503e-04
5.064703e-04
5.089965e-04
5.115290e-04
5.140678e-04
5.166129e-04
5.191642e-04
5.217219e-04
5.242858e-04
5.268559e-04
5.294324e-04
5.320151e-04
5.346040e-04
5.371993e-04
5.398008e-04
5.424086e-04
5.450227e-04
5.476431e-04
5.502697e-04
5.529026e-04
5.555418e-04
5.581872e-04
5.608389e-04
5.634969e-04
5.661612e-04
5.688317e-04
5.715085e-04
5.741916e-04
5.768809e-04
5.795766e-04
5.822785e-04
5.849867e-04
5.877011e-04
5.904218e-04
5.931488e-04
5.958821e-04
5.986216e-04
6.013674e-04
6.041195e-04
6.068779e-04
6.096425e-04
6.124134e-04
6.151906e-04
6.179741e-04
6.207638e-04
6.235598e-04
6.263621e-04
6.291706e-04
6.319855e-04
6.348066e-04
6.376339e-04
6.404676e-04
6.433075e-04
6.461537e-04
6.490061e-04
6.518649e-04
6.547299e-04
6.576011e-04
6.604787e-04
6.633625e-04
6.662526e-04
6.691490e-04
6.720517e-04
6.749606e-04
6.778758e-04
6.807972e-04
6.837250e-04
6.866590e-04
6.895993e-04
6.925458e-04
6.954987e-04
6.984578e-04
7.014232e-04
7.043948e-04
7.073727e-04
7.103569e-04
7.133474e-04
7.163442e-04
7.193472e-04
7.223565e-04
7.253720e-04
7.283939e-04
7.314220e-04
7.344564e-04
7.374970e-04
7.405440e-04
7.435972e-04
7.466567e-04
7.497224e-04
7.527944e-04
7.558727e-04
7.589573e-04
7.620482e-04
7.651453e-04
7.682487e-04
7.713583e-04
7.744743e-04
7.775965e-04
7.807250e-04
7.838597e-04
7.870008e-04
7.901481e-04
7.933016e-04
7.964615e-04
7.996276e-04
8.028000e-04
8.059787e-04
8.091636e-04
8.123549e-04
8.155523e-04
8.187561e-04
8.219661e-04
8.251825e-04
8.284050e-04
8.316339e-04
8.348690e-04
8.381104e-04
8.413581e-04
8.446121e-04
8.478723e-04
8.511388e-04
8.544116e-04
8.576906e-04
8.609759e-04
8.642675e-04
8.675654e-04
8.708695e-04
8.741799e-04
8.774966e-04
8.808196e-04
8.841488e-04
8.874843e-04
8.908261e-04
8.941741e-04
8.975285e-04
9.008890e-04
9.042559e-04
9.076291e-04
9.110085e-04
9.143942e-04
9.177861e-04
9.211844e-04
9.245889e-04
9.279997e-04
9.314167e-04
9.348401e-04
9.382697e-04
9.417055e-04
9.451477e-04
9.485961e-04
9.520508e-04
9.555118e-04
9.589790e-04
9.624525e-04
9.659323e-04
9.694184e-04
9.729107e-04
9.764093e-04
9.799142e-04
9.834254e-04
9.869428e-04
9.904665e-04
9.939965e-04
9.975327e-04
1.001075e-03
1.004624e-03
1.008179e-03
1.011740e-03
1.015308e-03
1.018882e-03
1.022462e-03
1.026049e-03
1.029641e-03
1.033240e-03
1.036845e-03
1.040457e-03
1.044075e-03
1.047699e-03
1.051329e-03
1.054966e-03
1.058609e-03
1.062258e-03
1.065913e-03
1.069575e-03
1.073243e-03
1.076917e-03
1.080598e-03
1.084285e-03
1.087978e-03
1.091677e-03
1.095383e-03
1.099095e-03
1.102813e-03
1.106537e-03
1.110268e-03
1.114005e-03
1.117748e-03
1.121498e-03
1.125254e-03
1.129016e-03
1.132784e-03
1.136559e-03
1.140340e-03
1.144127e-03
1.147920e-03
1.151720e-03
1.155526e-03
1.159338e-03
1.163157e-03
1.166982e-03
1.170813e-03
1.174650e-03
1.178494e-03
1.182344e-03
1.186200e-03
1.190062e-03
1.193931e-03
1.197806e-03
1.201687e-03
1.205575e-03
1.209469e-03
1.213369e-03
1.217275e-03
1.221188e-03
1.225107e-03
1.229032e-03
1.232963e-03
1.236901e-03
1.240845e-03
1.244795e-03
1.248752e-03
1.252715e-03
1.256684e-03
1.260659e-03
1.264641e-03
1.268629e-03
1.272623e-03
1.276623e-03
1.280630e-03
1.284643e-03
1.288663e-03
1.292688e-03
1.296720e-03
1.300758e-03
1.304802e-03
1.308853e-03
1.312910e-03
1.316973e-03
1.321043e-03
1.325118e-03
1.329200e-03
1.333289e-03
1.337383e-03
1.341484e-03
1.345591e-03
1.349705e-03
1.353824e-03
1.357950e-03
1.362083e-03
1.366221e-03
1.370366e-03
1.374517e-03
1.378674e-03
1.382838e-03
1.387008e-03
1.391184e-03
1.395366e-03
1.399555e-03
1.403750e-03
1.407951e-03
1.412158e-03
1.416372e-03
1.420592e-03
1.424818e-03
1.429051e-03
1.433290e-03
1.437535e-03
1.441786e-03
1.446044e-03
1.450308e-03
1.454578e-03
1.458855e-03
1.463138e-03
1.467427e-03
1.471722e-03
1.476024e-03
1.480331e-03
1.484646e-03
1.488966e-03
1.493293e-03
1.497626e-03
1.501965e-03
1.506310e-03
1.510662e-03
1.515020e-03
1.519384e-03
1.523755e-03
1.528132e-03
1.532515e-03
1.536904e-03
1.541300e-03
1.545702e-03
1.550110e-03
1.554525e-03
1.558946e-03
1.563373e-03
1.567806e-03
1.572246e-03
1.576691e-03
1.581144e-03
1.585602e-03
1.590067e-03
1.594538e-03
1.599015e-03
1.603498e-03
1.607988e-03
1.612484e-03
1.616987e-03
1.621495e-03
1.626010e-03
1.630531e-03
1.635059e-03
1.639592e-03
1.644132e-03
1.648679e-03
1.653231e-03
1.657790e-03
1.662355e-03
1.666926e-03
1.671504e-03
1.676088e-03
1.680678e-03
1.685274e-03
1.689877e-03
1.694486e-03
1.699101e-03
1.703723e-03
1.708351e-03
1.712985e-03
1.717625e-03
1.722272e-03
1.726925e-03
1.731584e-03
1.736249e-03
1.740921e-03
1.745599e-03
1.750283e-03
1.754974e-03
1.759671e-03
1.764374e-03
1.769083e-03
1.773799e-03
1.778521e-03
1.783249e-03
1.787983e-03
1.792724e-03
1.797471e-03
1.802224e-03
1.806984e-03
1.811749e-03
1.816522e-03
1.821300e-03
1.826085e-03
1.830875e-03
1.835673e-03
1.840476e-03
1.845286e-03
1.850102e-03
1.854924e-03
1.859753e-03
1.864587e-03
1.869429e-03
1.874276e-03
1.879130e-03
1.883989e-03
1.888856e-03
1.893728e-03
1.898607e-03
1.903492e-03
1.908383e-03
1.913281e-03
1.918184e-03
1.923095e-03
1.928011e-03
1.932934e-03
1.937863e-03
1.942798e-03
1.947739e-03
1.952687e-03
1.957641e-03
1.962601e-03
1.967568e-03
1.972541e-03
1.977520e-03
1.982505e-03
1.987497e-03
1.992495e-03
1.997499e-03
2.002509e-03
2.007526e-03
2.012549e-03
2.017578e-03
2.022614e-03
2.027656e-03
2.032704e-03
2.037758e-03
2.042819e-03
2.047886e-03
2.052959e-03
2.058039e-03
2.063124e-03
2.068216e-03
2.073315e-03
2.078419e-03
2.083530e-03
2.088647e-03
2.093771e-03
2.098900e-03
2.104036e-03
2.109178e-03
2.114327e-03
2.119482e-03
2.124643e-03
2.129810e-03
2.134983e-03
2.140163e-03
2.145349e-03
2.150542e-03
2.155740e-03
2.160945e-03
2.166157e-03
2.171374e-03
2.176598e-03
2.181828e-03
2.187064e-03
2.192307e-03
2.197556e-03
2.202811e-03
2.208072e-03
2.213340e-03
2.218614e-03
2.223894e-03
2.229181e-03
2.234473e-03
2.239772e-03
2.245078e-03
2.250389e-03
2.255707e-03
2.261031e-03
2.266362e-03
2.271698e-03
2.277041e-03
2.282391e-03
2.287746e-03
2.293108e-03
2.298476e-03
2.303850e-03
2.309231e-03
2.314618e-03
2.320011e-03
2.325410e-03
2.330816e-03
2.336228e-03
2.341646e-03
2.347071e-03
2.352501e-03
2.357938e-03
2.363382e-03
2.368831e-03
2.374287e-03
2.379749e-03
2.385218e-03
2.390692e-03
2.396173e-03
2.401661e-03
2.407154e-03
2.412654e-03
2.418160e-03
2.423672e-03
2.429191e-03
2.434716e-03
2.440247e-03
2.445784e-03
2.451328e-03
2.456878e-03
2.462434e-03
2.467997e-03
2.473566e-03
2.479141e-03
2.484722e-03
2.490310e-03
2.495904e-03
2.501504e-03
2.507110e-03
2.512723e-03
2.518342e-03
2.523967e-03
2.529599e-03
2.535236e-03
2.540880e-03
2.546531e-03
2.552187e-03
2.557850e-03
2.563519e-03
2.569195e-03
2.574877e-03
2.580565e-03
2.586259e-03
2.591959e-03
2.597666e-03
2.603379e-03
2.609099e-03
2.614824e-03
2.620556e-03
2.626294e-03
2.632039e-03
2.637789e-03
2.643546e-03
2.649310e-03
2.655079e-03
2.660855e-03
2.666637e-03
2.672426e-03
2.678220e-03
2.684021e-03
2.689828e-03
2.695642e-03
2.701461e-03
2.707287e-03
2.713120e-03
2.718958e-03
2.724803e-03
2.730654e-03
2.736512e-03
2.742375e-03
2.748245e-03
2.754121e-03
2.760004e-03
2.765892e-03
2.771787e-03
2.777689e-03
2.783596e-03
2.789510e-03
2.795430e-03
2.801357e-03
2.807289e-03
2.813228e-03
2.819173e-03
2.825125e-03
2.831082e-03
2.837046e-03
2.843017e-03
2.848993e-03
2.854976e-03
2.860965e-03
2.866961e-03
2.872962e-03
2.878970e-03
2.884984e-03
2.891005e-03
2.897032e-03
2.903065e-03
2.909104e-03
2.915149e-03
2.921201e-03
2.927259e-03
2.933324e-03
2.939394e-03
2.945471e-03
2.951555e-03
2.957644e-03
2.963740e-03
2.969842e-03
2.975950e-03
2.982065e-03
2.988186e-03
2.994313e-03
3.000446e-03
3.006586e-03
3.012732e-03
3.018884e-03
3.025042e-03
3.031207e-03
3.037378e-03
3.043555e-03
3.049739e-03
3.055929e-03
3.062125e-03
3.068327e-03
3.074536e-03
3.080751e-03
3.086972e-03
3.093200e-03
3.099433e-03
3.105673e-03
3.111920e-03
3.118172e-03
3.124431e-03
3.130696e-03
3.136968e-03
3.143245e-03
3.149529e-03
3.155820e-03
3.162116e-03
3.168419e-03
3.174728e-03
3.181043e-03
3.187365e-03
3.193693e-03
3.200027e-03
3.206367e-03
3.212714e-03
3.219067e-03
3.225426e-03
3.231791e-03
3.238163e-03
3.244541e-03
3.250926e-03
3.257316e-03
3.263713e-03
3.270116e-03
3.276526e-03
3.282941e-03
3.289363e-03
3.295792e-03
3.302226e-03
3.308667e-03
3.315114e-03
3.321567e-03
3.328027e-03
3.334493e-03
3.340965e-03
3.347443e-03
3.353928e-03
3.360419e-03
3.366916e-03
3.373420e-03
3.379929e-03
3.386445e-03
3.392968e-03
3.399496e-03
3.406031e-03
3.412572e-03
3.419120e-03
3.425674e-03
3.432234e-03
3.438800e-03
3.445372e-03
3.451951e-03
3.458536e-03
3.465127e-03
3.471725e-03
3.478329e-03
3.484939e-03
3.491556e-03
3.498178e-03
3.504807e-03
3.511442e-03
3.518084e-03
3.524732e-03
3.531386e-03
3.538046e-03
3.544713e-03
3.551386e-03
3.558065e-03
3.564750e-03
3.571442e-03
3.578140e-03
3.584844e-03
3.591555e-03
3.598272e-03
3.604995e-03
3.611724e-03
3.618460e-03
3.625202e-03
3.631950e-03
3.638704e-03
3.645465e-03
3.652232e-03
3.659005e-03
3.665785e-03
3.672570e-03
3.679363e-03
3.686161e-03
3.692966e-03
3.699776e-03
3.706594e-03
3.713417e-03
3.720247e-03
3.727083e-03
3.733925e-03
3.740774e-03
3.747628e-03
3.754489e-03
3.761357e-03
3.768230e-03
3.775110e-03
3.781997e-03
3.788889e-03
3.795788e-03
3.802693e-03
3.809604e-03
3.816522e-03
3.823445e-03
3.830375e-03
3.837312e-03
3.844254e-03
3.851203e-03
3.858159e-03
3.865120e-03
3.872088e-03
3.879062e-03
3.886042e-03
3.893029e-03
3.900021e-03
3.907021e-03
3.914026e-03
3.921038e-03
3.928055e-03
3.935080e-03
3.942110e-03
3.949147e-03
3.956190e-03
3.963239e-03
3.970295e-03
3.977357e-03
3.984425e-03
3.991499e-03
3.998580e-03
4.005667e-03
4.012760e-03
4.019859e-03
4.026965e-03
4.034077e-03
4.041195e-03
4.048320e-03
4.055451e-03
4.062588e-03
4.069731e-03
4.076881e-03
4.084037e-03
4.091199e-03
4.098368e-03
4.105542e-03
4.112723e-03
4.119911e-03
4.127104e-03
4.134304e-03
4.141510e-03
4.148723e-03
4.155941e-03
4.163166e-03
4.170397e-03
4.177635e-03
4.184879e-03
4.192129e-03
4.199385e-03
4.206648e-03
4.213916e-03
4.221192e-03
4.228473e-03
4.235761e-03
4.243055e-03
4.250355e-03
4.257661e-03
4.264974e-03
4.272293e-03
4.279618e-03
4.286950e-03
4.294288e-03
4.301632e-03
4.308982e-03
4.316339e-03
4.323702e-03
4.331071e-03
4.338447e-03
4.345828e-03
4.353216e-03
4.360611e-03
4.368011e-03
4.375418e-03
4.382831e-03
4.390251e-03
4.397677e-03
4.405108e-03
4.412547e-03
4.419991e-03
4.427442e-03
4.434899e-03
4.442362e-03
4.449832e-03
4.457308e-03
4.464790e-03
4.472278e-03
4.479773e-03
4.487274e-03
4.494781e-03
4.502295e-03
4.509815e-03
4.517341e-03
4.524873e-03
4.532412e-03
4.539956e-03
4.547508e-03
4.555065e-03
4.562629e-03
4.570199e-03
4.577775e-03
4.585357e-03
4.592946e-03
4.600541e-03
4.608143e-03
4.615750e-03
4.623364e-03
4.630984e-03
4.638611e-03
4.646243e-03
4.653882e-03
4.661528e-03
4.669179e-03
4.676837e-03
4.684501e-03
4.692171e-03
4.699848e-03
4.707531e-03
4.715220e-03
4.722915e-03
4.730617e-03
4.738325e-03
4.746039e-03
4.753760e-03
4.761487e-03
4.769220e-03
4.776959e-03
4.784705e-03
4.792457e-03
4.800215e-03
4.807979e-03
4.815750e-03
4.823527e-03
4.831310e-03
4.839100e-03
4.846896e-03
4.854698e-03
4.862506e-03
4.870321e-03
4.878142e-03
4.885969e-03
4.893802e-03
4.901642e-03
4.909488e-03
4.917340e-03
4.925199e-03
4.933063e-03
4.940935e-03
4.948812e-03
4.956696e-03
4.964585e-03
4.972482e-03
4.980384e-03
4.988293e-03
4.996208e-03
5.004129e-03
5.012057e-03
5.019990e-03
5.027931e-03
5.035877e-03
5.043830e-03
5.051788e-03
5.059754e-03
5.067725e-03
5.075703e-03
5.083687e-03
5.091677e-03
5.099674e-03
5.107676e-03
5.115686e-03
5.123701e-03
5.131723e-03
5.139751e-03
5.147785e-03
5.155825e-03
5.163872e-03
5.171925e-03
5.179984e-03
5.188050e-03
5.196122e-03
5.204200e-03
5.212284e-03
5.220375e-03
5.228472e-03
5.236575e-03
5.244684e-03
5.252800e-03
5.260922e-03
5.269050e-03
5.277185e-03
5.285326e-03
5.293473e-03
5.301626e-03
5.309786e-03
5.317952e-03
5.326124e-03
5.334303e-03
5.342487e-03
5.350678e-03
5.358876e-03
5.367079e-03
5.375289e-03
5.383505e-03
5.391728e-03
5.399956e-03
5.408191e-03
5.416432e-03
5.424680e-03
5.432934e-03
5.441194e-03
5.449460e-03
5.457733e-03
5.466011e-03
5.474296e-03
5.482588e-03
5.490886e-03
5.499189e-03
5.507500e-03
5.515816e-03
5.524139e-03
5.532468e-03
5.540803e-03
5.549145e-03
5.557493e-03
5.565847e-03
5.574207e-03
5.582574e-03
5.590947e-03
5.599326e-03
5.607712e-03
5.616103e-03
5.624501e-03
5.632906e-03
5.641316e-03
5.649733e-03
5.658156e-03
5.666586e-03
5.675021e-03
5.683463e-03
5.691912e-03
5.700366e-03
5.708827e-03
5.717294e-03
5.725767e-03
5.734247e-03
5.742733e-03
5.751225e-03
5.759723e-03
5.768228e-03
5.776739e-03
5.785256e-03
5.793780e-03
5.802309e-03
5.810846e-03
5.819388e-03
5.827936e-03
5.836491e-03
5.845052e-03
5.853620e-03
5.862194e-03
5.870774e-03
5.879360e-03
5.887952e-03
5.896551e-03
5.905156e-03
5.913767e-03
5.922385e-03
5.931009e-03
5.939639e-03
5.948276e-03
5.956918e-03
5.965567e-03
5.974222e-03
5.982884e-03
5.991552e-03
6.000226e-03
6.008906e-03
6.017593e-03
6.026286e-03
6.034985e-03
6.043690e-03
6.052402e-03
6.061120e-03
6.069844e-03
6.078575e-03
6.087312e-03
6.096055e-03
6.104804e-03
6.113560e-03
6.122321e-03
6.131090e-03
6.139864e-03
6.148645e-03
6.157432e-03
6.166225e-03
6.175025e-03
6.183830e-03
6.192642e-03
6.201461e-03
6.210285e-03
6.219116e-03
6.227953e-03
6.236797e-03
6.245647e-03
6.254503e-03
6.263365e-03
6.272233e-03
6.281108e-03
6.289989e-03
6.298877e-03
6.307770e-03
6.316670e-03
6.325576e-03
6.334489e-03
6.343408e-03
6.352333e-03
6.361264e-03
6.370201e-03
6.379145e-03
6.388095e-03
6.397052e-03
6.406014e-03
6.414983e-03
6.423958e-03
6.432940e-03
6.441928e-03
6.450922e-03
6.459922e-03
6.468928e-03
6.477941e-03
6.486960e-03
6.495986e-03
6.505017e-03
6.514055e-03
6.523099e-03
6.532150e-03
6.541207e-03
6.550270e-03
6.559339e-03
6.568415e-03
6.577496e-03
6.586584e-03
6.595679e-03
6.604779e-03
6.613886e-03
6.623000e-03
6.632119e-03
6.641245e-03
6.650377e-03
6.659515e-03
6.668660e-03
6.677811e-03
6.686968e-03
6.696131e-03
6.705301e-03
6.714477e-03
6.723659e-03
6.732847e-03
6.742042e-03
6.751243e-03
6.760450e-03
6.769664e-03
6.778884e-03
6.788110e-03
6.797342e-03
6.806581e-03
6.815826e-03
6.825077e-03
6.834335e-03
6.843598e-03
6.852868e-03
6.862145e-03
6.871427e-03
6.880716e-03
6.890011e-03
6.899313e-03
6.908620e-03
6.917934e-03
6.927254e-03
6.936581e-03
6.945914e-03
6.955253e-03
6.964598e-03
6.973950e-03
6.983307e-03
6.992672e-03
7.002042e-03
7.011419e-03
7.020802e-03
7.030191e-03
7.039586e-03
7.048988e-03
7.058396e-03
7.067810e-03
7.077231e-03
7.086658e-03
7.096091e-03
7.105530e-03
7.114976e-03
7.124428e-03
7.133886e-03
7.143351e-03
7.152822e-03
7.162299e-03
7.171782e-03
7.181271e-03
7.190767e-03
7.200270e-03
7.209778e-03
7.218628e-03
7.227447e-03
7.236234e-03
7.244990e-03
7.253715e-03
7.262408e-03
7.271071e-03
7.279702e-03
7.288301e-03
7.296870e-03
7.305407e-03
7.313913e-03
7.322387e-03
7.330830e-03
7.339242e-03
7.347623e-03
7.355972e-03
7.364291e-03
7.372577e-03
7.380833e-03
7.389057e-03
7.397250e-03
7.405412e-03
7.413542e-03
7.421641e-03
7.429709e-03
7.437746e-03
7.445751e-03
7.453725e-03
7.461668e-03
7.469579e-03
7.477460e-03
7.485308e-03
7.493126e-03
7.500912e-03
7.508667e-03
7.516391e-03
7.524084e-03
7.531745e-03
7.539375e-03
7.546973e-03
7.554541e-03
7.562077e-03
7.569581e-03
7.577055e-03
7.584497e-03
7.591908e-03
7.599288e-03
7.606636e-03
7.613953e-03
7.621239e-03
7.628493e-03
7.635717e-03
7.642909e-03
7.650069e-03
7.657199e-03
7.664297e-03
7.671364e-03
7.678399e-03
7.685403e-03
7.692376e-03
7.699318e-03
7.706228e-03
7.713107e-03
7.719955e-03
7.726772e-03
7.733557e-03
7.740311e-03
7.747034e-03
7.753725e-03
7.760385e-03
7.767014e-03
7.773612e-03
7.780178e-03
7.786713e-03
7.793217e-03
7.799689e-03
7.806130e-03
7.812540e-03
7.818919e-03
7.825266e-03
7.831582e-03
7.837867e-03
7.844120e-03
7.850342e-03
7.856533e-03
7.862693e-03
7.868821e-03
7.874918e-03
7.880984e-03
7.887018e-03
7.893022e-03
7.898993e-03
7.904934e-03
7.910843e-03
7.916721e-03
7.922568e-03
7.928384e-03
7.934168e-03
7.939921e-03
7.945642e-03
7.951333e-03
7.956992e-03
7.962620e-03
7.968216e-03
7.973781e-03
7.979315e-03
7.984818e-03
7.990289e-03
7.995729e-03
8.001138e-03
8.006516e-03
8.011862e-03
8.017177e-03
8.022461e-03
8.027713e-03
8.032934e-03
8.038124e-03
8.043282e-03
8.048410e-03
8.053506e-03
8.058570e-03
8.063604e-03
8.068606e-03
8.073577e-03
8.078516e-03
8.083425e-03
8.088302e-03
8.093147e-03
8.097962e-03
8.102745e-03
8.107497e-03
8.112217e-03
8.116907e-03
8.121565e-03
8.126191e-03
8.130787e-03
8.135351e-03
8.139884e-03
8.144385e-03
8.148856e-03
8.153295e-03
8.157703e-03
8.162079e-03
8.166424e-03
8.170738e-03
8.175021e-03
8.179272e-03
8.183492e-03
8.187681e-03
8.191838e-03
8.195965e-03
8.200059e-03
8.204123e-03
8.208155e-03
8.212156e-03
8.216126e-03
8.220065e-03
8.223972e-03
8.227848e-03
8.231693e-03
8.235506e-03
8.239288e-03
8.243039e-03
8.246758e-03
8.250447e-03
8.254104e-03
8.257729e-03
8.261324e-03
8.264887e-03
8.268419e-03
8.271919e-03
8.275388e-03
8.278826e-03
8.282233e-03
8.285608e-03
8.288953e-03
8.292265e-03
8.295547e-03
8.298797e-03
8.302016e-03
8.305204e-03
8.308360e-03
8.311485e-03
8.314579e-03
8.317642e-03
8.320673e-03
8.323673e-03
8.326642e-03
8.329579e-03
8.332486e-03
8.335360e-03
8.338204e-03
8.341016e-03
8.343797e-03
8.346547e-03
8.349266e-03
8.351953e-03
8.354609e-03
8.357233e-03
8.359827e-03
8.362389e-03
8.364919e-03
8.367419e-03
8.369887e-03
8.372324e-03
8.374730e-03
8.377104e-03
8.379447e-03
8.381759e-03
8.384039e-03
8.386289e-03
8.388506e-03
8.390693e-03
8.392848e-03
8.394973e-03
8.397065e-03
8.399127e-03
8.401157e-03
8.403156e-03
8.405124e-03
8.407060e-03
8.408965e-03
8.410839e-03
8.412682e-03
8.414493e-03
8.416273e-03
8.418022e-03
8.419739e-03
8.421425e-03
8.423080e-03
8.424703e-03
8.426296e-03
8.427857e-03
8.429386e-03
8.430885e-03
8.432352e-03
8.433788e-03
8.435192e-03
8.436566e-03
8.437908e-03
8.439218e-03
8.440498e-03
8.441746e-03
8.442963e-03
8.444149e-03
8.445303e-03
8.446426e-03
8.447518e-03
8.448578e-03
8.449607e-03
8.450605e-03
8.451572e-03
8.452507e-03
8.453411e-03
8.454284e-03
8.455125e-03
8.455936e-03
8.456714e-03
8.457462e-03
8.458178e-03
8.458864e-03
8.459517e-03
8.460140e-03
8.460731e-03
8.461291e-03
8.461820e-03
8.462317e-03
8.462783e-03
8.463218e-03
8.463621e-03
8.463994e-03
8.464335e-03
8.464644e-03
8.464923e-03
8.465170e-03
8.465386e-03
8.465570e-03
8.465723e-03
8.465845e-03
8.465936e-03
8.465995e-03
8.466024e-03
8.466020e-03
8.465986e-03
8.465920e-03
8.465823e-03
8.465695e-03
8.465535e-03
8.465344e-03
8.465122e-03
8.464869e-03
8.464584e-03
8.464268e-03
8.463921e-03
8.463542e-03
8.463133e-03
8.462691e-03
8.462219e-03
8.461715e-03
8.461402e-03
8.461402e-03
8.461402e-03
8.461402e-03
8.461402e-03
8.461402e-03
8.461402e-03
8.461402e-03
8.461402e-03
8.461402e-03
8.461402e-03
8.461402e-03
8.461402e-03
8.461402e-03
8.461402e-03
8.461402e-03
8.461402e-03
8.461402e-03
8.461402e-03
8.461402e-03
8.461402e-03
8.461402e-03
8.461402e-03
8.461402e-03
8.461402e-03
8.461402e-03
8.461402e-03
8.461402e-03
8.461402e-03
8.461402e-03
8.461402e-03
8.461402e-03
8.461402e-03
8.461402e-03
8.461402e-03
8.461402e-03
8.461402e-03
8.461402e-03
8.461402e-03
8.461402e-03
8.461402e-03
8.461402e-03
8.461402e-03
8.461402e-03
8.461402e-03
8.461402e-03
8.461402e-03
8.461402e-03
8.461402e-03
8.461402e-03
8.461402e-03
8.461402e-03
8.461402e-03
8.461402e-03
8.461402e-03
8.461402e-03
8.461402e-03
8.461402e-03
8.461402e-03
8.461402e-03
8.461402e-03
8.461402e-03
8.461402e-03
8.461402e-03
8.461402e-03
8.461402e-03
8.461402e-03
8.461402e-03
8.461402e-03
8.461402e-03
8.461402e-03
8.461402e-03
8.461402e-03
8.461402e-03
8.461402e-03
8.461402e-03
8.461402e-03
8.461402e-03
8.461402e-03
8.461402e-03
8.461402e-03
8.461402e-03
8.461402e-03
8.461402e-03
8.461402e-03
8.461402e-03
8.461402e-03
8.461402e-03
8.461402e-03
8.461402e-03
8.461402e-03
8.461402e-03
8.461402e-03
8.461402e-03
8.461402e-03
8.461402e-03
8.461402e-03
8.461402e-03
8.461402e-03
8.461402e-03
8.461402e-03
8.461402e-03
8.461402e-03
8.461402e-03
8.461402e-03
8.461402e-03
8.461402e-03
8.461402e-03
8.461402e-03
8.461402e-03
8.461402e-03
8.461402e-03
8.461402e-03
8.461402e-03
8.461402e-03
8.461402e-03
8.461402e-03
8.461402e-03
8.461402e-03
8.461402e-03
8.461402e-03
8.461402e-03
8.461402e-03
8.461402e-03
8.461402e-03
8.461402e-03
8.461402e-03
8.461402e-03
8.461402e-03
8.461402e-03
8.461402e-03
8.461402e-03
8.461402e-03
8.461402e-03
8.461402e-03
8.461402e-03
8.461402e-03
8.461402e-03
8.461402e-03
8.461402e-03
8.461402e-03
8.461402e-03
8.461402e-03
8.461402e-03
8.461402e-03
8.461402e-03
8.461402e-03
8.461402e-03
8.461402e-03
8.461402e-03
8.461402e-03
8.461402e-03
8.461402e-03
8.461402e-03
8.461402e-03
8.461402e-03
8.461402e-03
8.461402e-03
8.461402e-03
8.461402e-03
8.461402e-03
8.461402e-03
8.461402e-03
8.461402e-03
8.461402e-03
8.461402e-03
8.461402e-03
8.461402e-03
8.461402e-03
8.461402e-03
8.461402e-03
8.461402e-03
8.461402e-03
8.461402e-03
8.461402e-03
8.461402e-03
8.461402e-03
8.461402e-03
8.461402e-03
8.461402e-03
8.461402e-03
8.461402e-03
8.461402e-03
8.461402e-03
8.461402e-03
8.461402e-03
8.461402e-03
8.461402e-03
8.461402e-03
8.461402e-03
8.461402e-03
8.461402e-03
8.461402e-03
8.461402e-03
8.461402e-03
8.461402e-03
8.461402e-03
8.461402e-03
8.461402e-03
8.461402e-03
8.461402e-03
