0.000000e+00
1.110371e-07
2.286058e-07
3.527060e-07
4.833379e-07
6.205014e-07
7.641964e-07
9.144231e-07
1.071181e-06
1.234471e-06
1.404293e-06
1.580646e-06
1.763530e-06
1.952946e-06
2.148894e-06
2.351374e-06
2.560385e-06
2.775927e-06
2.998001e-06
3.226607e-06
3.461744e-06
3.703413e-06
3.951614e-06
4.206346e-06
4.467610e-06
4.735405e-06
5.009732e-06
5.290591e-06
5.577981e-06
5.871902e-06
6.172356e-06
6.479341e-06
6.792857e-06
7.112905e-06
7.439485e-06
7.772596e-06
8.112239e-06
8.458413e-06
8.811119e-06
9.170357e-06
9.536126e-06
9.908427e-06
1.028726e-05
1.067262e-05
1.106452e-05
1.146295e-05
1.186791e-05
1.227940e-05
1.269742e-05
1.312197e-05
1.355306e-05
1.399067e-05
1.443482e-05
1.488550e-05
1.534271e-05
1.580646e-05
1.627673e-05
1.675354e-05
1.723687e-05
1.772674e-05
1.822315e-05
1.872608e-05
1.923554e-05
1.975154e-05
2.027407e-05
2.080312e-05
2.133872e-05
2.188084e-05
2.242949e-05
2.298468e-05
2.354639e-05
2.411464e-05
2.468942e-05
2.527073e-05
2.585858e-05
2.645295e-05
2.705386e-05
2.766130e-05
2.827527e-05
2.889577e-05
2.952280e-05
3.015637e-05
3.079646e-05
3.144309e-05
3.209625e-05
3.275594e-05
3.342216e-05
3.409492e-05
3.477420e-05
3.546002e-05
3.615237e-05
3.685125e-05
3.755666e-05
3.826861e-05
3.898708e-05
3.971209e-05
4.044363e-05
4.118170e-05
4.192630e-05
4.267743e-05
4.343510e-05
4.419929e-05
4.497002e-05
4.574728e-05
4.653107e-05
4.732139e-05
4.811825e-05
4.892163e-05
4.973155e-05
5.054800e-05
5.137098e-05
5.220049e-05
5.303654e-05
5.387911e-05
5.472822e-05
5.558386e-05
5.644603e-05
5.731473e-05
5.818996e-05
5.907173e-05
5.996003e-05
6.085485e-05
6.175621e-05
6.266411e-05
6.357853e-05
6.449948e-05
6.542697e-05
6.636099e-05
6.730154e-05
6.824862e-05
6.920223e-05
7.016238e-05
7.112905e-05
7.210226e-05
7.308200e-05
7.406827e-05
7.506107e-05
7.606040e-05
7.706627e-05
7.807867e-05
7.909760e-05
8.012306e-05
8.115505e-05
8.219357e-05
8.323863e-05
8.429021e-05
8.534833e-05
8.641298e-05
8.748416e-05
8.856187e-05
8.964612e-05
9.073689e-05
9.183420e-05
9.293804e-05
9.404841e-05
9.516531e-05
9.628875e-05
9.741871e-05
9.855521e-05
9.969824e-05
1.008478e-04
1.020039e-04
1.031665e-04
1.043357e-04
1.055114e-04
1.066936e-04
1.078823e-04
1.090776e-04
1.102794e-04
1.114878e-04
1.127026e-04
1.139241e-04
1.151520e-04
1.163865e-04
1.176275e-04
1.188750e-04
1.201291e-04
1.213897e-04
1.226568e-04
1.239305e-04
1.252106e-04
1.264974e-04
1.277906e-04
1.290904e-04
1.303967e-04
1.317096e-04
1.330290e-04
1.343549e-04
1.356873e-04
1.370263e-04
1.383718e-04
1.397238e-04
1.410824e-04
1.424475e-04
1.438192e-04
1.451973e-04
1.465820e-04
1.479732e-04
1.493710e-04
1.507753e-04
1.521861e-04
1.536035e-04
1.550274e-04
1.564578e-04
1.578947e-04
1.593382e-04
1.607882e-04
1.622448e-04
1.637079e-04
1.651775e-04
1.666536e-04
1.681363e-04
1.696255e-04
1.711212e-04
1.726235e-04
1.741323e-04
1.756476e-04
1.771695e-04
1.786979e-04
1.802328e-04
1.817742e-04
1.833222e-04
1.848767e-04
1.864378e-04
1.880054e-04
1.895795e-04
1.911601e-04
1.927473e-04
1.943410e-04
1.959413e-04
1.975480e-04
1.991613e-04
2.007812e-04
2.024075e-04
2.040404e-04
2.056799e-04
2.073258e-04
2.089783e-04
2.106374e-04
2.123029e-04
2.139750e-04
2.156536e-04
2.173388e-04
2.190305e-04
2.207287e-04
2.224334e-04
2.241447e-04
2.258625e-04
2.275868e-04
2.293177e-04
2.310551e-04
2.327990e-04
2.345495e-04
2.363065e-04
2.380700e-04
2.398401e-04
2.416167e-04
2.433998e-04
2.451895e-04
2.469857e-04
2.487884e-04
2.505976e-04
2.524134e-04
2.542357e-04
2.560646e-04
2.579000e-04
2.597419e-04
2.615903e-04
2.634453e-04
2.653068e-04
2.671748e-04
2.690494e-04
2.709305e-04
2.728181e-04
2.747123e-04
2.766130e-04
2.785202e-04
2.804340e-04
2.823542e-04
2.842811e-04
2.862144e-04
2.881543e-04
2.901007e-04
2.920537e-04
2.940131e-04
2.959792e-04
2.979517e-04
2.999308e-04
3.019164e-04
3.039085e-04
3.059072e-04
3.079124e-04
3.099241e-04
3.119424e-04
3.139672e-04
3.159985e-04
3.180363e-04
3.200807e-04
3.221317e-04
3.241891e-04
3.262531e-04
3.283236e-04
3.304006e-04
3.324842e-04
3.345743e-04
3.366710e-04
3.387742e-04
3.408839e-04
3.430001e-04
3.451229e-04
3.472522e-04
3.493880e-04
3.515304e-04
3.536792e-04
3.558347e-04
3.579966e-04
3.601651e-04
3.623401e-04
3.645217e-04
3.667098e-04
3.689044e-04
3.711055e-04
3.733132e-04
3.755274e-04
3.777482e-04
3.799754e-04
3.822092e-04
3.844496e-04
3.866965e-04
3.889499e-04
3.912098e-04
3.934762e-04
3.957492e-04
3.980288e-04
4.003148e-04
4.026074e-04
4.049065e-04
4.072122e-04
4.095244e-04
4.118431e-04
4.141683e-04
4.165001e-04
4.188384e-04
4.211833e-04
4.235346e-04
4.258925e-04
4.282570e-04
4.306279e-04
4.330054e-04
4.353895e-04
4.377800e-04
4.401771e-04
4.425808e-04
4.449909e-04
4.474076e-04
4.498308e-04
4.522606e-04
4.546969e-04
4.571397e-04
4.595890e-04
4.620449e-04
4.645073e-04
4.669763e-04
4.694517e-04
4.719337e-04
4.744223e-04
4.769173e-04
4.794189e-04
4.819271e-04
4.844417e-04
4.869629e-04
4.894907e-04
4.920249e-04
4.945657e-04
4.971130e-04
4.996669e-04
5.022273e-04
5.047942e-04
5.073676e-04
5.099476e-04
5.125341e-04
5.151272e-04
5.177267e-04
5.203328e-04
5.229455e-04
5.255647e-04
5.281904e-04
5.308226e-04
5.334614e-04
5.361066e-04
5.387585e-04
5.414168e-04
5.440817e-04
5.467531e-04
5.494311e-04
5.521156e-04
5.548066e-04
5.575041e-04
5.602082e-04
5.629188e-04
5.656360e-04
5.683597e-04
5.710899e-04
5.738266e-04
5.765699e-04
5.793197e-04
5.820760e-04
5.848389e-04
5.876083e-04
5.903842e-04
5.931666e-04
5.959556e-04
5.987512e-04
6.015532e-04
6.043618e-04
6.071769e-04
6.099986e-04
6.128267e-04
6.156615e-04
6.185027e-04
6.213505e-04
6.242048e-04
6.270656e-04
6.299330e-04
6.328069e-04
6.356873e-04
6.385743e-04
6.414678e-04
6.443678e-04
6.472744e-04
6.501875e-04
6.531071e-04
6.560332e-04
6.589659e-04
6.619051e-04
6.648509e-04
6.678032e-04
6.707620e-04
6.737273e-04
6.766992e-04
6.796776e-04
6.826625e-04
6.856540e-04
6.886520e-04
6.916565e-04
6.946676e-04
6.976852e-04
7.007093e-04
7.037400e-04
7.067772e-04
7.098209e-04
7.128712e-04
7.159279e-04
7.189913e-04
7.220611e-04
7.251375e-04
7.282204e-04
7.313098e-04
7.344058e-04
7.375083e-04
7.406174e-04
7.437329e-04
7.468550e-04
7.499837e-04
7.531188e-04
7.562605e-04
7.594088e-04
7.625635e-04
7.657248e-04
7.688926e-04
7.720670e-04
7.752479e-04
7.784353e-04
7.816292e-04
7.848297e-04
7.880367e-04
7.912503e-04
7.944704e-04
7.976970e-04
8.009301e-04
8.041698e-04
8.074160e-04
8.106687e-04
8.139280e-04
8.171938e-04
8.204661e-04
8.237450e-04
8.270303e-04
8.303223e-04
8.336207e-04
8.369257e-04
8.402372e-04
8.435553e-04
8.468799e-04
8.502110e-04
8.535486e-04
8.568928e-04
8.602435e-04
8.636007e-04
8.669645e-04
8.703348e-04
8.737116e-04
8.770950e-04
8.804849e-04
8.838813e-04
8.872843e-04
8.906938e-04
8.941098e-04
8.975324e-04
9.009615e-04
9.043971e-04
9.078392e-04
9.112879e-04
9.147431e-04
9.182049e-04
9.216731e-04
9.251479e-04
9.286293e-04
9.321172e-04
9.356116e-04
9.391125e-04
9.426200e-04
9.461339e-04
9.496545e-04
9.531815e-04
9.567151e-04
9.602553e-04
9.638019e-04
9.673551e-04
9.709148e-04
9.744811e-04
9.780538e-04
9.816332e-04
9.852190e-04
9.888114e-04
9.924103e-04
9.960157e-04
9.996277e-04
1.003246e-03
1.006871e-03
1.010503e-03
1.014141e-03
1.017786e-03
1.021437e-03
1.025094e-03
1.028759e-03
1.032429e-03
1.036107e-03
1.039790e-03
1.043481e-03
1.047178e-03
1.050881e-03
1.054591e-03
1.058308e-03
1.062031e-03
1.065760e-03
1.069496e-03
1.073239e-03
1.076988e-03
1.080744e-03
1.084506e-03
1.088274e-03
1.092050e-03
1.095832e-03
1.099620e-03
1.103415e-03
1.107216e-03
1.111024e-03
1.114838e-03
1.118659e-03
1.122487e-03
1.126321e-03
1.130162e-03
1.134009e-03
1.137862e-03
1.141723e-03
1.145589e-03
1.149462e-03
1.153342e-03
1.157229e-03
1.161121e-03
1.165021e-03
1.168927e-03
1.172839e-03
1.176758e-03
1.180683e-03
1.184615e-03
1.188554e-03
1.192499e-03
1.196451e-03
1.200409e-03
1.204374e-03
1.208345e-03
1.212323e-03
1.216307e-03
1.220298e-03
1.224295e-03
1.228299e-03
1.232309e-03
1.236326e-03
1.240350e-03
1.244380e-03
1.248416e-03
1.252459e-03
1.256509e-03
1.260565e-03
1.264628e-03
1.268697e-03
1.272772e-03
1.276855e-03
1.280943e-03
1.285039e-03
1.289141e-03
1.293249e-03
1.297364e-03
1.301485e-03
1.305613e-03
1.309748e-03
1.313889e-03
1.318036e-03
1.322190e-03
1.326351e-03
1.330518e-03
1.334692e-03
1.338872e-03
1.343059e-03
1.347252e-03
1.351452e-03
1.355658e-03
1.359871e-03
1.364091e-03
1.368317e-03
1.372549e-03
1.376788e-03
1.381034e-03
1.385286e-03
1.389544e-03
1.393809e-03
1.398081e-03
1.402359e-03
1.406644e-03
1.410935e-03
1.415233e-03
1.419537e-03
1.423848e-03
1.428166e-03
1.432489e-03
1.436820e-03
1.441157e-03
1.445500e-03
1.449850e-03
1.454207e-03
1.458570e-03
1.462940e-03
1.467316e-03
1.471699e-03
1.476088e-03
1.480484e-03
1.484886e-03
1.489295e-03
1.493710e-03
1.498132e-03
1.502560e-03
1.506995e-03
1.511437e-03
1.515885e-03
1.520339e-03
1.524800e-03
1.529268e-03
1.533742e-03
1.538223e-03
1.542710e-03
1.547204e-03
1.551704e-03
1.556211e-03
1.560724e-03
1.565244e-03
1.569770e-03
1.574303e-03
1.578843e-03
1.583389e-03
1.587941e-03
1.592500e-03
1.597066e-03
1.601638e-03
1.606217e-03
1.610802e-03
1.615394e-03
1.619992e-03
1.624597e-03
1.629208e-03
1.633826e-03
1.638450e-03
1.643081e-03
1.647719e-03
1.652362e-03
1.657013e-03
1.661670e-03
1.666334e-03
1.671004e-03
1.675680e-03
1.680363e-03
1.685053e-03
1.689749e-03
1.694452e-03
1.699161e-03
1.703877e-03
1.708599e-03
1.713328e-03
1.718064e-03
1.722806e-03
1.727554e-03
1.732309e-03
1.737071e-03
1.741839e-03
1.746613e-03
1.751394e-03
1.756182e-03
1.760976e-03
1.765777e-03
1.770584e-03
1.775398e-03
1.780218e-03
1.785045e-03
1.789879e-03
1.794719e-03
1.799565e-03
1.804418e-03
1.809277e-03
1.814144e-03
1.819016e-03
1.823895e-03
1.828781e-03
1.833673e-03
1.838572e-03
1.843477e-03
1.848389e-03
1.853307e-03
1.858232e-03
1.863163e-03
1.868101e-03
1.873045e-03
1.877996e-03
1.882954e-03
1.887918e-03
1.892888e-03
1.897865e-03
1.902849e-03
1.907839e-03
1.912836e-03
1.917839e-03
1.922849e-03
1.927865e-03
1.932888e-03
1.937917e-03
1.942953e-03
1.947995e-03
1.953044e-03
1.958100e-03
1.963162e-03
1.968230e-03
1.973305e-03
1.978387e-03
1.983475e-03
1.988570e-03
1.993671e-03
1.998779e-03
2.003893e-03
2.009014e-03
2.014141e-03
2.019275e-03
2.024415e-03
2.029562e-03
2.034715e-03
2.039875e-03
2.045042e-03
2.050215e-03
2.055394e-03
2.060581e-03
2.065773e-03
2.070972e-03
2.076178e-03
2.081390e-03
2.086609e-03
2.091834e-03
2.097066e-03
2.102304e-03
2.107549e-03
2.112801e-03
2.118059e-03
2.123323e-03
2.128594e-03
2.133872e-03
2.139156e-03
2.144446e-03
2.149743e-03
2.155047e-03
2.160357e-03
2.165674e-03
2.170997e-03
2.176327e-03
2.181663e-03
2.187006e-03
2.192355e-03
2.197711e-03
2.203074e-03
2.208443e-03
2.213818e-03
2.219200e-03
2.224589e-03
2.229984e-03
2.235386e-03
2.240794e-03
2.246208e-03
2.251630e-03
2.257057e-03
2.262492e-03
2.267932e-03
2.273380e-03
2.278834e-03
2.284294e-03
2.289761e-03
2.295235e-03
2.300715e-03
2.306201e-03
2.311694e-03
2.317194e-03
2.322700e-03
2.328213e-03
2.333732e-03
2.339257e-03
2.344790e-03
2.350329e-03
2.355874e-03
2.361426e-03
2.366984e-03
2.372549e-03
2.378120e-03
2.383698e-03
2.389283e-03
2.394874e-03
2.400472e-03
2.406076e-03
2.411686e-03
2.417303e-03
2.422927e-03
2.428557e-03
2.434194e-03
2.439837e-03
2.445487e-03
2.451144e-03
2.456807e-03
2.462476e-03
2.468152e-03
2.473834e-03
2.479523e-03
2.485219e-03
2.490921e-03
2.496630e-03
2.502345e-03
2.508067e-03
2.513795e-03
2.519529e-03
2.525271e-03
2.531019e-03
2.536773e-03
2.542534e-03
2.548301e-03
2.554075e-03
2.559856e-03
2.565643e-03
2.571436e-03
2.577236e-03
2.583043e-03
2.588856e-03
2.594675e-03
2.600502e-03
2.606334e-03
2.612174e-03
2.618019e-03
2.623872e-03
2.629731e-03
2.635596e-03
2.641468e-03
2.647346e-03
2.653231e-03
2.659123e-03
2.665021e-03
2.670925e-03
2.676836e-03
2.682754e-03
2.688678e-03
2.694609e-03
2.700546e-03
2.706490e-03
2.712440e-03
2.718397e-03
2.724360e-03
2.730330e-03
2.736307e-03
2.742289e-03
2.748279e-03
2.754275e-03
2.760277e-03
2.766287e-03
2.772302e-03
2.778324e-03
2.784353e-03
2.790388e-03
2.796430e-03
2.802478e-03
2.808533e-03
2.814594e-03
2.820662e-03
2.826736e-03
2.832817e-03
2.838905e-03
2.844999e-03
2.851099e-03
2.857206e-03
2.863320e-03
2.869440e-03
2.875567e-03
2.881700e-03
2.887839e-03
2.893986e-03
2.900138e-03
2.906298e-03
2.912464e-03
2.918636e-03
2.924815e-03
2.931000e-03
2.937192e-03
2.943391e-03
2.949596e-03
2.955807e-03
2.962025e-03
2.968250e-03
2.974481e-03
2.980719e-03
2.986963e-03
2.993214e-03
2.999471e-03
3.005735e-03
3.012005e-03
3.018282e-03
3.024565e-03
3.030855e-03
3.037152e-03
3.043455e-03
3.049764e-03
3.056080e-03
3.062403e-03
3.068732e-03
3.075068e-03
3.081410e-03
3.087758e-03
3.094114e-03
3.100475e-03
3.106844e-03
3.113219e-03
3.119600e-03
3.125988e-03
3.132382e-03
3.138783e-03
3.145191e-03
3.151605e-03
3.158025e-03
3.164452e-03
3.170886e-03
3.177326e-03
3.183773e-03
3.190226e-03
3.196686e-03
3.203152e-03
3.209625e-03
3.216104e-03
3.222590e-03
3.229083e-03
3.235582e-03
3.242087e-03
3.248599e-03
3.255118e-03
3.261643e-03
3.268174e-03
3.274712e-03
3.281257e-03
3.287808e-03
3.294366e-03
3.300930e-03
3.307501e-03
3.314078e-03
3.320662e-03
3.327252e-03
3.333849e-03
3.340453e-03
3.347063e-03
3.353679e-03
3.360302e-03
3.366932e-03
3.373568e-03
3.380211e-03
3.386860e-03
3.393515e-03
3.400178e-03
3.406846e-03
3.413522e-03
3.420204e-03
3.426892e-03
3.433587e-03
3.440288e-03
3.446996e-03
3.453711e-03
3.460432e-03
3.467159e-03
3.473893e-03
3.480634e-03
3.487381e-03
3.494135e-03
3.500895e-03
3.507662e-03
3.514435e-03
3.521215e-03
3.528001e-03
3.534794e-03
3.541593e-03
3.548399e-03
3.555212e-03
3.562031e-03
3.568856e-03
3.575688e-03
3.582527e-03
3.589372e-03
3.596223e-03
3.603082e-03
3.609946e-03
3.616818e-03
3.623695e-03
3.630580e-03
3.637470e-03
3.644368e-03
3.651272e-03
3.658182e-03
3.665099e-03
3.672023e-03
3.678953e-03
3.685889e-03
3.692832e-03
3.699782e-03
3.706738e-03
3.713701e-03
3.720670e-03
3.727646e-03
3.734628e-03
3.741617e-03
3.748612e-03
3.755614e-03
3.762622e-03
3.769637e-03
3.776659e-03
3.783687e-03
3.790721e-03
3.797762e-03
3.804810e-03
3.811864e-03
3.818925e-03
3.825992e-03
3.833066e-03
3.840146e-03
3.847233e-03
3.854326e-03
3.861426e-03
3.868532e-03
3.875645e-03
3.882764e-03
3.889890e-03
3.897023e-03
3.904162e-03
3.911307e-03
3.918460e-03
3.925618e-03
3.932783e-03
3.939955e-03
3.947133e-03
3.954318e-03
3.961509e-03
3.968707e-03
3.975911e-03
3.983122e-03
3.990340e-03
3.997564e-03
4.004794e-03
4.012031e-03
4.019275e-03
4.026525e-03
4.033781e-03
4.041045e-03
4.048314e-03
4.055590e-03
4.062873e-03
4.070162e-03
4.077458e-03
4.084760e-03
4.092069e-03
4.099385e-03
4.106707e-03
4.114035e-03
4.121370e-03
4.128712e-03
4.136060e-03
4.143414e-03
4.150775e-03
4.158143e-03
4.165517e-03
4.172898e-03
4.180285e-03
4.187679e-03
4.195079e-03
4.202486e-03
4.209899e-03
4.217319e-03
4.224746e-03
4.232179e-03
4.239618e-03
4.247064e-03
4.254517e-03
4.261976e-03
4.269441e-03
4.276913e-03
4.284392e-03
4.291877e-03
4.299369e-03
4.306867e-03
4.314372e-03
4.321883e-03
4.329401e-03
4.336926e-03
4.344457e-03
4.351994e-03
4.359538e-03
4.367089e-03
4.374646e-03
4.382209e-03
4.389779e-03
4.397356e-03
4.404939e-03
4.412529e-03
4.420125e-03
4.427728e-03
4.435337e-03
4.442953e-03
4.450575e-03
4.458204e-03
4.465840e-03
4.473482e-03
4.481130e-03
4.488785e-03
4.496447e-03
4.504115e-03
4.511790e-03
4.519471e-03
4.527158e-03
4.534853e-03
4.542553e-03
4.550261e-03
4.557974e-03
4.565695e-03
4.573422e-03
4.581155e-03
4.588895e-03
4.596641e-03
4.604394e-03
4.612154e-03
4.619920e-03
4.627693e-03
4.635472e-03
4.643257e-03
4.651050e-03
4.658848e-03
4.666654e-03
4.674465e-03
4.682284e-03
4.690109e-03
4.697940e-03
4.705778e-03
4.713622e-03
4.721473e-03
4.729331e-03
4.737195e-03
4.745065e-03
4.752942e-03
4.760826e-03
4.768716e-03
4.776613e-03
4.784516e-03
4.792426e-03
4.800342e-03
4.808265e-03
4.816194e-03
4.824130e-03
4.832073e-03
4.840022e-03
4.847977e-03
4.855939e-03
4.863908e-03
4.871883e-03
4.879864e-03
4.887853e-03
4.895847e-03
4.903848e-03
4.911856e-03
4.919870e-03
4.927891e-03
4.935919e-03
4.943952e-03
4.951993e-03
4.960040e-03
4.968093e-03
4.976153e-03
4.984220e-03
4.992293e-03
5.000372e-03
5.008458e-03
5.016551e-03
5.024650e-03
5.032756e-03
5.040868e-03
5.048987e-03
5.057112e-03
5.065244e-03
5.073382e-03
5.081527e-03
5.089679e-03
5.097837e-03
5.106001e-03
5.114172e-03
5.122350e-03
5.130534e-03
5.138725e-03
5.146922e-03
5.155125e-03
5.163336e-03
5.171552e-03
5.179776e-03
5.188005e-03
5.196242e-03
5.204485e-03
5.212734e-03
5.220990e-03
5.229252e-03
5.237521e-03
5.245797e-03
5.254079e-03
5.262368e-03
5.270663e-03
5.278964e-03
5.287273e-03
5.295587e-03
5.303909e-03
5.312236e-03
5.320571e-03
5.328911e-03
5.337259e-03
5.345613e-03
5.353973e-03
5.362340e-03
5.370714e-03
5.379094e-03
5.387480e-03
5.395873e-03
5.404273e-03
5.412679e-03
5.421092e-03
5.429511e-03
5.437937e-03
5.446369e-03
5.454808e-03
5.463253e-03
5.471705e-03
5.480164e-03
5.488628e-03
5.497100e-03
5.505578e-03
5.514063e-03
5.522554e-03
5.531051e-03
5.539555e-03
5.548066e-03
5.556583e-03
5.565107e-03
5.573637e-03
5.582174e-03
5.590717e-03
5.599267e-03
5.607824e-03
5.616386e-03
5.624956e-03
5.633532e-03
5.642114e-03
5.650703e-03
5.659299e-03
5.667901e-03
5.676510e-03
5.685125e-03
5.693747e-03
5.702375e-03
5.711010e-03
5.719651e-03
5.728299e-03
5.736953e-03
5.745614e-03
5.754281e-03
5.762955e-03
5.771636e-03
5.780323e-03
5.789016e-03
5.797717e-03
5.806423e-03
5.815136e-03
5.823856e-03
5.832582e-03
5.841315e-03
5.850054e-03
5.858800e-03
5.867552e-03
5.876311e-03
5.885077e-03
5.893849e-03
5.902627e-03
5.911412e-03
5.920204e-03
5.929002e-03
5.937806e-03
5.946617e-03
5.955435e-03
5.964259e-03
5.973090e-03
5.981927e-03
5.990771e-03
5.999621e-03
6.008478e-03
6.017341e-03
6.026211e-03
6.035088e-03
6.043971e-03
6.052860e-03
6.061756e-03
6.070659e-03
6.079568e-03
6.088483e-03
6.097406e-03
6.106334e-03
6.115270e-03
6.124211e-03
6.133160e-03
6.142114e-03
6.151076e-03
6.160044e-03
6.169018e-03
6.177999e-03
6.186986e-03
6.195980e-03
6.204981e-03
6.213988e-03
6.223002e-03
6.232022e-03
6.241048e-03
6.250082e-03
6.259121e-03
6.268168e-03
6.277220e-03
6.286280e-03
6.295346e-03
6.304418e-03
6.313497e-03
6.322582e-03
6.331674e-03
6.340773e-03
6.349878e-03
6.358989e-03
6.368108e-03
6.377232e-03
6.386363e-03
6.395501e-03
6.404645e-03
6.413796e-03
6.422953e-03
6.432117e-03
6.441288e-03
6.450464e-03
6.459648e-03
6.468838e-03
6.478034e-03
6.487237e-03
6.496447e-03
6.505663e-03
6.514886e-03
6.524115e-03
6.533350e-03
6.542593e-03
6.551841e-03
6.561097e-03
6.570358e-03
6.579627e-03
6.588902e-03
6.598183e-03
6.607471e-03
6.616765e-03
6.626066e-03
6.635374e-03
6.644688e-03
6.654008e-03
6.663336e-03
6.672669e-03
6.682009e-03
6.691356e-03
6.700709e-03
6.710069e-03
6.719435e-03
6.728808e-03
6.738188e-03
6.747574e-03
6.756966e-03
6.766365e-03
6.775770e-03
6.785182e-03
6.794601e-03
6.804026e-03
6.813458e-03
6.822896e-03
6.832341e-03
6.841792e-03
6.851249e-03
6.860714e-03
6.870185e-03
6.879662e-03
6.889146e-03
6.898636e-03
6.908133e-03
6.917637e-03
6.927147e-03
6.936663e-03
6.946186e-03
6.955716e-03
6.965252e-03
6.974795e-03
6.984344e-03
6.993899e-03
7.003462e-03
7.013031e-03
7.022606e-03
7.032188e-03
7.041776e-03
7.051371e-03
7.060972e-03
7.070580e-03
7.080195e-03
7.089816e-03
7.099444e-03
7.109078e-03
7.118718e-03
7.128365e-03
7.138019e-03
7.147679e-03
7.157346e-03
7.167019e-03
7.176699e-03
7.186386e-03
7.196078e-03
7.205778e-03
7.215484e-03
7.225196e-03
7.234915e-03
7.244641e-03
7.254373e-03
7.264112e-03
7.273857e-03
7.283608e-03
7.293367e-03
7.303131e-03
7.312903e-03
7.322680e-03
7.332465e-03
7.342255e-03
7.352053e-03
7.361857e-03
7.371667e-03
7.381484e-03
7.391308e-03
7.401138e-03
7.410974e-03
7.420817e-03
7.430667e-03
7.440523e-03
7.450386e-03
7.460255e-03
7.470131e-03
7.480013e-03
7.489902e-03
7.499798e-03
7.509035e-03
7.518239e-03
7.527411e-03
7.536551e-03
7.545658e-03
7.554732e-03
7.563774e-03
7.572783e-03
7.581759e-03
7.590703e-03
7.599615e-03
7.608494e-03
7.617340e-03
7.626154e-03
7.634935e-03
7.643683e-03
7.652399e-03
7.661083e-03
7.669734e-03
7.678352e-03
7.686938e-03
7.695491e-03
7.704011e-03
7.712499e-03
7.720955e-03
7.729378e-03
7.737768e-03
7.746126e-03
7.754451e-03
7.762744e-03
7.771004e-03
7.779231e-03
7.787426e-03
7.795588e-03
7.803718e-03
7.811815e-03
7.819880e-03
7.827912e-03
7.835911e-03
7.843878e-03
7.851812e-03
7.859714e-03
7.867583e-03
7.875420e-03
7.883224e-03
7.890995e-03
7.898734e-03
7.906440e-03
7.914114e-03
7.921755e-03
7.929364e-03
7.936940e-03
7.944483e-03
7.951994e-03
7.959473e-03
7.966918e-03
7.974331e-03
7.981712e-03
7.989060e-03
7.996375e-03
8.003658e-03
8.010909e-03
8.018126e-03
8.025312e-03
8.032464e-03
8.039584e-03
8.046672e-03
8.053726e-03
8.060749e-03
8.067739e-03
8.074696e-03
8.081620e-03
8.088512e-03
8.095372e-03
8.102199e-03
8.108993e-03
8.115755e-03
8.122484e-03
8.129180e-03
8.135845e-03
8.142476e-03
8.149075e-03
8.155641e-03
8.162175e-03
8.168676e-03
8.175145e-03
8.181581e-03
8.187984e-03
8.194355e-03
8.200693e-03
8.206999e-03
8.213272e-03
8.219513e-03
8.225721e-03
8.231896e-03
8.238039e-03
8.244150e-03
8.250227e-03
8.256272e-03
8.262285e-03
8.268265e-03
8.274213e-03
8.280127e-03
8.286010e-03
8.291860e-03
8.297677e-03
8.303461e-03
8.309213e-03
8.314933e-03
8.320620e-03
8.326274e-03
8.331896e-03
8.337485e-03
8.343042e-03
8.348566e-03
8.354057e-03
8.359516e-03
8.364942e-03
8.370336e-03
8.375697e-03
8.381026e-03
8.386322e-03
8.391585e-03
8.396816e-03
8.402015e-03
8.407180e-03
8.412313e-03
8.417414e-03
8.422482e-03
8.427518e-03
8.432520e-03
8.437491e-03
8.442429e-03
8.447334e-03
8.452206e-03
8.457046e-03
8.461854e-03
8.466629e-03
8.471371e-03
8.476081e-03
8.480758e-03
8.485403e-03
8.490015e-03
8.494594e-03
8.499141e-03
8.503655e-03
8.508137e-03
8.512586e-03
8.517003e-03
8.521387e-03
8.525738e-03
8.530057e-03
8.534344e-03
8.538597e-03
8.542819e-03
8.547007e-03
8.551163e-03
8.555287e-03
8.559378e-03
8.563436e-03
8.567462e-03
8.571455e-03
8.575416e-03
8.579344e-03
8.583239e-03
8.587102e-03
8.590932e-03
8.594730e-03
8.598495e-03
8.602228e-03
8.605928e-03
8.609595e-03
8.613230e-03
8.616833e-03
8.620402e-03
8.623940e-03
8.627444e-03
8.630916e-03
8.634356e-03
8.637763e-03
8.641137e-03
8.644479e-03
8.647788e-03
8.651065e-03
8.654309e-03
8.657520e-03
8.660699e-03
8.663845e-03
8.666959e-03
8.670040e-03
8.673089e-03
8.676105e-03
8.679089e-03
8.682039e-03
8.684958e-03
8.687844e-03
8.690697e-03
8.693517e-03
8.696305e-03
8.699061e-03
8.701784e-03
8.704474e-03
8.707132e-03
8.709757e-03
8.712350e-03
8.714910e-03
8.717437e-03
8.719932e-03
8.722395e-03
8.724824e-03
8.727222e-03
8.729586e-03
8.731918e-03
8.734218e-03
8.736485e-03
8.738719e-03
8.740921e-03
8.743090e-03
8.745227e-03
8.747331e-03
8.749402e-03
8.751441e-03
8.753448e-03
8.755421e-03
8.757363e-03
8.759271e-03
8.761147e-03
8.762991e-03
8.764802e-03
8.766580e-03
8.768326e-03
8.770039e-03
8.771720e-03
8.773368e-03
8.774983e-03
8.776566e-03
8.778116e-03
8.779634e-03
8.781119e-03
8.782572e-03
8.783992e-03
8.785380e-03
8.786735e-03
8.788057e-03
8.789347e-03
8.790604e-03
8.791829e-03
8.793021e-03
8.794180e-03
8.795307e-03
8.796401e-03
8.797463e-03
8.798492e-03
8.799489e-03
8.800453e-03
8.801385e-03
8.802284e-03
8.803150e-03
8.803984e-03
8.804785e-03
8.805554e-03
8.806290e-03
8.806993e-03
8.807664e-03
8.808302e-03
8.808908e-03
8.809481e-03
8.810022e-03
8.810530e-03
8.811006e-03
8.811449e-03
8.811859e-03
8.812237e-03
8.812582e-03
8.812895e-03
8.813175e-03
8.813422e-03
8.813637e-03
8.813819e-03
8.813969e-03
8.814087e-03
8.814171e-03
8.814223e-03
8.814243e-03
8.814230e-03
8.814184e-03
8.814106e-03
8.813995e-03
8.813852e-03
8.813676e-03
8.813467e-03
8.813226e-03
8.812953e-03
8.812646e-03
8.812308e-03
8.811936e-03
8.811532e-03
8.811096e-03
8.810627e-03
8.810125e-03
8.809813e-03
8.809813e-03
8.809813e-03
8.809813e-03
8.809813e-03
8.809813e-03
8.809813e-03
8.809813e-03
8.809813e-03
8.809813e-03
8.809813e-03
8.809813e-03
8.809813e-03
8.809813e-03
8.809813e-03
8.809813e-03
8.809813e-03
8.809813e-03
8.809813e-03
8.809813e-03
8.809813e-03
8.809813e-03
8.809813e-03
8.809813e-03
8.809813e-03
8.809813e-03
8.809813e-03
8.809813e-03
8.809813e-03
8.809813e-03
8.809813e-03
8.809813e-03
8.809813e-03
8.809813e-03
8.809813e-03
8.809813e-03
8.809813e-03
8.809813e-03
8.809813e-03
8.809813e-03
8.809813e-03
8.809813e-03
8.809813e-03
8.809813e-03
8.809813e-03
8.809813e-03
8.809813e-03
8.809813e-03
8.809813e-03
8.809813e-03
8.809813e-03
8.809813e-03
8.809813e-03
8.809813e-03
8.809813e-03
8.809813e-03
8.809813e-03
8.809813e-03
8.809813e-03
8.809813e-03
8.809813e-03
8.809813e-03
8.809813e-03
8.809813e-03
8.809813e-03
8.809813e-03
8.809813e-03
8.809813e-03
8.809813e-03
8.809813e-03
8.809813e-03
8.809813e-03
8.809813e-03
8.809813e-03
8.809813e-03
8.809813e-03
8.809813e-03
8.809813e-03
8.809813e-03
8.809813e-03
8.809813e-03
8.809813e-03
8.809813e-03
8.809813e-03
8.809813e-03
8.809813e-03
8.809813e-03
8.809813e-03
8.809813e-03
8.809813e-03
8.809813e-03
8.809813e-03
8.809813e-03
8.809813e-03
8.809813e-03
8.809813e-03
8.809813e-03
8.809813e-03
8.809813e-03
8.809813e-03
8.809813e-03
8.809813e-03
8.809813e-03
8.809813e-03
8.809813e-03
8.809813e-03
8.809813e-03
8.809813e-03
8.809813e-03
8.809813e-03
8.809813e-03
8.809813e-03
8.809813e-03
8.809813e-03
8.809813e-03
8.809813e-03
8.809813e-03
8.809813e-03
8.809813e-03
8.809813e-03
8.809813e-03
8.809813e-03
8.809813e-03
8.809813e-03
8.809813e-03
8.809813e-03
8.809813e-03
8.809813e-03
8.809813e-03
8.809813e-03
8.809813e-03
8.809813e-03
8.809813e-03
8.809813e-03
8.809813e-03
8.809813e-03
8.809813e-03
8.809813e-03
8.809813e-03
8.809813e-03
8.809813e-03
8.809813e-03
8.809813e-03
8.809813e-03
8.809813e-03
8.809813e-03
8.809813e-03
8.809813e-03
8.809813e-03
8.809813e-03
8.809813e-03
8.809813e-03
8.809813e-03
8.809813e-03
8.809813e-03
8.809813e-03
8.809813e-03
8.809813e-03
8.809813e-03
8.809813e-03
8.809813e-03
8.809813e-03
8.809813e-03
8.809813e-03
8.809813e-03
8.809813e-03
8.809813e-03
8.809813e-03
8.809813e-03
8.809813e-03
8.809813e-03
8.809813e-03
8.809813e-03
8.809813e-03
8.809813e-03
8.809813e-03
8.809813e-03
8.809813e-03
8.809813e-03
8.809813e-03
8.809813e-03
8.809813e-03
8.809813e-03
8.809813e-03
8.809813e-03
8.809813e-03
8.809813e-03
8.809813e-03
8.809813e-03
8.809813e-03
8.809813e-03
8.809813e-03
8.809813e-03
8.809813e-03
8.809813e-03
8.809813e-03
8.809813e-03
8.809813e-03
8.809813e-03
8.809813e-03
8.809813e-03
