0.000000e+00
1.110371e-07
2.283831e-07
3.520380e-07
4.820019e-07
6.182747e-07
7.608564e-07
9.097470e-07
1.064947e-06
1.226455e-06
1.394273e-06
1.568399e-06
1.748834e-06
1.935578e-06
2.128631e-06
2.327993e-06
2.533664e-06
2.745644e-06
2.963933e-06
3.188531e-06
3.419438e-06
3.656653e-06
3.900178e-06
4.150011e-06
4.406153e-06
4.668605e-06
4.937365e-06
5.212434e-06
5.493812e-06
5.781499e-06
6.075495e-06
6.375800e-06
6.682414e-06
6.995336e-06
7.314568e-06
7.640109e-06
7.971958e-06
8.310116e-06
8.654584e-06
9.005360e-06
9.362445e-06
9.725839e-06
1.009554e-05
1.047155e-05
1.085388e-05
1.124250e-05
1.163744e-05
1.203869e-05
1.244625e-05
1.286011e-05
1.328029e-05
1.370677e-05
1.413956e-05
1.457866e-05
1.502407e-05
1.547579e-05
1.593382e-05
1.639816e-05
1.686880e-05
1.734576e-05
1.782902e-05
1.831860e-05
1.881448e-05
1.931667e-05
1.982517e-05
2.033998e-05
2.086109e-05
2.138852e-05
2.192225e-05
2.246230e-05
2.300865e-05
2.356131e-05
2.412028e-05
2.468556e-05
2.525715e-05
2.583505e-05
2.641926e-05
2.700977e-05
2.760660e-05
2.820973e-05
2.881917e-05
2.943492e-05
3.005698e-05
3.068535e-05
3.132003e-05
3.196102e-05
3.260831e-05
3.326192e-05
3.392183e-05
3.458805e-05
3.526058e-05
3.593942e-05
3.662457e-05
3.731603e-05
3.801380e-05
3.871787e-05
3.942826e-05
4.014495e-05
4.086796e-05
4.159727e-05
4.233289e-05
4.307482e-05
4.382306e-05
4.457760e-05
4.533846e-05
4.610563e-05
4.687910e-05
4.765888e-05
4.844498e-05
4.923738e-05
5.003609e-05
5.084111e-05
5.165243e-05
5.247007e-05
5.329402e-05
5.412427e-05
5.496083e-05
5.580371e-05
5.665289e-05
5.750838e-05
5.837018e-05
5.923829e-05
6.011270e-05
6.099343e-05
6.188046e-05
6.277381e-05
6.367346e-05
6.457942e-05
6.549169e-05
6.641027e-05
6.733516e-05
6.826636e-05
6.920386e-05
7.014768e-05
7.109780e-05
7.205424e-05
7.301698e-05
7.398603e-05
7.496139e-05
7.594306e-05
7.693104e-05
7.792532e-05
7.892592e-05
7.993282e-05
8.094604e-05
8.196556e-05
8.299139e-05
8.402353e-05
8.506198e-05
8.610674e-05
8.715780e-05
8.821518e-05
8.927886e-05
9.034886e-05
9.142516e-05
9.250777e-05
9.359669e-05
9.469192e-05
9.579346e-05
9.690131e-05
9.801546e-05
9.913593e-05
1.002627e-04
1.013958e-04
1.025352e-04
1.036809e-04
1.048329e-04
1.059912e-04
1.071558e-04
1.083268e-04
1.095040e-04
1.106876e-04
1.118774e-04
1.130736e-04
1.142761e-04
1.154849e-04
1.167000e-04
1.179214e-04
1.191491e-04
1.203831e-04
1.216235e-04
1.228701e-04
1.241231e-04
1.253823e-04
1.266479e-04
1.279198e-04
1.291980e-04
1.304825e-04
1.317733e-04
1.330704e-04
1.343738e-04
1.356835e-04
1.369996e-04
1.383219e-04
1.396506e-04
1.409856e-04
1.423268e-04
1.436744e-04
1.450283e-04
1.463885e-04
1.477550e-04
1.491279e-04
1.505070e-04
1.518924e-04
1.532842e-04
1.546822e-04
1.560866e-04
1.574973e-04
1.589143e-04
1.603376e-04
1.617672e-04
1.632031e-04
1.646453e-04
1.660938e-04
1.675487e-04
1.690098e-04
1.704773e-04
1.719510e-04
1.734311e-04
1.749175e-04
1.764102e-04
1.779092e-04
1.794145e-04
1.809261e-04
1.824440e-04
1.839683e-04
1.854988e-04
1.870357e-04
1.885788e-04
1.901283e-04
1.916841e-04
1.932462e-04
1.948146e-04
1.963893e-04
1.979703e-04
1.995576e-04
2.011513e-04
2.027512e-04
2.043574e-04
2.059700e-04
2.075889e-04
2.092141e-04
2.108455e-04
2.124833e-04
2.141275e-04
2.157779e-04
2.174346e-04
2.190976e-04
2.207670e-04
2.224426e-04
2.241246e-04
2.258128e-04
2.275074e-04
2.292083e-04
2.309155e-04
2.326290e-04
2.343488e-04
2.360749e-04
2.378074e-04
2.395461e-04
2.412912e-04
2.430425e-04
2.448002e-04
2.465642e-04
2.483344e-04
2.501110e-04
2.518939e-04
2.536832e-04
2.554787e-04
2.572805e-04
2.590886e-04
2.609031e-04
2.627238e-04
2.645509e-04
2.663843e-04
2.682240e-04
2.700700e-04
2.719223e-04
2.737809e-04
2.756458e-04
2.775170e-04
2.793945e-04
2.812784e-04
2.831685e-04
2.850650e-04
2.869678e-04
2.888769e-04
2.907922e-04
2.927139e-04
2.946420e-04
2.965763e-04
2.985169e-04
3.004638e-04
3.024171e-04
3.043766e-04
3.063425e-04
3.083147e-04
3.102931e-04
3.122779e-04
3.142690e-04
3.162664e-04
3.182701e-04
3.202802e-04
3.222965e-04
3.243191e-04
3.263481e-04
3.283834e-04
3.304249e-04
3.324728e-04
3.345270e-04
3.365875e-04
3.386543e-04
3.407274e-04
3.428068e-04
3.448925e-04
3.469846e-04
3.490829e-04
3.511876e-04
3.532986e-04
3.554158e-04
3.575394e-04
3.596693e-04
3.618055e-04
3.639480e-04
3.660968e-04
3.682520e-04
3.704134e-04
3.725812e-04
3.747552e-04
3.769356e-04
3.791223e-04
3.813152e-04
3.835145e-04
3.857201e-04
3.879320e-04
3.901503e-04
3.923748e-04
3.946056e-04
3.968428e-04
3.990862e-04
4.013360e-04
4.035920e-04
4.058544e-04
4.081231e-04
4.103981e-04
4.126794e-04
4.149670e-04
4.172610e-04
4.195612e-04
4.218677e-04
4.241806e-04
4.264998e-04
4.288252e-04
4.311570e-04
4.334951e-04
4.358395e-04
4.381902e-04
4.405472e-04
4.429105e-04
4.452802e-04
4.476561e-04
4.500384e-04
4.524269e-04
4.548218e-04
4.572230e-04
4.596304e-04
4.620442e-04
4.644643e-04
4.668908e-04
4.693235e-04
4.717625e-04
4.742079e-04
4.766595e-04
4.791175e-04
4.815817e-04
4.840523e-04
4.865292e-04
4.890124e-04
4.915019e-04
4.939977e-04
4.964998e-04
4.990082e-04
5.015230e-04
5.040440e-04
5.065714e-04
5.091050e-04
5.116450e-04
5.141913e-04
5.167439e-04
5.193028e-04
5.218680e-04
5.244395e-04
5.270173e-04
5.296015e-04
5.321919e-04
5.347887e-04
5.373917e-04
5.400011e-04
5.426168e-04
5.452388e-04
5.478671e-04
5.505017e-04
5.531426e-04
5.557898e-04
5.584434e-04
5.611032e-04
5.637694e-04
5.664418e-04
5.691206e-04
5.718057e-04
5.744971e-04
5.771947e-04
5.798988e-04
5.826091e-04
5.853257e-04
5.880486e-04
5.907779e-04
5.935134e-04
5.962553e-04
5.990034e-04
6.017579e-04
6.045187e-04
6.072858e-04
6.100592e-04
6.128389e-04
6.156249e-04
6.184173e-04
6.212159e-04
6.240209e-04
6.268321e-04
6.296497e-04
6.324736e-04
6.353037e-04
6.381402e-04
6.409830e-04
6.438321e-04
6.466876e-04
6.495493e-04
6.524173e-04
6.552917e-04
6.581723e-04
6.610593e-04
6.639526e-04
6.668521e-04
6.697580e-04
6.726702e-04
6.755887e-04
6.785136e-04
6.814447e-04
6.843821e-04
6.873259e-04
6.902759e-04
6.932323e-04
6.961950e-04
6.991639e-04
7.021392e-04
7.051208e-04
7.081087e-04
7.111030e-04
7.141035e-04
7.171103e-04
7.201235e-04
7.231429e-04
7.261687e-04
7.292007e-04
7.322391e-04
7.352838e-04
7.383348e-04
7.413921e-04
7.444557e-04
7.475256e-04
7.506019e-04
7.536844e-04
7.567733e-04
7.598684e-04
7.629699e-04
7.660777e-04
7.691918e-04
7.723121e-04
7.754388e-04
7.785719e-04
7.817112e-04
7.848568e-04
7.880088e-04
7.911670e-04
7.943316e-04
7.975024e-04
8.006796e-04
8.038631e-04
8.070529e-04
8.102490e-04
8.134514e-04
8.166601e-04
8.198751e-04
8.230965e-04
8.263241e-04
8.295581e-04
8.327983e-04
8.360449e-04
8.392978e-04
8.425570e-04
8.458225e-04
8.490943e-04
8.523724e-04
8.556568e-04
8.589476e-04
8.622446e-04
8.655480e-04
8.688576e-04
8.721736e-04
8.754959e-04
8.788245e-04
8.821594e-04
8.855006e-04
8.888481e-04
8.922019e-04
8.955620e-04
8.989285e-04
9.023012e-04
9.056803e-04
9.090657e-04
9.124574e-04
9.158553e-04
9.192596e-04
9.226702e-04
9.260872e-04
9.295104e-04
9.329399e-04
9.363757e-04
9.398179e-04
9.432664e-04
9.467211e-04
9.501822e-04
9.536496e-04
9.571233e-04
9.606033e-04
9.640896e-04
9.675822e-04
9.710811e-04
9.745864e-04
9.780979e-04
9.816158e-04
9.851400e-04
9.886704e-04
9.922072e-04
9.957503e-04
9.992997e-04
1.002855e-03
1.006417e-03
1.009986e-03
1.013560e-03
1.017141e-03
1.020729e-03
1.024322e-03
1.027922e-03
1.031528e-03
1.035141e-03
1.038760e-03
1.042385e-03
1.046016e-03
1.049654e-03
1.053298e-03
1.056948e-03
1.060605e-03
1.064268e-03
1.067937e-03
1.071613e-03
1.075295e-03
1.078983e-03
1.082677e-03
1.086378e-03
1.090085e-03
1.093799e-03
1.097518e-03
1.101244e-03
1.104977e-03
1.108715e-03
1.112460e-03
1.116212e-03
1.119969e-03
1.123733e-03
1.127503e-03
1.131280e-03
1.135063e-03
1.138852e-03
1.142647e-03
1.146449e-03
1.150257e-03
1.154072e-03
1.157892e-03
1.161719e-03
1.165553e-03
1.169392e-03
1.173238e-03
1.177090e-03
1.180949e-03
1.184814e-03
1.188685e-03
1.192562e-03
1.196446e-03
1.200336e-03
1.204233e-03
1.208135e-03
1.212044e-03
1.215960e-03
1.219881e-03
1.223809e-03
1.227743e-03
1.231684e-03
1.235631e-03
1.239584e-03
1.243543e-03
1.247509e-03
1.251481e-03
1.255460e-03
1.259444e-03
1.263435e-03
1.267433e-03
1.271436e-03
1.275446e-03
1.279463e-03
1.283485e-03
1.287514e-03
1.291549e-03
1.295591e-03
1.299639e-03
1.303693e-03
1.307753e-03
1.311820e-03
1.315893e-03
1.319972e-03
1.324058e-03
1.328150e-03
1.332248e-03
1.336353e-03
1.340464e-03
1.344581e-03
1.348704e-03
1.352834e-03
1.356970e-03
1.361113e-03
1.365262e-03
1.369417e-03
1.373578e-03
1.377746e-03
1.381920e-03
1.386100e-03
1.390287e-03
1.394479e-03
1.398679e-03
1.402884e-03
1.407096e-03
1.411314e-03
1.415539e-03
1.419769e-03
1.424006e-03
1.428250e-03
1.432500e-03
1.436756e-03
1.441018e-03
1.445286e-03
1.449561e-03
1.453843e-03
1.458130e-03
1.462424e-03
1.466724e-03
1.471031e-03
1.475343e-03
1.479663e-03
1.483988e-03
1.488320e-03
1.492658e-03
1.497002e-03
1.501353e-03
1.505710e-03
1.510073e-03
1.514442e-03
1.518818e-03
1.523200e-03
1.527589e-03
1.531984e-03
1.536385e-03
1.540792e-03
1.545206e-03
1.549626e-03
1.554052e-03
1.558485e-03
1.562924e-03
1.567369e-03
1.571821e-03
1.576279e-03
1.580743e-03
1.585213e-03
1.589690e-03
1.594173e-03
1.598663e-03
1.603159e-03
1.607661e-03
1.612169e-03
1.616684e-03
1.621205e-03
1.625732e-03
1.630265e-03
1.634805e-03
1.639352e-03
1.643904e-03
1.648463e-03
1.653028e-03
1.657599e-03
1.662177e-03
1.666761e-03
1.671352e-03
1.675948e-03
1.680551e-03
1.685161e-03
1.689776e-03
1.694398e-03
1.699026e-03
1.703661e-03
1.708302e-03
1.712949e-03
1.717602e-03
1.722262e-03
1.726928e-03
1.731601e-03
1.736279e-03
1.740964e-03
1.745656e-03
1.750353e-03
1.755057e-03
1.759767e-03
1.764484e-03
1.769207e-03
1.773936e-03
1.778672e-03
1.783413e-03
1.788161e-03
1.792916e-03
1.797677e-03
1.802444e-03
1.807217e-03
1.811997e-03
1.816782e-03
1.821575e-03
1.826373e-03
1.831178e-03
1.835989e-03
1.840807e-03
1.845631e-03
1.850461e-03
1.855297e-03
1.860140e-03
1.864989e-03
1.869844e-03
1.874706e-03
1.879574e-03
1.884448e-03
1.889329e-03
1.894216e-03
1.899109e-03
1.904008e-03
1.908914e-03
1.913826e-03
1.918745e-03
1.923670e-03
1.928601e-03
1.933538e-03
1.938482e-03
1.943432e-03
1.948388e-03
1.953351e-03
1.958319e-03
1.963295e-03
1.968276e-03
1.973264e-03
1.978258e-03
1.983259e-03
1.988265e-03
1.993278e-03
1.998298e-03
2.003324e-03
2.008356e-03
2.013394e-03
2.018438e-03
2.023489e-03
2.028547e-03
2.033610e-03
2.038680e-03
2.043756e-03
2.048839e-03
2.053927e-03
2.059023e-03
2.064124e-03
2.069232e-03
2.074346e-03
2.079466e-03
2.084593e-03
2.089726e-03
2.094865e-03
2.100010e-03
2.105162e-03
2.110320e-03
2.115485e-03
2.120656e-03
2.125833e-03
2.131016e-03
2.136206e-03
2.141402e-03
2.146604e-03
2.151813e-03
2.157028e-03
2.162249e-03
2.167477e-03
2.172711e-03
2.177951e-03
2.183197e-03
2.188450e-03
2.193709e-03
2.198975e-03
2.204246e-03
2.209524e-03
2.214809e-03
2.220099e-03
2.225396e-03
2.230700e-03
2.236009e-03
2.241325e-03
2.246647e-03
2.251976e-03
2.257311e-03
2.262652e-03
2.267999e-03
2.273353e-03
2.278713e-03
2.284080e-03
2.289452e-03
2.294831e-03
2.300217e-03
2.305608e-03
2.311006e-03
2.316410e-03
2.321821e-03
2.327238e-03
2.332661e-03
2.338090e-03
2.343526e-03
2.348968e-03
2.354417e-03
2.359871e-03
2.365332e-03
2.370800e-03
2.376273e-03
2.381753e-03
2.387239e-03
2.392732e-03
2.398231e-03
2.403736e-03
2.409247e-03
2.414765e-03
2.420289e-03
2.425820e-03
2.431356e-03
2.436899e-03
2.442449e-03
2.448004e-03
2.453566e-03
2.459135e-03
2.464709e-03
2.470290e-03
2.475877e-03
2.481471e-03
2.487070e-03
2.492677e-03
2.498289e-03
2.503908e-03
2.509533e-03
2.515164e-03
2.520802e-03
2.526446e-03
2.532096e-03
2.537753e-03
2.543416e-03
2.549085e-03
2.554760e-03
2.560442e-03
2.566130e-03
2.571825e-03
2.577525e-03
2.583232e-03
2.588946e-03
2.594665e-03
2.600391e-03
2.606124e-03
2.611862e-03
2.617607e-03
2.623358e-03
2.629116e-03
2.634880e-03
2.640650e-03
2.646426e-03
2.652209e-03
2.657998e-03
2.663794e-03
2.669595e-03
2.675403e-03
2.681218e-03
2.687038e-03
2.692865e-03
2.698698e-03
2.704538e-03
2.710384e-03
2.716236e-03
2.722094e-03
2.727959e-03
2.733830e-03
2.739708e-03
2.745591e-03
2.751481e-03
2.757378e-03
2.763280e-03
2.769189e-03
2.775104e-03
2.781026e-03
2.786954e-03
2.792888e-03
2.798829e-03
2.804775e-03
2.810728e-03
2.816688e-03
2.822654e-03
2.828626e-03
2.834604e-03
2.840589e-03
2.846580e-03
2.852577e-03
2.858580e-03
2.864590e-03
2.870606e-03
2.876629e-03
2.882658e-03
2.888693e-03
2.894734e-03
2.900782e-03
2.906836e-03
2.912896e-03
2.918963e-03
2.925036e-03
2.931115e-03
2.937201e-03
2.943293e-03
2.949391e-03
2.955496e-03
2.961606e-03
2.967724e-03
2.973847e-03
2.979977e-03
2.986113e-03
2.992255e-03
2.998404e-03
3.004559e-03
3.010720e-03
3.016888e-03
3.023062e-03
3.029242e-03
3.035428e-03
3.041621e-03
3.047820e-03
3.054026e-03
3.060238e-03
3.066456e-03
3.072680e-03
3.078911e-03
3.085148e-03
3.091391e-03
3.097641e-03
3.103897e-03
3.110159e-03
3.116427e-03
3.122702e-03
3.128983e-03
3.135271e-03
3.141565e-03
3.147865e-03
3.154171e-03
3.160484e-03
3.166803e-03
3.173128e-03
3.179460e-03
3.185798e-03
3.192142e-03
3.198493e-03
3.204850e-03
3.211213e-03
3.217582e-03
3.223958e-03
3.230340e-03
3.236729e-03
3.243123e-03
3.249524e-03
3.255932e-03
3.262345e-03
3.268765e-03
3.275192e-03
3.281624e-03
3.288063e-03
3.294508e-03
3.300960e-03
3.307418e-03
3.313882e-03
3.320352e-03
3.326829e-03
3.333312e-03
3.339801e-03
3.346297e-03
3.352799e-03
3.359307e-03
3.365822e-03
3.372343e-03
3.378870e-03
3.385403e-03
3.391943e-03
3.398489e-03
3.405042e-03
3.411601e-03
3.418166e-03
3.424737e-03
3.431315e-03
3.437899e-03
3.444489e-03
3.451086e-03
3.457689e-03
3.464298e-03
3.470913e-03
3.477535e-03
3.484163e-03
3.490798e-03
3.497439e-03
3.504086e-03
3.510739e-03
3.517399e-03
3.524065e-03
3.530737e-03
3.537416e-03
3.544101e-03
3.550792e-03
3.557489e-03
3.564193e-03
3.570903e-03
3.577620e-03
3.584343e-03
3.591072e-03
3.597807e-03
3.604549e-03
3.611297e-03
3.618051e-03
3.624812e-03
3.631579e-03
3.638352e-03
3.645132e-03
3.651918e-03
3.658710e-03
3.665508e-03
3.672313e-03
3.679124e-03
3.685942e-03
3.692765e-03
3.699595e-03
3.706432e-03
3.713274e-03
3.720123e-03
3.726979e-03
3.733840e-03
3.740708e-03
3.747582e-03
3.754463e-03
3.761350e-03
3.768243e-03
3.775142e-03
3.782048e-03
3.788960e-03
3.795879e-03
3.802803e-03
3.809734e-03
3.816671e-03
3.823615e-03
3.830565e-03
3.837521e-03
3.844484e-03
3.851453e-03
3.858428e-03
3.865409e-03
3.872397e-03
3.879391e-03
3.886391e-03
3.893398e-03
3.900411e-03
3.907430e-03
3.914456e-03
3.921488e-03
3.928526e-03
3.935571e-03
3.942622e-03
3.949679e-03
3.956742e-03
3.963812e-03
3.970888e-03
3.977970e-03
3.985059e-03
3.992154e-03
3.999256e-03
4.006363e-03
4.013477e-03
4.020597e-03
4.027724e-03
4.034857e-03
4.041996e-03
4.049141e-03
4.056293e-03
4.063451e-03
4.070616e-03
4.077787e-03
4.084964e-03
4.092147e-03
4.099337e-03
4.106533e-03
4.113735e-03
4.120943e-03
4.128158e-03
4.135379e-03
4.142607e-03
4.149841e-03
4.157081e-03
4.164327e-03
4.171580e-03
4.178839e-03
4.186104e-03
4.193376e-03
4.200654e-03
4.207938e-03
4.215229e-03
4.222526e-03
4.229829e-03
4.237139e-03
4.244454e-03
4.251777e-03
4.259105e-03
4.266440e-03
4.273781e-03
4.281128e-03
4.288482e-03
4.295842e-03
4.303208e-03
4.310581e-03
4.317960e-03
4.325345e-03
4.332737e-03
4.340134e-03
4.347539e-03
4.354949e-03
4.362366e-03
4.369789e-03
4.377218e-03
4.384654e-03
4.392096e-03
4.399544e-03
4.406999e-03
4.414460e-03
4.421927e-03
4.429401e-03
4.436880e-03
4.444367e-03
4.451859e-03
4.459358e-03
4.466863e-03
4.474374e-03
4.481892e-03
4.489416e-03
4.496946e-03
4.504483e-03
4.512026e-03
4.519575e-03
4.527131e-03
4.534693e-03
4.542261e-03
4.549835e-03
4.557416e-03
4.565003e-03
4.572597e-03
4.580197e-03
4.587803e-03
4.595415e-03
4.603034e-03
4.610659e-03
4.618290e-03
4.625927e-03
4.633571e-03
4.641222e-03
4.648878e-03
4.656541e-03
4.664210e-03
4.671885e-03
4.679567e-03
4.687255e-03
4.694950e-03
4.702650e-03
4.710357e-03
4.718071e-03
4.725790e-03
4.733516e-03
4.741248e-03
4.748987e-03
4.756732e-03
4.764483e-03
4.772240e-03
4.780004e-03
4.787774e-03
4.795550e-03
4.803333e-03
4.811122e-03
4.818917e-03
4.826719e-03
4.834527e-03
4.842341e-03
4.850162e-03
4.857989e-03
4.865822e-03
4.873661e-03
4.881507e-03
4.889359e-03
4.897218e-03
4.905082e-03
4.912953e-03
4.920831e-03
4.928714e-03
4.936604e-03
4.944500e-03
4.952403e-03
4.960312e-03
4.968227e-03
4.976148e-03
4.984076e-03
4.992010e-03
4.999951e-03
5.007898e-03
5.015851e-03
5.023810e-03
5.031776e-03
5.039747e-03
5.047726e-03
5.055710e-03
5.063701e-03
5.071698e-03
5.079702e-03
5.087712e-03
5.095728e-03
5.103750e-03
5.111779e-03
5.119814e-03
5.127855e-03
5.135903e-03
5.143957e-03
5.152017e-03
5.160084e-03
5.168157e-03
5.176236e-03
5.184322e-03
5.192413e-03
5.200512e-03
5.208616e-03
5.216727e-03
5.224844e-03
5.232967e-03
5.241097e-03
5.249233e-03
5.257375e-03
5.265524e-03
5.273679e-03
5.281840e-03
5.290007e-03
5.298181e-03
5.306361e-03
5.314548e-03
5.322741e-03
5.330940e-03
5.339145e-03
5.347357e-03
5.355575e-03
5.363799e-03
5.372030e-03
5.380267e-03
5.388510e-03
5.396759e-03
5.405015e-03
5.413278e-03
5.421546e-03
5.429821e-03
5.438102e-03
5.446389e-03
5.454683e-03
5.462983e-03
5.471289e-03
5.479602e-03
5.487921e-03
5.496246e-03
5.504578e-03
5.512916e-03
5.521260e-03
5.529610e-03
5.537967e-03
5.546330e-03
5.554700e-03
5.563075e-03
5.571457e-03
5.579846e-03
5.588240e-03
5.596641e-03
5.605049e-03
5.613462e-03
5.621882e-03
5.630308e-03
5.638741e-03
5.647180e-03
5.655625e-03
5.664076e-03
5.672534e-03
5.680998e-03
5.689468e-03
5.697945e-03
5.706428e-03
5.714917e-03
5.723413e-03
5.731915e-03
5.740423e-03
5.748938e-03
5.757458e-03
5.765986e-03
5.774519e-03
5.783059e-03
5.791605e-03
5.800157e-03
5.808716e-03
5.817281e-03
5.825852e-03
5.834430e-03
5.843014e-03
5.851604e-03
5.860201e-03
5.868803e-03
5.877413e-03
5.886028e-03
5.894650e-03
5.903278e-03
5.911912e-03
5.920553e-03
5.929200e-03
5.937853e-03
5.946513e-03
5.955179e-03
5.963851e-03
5.972530e-03
5.981215e-03
5.989906e-03
5.998603e-03
6.007307e-03
6.016017e-03
6.024734e-03
6.033456e-03
6.042185e-03
6.050921e-03
6.059662e-03
6.068410e-03
6.077164e-03
6.085925e-03
6.094692e-03
6.103465e-03
6.112245e-03
6.121030e-03
6.129823e-03
6.138621e-03
6.147426e-03
6.156237e-03
6.165054e-03
6.173878e-03
6.182708e-03
6.191544e-03
6.200387e-03
6.209236e-03
6.218091e-03
6.226952e-03
6.235820e-03
6.244694e-03
6.253575e-03
6.262461e-03
6.271354e-03
6.280254e-03
6.289159e-03
6.298071e-03
6.306990e-03
6.315914e-03
6.324845e-03
6.333783e-03
6.342726e-03
6.351676e-03
6.360632e-03
6.369595e-03
6.378563e-03
6.387538e-03
6.396520e-03
6.405507e-03
6.414501e-03
6.423502e-03
6.432508e-03
6.441521e-03
6.450541e-03
6.459566e-03
6.468598e-03
6.477636e-03
6.486681e-03
6.495731e-03
6.504788e-03
6.513852e-03
6.522922e-03
6.531998e-03
6.541080e-03
6.550169e-03
6.559264e-03
6.568365e-03
6.577472e-03
6.586586e-03
6.595706e-03
6.604833e-03
6.613966e-03
6.623105e-03
6.632250e-03
6.641402e-03
6.650560e-03
6.659724e-03
6.668895e-03
6.678072e-03
6.687255e-03
6.696445e-03
6.705641e-03
6.714843e-03
6.724051e-03
6.733266e-03
6.742487e-03
6.751715e-03
6.760949e-03
6.770189e-03
6.779435e-03
6.788688e-03
6.797947e-03
6.807212e-03
6.816483e-03
6.825761e-03
6.835046e-03
6.844336e-03
6.853633e-03
6.862936e-03
6.872246e-03
6.881561e-03
6.890883e-03
6.900212e-03
6.909546e-03
6.918887e-03
6.928235e-03
6.937588e-03
6.946948e-03
6.956314e-03
6.965687e-03
6.975066e-03
6.984451e-03
6.993842e-03
7.003240e-03
7.012644e-03
7.022055e-03
7.031471e-03
7.040894e-03
7.050324e-03
7.059759e-03
7.069201e-03
7.078650e-03
7.088104e-03
7.097565e-03
7.107032e-03
7.116506e-03
7.125985e-03
7.135472e-03
7.144964e-03
7.154463e-03
7.163968e-03
7.173479e-03
7.182997e-03
7.192521e-03
7.202051e-03
7.211587e-03
7.221130e-03
7.230680e-03
7.240235e-03
7.249797e-03
7.258700e-03
7.267572e-03
7.276413e-03
7.285222e-03
7.293999e-03
7.302745e-03
7.311460e-03
7.320143e-03
7.328795e-03
7.337415e-03
7.346004e-03
7.354561e-03
7.363087e-03
7.371581e-03
7.380044e-03
7.388475e-03
7.396875e-03
7.405244e-03
7.413581e-03
7.421887e-03
7.430161e-03
7.438404e-03
7.446615e-03
7.454795e-03
7.462943e-03
7.471060e-03
7.479145e-03
7.487199e-03
7.495221e-03
7.503212e-03
7.511172e-03
7.519100e-03
7.526997e-03
7.534862e-03
7.542696e-03
7.550498e-03
7.558269e-03
7.566008e-03
7.573716e-03
7.581392e-03
7.589037e-03
7.596651e-03
7.604233e-03
7.611783e-03
7.619302e-03
7.626790e-03
7.634246e-03
7.641671e-03
7.649064e-03
7.656426e-03
7.663756e-03
7.671055e-03
7.678322e-03
7.685558e-03
7.692763e-03
7.699936e-03
7.707077e-03
7.714188e-03
7.721266e-03
7.728313e-03
7.735329e-03
7.742313e-03
7.749266e-03
7.756188e-03
7.763077e-03
7.769936e-03
7.776763e-03
7.783558e-03
7.790322e-03
7.797055e-03
7.803756e-03
7.810426e-03
7.817064e-03
7.823671e-03
7.830246e-03
7.836790e-03
7.843302e-03
7.849783e-03
7.856232e-03
7.862650e-03
7.869037e-03
7.875392e-03
7.881715e-03
7.888008e-03
7.894268e-03
7.900497e-03
7.906695e-03
7.912861e-03
7.918996e-03
7.925100e-03
7.931172e-03
7.937212e-03
7.943221e-03
7.949198e-03
7.955145e-03
7.961059e-03
7.966942e-03
7.972794e-03
7.978614e-03
7.984403e-03
7.990160e-03
7.995886e-03
8.001580e-03
8.007243e-03
8.012875e-03
8.018475e-03
8.024043e-03
8.029580e-03
8.035086e-03
8.040560e-03
8.046003e-03
8.051414e-03
8.056794e-03
8.062142e-03
8.067459e-03
8.072744e-03
8.077998e-03
8.083221e-03
8.088412e-03
8.093571e-03
8.098699e-03
8.103796e-03
8.108861e-03
8.113895e-03
8.118897e-03
8.123868e-03
8.128807e-03
8.133715e-03
8.138591e-03
8.143436e-03
8.148250e-03
8.153032e-03
8.157782e-03
8.162501e-03
8.167189e-03
8.171845e-03
8.176470e-03
8.181063e-03
8.185625e-03
8.190155e-03
8.194654e-03
8.199121e-03
8.203557e-03
8.207962e-03
8.212335e-03
8.216676e-03
8.220986e-03
8.225265e-03
8.229512e-03
8.233728e-03
8.237912e-03
8.242065e-03
8.246186e-03
8.250276e-03
8.254335e-03
8.258362e-03
8.262357e-03
8.266321e-03
8.270254e-03
8.274155e-03
8.278024e-03
8.281863e-03
8.285669e-03
8.289445e-03
8.293188e-03
8.296901e-03
8.300582e-03
8.304231e-03
8.307849e-03
8.311435e-03
8.314990e-03
8.318514e-03
8.322006e-03
8.325467e-03
8.328896e-03
8.332294e-03
8.335660e-03
8.338995e-03
8.342298e-03
8.345570e-03
8.348810e-03
8.352019e-03
8.355197e-03
8.358343e-03
8.361458e-03
8.364541e-03
8.367592e-03
8.370613e-03
8.373601e-03
8.376559e-03
8.379484e-03
8.382379e-03
8.385242e-03
8.388073e-03
8.390873e-03
8.393642e-03
8.396379e-03
8.399084e-03
8.401758e-03
8.404401e-03
8.407012e-03
8.409592e-03
8.412140e-03
8.414657e-03
8.417142e-03
8.419596e-03
8.422019e-03
8.424410e-03
8.426769e-03
8.429097e-03
8.431394e-03
8.433659e-03
8.435893e-03
8.438095e-03
8.440266e-03
8.442405e-03
8.444513e-03
8.446589e-03
8.448634e-03
8.450648e-03
8.452630e-03
8.454580e-03
8.456499e-03
8.458387e-03
8.460243e-03
8.462068e-03
8.463861e-03
8.465623e-03
8.467353e-03
8.469052e-03
8.470719e-03
8.472355e-03
8.473960e-03
8.475533e-03
8.477074e-03
8.478584e-03
8.480063e-03
8.481510e-03
8.482926e-03
8.484310e-03
8.485663e-03
8.486984e-03
8.488274e-03
8.489532e-03
8.490759e-03
8.491955e-03
8.493119e-03
8.494251e-03
8.495353e-03
8.496422e-03
8.497460e-03
8.498467e-03
8.499442e-03
8.500386e-03
8.501298e-03
8.502179e-03
8.503029e-03
8.503847e-03
8.504633e-03
8.505388e-03
8.506112e-03
8.506804e-03
8.507464e-03
8.508094e-03
8.508691e-03
8.509258e-03
8.509792e-03
8.510296e-03
8.510768e-03
8.511208e-03
8.511617e-03
8.511995e-03
8.512341e-03
8.512655e-03
8.512938e-03
8.513190e-03
8.513410e-03
8.513599e-03
8.513756e-03
8.513882e-03
8.513976e-03
8.514039e-03
8.514071e-03
8.514071e-03
8.514039e-03
8.513976e-03
8.513882e-03
8.513756e-03
8.513598e-03
8.513410e-03
8.513189e-03
8.512938e-03
8.512654e-03
8.512340e-03
8.511994e-03
8.511616e-03
8.511207e-03
8.510767e-03
8.510295e-03
8.509791e-03
8.509479e-03
8.509479e-03
8.509479e-03
8.509479e-03
8.509479e-03
8.509479e-03
8.509479e-03
8.509479e-03
8.509479e-03
8.509479e-03
8.509479e-03
8.509479e-03
8.509479e-03
8.509479e-03
8.509479e-03
8.509479e-03
8.509479e-03
8.509479e-03
8.509479e-03
8.509479e-03
8.509479e-03
8.509479e-03
8.509479e-03
8.509479e-03
8.509479e-03
8.509479e-03
8.509479e-03
8.509479e-03
8.509479e-03
8.509479e-03
8.509479e-03
8.509479e-03
8.509479e-03
8.509479e-03
8.509479e-03
8.509479e-03
8.509479e-03
8.509479e-03
8.509479e-03
8.509479e-03
8.509479e-03
8.509479e-03
8.509479e-03
8.509479e-03
8.509479e-03
8.509479e-03
8.509479e-03
8.509479e-03
8.509479e-03
8.509479e-03
8.509479e-03
8.509479e-03
8.509479e-03
8.509479e-03
8.509479e-03
8.509479e-03
8.509479e-03
8.509479e-03
8.509479e-03
8.509479e-03
8.509479e-03
8.509479e-03
8.509479e-03
8.509479e-03
8.509479e-03
8.509479e-03
8.509479e-03
8.509479e-03
8.509479e-03
8.509479e-03
8.509479e-03
8.509479e-03
8.509479e-03
8.509479e-03
8.509479e-03
8.509479e-03
8.509479e-03
8.509479e-03
8.509479e-03
8.509479e-03
8.509479e-03
8.509479e-03
8.509479e-03
8.509479e-03
8.509479e-03
8.509479e-03
8.509479e-03
8.509479e-03
8.509479e-03
8.509479e-03
8.509479e-03
8.509479e-03
8.509479e-03
8.509479e-03
8.509479e-03
8.509479e-03
8.509479e-03
8.509479e-03
8.509479e-03
8.509479e-03
8.509479e-03
8.509479e-03
8.509479e-03
8.509479e-03
8.509479e-03
8.509479e-03
8.509479e-03
8.509479e-03
8.509479e-03
8.509479e-03
8.509479e-03
8.509479e-03
8.509479e-03
8.509479e-03
8.509479e-03
8.509479e-03
8.509479e-03
8.509479e-03
8.509479e-03
8.509479e-03
8.509479e-03
8.509479e-03
8.509479e-03
8.509479e-03
8.509479e-03
8.509479e-03
8.509479e-03
8.509479e-03
8.509479e-03
8.509479e-03
8.509479e-03
8.509479e-03
8.509479e-03
8.509479e-03
8.509479e-03
8.509479e-03
8.509479e-03
8.509479e-03
8.509479e-03
8.509479e-03
8.509479e-03
8.509479e-03
8.509479e-03
8.509479e-03
8.509479e-03
8.509479e-03
8.509479e-03
8.509479e-03
8.509479e-03
8.509479e-03
8.509479e-03
8.509479e-03
8.509479e-03
8.509479e-03
8.509479e-03
8.509479e-03
8.509479e-03
8.509479e-03
8.509479e-03
8.509479e-03
8.509479e-03
8.509479e-03
8.509479e-03
8.509479e-03
8.509479e-03
8.509479e-03
8.509479e-03
8.509479e-03
8.509479e-03
8.509479e-03
8.509479e-03
8.509479e-03
8.509479e-03
8.509479e-03
8.509479e-03
8.509479e-03
8.509479e-03
8.509479e-03
8.509479e-03
8.509479e-03
8.509479e-03
8.509479e-03
8.509479e-03
8.509479e-03
8.509479e-03
8.509479e-03
8.509479e-03
8.509479e-03
8.509479e-03
8.509479e-03
8.509479e-03
8.509479e-03
8.509479e-03
8.509479e-03
8.509479e-03
8.509479e-03
8.509479e-03
8.509479e-03
8.509479e-03
8.509479e-03
8.509479e-03
