0.000000e+00
1.110371e-07
2.284556e-07
3.522556e-07
4.824370e-07
6.189998e-07
7.619441e-07
9.112699e-07
1.066977e-06
1.229066e-06
1.397536e-06
1.572387e-06
1.753620e-06
1.941235e-06
2.135230e-06
2.335608e-06
2.542366e-06
2.755507e-06
2.975028e-06
3.200931e-06
3.433216e-06
3.671882e-06
3.916929e-06
4.168358e-06
4.426168e-06
4.690360e-06
4.960933e-06
5.237887e-06
5.521223e-06
5.810941e-06
6.107040e-06
6.409520e-06
6.718382e-06
7.033625e-06
7.355250e-06
7.683256e-06
8.017643e-06
8.358412e-06
8.705563e-06
9.059095e-06
9.419008e-06
9.785303e-06
1.015798e-05
1.053704e-05
1.092248e-05
1.131430e-05
1.171250e-05
1.211708e-05
1.252805e-05
1.294539e-05
1.336912e-05
1.379923e-05
1.423572e-05
1.467859e-05
1.512785e-05
1.558348e-05
1.604550e-05
1.651389e-05
1.698867e-05
1.746983e-05
1.795738e-05
1.845130e-05
1.895161e-05
1.945829e-05
1.997136e-05
2.049081e-05
2.101664e-05
2.154885e-05
2.208745e-05
2.263242e-05
2.318378e-05
2.374152e-05
2.430564e-05
2.487614e-05
2.545302e-05
2.603628e-05
2.662593e-05
2.722195e-05
2.782436e-05
2.843315e-05
2.904832e-05
2.966988e-05
3.029781e-05
3.093212e-05
3.157282e-05
3.221990e-05
3.287336e-05
3.353320e-05
3.419942e-05
3.487203e-05
3.555101e-05
3.623638e-05
3.692813e-05
3.762626e-05
3.833077e-05
3.904166e-05
3.975893e-05
4.048259e-05
4.121263e-05
4.194905e-05
4.269185e-05
4.344103e-05
4.419659e-05
4.495853e-05
4.572686e-05
4.650157e-05
4.728265e-05
4.807012e-05
4.886398e-05
4.966421e-05
5.047082e-05
5.128382e-05
5.210320e-05
5.292895e-05
5.376109e-05
5.459962e-05
5.544452e-05
5.629580e-05
5.715347e-05
5.801752e-05
5.888794e-05
5.976475e-05
6.064795e-05
6.153752e-05
6.243347e-05
6.333581e-05
6.424453e-05
6.515963e-05
6.608111e-05
6.700897e-05
6.794321e-05
6.888383e-05
6.983084e-05
7.078423e-05
7.174400e-05
7.271015e-05
7.368268e-05
7.466159e-05
7.564689e-05
7.663856e-05
7.763662e-05
7.864106e-05
7.965188e-05
8.066908e-05
8.169266e-05
8.272263e-05
8.375898e-05
8.480170e-05
8.585081e-05
8.690630e-05
8.796817e-05
8.903643e-05
9.011106e-05
9.119208e-05
9.227948e-05
9.337326e-05
9.447342e-05
9.557996e-05
9.669288e-05
9.781219e-05
9.893787e-05
1.000699e-04
1.012084e-04
1.023532e-04
1.035044e-04
1.046620e-04
1.058260e-04
1.069964e-04
1.081731e-04
1.093562e-04
1.105457e-04
1.117416e-04
1.129439e-04
1.141525e-04
1.153675e-04
1.165889e-04
1.178167e-04
1.190509e-04
1.202915e-04
1.215384e-04
1.227917e-04
1.240514e-04
1.253175e-04
1.265899e-04
1.278688e-04
1.291540e-04
1.304456e-04
1.317436e-04
1.330480e-04
1.343587e-04
1.356758e-04
1.369993e-04
1.383292e-04
1.396655e-04
1.410082e-04
1.423572e-04
1.437126e-04
1.450744e-04
1.464426e-04
1.478172e-04
1.491981e-04
1.505854e-04
1.519791e-04
1.533792e-04
1.547857e-04
1.561985e-04
1.576178e-04
1.590434e-04
1.604754e-04
1.619138e-04
1.633585e-04
1.648097e-04
1.662672e-04
1.677311e-04
1.692014e-04
1.706780e-04
1.721611e-04
1.736505e-04
1.751463e-04
1.766485e-04
1.781571e-04
1.796720e-04
1.811934e-04
1.827211e-04
1.842552e-04
1.857957e-04
1.873425e-04
1.888958e-04
1.904554e-04
1.920214e-04
1.935938e-04
1.951726e-04
1.967577e-04
1.983492e-04
1.999472e-04
2.015515e-04
2.031621e-04
2.047792e-04
2.064026e-04
2.080324e-04
2.096687e-04
2.113112e-04
2.129602e-04
2.146155e-04
2.162773e-04
2.179454e-04
2.196199e-04
2.213007e-04
2.229880e-04
2.246816e-04
2.263816e-04
2.280880e-04
2.298008e-04
2.315200e-04
2.332455e-04
2.349774e-04
2.367158e-04
2.384604e-04
2.402115e-04
2.419690e-04
2.437328e-04
2.455030e-04
2.472796e-04
2.490626e-04
2.508519e-04
2.526477e-04
2.544498e-04
2.562583e-04
2.580732e-04
2.598944e-04
2.617221e-04
2.635561e-04
2.653965e-04
2.672433e-04
2.690965e-04
2.709560e-04
2.728220e-04
2.746943e-04
2.765730e-04
2.784580e-04
2.803495e-04
2.822473e-04
2.841516e-04
2.860622e-04
2.879792e-04
2.899025e-04
2.918323e-04
2.937684e-04
2.957109e-04
2.976598e-04
2.996151e-04
3.015767e-04
3.035448e-04
3.055192e-04
3.075000e-04
3.094872e-04
3.114807e-04
3.134807e-04
3.154870e-04
3.174997e-04
3.195188e-04
3.215443e-04
3.235761e-04
3.256143e-04
3.276590e-04
3.297100e-04
3.317673e-04
3.338311e-04
3.359012e-04
3.379777e-04
3.400606e-04
3.421499e-04
3.442456e-04
3.463476e-04
3.484561e-04
3.505709e-04
3.526921e-04
3.548196e-04
3.569536e-04
3.590939e-04
3.612407e-04
3.633938e-04
3.655532e-04
3.677191e-04
3.698913e-04
3.720700e-04
3.742550e-04
3.764464e-04
3.786441e-04
3.808483e-04
3.830588e-04
3.852757e-04
3.874990e-04
3.897287e-04
3.919647e-04
3.942072e-04
3.964560e-04
3.987112e-04
4.009728e-04
4.032408e-04
4.055151e-04
4.077958e-04
4.100829e-04
4.123764e-04
4.146763e-04
4.169825e-04
4.192952e-04
4.216142e-04
4.239396e-04
4.262714e-04
4.286095e-04
4.309541e-04
4.333050e-04
4.356623e-04
4.380260e-04
4.403961e-04
4.427725e-04
4.451553e-04
4.475445e-04
4.499401e-04
4.523421e-04
4.547505e-04
4.571652e-04
4.595863e-04
4.620138e-04
4.644477e-04
4.668880e-04
4.693346e-04
4.717876e-04
4.742471e-04
4.767128e-04
4.791850e-04
4.816636e-04
4.841485e-04
4.866398e-04
4.891375e-04
4.916416e-04
4.941520e-04
4.966689e-04
4.991921e-04
5.017217e-04
5.042577e-04
5.068001e-04
5.093488e-04
5.119039e-04
5.144655e-04
5.170333e-04
5.196076e-04
5.221883e-04
5.247753e-04
5.273687e-04
5.299685e-04
5.325747e-04
5.351873e-04
5.378062e-04
5.404315e-04
5.430632e-04
5.457013e-04
5.483458e-04
5.509967e-04
5.536539e-04
5.563175e-04
5.589875e-04
5.616639e-04
5.643466e-04
5.670358e-04
5.697313e-04
5.724332e-04
5.751415e-04
5.778561e-04
5.805772e-04
5.833046e-04
5.860384e-04
5.887786e-04
5.915252e-04
5.942781e-04
5.970375e-04
5.998032e-04
6.025753e-04
6.053538e-04
6.081386e-04
6.109299e-04
6.137275e-04
6.165315e-04
6.193419e-04
6.221587e-04
6.249818e-04
6.278113e-04
6.306473e-04
6.334896e-04
6.363382e-04
6.391933e-04
6.420547e-04
6.449225e-04
6.477967e-04
6.506773e-04
6.535643e-04
6.564576e-04
6.593574e-04
6.622635e-04
6.651760e-04
6.680948e-04
6.710201e-04
6.739517e-04
6.768897e-04
6.798341e-04
6.827849e-04
6.857421e-04
6.887056e-04
6.916755e-04
6.946518e-04
6.976345e-04
7.006236e-04
7.036190e-04
7.066209e-04
7.096291e-04
7.126437e-04
7.156647e-04
7.186920e-04
7.217257e-04
7.247659e-04
7.278124e-04
7.308652e-04
7.339245e-04
7.369902e-04
7.400622e-04
7.431406e-04
7.462254e-04
7.493165e-04
7.524141e-04
7.555180e-04
7.586283e-04
7.617450e-04
7.648681e-04
7.679976e-04
7.711334e-04
7.742756e-04
7.774242e-04
7.805792e-04
7.837406e-04
7.869083e-04
7.900825e-04
7.932630e-04
7.964499e-04
7.996431e-04
8.028428e-04
8.060488e-04
8.092613e-04
8.124801e-04
8.157052e-04
8.189368e-04
8.221747e-04
8.254191e-04
8.286698e-04
8.319269e-04
8.351903e-04
8.384602e-04
8.417364e-04
8.450190e-04
8.483080e-04
8.516034e-04
8.549052e-04
8.582133e-04
8.615278e-04
8.648487e-04
8.681760e-04
8.715097e-04
8.748497e-04
8.781961e-04
8.815490e-04
8.849081e-04
8.882737e-04
8.916457e-04
8.950240e-04
8.984087e-04
9.017998e-04
9.051973e-04
9.086012e-04
9.120114e-04
9.154280e-04
9.188510e-04
9.222804e-04
9.257162e-04
9.291583e-04
9.326069e-04
9.360618e-04
9.395231e-04
9.429908e-04
9.464648e-04
9.499452e-04
9.534321e-04
9.569253e-04
9.604249e-04
9.639308e-04
9.674432e-04
9.709619e-04
9.744870e-04
9.780185e-04
9.815564e-04
9.851006e-04
9.886512e-04
9.922083e-04
9.957717e-04
9.993414e-04
1.002918e-03
1.006500e-03
1.010089e-03
1.013684e-03
1.017286e-03
1.020894e-03
1.024509e-03
1.028129e-03
1.031757e-03
1.035390e-03
1.039030e-03
1.042677e-03
1.046329e-03
1.049988e-03
1.053654e-03
1.057326e-03
1.061004e-03
1.064689e-03
1.068380e-03
1.072077e-03
1.075781e-03
1.079491e-03
1.083208e-03
1.086931e-03
1.090660e-03
1.094396e-03
1.098138e-03
1.101886e-03
1.105641e-03
1.109402e-03
1.113170e-03
1.116944e-03
1.120724e-03
1.124511e-03
1.128304e-03
1.132104e-03
1.135909e-03
1.139722e-03
1.143540e-03
1.147365e-03
1.151197e-03
1.155035e-03
1.158879e-03
1.162729e-03
1.166586e-03
1.170450e-03
1.174319e-03
1.178195e-03
1.182078e-03
1.185967e-03
1.189862e-03
1.193764e-03
1.197672e-03
1.201586e-03
1.205507e-03
1.209434e-03
1.213367e-03
1.217307e-03
1.221254e-03
1.225206e-03
1.229165e-03
1.233131e-03
1.237102e-03
1.241081e-03
1.245065e-03
1.249056e-03
1.253054e-03
1.257057e-03
1.261067e-03
1.265084e-03
1.269107e-03
1.273136e-03
1.277172e-03
1.281214e-03
1.285262e-03
1.289317e-03
1.293378e-03
1.297445e-03
1.301519e-03
1.305600e-03
1.309686e-03
1.313779e-03
1.317879e-03
1.321985e-03
1.326097e-03
1.330215e-03
1.334340e-03
1.338472e-03
1.342609e-03
1.346754e-03
1.350904e-03
1.355061e-03
1.359224e-03
1.363394e-03
1.367570e-03
1.371752e-03
1.375941e-03
1.380136e-03
1.384338e-03
1.388546e-03
1.392760e-03
1.396981e-03
1.401208e-03
1.405441e-03
1.409681e-03
1.413927e-03
1.418180e-03
1.422439e-03
1.426704e-03
1.430976e-03
1.435254e-03
1.439538e-03
1.443829e-03
1.448127e-03
1.452430e-03
1.456740e-03
1.461057e-03
1.465379e-03
1.469709e-03
1.474044e-03
1.478386e-03
1.482734e-03
1.487089e-03
1.491450e-03
1.495818e-03
1.500191e-03
1.504572e-03
1.508958e-03
1.513351e-03
1.517751e-03
1.522156e-03
1.526568e-03
1.530987e-03
1.535412e-03
1.539843e-03
1.544281e-03
1.548725e-03
1.553175e-03
1.557632e-03
1.562095e-03
1.566565e-03
1.571041e-03
1.575523e-03
1.580012e-03
1.584507e-03
1.589008e-03
1.593516e-03
1.598030e-03
1.602551e-03
1.607078e-03
1.611611e-03
1.616151e-03
1.620697e-03
1.625250e-03
1.629809e-03
1.634374e-03
1.638946e-03
1.643524e-03
1.648108e-03
1.652699e-03
1.657296e-03
1.661900e-03
1.666510e-03
1.671126e-03
1.675749e-03
1.680378e-03
1.685013e-03
1.689655e-03
1.694303e-03
1.698958e-03
1.703619e-03
1.708286e-03
1.712960e-03
1.717640e-03
1.722327e-03
1.727020e-03
1.731719e-03
1.736425e-03
1.741137e-03
1.745855e-03
1.750580e-03
1.755311e-03
1.760049e-03
1.764793e-03
1.769543e-03
1.774300e-03
1.779063e-03
1.783832e-03
1.788608e-03
1.793391e-03
1.798179e-03
1.802974e-03
1.807776e-03
1.812583e-03
1.817398e-03
1.822218e-03
1.827045e-03
1.831878e-03
1.836718e-03
1.841564e-03
1.846417e-03
1.851275e-03
1.856141e-03
1.861012e-03
1.865890e-03
1.870775e-03
1.875665e-03
1.880562e-03
1.885466e-03
1.890376e-03
1.895292e-03
1.900215e-03
1.905144e-03
1.910079e-03
1.915021e-03
1.919969e-03
1.924924e-03
1.929885e-03
1.934852e-03
1.939826e-03
1.944806e-03
1.949792e-03
1.954785e-03
1.959784e-03
1.964790e-03
1.969802e-03
1.974820e-03
1.979845e-03
1.984876e-03
1.989913e-03
1.994957e-03
2.000008e-03
2.005064e-03
2.010127e-03
2.015197e-03
2.020273e-03
2.025355e-03
2.030443e-03
2.035538e-03
2.040640e-03
2.045747e-03
2.050861e-03
2.055982e-03
2.061109e-03
2.066242e-03
2.071382e-03
2.076528e-03
2.081680e-03
2.086839e-03
2.092004e-03
2.097175e-03
2.102353e-03
2.107538e-03
2.112728e-03
2.117925e-03
2.123129e-03
2.128338e-03
2.133555e-03
2.138777e-03
2.144006e-03
2.149242e-03
2.154483e-03
2.159731e-03
2.164986e-03
2.170247e-03
2.175514e-03
2.180788e-03
2.186068e-03
2.191354e-03
2.196647e-03
2.201946e-03
2.207251e-03
2.212563e-03
2.217882e-03
2.223206e-03
2.228537e-03
2.233875e-03
2.239219e-03
2.244569e-03
2.249925e-03
2.255288e-03
2.260658e-03
2.266033e-03
2.271415e-03
2.276804e-03
2.282199e-03
2.287600e-03
2.293008e-03
2.298422e-03
2.303842e-03
2.309269e-03
2.314702e-03
2.320142e-03
2.325588e-03
2.331040e-03
2.336499e-03
2.341964e-03
2.347435e-03
2.352913e-03
2.358397e-03
2.363888e-03
2.369385e-03
2.374888e-03
2.380398e-03
2.385914e-03
2.391436e-03
2.396965e-03
2.402501e-03
2.408042e-03
2.413590e-03
2.419145e-03
2.424705e-03
2.430273e-03
2.435846e-03
2.441426e-03
2.447012e-03
2.452605e-03
2.458204e-03
2.463810e-03
2.469421e-03
2.475040e-03
2.480664e-03
2.486295e-03
2.491933e-03
2.497576e-03
2.503226e-03
2.508883e-03
2.514546e-03
2.520215e-03
2.525891e-03
2.531573e-03
2.537261e-03
2.542956e-03
2.548657e-03
2.554365e-03
2.560079e-03
2.565799e-03
2.571526e-03
2.577259e-03
2.582998e-03
2.588744e-03
2.594496e-03
2.600255e-03
2.606020e-03
2.611791e-03
2.617569e-03
2.623353e-03
2.629144e-03
2.634941e-03
2.640744e-03
2.646554e-03
2.652370e-03
2.658192e-03
2.664021e-03
2.669856e-03
2.675698e-03
2.681546e-03
2.687400e-03
2.693261e-03
2.699128e-03
2.705001e-03
2.710881e-03
2.716767e-03
2.722660e-03
2.728559e-03
2.734464e-03
2.740376e-03
2.746294e-03
2.752219e-03
2.758150e-03
2.764087e-03
2.770031e-03
2.775981e-03
2.781937e-03
2.787900e-03
2.793869e-03
2.799845e-03
2.805827e-03
2.811815e-03
2.817810e-03
2.823811e-03
2.829818e-03
2.835832e-03
2.841853e-03
2.847879e-03
2.853912e-03
2.859952e-03
2.865997e-03
2.872050e-03
2.878108e-03
2.884173e-03
2.890244e-03
2.896322e-03
2.902406e-03
2.908497e-03
2.914593e-03
2.920697e-03
2.926806e-03
2.932922e-03
2.939044e-03
2.945173e-03
2.951308e-03
2.957450e-03
2.963598e-03
2.969752e-03
2.975913e-03
2.982080e-03
2.988253e-03
2.994433e-03
3.000619e-03
3.006812e-03
3.013010e-03
3.019216e-03
3.025427e-03
3.031646e-03
3.037870e-03
3.044101e-03
3.050338e-03
3.056582e-03
3.062832e-03
3.069088e-03
3.075351e-03
3.081620e-03
3.087895e-03
3.094177e-03
3.100466e-03
3.106760e-03
3.113061e-03
3.119369e-03
3.125682e-03
3.132003e-03
3.138329e-03
3.144662e-03
3.151002e-03
3.157347e-03
3.163699e-03
3.170058e-03
3.176423e-03
3.182794e-03
3.189171e-03
3.195555e-03
3.201946e-03
3.208343e-03
3.214746e-03
3.221155e-03
3.227571e-03
3.233993e-03
3.240422e-03
3.246857e-03
3.253299e-03
3.259746e-03
3.266201e-03
3.272661e-03
3.279128e-03
3.285601e-03
3.292081e-03
3.298567e-03
3.305060e-03
3.311559e-03
3.318064e-03
3.324575e-03
3.331093e-03
3.337618e-03
3.344149e-03
3.350686e-03
3.357229e-03
3.363779e-03
3.370335e-03
3.376898e-03
3.383467e-03
3.390043e-03
3.396624e-03
3.403213e-03
3.409807e-03
3.416408e-03
3.423016e-03
3.429629e-03
3.436249e-03
3.442876e-03
3.449509e-03
3.456148e-03
3.462794e-03
3.469446e-03
3.476104e-03
3.482769e-03
3.489440e-03
3.496118e-03
3.502801e-03
3.509492e-03
3.516188e-03
3.522892e-03
3.529601e-03
3.536317e-03
3.543039e-03
3.549768e-03
3.556503e-03
3.563244e-03
3.569992e-03
3.576746e-03
3.583506e-03
3.590273e-03
3.597046e-03
3.603826e-03
3.610612e-03
3.617404e-03
3.624203e-03
3.631008e-03
3.637820e-03
3.644638e-03
3.651462e-03
3.658293e-03
3.665130e-03
3.671973e-03
3.678823e-03
3.685680e-03
3.692542e-03
3.699411e-03
3.706286e-03
3.713168e-03
3.720056e-03
3.726951e-03
3.733852e-03
3.740759e-03
3.747673e-03
3.754593e-03
3.761519e-03
3.768452e-03
3.775391e-03
3.782337e-03
3.789289e-03
3.796247e-03
3.803212e-03
3.810183e-03
3.817160e-03
3.824144e-03
3.831134e-03
3.838131e-03
3.845134e-03
3.852143e-03
3.859159e-03
3.866181e-03
3.873210e-03
3.880245e-03
3.887286e-03
3.894334e-03
3.901388e-03
3.908448e-03
3.915515e-03
3.922588e-03
3.929668e-03
3.936754e-03
3.943846e-03
3.950945e-03
3.958050e-03
3.965161e-03
3.972279e-03
3.979403e-03
3.986534e-03
3.993671e-03
4.000814e-03
4.007964e-03
4.015120e-03
4.022283e-03
4.029452e-03
4.036627e-03
4.043809e-03
4.050997e-03
4.058191e-03
4.065392e-03
4.072599e-03
4.079813e-03
4.087033e-03
4.094259e-03
4.101492e-03
4.108731e-03
4.115976e-03
4.123228e-03
4.130486e-03
4.137751e-03
4.145022e-03
4.152299e-03
4.159583e-03
4.166873e-03
4.174170e-03
4.181473e-03
4.188782e-03
4.196098e-03
4.203420e-03
4.210748e-03
4.218083e-03
4.225424e-03
4.232772e-03
4.240126e-03
4.247486e-03
4.254853e-03
4.262226e-03
4.269606e-03
4.276992e-03
4.284384e-03
4.291782e-03
4.299188e-03
4.306599e-03
4.314017e-03
4.321441e-03
4.328871e-03
4.336308e-03
4.343752e-03
4.351201e-03
4.358657e-03
4.366120e-03
4.373589e-03
4.381064e-03
4.388546e-03
4.396034e-03
4.403528e-03
4.411029e-03
4.418536e-03
4.426049e-03
4.433569e-03
4.441095e-03
4.448628e-03
4.456167e-03
4.463713e-03
4.471264e-03
4.478823e-03
4.486387e-03
4.493958e-03
4.501535e-03
4.509119e-03
4.516709e-03
4.524306e-03
4.531908e-03
4.539518e-03
4.547133e-03
4.554755e-03
4.562384e-03
4.570018e-03
4.577660e-03
4.585307e-03
4.592961e-03
4.600621e-03
4.608288e-03
4.615961e-03
4.623640e-03
4.631326e-03
4.639018e-03
4.646717e-03
4.654422e-03
4.662133e-03
4.669851e-03
4.677575e-03
4.685306e-03
4.693042e-03
4.700786e-03
4.708535e-03
4.716291e-03
4.724054e-03
4.731822e-03
4.739598e-03
4.747379e-03
4.755167e-03
4.762961e-03
4.770762e-03
4.778569e-03
4.786383e-03
4.794202e-03
4.802029e-03
4.809861e-03
4.817700e-03
4.825545e-03
4.833397e-03
4.841255e-03
4.849120e-03
4.856991e-03
4.864868e-03
4.872751e-03
4.880642e-03
4.888538e-03
4.896441e-03
4.904350e-03
4.912265e-03
4.920187e-03
4.928116e-03
4.936050e-03
4.943991e-03
4.951939e-03
4.959893e-03
4.967853e-03
4.975819e-03
4.983792e-03
4.991772e-03
4.999758e-03
5.007750e-03
5.015748e-03
5.023753e-03
5.031764e-03
5.039782e-03
5.047806e-03
5.055836e-03
5.063873e-03
5.071916e-03
5.079966e-03
5.088022e-03
5.096084e-03
5.104153e-03
5.112228e-03
5.120309e-03
5.128397e-03
5.136491e-03
5.144592e-03
5.152699e-03
5.160812e-03
5.168932e-03
5.177058e-03
5.185191e-03
5.193330e-03
5.201475e-03
5.209627e-03
5.217785e-03
5.225949e-03
5.234120e-03
5.242297e-03
5.250481e-03
5.258670e-03
5.266867e-03
5.275069e-03
5.283279e-03
5.291494e-03
5.299716e-03
5.307944e-03
5.316179e-03
5.324420e-03
5.332667e-03
5.340921e-03
5.349181e-03
5.357448e-03
5.365720e-03
5.374000e-03
5.382285e-03
5.390577e-03
5.398876e-03
5.407181e-03
5.415492e-03
5.423809e-03
5.432133e-03
5.440464e-03
5.448800e-03
5.457144e-03
5.465493e-03
5.473849e-03
5.482211e-03
5.490580e-03
5.498955e-03
5.507336e-03
5.515724e-03
5.524118e-03
5.532519e-03
5.540925e-03
5.549339e-03
5.557758e-03
5.566184e-03
5.574617e-03
5.583056e-03
5.591501e-03
5.599953e-03
5.608410e-03
5.616875e-03
5.625346e-03
5.633823e-03
5.642306e-03
5.650796e-03
5.659292e-03
5.667795e-03
5.676304e-03
5.684819e-03
5.693341e-03
5.701869e-03
5.710404e-03
5.718945e-03
5.727492e-03
5.736046e-03
5.744606e-03
5.753172e-03
5.761745e-03
5.770324e-03
5.778910e-03
5.787502e-03
5.796100e-03
5.804705e-03
5.813316e-03
5.821934e-03
5.830557e-03
5.839188e-03
5.847824e-03
5.856467e-03
5.865117e-03
5.873773e-03
5.882435e-03
5.891103e-03
5.899778e-03
5.908459e-03
5.917147e-03
5.925841e-03
5.934542e-03
5.943249e-03
5.951962e-03
5.960681e-03
5.969407e-03
5.978140e-03
5.986878e-03
5.995624e-03
6.004375e-03
6.013133e-03
6.021897e-03
6.030668e-03
6.039445e-03
6.048228e-03
6.057018e-03
6.065814e-03
6.074617e-03
6.083426e-03
6.092241e-03
6.101063e-03
6.109891e-03
6.118725e-03
6.127566e-03
6.136414e-03
6.145267e-03
6.154127e-03
6.162994e-03
6.171866e-03
6.180745e-03
6.189631e-03
6.198523e-03
6.207421e-03
6.216326e-03
6.225237e-03
6.234154e-03
6.243078e-03
6.252008e-03
6.260945e-03
6.269888e-03
6.278837e-03
6.287793e-03
6.296755e-03
6.305723e-03
6.314698e-03
6.323679e-03
6.332667e-03
6.341661e-03
6.350662e-03
6.359668e-03
6.368681e-03
6.377701e-03
6.386727e-03
6.395759e-03
6.404798e-03
6.413843e-03
6.422894e-03
6.431952e-03
6.441016e-03
6.450087e-03
6.459164e-03
6.468247e-03
6.477337e-03
6.486433e-03
6.495536e-03
6.504644e-03
6.513760e-03
6.522881e-03
6.532009e-03
6.541144e-03
6.550284e-03
6.559432e-03
6.568585e-03
6.577745e-03
6.586911e-03
6.596084e-03
6.605263e-03
6.614449e-03
6.623640e-03
6.632839e-03
6.642043e-03
6.651254e-03
6.660472e-03
6.669695e-03
6.678925e-03
6.688162e-03
6.697405e-03
6.706654e-03
6.715910e-03
6.725172e-03
6.734440e-03
6.743715e-03
6.752996e-03
6.762284e-03
6.771578e-03
6.780878e-03
6.790185e-03
6.799498e-03
6.808817e-03
6.818143e-03
6.827475e-03
6.836814e-03
6.846159e-03
6.855510e-03
6.864868e-03
6.874232e-03
6.883603e-03
6.892979e-03
6.902363e-03
6.911752e-03
6.921148e-03
6.930551e-03
6.939960e-03
6.949375e-03
6.958796e-03
6.968224e-03
6.977659e-03
6.987099e-03
6.996546e-03
7.006000e-03
7.015460e-03
7.024926e-03
7.034399e-03
7.043878e-03
7.053363e-03
7.062855e-03
7.072353e-03
7.081857e-03
7.091368e-03
7.100885e-03
7.110409e-03
7.119939e-03
7.129476e-03
7.139018e-03
7.148568e-03
7.158123e-03
7.167685e-03
7.177253e-03
7.186828e-03
7.196409e-03
7.205997e-03
7.215591e-03
7.225191e-03
7.234797e-03
7.244410e-03
7.254030e-03
7.263656e-03
7.273288e-03
7.282926e-03
7.292571e-03
7.302223e-03
7.311880e-03
7.321544e-03
7.331215e-03
7.340227e-03
7.349207e-03
7.358155e-03
7.367072e-03
7.375957e-03
7.384810e-03
7.393631e-03
7.402420e-03
7.411178e-03
7.419903e-03
7.428597e-03
7.437259e-03
7.445889e-03
7.454488e-03
7.463054e-03
7.471589e-03
7.480092e-03
7.488563e-03
7.497002e-03
7.505410e-03
7.513785e-03
7.522129e-03
7.530441e-03
7.538721e-03
7.546970e-03
7.555186e-03
7.563371e-03
7.571524e-03
7.579645e-03
7.587734e-03
7.595791e-03
7.603817e-03
7.611811e-03
7.619773e-03
7.627703e-03
7.635601e-03
7.643468e-03
7.651302e-03
7.659105e-03
7.666876e-03
7.674615e-03
7.682323e-03
7.689998e-03
7.697642e-03
7.705254e-03
7.712834e-03
7.720382e-03
7.727898e-03
7.735383e-03
7.742836e-03
7.750257e-03
7.757646e-03
7.765003e-03
7.772329e-03
7.779622e-03
7.786884e-03
7.794114e-03
7.801312e-03
7.808479e-03
7.815613e-03
7.822716e-03
7.829787e-03
7.836826e-03
7.843833e-03
7.850809e-03
7.857752e-03
7.864664e-03
7.871544e-03
7.878392e-03
7.885209e-03
7.891993e-03
7.898746e-03
7.905467e-03
7.912156e-03
7.918813e-03
7.925438e-03
7.932032e-03
7.938594e-03
7.945123e-03
7.951622e-03
7.958088e-03
7.964522e-03
7.970925e-03
7.977296e-03
7.983635e-03
7.989942e-03
7.996217e-03
8.002461e-03
8.008673e-03
8.014852e-03
8.021000e-03
8.027117e-03
8.033201e-03
8.039254e-03
8.045274e-03
8.051263e-03
8.057220e-03
8.063146e-03
8.069039e-03
8.074901e-03
8.080731e-03
8.086529e-03
8.092295e-03
8.098029e-03
8.103732e-03
8.109403e-03
8.115041e-03
8.120649e-03
8.126224e-03
8.131767e-03
8.137279e-03
8.142759e-03
8.148207e-03
8.153623e-03
8.159007e-03
8.164360e-03
8.169680e-03
8.174969e-03
8.180226e-03
8.185451e-03
8.190645e-03
8.195806e-03
8.200936e-03
8.206034e-03
8.211100e-03
8.216134e-03
8.221137e-03
8.226107e-03
8.231046e-03
8.235953e-03
8.240828e-03
8.245672e-03
8.250483e-03
8.255263e-03
8.260011e-03
8.264727e-03
8.269411e-03
8.274063e-03
8.278684e-03
8.283273e-03
8.287830e-03
8.292355e-03
8.296848e-03
8.301309e-03
8.305739e-03
8.310137e-03
8.314503e-03
8.318837e-03
8.323139e-03
8.327410e-03
8.331649e-03
8.335856e-03
8.340031e-03
8.344174e-03
8.348285e-03
8.352365e-03
8.356413e-03
8.360429e-03
8.364413e-03
8.368365e-03
8.372286e-03
8.376174e-03
8.380031e-03
8.383856e-03
8.387649e-03
8.391411e-03
8.395140e-03
8.398838e-03
8.402504e-03
8.406138e-03
8.409740e-03
8.413311e-03
8.416849e-03
8.420356e-03
8.423831e-03
8.427274e-03
8.430686e-03
8.434065e-03
8.437413e-03
8.440729e-03
8.444013e-03
8.447265e-03
8.450485e-03
8.453674e-03
8.456831e-03
8.459955e-03
8.463049e-03
8.466110e-03
8.469139e-03
8.472137e-03
8.475103e-03
8.478037e-03
8.480939e-03
8.483809e-03
8.486648e-03
8.489455e-03
8.492229e-03
8.494972e-03
8.497684e-03
8.500363e-03
8.503011e-03
8.505626e-03
8.508210e-03
8.510763e-03
8.513283e-03
8.515771e-03
8.518228e-03
8.520653e-03
8.523046e-03
8.525407e-03
8.527736e-03
8.530034e-03
8.532300e-03
8.534534e-03
8.536736e-03
8.538906e-03
8.541044e-03
8.543151e-03
8.545226e-03
8.547269e-03
8.549280e-03
8.551259e-03
8.553207e-03
8.555122e-03
8.557006e-03
8.558858e-03
8.560678e-03
8.562467e-03
8.564223e-03
8.565948e-03
8.567641e-03
8.569302e-03
8.570931e-03
8.572529e-03
8.574094e-03
8.575628e-03
8.577130e-03
8.578600e-03
8.580039e-03
8.581445e-03
8.582820e-03
8.584163e-03
8.585474e-03
8.586753e-03
8.588000e-03
8.589216e-03
8.590400e-03
8.591552e-03
8.592672e-03
8.593760e-03
8.594817e-03
8.595841e-03
8.596834e-03
8.597795e-03
8.598724e-03
8.599622e-03
8.600487e-03
8.601321e-03
8.602123e-03
8.602893e-03
8.603631e-03
8.604338e-03
8.605012e-03
8.605655e-03
8.606266e-03
8.606845e-03
8.607392e-03
8.607908e-03
8.608391e-03
8.608843e-03
8.609263e-03
8.609652e-03
8.610008e-03
8.610332e-03
8.610625e-03
8.610886e-03
8.611115e-03
8.611312e-03
8.611478e-03
8.611612e-03
8.611713e-03
8.611783e-03
8.611821e-03
8.611828e-03
8.611802e-03
8.611745e-03
8.611656e-03
8.611535e-03
8.611382e-03
8.611197e-03
8.610981e-03
8.610733e-03
8.610453e-03
8.610141e-03
8.609797e-03
8.609422e-03
8.609014e-03
8.608575e-03
8.608104e-03
8.607601e-03
8.607289e-03
8.607289e-03
8.607289e-03
8.607289e-03
8.607289e-03
8.607289e-03
8.607289e-03
8.607289e-03
8.607289e-03
8.607289e-03
8.607289e-03
8.607289e-03
8.607289e-03
8.607289e-03
8.607289e-03
8.607289e-03
8.607289e-03
8.607289e-03
8.607289e-03
8.607289e-03
8.607289e-03
8.607289e-03
8.607289e-03
8.607289e-03
8.607289e-03
8.607289e-03
8.607289e-03
8.607289e-03
8.607289e-03
8.607289e-03
8.607289e-03
8.607289e-03
8.607289e-03
8.607289e-03
8.607289e-03
8.607289e-03
8.607289e-03
8.607289e-03
8.607289e-03
8.607289e-03
8.607289e-03
8.607289e-03
8.607289e-03
8.607289e-03
8.607289e-03
8.607289e-03
8.607289e-03
8.607289e-03
8.607289e-03
8.607289e-03
8.607289e-03
8.607289e-03
8.607289e-03
8.607289e-03
8.607289e-03
8.607289e-03
8.607289e-03
8.607289e-03
8.607289e-03
8.607289e-03
8.607289e-03
8.607289e-03
8.607289e-03
8.607289e-03
8.607289e-03
8.607289e-03
8.607289e-03
8.607289e-03
8.607289e-03
8.607289e-03
8.607289e-03
8.607289e-03
8.607289e-03
8.607289e-03
8.607289e-03
8.607289e-03
8.607289e-03
8.607289e-03
8.607289e-03
8.607289e-03
8.607289e-03
8.607289e-03
8.607289e-03
8.607289e-03
8.607289e-03
8.607289e-03
8.607289e-03
8.607289e-03
8.607289e-03
8.607289e-03
8.607289e-03
8.607289e-03
8.607289e-03
8.607289e-03
8.607289e-03
8.607289e-03
8.607289e-03
8.607289e-03
8.607289e-03
8.607289e-03
8.607289e-03
8.607289e-03
8.607289e-03
8.607289e-03
8.607289e-03
8.607289e-03
8.607289e-03
8.607289e-03
8.607289e-03
8.607289e-03
8.607289e-03
8.607289e-03
8.607289e-03
8.607289e-03
8.607289e-03
8.607289e-03
8.607289e-03
8.607289e-03
8.607289e-03
8.607289e-03
8.607289e-03
8.607289e-03
8.607289e-03
8.607289e-03
8.607289e-03
8.607289e-03
8.607289e-03
8.607289e-03
8.607289e-03
8.607289e-03
8.607289e-03
8.607289e-03
8.607289e-03
8.607289e-03
8.607289e-03
8.607289e-03
8.607289e-03
8.607289e-03
8.607289e-03
8.607289e-03
8.607289e-03
8.607289e-03
8.607289e-03
8.607289e-03
8.607289e-03
8.607289e-03
8.607289e-03
8.607289e-03
8.607289e-03
8.607289e-03
8.607289e-03
8.607289e-03
8.607289e-03
8.607289e-03
8.607289e-03
8.607289e-03
8.607289e-03
8.607289e-03
8.607289e-03
8.607289e-03
8.607289e-03
8.607289e-03
8.607289e-03
8.607289e-03
8.607289e-03
8.607289e-03
8.607289e-03
8.607289e-03
8.607289e-03
8.607289e-03
8.607289e-03
8.607289e-03
8.607289e-03
8.607289e-03
8.607289e-03
8.607289e-03
8.607289e-03
8.607289e-03
8.607289e-03
8.607289e-03
8.607289e-03
8.607289e-03
8.607289e-03
8.607289e-03
8.607289e-03
8.607289e-03
8.607289e-03
8.607289e-03
8.607289e-03
8.607289e-03
8.607289e-03
8.607289e-03
8.607289e-03
8.607289e-03
8.607289e-03
8.607289e-03
8.607289e-03
8.607289e-03
8.607289e-03
8.607289e-03
8.607289e-03
