0.000000e+00
1.110371e-07
2.280439e-07
3.510205e-07
4.799668e-07
6.148828e-07
7.557686e-07
9.026241e-07
1.055449e-06
1.214244e-06
1.379009e-06
1.549743e-06
1.726448e-06
1.909122e-06
2.097765e-06
2.292379e-06
2.492962e-06
2.699515e-06
2.912037e-06
3.130529e-06
3.354992e-06
3.585423e-06
3.821825e-06
4.064196e-06
4.312537e-06
4.566848e-06
4.827128e-06
5.093379e-06
5.365599e-06
5.643788e-06
5.927948e-06
6.218077e-06
6.514176e-06
6.816244e-06
7.124283e-06
7.438291e-06
7.758269e-06
8.084216e-06
8.416134e-06
8.754021e-06
9.097877e-06
9.447704e-06
9.803500e-06
1.016527e-05
1.053300e-05
1.090671e-05
1.128638e-05
1.167203e-05
1.206364e-05
1.246123e-05
1.286478e-05
1.327430e-05
1.368980e-05
1.411126e-05
1.453869e-05
1.497210e-05
1.541147e-05
1.585681e-05
1.630812e-05
1.676541e-05
1.722866e-05
1.769788e-05
1.817307e-05
1.865423e-05
1.914136e-05
1.963446e-05
2.013353e-05
2.063857e-05
2.114958e-05
2.166656e-05
2.218951e-05
2.271843e-05
2.325331e-05
2.379417e-05
2.434100e-05
2.489380e-05
2.545257e-05
2.601730e-05
2.658801e-05
2.716469e-05
2.774733e-05
2.833595e-05
2.893053e-05
2.953109e-05
3.013761e-05
3.075011e-05
3.136857e-05
3.199301e-05
3.262341e-05
3.325979e-05
3.390213e-05
3.455044e-05
3.520473e-05
3.586498e-05
3.653120e-05
3.720339e-05
3.788156e-05
3.856569e-05
3.925579e-05
3.995186e-05
4.065390e-05
4.136191e-05
4.207589e-05
4.279584e-05
4.352176e-05
4.425365e-05
4.499151e-05
4.573534e-05
4.648514e-05
4.724091e-05
4.800265e-05
4.877035e-05
4.954403e-05
5.032368e-05
5.110930e-05
5.190088e-05
5.269844e-05
5.350197e-05
5.431146e-05
5.512693e-05
5.594836e-05
5.677577e-05
5.760914e-05
5.844849e-05
5.929380e-05
6.014509e-05
6.100234e-05
6.186557e-05
6.273476e-05
6.360992e-05
6.449106e-05
6.537816e-05
6.627123e-05
6.717027e-05
6.807529e-05
6.898627e-05
6.990322e-05
7.082614e-05
7.175503e-05
7.268989e-05
7.363072e-05
7.457752e-05
7.553029e-05
7.648903e-05
7.745374e-05
7.842442e-05
7.940107e-05
8.038369e-05
8.137228e-05
8.236683e-05
8.336736e-05
8.437386e-05
8.538633e-05
8.640476e-05
8.742917e-05
8.845955e-05
8.949589e-05
9.053821e-05
9.158649e-05
9.264075e-05
9.370097e-05
9.476717e-05
9.583933e-05
9.691747e-05
9.800157e-05
9.909164e-05
1.001877e-04
1.012897e-04
1.023977e-04
1.035116e-04
1.046316e-04
1.057575e-04
1.068893e-04
1.080271e-04
1.091709e-04
1.103207e-04
1.114765e-04
1.126382e-04
1.138058e-04
1.149795e-04
1.161591e-04
1.173447e-04
1.185363e-04
1.197338e-04
1.209373e-04
1.221468e-04
1.233622e-04
1.245836e-04
1.258110e-04
1.270443e-04
1.282837e-04
1.295289e-04
1.307802e-04
1.320374e-04
1.333006e-04
1.345698e-04
1.358449e-04
1.371260e-04
1.384131e-04
1.397061e-04
1.410052e-04
1.423101e-04
1.436211e-04
1.449380e-04
1.462609e-04
1.475898e-04
1.489246e-04
1.502654e-04
1.516122e-04
1.529649e-04
1.543236e-04
1.556883e-04
1.570590e-04
1.584356e-04
1.598182e-04
1.612067e-04
1.626013e-04
1.640018e-04
1.654082e-04
1.668207e-04
1.682391e-04
1.696635e-04
1.710938e-04
1.725301e-04
1.739724e-04
1.754207e-04
1.768749e-04
1.783351e-04
1.798013e-04
1.812734e-04
1.827515e-04
1.842356e-04
1.857256e-04
1.872217e-04
1.887236e-04
1.902316e-04
1.917455e-04
1.932654e-04
1.947913e-04
1.963231e-04
1.978609e-04
1.994047e-04
2.009544e-04
2.025102e-04
2.040718e-04
2.056395e-04
2.072131e-04
2.087927e-04
2.103783e-04
2.119698e-04
2.135673e-04
2.151708e-04
2.167802e-04
2.183956e-04
2.200170e-04
2.216444e-04
2.232777e-04
2.249170e-04
2.265622e-04
2.282134e-04
2.298706e-04
2.315338e-04
2.332030e-04
2.348781e-04
2.365591e-04
2.382462e-04
2.399392e-04
2.416382e-04
2.433431e-04
2.450541e-04
2.467710e-04
2.484938e-04
2.502227e-04
2.519575e-04
2.536983e-04
2.554450e-04
2.571977e-04
2.589564e-04
2.607210e-04
2.624917e-04
2.642683e-04
2.660508e-04
2.678394e-04
2.696339e-04
2.714343e-04
2.732408e-04
2.750532e-04
2.768716e-04
2.786959e-04
2.805262e-04
2.823625e-04
2.842048e-04
2.860530e-04
2.879072e-04
2.897674e-04
2.916335e-04
2.935056e-04
2.953837e-04
2.972678e-04
2.991578e-04
3.010538e-04
3.029557e-04
3.048637e-04
3.067776e-04
3.086974e-04
3.106233e-04
3.125551e-04
3.144928e-04
3.164366e-04
3.183863e-04
3.203420e-04
3.223036e-04
3.242713e-04
3.262449e-04
3.282244e-04
3.302100e-04
3.322015e-04
3.341989e-04
3.362024e-04
3.382118e-04
3.402272e-04
3.422485e-04
3.442759e-04
3.463092e-04
3.483484e-04
3.503936e-04
3.524448e-04
3.545020e-04
3.565652e-04
3.586343e-04
3.607093e-04
3.627904e-04
3.648774e-04
3.669704e-04
3.690694e-04
3.711743e-04
3.732852e-04
3.754021e-04
3.775249e-04
3.796537e-04
3.817885e-04
3.839292e-04
3.860759e-04
3.882286e-04
3.903873e-04
3.925519e-04
3.947225e-04
3.968991e-04
3.990816e-04
4.012701e-04
4.034646e-04
4.056650e-04
4.078715e-04
4.100838e-04
4.123022e-04
4.145265e-04
4.167568e-04
4.189931e-04
4.212353e-04
4.234835e-04
4.257377e-04
4.279978e-04
4.302639e-04
4.325360e-04
4.348141e-04
4.370981e-04
4.393881e-04
4.416840e-04
4.439860e-04
4.462939e-04
4.486077e-04
4.509276e-04
4.532534e-04
4.555852e-04
4.579229e-04
4.602666e-04
4.626163e-04
4.649720e-04
4.673336e-04
4.697012e-04
4.720748e-04
4.744543e-04
4.768398e-04
4.792313e-04
4.816287e-04
4.840322e-04
4.864415e-04
4.888569e-04
4.912782e-04
4.937055e-04
4.961388e-04
4.985780e-04
5.010232e-04
5.034744e-04
5.059315e-04
5.083946e-04
5.108637e-04
5.133388e-04
5.158198e-04
5.183068e-04
5.207998e-04
5.232987e-04
5.258036e-04
5.283145e-04
5.308313e-04
5.333541e-04
5.358829e-04
5.384176e-04
5.409584e-04
5.435050e-04
5.460577e-04
5.486163e-04
5.511809e-04
5.537515e-04
5.563280e-04
5.589105e-04
5.614990e-04
5.640935e-04
5.666939e-04
5.693003e-04
5.719126e-04
5.745310e-04
5.771553e-04
5.797855e-04
5.824218e-04
5.850640e-04
5.877121e-04
5.903663e-04
5.930264e-04
5.956925e-04
5.983645e-04
6.010426e-04
6.037265e-04
6.064165e-04
6.091124e-04
6.118143e-04
6.145222e-04
6.172361e-04
6.199559e-04
6.226817e-04
6.254134e-04
6.281511e-04
6.308948e-04
6.336445e-04
6.364001e-04
6.391617e-04
6.419293e-04
6.447028e-04
6.474823e-04
6.502678e-04
6.530593e-04
6.558567e-04
6.586601e-04
6.614694e-04
6.642847e-04
6.671060e-04
6.699333e-04
6.727665e-04
6.756057e-04
6.784509e-04
6.813021e-04
6.841592e-04
6.870223e-04
6.898913e-04
6.927664e-04
6.956473e-04
6.985343e-04
7.014272e-04
7.043261e-04
7.072310e-04
7.101419e-04
7.130587e-04
7.159815e-04
7.189102e-04
7.218449e-04
7.247856e-04
7.277323e-04
7.306849e-04
7.336435e-04
7.366081e-04
7.395786e-04
7.425551e-04
7.455376e-04
7.485261e-04
7.515205e-04
7.545209e-04
7.575272e-04
7.605396e-04
7.635579e-04
7.665821e-04
7.696124e-04
7.726486e-04
7.756908e-04
7.787389e-04
7.817930e-04
7.848531e-04
7.879192e-04
7.909912e-04
7.940692e-04
7.971532e-04
8.002431e-04
8.033390e-04
8.064409e-04
8.095487e-04
8.126625e-04
8.157823e-04
8.189081e-04
8.220398e-04
8.251775e-04
8.283211e-04
8.314708e-04
8.346264e-04
8.377880e-04
8.409555e-04
8.441290e-04
8.473085e-04
8.504939e-04
8.536854e-04
8.568827e-04
8.600861e-04
8.632954e-04
8.665107e-04
8.697320e-04
8.729592e-04
8.761925e-04
8.794316e-04
8.826768e-04
8.859279e-04
8.891850e-04
8.924480e-04
8.957171e-04
8.989921e-04
9.022730e-04
9.055600e-04
9.088529e-04
9.121518e-04
9.154566e-04
9.187674e-04
9.220842e-04
9.254070e-04
9.287357e-04
9.320704e-04
9.354110e-04
9.387577e-04
9.421103e-04
9.454689e-04
9.488334e-04
9.522039e-04
9.555804e-04
9.589628e-04
9.623513e-04
9.657457e-04
9.691460e-04
9.725523e-04
9.759646e-04
9.793829e-04
9.828072e-04
9.862374e-04
9.896736e-04
9.931157e-04
9.965638e-04
1.000018e-03
1.003478e-03
1.006944e-03
1.010416e-03
1.013894e-03
1.017378e-03
1.020868e-03
1.024364e-03
1.027866e-03
1.031373e-03
1.034887e-03
1.038407e-03
1.041933e-03
1.045464e-03
1.049002e-03
1.052546e-03
1.056095e-03
1.059651e-03
1.063212e-03
1.066780e-03
1.070353e-03
1.073933e-03
1.077518e-03
1.081110e-03
1.084707e-03
1.088310e-03
1.091920e-03
1.095535e-03
1.099156e-03
1.102783e-03
1.106417e-03
1.110056e-03
1.113701e-03
1.117352e-03
1.121009e-03
1.124672e-03
1.128341e-03
1.132016e-03
1.135697e-03
1.139384e-03
1.143077e-03
1.146776e-03
1.150480e-03
1.154191e-03
1.157908e-03
1.161631e-03
1.165359e-03
1.169094e-03
1.172835e-03
1.176581e-03
1.180334e-03
1.184092e-03
1.187857e-03
1.191627e-03
1.195404e-03
1.199186e-03
1.202975e-03
1.206769e-03
1.210569e-03
1.214376e-03
1.218188e-03
1.222006e-03
1.225830e-03
1.229661e-03
1.233497e-03
1.237339e-03
1.241187e-03
1.245041e-03
1.248901e-03
1.252767e-03
1.256639e-03
1.260517e-03
1.264401e-03
1.268291e-03
1.272187e-03
1.276088e-03
1.279996e-03
1.283910e-03
1.287830e-03
1.291755e-03
1.295687e-03
1.299625e-03
1.303568e-03
1.307518e-03
1.311473e-03
1.315435e-03
1.319402e-03
1.323376e-03
1.327355e-03
1.331341e-03
1.335332e-03
1.339329e-03
1.343333e-03
1.347342e-03
1.351357e-03
1.355378e-03
1.359406e-03
1.363439e-03
1.367478e-03
1.371523e-03
1.375574e-03
1.379631e-03
1.383694e-03
1.387763e-03
1.391838e-03
1.395919e-03
1.400006e-03
1.404099e-03
1.408197e-03
1.412302e-03
1.416413e-03
1.420530e-03
1.424652e-03
1.428781e-03
1.432916e-03
1.437056e-03
1.441203e-03
1.445355e-03
1.449514e-03
1.453678e-03
1.457849e-03
1.462025e-03
1.466208e-03
1.470396e-03
1.474590e-03
1.478791e-03
1.482997e-03
1.487209e-03
1.491427e-03
1.495652e-03
1.499882e-03
1.504118e-03
1.508360e-03
1.512608e-03
1.516862e-03
1.521122e-03
1.525388e-03
1.529660e-03
1.533938e-03
1.538222e-03
1.542512e-03
1.546808e-03
1.551109e-03
1.555417e-03
1.559731e-03
1.564050e-03
1.568376e-03
1.572708e-03
1.577045e-03
1.581389e-03
1.585739e-03
1.590094e-03
1.594456e-03
1.598823e-03
1.603196e-03
1.607576e-03
1.611961e-03
1.616353e-03
1.620750e-03
1.625153e-03
1.629562e-03
1.633978e-03
1.638399e-03
1.642826e-03
1.647259e-03
1.651698e-03
1.656143e-03
1.660594e-03
1.665051e-03
1.669514e-03
1.673983e-03
1.678458e-03
1.682939e-03
1.687426e-03
1.691919e-03
1.696417e-03
1.700922e-03
1.705433e-03
1.709950e-03
1.714472e-03
1.719001e-03
1.723536e-03
1.728076e-03
1.732623e-03
1.737175e-03
1.741734e-03
1.746298e-03
1.750869e-03
1.755445e-03
1.760027e-03
1.764616e-03
1.769210e-03
1.773810e-03
1.778417e-03
1.783029e-03
1.787647e-03
1.792271e-03
1.796901e-03
1.801537e-03
1.806179e-03
1.810827e-03
1.815481e-03
1.820141e-03
1.824807e-03
1.829479e-03
1.834157e-03
1.838841e-03
1.843531e-03
1.848227e-03
1.852928e-03
1.857636e-03
1.862350e-03
1.867070e-03
1.871795e-03
1.876527e-03
1.881264e-03
1.886008e-03
1.890757e-03
1.895513e-03
1.900274e-03
1.905042e-03
1.909815e-03
1.914595e-03
1.919380e-03
1.924171e-03
1.928969e-03
1.933772e-03
1.938581e-03
1.943396e-03
1.948217e-03
1.953044e-03
1.957878e-03
1.962717e-03
1.967562e-03
1.972413e-03
1.977270e-03
1.982133e-03
1.987001e-03
1.991876e-03
1.996757e-03
2.001644e-03
2.006537e-03
2.011436e-03
2.016340e-03
2.021251e-03
2.026168e-03
2.031090e-03
2.036019e-03
2.040954e-03
2.045894e-03
2.050841e-03
2.055793e-03
2.060752e-03
2.065716e-03
2.070686e-03
2.075663e-03
2.080645e-03
2.085633e-03
2.090628e-03
2.095628e-03
2.100634e-03
2.105646e-03
2.110665e-03
2.115689e-03
2.120719e-03
2.125755e-03
2.130797e-03
2.135845e-03
2.140899e-03
2.145959e-03
2.151025e-03
2.156097e-03
2.161175e-03
2.166258e-03
2.171348e-03
2.176444e-03
2.181546e-03
2.186653e-03
2.191767e-03
2.196887e-03
2.202012e-03
2.207144e-03
2.212281e-03
2.217425e-03
2.222574e-03
2.227730e-03
2.232891e-03
2.238059e-03
2.243232e-03
2.248411e-03
2.253597e-03
2.258788e-03
2.263985e-03
2.269189e-03
2.274398e-03
2.279613e-03
2.284834e-03
2.290061e-03
2.295294e-03
2.300533e-03
2.305778e-03
2.311029e-03
2.316286e-03
2.321549e-03
2.326818e-03
2.332093e-03
2.337374e-03
2.342660e-03
2.347953e-03
2.353252e-03
2.358557e-03
2.363867e-03
2.369184e-03
2.374507e-03
2.379835e-03
2.385170e-03
2.390510e-03
2.395857e-03
2.401209e-03
2.406568e-03
2.411932e-03
2.417302e-03
2.422679e-03
2.428061e-03
2.433449e-03
2.438844e-03
2.444244e-03
2.449650e-03
2.455062e-03
2.460480e-03
2.465904e-03
2.471335e-03
2.476771e-03
2.482213e-03
2.487661e-03
2.493115e-03
2.498574e-03
2.504040e-03
2.509512e-03
2.514990e-03
2.520474e-03
2.525964e-03
2.531459e-03
2.536961e-03
2.542469e-03
2.547982e-03
2.553502e-03
2.559028e-03
2.564559e-03
2.570097e-03
2.575640e-03
2.581190e-03
2.586745e-03
2.592306e-03
2.597874e-03
2.603447e-03
2.609026e-03
2.614612e-03
2.620203e-03
2.625800e-03
2.631403e-03
2.637013e-03
2.642628e-03
2.648249e-03
2.653876e-03
2.659509e-03
2.665148e-03
2.670793e-03
2.676444e-03
2.682101e-03
2.687764e-03
2.693433e-03
2.699107e-03
2.704788e-03
2.710475e-03
2.716168e-03
2.721866e-03
2.727571e-03
2.733282e-03
2.738998e-03
2.744721e-03
2.750450e-03
2.756184e-03
2.761925e-03
2.767671e-03
2.773423e-03
2.779182e-03
2.784946e-03
2.790717e-03
2.796493e-03
2.802275e-03
2.808063e-03
2.813858e-03
2.819658e-03
2.825464e-03
2.831276e-03
2.837094e-03
2.842918e-03
2.848748e-03
2.854584e-03
2.860426e-03
2.866274e-03
2.872128e-03
2.877988e-03
2.883854e-03
2.889726e-03
2.895604e-03
2.901487e-03
2.907377e-03
2.913273e-03
2.919175e-03
2.925082e-03
2.930996e-03
2.936915e-03
2.942841e-03
2.948773e-03
2.954710e-03
2.960653e-03
2.966603e-03
2.972558e-03
2.978520e-03
2.984487e-03
2.990460e-03
2.996440e-03
3.002425e-03
3.008416e-03
3.014413e-03
3.020416e-03
3.026426e-03
3.032441e-03
3.038462e-03
3.044489e-03
3.050522e-03
3.056561e-03
3.062606e-03
3.068657e-03
3.074714e-03
3.080776e-03
3.086845e-03
3.092920e-03
3.099001e-03
3.105088e-03
3.111180e-03
3.117279e-03
3.123384e-03
3.129494e-03
3.135611e-03
3.141733e-03
3.147862e-03
3.153996e-03
3.160137e-03
3.166283e-03
3.172436e-03
3.178594e-03
3.184759e-03
3.190929e-03
3.197105e-03
3.203287e-03
3.209476e-03
3.215670e-03
3.221870e-03
3.228076e-03
3.234288e-03
3.240506e-03
3.246730e-03
3.252960e-03
3.259196e-03
3.265438e-03
3.271686e-03
3.277940e-03
3.284200e-03
3.290466e-03
3.296738e-03
3.303015e-03
3.309299e-03
3.315589e-03
3.321885e-03
3.328186e-03
3.334494e-03
3.340807e-03
3.347127e-03
3.353453e-03
3.359784e-03
3.366122e-03
3.372465e-03
3.378814e-03
3.385170e-03
3.391531e-03
3.397898e-03
3.404272e-03
3.410651e-03
3.417036e-03
3.423427e-03
3.429825e-03
3.436228e-03
3.442637e-03
3.449052e-03
3.455473e-03
3.461900e-03
3.468333e-03
3.474772e-03
3.481217e-03
3.487668e-03
3.494125e-03
3.500587e-03
3.507056e-03
3.513531e-03
3.520012e-03
3.526498e-03
3.532991e-03
3.539490e-03
3.545994e-03
3.552505e-03
3.559022e-03
3.565544e-03
3.572073e-03
3.578607e-03
3.585148e-03
3.591694e-03
3.598246e-03
3.604805e-03
3.611369e-03
3.617939e-03
3.624516e-03
3.631098e-03
3.637686e-03
3.644280e-03
3.650880e-03
3.657486e-03
3.664098e-03
3.670717e-03
3.677341e-03
3.683971e-03
3.690607e-03
3.697248e-03
3.703896e-03
3.710550e-03
3.717210e-03
3.723876e-03
3.730548e-03
3.737225e-03
3.743909e-03
3.750599e-03
3.757294e-03
3.763996e-03
3.770704e-03
3.777417e-03
3.784137e-03
3.790862e-03
3.797594e-03
3.804331e-03
3.811075e-03
3.817824e-03
3.824579e-03
3.831341e-03
3.838108e-03
3.844881e-03
3.851660e-03
3.858446e-03
3.865237e-03
3.872034e-03
3.878837e-03
3.885646e-03
3.892461e-03
3.899282e-03
3.906109e-03
3.912942e-03
3.919781e-03
3.926626e-03
3.933477e-03
3.940334e-03
3.947196e-03
3.954065e-03
3.960940e-03
3.967821e-03
3.974707e-03
3.981600e-03
3.988499e-03
3.995403e-03
4.002314e-03
4.009230e-03
4.016153e-03
4.023081e-03
4.030016e-03
4.036956e-03
4.043903e-03
4.050855e-03
4.057813e-03
4.064778e-03
4.071748e-03
4.078724e-03
4.085706e-03
4.092694e-03
4.099689e-03
4.106689e-03
4.113695e-03
4.120707e-03
4.127725e-03
4.134749e-03
4.141779e-03
4.148815e-03
4.155857e-03
4.162905e-03
4.169958e-03
4.177018e-03
4.184084e-03
4.191156e-03
4.198233e-03
4.205317e-03
4.212407e-03
4.219502e-03
4.226604e-03
4.233712e-03
4.240825e-03
4.247945e-03
4.255070e-03
4.262202e-03
4.269339e-03
4.276482e-03
4.283632e-03
4.290787e-03
4.297948e-03
4.305116e-03
4.312289e-03
4.319468e-03
4.326653e-03
4.333844e-03
4.341041e-03
4.348245e-03
4.355454e-03
4.362669e-03
4.369890e-03
4.377117e-03
4.384350e-03
4.391588e-03
4.398833e-03
4.406084e-03
4.413341e-03
4.420604e-03
4.427872e-03
4.435147e-03
4.442428e-03
4.449715e-03
4.457007e-03
4.464306e-03
4.471610e-03
4.478921e-03
4.486237e-03
4.493560e-03
4.500888e-03
4.508223e-03
4.515563e-03
4.522909e-03
4.530262e-03
4.537620e-03
4.544984e-03
4.552355e-03
4.559731e-03
4.567113e-03
4.574501e-03
4.581895e-03
4.589295e-03
4.596701e-03
4.604113e-03
4.611531e-03
4.618955e-03
4.626385e-03
4.633821e-03
4.641263e-03
4.648711e-03
4.656165e-03
4.663624e-03
4.671090e-03
4.678562e-03
4.686040e-03
4.693523e-03
4.701013e-03
4.708509e-03
4.716010e-03
4.723518e-03
4.731031e-03
4.738551e-03
4.746076e-03
4.753608e-03
4.761145e-03
4.768688e-03
4.776238e-03
4.783793e-03
4.791354e-03
4.798921e-03
4.806495e-03
4.814074e-03
4.821659e-03
4.829250e-03
4.836847e-03
4.844450e-03
4.852059e-03
4.859674e-03
4.867295e-03
4.874922e-03
4.882555e-03
4.890194e-03
4.897839e-03
4.905490e-03
4.913146e-03
4.920809e-03
4.928478e-03
4.936152e-03
4.943833e-03
4.951520e-03
4.959212e-03
4.966911e-03
4.974615e-03
4.982326e-03
4.990042e-03
4.997765e-03
5.005493e-03
5.013228e-03
5.020968e-03
5.028714e-03
5.036467e-03
5.044225e-03
5.051989e-03
5.059759e-03
5.067536e-03
5.075318e-03
5.083106e-03
5.090900e-03
5.098700e-03
5.106506e-03
5.114318e-03
5.122136e-03
5.129960e-03
5.137790e-03
5.145626e-03
5.153468e-03
5.161315e-03
5.169169e-03
5.177029e-03
5.184895e-03
5.192766e-03
5.200644e-03
5.208528e-03
5.216417e-03
5.224313e-03
5.232214e-03
5.240122e-03
5.248035e-03
5.255955e-03
5.263880e-03
5.271812e-03
5.279749e-03
5.287692e-03
5.295642e-03
5.303597e-03
5.311558e-03
5.319525e-03
5.327499e-03
5.335478e-03
5.343463e-03
5.351454e-03
5.359451e-03
5.367454e-03
5.375463e-03
5.383478e-03
5.391499e-03
5.399526e-03
5.407559e-03
5.415597e-03
5.423642e-03
5.431693e-03
5.439750e-03
5.447813e-03
5.455881e-03
5.463956e-03
5.472037e-03
5.480123e-03
5.488216e-03
5.496314e-03
5.504419e-03
5.512529e-03
5.520646e-03
5.528768e-03
5.536897e-03
5.545031e-03
5.553171e-03
5.561318e-03
5.569470e-03
5.577628e-03
5.585792e-03
5.593962e-03
5.602139e-03
5.610321e-03
5.618509e-03
5.626703e-03
5.634903e-03
5.643109e-03
5.651321e-03
5.659539e-03
5.667763e-03
5.675993e-03
5.684228e-03
5.692470e-03
5.700718e-03
5.708972e-03
5.717232e-03
5.725497e-03
5.733769e-03
5.742047e-03
5.750330e-03
5.758620e-03
5.766915e-03
5.775217e-03
5.783524e-03
5.791838e-03
5.800157e-03
5.808483e-03
5.816814e-03
5.825151e-03
5.833495e-03
5.841844e-03
5.850199e-03
5.858560e-03
5.866927e-03
5.875301e-03
5.883680e-03
5.892065e-03
5.900456e-03
5.908853e-03
5.917256e-03
5.925665e-03
5.934080e-03
5.942501e-03
5.950928e-03
5.959360e-03
5.967799e-03
5.976244e-03
5.984695e-03
5.993152e-03
6.001614e-03
6.010083e-03
6.018558e-03
6.027038e-03
6.035525e-03
6.044017e-03
6.052516e-03
6.061020e-03
6.069531e-03
6.078047e-03
6.086570e-03
6.095098e-03
6.103632e-03
6.112173e-03
6.120719e-03
6.129271e-03
6.137829e-03
6.146393e-03
6.154964e-03
6.163540e-03
6.172122e-03
6.180710e-03
6.189304e-03
6.197904e-03
6.206510e-03
6.215122e-03
6.223740e-03
6.232364e-03
6.240993e-03
6.249629e-03
6.258271e-03
6.266919e-03
6.275573e-03
6.284232e-03
6.292898e-03
6.301570e-03
6.310247e-03
6.318931e-03
6.327620e-03
6.336316e-03
6.345017e-03
6.353725e-03
6.362438e-03
6.371158e-03
6.379883e-03
6.388614e-03
6.397352e-03
6.406095e-03
6.414844e-03
6.423599e-03
6.432361e-03
6.441128e-03
6.449901e-03
6.458680e-03
6.467465e-03
6.476256e-03
6.485053e-03
6.493856e-03
6.502665e-03
6.511480e-03
6.520301e-03
6.529128e-03
6.537960e-03
6.546799e-03
6.555644e-03
6.564495e-03
6.573351e-03
6.582214e-03
6.591083e-03
6.599957e-03
6.608838e-03
6.617724e-03
6.626617e-03
6.635515e-03
6.644420e-03
6.653330e-03
6.662247e-03
6.671169e-03
6.680097e-03
6.689032e-03
6.697972e-03
6.706918e-03
6.715870e-03
6.724829e-03
6.733793e-03
6.742763e-03
6.751739e-03
6.760721e-03
6.769709e-03
6.778703e-03
6.787703e-03
6.796709e-03
6.805721e-03
6.814739e-03
6.823763e-03
6.832792e-03
6.841828e-03
6.850870e-03
6.859918e-03
6.868971e-03
6.877366e-03
6.885732e-03
6.894067e-03
6.902373e-03
6.910648e-03
6.918894e-03
6.927111e-03
6.935297e-03
6.943454e-03
6.951581e-03
6.959678e-03
6.967746e-03
6.975783e-03
6.983791e-03
6.991770e-03
6.999718e-03
7.007637e-03
7.015525e-03
7.023384e-03
7.031214e-03
7.039013e-03
7.046783e-03
7.054523e-03
7.062233e-03
7.069914e-03
7.077564e-03
7.085185e-03
7.092777e-03
7.100338e-03
7.107870e-03
7.115371e-03
7.122843e-03
7.130286e-03
7.137698e-03
7.145081e-03
7.152434e-03
7.159757e-03
7.167051e-03
7.174314e-03
7.181548e-03
7.188752e-03
7.195927e-03
7.203071e-03
7.210186e-03
7.217271e-03
7.224327e-03
7.231352e-03
7.238348e-03
7.245314e-03
7.252250e-03
7.259157e-03
7.266033e-03
7.272880e-03
7.279697e-03
7.286485e-03
7.293242e-03
7.299970e-03
7.306668e-03
7.313337e-03
7.319975e-03
7.326584e-03
7.333163e-03
7.339712e-03
7.346232e-03
7.352721e-03
7.359181e-03
7.365611e-03
7.372012e-03
7.378382e-03
7.384723e-03
7.391034e-03
7.397316e-03
7.403567e-03
7.409789e-03
7.415981e-03
7.422143e-03
7.428276e-03
7.434378e-03
7.440451e-03
7.446494e-03
7.452508e-03
7.458491e-03
7.464445e-03
7.470369e-03
7.476263e-03
7.482128e-03
7.487963e-03
7.493768e-03
7.499543e-03
7.505288e-03
7.511004e-03
7.516690e-03
7.522346e-03
7.527973e-03
7.533569e-03
7.539136e-03
7.544673e-03
7.550180e-03
7.555658e-03
7.561106e-03
7.566524e-03
7.571912e-03
7.577270e-03
7.582599e-03
7.587898e-03
7.593167e-03
7.598406e-03
7.603616e-03
7.608796e-03
7.613946e-03
7.619066e-03
7.624157e-03
7.629217e-03
7.634248e-03
7.639250e-03
7.644221e-03
7.649163e-03
7.654075e-03
7.658957e-03
7.663809e-03
7.668632e-03
7.673425e-03
7.678188e-03
7.682921e-03
7.687625e-03
7.692298e-03
7.696942e-03
7.701557e-03
7.706141e-03
7.710696e-03
7.715221e-03
7.719716e-03
7.724181e-03
7.728617e-03
7.733022e-03
7.737399e-03
7.741745e-03
7.746061e-03
7.750348e-03
7.754605e-03
7.758832e-03
7.763030e-03
7.767197e-03
7.771335e-03
7.775443e-03
7.779522e-03
7.783570e-03
7.787589e-03
7.791578e-03
7.795538e-03
7.799467e-03
7.803367e-03
7.807237e-03
7.811077e-03
7.814888e-03
7.818668e-03
7.822419e-03
7.826140e-03
7.829832e-03
7.833493e-03
7.837125e-03
7.840727e-03
7.844299e-03
7.847842e-03
7.851355e-03
7.854838e-03
7.858291e-03
7.861714e-03
7.865108e-03
7.868472e-03
7.871806e-03
7.875110e-03
7.878385e-03
7.881630e-03
7.884845e-03
7.888030e-03
7.891186e-03
7.894311e-03
7.897407e-03
7.900474e-03
7.903510e-03
7.906517e-03
7.909494e-03
7.912441e-03
7.915358e-03
7.918246e-03
7.921104e-03
7.923932e-03
7.926730e-03
7.929498e-03
7.932237e-03
7.934946e-03
7.937625e-03
7.940275e-03
7.942894e-03
7.945484e-03
7.948045e-03
7.950575e-03
7.953075e-03
7.955546e-03
7.957987e-03
7.960399e-03
7.962780e-03
7.965132e-03
7.967454e-03
7.969746e-03
7.972009e-03
7.974241e-03
7.976444e-03
7.978617e-03
7.980761e-03
7.982874e-03
7.984958e-03
7.987012e-03
7.989036e-03
7.991031e-03
7.992996e-03
7.994931e-03
7.996836e-03
7.998711e-03
8.000557e-03
8.002373e-03
8.004159e-03
8.005915e-03
8.007642e-03
8.009339e-03
8.011006e-03
8.012643e-03
8.014251e-03
8.015828e-03
8.017376e-03
8.018894e-03
8.020383e-03
8.021842e-03
8.023270e-03
8.024670e-03
8.026039e-03
8.027379e-03
8.028688e-03
8.029968e-03
8.031219e-03
8.032439e-03
8.033630e-03
8.034791e-03
8.035922e-03
8.037024e-03
8.038095e-03
8.039137e-03
8.040149e-03
8.041132e-03
8.042084e-03
8.043007e-03
8.043900e-03
8.044763e-03
8.045597e-03
8.046401e-03
8.047175e-03
8.047919e-03
8.048633e-03
8.049318e-03
8.049973e-03
8.050598e-03
8.051193e-03
8.051759e-03
8.052295e-03
8.052801e-03
8.053277e-03
8.053723e-03
8.054140e-03
8.054527e-03
8.054884e-03
8.055212e-03
8.055509e-03
8.055777e-03
8.056015e-03
8.056224e-03
8.056402e-03
8.056551e-03
8.056670e-03
8.056760e-03
8.056819e-03
8.056849e-03
8.056849e-03
8.056819e-03
8.056759e-03
8.056670e-03
8.056551e-03
8.056402e-03
8.056223e-03
8.056015e-03
8.055777e-03
8.055509e-03
8.055211e-03
8.054884e-03
8.054526e-03
8.054139e-03
8.053723e-03
8.053276e-03
8.052800e-03
8.052293e-03
8.051980e-03
8.051980e-03
8.051980e-03
8.051980e-03
8.051980e-03
8.051980e-03
8.051980e-03
8.051980e-03
8.051980e-03
8.051980e-03
8.051980e-03
8.051980e-03
8.051980e-03
8.051980e-03
8.051980e-03
8.051980e-03
8.051980e-03
8.051980e-03
8.051980e-03
8.051980e-03
8.051980e-03
8.051980e-03
8.051980e-03
8.051980e-03
8.051980e-03
8.051980e-03
8.051980e-03
8.051980e-03
8.051980e-03
8.051980e-03
8.051980e-03
8.051980e-03
8.051980e-03
8.051980e-03
8.051980e-03
8.051980e-03
8.051980e-03
8.051980e-03
8.051980e-03
8.051980e-03
8.051980e-03
8.051980e-03
8.051980e-03
8.051980e-03
8.051980e-03
8.051980e-03
8.051980e-03
8.051980e-03
8.051980e-03
8.051980e-03
8.051980e-03
8.051980e-03
8.051980e-03
8.051980e-03
8.051980e-03
8.051980e-03
8.051980e-03
8.051980e-03
8.051980e-03
8.051980e-03
8.051980e-03
8.051980e-03
8.051980e-03
8.051980e-03
8.051980e-03
8.051980e-03
8.051980e-03
8.051980e-03
8.051980e-03
8.051980e-03
8.051980e-03
8.051980e-03
8.051980e-03
8.051980e-03
8.051980e-03
8.051980e-03
8.051980e-03
8.051980e-03
8.051980e-03
8.051980e-03
8.051980e-03
8.051980e-03
8.051980e-03
8.051980e-03
8.051980e-03
8.051980e-03
8.051980e-03
8.051980e-03
8.051980e-03
8.051980e-03
8.051980e-03
8.051980e-03
8.051980e-03
8.051980e-03
8.051980e-03
8.051980e-03
8.051980e-03
8.051980e-03
8.051980e-03
8.051980e-03
8.051980e-03
8.051980e-03
8.051980e-03
8.051980e-03
8.051980e-03
8.051980e-03
8.051980e-03
8.051980e-03
8.051980e-03
8.051980e-03
8.051980e-03
8.051980e-03
8.051980e-03
8.051980e-03
8.051980e-03
8.051980e-03
8.051980e-03
8.051980e-03
8.051980e-03
8.051980e-03
8.051980e-03
8.051980e-03
8.051980e-03
8.051980e-03
8.051980e-03
8.051980e-03
8.051980e-03
8.051980e-03
8.051980e-03
8.051980e-03
8.051980e-03
8.051980e-03
8.051980e-03
8.051980e-03
8.051980e-03
8.051980e-03
8.051980e-03
8.051980e-03
8.051980e-03
8.051980e-03
8.051980e-03
8.051980e-03
8.051980e-03
8.051980e-03
8.051980e-03
8.051980e-03
8.051980e-03
8.051980e-03
8.051980e-03
8.051980e-03
8.051980e-03
8.051980e-03
8.051980e-03
8.051980e-03
8.051980e-03
8.051980e-03
8.051980e-03
8.051980e-03
8.051980e-03
8.051980e-03
8.051980e-03
8.051980e-03
8.051980e-03
8.051980e-03
8.051980e-03
8.051980e-03
8.051980e-03
8.051980e-03
8.051980e-03
8.051980e-03
8.051980e-03
8.051980e-03
8.051980e-03
8.051980e-03
8.051980e-03
8.051980e-03
8.051980e-03
8.051980e-03
8.051980e-03
8.051980e-03
8.051980e-03
8.051980e-03
8.051980e-03
8.051980e-03
8.051980e-03
8.051980e-03
8.051980e-03
8.051980e-03
8.051980e-03
8.051980e-03
8.051980e-03
8.051980e-03
8.051980e-03
8.051980e-03
8.051980e-03
8.051980e-03
8.051980e-03
8.051980e-03
8.051980e-03
8.051980e-03
8.051980e-03
