0.000000e+00
1.110371e-07
2.281088e-07
3.512151e-07
4.803561e-07
6.155317e-07
7.567419e-07
9.039867e-07
1.057266e-06
1.216580e-06
1.381929e-06
1.553312e-06
1.730730e-06
1.914183e-06
2.103670e-06
2.299192e-06
2.500748e-06
2.708339e-06
2.921965e-06
3.141625e-06
3.367320e-06
3.599050e-06
3.836814e-06
4.080613e-06
4.330446e-06
4.586314e-06
4.848217e-06
5.116154e-06
5.390126e-06
5.670133e-06
5.956174e-06
6.248250e-06
6.546360e-06
6.850505e-06
7.160685e-06
7.476899e-06
7.799148e-06
8.127432e-06
8.461750e-06
8.802103e-06
9.148490e-06
9.500912e-06
9.859369e-06
1.022386e-05
1.059439e-05
1.097095e-05
1.135354e-05
1.174217e-05
1.213684e-05
1.253754e-05
1.294427e-05
1.335704e-05
1.377584e-05
1.420068e-05
1.463155e-05
1.506846e-05
1.551140e-05
1.596037e-05
1.641538e-05
1.687643e-05
1.734351e-05
1.781662e-05
1.829577e-05
1.878096e-05
1.927218e-05
1.976943e-05
2.027272e-05
2.078204e-05
2.129740e-05
2.181879e-05
2.234621e-05
2.287967e-05
2.341917e-05
2.396470e-05
2.451626e-05
2.507386e-05
2.563750e-05
2.620717e-05
2.678287e-05
2.736461e-05
2.795238e-05
2.854619e-05
2.914603e-05
2.975190e-05
3.036382e-05
3.098176e-05
3.160574e-05
3.223576e-05
3.287181e-05
3.351389e-05
3.416201e-05
3.481616e-05
3.547635e-05
3.614257e-05
3.681483e-05
3.749312e-05
3.817745e-05
3.886781e-05
3.956420e-05
4.026663e-05
4.097510e-05
4.168960e-05
4.241013e-05
4.313670e-05
4.386930e-05
4.460794e-05
4.535262e-05
4.610332e-05
4.686006e-05
4.762284e-05
4.839165e-05
4.916650e-05
4.994738e-05
5.073429e-05
5.152724e-05
5.232623e-05
5.313125e-05
5.394230e-05
5.475939e-05
5.558251e-05
5.641167e-05
5.724686e-05
5.808809e-05
5.893535e-05
5.978864e-05
6.064797e-05
6.151334e-05
6.238474e-05
6.326217e-05
6.414564e-05
6.503515e-05
6.593068e-05
6.683226e-05
6.773986e-05
6.865351e-05
6.957318e-05
7.049889e-05
7.143064e-05
7.236842e-05
7.331224e-05
7.426209e-05
7.521797e-05
7.617989e-05
7.714784e-05
7.812183e-05
7.910185e-05
8.008791e-05
8.108000e-05
8.207813e-05
8.308229e-05
8.409249e-05
8.510872e-05
8.613099e-05
8.715929e-05
8.819362e-05
8.923399e-05
9.028039e-05
9.133283e-05
9.239130e-05
9.345581e-05
9.452635e-05
9.560293e-05
9.668554e-05
9.777419e-05
9.886887e-05
9.996959e-05
1.010763e-04
1.021891e-04
1.033079e-04
1.044328e-04
1.055637e-04
1.067006e-04
1.078436e-04
1.089926e-04
1.101476e-04
1.113086e-04
1.124757e-04
1.136489e-04
1.148280e-04
1.160132e-04
1.172045e-04
1.184017e-04
1.196050e-04
1.208144e-04
1.220298e-04
1.232512e-04
1.244786e-04
1.257121e-04
1.269516e-04
1.281971e-04
1.294487e-04
1.307063e-04
1.319700e-04
1.332397e-04
1.345154e-04
1.357971e-04
1.370849e-04
1.383788e-04
1.396786e-04
1.409845e-04
1.422964e-04
1.436144e-04
1.449384e-04
1.462684e-04
1.476045e-04
1.489466e-04
1.502947e-04
1.516489e-04
1.530091e-04
1.543753e-04
1.557476e-04
1.571259e-04
1.585103e-04
1.599006e-04
1.612971e-04
1.626995e-04
1.641080e-04
1.655225e-04
1.669431e-04
1.683696e-04
1.698023e-04
1.712409e-04
1.726856e-04
1.741363e-04
1.755931e-04
1.770559e-04
1.785247e-04
1.799996e-04
1.814805e-04
1.829674e-04
1.844604e-04
1.859594e-04
1.874644e-04
1.889755e-04
1.904926e-04
1.920157e-04
1.935449e-04
1.950801e-04
1.966213e-04
1.981686e-04
1.997219e-04
2.012813e-04
2.028467e-04
2.044181e-04
2.059955e-04
2.075790e-04
2.091685e-04
2.107641e-04
2.123657e-04
2.139733e-04
2.155870e-04
2.172066e-04
2.188324e-04
2.204641e-04
2.221019e-04
2.237458e-04
2.253956e-04
2.270515e-04
2.287135e-04
2.303814e-04
2.320554e-04
2.337355e-04
2.354216e-04
2.371137e-04
2.388118e-04
2.405160e-04
2.422262e-04
2.439424e-04
2.456647e-04
2.473930e-04
2.491274e-04
2.508678e-04
2.526142e-04
2.543667e-04
2.561251e-04
2.578897e-04
2.596602e-04
2.614368e-04
2.632194e-04
2.650081e-04
2.668028e-04
2.686035e-04
2.704103e-04
2.722231e-04
2.740419e-04
2.758668e-04
2.776977e-04
2.795347e-04
2.813776e-04
2.832266e-04
2.850817e-04
2.869428e-04
2.888099e-04
2.906830e-04
2.925622e-04
2.944474e-04
2.963387e-04
2.982360e-04
3.001393e-04
3.020486e-04
3.039640e-04
3.058854e-04
3.078129e-04
3.097464e-04
3.116859e-04
3.136315e-04
3.155831e-04
3.175407e-04
3.195044e-04
3.214741e-04
3.234498e-04
3.254316e-04
3.274194e-04
3.294132e-04
3.314131e-04
3.334190e-04
3.354310e-04
3.374489e-04
3.394730e-04
3.415030e-04
3.435391e-04
3.455812e-04
3.476294e-04
3.496835e-04
3.517438e-04
3.538100e-04
3.558823e-04
3.579606e-04
3.600450e-04
3.621354e-04
3.642318e-04
3.663343e-04
3.684428e-04
3.705573e-04
3.726779e-04
3.748045e-04
3.769371e-04
3.790758e-04
3.812205e-04
3.833712e-04
3.855280e-04
3.876908e-04
3.898597e-04
3.920345e-04
3.942155e-04
3.964024e-04
3.985954e-04
4.007944e-04
4.029994e-04
4.052105e-04
4.074277e-04
4.096508e-04
4.118800e-04
4.141152e-04
4.163565e-04
4.186038e-04
4.208571e-04
4.231165e-04
4.253819e-04
4.276533e-04
4.299308e-04
4.322143e-04
4.345038e-04
4.367994e-04
4.391010e-04
4.414086e-04
4.437223e-04
4.460420e-04
4.483678e-04
4.506995e-04
4.530373e-04
4.553812e-04
4.577311e-04
4.600870e-04
4.624489e-04
4.648169e-04
4.671910e-04
4.695710e-04
4.719571e-04
4.743492e-04
4.767474e-04
4.791516e-04
4.815618e-04
4.839781e-04
4.864004e-04
4.888287e-04
4.912631e-04
4.937035e-04
4.961499e-04
4.986024e-04
5.010609e-04
5.035254e-04
5.059960e-04
5.084726e-04
5.109553e-04
5.134439e-04
5.159386e-04
5.184394e-04
5.209462e-04
5.234590e-04
5.259779e-04
5.285027e-04
5.310337e-04
5.335706e-04
5.361136e-04
5.386626e-04
5.412177e-04
5.437788e-04
5.463459e-04
5.489191e-04
5.514983e-04
5.540835e-04
5.566748e-04
5.592721e-04
5.618754e-04
5.644848e-04
5.671002e-04
5.697216e-04
5.723491e-04
5.749826e-04
5.776222e-04
5.802677e-04
5.829194e-04
5.855770e-04
5.882407e-04
5.909104e-04
5.935862e-04
5.962679e-04
5.989558e-04
6.016496e-04
6.043495e-04
6.070554e-04
6.097674e-04
6.124854e-04
6.152094e-04
6.179395e-04
6.206756e-04
6.234177e-04
6.261659e-04
6.289201e-04
6.316803e-04
6.344466e-04
6.372189e-04
6.399972e-04
6.427816e-04
6.455720e-04
6.483685e-04
6.511710e-04
6.539795e-04
6.567940e-04
6.596146e-04
6.624412e-04
6.652739e-04
6.681126e-04
6.709573e-04
6.738080e-04
6.766648e-04
6.795277e-04
6.823965e-04
6.852714e-04
6.881523e-04
6.910393e-04
6.939323e-04
6.968313e-04
6.997364e-04
7.026475e-04
7.055646e-04
7.084878e-04
7.114170e-04
7.143523e-04
7.172935e-04
7.202409e-04
7.231942e-04
7.261536e-04
7.291190e-04
7.320904e-04
7.350679e-04
7.380514e-04
7.410410e-04
7.440366e-04
7.470382e-04
7.500459e-04
7.530596e-04
7.560793e-04
7.591050e-04
7.621368e-04
7.651747e-04
7.682185e-04
7.712684e-04
7.743244e-04
7.773863e-04
7.804543e-04
7.835284e-04
7.866084e-04
7.896946e-04
7.927867e-04
7.958849e-04
7.989891e-04
8.020993e-04
8.052156e-04
8.083379e-04
8.114663e-04
8.146007e-04
8.177411e-04
8.208875e-04
8.240400e-04
8.271985e-04
8.303631e-04
8.335337e-04
8.367103e-04
8.398930e-04
8.430817e-04
8.462764e-04
8.494772e-04
8.526840e-04
8.558968e-04
8.591157e-04
8.623406e-04
8.655715e-04
8.688085e-04
8.720515e-04
8.753005e-04
8.785556e-04
8.818167e-04
8.850839e-04
8.883570e-04
8.916363e-04
8.949215e-04
8.982128e-04
9.015101e-04
9.048135e-04
9.081228e-04
9.114383e-04
9.147597e-04
9.180872e-04
9.214207e-04
9.247603e-04
9.281059e-04
9.314575e-04
9.348152e-04
9.381789e-04
9.415486e-04
9.449244e-04
9.483062e-04
9.516940e-04
9.550879e-04
9.584878e-04
9.618938e-04
9.653057e-04
9.687237e-04
9.721478e-04
9.755779e-04
9.790140e-04
9.824561e-04
9.859043e-04
9.893585e-04
9.928188e-04
9.962851e-04
9.997574e-04
1.003236e-03
1.006720e-03
1.010211e-03
1.013707e-03
1.017210e-03
1.020718e-03
1.024233e-03
1.027753e-03
1.031280e-03
1.034813e-03
1.038351e-03
1.041896e-03
1.045447e-03
1.049004e-03
1.052566e-03
1.056135e-03
1.059710e-03
1.063291e-03
1.066878e-03
1.070471e-03
1.074070e-03
1.077675e-03
1.081286e-03
1.084904e-03
1.088527e-03
1.092156e-03
1.095791e-03
1.099433e-03
1.103080e-03
1.106733e-03
1.110393e-03
1.114058e-03
1.117729e-03
1.121407e-03
1.125091e-03
1.128780e-03
1.132476e-03
1.136177e-03
1.139885e-03
1.143599e-03
1.147318e-03
1.151044e-03
1.154776e-03
1.158514e-03
1.162258e-03
1.166008e-03
1.169764e-03
1.173526e-03
1.177294e-03
1.181068e-03
1.184848e-03
1.188634e-03
1.192426e-03
1.196224e-03
1.200028e-03
1.203839e-03
1.207655e-03
1.211477e-03
1.215306e-03
1.219140e-03
1.222981e-03
1.226827e-03
1.230680e-03
1.234538e-03
1.238403e-03
1.242273e-03
1.246150e-03
1.250033e-03
1.253921e-03
1.257816e-03
1.261717e-03
1.265624e-03
1.269536e-03
1.273455e-03
1.277380e-03
1.281311e-03
1.285248e-03
1.289191e-03
1.293140e-03
1.297095e-03
1.301057e-03
1.305024e-03
1.308997e-03
1.312976e-03
1.316961e-03
1.320953e-03
1.324950e-03
1.328953e-03
1.332963e-03
1.336978e-03
1.341000e-03
1.345027e-03
1.349061e-03
1.353100e-03
1.357146e-03
1.361198e-03
1.365255e-03
1.369319e-03
1.373389e-03
1.377465e-03
1.381546e-03
1.385634e-03
1.389728e-03
1.393828e-03
1.397934e-03
1.402046e-03
1.406164e-03
1.410288e-03
1.414418e-03
1.418554e-03
1.422696e-03
1.426845e-03
1.430999e-03
1.435159e-03
1.439325e-03
1.443498e-03
1.447676e-03
1.451861e-03
1.456051e-03
1.460248e-03
1.464450e-03
1.468659e-03
1.472873e-03
1.477094e-03
1.481320e-03
1.485553e-03
1.489792e-03
1.494037e-03
1.498287e-03
1.502544e-03
1.506807e-03
1.511076e-03
1.515351e-03
1.519632e-03
1.523919e-03
1.528212e-03
1.532511e-03
1.536816e-03
1.541127e-03
1.545444e-03
1.549768e-03
1.554097e-03
1.558432e-03
1.562773e-03
1.567121e-03
1.571474e-03
1.575834e-03
1.580199e-03
1.584570e-03
1.588948e-03
1.593331e-03
1.597721e-03
1.602117e-03
1.606518e-03
1.610926e-03
1.615340e-03
1.619760e-03
1.624185e-03
1.628617e-03
1.633055e-03
1.637499e-03
1.641949e-03
1.646405e-03
1.650867e-03
1.655335e-03
1.659809e-03
1.664289e-03
1.668775e-03
1.673267e-03
1.677766e-03
1.682270e-03
1.686780e-03
1.691296e-03
1.695819e-03
1.700347e-03
1.704882e-03
1.709422e-03
1.713968e-03
1.718521e-03
1.723080e-03
1.727644e-03
1.732215e-03
1.736791e-03
1.741374e-03
1.745963e-03
1.750558e-03
1.755158e-03
1.759765e-03
1.764378e-03
1.768997e-03
1.773622e-03
1.778253e-03
1.782890e-03
1.787533e-03
1.792182e-03
1.796837e-03
1.801498e-03
1.806165e-03
1.810839e-03
1.815518e-03
1.820203e-03
1.824895e-03
1.829592e-03
1.834295e-03
1.839005e-03
1.843720e-03
1.848442e-03
1.853169e-03
1.857903e-03
1.862642e-03
1.867388e-03
1.872140e-03
1.876897e-03
1.881661e-03
1.886431e-03
1.891207e-03
1.895988e-03
1.900776e-03
1.905570e-03
1.910370e-03
1.915176e-03
1.919988e-03
1.924806e-03
1.929630e-03
1.934460e-03
1.939297e-03
1.944139e-03
1.948987e-03
1.953841e-03
1.958701e-03
1.963568e-03
1.968440e-03
1.973319e-03
1.978203e-03
1.983093e-03
1.987990e-03
1.992892e-03
1.997801e-03
2.002716e-03
2.007636e-03
2.012563e-03
2.017496e-03
2.022434e-03
2.027379e-03
2.032330e-03
2.037287e-03
2.042250e-03
2.047219e-03
2.052193e-03
2.057174e-03
2.062161e-03
2.067155e-03
2.072154e-03
2.077159e-03
2.082170e-03
2.087187e-03
2.092210e-03
2.097240e-03
2.102275e-03
2.107316e-03
2.112363e-03
2.117417e-03
2.122476e-03
2.127542e-03
2.132613e-03
2.137691e-03
2.142774e-03
2.147864e-03
2.152960e-03
2.158061e-03
2.163169e-03
2.168283e-03
2.173403e-03
2.178528e-03
2.183660e-03
2.188798e-03
2.193942e-03
2.199092e-03
2.204248e-03
2.209410e-03
2.214578e-03
2.219752e-03
2.224932e-03
2.230118e-03
2.235311e-03
2.240509e-03
2.245713e-03
2.250923e-03
2.256140e-03
2.261362e-03
2.266590e-03
2.271825e-03
2.277065e-03
2.282312e-03
2.287564e-03
2.292823e-03
2.298088e-03
2.303358e-03
2.308635e-03
2.313918e-03
2.319206e-03
2.324501e-03
2.329802e-03
2.335109e-03
2.340422e-03
2.345741e-03
2.351065e-03
2.356396e-03
2.361733e-03
2.367077e-03
2.372426e-03
2.377781e-03
2.383142e-03
2.388509e-03
2.393882e-03
2.399262e-03
2.404647e-03
2.410038e-03
2.415436e-03
2.420839e-03
2.426248e-03
2.431664e-03
2.437085e-03
2.442513e-03
2.447947e-03
2.453386e-03
2.458832e-03
2.464283e-03
2.469741e-03
2.475205e-03
2.480675e-03
2.486151e-03
2.491632e-03
2.497120e-03
2.502614e-03
2.508114e-03
2.513620e-03
2.519132e-03
2.524650e-03
2.530174e-03
2.535704e-03
2.541241e-03
2.546783e-03
2.552331e-03
2.557885e-03
2.563446e-03
2.569012e-03
2.574584e-03
2.580163e-03
2.585747e-03
2.591338e-03
2.596934e-03
2.602537e-03
2.608145e-03
2.613760e-03
2.619381e-03
2.625007e-03
2.630640e-03
2.636279e-03
2.641924e-03
2.647574e-03
2.653231e-03
2.658894e-03
2.664563e-03
2.670238e-03
2.675919e-03
2.681606e-03
2.687299e-03
2.692998e-03
2.698703e-03
2.704414e-03
2.710132e-03
2.715855e-03
2.721584e-03
2.727319e-03
2.733061e-03
2.738808e-03
2.744562e-03
2.750321e-03
2.756087e-03
2.761858e-03
2.767636e-03
2.773419e-03
2.779209e-03
2.785004e-03
2.790806e-03
2.796614e-03
2.802428e-03
2.808247e-03
2.814073e-03
2.819905e-03
2.825743e-03
2.831587e-03
2.837437e-03
2.843293e-03
2.849155e-03
2.855023e-03
2.860897e-03
2.866777e-03
2.872663e-03
2.878556e-03
2.884454e-03
2.890358e-03
2.896268e-03
2.902185e-03
2.908107e-03
2.914036e-03
2.919970e-03
2.925911e-03
2.931857e-03
2.937810e-03
2.943768e-03
2.949733e-03
2.955703e-03
2.961680e-03
2.967663e-03
2.973652e-03
2.979646e-03
2.985647e-03
2.991654e-03
2.997667e-03
3.003686e-03
3.009711e-03
3.015742e-03
3.021779e-03
3.027822e-03
3.033871e-03
3.039926e-03
3.045987e-03
3.052055e-03
3.058128e-03
3.064207e-03
3.070293e-03
3.076384e-03
3.082481e-03
3.088585e-03
3.094694e-03
3.100810e-03
3.106931e-03
3.113059e-03
3.119192e-03
3.125332e-03
3.131478e-03
3.137629e-03
3.143787e-03
3.149951e-03
3.156121e-03
3.162296e-03
3.168478e-03
3.174666e-03
3.180860e-03
3.187060e-03
3.193266e-03
3.199478e-03
3.205696e-03
3.211920e-03
3.218150e-03
3.224387e-03
3.230629e-03
3.236877e-03
3.243131e-03
3.249392e-03
3.255658e-03
3.261930e-03
3.268209e-03
3.274493e-03
3.280784e-03
3.287080e-03
3.293383e-03
3.299692e-03
3.306006e-03
3.312327e-03
3.318654e-03
3.324986e-03
3.331325e-03
3.337670e-03
3.344021e-03
3.350378e-03
3.356740e-03
3.363109e-03
3.369484e-03
3.375865e-03
3.382252e-03
3.388645e-03
3.395045e-03
3.401450e-03
3.407861e-03
3.414278e-03
3.420701e-03
3.427131e-03
3.433566e-03
3.440007e-03
3.446455e-03
3.452908e-03
3.459368e-03
3.465833e-03
3.472305e-03
3.478782e-03
3.485266e-03
3.491755e-03
3.498251e-03
3.504753e-03
3.511261e-03
3.517774e-03
3.524294e-03
3.530820e-03
3.537352e-03
3.543890e-03
3.550434e-03
3.556984e-03
3.563540e-03
3.570102e-03
3.576670e-03
3.583244e-03
3.589824e-03
3.596410e-03
3.603003e-03
3.609601e-03
3.616205e-03
3.622815e-03
3.629432e-03
3.636054e-03
3.642683e-03
3.649317e-03
3.655958e-03
3.662604e-03
3.669257e-03
3.675915e-03
3.682580e-03
3.689251e-03
3.695927e-03
3.702610e-03
3.709299e-03
3.715994e-03
3.722695e-03
3.729401e-03
3.736114e-03
3.742833e-03
3.749558e-03
3.756289e-03
3.763026e-03
3.769769e-03
3.776519e-03
3.783274e-03
3.790035e-03
3.796802e-03
3.803575e-03
3.810355e-03
3.817140e-03
3.823931e-03
3.830729e-03
3.837532e-03
3.844342e-03
3.851157e-03
3.857979e-03
3.864806e-03
3.871640e-03
3.878480e-03
3.885325e-03
3.892177e-03
3.899035e-03
3.905898e-03
3.912768e-03
3.919644e-03
3.926526e-03
3.933414e-03
3.940308e-03
3.947208e-03
3.954114e-03
3.961026e-03
3.967944e-03
3.974868e-03
3.981798e-03
3.988735e-03
3.995677e-03
4.002625e-03
4.009579e-03
4.016540e-03
4.023506e-03
4.030478e-03
4.037457e-03
4.044441e-03
4.051432e-03
4.058428e-03
4.065431e-03
4.072440e-03
4.079454e-03
4.086475e-03
4.093502e-03
4.100534e-03
4.107573e-03
4.114618e-03
4.121669e-03
4.128726e-03
4.135789e-03
4.142858e-03
4.149933e-03
4.157014e-03
4.164101e-03
4.171194e-03
4.178293e-03
4.185398e-03
4.192509e-03
4.199627e-03
4.206750e-03
4.213879e-03
4.221014e-03
4.228156e-03
4.235303e-03
4.242457e-03
4.249616e-03
4.256782e-03
4.263953e-03
4.271131e-03
4.278314e-03
4.285504e-03
4.292700e-03
4.299902e-03
4.307109e-03
4.314323e-03
4.321543e-03
4.328769e-03
4.336001e-03
4.343239e-03
4.350483e-03
4.357733e-03
4.364989e-03
4.372251e-03
4.379519e-03
4.386793e-03
4.394073e-03
4.401359e-03
4.408651e-03
4.415950e-03
4.423254e-03
4.430564e-03
4.437881e-03
4.445203e-03
4.452532e-03
4.459866e-03
4.467207e-03
4.474553e-03
4.481906e-03
4.489264e-03
4.496629e-03
4.504000e-03
4.511376e-03
4.518759e-03
4.526148e-03
4.533543e-03
4.540944e-03
4.548351e-03
4.555764e-03
4.563183e-03
4.570608e-03
4.578039e-03
4.585476e-03
4.592919e-03
4.600368e-03
4.607823e-03
4.615284e-03
4.622751e-03
4.630225e-03
4.637704e-03
4.645189e-03
4.652681e-03
4.660178e-03
4.667682e-03
4.675191e-03
4.682707e-03
4.690228e-03
4.697756e-03
4.705289e-03
4.712829e-03
4.720375e-03
4.727927e-03
4.735484e-03
4.743048e-03
4.750618e-03
4.758194e-03
4.765776e-03
4.773364e-03
4.780958e-03
4.788558e-03
4.796164e-03
4.803776e-03
4.811394e-03
4.819018e-03
4.826648e-03
4.834284e-03
4.841927e-03
4.849575e-03
4.857229e-03
4.864890e-03
4.872556e-03
4.880228e-03
4.887907e-03
4.895591e-03
4.903282e-03
4.910978e-03
4.918681e-03
4.926390e-03
4.934104e-03
4.941825e-03
4.949552e-03
4.957285e-03
4.965023e-03
4.972768e-03
4.980519e-03
4.988276e-03
4.996039e-03
5.003808e-03
5.011583e-03
5.019364e-03
5.027151e-03
5.034944e-03
5.042743e-03
5.050548e-03
5.058360e-03
5.066177e-03
5.074000e-03
5.081830e-03
5.089665e-03
5.097506e-03
5.105354e-03
5.113207e-03
5.121067e-03
5.128932e-03
5.136804e-03
5.144681e-03
5.152565e-03
5.160455e-03
5.168350e-03
5.176252e-03
5.184160e-03
5.192074e-03
5.199993e-03
5.207919e-03
5.215851e-03
5.223789e-03
5.231733e-03
5.239683e-03
5.247639e-03
5.255601e-03
5.263569e-03
5.271544e-03
5.279524e-03
5.287510e-03
5.295502e-03
5.303501e-03
5.311505e-03
5.319515e-03
5.327532e-03
5.335554e-03
5.343583e-03
5.351617e-03
5.359658e-03
5.367704e-03
5.375757e-03
5.383815e-03
5.391880e-03
5.399951e-03
5.408027e-03
5.416110e-03
5.424199e-03
5.432294e-03
5.440395e-03
5.448502e-03
5.456615e-03
5.464734e-03
5.472859e-03
5.480990e-03
5.489127e-03
5.497270e-03
5.505419e-03
5.513574e-03
5.521736e-03
5.529903e-03
5.538076e-03
5.546255e-03
5.554441e-03
5.562632e-03
5.570830e-03
5.579033e-03
5.587243e-03
5.595458e-03
5.603680e-03
5.611907e-03
5.620141e-03
5.628381e-03
5.636626e-03
5.644878e-03
5.653136e-03
5.661400e-03
5.669669e-03
5.677945e-03
5.686227e-03
5.694515e-03
5.702809e-03
5.711109e-03
5.719415e-03
5.727727e-03
5.736046e-03
5.744370e-03
5.752700e-03
5.761036e-03
5.769378e-03
5.777727e-03
5.786081e-03
5.794441e-03
5.802808e-03
5.811180e-03
5.819559e-03
5.827943e-03
5.836334e-03
5.844730e-03
5.853133e-03
5.861542e-03
5.869956e-03
5.878377e-03
5.886804e-03
5.895237e-03
5.903675e-03
5.912120e-03
5.920571e-03
5.929028e-03
5.937491e-03
5.945960e-03
5.954435e-03
5.962916e-03
5.971403e-03
5.979896e-03
5.988395e-03
5.996901e-03
6.005412e-03
6.013929e-03
6.022452e-03
6.030982e-03
6.039517e-03
6.048059e-03
6.056606e-03
6.065159e-03
6.073719e-03
6.082285e-03
6.090856e-03
6.099434e-03
6.108017e-03
6.116607e-03
6.125203e-03
6.133805e-03
6.142412e-03
6.151026e-03
6.159646e-03
6.168272e-03
6.176904e-03
6.185542e-03
6.194186e-03
6.202836e-03
6.211492e-03
6.220154e-03
6.228822e-03
6.237496e-03
6.246176e-03
6.254863e-03
6.263555e-03
6.272253e-03
6.280958e-03
6.289668e-03
6.298384e-03
6.307107e-03
6.315835e-03
6.324570e-03
6.333310e-03
6.342057e-03
6.350810e-03
6.359568e-03
6.368333e-03
6.377104e-03
6.385880e-03
6.394663e-03
6.403452e-03
6.412247e-03
6.421048e-03
6.429855e-03
6.438668e-03
6.447487e-03
6.456312e-03
6.465143e-03
6.473980e-03
6.482823e-03
6.491672e-03
6.500527e-03
6.509389e-03
6.518256e-03
6.527129e-03
6.536009e-03
6.544894e-03
6.553785e-03
6.562683e-03
6.571586e-03
6.580496e-03
6.589411e-03
6.598333e-03
6.607261e-03
6.616194e-03
6.625134e-03
6.634080e-03
6.643031e-03
6.651989e-03
6.660953e-03
6.669923e-03
6.678899e-03
6.687881e-03
6.696869e-03
6.705863e-03
6.714863e-03
6.723869e-03
6.732881e-03
6.741899e-03
6.750923e-03
6.759954e-03
6.768990e-03
6.778032e-03
6.787080e-03
6.796135e-03
6.805195e-03
6.814262e-03
6.823334e-03
6.832412e-03
6.841497e-03
6.850588e-03
6.859684e-03
6.868787e-03
6.877895e-03
6.887010e-03
6.896131e-03
6.905258e-03
6.914390e-03
6.923529e-03
6.932674e-03
6.941825e-03
6.950317e-03
6.958779e-03
6.967211e-03
6.975613e-03
6.983985e-03
6.992327e-03
7.000638e-03
7.008920e-03
7.017171e-03
7.025393e-03
7.033584e-03
7.041745e-03
7.049876e-03
7.057977e-03
7.066048e-03
7.074089e-03
7.082100e-03
7.090080e-03
7.098031e-03
7.105951e-03
7.113842e-03
7.121702e-03
7.129532e-03
7.137332e-03
7.145102e-03
7.152842e-03
7.160552e-03
7.168231e-03
7.175881e-03
7.183500e-03
7.191090e-03
7.198649e-03
7.206178e-03
7.213677e-03
7.221146e-03
7.228585e-03
7.235994e-03
7.243373e-03
7.250722e-03
7.258040e-03
7.265329e-03
7.272587e-03
7.279815e-03
7.287014e-03
7.294182e-03
7.301320e-03
7.308428e-03
7.315505e-03
7.322553e-03
7.329571e-03
7.336558e-03
7.343516e-03
7.350443e-03
7.357340e-03
7.364208e-03
7.371045e-03
7.377852e-03
7.384629e-03
7.391375e-03
7.398092e-03
7.404779e-03
7.411435e-03
7.418062e-03
7.424658e-03
7.431224e-03
7.437760e-03
7.444266e-03
7.450742e-03
7.457188e-03
7.463604e-03
7.469990e-03
7.476345e-03
7.482671e-03
7.488966e-03
7.495232e-03
7.501467e-03
7.507672e-03
7.513847e-03
7.519992e-03
7.526107e-03
7.532191e-03
7.538246e-03
7.544271e-03
7.550265e-03
7.556230e-03
7.562164e-03
7.568068e-03
7.573942e-03
7.579786e-03
7.585600e-03
7.591384e-03
7.597138e-03
7.602861e-03
7.608555e-03
7.614218e-03
7.619852e-03
7.625455e-03
7.631028e-03
7.636571e-03
7.642084e-03
7.647567e-03
7.653020e-03
7.658443e-03
7.663835e-03
7.669198e-03
7.674530e-03
7.679833e-03
7.685105e-03
7.690347e-03
7.695559e-03
7.700741e-03
7.705893e-03
7.711015e-03
7.716106e-03
7.721168e-03
7.726199e-03
7.731201e-03
7.736172e-03
7.741113e-03
7.746025e-03
7.750906e-03
7.755757e-03
7.760577e-03
7.765368e-03
7.770129e-03
7.774859e-03
7.779560e-03
7.784230e-03
7.788871e-03
7.793481e-03
7.798061e-03
7.802611e-03
7.807131e-03
7.811621e-03
7.816080e-03
7.820510e-03
7.824910e-03
7.829279e-03
7.833618e-03
7.837928e-03
7.842207e-03
7.846456e-03
7.850675e-03
7.854864e-03
7.859023e-03
7.863151e-03
7.867250e-03
7.871319e-03
7.875357e-03
7.879365e-03
7.883344e-03
7.887292e-03
7.891210e-03
7.895098e-03
7.898956e-03
7.902783e-03
7.906581e-03
7.910349e-03
7.914086e-03
7.917794e-03
7.921471e-03
7.925118e-03
7.928735e-03
7.932322e-03
7.935879e-03
7.939406e-03
7.942903e-03
7.946370e-03
7.949806e-03
7.953213e-03
7.956589e-03
7.959935e-03
7.963252e-03
7.966538e-03
7.969794e-03
7.973020e-03
7.976216e-03
7.979381e-03
7.982517e-03
7.985623e-03
7.988698e-03
7.991743e-03
7.994759e-03
7.997744e-03
8.000699e-03
8.003624e-03
8.006519e-03
8.009384e-03
8.012218e-03
8.015023e-03
8.017798e-03
8.020542e-03
8.023256e-03
8.025941e-03
8.028595e-03
8.031219e-03
8.033813e-03
8.036377e-03
8.038910e-03
8.041414e-03
8.043888e-03
8.046331e-03
8.048745e-03
8.051128e-03
8.053481e-03
8.055804e-03
8.058097e-03
8.060360e-03
8.062593e-03
8.064796e-03
8.066969e-03
8.069111e-03
8.071224e-03
8.073306e-03
8.075358e-03
8.077381e-03
8.079373e-03
8.081335e-03
8.083267e-03
8.085169e-03
8.087040e-03
8.088882e-03
8.090694e-03
8.092475e-03
8.094226e-03
8.095948e-03
8.097639e-03
8.099300e-03
8.100931e-03
8.102532e-03
8.104103e-03
8.105643e-03
8.107154e-03
8.108635e-03
8.110085e-03
8.111505e-03
8.112896e-03
8.114256e-03
8.115586e-03
8.116886e-03
8.118156e-03
8.119396e-03
8.120605e-03
8.121785e-03
8.122934e-03
8.124054e-03
8.125143e-03
8.126202e-03
8.127232e-03
8.128231e-03
8.129200e-03
8.130138e-03
8.131047e-03
8.131926e-03
8.132775e-03
8.133593e-03
8.134381e-03
8.135140e-03
8.135868e-03
8.136566e-03
8.137234e-03
8.137872e-03
8.138480e-03
8.139058e-03
8.139605e-03
8.140123e-03
8.140610e-03
8.141068e-03
8.141495e-03
8.141892e-03
8.142259e-03
8.142596e-03
8.142903e-03
8.143180e-03
8.143427e-03
8.143643e-03
8.143830e-03
8.143986e-03
8.144113e-03
8.144209e-03
8.144275e-03
8.144311e-03
8.144317e-03
8.144293e-03
8.144239e-03
8.144155e-03
8.144040e-03
8.143896e-03
8.143721e-03
8.143517e-03
8.143282e-03
8.143017e-03
8.142722e-03
8.142397e-03
8.142042e-03
8.141657e-03
8.141241e-03
8.140796e-03
8.140320e-03
8.139815e-03
8.139501e-03
8.139501e-03
8.139501e-03
8.139501e-03
8.139501e-03
8.139501e-03
8.139501e-03
8.139501e-03
8.139501e-03
8.139501e-03
8.139501e-03
8.139501e-03
8.139501e-03
8.139501e-03
8.139501e-03
8.139501e-03
8.139501e-03
8.139501e-03
8.139501e-03
8.139501e-03
8.139501e-03
8.139501e-03
8.139501e-03
8.139501e-03
8.139501e-03
8.139501e-03
8.139501e-03
8.139501e-03
8.139501e-03
8.139501e-03
8.139501e-03
8.139501e-03
8.139501e-03
8.139501e-03
8.139501e-03
8.139501e-03
8.139501e-03
8.139501e-03
8.139501e-03
8.139501e-03
8.139501e-03
8.139501e-03
8.139501e-03
8.139501e-03
8.139501e-03
8.139501e-03
8.139501e-03
8.139501e-03
8.139501e-03
8.139501e-03
8.139501e-03
8.139501e-03
8.139501e-03
8.139501e-03
8.139501e-03
8.139501e-03
8.139501e-03
8.139501e-03
8.139501e-03
8.139501e-03
8.139501e-03
8.139501e-03
8.139501e-03
8.139501e-03
8.139501e-03
8.139501e-03
8.139501e-03
8.139501e-03
8.139501e-03
8.139501e-03
8.139501e-03
8.139501e-03
8.139501e-03
8.139501e-03
8.139501e-03
8.139501e-03
8.139501e-03
8.139501e-03
8.139501e-03
8.139501e-03
8.139501e-03
8.139501e-03
8.139501e-03
8.139501e-03
8.139501e-03
8.139501e-03
8.139501e-03
8.139501e-03
8.139501e-03
8.139501e-03
8.139501e-03
8.139501e-03
8.139501e-03
8.139501e-03
8.139501e-03
8.139501e-03
8.139501e-03
8.139501e-03
8.139501e-03
8.139501e-03
8.139501e-03
8.139501e-03
8.139501e-03
8.139501e-03
8.139501e-03
8.139501e-03
8.139501e-03
8.139501e-03
8.139501e-03
8.139501e-03
8.139501e-03
8.139501e-03
8.139501e-03
8.139501e-03
8.139501e-03
8.139501e-03
8.139501e-03
8.139501e-03
8.139501e-03
8.139501e-03
8.139501e-03
8.139501e-03
8.139501e-03
8.139501e-03
8.139501e-03
8.139501e-03
8.139501e-03
8.139501e-03
8.139501e-03
8.139501e-03
8.139501e-03
8.139501e-03
8.139501e-03
8.139501e-03
8.139501e-03
8.139501e-03
8.139501e-03
8.139501e-03
8.139501e-03
8.139501e-03
8.139501e-03
8.139501e-03
8.139501e-03
8.139501e-03
8.139501e-03
8.139501e-03
8.139501e-03
8.139501e-03
8.139501e-03
8.139501e-03
8.139501e-03
8.139501e-03
8.139501e-03
8.139501e-03
8.139501e-03
8.139501e-03
8.139501e-03
8.139501e-03
8.139501e-03
8.139501e-03
8.139501e-03
8.139501e-03
8.139501e-03
8.139501e-03
8.139501e-03
8.139501e-03
8.139501e-03
8.139501e-03
8.139501e-03
8.139501e-03
8.139501e-03
8.139501e-03
8.139501e-03
8.139501e-03
8.139501e-03
8.139501e-03
8.139501e-03
8.139501e-03
8.139501e-03
8.139501e-03
8.139501e-03
8.139501e-03
8.139501e-03
8.139501e-03
8.139501e-03
8.139501e-03
8.139501e-03
8.139501e-03
8.139501e-03
8.139501e-03
8.139501e-03
8.139501e-03
8.139501e-03
8.139501e-03
8.139501e-03
8.139501e-03
8.139501e-03
8.139501e-03
8.139501e-03
8.139501e-03
8.139501e-03
