0.000000e+00
1.110371e-07
2.277977e-07
3.502819e-07
4.784897e-07
6.124210e-07
7.520759e-07
8.974544e-07
1.048556e-06
1.205382e-06
1.367931e-06
1.536204e-06
1.710200e-06
1.889920e-06
2.075363e-06
2.266530e-06
2.463421e-06
2.666035e-06
2.874372e-06
3.088434e-06
3.308218e-06
3.533727e-06
3.764959e-06
4.001914e-06
4.244593e-06
4.492996e-06
4.747122e-06
5.006971e-06
5.272545e-06
5.543841e-06
5.820862e-06
6.103606e-06
6.392073e-06
6.686264e-06
6.986179e-06
7.291817e-06
7.603179e-06
7.920264e-06
8.243073e-06
8.571605e-06
8.905861e-06
9.245841e-06
9.591544e-06
9.942970e-06
1.030012e-05
1.066299e-05
1.103159e-05
1.140591e-05
1.178596e-05
1.217173e-05
1.256322e-05
1.296043e-05
1.336337e-05
1.377203e-05
1.418642e-05
1.460653e-05
1.503236e-05
1.546392e-05
1.590120e-05
1.634420e-05
1.679293e-05
1.724738e-05
1.770755e-05
1.817345e-05
1.864507e-05
1.912242e-05
1.960549e-05
2.009428e-05
2.058879e-05
2.108903e-05
2.159500e-05
2.210668e-05
2.262409e-05
2.314723e-05
2.367608e-05
2.421066e-05
2.475097e-05
2.529700e-05
2.584875e-05
2.640622e-05
2.696942e-05
2.753834e-05
2.811299e-05
2.869336e-05
2.927945e-05
2.987127e-05
3.046881e-05
3.107207e-05
3.168106e-05
3.229577e-05
3.291620e-05
3.354236e-05
3.417424e-05
3.481184e-05
3.545517e-05
3.610422e-05
3.675900e-05
3.741950e-05
3.808572e-05
3.875767e-05
3.943534e-05
4.011873e-05
4.080785e-05
4.150269e-05
4.220325e-05
4.290954e-05
4.362155e-05
4.433928e-05
4.506274e-05
4.579192e-05
4.652683e-05
4.726746e-05
4.801381e-05
4.876589e-05
4.952369e-05
5.028721e-05
5.105645e-05
5.183143e-05
5.261212e-05
5.339854e-05
5.419068e-05
5.498854e-05
5.579213e-05
5.660144e-05
5.741648e-05
5.823723e-05
5.906372e-05
5.989592e-05
6.073385e-05
6.157751e-05
6.242688e-05
6.328198e-05
6.414281e-05
6.500935e-05
6.588162e-05
6.675962e-05
6.764334e-05
6.853278e-05
6.942794e-05
7.032883e-05
7.123544e-05
7.214778e-05
7.306584e-05
7.398962e-05
7.491913e-05
7.585436e-05
7.679531e-05
7.774199e-05
7.869439e-05
7.965251e-05
8.061636e-05
8.158593e-05
8.256122e-05
8.354224e-05
8.452899e-05
8.552145e-05
8.651964e-05
8.752355e-05
8.853319e-05
8.954855e-05
9.056963e-05
9.159644e-05
9.262897e-05
9.366722e-05
9.471120e-05
9.576090e-05
9.681633e-05
9.787747e-05
9.894435e-05
1.000169e-04
1.010953e-04
1.021793e-04
1.032691e-04
1.043646e-04
1.054658e-04
1.065727e-04
1.076854e-04
1.088038e-04
1.099279e-04
1.110577e-04
1.121932e-04
1.133345e-04
1.144815e-04
1.156343e-04
1.167927e-04
1.179569e-04
1.191268e-04
1.203024e-04
1.214837e-04
1.226708e-04
1.238636e-04
1.250621e-04
1.262663e-04
1.274763e-04
1.286920e-04
1.299134e-04
1.311405e-04
1.323734e-04
1.336120e-04
1.348563e-04
1.361063e-04
1.373620e-04
1.386235e-04
1.398907e-04
1.411636e-04
1.424423e-04
1.437266e-04
1.450167e-04
1.463125e-04
1.476141e-04
1.489213e-04
1.502343e-04
1.515530e-04
1.528775e-04
1.542076e-04
1.555435e-04
1.568851e-04
1.582324e-04
1.595855e-04
1.609443e-04
1.623087e-04
1.636790e-04
1.650549e-04
1.664366e-04
1.678240e-04
1.692171e-04
1.706159e-04
1.720205e-04
1.734308e-04
1.748468e-04
1.762685e-04
1.776960e-04
1.791291e-04
1.805681e-04
1.820127e-04
1.834630e-04
1.849191e-04
1.863809e-04
1.878484e-04
1.893217e-04
1.908006e-04
1.922853e-04
1.937757e-04
1.952719e-04
1.967737e-04
1.982813e-04
1.997946e-04
2.013137e-04
2.028384e-04
2.043689e-04
2.059051e-04
2.074470e-04
2.089947e-04
2.105481e-04
2.121072e-04
2.136720e-04
2.152425e-04
2.168188e-04
2.184008e-04
2.199885e-04
2.215819e-04
2.231811e-04
2.247860e-04
2.263966e-04
2.280129e-04
2.296350e-04
2.312628e-04
2.328963e-04
2.345355e-04
2.361805e-04
2.378311e-04
2.394875e-04
2.411497e-04
2.428175e-04
2.444911e-04
2.461704e-04
2.478554e-04
2.495461e-04
2.512426e-04
2.529448e-04
2.546527e-04
2.563663e-04
2.580857e-04
2.598108e-04
2.615416e-04
2.632781e-04
2.650203e-04
2.667683e-04
2.685220e-04
2.702814e-04
2.720466e-04
2.738175e-04
2.755940e-04
2.773764e-04
2.791644e-04
2.809582e-04
2.827577e-04
2.845629e-04
2.863738e-04
2.881905e-04
2.900128e-04
2.918409e-04
2.936748e-04
2.955143e-04
2.973596e-04
2.992106e-04
3.010673e-04
3.029298e-04
3.047979e-04
3.066718e-04
3.085515e-04
3.104368e-04
3.123279e-04
3.142247e-04
3.161272e-04
3.180354e-04
3.199494e-04
3.218690e-04
3.237944e-04
3.257256e-04
3.276624e-04
3.296050e-04
3.315533e-04
3.335073e-04
3.354671e-04
3.374325e-04
3.394037e-04
3.413807e-04
3.433633e-04
3.453517e-04
3.473458e-04
3.493456e-04
3.513511e-04
3.533624e-04
3.553793e-04
3.574021e-04
3.594305e-04
3.614646e-04
3.635045e-04
3.655501e-04
3.676014e-04
3.696585e-04
3.717213e-04
3.737898e-04
3.758640e-04
3.779439e-04
3.800296e-04
3.821210e-04
3.842181e-04
3.863209e-04
3.884295e-04
3.905438e-04
3.926638e-04
3.947895e-04
3.969210e-04
3.990581e-04
4.012010e-04
4.033497e-04
4.055040e-04
4.076641e-04
4.098299e-04
4.120014e-04
4.141786e-04
4.163616e-04
4.185503e-04
4.207447e-04
4.229448e-04
4.251507e-04
4.273623e-04
4.295796e-04
4.318026e-04
4.340314e-04
4.362659e-04
4.385061e-04
4.407520e-04
4.430036e-04
4.452610e-04
4.475241e-04
4.497929e-04
4.520675e-04
4.543477e-04
4.566337e-04
4.589254e-04
4.612229e-04
4.635260e-04
4.658349e-04
4.681495e-04
4.704699e-04
4.727959e-04
4.751277e-04
4.774652e-04
4.798084e-04
4.821574e-04
4.845120e-04
4.868724e-04
4.892386e-04
4.916104e-04
4.939880e-04
4.963713e-04
4.987603e-04
5.011550e-04
5.035555e-04
5.059617e-04
5.083736e-04
5.107912e-04
5.132146e-04
5.156436e-04
5.180784e-04
5.205190e-04
5.229652e-04
5.254172e-04
5.278749e-04
5.303383e-04
5.328075e-04
5.352823e-04
5.377629e-04
5.402492e-04
5.427413e-04
5.452390e-04
5.477425e-04
5.502517e-04
5.527667e-04
5.552873e-04
5.578137e-04
5.603458e-04
5.628836e-04
5.654272e-04
5.679764e-04
5.705314e-04
5.730922e-04
5.756586e-04
5.782308e-04
5.808087e-04
5.833923e-04
5.859816e-04
5.885767e-04
5.911775e-04
5.937840e-04
5.963962e-04
5.990142e-04
6.016379e-04
6.042673e-04
6.069024e-04
6.095432e-04
6.121898e-04
6.148421e-04
6.175001e-04
6.201639e-04
6.228333e-04
6.255085e-04
6.281895e-04
6.308761e-04
6.335685e-04
6.362665e-04
6.389704e-04
6.416799e-04
6.443951e-04
6.471161e-04
6.498428e-04
6.525753e-04
6.553134e-04
6.580573e-04
6.608069e-04
6.635622e-04
6.663233e-04
6.690900e-04
6.718625e-04
6.746407e-04
6.774247e-04
6.802143e-04
6.830097e-04
6.858108e-04
6.886177e-04
6.914302e-04
6.942485e-04
6.970725e-04
6.999022e-04
7.027377e-04
7.055789e-04
7.084258e-04
7.112784e-04
7.141367e-04
7.170008e-04
7.198706e-04
7.227461e-04
7.256274e-04
7.285143e-04
7.314070e-04
7.343054e-04
7.372096e-04
7.401194e-04
7.430350e-04
7.459563e-04
7.488833e-04
7.518161e-04
7.547546e-04
7.576988e-04
7.606487e-04
7.636043e-04
7.665657e-04
7.695328e-04
7.725056e-04
7.754842e-04
7.784684e-04
7.814584e-04
7.844541e-04
7.874556e-04
7.904627e-04
7.934756e-04
7.964942e-04
7.995185e-04
8.025486e-04
8.055844e-04
8.086259e-04
8.116731e-04
8.147260e-04
8.177847e-04
8.208491e-04
8.239192e-04
8.269951e-04
8.300766e-04
8.331639e-04
8.362569e-04
8.393557e-04
8.424601e-04
8.455703e-04
8.486862e-04
8.518078e-04
8.549352e-04
8.580683e-04
8.612071e-04
8.643516e-04
8.675018e-04
8.706578e-04
8.738195e-04
8.769869e-04
8.801601e-04
8.833389e-04
8.865235e-04
8.897138e-04
8.929099e-04
8.961116e-04
8.993191e-04
9.025323e-04
9.057513e-04
9.089759e-04
9.122063e-04
9.154424e-04
9.186842e-04
9.219318e-04
9.251850e-04
9.284440e-04
9.317088e-04
9.349792e-04
9.382554e-04
9.415373e-04
9.448249e-04
9.481182e-04
9.514173e-04
9.547221e-04
9.580326e-04
9.613488e-04
9.646707e-04
9.679984e-04
9.713318e-04
9.746710e-04
9.780158e-04
9.813664e-04
9.847227e-04
9.880847e-04
9.914524e-04
9.948259e-04
9.982051e-04
1.001590e-03
1.004981e-03
1.008377e-03
1.011779e-03
1.015187e-03
1.018600e-03
1.022020e-03
1.025445e-03
1.028875e-03
1.032312e-03
1.035754e-03
1.039202e-03
1.042655e-03
1.046115e-03
1.049580e-03
1.053051e-03
1.056527e-03
1.060009e-03
1.063497e-03
1.066991e-03
1.070490e-03
1.073995e-03
1.077506e-03
1.081023e-03
1.084545e-03
1.088073e-03
1.091607e-03
1.095146e-03
1.098691e-03
1.102242e-03
1.105799e-03
1.109361e-03
1.112929e-03
1.116503e-03
1.120083e-03
1.123668e-03
1.127259e-03
1.130855e-03
1.134458e-03
1.138066e-03
1.141680e-03
1.145299e-03
1.148925e-03
1.152556e-03
1.156193e-03
1.159835e-03
1.163483e-03
1.167137e-03
1.170797e-03
1.174462e-03
1.178133e-03
1.181810e-03
1.185493e-03
1.189181e-03
1.192875e-03
1.196575e-03
1.200280e-03
1.203991e-03
1.207708e-03
1.211431e-03
1.215159e-03
1.218893e-03
1.222633e-03
1.226378e-03
1.230130e-03
1.233886e-03
1.237649e-03
1.241418e-03
1.245192e-03
1.248971e-03
1.252757e-03
1.256548e-03
1.260345e-03
1.264148e-03
1.267957e-03
1.271771e-03
1.275591e-03
1.279416e-03
1.283248e-03
1.287085e-03
1.290927e-03
1.294776e-03
1.298630e-03
1.302490e-03
1.306356e-03
1.310227e-03
1.314104e-03
1.317987e-03
1.321876e-03
1.325770e-03
1.329670e-03
1.333576e-03
1.337487e-03
1.341405e-03
1.345328e-03
1.349256e-03
1.353191e-03
1.357131e-03
1.361077e-03
1.365028e-03
1.368985e-03
1.372948e-03
1.376917e-03
1.380892e-03
1.384872e-03
1.388858e-03
1.392849e-03
1.396847e-03
1.400850e-03
1.404858e-03
1.408873e-03
1.412893e-03
1.416919e-03
1.420951e-03
1.424988e-03
1.429031e-03
1.433080e-03
1.437135e-03
1.441195e-03
1.445261e-03
1.449333e-03
1.453410e-03
1.457493e-03
1.461582e-03
1.465677e-03
1.469777e-03
1.473883e-03
1.477995e-03
1.482113e-03
1.486236e-03
1.490365e-03
1.494500e-03
1.498640e-03
1.502786e-03
1.506938e-03
1.511096e-03
1.515259e-03
1.519428e-03
1.523603e-03
1.527783e-03
1.531970e-03
1.536161e-03
1.540359e-03
1.544563e-03
1.548772e-03
1.552986e-03
1.557207e-03
1.561433e-03
1.565665e-03
1.569903e-03
1.574146e-03
1.578396e-03
1.582651e-03
1.586911e-03
1.591177e-03
1.595450e-03
1.599727e-03
1.604011e-03
1.608300e-03
1.612595e-03
1.616896e-03
1.621202e-03
1.625514e-03
1.629832e-03
1.634156e-03
1.638485e-03
1.642820e-03
1.647161e-03
1.651507e-03
1.655859e-03
1.660217e-03
1.664581e-03
1.668950e-03
1.673325e-03
1.677706e-03
1.682093e-03
1.686485e-03
1.690883e-03
1.695287e-03
1.699696e-03
1.704111e-03
1.708532e-03
1.712959e-03
1.717391e-03
1.721829e-03
1.726273e-03
1.730722e-03
1.735178e-03
1.739639e-03
1.744105e-03
1.748578e-03
1.753056e-03
1.757540e-03
1.762029e-03
1.766524e-03
1.771026e-03
1.775532e-03
1.780045e-03
1.784563e-03
1.789087e-03
1.793616e-03
1.798152e-03
1.802693e-03
1.807240e-03
1.811792e-03
1.816350e-03
1.820914e-03
1.825484e-03
1.830059e-03
1.834641e-03
1.839227e-03
1.843820e-03
1.848418e-03
1.853022e-03
1.857632e-03
1.862248e-03
1.866869e-03
1.871496e-03
1.876128e-03
1.880767e-03
1.885411e-03
1.890061e-03
1.894716e-03
1.899378e-03
1.904044e-03
1.908717e-03
1.913396e-03
1.918080e-03
1.922770e-03
1.927465e-03
1.932167e-03
1.936874e-03
1.941586e-03
1.946305e-03
1.951029e-03
1.955759e-03
1.960495e-03
1.965236e-03
1.969983e-03
1.974736e-03
1.979495e-03
1.984259e-03
1.989029e-03
1.993805e-03
1.998586e-03
2.003373e-03
2.008166e-03
2.012965e-03
2.017769e-03
2.022579e-03
2.027395e-03
2.032217e-03
2.037044e-03
2.041877e-03
2.046716e-03
2.051560e-03
2.056410e-03
2.061266e-03
2.066128e-03
2.070995e-03
2.075868e-03
2.080747e-03
2.085631e-03
2.090522e-03
2.095417e-03
2.100319e-03
2.105227e-03
2.110140e-03
2.115058e-03
2.119983e-03
2.124913e-03
2.129849e-03
2.134791e-03
2.139738e-03
2.144692e-03
2.149651e-03
2.154615e-03
2.159585e-03
2.164562e-03
2.169543e-03
2.174531e-03
2.179524e-03
2.184523e-03
2.189528e-03
2.194538e-03
2.199554e-03
2.204576e-03
2.209604e-03
2.214637e-03
2.219676e-03
2.224721e-03
2.229771e-03
2.234827e-03
2.239889e-03
2.244957e-03
2.250030e-03
2.255109e-03
2.260194e-03
2.265285e-03
2.270381e-03
2.275483e-03
2.280591e-03
2.285704e-03
2.290823e-03
2.295948e-03
2.301079e-03
2.306215e-03
2.311357e-03
2.316505e-03
2.321658e-03
2.326818e-03
2.331983e-03
2.337153e-03
2.342330e-03
2.347512e-03
2.352700e-03
2.357893e-03
2.363092e-03
2.368297e-03
2.373508e-03
2.378725e-03
2.383947e-03
2.389175e-03
2.394408e-03
2.399648e-03
2.404893e-03
2.410144e-03
2.415400e-03
2.420662e-03
2.425930e-03
2.431204e-03
2.436483e-03
2.441768e-03
2.447059e-03
2.452356e-03
2.457658e-03
2.462966e-03
2.468280e-03
2.473600e-03
2.478925e-03
2.484256e-03
2.489592e-03
2.494935e-03
2.500283e-03
2.505637e-03
2.510996e-03
2.516361e-03
2.521732e-03
2.527109e-03
2.532492e-03
2.537880e-03
2.543274e-03
2.548673e-03
2.554078e-03
2.559490e-03
2.564906e-03
2.570329e-03
2.575757e-03
2.581191e-03
2.586631e-03
2.592076e-03
2.597527e-03
2.602984e-03
2.608447e-03
2.613915e-03
2.619389e-03
2.624869e-03
2.630354e-03
2.635845e-03
2.641342e-03
2.646845e-03
2.652353e-03
2.657867e-03
2.663387e-03
2.668913e-03
2.674444e-03
2.679981e-03
2.685524e-03
2.691072e-03
2.696626e-03
2.702186e-03
2.707752e-03
2.713323e-03
2.718900e-03
2.724483e-03
2.730071e-03
2.735665e-03
2.741265e-03
2.746871e-03
2.752482e-03
2.758099e-03
2.763722e-03
2.769351e-03
2.774985e-03
2.780625e-03
2.786271e-03
2.791922e-03
2.797579e-03
2.803242e-03
2.808911e-03
2.814585e-03
2.820265e-03
2.825951e-03
2.831643e-03
2.837340e-03
2.843043e-03
2.848751e-03
2.854466e-03
2.860186e-03
2.865912e-03
2.871643e-03
2.877381e-03
2.883124e-03
2.888872e-03
2.894627e-03
2.900387e-03
2.906153e-03
2.911925e-03
2.917702e-03
2.923485e-03
2.929274e-03
2.935068e-03
2.940869e-03
2.946675e-03
2.952486e-03
2.958304e-03
2.964127e-03
2.969956e-03
2.975790e-03
2.981631e-03
2.987477e-03
2.993329e-03
2.999186e-03
3.005049e-03
3.010918e-03
3.016793e-03
3.022673e-03
3.028559e-03
3.034451e-03
3.040349e-03
3.046252e-03
3.052161e-03
3.058076e-03
3.063996e-03
3.069922e-03
3.075854e-03
3.081792e-03
3.087735e-03
3.093684e-03
3.099639e-03
3.105600e-03
3.111566e-03
3.117538e-03
3.123516e-03
3.129499e-03
3.135488e-03
3.141483e-03
3.147484e-03
3.153490e-03
3.159502e-03
3.165520e-03
3.171543e-03
3.177572e-03
3.183607e-03
3.189648e-03
3.195694e-03
3.201746e-03
3.207804e-03
3.213868e-03
3.219937e-03
3.226012e-03
3.232093e-03
3.238179e-03
3.244271e-03
3.250369e-03
3.256473e-03
3.262582e-03
3.268697e-03
3.274818e-03
3.280944e-03
3.287077e-03
3.293215e-03
3.299358e-03
3.305508e-03
3.311663e-03
3.317824e-03
3.323990e-03
3.330162e-03
3.336340e-03
3.342524e-03
3.348714e-03
3.354909e-03
3.361110e-03
3.367316e-03
3.373529e-03
3.379747e-03
3.385971e-03
3.392200e-03
3.398435e-03
3.404676e-03
3.410923e-03
3.417175e-03
3.423434e-03
3.429697e-03
3.435967e-03
3.442242e-03
3.448523e-03
3.454810e-03
3.461103e-03
3.467401e-03
3.473705e-03
3.480014e-03
3.486330e-03
3.492651e-03
3.498978e-03
3.505310e-03
3.511649e-03
3.517993e-03
3.524342e-03
3.530698e-03
3.537059e-03
3.543426e-03
3.549798e-03
3.556177e-03
3.562561e-03
3.568951e-03
3.575346e-03
3.581747e-03
3.588154e-03
3.594567e-03
3.600985e-03
3.607409e-03
3.613839e-03
3.620275e-03
3.626716e-03
3.633163e-03
3.639616e-03
3.646074e-03
3.652539e-03
3.659009e-03
3.665484e-03
3.671966e-03
3.678453e-03
3.684945e-03
3.691444e-03
3.697948e-03
3.704458e-03
3.710974e-03
3.717495e-03
3.724022e-03
3.730555e-03
3.737094e-03
3.743638e-03
3.750188e-03
3.756744e-03
3.763306e-03
3.769873e-03
3.776446e-03
3.783024e-03
3.789609e-03
3.796199e-03
3.802795e-03
3.809396e-03
3.816004e-03
3.822617e-03
3.829235e-03
3.835860e-03
3.842490e-03
3.849126e-03
3.855767e-03
3.862415e-03
3.869068e-03
3.875727e-03
3.882391e-03
3.889061e-03
3.895737e-03
3.902419e-03
3.909106e-03
3.915800e-03
3.922498e-03
3.929203e-03
3.935913e-03
3.942629e-03
3.949351e-03
3.956079e-03
3.962812e-03
3.969551e-03
3.976295e-03
3.983046e-03
3.989802e-03
3.996564e-03
4.003331e-03
4.010104e-03
4.016883e-03
4.023668e-03
4.030459e-03
4.037255e-03
4.044057e-03
4.050864e-03
4.057677e-03
4.064497e-03
4.071321e-03
4.078152e-03
4.084988e-03
4.091830e-03
4.098678e-03
4.105531e-03
4.112390e-03
4.119255e-03
4.126126e-03
4.133002e-03
4.139884e-03
4.146772e-03
4.153665e-03
4.160564e-03
4.167469e-03
4.174380e-03
4.181296e-03
4.188218e-03
4.195146e-03
4.202079e-03
4.209019e-03
4.215964e-03
4.222914e-03
4.229871e-03
4.236833e-03
4.243801e-03
4.250774e-03
4.257754e-03
4.264739e-03
4.271729e-03
4.278726e-03
4.285728e-03
4.292736e-03
4.299750e-03
4.306769e-03
4.313794e-03
4.320825e-03
4.327862e-03
4.334904e-03
4.341952e-03
4.349006e-03
4.356065e-03
4.363130e-03
4.370201e-03
4.377278e-03
4.384360e-03
4.391448e-03
4.398542e-03
4.405641e-03
4.412747e-03
4.419858e-03
4.426974e-03
4.434097e-03
4.441225e-03
4.448359e-03
4.455498e-03
4.462643e-03
4.469794e-03
4.476951e-03
4.484114e-03
4.491282e-03
4.498456e-03
4.505635e-03
4.512821e-03
4.520012e-03
4.527209e-03
4.534411e-03
4.541619e-03
4.548833e-03
4.556053e-03
4.563279e-03
4.570510e-03
4.577747e-03
4.584989e-03
4.592237e-03
4.599492e-03
4.606751e-03
4.614017e-03
4.621288e-03
4.628565e-03
4.635848e-03
4.643136e-03
4.650430e-03
4.657730e-03
4.665035e-03
4.672347e-03
4.679664e-03
4.686986e-03
4.694315e-03
4.701649e-03
4.708989e-03
4.716335e-03
4.723686e-03
4.731043e-03
4.738406e-03
4.745774e-03
4.753149e-03
4.760528e-03
4.767914e-03
4.775306e-03
4.782703e-03
4.790106e-03
4.797514e-03
4.804928e-03
4.812348e-03
4.819774e-03
4.827206e-03
4.834643e-03
4.842086e-03
4.849534e-03
4.856989e-03
4.864449e-03
4.871915e-03
4.879386e-03
4.886864e-03
4.894346e-03
4.901835e-03
4.909330e-03
4.916830e-03
4.924336e-03
4.931847e-03
4.939365e-03
4.946888e-03
4.954416e-03
4.961951e-03
4.969491e-03
4.977037e-03
4.984589e-03
4.992146e-03
4.999709e-03
5.007278e-03
5.014853e-03
5.022433e-03
5.030019e-03
5.037611e-03
5.045208e-03
5.052811e-03
5.060420e-03
5.068035e-03
5.075655e-03
5.083281e-03
5.090913e-03
5.098551e-03
5.106194e-03
5.113843e-03
5.121497e-03
5.129158e-03
5.136824e-03
5.144496e-03
5.152173e-03
5.159857e-03
5.167546e-03
5.175241e-03
5.182941e-03
5.190647e-03
5.198359e-03
5.206077e-03
5.213800e-03
5.221529e-03
5.229264e-03
5.237005e-03
5.244751e-03
5.252503e-03
5.260261e-03
5.268024e-03
5.275793e-03
5.283568e-03
5.291349e-03
5.299135e-03
5.306927e-03
5.314725e-03
5.322528e-03
5.330338e-03
5.338153e-03
5.345973e-03
5.353800e-03
5.361632e-03
5.369470e-03
5.377313e-03
5.385162e-03
5.393017e-03
5.400878e-03
5.408745e-03
5.416617e-03
5.424495e-03
5.432378e-03
5.440268e-03
5.448163e-03
5.456064e-03
5.463970e-03
5.471882e-03
5.479800e-03
5.487724e-03
5.495654e-03
5.503589e-03
5.511530e-03
5.519476e-03
5.527428e-03
5.535386e-03
5.543350e-03
5.551320e-03
5.559295e-03
5.567276e-03
5.575263e-03
5.583255e-03
5.591253e-03
5.599257e-03
5.607266e-03
5.615282e-03
5.623303e-03
5.631329e-03
5.639362e-03
5.647400e-03
5.655444e-03
5.663494e-03
5.671549e-03
5.679610e-03
5.687677e-03
5.695749e-03
5.703827e-03
5.711911e-03
5.720001e-03
5.728097e-03
5.736198e-03
5.744304e-03
5.752417e-03
5.760535e-03
5.768659e-03
5.776789e-03
5.784925e-03
5.793066e-03
5.801213e-03
5.809365e-03
5.817524e-03
5.825688e-03
5.833858e-03
5.842033e-03
5.850214e-03
5.858401e-03
5.866594e-03
5.874793e-03
5.882997e-03
5.891207e-03
5.899422e-03
5.907643e-03
5.915871e-03
5.924103e-03
5.932342e-03
5.940586e-03
5.948836e-03
5.957092e-03
5.965353e-03
5.973620e-03
5.981893e-03
5.990172e-03
5.998456e-03
6.006746e-03
6.015042e-03
6.023343e-03
6.031650e-03
6.039963e-03
6.048282e-03
6.056606e-03
6.064936e-03
6.073272e-03
6.081613e-03
6.089961e-03
6.098314e-03
6.106672e-03
6.115037e-03
6.123407e-03
6.131783e-03
6.140164e-03
6.148552e-03
6.156945e-03
6.165343e-03
6.173748e-03
6.182158e-03
6.190574e-03
6.198996e-03
6.207423e-03
6.215856e-03
6.224295e-03
6.232739e-03
6.241190e-03
6.249646e-03
6.258107e-03
6.266575e-03
6.275048e-03
6.283527e-03
6.292012e-03
6.300502e-03
6.308998e-03
6.317500e-03
6.326007e-03
6.334520e-03
6.343039e-03
6.351564e-03
6.360094e-03
6.368631e-03
6.377172e-03
6.385720e-03
6.394273e-03
6.402832e-03
6.411397e-03
6.419967e-03
6.428544e-03
6.437126e-03
6.445713e-03
6.454307e-03
6.462906e-03
6.471510e-03
6.480121e-03
6.488737e-03
6.497359e-03
6.505987e-03
6.514620e-03
6.523259e-03
6.531904e-03
6.540555e-03
6.549211e-03
6.557873e-03
6.566541e-03
6.575214e-03
6.583894e-03
6.592579e-03
6.600605e-03
6.608602e-03
6.616571e-03
6.624511e-03
6.632423e-03
6.640306e-03
6.648161e-03
6.655987e-03
6.663784e-03
6.671553e-03
6.679294e-03
6.687006e-03
6.694689e-03
6.702344e-03
6.709970e-03
6.717568e-03
6.725137e-03
6.732678e-03
6.740190e-03
6.747674e-03
6.755129e-03
6.762555e-03
6.769953e-03
6.777323e-03
6.784664e-03
6.791976e-03
6.799260e-03
6.806515e-03
6.813742e-03
6.820940e-03
6.828110e-03
6.835251e-03
6.842364e-03
6.849448e-03
6.856503e-03
6.863530e-03
6.870528e-03
6.877498e-03
6.884440e-03
6.891352e-03
6.898237e-03
6.905092e-03
6.911919e-03
6.918718e-03
6.925488e-03
6.932230e-03
6.938943e-03
6.945627e-03
6.952283e-03
6.958910e-03
6.965509e-03
6.972079e-03
6.978621e-03
6.985134e-03
6.991619e-03
6.998075e-03
7.004503e-03
7.010902e-03
7.017272e-03
7.023614e-03
7.029928e-03
7.036212e-03
7.042469e-03
7.048697e-03
7.054896e-03
7.061067e-03
7.067209e-03
7.073322e-03
7.079407e-03
7.085464e-03
7.091492e-03
7.097491e-03
7.103462e-03
7.109405e-03
7.115318e-03
7.121204e-03
7.127060e-03
7.132889e-03
7.138688e-03
7.144459e-03
7.150202e-03
7.155916e-03
7.161601e-03
7.167258e-03
7.172887e-03
7.178487e-03
7.184058e-03
7.189601e-03
7.195115e-03
7.200601e-03
7.206058e-03
7.211486e-03
7.216886e-03
7.222258e-03
7.227601e-03
7.232915e-03
7.238201e-03
7.243459e-03
7.248688e-03
7.253888e-03
7.259060e-03
7.264203e-03
7.269317e-03
7.274403e-03
7.279461e-03
7.284490e-03
7.289491e-03
7.294462e-03
7.299406e-03
7.304321e-03
7.309207e-03
7.314065e-03
7.318894e-03
7.323695e-03
7.328467e-03
7.333211e-03
7.337926e-03
7.342612e-03
7.347270e-03
7.351900e-03
7.356500e-03
7.361073e-03
7.365617e-03
7.370132e-03
7.374619e-03
7.379077e-03
7.383506e-03
7.387908e-03
7.392280e-03
7.396624e-03
7.400940e-03
7.405227e-03
7.409485e-03
7.413715e-03
7.417916e-03
7.422089e-03
7.426233e-03
7.430349e-03
7.434436e-03
7.438495e-03
7.442525e-03
7.446526e-03
7.450499e-03
7.454444e-03
7.458359e-03
7.462247e-03
7.466106e-03
7.469936e-03
7.473738e-03
7.477511e-03
7.481255e-03
7.484972e-03
7.488659e-03
7.492318e-03
7.495949e-03
7.499551e-03
7.503124e-03
7.506669e-03
7.510185e-03
7.513673e-03
7.517132e-03
7.520563e-03
7.523965e-03
7.527339e-03
7.530684e-03
7.534000e-03
7.537288e-03
7.540548e-03
7.543778e-03
7.546981e-03
7.550155e-03
7.553300e-03
7.556417e-03
7.559505e-03
7.562564e-03
7.565596e-03
7.568598e-03
7.571572e-03
7.574518e-03
7.577435e-03
7.580323e-03
7.583183e-03
7.586014e-03
7.588817e-03
7.591591e-03
7.594337e-03
7.597054e-03
7.599743e-03
7.602403e-03
7.605034e-03
7.607637e-03
7.610212e-03
7.612757e-03
7.615275e-03
7.617764e-03
7.620224e-03
7.622656e-03
7.625059e-03
7.627433e-03
7.629780e-03
7.632097e-03
7.634386e-03
7.636647e-03
7.638879e-03
7.641082e-03
7.643257e-03
7.645403e-03
7.647521e-03
7.649610e-03
7.651671e-03
7.653703e-03
7.655706e-03
7.657682e-03
7.659628e-03
7.661546e-03
7.663435e-03
7.665296e-03
7.667129e-03
7.668933e-03
7.670708e-03
7.672455e-03
7.674173e-03
7.675862e-03
7.677523e-03
7.679156e-03
7.680760e-03
7.682335e-03
7.683882e-03
7.685401e-03
7.686891e-03
7.688352e-03
7.689785e-03
7.691189e-03
7.692565e-03
7.693912e-03
7.695230e-03
7.696520e-03
7.697782e-03
7.699015e-03
7.700219e-03
7.701395e-03
7.702543e-03
7.703661e-03
7.704752e-03
7.705813e-03
7.706847e-03
7.707851e-03
7.708827e-03
7.709775e-03
7.710694e-03
7.711584e-03
7.712446e-03
7.713280e-03
7.714084e-03
7.714861e-03
7.715609e-03
7.716328e-03
7.717018e-03
7.717681e-03
7.718314e-03
7.718919e-03
7.719496e-03
7.720044e-03
7.720563e-03
7.721054e-03
7.721516e-03
7.721950e-03
7.722355e-03
7.722732e-03
7.723080e-03
7.723400e-03
7.723691e-03
7.723954e-03
7.724188e-03
7.724393e-03
7.724570e-03
7.724718e-03
7.724838e-03
7.724930e-03
7.724992e-03
7.725027e-03
7.725032e-03
7.725009e-03
7.724958e-03
7.724878e-03
7.724770e-03
7.724633e-03
7.724467e-03
7.724273e-03
7.724050e-03
7.723799e-03
7.723519e-03
7.723211e-03
7.722874e-03
7.722509e-03
7.722115e-03
7.721692e-03
7.721241e-03
7.720762e-03
7.720254e-03
7.719939e-03
7.719939e-03
7.719939e-03
7.719939e-03
7.719939e-03
7.719939e-03
7.719939e-03
7.719939e-03
7.719939e-03
7.719939e-03
7.719939e-03
7.719939e-03
7.719939e-03
7.719939e-03
7.719939e-03
7.719939e-03
7.719939e-03
7.719939e-03
7.719939e-03
7.719939e-03
7.719939e-03
7.719939e-03
7.719939e-03
7.719939e-03
7.719939e-03
7.719939e-03
7.719939e-03
7.719939e-03
7.719939e-03
7.719939e-03
7.719939e-03
7.719939e-03
7.719939e-03
7.719939e-03
7.719939e-03
7.719939e-03
7.719939e-03
7.719939e-03
7.719939e-03
7.719939e-03
7.719939e-03
7.719939e-03
7.719939e-03
7.719939e-03
7.719939e-03
7.719939e-03
7.719939e-03
7.719939e-03
7.719939e-03
7.719939e-03
7.719939e-03
7.719939e-03
7.719939e-03
7.719939e-03
7.719939e-03
7.719939e-03
7.719939e-03
7.719939e-03
7.719939e-03
7.719939e-03
7.719939e-03
7.719939e-03
7.719939e-03
7.719939e-03
7.719939e-03
7.719939e-03
7.719939e-03
7.719939e-03
7.719939e-03
7.719939e-03
7.719939e-03
7.719939e-03
7.719939e-03
7.719939e-03
7.719939e-03
7.719939e-03
7.719939e-03
7.719939e-03
7.719939e-03
7.719939e-03
7.719939e-03
7.719939e-03
7.719939e-03
7.719939e-03
7.719939e-03
7.719939e-03
7.719939e-03
7.719939e-03
7.719939e-03
7.719939e-03
7.719939e-03
7.719939e-03
7.719939e-03
7.719939e-03
7.719939e-03
7.719939e-03
7.719939e-03
7.719939e-03
7.719939e-03
7.719939e-03
7.719939e-03
7.719939e-03
7.719939e-03
7.719939e-03
7.719939e-03
7.719939e-03
7.719939e-03
7.719939e-03
7.719939e-03
7.719939e-03
7.719939e-03
7.719939e-03
7.719939e-03
7.719939e-03
7.719939e-03
7.719939e-03
7.719939e-03
7.719939e-03
7.719939e-03
7.719939e-03
7.719939e-03
7.719939e-03
7.719939e-03
7.719939e-03
7.719939e-03
7.719939e-03
7.719939e-03
7.719939e-03
7.719939e-03
7.719939e-03
7.719939e-03
7.719939e-03
7.719939e-03
7.719939e-03
7.719939e-03
7.719939e-03
7.719939e-03
7.719939e-03
7.719939e-03
7.719939e-03
7.719939e-03
7.719939e-03
7.719939e-03
7.719939e-03
7.719939e-03
7.719939e-03
7.719939e-03
7.719939e-03
7.719939e-03
7.719939e-03
7.719939e-03
7.719939e-03
7.719939e-03
7.719939e-03
7.719939e-03
7.719939e-03
7.719939e-03
7.719939e-03
7.719939e-03
7.719939e-03
7.719939e-03
7.719939e-03
7.719939e-03
7.719939e-03
7.719939e-03
7.719939e-03
7.719939e-03
7.719939e-03
7.719939e-03
7.719939e-03
7.719939e-03
7.719939e-03
7.719939e-03
7.719939e-03
7.719939e-03
7.719939e-03
7.719939e-03
7.719939e-03
7.719939e-03
7.719939e-03
7.719939e-03
7.719939e-03
7.719939e-03
7.719939e-03
7.719939e-03
7.719939e-03
7.719939e-03
7.719939e-03
7.719939e-03
7.719939e-03
7.719939e-03
7.719939e-03
7.719939e-03
7.719939e-03
7.719939e-03
7.719939e-03
7.719939e-03
7.719939e-03
7.719939e-03
7.719939e-03
7.719939e-03
