0.000000e+00
1.110371e-07
2.279182e-07
3.506434e-07
4.792127e-07
6.136260e-07
7.538834e-07
8.999848e-07
1.051930e-06
1.209720e-06
1.373353e-06
1.542831e-06
1.718153e-06
1.899319e-06
2.086328e-06
2.279182e-06
2.477880e-06
2.682422e-06
2.892808e-06
3.109038e-06
3.331113e-06
3.559031e-06
3.792793e-06
4.032399e-06
4.277850e-06
4.529144e-06
4.786283e-06
5.049265e-06
5.318092e-06
5.592763e-06
5.873277e-06
6.159636e-06
6.451839e-06
6.749886e-06
7.053777e-06
7.363512e-06
7.679091e-06
8.000514e-06
8.327781e-06
8.660893e-06
8.999848e-06
9.344647e-06
9.695291e-06
1.005178e-05
1.041411e-05
1.078229e-05
1.115631e-05
1.153617e-05
1.192188e-05
1.231343e-05
1.271082e-05
1.311406e-05
1.352315e-05
1.393808e-05
1.435885e-05
1.478546e-05
1.521792e-05
1.565623e-05
1.610038e-05
1.655037e-05
1.700621e-05
1.746789e-05
1.793541e-05
1.840878e-05
1.888799e-05
1.937305e-05
1.986395e-05
2.036070e-05
2.086328e-05
2.137172e-05
2.188599e-05
2.240612e-05
2.293208e-05
2.346389e-05
2.400154e-05
2.454504e-05
2.509438e-05
2.564957e-05
2.621060e-05
2.677747e-05
2.735019e-05
2.792875e-05
2.851315e-05
2.910340e-05
2.969950e-05
3.030144e-05
3.090922e-05
3.152284e-05
3.214231e-05
3.276763e-05
3.339879e-05
3.403579e-05
3.467864e-05
3.532733e-05
3.598186e-05
3.664224e-05
3.730846e-05
3.798053e-05
3.865844e-05
3.934219e-05
4.003179e-05
4.072723e-05
4.142852e-05
4.213565e-05
4.284863e-05
4.356745e-05
4.429211e-05
4.502262e-05
4.575897e-05
4.650116e-05
4.724920e-05
4.800309e-05
4.876281e-05
4.952838e-05
5.029980e-05
5.107706e-05
5.186016e-05
5.264911e-05
5.344390e-05
5.424454e-05
5.505102e-05
5.586334e-05
5.668151e-05
5.750552e-05
5.833538e-05
5.917108e-05
6.001262e-05
6.086001e-05
6.171324e-05
6.257232e-05
6.343724e-05
6.430801e-05
6.518461e-05
6.606707e-05
6.695536e-05
6.784950e-05
6.874949e-05
6.965532e-05
7.056699e-05
7.148451e-05
7.240787e-05
7.333707e-05
7.427212e-05
7.521302e-05
7.615975e-05
7.711233e-05
7.807076e-05
7.903503e-05
8.000514e-05
8.098110e-05
8.196290e-05
8.295055e-05
8.394404e-05
8.494337e-05
8.594855e-05
8.695957e-05
8.797644e-05
8.899915e-05
9.002770e-05
9.106210e-05
9.210234e-05
9.314843e-05
9.420036e-05
9.525813e-05
9.632175e-05
9.739121e-05
9.846652e-05
9.954767e-05
1.006347e-04
1.017275e-04
1.028262e-04
1.039307e-04
1.050411e-04
1.061573e-04
1.072794e-04
1.084073e-04
1.095410e-04
1.106806e-04
1.118260e-04
1.129773e-04
1.141344e-04
1.152974e-04
1.164662e-04
1.176409e-04
1.188214e-04
1.200077e-04
1.211999e-04
1.223979e-04
1.236018e-04
1.248115e-04
1.260271e-04
1.272485e-04
1.284758e-04
1.297088e-04
1.309478e-04
1.321926e-04
1.334432e-04
1.346997e-04
1.359620e-04
1.372302e-04
1.385042e-04
1.397840e-04
1.410697e-04
1.423612e-04
1.436586e-04
1.449618e-04
1.462709e-04
1.475858e-04
1.489066e-04
1.502332e-04
1.515656e-04
1.529039e-04
1.542480e-04
1.555980e-04
1.569538e-04
1.583155e-04
1.596830e-04
1.610564e-04
1.624356e-04
1.638206e-04
1.652115e-04
1.666082e-04
1.680108e-04
1.694192e-04
1.708335e-04
1.722536e-04
1.736795e-04
1.751113e-04
1.765490e-04
1.779924e-04
1.794418e-04
1.808969e-04
1.823580e-04
1.838248e-04
1.852975e-04
1.867761e-04
1.882605e-04
1.897507e-04
1.912468e-04
1.927487e-04
1.942565e-04
1.957701e-04
1.972895e-04
1.988148e-04
2.003460e-04
2.018830e-04
2.034258e-04
2.049745e-04
2.065290e-04
2.080893e-04
2.096556e-04
2.112276e-04
2.128055e-04
2.143892e-04
2.159788e-04
2.175742e-04
2.191755e-04
2.207826e-04
2.223956e-04
2.240144e-04
2.256390e-04
2.272695e-04
2.289059e-04
2.305481e-04
2.321961e-04
2.338499e-04
2.355097e-04
2.371752e-04
2.388466e-04
2.405239e-04
2.422069e-04
2.438959e-04
2.455907e-04
2.472913e-04
2.489977e-04
2.507101e-04
2.524282e-04
2.541522e-04
2.558820e-04
2.576177e-04
2.593593e-04
2.611066e-04
2.628598e-04
2.646189e-04
2.663838e-04
2.681546e-04
2.699312e-04
2.717136e-04
2.735019e-04
2.752960e-04
2.770960e-04
2.789018e-04
2.807134e-04
2.825309e-04
2.843543e-04
2.861835e-04
2.880185e-04
2.898594e-04
2.917061e-04
2.935587e-04
2.954171e-04
2.972813e-04
2.991514e-04
3.010274e-04
3.029092e-04
3.047968e-04
3.066903e-04
3.085896e-04
3.104948e-04
3.124058e-04
3.143226e-04
3.162453e-04
3.181738e-04
3.201082e-04
3.220485e-04
3.239945e-04
3.259464e-04
3.279042e-04
3.298678e-04
3.318373e-04
3.338125e-04
3.357937e-04
3.377807e-04
3.397735e-04
3.417722e-04
3.437767e-04
3.457870e-04
3.478032e-04
3.498253e-04
3.518532e-04
3.538869e-04
3.559265e-04
3.579719e-04
3.600231e-04
3.620803e-04
3.641432e-04
3.662120e-04
3.682866e-04
3.703671e-04
3.724535e-04
3.745456e-04
3.766436e-04
3.787475e-04
3.808572e-04
3.829728e-04
3.850941e-04
3.872214e-04
3.893545e-04
3.914934e-04
3.936382e-04
3.957888e-04
3.979452e-04
4.001075e-04
4.022757e-04
4.044497e-04
4.066295e-04
4.088152e-04
4.110067e-04
4.132041e-04
4.154073e-04
4.176163e-04
4.198312e-04
4.220520e-04
4.242786e-04
4.265110e-04
4.287493e-04
4.309934e-04
4.332433e-04
4.354991e-04
4.377608e-04
4.400283e-04
4.423016e-04
4.445808e-04
4.468658e-04
4.491567e-04
4.514534e-04
4.537560e-04
4.560644e-04
4.583786e-04
4.606987e-04
4.630247e-04
4.653564e-04
4.676941e-04
4.700375e-04
4.723868e-04
4.747420e-04
4.771030e-04
4.794698e-04
4.818425e-04
4.842210e-04
4.866054e-04
4.889956e-04
4.913917e-04
4.937936e-04
4.962014e-04
4.986150e-04
5.010344e-04
5.034597e-04
5.058908e-04
5.083278e-04
5.107706e-04
5.132193e-04
5.156738e-04
5.181341e-04
5.206003e-04
5.230723e-04
5.255502e-04
5.280339e-04
5.305235e-04
5.330189e-04
5.355202e-04
5.380273e-04
5.405402e-04
5.430590e-04
5.455836e-04
5.481141e-04
5.506504e-04
5.531926e-04
5.557406e-04
5.582945e-04
5.608542e-04
5.634197e-04
5.659911e-04
5.685683e-04
5.711514e-04
5.737403e-04
5.763351e-04
5.789357e-04
5.815421e-04
5.841544e-04
5.867726e-04
5.893965e-04
5.920264e-04
5.946620e-04
5.973036e-04
5.999509e-04
6.026041e-04
6.052632e-04
6.079280e-04
6.105988e-04
6.132754e-04
6.159578e-04
6.186460e-04
6.213402e-04
6.240401e-04
6.267459e-04
6.294576e-04
6.321750e-04
6.348984e-04
6.376275e-04
6.403626e-04
6.431034e-04
6.458501e-04
6.486027e-04
6.513611e-04
6.541253e-04
6.568954e-04
6.596713e-04
6.624531e-04
6.652407e-04
6.680342e-04
6.708335e-04
6.736386e-04
6.764496e-04
6.792665e-04
6.820891e-04
6.849177e-04
6.877520e-04
6.905922e-04
6.934383e-04
6.962902e-04
6.991479e-04
7.020115e-04
7.048810e-04
7.077562e-04
7.106374e-04
7.135243e-04
7.164171e-04
7.193158e-04
7.222203e-04
7.251306e-04
7.280468e-04
7.309688e-04
7.338967e-04
7.368304e-04
7.397700e-04
7.427154e-04
7.456666e-04
7.486237e-04
7.515867e-04
7.545554e-04
7.575301e-04
7.605105e-04
7.634969e-04
7.664890e-04
7.694870e-04
7.724909e-04
7.755005e-04
7.785161e-04
7.815375e-04
7.845647e-04
7.875977e-04
7.906367e-04
7.936814e-04
7.967320e-04
7.997884e-04
8.028507e-04
8.059189e-04
8.089928e-04
8.120727e-04
8.151583e-04
8.182498e-04
8.213472e-04
8.244504e-04
8.275594e-04
8.306743e-04
8.337950e-04
8.369216e-04
8.400540e-04
8.431923e-04
8.463364e-04
8.494863e-04
8.526421e-04
8.558037e-04
8.589712e-04
8.621445e-04
8.653237e-04
8.685087e-04
8.716996e-04
8.748963e-04
8.780988e-04
8.813072e-04
8.845214e-04
8.877415e-04
8.909674e-04
8.941992e-04
8.974368e-04
9.006802e-04
9.039295e-04
9.071847e-04
9.104457e-04
9.137125e-04
9.169852e-04
9.202637e-04
9.235480e-04
9.268382e-04
9.301343e-04
9.334362e-04
9.367439e-04
9.400575e-04
9.433769e-04
9.467022e-04
9.500333e-04
9.533703e-04
9.567131e-04
9.600617e-04
9.634162e-04
9.667765e-04
9.701427e-04
9.735147e-04
9.768926e-04
9.802763e-04
9.836659e-04
9.870613e-04
9.904625e-04
9.938696e-04
9.972825e-04
1.000701e-03
1.004126e-03
1.007556e-03
1.010993e-03
1.014435e-03
1.017883e-03
1.021337e-03
1.024796e-03
1.028262e-03
1.031733e-03
1.035210e-03
1.038694e-03
1.042182e-03
1.045677e-03
1.049178e-03
1.052684e-03
1.056196e-03
1.059715e-03
1.063239e-03
1.066768e-03
1.070304e-03
1.073846e-03
1.077393e-03
1.080946e-03
1.084505e-03
1.088070e-03
1.091641e-03
1.095217e-03
1.098800e-03
1.102388e-03
1.105982e-03
1.109582e-03
1.113188e-03
1.116799e-03
1.120417e-03
1.124040e-03
1.127669e-03
1.131304e-03
1.134945e-03
1.138592e-03
1.142244e-03
1.145903e-03
1.149567e-03
1.153237e-03
1.156913e-03
1.160595e-03
1.164282e-03
1.167976e-03
1.171675e-03
1.175380e-03
1.179091e-03
1.182808e-03
1.186531e-03
1.190259e-03
1.193993e-03
1.197734e-03
1.201480e-03
1.205232e-03
1.208989e-03
1.212753e-03
1.216522e-03
1.220298e-03
1.224079e-03
1.227866e-03
1.231658e-03
1.235457e-03
1.239262e-03
1.243072e-03
1.246888e-03
1.250710e-03
1.254538e-03
1.258372e-03
1.262211e-03
1.266057e-03
1.269908e-03
1.273765e-03
1.277628e-03
1.281497e-03
1.285371e-03
1.289252e-03
1.293138e-03
1.297030e-03
1.300928e-03
1.304832e-03
1.308742e-03
1.312657e-03
1.316578e-03
1.320506e-03
1.324439e-03
1.328378e-03
1.332322e-03
1.336273e-03
1.340229e-03
1.344192e-03
1.348160e-03
1.352134e-03
1.356113e-03
1.360099e-03
1.364091e-03
1.368088e-03
1.372091e-03
1.376100e-03
1.380115e-03
1.384136e-03
1.388162e-03
1.392195e-03
1.396233e-03
1.400277e-03
1.404327e-03
1.408383e-03
1.412444e-03
1.416512e-03
1.420585e-03
1.424664e-03
1.428749e-03
1.432840e-03
1.436937e-03
1.441039e-03
1.445148e-03
1.449262e-03
1.453382e-03
1.457508e-03
1.461640e-03
1.465777e-03
1.469921e-03
1.474070e-03
1.478225e-03
1.482386e-03
1.486553e-03
1.490725e-03
1.494904e-03
1.499088e-03
1.503279e-03
1.507475e-03
1.511676e-03
1.515884e-03
1.520098e-03
1.524317e-03
1.528542e-03
1.532773e-03
1.537010e-03
1.541253e-03
1.545502e-03
1.549756e-03
1.554017e-03
1.558283e-03
1.562555e-03
1.566833e-03
1.571116e-03
1.575406e-03
1.579701e-03
1.584002e-03
1.588310e-03
1.592622e-03
1.596941e-03
1.601266e-03
1.605596e-03
1.609933e-03
1.614275e-03
1.618623e-03
1.622976e-03
1.627336e-03
1.631702e-03
1.636073e-03
1.640450e-03
1.644833e-03
1.649222e-03
1.653617e-03
1.658017e-03
1.662424e-03
1.666836e-03
1.671254e-03
1.675678e-03
1.680108e-03
1.684544e-03
1.688985e-03
1.693432e-03
1.697886e-03
1.702345e-03
1.706809e-03
1.711280e-03
1.715757e-03
1.720239e-03
1.724727e-03
1.729221e-03
1.733721e-03
1.738227e-03
1.742739e-03
1.747256e-03
1.751780e-03
1.756309e-03
1.760844e-03
1.765384e-03
1.769931e-03
1.774484e-03
1.779042e-03
1.783606e-03
1.788176e-03
1.792752e-03
1.797334e-03
1.801922e-03
1.806515e-03
1.811114e-03
1.815719e-03
1.820330e-03
1.824947e-03
1.829570e-03
1.834198e-03
1.838833e-03
1.843473e-03
1.848119e-03
1.852771e-03
1.857428e-03
1.862092e-03
1.866761e-03
1.871437e-03
1.876118e-03
1.880805e-03
1.885497e-03
1.890196e-03
1.894900e-03
1.899611e-03
1.904327e-03
1.909049e-03
1.913777e-03
1.918510e-03
1.923250e-03
1.927995e-03
1.932747e-03
1.937504e-03
1.942267e-03
1.947035e-03
1.951810e-03
1.956590e-03
1.961377e-03
1.966169e-03
1.970967e-03
1.975771e-03
1.980580e-03
1.985396e-03
1.990217e-03
1.995044e-03
1.999877e-03
2.004716e-03
2.009561e-03
2.014411e-03
2.019268e-03
2.024130e-03
2.028998e-03
2.033872e-03
2.038752e-03
2.043638e-03
2.048529e-03
2.053426e-03
2.058330e-03
2.063239e-03
2.068153e-03
2.073074e-03
2.078001e-03
2.082933e-03
2.087871e-03
2.092815e-03
2.097765e-03
2.102721e-03
2.107683e-03
2.112650e-03
2.117623e-03
2.122602e-03
2.127587e-03
2.132578e-03
2.137575e-03
2.142577e-03
2.147586e-03
2.152600e-03
2.157620e-03
2.162646e-03
2.167678e-03
2.172715e-03
2.177759e-03
2.182808e-03
2.187863e-03
2.192924e-03
2.197991e-03
2.203063e-03
2.208142e-03
2.213226e-03
2.218316e-03
2.223412e-03
2.228514e-03
2.233622e-03
2.238736e-03
2.243855e-03
2.248980e-03
2.254111e-03
2.259248e-03
2.264391e-03
2.269540e-03
2.274694e-03
2.279854e-03
2.285021e-03
2.290193e-03
2.295370e-03
2.300554e-03
2.305744e-03
2.310939e-03
2.316140e-03
2.321347e-03
2.326560e-03
2.331779e-03
2.337003e-03
2.342234e-03
2.347470e-03
2.352712e-03
2.357960e-03
2.363214e-03
2.368474e-03
2.373739e-03
2.379010e-03
2.384288e-03
2.389571e-03
2.394860e-03
2.400154e-03
2.405455e-03
2.410761e-03
2.416073e-03
2.421392e-03
2.426716e-03
2.432045e-03
2.437381e-03
2.442722e-03
2.448070e-03
2.453423e-03
2.458782e-03
2.464147e-03
2.469517e-03
2.474894e-03
2.480276e-03
2.485665e-03
2.491059e-03
2.496459e-03
2.501864e-03
2.507276e-03
2.512693e-03
2.518117e-03
2.523546e-03
2.528981e-03
2.534421e-03
2.539868e-03
2.545321e-03
2.550779e-03
2.556243e-03
2.561713e-03
2.567189e-03
2.572671e-03
2.578158e-03
2.583652e-03
2.589151e-03
2.594656e-03
2.600167e-03
2.605684e-03
2.611207e-03
2.616735e-03
2.622269e-03
2.627810e-03
2.633356e-03
2.638907e-03
2.644465e-03
2.650029e-03
2.655598e-03
2.661173e-03
2.666754e-03
2.672341e-03
2.677934e-03
2.683533e-03
2.689137e-03
2.694747e-03
2.700364e-03
2.705985e-03
2.711613e-03
2.717247e-03
2.722886e-03
2.728532e-03
2.734183e-03
2.739840e-03
2.745503e-03
2.751172e-03
2.756846e-03
2.762527e-03
2.768213e-03
2.773905e-03
2.779603e-03
2.785307e-03
2.791017e-03
2.796732e-03
2.802453e-03
2.808181e-03
2.813914e-03
2.819652e-03
2.825397e-03
2.831148e-03
2.836904e-03
2.842666e-03
2.848434e-03
2.854208e-03
2.859988e-03
2.865774e-03
2.871565e-03
2.877362e-03
2.883166e-03
2.888975e-03
2.894789e-03
2.900610e-03
2.906437e-03
2.912269e-03
2.918107e-03
2.923951e-03
2.929801e-03
2.935657e-03
2.941519e-03
2.947386e-03
2.953259e-03
2.959138e-03
2.965023e-03
2.970914e-03
2.976811e-03
2.982713e-03
2.988622e-03
2.994536e-03
3.000456e-03
3.006382e-03
3.012313e-03
3.018251e-03
3.024194e-03
3.030144e-03
3.036099e-03
3.042060e-03
3.048026e-03
3.053999e-03
3.059978e-03
3.065962e-03
3.071952e-03
3.077948e-03
3.083950e-03
3.089958e-03
3.095971e-03
3.101990e-03
3.108016e-03
3.114047e-03
3.120084e-03
3.126126e-03
3.132175e-03
3.138229e-03
3.144290e-03
3.150356e-03
3.156428e-03
3.162506e-03
3.168589e-03
3.174679e-03
3.180774e-03
3.186875e-03
3.192982e-03
3.199095e-03
3.205214e-03
3.211339e-03
3.217469e-03
3.223605e-03
3.229747e-03
3.235895e-03
3.242049e-03
3.248209e-03
3.254374e-03
3.260546e-03
3.266723e-03
3.272906e-03
3.279095e-03
3.285289e-03
3.291490e-03
3.297696e-03
3.303909e-03
3.310127e-03
3.316351e-03
3.322580e-03
3.328816e-03
3.335057e-03
3.341305e-03
3.347558e-03
3.353817e-03
3.360082e-03
3.366352e-03
3.372629e-03
3.378911e-03
3.385199e-03
3.391493e-03
3.397793e-03
3.404099e-03
3.410411e-03
3.416728e-03
3.423051e-03
3.429380e-03
3.435715e-03
3.442056e-03
3.448403e-03
3.454755e-03
3.461114e-03
3.467478e-03
3.473848e-03
3.480224e-03
3.486605e-03
3.492993e-03
3.499386e-03
3.505786e-03
3.512191e-03
3.518602e-03
3.525018e-03
3.531441e-03
3.537869e-03
3.544304e-03
3.550744e-03
3.557190e-03
3.563642e-03
3.570099e-03
3.576563e-03
3.583032e-03
3.589508e-03
3.595989e-03
3.602476e-03
3.608968e-03
3.615467e-03
3.621971e-03
3.628482e-03
3.634998e-03
3.641520e-03
3.648048e-03
3.654581e-03
3.661121e-03
3.667666e-03
3.674217e-03
3.680774e-03
3.687337e-03
3.693906e-03
3.700480e-03
3.707061e-03
3.713647e-03
3.720239e-03
3.726837e-03
3.733441e-03
3.740050e-03
3.746666e-03
3.753287e-03
3.759914e-03
3.766547e-03
3.773186e-03
3.779831e-03
3.786482e-03
3.793138e-03
3.799800e-03
3.806468e-03
3.813142e-03
3.819822e-03
3.826507e-03
3.833199e-03
3.839896e-03
3.846599e-03
3.853308e-03
3.860023e-03
3.866744e-03
3.873470e-03
3.880203e-03
3.886941e-03
3.893685e-03
3.900435e-03
3.907191e-03
3.913952e-03
3.920720e-03
3.927493e-03
3.934272e-03
3.941057e-03
3.947848e-03
3.954644e-03
3.961447e-03
3.968255e-03
3.975069e-03
3.981889e-03
3.988715e-03
3.995547e-03
4.002384e-03
4.009228e-03
4.016077e-03
4.022932e-03
4.029793e-03
4.036660e-03
4.043532e-03
4.050411e-03
4.057295e-03
4.064185e-03
4.071081e-03
4.077983e-03
4.084891e-03
4.091804e-03
4.098724e-03
4.105649e-03
4.112580e-03
4.119517e-03
4.126460e-03
4.133408e-03
4.140363e-03
4.147323e-03
4.154289e-03
4.161261e-03
4.168239e-03
4.175222e-03
4.182212e-03
4.189207e-03
4.196208e-03
4.203215e-03
4.210228e-03
4.217247e-03
4.224272e-03
4.231302e-03
4.238338e-03
4.245380e-03
4.252428e-03
4.259482e-03
4.266542e-03
4.273607e-03
4.280678e-03
4.287756e-03
4.294839e-03
4.301927e-03
4.309022e-03
4.316123e-03
4.323229e-03
4.330341e-03
4.337459e-03
4.344583e-03
4.351713e-03
4.358848e-03
4.365990e-03
4.373137e-03
4.380290e-03
4.387449e-03
4.394614e-03
4.401785e-03
4.408961e-03
4.416144e-03
4.423332e-03
4.430526e-03
4.437726e-03
4.444931e-03
4.452143e-03
4.459360e-03
4.466584e-03
4.473813e-03
4.481048e-03
4.488289e-03
4.495535e-03
4.502788e-03
4.510046e-03
4.517310e-03
4.524580e-03
4.531856e-03
4.539138e-03
4.546425e-03
4.553719e-03
4.561018e-03
4.568323e-03
4.575634e-03
4.582951e-03
4.590273e-03
4.597602e-03
4.604936e-03
4.612276e-03
4.619622e-03
4.626974e-03
4.634331e-03
4.641695e-03
4.649064e-03
4.656440e-03
4.663821e-03
4.671207e-03
4.678600e-03
4.685999e-03
4.693403e-03
4.700813e-03
4.708230e-03
4.715652e-03
4.723079e-03
4.730513e-03
4.737952e-03
4.745398e-03
4.752849e-03
4.760306e-03
4.767769e-03
4.775238e-03
4.782712e-03
4.790193e-03
4.797679e-03
4.805171e-03
4.812669e-03
4.820173e-03
4.827682e-03
4.835198e-03
4.842719e-03
4.850246e-03
4.857779e-03
4.865318e-03
4.872863e-03
4.880413e-03
4.887969e-03
4.895532e-03
4.903100e-03
4.910674e-03
4.918253e-03
4.925839e-03
4.933430e-03
4.941028e-03
4.948631e-03
4.956240e-03
4.963855e-03
4.971475e-03
4.979102e-03
4.986734e-03
4.994372e-03
5.002016e-03
5.009666e-03
5.017322e-03
5.024983e-03
5.032651e-03
5.040324e-03
5.048003e-03
5.055688e-03
5.063379e-03
5.071075e-03
5.078778e-03
5.086486e-03
5.094200e-03
5.101920e-03
5.109646e-03
5.117378e-03
5.125115e-03
5.132859e-03
5.140608e-03
5.148363e-03
5.156124e-03
5.163891e-03
5.171663e-03
5.179442e-03
5.187226e-03
5.195016e-03
5.202812e-03
5.210614e-03
5.218422e-03
5.226235e-03
5.234054e-03
5.241880e-03
5.249711e-03
5.257548e-03
5.265390e-03
5.273239e-03
5.281093e-03
5.288954e-03
5.296820e-03
5.304692e-03
5.312569e-03
5.320453e-03
5.328343e-03
5.336238e-03
5.344139e-03
5.352046e-03
5.359959e-03
5.367878e-03
5.375802e-03
5.383732e-03
5.391669e-03
5.399611e-03
5.407559e-03
5.415512e-03
5.423472e-03
5.431438e-03
5.439409e-03
5.447386e-03
5.455369e-03
5.463358e-03
5.471352e-03
5.479353e-03
5.487359e-03
5.495372e-03
5.503390e-03
5.511413e-03
5.519443e-03
5.527479e-03
5.535520e-03
5.543567e-03
5.551621e-03
5.559680e-03
5.567744e-03
5.575815e-03
5.583891e-03
5.591974e-03
5.600062e-03
5.608156e-03
5.616256e-03
5.624362e-03
5.632473e-03
5.640590e-03
5.648714e-03
5.656843e-03
5.664978e-03
5.673119e-03
5.681265e-03
5.689418e-03
5.697576e-03
5.705740e-03
5.713910e-03
5.722086e-03
5.730268e-03
5.738455e-03
5.746648e-03
5.754848e-03
5.763053e-03
5.771264e-03
5.779480e-03
5.787703e-03
5.795931e-03
5.804166e-03
5.812406e-03
5.820652e-03
5.828904e-03
5.837161e-03
5.845425e-03
5.853694e-03
5.861969e-03
5.870250e-03
5.878537e-03
5.886830e-03
5.895128e-03
5.903433e-03
5.911743e-03
5.920059e-03
5.928381e-03
5.936709e-03
5.945042e-03
5.953382e-03
5.961727e-03
5.970078e-03
5.978435e-03
5.986798e-03
5.995167e-03
6.003541e-03
6.011922e-03
6.020308e-03
6.028700e-03
6.037098e-03
6.045502e-03
6.053911e-03
6.062327e-03
6.070748e-03
6.079175e-03
6.087608e-03
6.096047e-03
6.104492e-03
6.112942e-03
6.121399e-03
6.129861e-03
6.138329e-03
6.146803e-03
6.155282e-03
6.163768e-03
6.172259e-03
6.180757e-03
6.189260e-03
6.197769e-03
6.206284e-03
6.214804e-03
6.223331e-03
6.231863e-03
6.240401e-03
6.248945e-03
6.257495e-03
6.266051e-03
6.274612e-03
6.283180e-03
6.291753e-03
6.300332e-03
6.308917e-03
6.317508e-03
6.326104e-03
6.334707e-03
6.343315e-03
6.351929e-03
6.360549e-03
6.369175e-03
6.377807e-03
6.386444e-03
6.395087e-03
6.403737e-03
6.412392e-03
6.421053e-03
6.429719e-03
6.438392e-03
6.447070e-03
6.455755e-03
6.464445e-03
6.473141e-03
6.481843e-03
6.490550e-03
6.499264e-03
6.507983e-03
6.516708e-03
6.525439e-03
6.534176e-03
6.542919e-03
6.551667e-03
6.560422e-03
6.569182e-03
6.577948e-03
6.586720e-03
6.595498e-03
6.604281e-03
6.613071e-03
6.621866e-03
6.630667e-03
6.639474e-03
6.648287e-03
6.657106e-03
6.665930e-03
6.674761e-03
6.683597e-03
6.692439e-03
6.701287e-03
6.710141e-03
6.719000e-03
6.727866e-03
6.736072e-03
6.744250e-03
6.752398e-03
6.760517e-03
6.768607e-03
6.776668e-03
6.784699e-03
6.792702e-03
6.800675e-03
6.808620e-03
6.816535e-03
6.824421e-03
6.832277e-03
6.840105e-03
6.847904e-03
6.855673e-03
6.863413e-03
6.871124e-03
6.878806e-03
6.886459e-03
6.894083e-03
6.901677e-03
6.909243e-03
6.916779e-03
6.924286e-03
6.931764e-03
6.939213e-03
6.946633e-03
6.954023e-03
6.961385e-03
6.968717e-03
6.976020e-03
6.983294e-03
6.990539e-03
6.997754e-03
7.004941e-03
7.012098e-03
7.019227e-03
7.026326e-03
7.033396e-03
7.040436e-03
7.047448e-03
7.054431e-03
7.061384e-03
7.068308e-03
7.075203e-03
7.082069e-03
7.088906e-03
7.095714e-03
7.102493e-03
7.109242e-03
7.115962e-03
7.122653e-03
7.129315e-03
7.135948e-03
7.142552e-03
7.149126e-03
7.155672e-03
7.162188e-03
7.168675e-03
7.175133e-03
7.181562e-03
7.187962e-03
7.194332e-03
7.200674e-03
7.206986e-03
7.213269e-03
7.219523e-03
7.225748e-03
7.231943e-03
7.238110e-03
7.244247e-03
7.250356e-03
7.256435e-03
7.262485e-03
7.268506e-03
7.274497e-03
7.280460e-03
7.286393e-03
7.292297e-03
7.298173e-03
7.304019e-03
7.309835e-03
7.315623e-03
7.321382e-03
7.327111e-03
7.332811e-03
7.338482e-03
7.344124e-03
7.349737e-03
7.355321e-03
7.360876e-03
7.366401e-03
7.371897e-03
7.377364e-03
7.382802e-03
7.388211e-03
7.393591e-03
7.398941e-03
7.404263e-03
7.409555e-03
7.414818e-03
7.420052e-03
7.425257e-03
7.430433e-03
7.435579e-03
7.440697e-03
7.445785e-03
7.450844e-03
7.455874e-03
7.460875e-03
7.465847e-03
7.470789e-03
7.475703e-03
7.480587e-03
7.485442e-03
7.490268e-03
7.495065e-03
7.499833e-03
7.504571e-03
7.509281e-03
7.513961e-03
7.518612e-03
7.523234e-03
7.527827e-03
7.532390e-03
7.536925e-03
7.541430e-03
7.545907e-03
7.550354e-03
7.554772e-03
7.559161e-03
7.563520e-03
7.567851e-03
7.572152e-03
7.576425e-03
7.580668e-03
7.584882e-03
7.589067e-03
7.593222e-03
7.597349e-03
7.601446e-03
7.605515e-03
7.609554e-03
7.613564e-03
7.617545e-03
7.621496e-03
7.625419e-03
7.629312e-03
7.633177e-03
7.637012e-03
7.640818e-03
7.644595e-03
7.648342e-03
7.652061e-03
7.655750e-03
7.659411e-03
7.663042e-03
7.666644e-03
7.670217e-03
7.673760e-03
7.677275e-03
7.680760e-03
7.684217e-03
7.687644e-03
7.691042e-03
7.694411e-03
7.697750e-03
7.701061e-03
7.704342e-03
7.707595e-03
7.710818e-03
7.714012e-03
7.717177e-03
7.720312e-03
7.723419e-03
7.726496e-03
7.729545e-03
7.732564e-03
7.735554e-03
7.738515e-03
7.741446e-03
7.744349e-03
7.747222e-03
7.750067e-03
7.752882e-03
7.755668e-03
7.758425e-03
7.761152e-03
7.763851e-03
7.766520e-03
7.769161e-03
7.771772e-03
7.774354e-03
7.776907e-03
7.779430e-03
7.781925e-03
7.784390e-03
7.786827e-03
7.789234e-03
7.791612e-03
7.793961e-03
7.796280e-03
7.798571e-03
7.800832e-03
7.803065e-03
7.805268e-03
7.807442e-03
7.809587e-03
7.811702e-03
7.813789e-03
7.815846e-03
7.817875e-03
7.819874e-03
7.821844e-03
7.823785e-03
7.825697e-03
7.827579e-03
7.829433e-03
7.831257e-03
7.833052e-03
7.834818e-03
7.836555e-03
7.838263e-03
7.839941e-03
7.841591e-03
7.843211e-03
7.844802e-03
7.846364e-03
7.847897e-03
7.849401e-03
7.850875e-03
7.852321e-03
7.853737e-03
7.855124e-03
7.856482e-03
7.857811e-03
7.859111e-03
7.860381e-03
7.861623e-03
7.862835e-03
7.864018e-03
7.865172e-03
7.866297e-03
7.867393e-03
7.868459e-03
7.869497e-03
7.870505e-03
7.871484e-03
7.872434e-03
7.873355e-03
7.874247e-03
7.875110e-03
7.875943e-03
7.876747e-03
7.877523e-03
7.878269e-03
7.878985e-03
7.879673e-03
7.880332e-03
7.880961e-03
7.881562e-03
7.882133e-03
7.882675e-03
7.883188e-03
7.883671e-03
7.884126e-03
7.884551e-03
7.884948e-03
7.885315e-03
7.885653e-03
7.885962e-03
7.886241e-03
7.886492e-03
7.886714e-03
7.886906e-03
7.887069e-03
7.887203e-03
7.887308e-03
7.887384e-03
7.887430e-03
7.887448e-03
7.887436e-03
7.887395e-03
7.887325e-03
7.887226e-03
7.887098e-03
7.886940e-03
7.886754e-03
7.886538e-03
7.886293e-03
7.886019e-03
7.885716e-03
7.885384e-03
7.885023e-03
7.884632e-03
7.884212e-03
7.883764e-03
7.883286e-03
7.882779e-03
7.882464e-03
7.882464e-03
7.882464e-03
7.882464e-03
7.882464e-03
7.882464e-03
7.882464e-03
7.882464e-03
7.882464e-03
7.882464e-03
7.882464e-03
7.882464e-03
7.882464e-03
7.882464e-03
7.882464e-03
7.882464e-03
7.882464e-03
7.882464e-03
7.882464e-03
7.882464e-03
7.882464e-03
7.882464e-03
7.882464e-03
7.882464e-03
7.882464e-03
7.882464e-03
7.882464e-03
7.882464e-03
7.882464e-03
7.882464e-03
7.882464e-03
7.882464e-03
7.882464e-03
7.882464e-03
7.882464e-03
7.882464e-03
7.882464e-03
7.882464e-03
7.882464e-03
7.882464e-03
7.882464e-03
7.882464e-03
7.882464e-03
7.882464e-03
7.882464e-03
7.882464e-03
7.882464e-03
7.882464e-03
7.882464e-03
7.882464e-03
7.882464e-03
7.882464e-03
7.882464e-03
7.882464e-03
7.882464e-03
7.882464e-03
7.882464e-03
7.882464e-03
7.882464e-03
7.882464e-03
7.882464e-03
7.882464e-03
7.882464e-03
7.882464e-03
7.882464e-03
7.882464e-03
7.882464e-03
7.882464e-03
7.882464e-03
7.882464e-03
7.882464e-03
7.882464e-03
7.882464e-03
7.882464e-03
7.882464e-03
7.882464e-03
7.882464e-03
7.882464e-03
7.882464e-03
7.882464e-03
7.882464e-03
7.882464e-03
7.882464e-03
7.882464e-03
7.882464e-03
7.882464e-03
7.882464e-03
7.882464e-03
7.882464e-03
7.882464e-03
7.882464e-03
7.882464e-03
7.882464e-03
7.882464e-03
7.882464e-03
7.882464e-03
7.882464e-03
7.882464e-03
7.882464e-03
7.882464e-03
7.882464e-03
7.882464e-03
7.882464e-03
7.882464e-03
7.882464e-03
7.882464e-03
7.882464e-03
7.882464e-03
7.882464e-03
7.882464e-03
7.882464e-03
7.882464e-03
7.882464e-03
7.882464e-03
7.882464e-03
7.882464e-03
7.882464e-03
7.882464e-03
7.882464e-03
7.882464e-03
7.882464e-03
7.882464e-03
7.882464e-03
7.882464e-03
7.882464e-03
7.882464e-03
7.882464e-03
7.882464e-03
7.882464e-03
7.882464e-03
7.882464e-03
7.882464e-03
7.882464e-03
7.882464e-03
7.882464e-03
7.882464e-03
7.882464e-03
7.882464e-03
7.882464e-03
7.882464e-03
7.882464e-03
7.882464e-03
7.882464e-03
7.882464e-03
7.882464e-03
7.882464e-03
7.882464e-03
7.882464e-03
7.882464e-03
7.882464e-03
7.882464e-03
7.882464e-03
7.882464e-03
7.882464e-03
7.882464e-03
7.882464e-03
7.882464e-03
7.882464e-03
7.882464e-03
7.882464e-03
7.882464e-03
7.882464e-03
7.882464e-03
7.882464e-03
7.882464e-03
7.882464e-03
7.882464e-03
7.882464e-03
7.882464e-03
7.882464e-03
7.882464e-03
7.882464e-03
7.882464e-03
7.882464e-03
7.882464e-03
7.882464e-03
7.882464e-03
7.882464e-03
7.882464e-03
7.882464e-03
7.882464e-03
7.882464e-03
7.882464e-03
7.882464e-03
7.882464e-03
7.882464e-03
7.882464e-03
7.882464e-03
7.882464e-03
7.882464e-03
7.882464e-03
7.882464e-03
7.882464e-03
7.882464e-03
7.882464e-03
7.882464e-03
7.882464e-03
7.882464e-03
7.882464e-03
7.882464e-03
7.882464e-03
