0.000000e+00
1.110371e-07
2.277393e-07
3.501067e-07
4.781393e-07
6.118370e-07
7.511999e-07
8.962279e-07
1.046921e-06
1.203279e-06
1.365303e-06
1.532992e-06
1.706345e-06
1.885364e-06
2.070049e-06
2.260398e-06
2.456412e-06
2.658092e-06
2.865437e-06
3.078447e-06
3.297122e-06
3.521462e-06
3.751467e-06
3.987138e-06
4.228474e-06
4.475474e-06
4.728140e-06
4.986472e-06
5.250468e-06
5.520129e-06
5.795456e-06
6.076448e-06
6.363105e-06
6.655427e-06
6.953414e-06
7.257067e-06
7.566384e-06
7.881367e-06
8.202015e-06
8.528328e-06
8.860306e-06
9.197950e-06
9.541258e-06
9.890232e-06
1.024487e-05
1.060517e-05
1.097114e-05
1.134278e-05
1.172008e-05
1.210304e-05
1.249167e-05
1.288597e-05
1.328593e-05
1.369155e-05
1.410284e-05
1.451980e-05
1.494242e-05
1.537071e-05
1.580466e-05
1.624427e-05
1.668955e-05
1.714050e-05
1.759711e-05
1.805939e-05
1.852733e-05
1.900094e-05
1.948021e-05
1.996515e-05
2.045575e-05
2.095202e-05
2.145395e-05
2.196155e-05
2.247481e-05
2.299374e-05
2.351833e-05
2.404859e-05
2.458452e-05
2.512611e-05
2.567336e-05
2.622628e-05
2.678486e-05
2.734911e-05
2.791903e-05
2.849461e-05
2.907585e-05
2.966276e-05
3.025534e-05
3.085358e-05
3.145749e-05
3.206706e-05
3.268229e-05
3.330319e-05
3.392976e-05
3.456199e-05
3.519989e-05
3.584345e-05
3.649268e-05
3.714757e-05
3.780813e-05
3.847435e-05
3.914624e-05
3.982379e-05
4.050701e-05
4.119589e-05
4.189044e-05
4.259065e-05
4.329653e-05
4.400808e-05
4.472529e-05
4.544816e-05
4.617670e-05
4.691090e-05
4.765077e-05
4.839631e-05
4.914751e-05
4.990437e-05
5.066690e-05
5.143510e-05
5.220896e-05
5.298848e-05
5.377367e-05
5.456453e-05
5.536105e-05
5.616324e-05
5.697109e-05
5.778461e-05
5.860379e-05
5.942863e-05
6.025915e-05
6.109532e-05
6.193717e-05
6.278467e-05
6.363785e-05
6.449668e-05
6.536119e-05
6.623136e-05
6.710719e-05
6.798869e-05
6.887585e-05
6.976868e-05
7.066717e-05
7.157133e-05
7.248116e-05
7.339665e-05
7.431780e-05
7.524462e-05
7.617711e-05
7.711526e-05
7.805907e-05
7.900855e-05
7.996370e-05
8.092451e-05
8.189098e-05
8.286313e-05
8.384093e-05
8.482440e-05
8.581354e-05
8.680834e-05
8.780881e-05
8.881494e-05
8.982674e-05
9.084420e-05
9.186733e-05
9.289612e-05
9.393058e-05
9.497070e-05
9.601649e-05
9.706794e-05
9.812506e-05
9.918784e-05
1.002563e-04
1.013304e-04
1.024102e-04
1.034956e-04
1.045867e-04
1.056835e-04
1.067860e-04
1.078941e-04
1.090078e-04
1.101273e-04
1.112524e-04
1.123831e-04
1.135196e-04
1.146617e-04
1.158094e-04
1.169628e-04
1.181219e-04
1.192867e-04
1.204571e-04
1.216332e-04
1.228149e-04
1.240024e-04
1.251954e-04
1.263942e-04
1.275986e-04
1.288087e-04
1.300244e-04
1.312458e-04
1.324729e-04
1.337056e-04
1.349441e-04
1.361881e-04
1.374379e-04
1.386933e-04
1.399543e-04
1.412210e-04
1.424934e-04
1.437715e-04
1.450552e-04
1.463446e-04
1.476397e-04
1.489404e-04
1.502468e-04
1.515588e-04
1.528765e-04
1.541999e-04
1.555290e-04
1.568637e-04
1.582041e-04
1.595501e-04
1.609018e-04
1.622592e-04
1.636222e-04
1.649909e-04
1.663653e-04
1.677453e-04
1.691310e-04
1.705224e-04
1.719194e-04
1.733221e-04
1.747305e-04
1.761445e-04
1.775642e-04
1.789895e-04
1.804205e-04
1.818572e-04
1.832996e-04
1.847476e-04
1.862013e-04
1.876606e-04
1.891256e-04
1.905963e-04
1.920726e-04
1.935546e-04
1.950423e-04
1.965356e-04
1.980346e-04
1.995393e-04
2.010496e-04
2.025656e-04
2.040873e-04
2.056146e-04
2.071476e-04
2.086863e-04
2.102306e-04
2.117806e-04
2.133362e-04
2.148976e-04
2.164645e-04
2.180372e-04
2.196155e-04
2.211995e-04
2.227891e-04
2.243844e-04
2.259854e-04
2.275920e-04
2.292043e-04
2.308223e-04
2.324459e-04
2.340752e-04
2.357102e-04
2.373508e-04
2.389971e-04
2.406491e-04
2.423067e-04
2.439700e-04
2.456390e-04
2.473136e-04
2.489939e-04
2.506798e-04
2.523714e-04
2.540687e-04
2.557717e-04
2.574803e-04
2.591946e-04
2.609145e-04
2.626401e-04
2.643714e-04
2.661083e-04
2.678509e-04
2.695992e-04
2.713531e-04
2.731127e-04
2.748780e-04
2.766489e-04
2.784255e-04
2.802078e-04
2.819957e-04
2.837893e-04
2.855885e-04
2.873934e-04
2.892040e-04
2.910203e-04
2.928422e-04
2.946698e-04
2.965030e-04
2.983419e-04
3.001865e-04
3.020367e-04
3.038926e-04
3.057542e-04
3.076214e-04
3.094944e-04
3.113729e-04
3.132571e-04
3.151470e-04
3.170426e-04
3.189438e-04
3.208507e-04
3.227633e-04
3.246815e-04
3.266054e-04
3.285349e-04
3.304702e-04
3.324110e-04
3.343576e-04
3.363098e-04
3.382677e-04
3.402312e-04
3.422004e-04
3.441753e-04
3.461559e-04
3.481421e-04
3.501339e-04
3.521315e-04
3.541347e-04
3.561435e-04
3.581581e-04
3.601782e-04
3.622041e-04
3.642356e-04
3.662728e-04
3.683157e-04
3.703642e-04
3.724184e-04
3.744782e-04
3.765438e-04
3.786149e-04
3.806918e-04
3.827743e-04
3.848625e-04
3.869563e-04
3.890558e-04
3.911610e-04
3.932718e-04
3.953883e-04
3.975105e-04
3.996383e-04
4.017718e-04
4.039110e-04
4.060558e-04
4.082063e-04
4.103625e-04
4.125243e-04
4.146918e-04
4.168649e-04
4.190438e-04
4.212283e-04
4.234184e-04
4.256142e-04
4.278157e-04
4.300228e-04
4.322357e-04
4.344541e-04
4.366783e-04
4.389081e-04
4.411435e-04
4.433847e-04
4.456315e-04
4.478840e-04
4.501421e-04
4.524059e-04
4.546753e-04
4.569505e-04
4.592313e-04
4.615177e-04
4.638098e-04
4.661076e-04
4.684111e-04
4.707202e-04
4.730350e-04
4.753554e-04
4.776815e-04
4.800133e-04
4.823508e-04
4.846939e-04
4.870427e-04
4.893971e-04
4.917572e-04
4.941230e-04
4.964944e-04
4.988715e-04
5.012543e-04
5.036427e-04
5.060368e-04
5.084366e-04
5.108420e-04
5.132531e-04
5.156698e-04
5.180922e-04
5.205203e-04
5.229541e-04
5.253935e-04
5.278386e-04
5.302893e-04
5.327457e-04
5.352078e-04
5.376756e-04
5.401490e-04
5.426280e-04
5.451128e-04
5.476032e-04
5.500993e-04
5.526010e-04
5.551084e-04
5.576214e-04
5.601402e-04
5.626646e-04
5.651946e-04
5.677304e-04
5.702717e-04
5.728188e-04
5.753715e-04
5.779299e-04
5.804940e-04
5.830637e-04
5.856391e-04
5.882201e-04
5.908068e-04
5.933992e-04
5.959972e-04
5.986009e-04
6.012103e-04
6.038253e-04
6.064460e-04
6.090724e-04
6.117044e-04
6.143421e-04
6.169855e-04
6.196345e-04
6.222892e-04
6.249496e-04
6.276156e-04
6.302873e-04
6.329646e-04
6.356477e-04
6.383363e-04
6.410307e-04
6.437307e-04
6.464364e-04
6.491477e-04
6.518647e-04
6.545874e-04
6.573158e-04
6.600498e-04
6.627894e-04
6.655348e-04
6.682858e-04
6.710424e-04
6.738048e-04
6.765728e-04
6.793464e-04
6.821257e-04
6.849107e-04
6.877014e-04
6.904977e-04
6.932997e-04
6.961074e-04
6.989207e-04
7.017397e-04
7.045643e-04
7.073946e-04
7.102306e-04
7.130722e-04
7.159195e-04
7.187725e-04
7.216312e-04
7.244955e-04
7.273654e-04
7.302411e-04
7.331224e-04
7.360093e-04
7.389020e-04
7.418003e-04
7.447042e-04
7.476138e-04
7.505291e-04
7.534501e-04
7.563767e-04
7.593090e-04
7.622469e-04
7.651906e-04
7.681398e-04
7.710948e-04
7.740554e-04
7.770217e-04
7.799936e-04
7.829712e-04
7.859545e-04
7.889434e-04
7.919380e-04
7.949383e-04
7.979442e-04
8.009558e-04
8.039731e-04
8.069960e-04
8.100246e-04
8.130589e-04
8.160988e-04
8.191444e-04
8.221956e-04
8.252526e-04
8.283151e-04
8.313834e-04
8.344573e-04
8.375369e-04
8.406221e-04
8.437130e-04
8.468096e-04
8.499119e-04
8.530198e-04
8.561333e-04
8.592526e-04
8.623775e-04
8.655080e-04
8.686443e-04
8.717862e-04
8.749337e-04
8.780869e-04
8.812458e-04
8.844104e-04
8.875806e-04
8.907565e-04
8.939381e-04
8.971253e-04
9.003182e-04
9.035167e-04
9.067209e-04
9.099308e-04
9.131463e-04
9.163675e-04
9.195944e-04
9.228270e-04
9.260652e-04
9.293090e-04
9.325586e-04
9.358138e-04
9.390746e-04
9.423412e-04
9.456134e-04
9.488912e-04
9.521747e-04
9.554639e-04
9.587588e-04
9.620593e-04
9.653655e-04
9.686773e-04
9.719949e-04
9.753180e-04
9.786469e-04
9.819814e-04
9.853216e-04
9.886674e-04
9.920189e-04
9.953761e-04
9.987389e-04
1.002107e-03
1.005482e-03
1.008861e-03
1.012247e-03
1.015638e-03
1.019035e-03
1.022437e-03
1.025846e-03
1.029259e-03
1.032679e-03
1.036104e-03
1.039535e-03
1.042971e-03
1.046414e-03
1.049861e-03
1.053315e-03
1.056774e-03
1.060239e-03
1.063709e-03
1.067185e-03
1.070667e-03
1.074155e-03
1.077648e-03
1.081147e-03
1.084651e-03
1.088161e-03
1.091677e-03
1.095198e-03
1.098726e-03
1.102258e-03
1.105797e-03
1.109341e-03
1.112891e-03
1.116446e-03
1.120007e-03
1.123574e-03
1.127147e-03
1.130725e-03
1.134308e-03
1.137898e-03
1.141493e-03
1.145094e-03
1.148700e-03
1.152312e-03
1.155930e-03
1.159553e-03
1.163183e-03
1.166817e-03
1.170458e-03
1.174104e-03
1.177756e-03
1.181413e-03
1.185076e-03
1.188745e-03
1.192419e-03
1.196099e-03
1.199785e-03
1.203477e-03
1.207174e-03
1.210876e-03
1.214585e-03
1.218299e-03
1.222019e-03
1.225744e-03
1.229475e-03
1.233212e-03
1.236954e-03
1.240702e-03
1.244456e-03
1.248215e-03
1.251981e-03
1.255751e-03
1.259528e-03
1.263310e-03
1.267097e-03
1.270891e-03
1.274690e-03
1.278495e-03
1.282305e-03
1.286121e-03
1.289943e-03
1.293770e-03
1.297603e-03
1.301442e-03
1.305286e-03
1.309136e-03
1.312992e-03
1.316853e-03
1.320720e-03
1.324593e-03
1.328471e-03
1.332356e-03
1.336245e-03
1.340141e-03
1.344042e-03
1.347948e-03
1.351861e-03
1.355779e-03
1.359702e-03
1.363632e-03
1.367567e-03
1.371507e-03
1.375454e-03
1.379406e-03
1.383363e-03
1.387327e-03
1.391296e-03
1.395270e-03
1.399251e-03
1.403237e-03
1.407229e-03
1.411226e-03
1.415229e-03
1.419238e-03
1.423252e-03
1.427272e-03
1.431298e-03
1.435329e-03
1.439366e-03
1.443408e-03
1.447457e-03
1.451511e-03
1.455570e-03
1.459636e-03
1.463707e-03
1.467783e-03
1.471866e-03
1.475954e-03
1.480047e-03
1.484147e-03
1.488252e-03
1.492362e-03
1.496479e-03
1.500601e-03
1.504728e-03
1.508861e-03
1.513000e-03
1.517145e-03
1.521295e-03
1.525451e-03
1.529613e-03
1.533780e-03
1.537953e-03
1.542132e-03
1.546316e-03
1.550506e-03
1.554702e-03
1.558903e-03
1.563110e-03
1.567322e-03
1.571541e-03
1.575765e-03
1.579994e-03
1.584230e-03
1.588470e-03
1.592717e-03
1.596969e-03
1.601227e-03
1.605491e-03
1.609760e-03
1.614035e-03
1.618316e-03
1.622602e-03
1.626894e-03
1.631191e-03
1.635495e-03
1.639804e-03
1.644118e-03
1.648438e-03
1.652764e-03
1.657096e-03
1.661433e-03
1.665776e-03
1.670125e-03
1.674479e-03
1.678839e-03
1.683204e-03
1.687576e-03
1.691953e-03
1.696335e-03
1.700723e-03
1.705117e-03
1.709517e-03
1.713922e-03
1.718333e-03
1.722749e-03
1.727172e-03
1.731600e-03
1.736033e-03
1.740472e-03
1.744917e-03
1.749368e-03
1.753824e-03
1.758286e-03
1.762753e-03
1.767227e-03
1.771705e-03
1.776190e-03
1.780680e-03
1.785176e-03
1.789678e-03
1.794185e-03
1.798698e-03
1.803216e-03
1.807740e-03
1.812270e-03
1.816806e-03
1.821347e-03
1.825894e-03
1.830446e-03
1.835005e-03
1.839568e-03
1.844138e-03
1.848713e-03
1.853294e-03
1.857880e-03
1.862473e-03
1.867070e-03
1.871674e-03
1.876283e-03
1.880898e-03
1.885518e-03
1.890145e-03
1.894776e-03
1.899414e-03
1.904057e-03
1.908706e-03
1.913360e-03
1.918021e-03
1.922686e-03
1.927358e-03
1.932035e-03
1.936718e-03
1.941406e-03
1.946101e-03
1.950800e-03
1.955506e-03
1.960217e-03
1.964934e-03
1.969656e-03
1.974384e-03
1.979118e-03
1.983858e-03
1.988603e-03
1.993354e-03
1.998110e-03
2.002872e-03
2.007640e-03
2.012413e-03
2.017193e-03
2.021977e-03
2.026768e-03
2.031564e-03
2.036366e-03
2.041173e-03
2.045986e-03
2.050805e-03
2.055630e-03
2.060460e-03
2.065295e-03
2.070137e-03
2.074984e-03
2.079837e-03
2.084695e-03
2.089559e-03
2.094429e-03
2.099305e-03
2.104186e-03
2.109072e-03
2.113965e-03
2.118863e-03
2.123767e-03
2.128676e-03
2.133591e-03
2.138512e-03
2.143438e-03
2.148370e-03
2.153308e-03
2.158252e-03
2.163201e-03
2.168155e-03
2.173116e-03
2.178082e-03
2.183054e-03
2.188031e-03
2.193014e-03
2.198003e-03
2.202997e-03
2.207997e-03
2.213003e-03
2.218015e-03
2.223032e-03
2.228054e-03
2.233083e-03
2.238117e-03
2.243156e-03
2.248202e-03
2.253253e-03
2.258310e-03
2.263372e-03
2.268440e-03
2.273514e-03
2.278593e-03
2.283678e-03
2.288769e-03
2.293865e-03
2.298967e-03
2.304075e-03
2.309188e-03
2.314307e-03
2.319432e-03
2.324563e-03
2.329699e-03
2.334840e-03
2.339988e-03
2.345141e-03
2.350299e-03
2.355464e-03
2.360634e-03
2.365809e-03
2.370991e-03
2.376178e-03
2.381370e-03
2.386569e-03
2.391773e-03
2.396983e-03
2.402198e-03
2.407419e-03
2.412646e-03
2.417878e-03
2.423116e-03
2.428360e-03
2.433609e-03
2.438864e-03
2.444125e-03
2.449391e-03
2.454663e-03
2.459941e-03
2.465224e-03
2.470513e-03
2.475808e-03
2.481108e-03
2.486414e-03
2.491725e-03
2.497043e-03
2.502366e-03
2.507694e-03
2.513029e-03
2.518369e-03
2.523714e-03
2.529066e-03
2.534423e-03
2.539785e-03
2.545154e-03
2.550528e-03
2.555907e-03
2.561292e-03
2.566683e-03
2.572080e-03
2.577482e-03
2.582890e-03
2.588304e-03
2.593723e-03
2.599148e-03
2.604579e-03
2.610015e-03
2.615457e-03
2.620905e-03
2.626358e-03
2.631817e-03
2.637281e-03
2.642752e-03
2.648228e-03
2.653709e-03
2.659197e-03
2.664690e-03
2.670188e-03
2.675692e-03
2.681202e-03
2.686718e-03
2.692239e-03
2.697766e-03
2.703299e-03
2.708837e-03
2.714381e-03
2.719930e-03
2.725486e-03
2.731047e-03
2.736613e-03
2.742185e-03
2.747763e-03
2.753347e-03
2.758936e-03
2.764531e-03
2.770132e-03
2.775738e-03
2.781350e-03
2.786967e-03
2.792591e-03
2.798220e-03
2.803854e-03
2.809494e-03
2.815140e-03
2.820792e-03
2.826449e-03
2.832112e-03
2.837780e-03
2.843455e-03
2.849135e-03
2.854820e-03
2.860511e-03
2.866208e-03
2.871911e-03
2.877619e-03
2.883333e-03
2.889052e-03
2.894778e-03
2.900509e-03
2.906245e-03
2.911987e-03
2.917735e-03
2.923489e-03
2.929248e-03
2.935013e-03
2.940783e-03
2.946559e-03
2.952341e-03
2.958129e-03
2.963922e-03
2.969721e-03
2.975525e-03
2.981336e-03
2.987151e-03
2.992973e-03
2.998800e-03
3.004633e-03
3.010471e-03
3.016316e-03
3.022165e-03
3.028021e-03
3.033882e-03
3.039749e-03
3.045622e-03
3.051500e-03
3.057384e-03
3.063273e-03
3.069168e-03
3.075069e-03
3.080975e-03
3.086888e-03
3.092805e-03
3.098729e-03
3.104658e-03
3.110593e-03
3.116533e-03
3.122480e-03
3.128431e-03
3.134389e-03
3.140352e-03
3.146321e-03
3.152295e-03
3.158275e-03
3.164261e-03
3.170253e-03
3.176250e-03
3.182253e-03
3.188261e-03
3.194275e-03
3.200295e-03
3.206321e-03
3.212352e-03
3.218388e-03
3.224431e-03
3.230479e-03
3.236533e-03
3.242592e-03
3.248657e-03
3.254728e-03
3.260805e-03
3.266887e-03
3.272974e-03
3.279068e-03
3.285167e-03
3.291272e-03
3.297382e-03
3.303498e-03
3.309620e-03
3.315748e-03
3.321881e-03
3.328019e-03
3.334164e-03
3.340314e-03
3.346470e-03
3.352631e-03
3.358798e-03
3.364971e-03
3.371149e-03
3.377333e-03
3.383523e-03
3.389719e-03
3.395920e-03
3.402126e-03
3.408339e-03
3.414557e-03
3.420781e-03
3.427010e-03
3.433245e-03
3.439486e-03
3.445732e-03
3.451984e-03
3.458242e-03
3.464506e-03
3.470775e-03
3.477049e-03
3.483330e-03
3.489616e-03
3.495907e-03
3.502205e-03
3.508508e-03
3.514817e-03
3.521131e-03
3.527451e-03
3.533777e-03
3.540108e-03
3.546445e-03
3.552788e-03
3.559136e-03
3.565490e-03
3.571850e-03
3.578215e-03
3.584586e-03
3.590963e-03
3.597346e-03
3.603734e-03
3.610127e-03
3.616527e-03
3.622932e-03
3.629342e-03
3.635759e-03
3.642181e-03
3.648608e-03
3.655042e-03
3.661481e-03
3.667925e-03
3.674376e-03
3.680832e-03
3.687294e-03
3.693761e-03
3.700234e-03
3.706713e-03
3.713197e-03
3.719687e-03
3.726183e-03
3.732684e-03
3.739191e-03
3.745704e-03
3.752222e-03
3.758746e-03
3.765276e-03
3.771811e-03
3.778352e-03
3.784899e-03
3.791451e-03
3.798009e-03
3.804572e-03
3.811142e-03
3.817717e-03
3.824297e-03
3.830884e-03
3.837476e-03
3.844073e-03
3.850677e-03
3.857286e-03
3.863900e-03
3.870521e-03
3.877147e-03
3.883778e-03
3.890415e-03
3.897058e-03
3.903707e-03
3.910361e-03
3.917021e-03
3.923687e-03
3.930358e-03
3.937035e-03
3.943718e-03
3.950406e-03
3.957100e-03
3.963800e-03
3.970505e-03
3.977216e-03
3.983932e-03
3.990655e-03
3.997383e-03
4.004116e-03
4.010856e-03
4.017601e-03
4.024351e-03
4.031107e-03
4.037869e-03
4.044637e-03
4.051410e-03
4.058189e-03
4.064974e-03
4.071764e-03
4.078560e-03
4.085361e-03
4.092169e-03
4.098982e-03
4.105800e-03
4.112624e-03
4.119454e-03
4.126290e-03
4.133131e-03
4.139978e-03
4.146831e-03
4.153689e-03
4.160553e-03
4.167422e-03
4.174298e-03
4.181179e-03
4.188065e-03
4.194957e-03
4.201855e-03
4.208759e-03
4.215668e-03
4.222583e-03
4.229503e-03
4.236430e-03
4.243362e-03
4.250299e-03
4.257242e-03
4.264191e-03
4.271146e-03
4.278106e-03
4.285072e-03
4.292043e-03
4.299021e-03
4.306003e-03
4.312992e-03
4.319986e-03
4.326986e-03
4.333992e-03
4.341003e-03
4.348020e-03
4.355042e-03
4.362070e-03
4.369104e-03
4.376144e-03
4.383189e-03
4.390240e-03
4.397296e-03
4.404359e-03
4.411426e-03
4.418500e-03
4.425579e-03
4.432664e-03
4.439754e-03
4.446851e-03
4.453952e-03
4.461060e-03
4.468173e-03
4.475292e-03
4.482416e-03
4.489547e-03
4.496682e-03
4.503824e-03
4.510971e-03
4.518124e-03
4.525282e-03
4.532447e-03
4.539616e-03
4.546792e-03
4.553973e-03
4.561160e-03
4.568352e-03
4.575551e-03
4.582754e-03
4.589964e-03
4.597179e-03
4.604400e-03
4.611626e-03
4.618858e-03
4.626096e-03
4.633340e-03
4.640589e-03
4.647844e-03
4.655104e-03
4.662370e-03
4.669642e-03
4.676919e-03
4.684203e-03
4.691491e-03
4.698786e-03
4.706086e-03
4.713392e-03
4.720703e-03
4.728020e-03
4.735343e-03
4.742672e-03
4.750006e-03
4.757345e-03
4.764691e-03
4.772042e-03
4.779399e-03
4.786761e-03
4.794129e-03
4.801503e-03
4.808883e-03
4.816268e-03
4.823658e-03
4.831055e-03
4.838457e-03
4.845865e-03
4.853278e-03
4.860697e-03
4.868122e-03
4.875552e-03
4.882988e-03
4.890430e-03
4.897878e-03
4.905331e-03
4.912789e-03
4.920254e-03
4.927724e-03
4.935200e-03
4.942681e-03
4.950168e-03
4.957661e-03
4.965159e-03
4.972663e-03
4.980173e-03
4.987688e-03
4.995210e-03
5.002736e-03
5.010269e-03
5.017807e-03
5.025350e-03
5.032900e-03
5.040455e-03
5.048016e-03
5.055582e-03
5.063154e-03
5.070732e-03
5.078315e-03
5.085904e-03
5.093499e-03
5.101099e-03
5.108705e-03
5.116317e-03
5.123934e-03
5.131557e-03
5.139186e-03
5.146820e-03
5.154461e-03
5.162106e-03
5.169758e-03
5.177415e-03
5.185077e-03
5.192746e-03
5.200420e-03
5.208099e-03
5.215785e-03
5.223476e-03
5.231172e-03
5.238875e-03
5.246583e-03
5.254296e-03
5.262016e-03
5.269741e-03
5.277471e-03
5.285208e-03
5.292950e-03
5.300697e-03
5.308451e-03
5.316210e-03
5.323974e-03
5.331745e-03
5.339521e-03
5.347302e-03
5.355090e-03
5.362883e-03
5.370681e-03
5.378486e-03
5.386296e-03
5.394111e-03
5.401933e-03
5.409760e-03
5.417592e-03
5.425431e-03
5.433275e-03
5.441124e-03
5.448980e-03
5.456841e-03
5.464707e-03
5.472580e-03
5.480457e-03
5.488341e-03
5.496230e-03
5.504125e-03
5.512026e-03
5.519932e-03
5.527844e-03
5.535762e-03
5.543685e-03
5.551614e-03
5.559549e-03
5.567489e-03
5.575435e-03
5.583387e-03
5.591344e-03
5.599307e-03
5.607275e-03
5.615250e-03
5.623230e-03
5.631215e-03
5.639207e-03
5.647203e-03
5.655206e-03
5.663214e-03
5.671228e-03
5.679248e-03
5.687273e-03
5.695304e-03
5.703341e-03
5.711383e-03
5.719431e-03
5.727484e-03
5.735544e-03
5.743609e-03
5.751679e-03
5.759755e-03
5.767837e-03
5.775925e-03
5.784018e-03
5.792117e-03
5.800222e-03
5.808332e-03
5.816448e-03
5.824569e-03
5.832697e-03
5.840829e-03
5.848968e-03
5.857112e-03
5.865262e-03
5.873418e-03
5.881579e-03
5.889746e-03
5.897918e-03
5.906097e-03
5.914281e-03
5.922470e-03
5.930665e-03
5.938866e-03
5.947073e-03
5.955285e-03
5.963503e-03
5.971726e-03
5.979956e-03
5.988190e-03
5.996431e-03
6.004677e-03
6.012929e-03
6.021187e-03
6.029450e-03
6.037719e-03
6.045993e-03
6.054273e-03
6.062559e-03
6.070851e-03
6.079148e-03
6.087451e-03
6.095759e-03
6.104073e-03
6.112393e-03
6.120719e-03
6.129050e-03
6.137387e-03
6.145729e-03
6.154078e-03
6.162431e-03
6.170791e-03
6.179156e-03
6.187527e-03
6.195903e-03
6.204286e-03
6.212673e-03
6.221067e-03
6.229466e-03
6.237871e-03
6.246281e-03
6.254698e-03
6.263119e-03
6.271547e-03
6.279980e-03
6.288419e-03
6.296863e-03
6.305313e-03
6.313769e-03
6.322231e-03
6.330698e-03
6.339171e-03
6.347649e-03
6.356133e-03
6.364623e-03
6.373119e-03
6.381620e-03
6.390127e-03
6.398639e-03
6.407157e-03
6.415681e-03
6.424210e-03
6.432746e-03
6.441286e-03
6.449833e-03
6.458385e-03
6.466943e-03
6.475506e-03
6.484075e-03
6.492650e-03
6.501230e-03
6.509817e-03
6.518408e-03
6.527006e-03
6.534944e-03
6.542854e-03
6.550736e-03
6.558590e-03
6.566415e-03
6.574212e-03
6.581981e-03
6.589722e-03
6.597434e-03
6.605118e-03
6.612774e-03
6.620402e-03
6.628001e-03
6.635572e-03
6.643115e-03
6.650630e-03
6.658116e-03
6.665574e-03
6.673004e-03
6.680405e-03
6.687779e-03
6.695124e-03
6.702441e-03
6.709729e-03
6.716990e-03
6.724222e-03
6.731426e-03
6.738601e-03
6.745749e-03
6.752868e-03
6.759959e-03
6.767021e-03
6.774055e-03
6.781062e-03
6.788039e-03
6.794989e-03
6.801910e-03
6.808803e-03
6.815668e-03
6.822505e-03
6.829313e-03
6.836093e-03
6.842845e-03
6.849569e-03
6.856264e-03
6.862931e-03
6.869570e-03
6.876181e-03
6.882763e-03
6.889317e-03
6.895843e-03
6.902340e-03
6.908810e-03
6.915251e-03
6.921664e-03
6.928048e-03
6.934405e-03
6.940733e-03
6.947033e-03
6.953304e-03
6.959547e-03
6.965762e-03
6.971949e-03
6.978108e-03
6.984238e-03
6.990340e-03
6.996414e-03
7.002460e-03
7.008477e-03
7.014466e-03
7.020427e-03
7.026360e-03
7.032264e-03
7.038140e-03
7.043988e-03
7.049807e-03
7.055599e-03
7.061362e-03
7.067097e-03
7.072803e-03
7.078481e-03
7.084132e-03
7.089753e-03
7.095347e-03
7.100912e-03
7.106449e-03
7.111958e-03
7.117439e-03
7.122891e-03
7.128315e-03
7.133711e-03
7.139078e-03
7.144418e-03
7.149729e-03
7.155012e-03
7.160266e-03
7.165492e-03
7.170691e-03
7.175860e-03
7.181002e-03
7.186115e-03
7.191200e-03
7.196257e-03
7.201286e-03
7.206286e-03
7.211258e-03
7.216202e-03
7.221117e-03
7.226005e-03
7.230864e-03
7.235695e-03
7.240497e-03
7.245271e-03
7.250017e-03
7.254735e-03
7.259425e-03
7.264086e-03
7.268719e-03
7.273324e-03
7.277901e-03
7.282449e-03
7.286969e-03
7.291461e-03
7.295924e-03
7.300360e-03
7.304767e-03
7.309145e-03
7.313496e-03
7.317818e-03
7.322112e-03
7.326378e-03
7.330616e-03
7.334825e-03
7.339006e-03
7.343159e-03
7.347283e-03
7.351380e-03
7.355448e-03
7.359487e-03
7.363499e-03
7.367482e-03
7.371437e-03
7.375364e-03
7.379263e-03
7.383133e-03
7.386975e-03
7.390789e-03
7.394574e-03
7.398332e-03
7.402061e-03
7.405761e-03
7.409434e-03
7.413078e-03
7.416694e-03
7.420282e-03
7.423842e-03
7.427373e-03
7.430876e-03
7.434351e-03
7.437797e-03
7.441215e-03
7.444606e-03
7.447967e-03
7.451301e-03
7.454606e-03
7.457883e-03
7.461132e-03
7.464352e-03
7.467545e-03
7.470709e-03
7.473845e-03
7.476952e-03
7.480031e-03
7.483082e-03
7.486105e-03
7.489100e-03
7.492066e-03
7.495004e-03
7.497914e-03
7.500795e-03
7.503648e-03
7.506474e-03
7.509270e-03
7.512039e-03
7.514779e-03
7.517491e-03
7.520175e-03
7.522830e-03
7.525458e-03
7.528057e-03
7.530627e-03
7.533170e-03
7.535684e-03
7.538170e-03
7.540628e-03
7.543057e-03
7.545459e-03
7.547832e-03
7.550177e-03
7.552493e-03
7.554781e-03
7.557041e-03
7.559273e-03
7.561477e-03
7.563652e-03
7.565799e-03
7.567918e-03
7.570008e-03
7.572070e-03
7.574104e-03
7.576110e-03
7.578088e-03
7.580037e-03
7.581958e-03
7.583851e-03
7.585715e-03
7.587551e-03
7.589359e-03
7.591139e-03
7.592891e-03
7.594614e-03
7.596309e-03
7.597976e-03
7.599614e-03
7.601224e-03
7.602806e-03
7.604360e-03
7.605886e-03
7.607383e-03
7.608852e-03
7.610293e-03
7.611705e-03
7.613089e-03
7.614445e-03
7.615773e-03
7.617073e-03
7.618344e-03
7.619587e-03
7.620802e-03
7.621988e-03
7.623146e-03
7.624276e-03
7.625378e-03
7.626452e-03
7.627497e-03
7.628514e-03
7.629502e-03
7.630463e-03
7.631395e-03
7.632299e-03
7.633175e-03
7.634022e-03
7.634842e-03
7.635633e-03
7.636395e-03
7.637130e-03
7.637836e-03
7.638514e-03
7.639164e-03
7.639785e-03
7.640379e-03
7.640943e-03
7.641480e-03
7.641989e-03
7.642469e-03
7.642921e-03
7.643345e-03
7.643740e-03
7.644107e-03
7.644446e-03
7.644757e-03
7.645040e-03
7.645294e-03
7.645520e-03
7.645717e-03
7.645887e-03
7.646028e-03
7.646141e-03
7.646226e-03
7.646282e-03
7.646311e-03
7.646310e-03
7.646282e-03
7.646226e-03
7.646141e-03
7.646028e-03
7.645887e-03
7.645717e-03
7.645519e-03
7.645293e-03
7.645039e-03
7.644756e-03
7.644446e-03
7.644107e-03
7.643739e-03
7.643344e-03
7.642920e-03
7.642468e-03
7.641988e-03
7.641479e-03
7.641164e-03
7.641164e-03
7.641164e-03
7.641164e-03
7.641164e-03
7.641164e-03
7.641164e-03
7.641164e-03
7.641164e-03
7.641164e-03
7.641164e-03
7.641164e-03
7.641164e-03
7.641164e-03
7.641164e-03
7.641164e-03
7.641164e-03
7.641164e-03
7.641164e-03
7.641164e-03
7.641164e-03
7.641164e-03
7.641164e-03
7.641164e-03
7.641164e-03
7.641164e-03
7.641164e-03
7.641164e-03
7.641164e-03
7.641164e-03
7.641164e-03
7.641164e-03
7.641164e-03
7.641164e-03
7.641164e-03
7.641164e-03
7.641164e-03
7.641164e-03
7.641164e-03
7.641164e-03
7.641164e-03
7.641164e-03
7.641164e-03
7.641164e-03
7.641164e-03
7.641164e-03
7.641164e-03
7.641164e-03
7.641164e-03
7.641164e-03
7.641164e-03
7.641164e-03
7.641164e-03
7.641164e-03
7.641164e-03
7.641164e-03
7.641164e-03
7.641164e-03
7.641164e-03
7.641164e-03
7.641164e-03
7.641164e-03
7.641164e-03
7.641164e-03
7.641164e-03
7.641164e-03
7.641164e-03
7.641164e-03
7.641164e-03
7.641164e-03
7.641164e-03
7.641164e-03
7.641164e-03
7.641164e-03
7.641164e-03
7.641164e-03
7.641164e-03
7.641164e-03
7.641164e-03
7.641164e-03
7.641164e-03
7.641164e-03
7.641164e-03
7.641164e-03
7.641164e-03
7.641164e-03
7.641164e-03
7.641164e-03
7.641164e-03
7.641164e-03
7.641164e-03
7.641164e-03
7.641164e-03
7.641164e-03
7.641164e-03
7.641164e-03
7.641164e-03
7.641164e-03
7.641164e-03
7.641164e-03
7.641164e-03
7.641164e-03
7.641164e-03
7.641164e-03
7.641164e-03
7.641164e-03
7.641164e-03
7.641164e-03
7.641164e-03
7.641164e-03
7.641164e-03
7.641164e-03
7.641164e-03
7.641164e-03
7.641164e-03
7.641164e-03
7.641164e-03
7.641164e-03
7.641164e-03
7.641164e-03
7.641164e-03
7.641164e-03
7.641164e-03
7.641164e-03
7.641164e-03
7.641164e-03
7.641164e-03
7.641164e-03
7.641164e-03
7.641164e-03
7.641164e-03
7.641164e-03
7.641164e-03
7.641164e-03
7.641164e-03
7.641164e-03
7.641164e-03
7.641164e-03
7.641164e-03
7.641164e-03
7.641164e-03
7.641164e-03
7.641164e-03
7.641164e-03
7.641164e-03
7.641164e-03
7.641164e-03
7.641164e-03
7.641164e-03
7.641164e-03
7.641164e-03
7.641164e-03
7.641164e-03
7.641164e-03
7.641164e-03
7.641164e-03
7.641164e-03
7.641164e-03
7.641164e-03
7.641164e-03
7.641164e-03
7.641164e-03
7.641164e-03
7.641164e-03
7.641164e-03
7.641164e-03
7.641164e-03
7.641164e-03
7.641164e-03
7.641164e-03
7.641164e-03
7.641164e-03
7.641164e-03
7.641164e-03
7.641164e-03
7.641164e-03
7.641164e-03
7.641164e-03
7.641164e-03
7.641164e-03
7.641164e-03
7.641164e-03
7.641164e-03
7.641164e-03
7.641164e-03
7.641164e-03
7.641164e-03
7.641164e-03
7.641164e-03
7.641164e-03
7.641164e-03
7.641164e-03
7.641164e-03
7.641164e-03
7.641164e-03
7.641164e-03
7.641164e-03
7.641164e-03
7.641164e-03
7.641164e-03
7.641164e-03
