0.000000e+00
1.110371e-07
2.278574e-07
3.504608e-07
4.788474e-07
6.130172e-07
7.529702e-07
8.987064e-07
1.050226e-06
1.207528e-06
1.370614e-06
1.539483e-06
1.714135e-06
1.894570e-06
2.080789e-06
2.272790e-06
2.470575e-06
2.674143e-06
2.883494e-06
3.098629e-06
3.319546e-06
3.546247e-06
3.778731e-06
4.016998e-06
4.261048e-06
4.510882e-06
4.766498e-06
5.027898e-06
5.295081e-06
5.568047e-06
5.846797e-06
6.131329e-06
6.421645e-06
6.717744e-06
7.019626e-06
7.327291e-06
7.640740e-06
7.959971e-06
8.284986e-06
8.615784e-06
8.952365e-06
9.294729e-06
9.642877e-06
9.996808e-06
1.035652e-05
1.072202e-05
1.109330e-05
1.147036e-05
1.185321e-05
1.224184e-05
1.263625e-05
1.303645e-05
1.344243e-05
1.385419e-05
1.427174e-05
1.469506e-05
1.512418e-05
1.555907e-05
1.599975e-05
1.644621e-05
1.689846e-05
1.735648e-05
1.782030e-05
1.828989e-05
1.876527e-05
1.924643e-05
1.973337e-05
2.022610e-05
2.072461e-05
2.122890e-05
2.173898e-05
2.225484e-05
2.277648e-05
2.330391e-05
2.383712e-05
2.437611e-05
2.492089e-05
2.547144e-05
2.602779e-05
2.658991e-05
2.715782e-05
2.773151e-05
2.831099e-05
2.889625e-05
2.948729e-05
3.008411e-05
3.068672e-05
3.129511e-05
3.190928e-05
3.252924e-05
3.315498e-05
3.378650e-05
3.442381e-05
3.506690e-05
3.571577e-05
3.637043e-05
3.703087e-05
3.769709e-05
3.836910e-05
3.904689e-05
3.973046e-05
4.041981e-05
4.111495e-05
4.181587e-05
4.252258e-05
4.323507e-05
4.395334e-05
4.467739e-05
4.540723e-05
4.614285e-05
4.688425e-05
4.763144e-05
4.838441e-05
4.914316e-05
4.990770e-05
5.067802e-05
5.145412e-05
5.223601e-05
5.302368e-05
5.381713e-05
5.461637e-05
5.542139e-05
5.623219e-05
5.704877e-05
5.787114e-05
5.869929e-05
5.953323e-05
6.037295e-05
6.121845e-05
6.206973e-05
6.292680e-05
6.378965e-05
6.465828e-05
6.553270e-05
6.641290e-05
6.729888e-05
6.819065e-05
6.908820e-05
6.999153e-05
7.090065e-05
7.181555e-05
7.273623e-05
7.366270e-05
7.459495e-05
7.553298e-05
7.647679e-05
7.742639e-05
7.838177e-05
7.934294e-05
8.030989e-05
8.128262e-05
8.226113e-05
8.324543e-05
8.423551e-05
8.523137e-05
8.623302e-05
8.724045e-05
8.825366e-05
8.927266e-05
9.029744e-05
9.132800e-05
9.236435e-05
9.340648e-05
9.445439e-05
9.550809e-05
9.656757e-05
9.763283e-05
9.870387e-05
9.978070e-05
1.008633e-04
1.019517e-04
1.030459e-04
1.041458e-04
1.052516e-04
1.063631e-04
1.074804e-04
1.086035e-04
1.097324e-04
1.108671e-04
1.120075e-04
1.131537e-04
1.143057e-04
1.154635e-04
1.166271e-04
1.177965e-04
1.189716e-04
1.201525e-04
1.213392e-04
1.225317e-04
1.237300e-04
1.249341e-04
1.261439e-04
1.273595e-04
1.285809e-04
1.298081e-04
1.310411e-04
1.322799e-04
1.335244e-04
1.347747e-04
1.360308e-04
1.372927e-04
1.385604e-04
1.398339e-04
1.411131e-04
1.423981e-04
1.436889e-04
1.449855e-04
1.462879e-04
1.475960e-04
1.489100e-04
1.502297e-04
1.515552e-04
1.528865e-04
1.542236e-04
1.555664e-04
1.569151e-04
1.582695e-04
1.596297e-04
1.609957e-04
1.623674e-04
1.637450e-04
1.651283e-04
1.665175e-04
1.679124e-04
1.693131e-04
1.707195e-04
1.721318e-04
1.735498e-04
1.749736e-04
1.764032e-04
1.778386e-04
1.792798e-04
1.807267e-04
1.821795e-04
1.836380e-04
1.851023e-04
1.865724e-04
1.880482e-04
1.895299e-04
1.910173e-04
1.925105e-04
1.940095e-04
1.955143e-04
1.970249e-04
1.985413e-04
2.000634e-04
2.015913e-04
2.031250e-04
2.046645e-04
2.062097e-04
2.077608e-04
2.093176e-04
2.108802e-04
2.124486e-04
2.140228e-04
2.156028e-04
2.171885e-04
2.187801e-04
2.203774e-04
2.219805e-04
2.235894e-04
2.252040e-04
2.268245e-04
2.284507e-04
2.300827e-04
2.317205e-04
2.333641e-04
2.350135e-04
2.366686e-04
2.383295e-04
2.399963e-04
2.416687e-04
2.433470e-04
2.450311e-04
2.467209e-04
2.484166e-04
2.501180e-04
2.518252e-04
2.535382e-04
2.552569e-04
2.569815e-04
2.587118e-04
2.604479e-04
2.621898e-04
2.639375e-04
2.656909e-04
2.674502e-04
2.692152e-04
2.709860e-04
2.727626e-04
2.745450e-04
2.763331e-04
2.781271e-04
2.799268e-04
2.817323e-04
2.835436e-04
2.853607e-04
2.871835e-04
2.890122e-04
2.908466e-04
2.926868e-04
2.945328e-04
2.963846e-04
2.982421e-04
3.001055e-04
3.019746e-04
3.038495e-04
3.057302e-04
3.076167e-04
3.095089e-04
3.114070e-04
3.133108e-04
3.152204e-04
3.171358e-04
3.190570e-04
3.209839e-04
3.229167e-04
3.248552e-04
3.267995e-04
3.287496e-04
3.307055e-04
3.326671e-04
3.346345e-04
3.366078e-04
3.385868e-04
3.405716e-04
3.425621e-04
3.445585e-04
3.465606e-04
3.485685e-04
3.505823e-04
3.526017e-04
3.546270e-04
3.566581e-04
3.586949e-04
3.607375e-04
3.627859e-04
3.648401e-04
3.669001e-04
3.689658e-04
3.710374e-04
3.731147e-04
3.751978e-04
3.772867e-04
3.793813e-04
3.814818e-04
3.835880e-04
3.857000e-04
3.878178e-04
3.899414e-04
3.920708e-04
3.942059e-04
3.963469e-04
3.984936e-04
4.006461e-04
4.028044e-04
4.049684e-04
4.071383e-04
4.093139e-04
4.114953e-04
4.136825e-04
4.158755e-04
4.180743e-04
4.202788e-04
4.224892e-04
4.247053e-04
4.269272e-04
4.291549e-04
4.313883e-04
4.336276e-04
4.358726e-04
4.381234e-04
4.403800e-04
4.426424e-04
4.449106e-04
4.471845e-04
4.494642e-04
4.517498e-04
4.540411e-04
4.563381e-04
4.586410e-04
4.609496e-04
4.632641e-04
4.655843e-04
4.679103e-04
4.702421e-04
4.725796e-04
4.749230e-04
4.772721e-04
4.796270e-04
4.819877e-04
4.843542e-04
4.867264e-04
4.891045e-04
4.914883e-04
4.938779e-04
4.962733e-04
4.986745e-04
5.010815e-04
5.034942e-04
5.059127e-04
5.083370e-04
5.107671e-04
5.132030e-04
5.156447e-04
5.180921e-04
5.205453e-04
5.230043e-04
5.254691e-04
5.279397e-04
5.304161e-04
5.328982e-04
5.353861e-04
5.378798e-04
5.403793e-04
5.428846e-04
5.453957e-04
5.479125e-04
5.504351e-04
5.529635e-04
5.554977e-04
5.580377e-04
5.605835e-04
5.631350e-04
5.656923e-04
5.682554e-04
5.708243e-04
5.733990e-04
5.759794e-04
5.785657e-04
5.811577e-04
5.837555e-04
5.863591e-04
5.889685e-04
5.915836e-04
5.942046e-04
5.968313e-04
5.994638e-04
6.021021e-04
6.047461e-04
6.073960e-04
6.100516e-04
6.127131e-04
6.153803e-04
6.180532e-04
6.207320e-04
6.234166e-04
6.261069e-04
6.288030e-04
6.315049e-04
6.342126e-04
6.369261e-04
6.396453e-04
6.423704e-04
6.451012e-04
6.478378e-04
6.505802e-04
6.533283e-04
6.560823e-04
6.588420e-04
6.616075e-04
6.643788e-04
6.671559e-04
6.699388e-04
6.727274e-04
6.755219e-04
6.783221e-04
6.811281e-04
6.839399e-04
6.867574e-04
6.895808e-04
6.924099e-04
6.952448e-04
6.980855e-04
7.009320e-04
7.037843e-04
7.066423e-04
7.095062e-04
7.123758e-04
7.152512e-04
7.181324e-04
7.210193e-04
7.239121e-04
7.268106e-04
7.297149e-04
7.326250e-04
7.355409e-04
7.384626e-04
7.413900e-04
7.443232e-04
7.472622e-04
7.502070e-04
7.531576e-04
7.561140e-04
7.590761e-04
7.620441e-04
7.650178e-04
7.679973e-04
7.709825e-04
7.739736e-04
7.769704e-04
7.799731e-04
7.829815e-04
7.859957e-04
7.890157e-04
7.920414e-04
7.950730e-04
7.981103e-04
8.011534e-04
8.042023e-04
8.072570e-04
8.103174e-04
8.133837e-04
8.164557e-04
8.195335e-04
8.226171e-04
8.257065e-04
8.288016e-04
8.319026e-04
8.350093e-04
8.381218e-04
8.412401e-04
8.443642e-04
8.474940e-04
8.506297e-04
8.537711e-04
8.569183e-04
8.600713e-04
8.632301e-04
8.663946e-04
8.695650e-04
8.727411e-04
8.759230e-04
8.791107e-04
8.823042e-04
8.855034e-04
8.887085e-04
8.919193e-04
8.951359e-04
8.983583e-04
9.015864e-04
9.048204e-04
9.080601e-04
9.113057e-04
9.145570e-04
9.178140e-04
9.210769e-04
9.243456e-04
9.276200e-04
9.309002e-04
9.341862e-04
9.374780e-04
9.407756e-04
9.440789e-04
9.473881e-04
9.507030e-04
9.540237e-04
9.573502e-04
9.606825e-04
9.640205e-04
9.673643e-04
9.707140e-04
9.740694e-04
9.774306e-04
9.807975e-04
9.841703e-04
9.875488e-04
9.909331e-04
9.943232e-04
9.977191e-04
1.001121e-03
1.004528e-03
1.007941e-03
1.011360e-03
1.014785e-03
1.018216e-03
1.021652e-03
1.025094e-03
1.028542e-03
1.031996e-03
1.035456e-03
1.038921e-03
1.042392e-03
1.045869e-03
1.049351e-03
1.052840e-03
1.056334e-03
1.059834e-03
1.063340e-03
1.066851e-03
1.070369e-03
1.073892e-03
1.077421e-03
1.080955e-03
1.084496e-03
1.088042e-03
1.091594e-03
1.095152e-03
1.098715e-03
1.102285e-03
1.105860e-03
1.109441e-03
1.113028e-03
1.116620e-03
1.120218e-03
1.123823e-03
1.127432e-03
1.131048e-03
1.134669e-03
1.138297e-03
1.141930e-03
1.145568e-03
1.149213e-03
1.152863e-03
1.156519e-03
1.160181e-03
1.163849e-03
1.167523e-03
1.171202e-03
1.174887e-03
1.178578e-03
1.182274e-03
1.185977e-03
1.189685e-03
1.193399e-03
1.197119e-03
1.200844e-03
1.204575e-03
1.208313e-03
1.212055e-03
1.215804e-03
1.219558e-03
1.223319e-03
1.227085e-03
1.230857e-03
1.234634e-03
1.238417e-03
1.242207e-03
1.246002e-03
1.249802e-03
1.253609e-03
1.257421e-03
1.261239e-03
1.265063e-03
1.268892e-03
1.272728e-03
1.276569e-03
1.280416e-03
1.284269e-03
1.288127e-03
1.291992e-03
1.295862e-03
1.299738e-03
1.303619e-03
1.307507e-03
1.311400e-03
1.315299e-03
1.319204e-03
1.323114e-03
1.327031e-03
1.330953e-03
1.334881e-03
1.338815e-03
1.342754e-03
1.346699e-03
1.350650e-03
1.354607e-03
1.358570e-03
1.362538e-03
1.366513e-03
1.370493e-03
1.374478e-03
1.378470e-03
1.382467e-03
1.386470e-03
1.390479e-03
1.394494e-03
1.398514e-03
1.402541e-03
1.406573e-03
1.410611e-03
1.414654e-03
1.418704e-03
1.422759e-03
1.426820e-03
1.430886e-03
1.434959e-03
1.439037e-03
1.443121e-03
1.447211e-03
1.451307e-03
1.455408e-03
1.459515e-03
1.463628e-03
1.467747e-03
1.471872e-03
1.476002e-03
1.480138e-03
1.484280e-03
1.488428e-03
1.492581e-03
1.496741e-03
1.500906e-03
1.505076e-03
1.509253e-03
1.513435e-03
1.517624e-03
1.521818e-03
1.526017e-03
1.530223e-03
1.534434e-03
1.538651e-03
1.542874e-03
1.547103e-03
1.551337e-03
1.555578e-03
1.559824e-03
1.564075e-03
1.568333e-03
1.572596e-03
1.576865e-03
1.581140e-03
1.585421e-03
1.589708e-03
1.594000e-03
1.598298e-03
1.602602e-03
1.606911e-03
1.611227e-03
1.615548e-03
1.619875e-03
1.624208e-03
1.628546e-03
1.632891e-03
1.637241e-03
1.641597e-03
1.645958e-03
1.650326e-03
1.654699e-03
1.659078e-03
1.663463e-03
1.667853e-03
1.672250e-03
1.676652e-03
1.681060e-03
1.685474e-03
1.689893e-03
1.694318e-03
1.698749e-03
1.703186e-03
1.707629e-03
1.712077e-03
1.716532e-03
1.720992e-03
1.725457e-03
1.729929e-03
1.734406e-03
1.738889e-03
1.743378e-03
1.747873e-03
1.752373e-03
1.756880e-03
1.761392e-03
1.765910e-03
1.770433e-03
1.774963e-03
1.779498e-03
1.784039e-03
1.788585e-03
1.793138e-03
1.797696e-03
1.802260e-03
1.806830e-03
1.811406e-03
1.815987e-03
1.820574e-03
1.825167e-03
1.829766e-03
1.834371e-03
1.838981e-03
1.843597e-03
1.848219e-03
1.852847e-03
1.857480e-03
1.862120e-03
1.866765e-03
1.871416e-03
1.876072e-03
1.880735e-03
1.885403e-03
1.890077e-03
1.894757e-03
1.899442e-03
1.904133e-03
1.908830e-03
1.913533e-03
1.918242e-03
1.922956e-03
1.927677e-03
1.932403e-03
1.937135e-03
1.941872e-03
1.946615e-03
1.951365e-03
1.956120e-03
1.960880e-03
1.965647e-03
1.970419e-03
1.975197e-03
1.979981e-03
1.984771e-03
1.989566e-03
1.994367e-03
1.999174e-03
2.003987e-03
2.008805e-03
2.013630e-03
2.018460e-03
2.023296e-03
2.028137e-03
2.032985e-03
2.037838e-03
2.042697e-03
2.047562e-03
2.052433e-03
2.057309e-03
2.062191e-03
2.067079e-03
2.071973e-03
2.076872e-03
2.081778e-03
2.086689e-03
2.091606e-03
2.096528e-03
2.101457e-03
2.106391e-03
2.111331e-03
2.116277e-03
2.121228e-03
2.126186e-03
2.131149e-03
2.136118e-03
2.141092e-03
2.146073e-03
2.151059e-03
2.156051e-03
2.161049e-03
2.166052e-03
2.171062e-03
2.176077e-03
2.181098e-03
2.186125e-03
2.191157e-03
2.196196e-03
2.201240e-03
2.206290e-03
2.211345e-03
2.216407e-03
2.221474e-03
2.226547e-03
2.231626e-03
2.236710e-03
2.241801e-03
2.246897e-03
2.251999e-03
2.257106e-03
2.262220e-03
2.267339e-03
2.272464e-03
2.277595e-03
2.282732e-03
2.287874e-03
2.293022e-03
2.298176e-03
2.303336e-03
2.308502e-03
2.313673e-03
2.318850e-03
2.324033e-03
2.329221e-03
2.334416e-03
2.339616e-03
2.344822e-03
2.350034e-03
2.355252e-03
2.360475e-03
2.365704e-03
2.370939e-03
2.376180e-03
2.381426e-03
2.386679e-03
2.391937e-03
2.397200e-03
2.402470e-03
2.407746e-03
2.413027e-03
2.418314e-03
2.423606e-03
2.428905e-03
2.434209e-03
2.439519e-03
2.444835e-03
2.450157e-03
2.455485e-03
2.460818e-03
2.466157e-03
2.471502e-03
2.476852e-03
2.482209e-03
2.487571e-03
2.492939e-03
2.498312e-03
2.503692e-03
2.509077e-03
2.514468e-03
2.519865e-03
2.525268e-03
2.530676e-03
2.536091e-03
2.541511e-03
2.546936e-03
2.552368e-03
2.557805e-03
2.563248e-03
2.568697e-03
2.574152e-03
2.579612e-03
2.585079e-03
2.590551e-03
2.596029e-03
2.601512e-03
2.607002e-03
2.612497e-03
2.617998e-03
2.623504e-03
2.629017e-03
2.634535e-03
2.640059e-03
2.645589e-03
2.651125e-03
2.656666e-03
2.662214e-03
2.667767e-03
2.673325e-03
2.678890e-03
2.684460e-03
2.690037e-03
2.695618e-03
2.701206e-03
2.706800e-03
2.712399e-03
2.718004e-03
2.723615e-03
2.729231e-03
2.734854e-03
2.740482e-03
2.746116e-03
2.751756e-03
2.757401e-03
2.763053e-03
2.768710e-03
2.774373e-03
2.780041e-03
2.785716e-03
2.791396e-03
2.797082e-03
2.802774e-03
2.808471e-03
2.814175e-03
2.819884e-03
2.825599e-03
2.831320e-03
2.837046e-03
2.842778e-03
2.848516e-03
2.854260e-03
2.860010e-03
2.865765e-03
2.871527e-03
2.877294e-03
2.883066e-03
2.888845e-03
2.894629e-03
2.900419e-03
2.906215e-03
2.912017e-03
2.917824e-03
2.923638e-03
2.929457e-03
2.935282e-03
2.941112e-03
2.946949e-03
2.952791e-03
2.958639e-03
2.964492e-03
2.970352e-03
2.976217e-03
2.982088e-03
2.987965e-03
2.993848e-03
2.999736e-03
3.005631e-03
3.011531e-03
3.017436e-03
3.023348e-03
3.029265e-03
3.035188e-03
3.041117e-03
3.047052e-03
3.052992e-03
3.058939e-03
3.064891e-03
3.070849e-03
3.076812e-03
3.082782e-03
3.088757e-03
3.094738e-03
3.100725e-03
3.106717e-03
3.112715e-03
3.118719e-03
3.124729e-03
3.130745e-03
3.136766e-03
3.142794e-03
3.148827e-03
3.154866e-03
3.160910e-03
3.166960e-03
3.173017e-03
3.179079e-03
3.185146e-03
3.191220e-03
3.197299e-03
3.203384e-03
3.209475e-03
3.215572e-03
3.221674e-03
3.227782e-03
3.233896e-03
3.240016e-03
3.246141e-03
3.252273e-03
3.258410e-03
3.264553e-03
3.270701e-03
3.276856e-03
3.283016e-03
3.289182e-03
3.295354e-03
3.301532e-03
3.307715e-03
3.313904e-03
3.320099e-03
3.326300e-03
3.332506e-03
3.338719e-03
3.344937e-03
3.351161e-03
3.357390e-03
3.363626e-03
3.369867e-03
3.376114e-03
3.382367e-03
3.388625e-03
3.394890e-03
3.401160e-03
3.407436e-03
3.413717e-03
3.420005e-03
3.426298e-03
3.432597e-03
3.438902e-03
3.445212e-03
3.451529e-03
3.457851e-03
3.464179e-03
3.470513e-03
3.476852e-03
3.483198e-03
3.489549e-03
3.495906e-03
3.502268e-03
3.508637e-03
3.515011e-03
3.521391e-03
3.527777e-03
3.534168e-03
3.540566e-03
3.546969e-03
3.553378e-03
3.559792e-03
3.566213e-03
3.572639e-03
3.579071e-03
3.585509e-03
3.591953e-03
3.598402e-03
3.604857e-03
3.611318e-03
3.617785e-03
3.624257e-03
3.630736e-03
3.637220e-03
3.643710e-03
3.650205e-03
3.656707e-03
3.663214e-03
3.669727e-03
3.676246e-03
3.682771e-03
3.689301e-03
3.695837e-03
3.702379e-03
3.708927e-03
3.715480e-03
3.722039e-03
3.728605e-03
3.735175e-03
3.741752e-03
3.748334e-03
3.754923e-03
3.761517e-03
3.768116e-03
3.774722e-03
3.781333e-03
3.787950e-03
3.794573e-03
3.801202e-03
3.807836e-03
3.814477e-03
3.821123e-03
3.827775e-03
3.834432e-03
3.841096e-03
3.847765e-03
3.854440e-03
3.861120e-03
3.867807e-03
3.874499e-03
3.881197e-03
3.887901e-03
3.894611e-03
3.901326e-03
3.908047e-03
3.914774e-03
3.921507e-03
3.928246e-03
3.934990e-03
3.941740e-03
3.948496e-03
3.955258e-03
3.962025e-03
3.968799e-03
3.975578e-03
3.982362e-03
3.989153e-03
3.995949e-03
4.002752e-03
4.009560e-03
4.016373e-03
4.023193e-03
4.030018e-03
4.036849e-03
4.043686e-03
4.050529e-03
4.057377e-03
4.064231e-03
4.071091e-03
4.077957e-03
4.084829e-03
4.091706e-03
4.098589e-03
4.105478e-03
4.112373e-03
4.119273e-03
4.126180e-03
4.133092e-03
4.140010e-03
4.146933e-03
4.153863e-03
4.160798e-03
4.167739e-03
4.174686e-03
4.181638e-03
4.188596e-03
4.195561e-03
4.202530e-03
4.209506e-03
4.216488e-03
4.223475e-03
4.230468e-03
4.237467e-03
4.244471e-03
4.251482e-03
4.258498e-03
4.265520e-03
4.272547e-03
4.279581e-03
4.286620e-03
4.293665e-03
4.300716e-03
4.307773e-03
4.314835e-03
4.321903e-03
4.328977e-03
4.336057e-03
4.343143e-03
4.350234e-03
4.357331e-03
4.364434e-03
4.371543e-03
4.378657e-03
4.385778e-03
4.392904e-03
4.400035e-03
4.407173e-03
4.414316e-03
4.421466e-03
4.428621e-03
4.435781e-03
4.442948e-03
4.450120e-03
4.457298e-03
4.464482e-03
4.471672e-03
4.478867e-03
4.486068e-03
4.493275e-03
4.500488e-03
4.507707e-03
4.514931e-03
4.522161e-03
4.529397e-03
4.536639e-03
4.543886e-03
4.551140e-03
4.558399e-03
4.565663e-03
4.572934e-03
4.580210e-03
4.587493e-03
4.594781e-03
4.602074e-03
4.609374e-03
4.616679e-03
4.623990e-03
4.631307e-03
4.638630e-03
4.645958e-03
4.653292e-03
4.660632e-03
4.667978e-03
4.675330e-03
4.682687e-03
4.690050e-03
4.697419e-03
4.704794e-03
4.712175e-03
4.719561e-03
4.726953e-03
4.734351e-03
4.741754e-03
4.749164e-03
4.756579e-03
4.764000e-03
4.771427e-03
4.778859e-03
4.786298e-03
4.793742e-03
4.801192e-03
4.808647e-03
4.816109e-03
4.823576e-03
4.831049e-03
4.838528e-03
4.846012e-03
4.853503e-03
4.860999e-03
4.868501e-03
4.876009e-03
4.883522e-03
4.891041e-03
4.898566e-03
4.906097e-03
4.913634e-03
4.921176e-03
4.928725e-03
4.936279e-03
4.943838e-03
4.951404e-03
4.958975e-03
4.966552e-03
4.974135e-03
4.981724e-03
4.989318e-03
4.996919e-03
5.004525e-03
5.012137e-03
5.019754e-03
5.027378e-03
5.035007e-03
5.042642e-03
5.050282e-03
5.057929e-03
5.065581e-03
5.073239e-03
5.080903e-03
5.088573e-03
5.096248e-03
5.103930e-03
5.111617e-03
5.119309e-03
5.127008e-03
5.134712e-03
5.142422e-03
5.150138e-03
5.157860e-03
5.165588e-03
5.173321e-03
5.181060e-03
5.188805e-03
5.196555e-03
5.204312e-03
5.212074e-03
5.219842e-03
5.227616e-03
5.235395e-03
5.243180e-03
5.250972e-03
5.258768e-03
5.266571e-03
5.274380e-03
5.282194e-03
5.290014e-03
5.297840e-03
5.305671e-03
5.313509e-03
5.321352e-03
5.329201e-03
5.337055e-03
5.344916e-03
5.352782e-03
5.360654e-03
5.368532e-03
5.376416e-03
5.384305e-03
5.392200e-03
5.400101e-03
5.408008e-03
5.415921e-03
5.423839e-03
5.431763e-03
5.439693e-03
5.447629e-03
5.455570e-03
5.463517e-03
5.471470e-03
5.479429e-03
5.487394e-03
5.495364e-03
5.503340e-03
5.511322e-03
5.519310e-03
5.527304e-03
5.535303e-03
5.543308e-03
5.551319e-03
5.559335e-03
5.567358e-03
5.575386e-03
5.583420e-03
5.591460e-03
5.599505e-03
5.607557e-03
5.615614e-03
5.623677e-03
5.631746e-03
5.639820e-03
5.647900e-03
5.655986e-03
5.664078e-03
5.672176e-03
5.680279e-03
5.688388e-03
5.696503e-03
5.704624e-03
5.712751e-03
5.720883e-03
5.729021e-03
5.737165e-03
5.745314e-03
5.753470e-03
5.761631e-03
5.769798e-03
5.777971e-03
5.786150e-03
5.794334e-03
5.802524e-03
5.810720e-03
5.818922e-03
5.827129e-03
5.835342e-03
5.843561e-03
5.851786e-03
5.860017e-03
5.868253e-03
5.876496e-03
5.884744e-03
5.892997e-03
5.901257e-03
5.909522e-03
5.917793e-03
5.926070e-03
5.934353e-03
5.942641e-03
5.950935e-03
5.959236e-03
5.967541e-03
5.975853e-03
5.984170e-03
5.992493e-03
6.000822e-03
6.009157e-03
6.017498e-03
6.025844e-03
6.034196e-03
6.042554e-03
6.050917e-03
6.059287e-03
6.067662e-03
6.076043e-03
6.084430e-03
6.092822e-03
6.101221e-03
6.109625e-03
6.118035e-03
6.126450e-03
6.134872e-03
6.143299e-03
6.151732e-03
6.160171e-03
6.168616e-03
6.177066e-03
6.185522e-03
6.193984e-03
6.202452e-03
6.210925e-03
6.219405e-03
6.227890e-03
6.236381e-03
6.244877e-03
6.253380e-03
6.261888e-03
6.270402e-03
6.278922e-03
6.287447e-03
6.295979e-03
6.304516e-03
6.313059e-03
6.321607e-03
6.330162e-03
6.338722e-03
6.347288e-03
6.355860e-03
6.364438e-03
6.373021e-03
6.381610e-03
6.390205e-03
6.398806e-03
6.407412e-03
6.416025e-03
6.424643e-03
6.433267e-03
6.441896e-03
6.450532e-03
6.459173e-03
6.467820e-03
6.476473e-03
6.485131e-03
6.493796e-03
6.502466e-03
6.511142e-03
6.519824e-03
6.528511e-03
6.537204e-03
6.545903e-03
6.554608e-03
6.563319e-03
6.572035e-03
6.580758e-03
6.589485e-03
6.598219e-03
6.606959e-03
6.615704e-03
6.624455e-03
6.633212e-03
6.641975e-03
6.650743e-03
6.659517e-03
6.667633e-03
6.675719e-03
6.683777e-03
6.691806e-03
6.699806e-03
6.707777e-03
6.715719e-03
6.723632e-03
6.731517e-03
6.739373e-03
6.747199e-03
6.754997e-03
6.762767e-03
6.770507e-03
6.778219e-03
6.785901e-03
6.793555e-03
6.801180e-03
6.808776e-03
6.816344e-03
6.823882e-03
6.831392e-03
6.838873e-03
6.846325e-03
6.853748e-03
6.861142e-03
6.868508e-03
6.875844e-03
6.883152e-03
6.890431e-03
6.897681e-03
6.904902e-03
6.912095e-03
6.919258e-03
6.926393e-03
6.933499e-03
6.940576e-03
6.947624e-03
6.954644e-03
6.961634e-03
6.968596e-03
6.975529e-03
6.982433e-03
6.989308e-03
6.996154e-03
7.002972e-03
7.009761e-03
7.016520e-03
7.023251e-03
7.029954e-03
7.036627e-03
7.043271e-03
7.049887e-03
7.056474e-03
7.063032e-03
7.069561e-03
7.076061e-03
7.082533e-03
7.088975e-03
7.095389e-03
7.101774e-03
7.108130e-03
7.114457e-03
7.120756e-03
7.127025e-03
7.133266e-03
7.139478e-03
7.145661e-03
7.151815e-03
7.157941e-03
7.164037e-03
7.170105e-03
7.176144e-03
7.182154e-03
7.188135e-03
7.194087e-03
7.200011e-03
7.205906e-03
7.211771e-03
7.217608e-03
7.223417e-03
7.229196e-03
7.234946e-03
7.240668e-03
7.246361e-03
7.252025e-03
7.257660e-03
7.263266e-03
7.268844e-03
7.274392e-03
7.279912e-03
7.285403e-03
7.290865e-03
7.296298e-03
7.301703e-03
7.307078e-03
7.312425e-03
7.317743e-03
7.323032e-03
7.328292e-03
7.333523e-03
7.338726e-03
7.343900e-03
7.349045e-03
7.354161e-03
7.359248e-03
7.364306e-03
7.369336e-03
7.374336e-03
7.379308e-03
7.384251e-03
7.389165e-03
7.394051e-03
7.398907e-03
7.403735e-03
7.408533e-03
7.413303e-03
7.418044e-03
7.422757e-03
7.427440e-03
7.432095e-03
7.436721e-03
7.441317e-03
7.445886e-03
7.450425e-03
7.454935e-03
7.459417e-03
7.463869e-03
7.468293e-03
7.472688e-03
7.477055e-03
7.481392e-03
7.485700e-03
7.489980e-03
7.494231e-03
7.498453e-03
7.502646e-03
7.506810e-03
7.510946e-03
7.515053e-03
7.519130e-03
7.523179e-03
7.527200e-03
7.531191e-03
7.535153e-03
7.539087e-03
7.542992e-03
7.546868e-03
7.550715e-03
7.554533e-03
7.558322e-03
7.562083e-03
7.565815e-03
7.569518e-03
7.573192e-03
7.576837e-03
7.580453e-03
7.584041e-03
7.587600e-03
7.591129e-03
7.594630e-03
7.598103e-03
7.601546e-03
7.604960e-03
7.608346e-03
7.611703e-03
7.615031e-03
7.618330e-03
7.621600e-03
7.624842e-03
7.628055e-03
7.631238e-03
7.634393e-03
7.637519e-03
7.640617e-03
7.643685e-03
7.646725e-03
7.649736e-03
7.652718e-03
7.655671e-03
7.658595e-03
7.661490e-03
7.664357e-03
7.667195e-03
7.670003e-03
7.672784e-03
7.675535e-03
7.678257e-03
7.680951e-03
7.683615e-03
7.686251e-03
7.688858e-03
7.691436e-03
7.693986e-03
7.696506e-03
7.698998e-03
7.701461e-03
7.703895e-03
7.706300e-03
7.708676e-03
7.711024e-03
7.713342e-03
7.715632e-03
7.717893e-03
7.720125e-03
7.722328e-03
7.724503e-03
7.726648e-03
7.728765e-03
7.730853e-03
7.732912e-03
7.734942e-03
7.736944e-03
7.738916e-03
7.740860e-03
7.742775e-03
7.744661e-03
7.746518e-03
7.748347e-03
7.750146e-03
7.751917e-03
7.753659e-03
7.755372e-03
7.757056e-03
7.758711e-03
7.760338e-03
7.761935e-03
7.763504e-03
7.765044e-03
7.766555e-03
7.768038e-03
7.769491e-03
7.770916e-03
7.772311e-03
7.773678e-03
7.775016e-03
7.776326e-03
7.777606e-03
7.778858e-03
7.780080e-03
7.781274e-03
7.782439e-03
7.783576e-03
7.784683e-03
7.785762e-03
7.786811e-03
7.787832e-03
7.788824e-03
7.789787e-03
7.790722e-03
7.791627e-03
7.792504e-03
7.793352e-03
7.794171e-03
7.794961e-03
7.795722e-03
7.796455e-03
7.797158e-03
7.797833e-03
7.798479e-03
7.799096e-03
7.799685e-03
7.800244e-03
7.800775e-03
7.801276e-03
7.801749e-03
7.802193e-03
7.802609e-03
7.802995e-03
7.803353e-03
7.803681e-03
7.803981e-03
7.804252e-03
7.804495e-03
7.804708e-03
7.804892e-03
7.805048e-03
7.805175e-03
7.805273e-03
7.805342e-03
7.805383e-03
7.805394e-03
7.805377e-03
7.805331e-03
7.805256e-03
7.805152e-03
7.805019e-03
7.804857e-03
7.804667e-03
7.804448e-03
7.804200e-03
7.803923e-03
7.803617e-03
7.803283e-03
7.802919e-03
7.802527e-03
7.802106e-03
7.801656e-03
7.801177e-03
7.800670e-03
7.800355e-03
7.800355e-03
7.800355e-03
7.800355e-03
7.800355e-03
7.800355e-03
7.800355e-03
7.800355e-03
7.800355e-03
7.800355e-03
7.800355e-03
7.800355e-03
7.800355e-03
7.800355e-03
7.800355e-03
7.800355e-03
7.800355e-03
7.800355e-03
7.800355e-03
7.800355e-03
7.800355e-03
7.800355e-03
7.800355e-03
7.800355e-03
7.800355e-03
7.800355e-03
7.800355e-03
7.800355e-03
7.800355e-03
7.800355e-03
7.800355e-03
7.800355e-03
7.800355e-03
7.800355e-03
7.800355e-03
7.800355e-03
7.800355e-03
7.800355e-03
7.800355e-03
7.800355e-03
7.800355e-03
7.800355e-03
7.800355e-03
7.800355e-03
7.800355e-03
7.800355e-03
7.800355e-03
7.800355e-03
7.800355e-03
7.800355e-03
7.800355e-03
7.800355e-03
7.800355e-03
7.800355e-03
7.800355e-03
7.800355e-03
7.800355e-03
7.800355e-03
7.800355e-03
7.800355e-03
7.800355e-03
7.800355e-03
7.800355e-03
7.800355e-03
7.800355e-03
7.800355e-03
7.800355e-03
7.800355e-03
7.800355e-03
7.800355e-03
7.800355e-03
7.800355e-03
7.800355e-03
7.800355e-03
7.800355e-03
7.800355e-03
7.800355e-03
7.800355e-03
7.800355e-03
7.800355e-03
7.800355e-03
7.800355e-03
7.800355e-03
7.800355e-03
7.800355e-03
7.800355e-03
7.800355e-03
7.800355e-03
7.800355e-03
7.800355e-03
7.800355e-03
7.800355e-03
7.800355e-03
7.800355e-03
7.800355e-03
7.800355e-03
7.800355e-03
7.800355e-03
7.800355e-03
7.800355e-03
7.800355e-03
7.800355e-03
7.800355e-03
7.800355e-03
7.800355e-03
7.800355e-03
7.800355e-03
7.800355e-03
7.800355e-03
7.800355e-03
7.800355e-03
7.800355e-03
7.800355e-03
7.800355e-03
7.800355e-03
7.800355e-03
7.800355e-03
7.800355e-03
7.800355e-03
7.800355e-03
7.800355e-03
7.800355e-03
7.800355e-03
7.800355e-03
7.800355e-03
7.800355e-03
7.800355e-03
7.800355e-03
7.800355e-03
7.800355e-03
7.800355e-03
7.800355e-03
7.800355e-03
7.800355e-03
7.800355e-03
7.800355e-03
7.800355e-03
7.800355e-03
7.800355e-03
7.800355e-03
7.800355e-03
7.800355e-03
7.800355e-03
7.800355e-03
7.800355e-03
7.800355e-03
7.800355e-03
7.800355e-03
7.800355e-03
7.800355e-03
7.800355e-03
7.800355e-03
7.800355e-03
7.800355e-03
7.800355e-03
7.800355e-03
7.800355e-03
7.800355e-03
7.800355e-03
7.800355e-03
7.800355e-03
7.800355e-03
7.800355e-03
7.800355e-03
7.800355e-03
7.800355e-03
7.800355e-03
7.800355e-03
7.800355e-03
7.800355e-03
7.800355e-03
7.800355e-03
7.800355e-03
7.800355e-03
7.800355e-03
7.800355e-03
7.800355e-03
7.800355e-03
7.800355e-03
7.800355e-03
7.800355e-03
7.800355e-03
7.800355e-03
7.800355e-03
7.800355e-03
7.800355e-03
7.800355e-03
7.800355e-03
7.800355e-03
7.800355e-03
7.800355e-03
7.800355e-03
7.800355e-03
7.800355e-03
7.800355e-03
7.800355e-03
7.800355e-03
7.800355e-03
7.800355e-03
7.800355e-03
7.800355e-03
