0.000000e+00
1.110371e-07
2.277684e-07
3.501939e-07
4.783136e-07
6.121275e-07
7.516357e-07
8.968380e-07
1.047735e-06
1.204325e-06
1.366610e-06
1.534589e-06
1.708263e-06
1.887630e-06
2.072692e-06
2.263448e-06
2.459899e-06
2.662043e-06
2.869882e-06
3.083414e-06
3.302642e-06
3.527563e-06
3.758178e-06
3.994488e-06
4.236492e-06
4.484190e-06
4.737582e-06
4.996669e-06
5.261450e-06
5.531925e-06
5.808094e-06
6.089957e-06
6.377515e-06
6.670766e-06
6.969712e-06
7.274353e-06
7.584687e-06
7.900716e-06
8.222439e-06
8.549856e-06
8.882967e-06
9.221772e-06
9.566272e-06
9.916466e-06
1.027235e-05
1.063394e-05
1.100121e-05
1.137418e-05
1.175285e-05
1.213721e-05
1.252726e-05
1.292301e-05
1.332445e-05
1.373159e-05
1.414442e-05
1.456294e-05
1.498716e-05
1.541707e-05
1.585268e-05
1.629398e-05
1.674098e-05
1.719367e-05
1.765205e-05
1.811613e-05
1.858590e-05
1.906137e-05
1.954253e-05
2.002938e-05
2.052193e-05
2.102017e-05
2.152411e-05
2.203374e-05
2.254907e-05
2.307009e-05
2.359680e-05
2.412921e-05
2.466732e-05
2.521111e-05
2.576060e-05
2.631579e-05
2.687667e-05
2.744324e-05
2.801551e-05
2.859347e-05
2.917713e-05
2.976648e-05
3.036153e-05
3.096226e-05
3.156870e-05
3.218083e-05
3.279865e-05
3.342216e-05
3.405137e-05
3.468628e-05
3.532688e-05
3.597317e-05
3.662516e-05
3.728284e-05
3.794621e-05
3.861528e-05
3.929005e-05
3.997050e-05
4.065666e-05
4.134850e-05
4.204604e-05
4.274928e-05
4.345821e-05
4.417283e-05
4.489315e-05
4.561916e-05
4.635087e-05
4.708827e-05
4.783136e-05
4.858015e-05
4.933463e-05
5.009481e-05
5.086068e-05
5.163225e-05
5.240950e-05
5.319246e-05
5.398111e-05
5.477545e-05
5.557549e-05
5.638122e-05
5.719264e-05
5.800976e-05
5.883257e-05
5.966108e-05
6.049528e-05
6.133518e-05
6.218077e-05
6.303205e-05
6.388903e-05
6.475170e-05
6.562007e-05
6.649413e-05
6.737389e-05
6.825934e-05
6.915048e-05
7.004732e-05
7.094985e-05
7.185808e-05
7.277200e-05
7.369161e-05
7.461692e-05
7.554793e-05
7.648462e-05
7.742701e-05
7.837510e-05
7.932888e-05
8.028835e-05
8.125352e-05
8.222439e-05
8.320094e-05
8.418319e-05
8.517114e-05
8.616478e-05
8.716411e-05
8.816914e-05
8.917986e-05
9.019628e-05
9.121839e-05
9.224619e-05
9.327969e-05
9.431889e-05
9.536377e-05
9.641436e-05
9.747063e-05
9.853260e-05
9.960027e-05
1.006736e-04
1.017527e-04
1.028374e-04
1.039279e-04
1.050240e-04
1.061258e-04
1.072334e-04
1.083466e-04
1.094655e-04
1.105901e-04
1.117204e-04
1.128564e-04
1.139981e-04
1.151455e-04
1.162985e-04
1.174573e-04
1.186218e-04
1.197919e-04
1.209678e-04
1.221493e-04
1.233366e-04
1.245295e-04
1.257281e-04
1.269325e-04
1.281425e-04
1.293582e-04
1.305796e-04
1.318067e-04
1.330395e-04
1.342780e-04
1.355222e-04
1.367721e-04
1.380276e-04
1.392889e-04
1.405559e-04
1.418285e-04
1.431069e-04
1.443909e-04
1.456807e-04
1.469761e-04
1.482772e-04
1.495840e-04
1.508966e-04
1.522148e-04
1.535387e-04
1.548683e-04
1.562036e-04
1.575445e-04
1.588912e-04
1.602436e-04
1.616017e-04
1.629654e-04
1.643349e-04
1.657100e-04
1.670909e-04
1.684774e-04
1.698697e-04
1.712676e-04
1.726712e-04
1.740805e-04
1.754955e-04
1.769162e-04
1.783426e-04
1.797747e-04
1.812125e-04
1.826560e-04
1.841052e-04
1.855601e-04
1.870206e-04
1.884869e-04
1.899588e-04
1.914365e-04
1.929198e-04
1.944089e-04
1.959036e-04
1.974040e-04
1.989101e-04
2.004219e-04
2.019394e-04
2.034626e-04
2.049915e-04
2.065261e-04
2.080664e-04
2.096124e-04
2.111641e-04
2.127214e-04
2.142845e-04
2.158532e-04
2.174277e-04
2.190078e-04
2.205937e-04
2.221852e-04
2.237824e-04
2.253854e-04
2.269940e-04
2.286083e-04
2.302283e-04
2.318540e-04
2.334854e-04
2.351225e-04
2.367652e-04
2.384137e-04
2.400679e-04
2.417277e-04
2.433933e-04
2.450645e-04
2.467415e-04
2.484241e-04
2.501125e-04
2.518065e-04
2.535062e-04
2.552116e-04
2.569227e-04
2.586395e-04
2.603620e-04
2.620902e-04
2.638241e-04
2.655637e-04
2.673090e-04
2.690599e-04
2.708166e-04
2.725790e-04
2.743470e-04
2.761208e-04
2.779002e-04
2.796853e-04
2.814762e-04
2.832727e-04
2.850749e-04
2.868828e-04
2.886964e-04
2.905157e-04
2.923407e-04
2.941714e-04
2.960078e-04
2.978499e-04
2.996976e-04
3.015511e-04
3.034103e-04
3.052751e-04
3.071457e-04
3.090219e-04
3.109038e-04
3.127915e-04
3.146848e-04
3.165838e-04
3.184885e-04
3.203989e-04
3.223150e-04
3.242368e-04
3.261643e-04
3.280975e-04
3.300364e-04
3.319810e-04
3.339312e-04
3.358872e-04
3.378488e-04
3.398162e-04
3.417892e-04
3.437680e-04
3.457524e-04
3.477425e-04
3.497384e-04
3.517399e-04
3.537471e-04
3.557600e-04
3.577786e-04
3.598029e-04
3.618329e-04
3.638685e-04
3.659099e-04
3.679570e-04
3.700097e-04
3.720682e-04
3.741323e-04
3.762022e-04
3.782777e-04
3.803590e-04
3.824459e-04
3.845385e-04
3.866368e-04
3.887408e-04
3.908505e-04
3.929659e-04
3.950870e-04
3.972138e-04
3.993463e-04
4.014845e-04
4.036284e-04
4.057779e-04
4.079332e-04
4.100941e-04
4.122608e-04
4.144331e-04
4.166111e-04
4.187949e-04
4.209843e-04
4.231794e-04
4.253802e-04
4.275867e-04
4.297989e-04
4.320168e-04
4.342404e-04
4.364697e-04
4.387047e-04
4.409454e-04
4.431917e-04
4.454438e-04
4.477015e-04
4.499650e-04
4.522341e-04
4.545090e-04
4.567895e-04
4.590757e-04
4.613676e-04
4.636652e-04
4.659686e-04
4.682776e-04
4.705923e-04
4.729126e-04
4.752387e-04
4.775705e-04
4.799080e-04
4.822511e-04
4.846000e-04
4.869546e-04
4.893148e-04
4.916808e-04
4.940524e-04
4.964297e-04
4.988128e-04
5.012015e-04
5.035959e-04
5.059960e-04
5.084018e-04
5.108133e-04
5.132305e-04
5.156534e-04
5.180820e-04
5.205162e-04
5.229562e-04
5.254019e-04
5.278532e-04
5.303103e-04
5.327730e-04
5.352415e-04
5.377156e-04
5.401954e-04
5.426809e-04
5.451722e-04
5.476691e-04
5.501717e-04
5.526800e-04
5.551940e-04
5.577137e-04
5.602390e-04
5.627701e-04
5.653069e-04
5.678494e-04
5.703975e-04
5.729514e-04
5.755109e-04
5.780762e-04
5.806471e-04
5.832237e-04
5.858060e-04
5.883941e-04
5.909878e-04
5.935872e-04
5.961923e-04
5.988031e-04
6.014196e-04
6.040417e-04
6.066696e-04
6.093032e-04
6.119425e-04
6.145874e-04
6.172381e-04
6.198944e-04
6.225565e-04
6.252242e-04
6.278976e-04
6.305768e-04
6.332616e-04
6.359521e-04
6.386483e-04
6.413502e-04
6.440578e-04
6.467711e-04
6.494901e-04
6.522148e-04
6.549451e-04
6.576812e-04
6.604230e-04
6.631704e-04
6.659236e-04
6.686824e-04
6.714470e-04
6.742172e-04
6.769931e-04
6.797747e-04
6.825621e-04
6.853551e-04
6.881538e-04
6.909582e-04
6.937683e-04
6.965840e-04
6.994055e-04
7.022327e-04
7.050656e-04
7.079041e-04
7.107484e-04
7.135983e-04
7.164540e-04
7.193153e-04
7.221824e-04
7.250551e-04
7.279335e-04
7.308176e-04
7.337074e-04
7.366029e-04
7.395041e-04
7.424110e-04
7.453236e-04
7.482419e-04
7.511659e-04
7.540956e-04
7.570309e-04
7.599720e-04
7.629187e-04
7.658712e-04
7.688293e-04
7.717932e-04
7.747627e-04
7.777379e-04
7.807188e-04
7.837054e-04
7.866978e-04
7.896958e-04
7.926995e-04
7.957088e-04
7.987239e-04
8.017447e-04
8.047712e-04
8.078033e-04
8.108412e-04
8.138848e-04
8.169340e-04
8.199890e-04
8.230496e-04
8.261159e-04
8.291879e-04
8.322657e-04
8.353491e-04
8.384382e-04
8.415330e-04
8.446335e-04
8.477397e-04
8.508516e-04
8.539691e-04
8.570924e-04
8.602214e-04
8.633561e-04
8.664964e-04
8.696425e-04
8.727942e-04
8.759516e-04
8.791148e-04
8.822836e-04
8.854581e-04
8.886383e-04
8.918243e-04
8.950159e-04
8.982132e-04
9.014161e-04
9.046248e-04
9.078392e-04
9.110593e-04
9.142851e-04
9.175165e-04
9.207537e-04
9.239965e-04
9.272451e-04
9.304993e-04
9.337593e-04
9.370249e-04
9.402962e-04
9.435732e-04
9.468559e-04
9.501443e-04
9.534384e-04
9.567382e-04
9.600437e-04
9.633549e-04
9.666718e-04
9.699944e-04
9.733226e-04
9.766566e-04
9.799962e-04
9.833416e-04
9.866926e-04
9.900494e-04
9.934118e-04
9.967799e-04
1.000154e-03
1.003533e-03
1.006918e-03
1.010309e-03
1.013706e-03
1.017108e-03
1.020516e-03
1.023930e-03
1.027349e-03
1.030774e-03
1.034205e-03
1.037642e-03
1.041084e-03
1.044532e-03
1.047985e-03
1.051444e-03
1.054909e-03
1.058380e-03
1.061856e-03
1.065338e-03
1.068826e-03
1.072319e-03
1.075818e-03
1.079323e-03
1.082834e-03
1.086350e-03
1.089872e-03
1.093399e-03
1.096933e-03
1.100471e-03
1.104016e-03
1.107566e-03
1.111122e-03
1.114684e-03
1.118252e-03
1.121825e-03
1.125404e-03
1.128988e-03
1.132578e-03
1.136174e-03
1.139776e-03
1.143383e-03
1.146996e-03
1.150615e-03
1.154239e-03
1.157869e-03
1.161505e-03
1.165146e-03
1.168793e-03
1.172446e-03
1.176105e-03
1.179769e-03
1.183439e-03
1.187115e-03
1.190796e-03
1.194483e-03
1.198176e-03
1.201874e-03
1.205578e-03
1.209288e-03
1.213003e-03
1.216724e-03
1.220451e-03
1.224184e-03
1.227922e-03
1.231666e-03
1.235416e-03
1.239171e-03
1.242932e-03
1.246699e-03
1.250471e-03
1.254249e-03
1.258033e-03
1.261823e-03
1.265618e-03
1.269419e-03
1.273225e-03
1.277038e-03
1.280855e-03
1.284679e-03
1.288509e-03
1.292344e-03
1.296184e-03
1.300031e-03
1.303883e-03
1.307741e-03
1.311604e-03
1.315473e-03
1.319348e-03
1.323229e-03
1.327115e-03
1.331007e-03
1.334905e-03
1.338808e-03
1.342717e-03
1.346632e-03
1.350553e-03
1.354479e-03
1.358411e-03
1.362348e-03
1.366291e-03
1.370240e-03
1.374195e-03
1.378155e-03
1.382121e-03
1.386093e-03
1.390070e-03
1.394054e-03
1.398042e-03
1.402037e-03
1.406037e-03
1.410043e-03
1.414054e-03
1.418072e-03
1.422095e-03
1.426123e-03
1.430158e-03
1.434198e-03
1.438243e-03
1.442295e-03
1.446352e-03
1.450415e-03
1.454483e-03
1.458558e-03
1.462637e-03
1.466723e-03
1.470814e-03
1.474911e-03
1.479014e-03
1.483122e-03
1.487236e-03
1.491356e-03
1.495482e-03
1.499613e-03
1.503750e-03
1.507892e-03
1.512040e-03
1.516194e-03
1.520354e-03
1.524519e-03
1.528690e-03
1.532867e-03
1.537049e-03
1.541237e-03
1.545431e-03
1.549631e-03
1.553836e-03
1.558047e-03
1.562263e-03
1.566486e-03
1.570714e-03
1.574947e-03
1.579187e-03
1.583432e-03
1.587682e-03
1.591939e-03
1.596201e-03
1.600469e-03
1.604742e-03
1.609021e-03
1.613306e-03
1.617597e-03
1.621893e-03
1.626195e-03
1.630503e-03
1.634816e-03
1.639135e-03
1.643460e-03
1.647790e-03
1.652127e-03
1.656468e-03
1.660816e-03
1.665169e-03
1.669528e-03
1.673893e-03
1.678263e-03
1.682639e-03
1.687021e-03
1.691408e-03
1.695801e-03
1.700200e-03
1.704604e-03
1.709015e-03
1.713430e-03
1.717852e-03
1.722279e-03
1.726712e-03
1.731151e-03
1.735595e-03
1.740045e-03
1.744501e-03
1.748962e-03
1.753429e-03
1.757902e-03
1.762381e-03
1.766865e-03
1.771355e-03
1.775850e-03
1.780352e-03
1.784859e-03
1.789371e-03
1.793890e-03
1.798414e-03
1.802943e-03
1.807479e-03
1.812020e-03
1.816567e-03
1.821119e-03
1.825677e-03
1.830241e-03
1.834811e-03
1.839386e-03
1.843967e-03
1.848554e-03
1.853146e-03
1.857744e-03
1.862348e-03
1.866958e-03
1.871573e-03
1.876194e-03
1.880820e-03
1.885452e-03
1.890090e-03
1.894734e-03
1.899383e-03
1.904038e-03
1.908699e-03
1.913365e-03
1.918038e-03
1.922715e-03
1.927399e-03
1.932088e-03
1.936783e-03
1.941483e-03
1.946190e-03
1.950902e-03
1.955619e-03
1.960343e-03
1.965072e-03
1.969806e-03
1.974547e-03
1.979293e-03
1.984045e-03
1.988802e-03
1.993566e-03
1.998334e-03
2.003109e-03
2.007889e-03
2.012675e-03
2.017467e-03
2.022264e-03
2.027067e-03
2.031876e-03
2.036691e-03
2.041511e-03
2.046337e-03
2.051168e-03
2.056005e-03
2.060848e-03
2.065697e-03
2.070551e-03
2.075411e-03
2.080277e-03
2.085148e-03
2.090025e-03
2.094908e-03
2.099797e-03
2.104691e-03
2.109591e-03
2.114496e-03
2.119408e-03
2.124325e-03
2.129247e-03
2.134176e-03
2.139110e-03
2.144049e-03
2.148995e-03
2.153946e-03
2.158903e-03
2.163865e-03
2.168833e-03
2.173807e-03
2.178787e-03
2.183772e-03
2.188763e-03
2.193760e-03
2.198762e-03
2.203770e-03
2.208784e-03
2.213803e-03
2.218828e-03
2.223859e-03
2.228896e-03
2.233938e-03
2.238986e-03
2.244040e-03
2.249099e-03
2.254164e-03
2.259235e-03
2.264311e-03
2.269393e-03
2.274481e-03
2.279574e-03
2.284673e-03
2.289778e-03
2.294889e-03
2.300005e-03
2.305127e-03
2.310255e-03
2.315388e-03
2.320527e-03
2.325672e-03
2.330822e-03
2.335978e-03
2.341140e-03
2.346308e-03
2.351481e-03
2.356660e-03
2.361844e-03
2.367035e-03
2.372230e-03
2.377432e-03
2.382639e-03
2.387853e-03
2.393071e-03
2.398296e-03
2.403526e-03
2.408762e-03
2.414003e-03
2.419250e-03
2.424503e-03
2.429762e-03
2.435026e-03
2.440296e-03
2.445572e-03
2.450853e-03
2.456140e-03
2.461433e-03
2.466732e-03
2.472036e-03
2.477346e-03
2.482661e-03
2.487982e-03
2.493309e-03
2.498642e-03
2.503980e-03
2.509324e-03
2.514674e-03
2.520029e-03
2.525390e-03
2.530757e-03
2.536130e-03
2.541508e-03
2.546892e-03
2.552281e-03
2.557677e-03
2.563078e-03
2.568484e-03
2.573897e-03
2.579315e-03
2.584738e-03
2.590168e-03
2.595603e-03
2.601044e-03
2.606490e-03
2.611942e-03
2.617400e-03
2.622864e-03
2.628333e-03
2.633808e-03
2.639289e-03
2.644775e-03
2.650267e-03
2.655765e-03
2.661269e-03
2.666778e-03
2.672293e-03
2.677813e-03
2.683339e-03
2.688871e-03
2.694409e-03
2.699952e-03
2.705501e-03
2.711056e-03
2.716616e-03
2.722182e-03
2.727754e-03
2.733332e-03
2.738915e-03
2.744504e-03
2.750098e-03
2.755698e-03
2.761304e-03
2.766916e-03
2.772533e-03
2.778156e-03
2.783785e-03
2.789420e-03
2.795060e-03
2.800706e-03
2.806357e-03
2.812014e-03
2.817677e-03
2.823346e-03
2.829020e-03
2.834700e-03
2.840386e-03
2.846077e-03
2.851774e-03
2.857477e-03
2.863185e-03
2.868899e-03
2.874619e-03
2.880345e-03
2.886076e-03
2.891813e-03
2.897555e-03
2.903304e-03
2.909058e-03
2.914817e-03
2.920583e-03
2.926354e-03
2.932131e-03
2.937913e-03
2.943701e-03
2.949495e-03
2.955295e-03
2.961100e-03
2.966911e-03
2.972728e-03
2.978550e-03
2.984378e-03
2.990212e-03
2.996051e-03
3.001896e-03
3.007747e-03
3.013603e-03
3.019466e-03
3.025334e-03
3.031207e-03
3.037086e-03
3.042971e-03
3.048862e-03
3.054758e-03
3.060660e-03
3.066568e-03
3.072482e-03
3.078401e-03
3.084326e-03
3.090256e-03
3.096192e-03
3.102134e-03
3.108082e-03
3.114035e-03
3.119994e-03
3.125959e-03
3.131929e-03
3.137905e-03
3.143887e-03
3.149874e-03
3.155868e-03
3.161866e-03
3.167871e-03
3.173881e-03
3.179897e-03
3.185919e-03
3.191946e-03
3.197979e-03
3.204018e-03
3.210062e-03
3.216112e-03
3.222168e-03
3.228230e-03
3.234297e-03
3.240370e-03
3.246448e-03
3.252532e-03
3.258622e-03
3.264718e-03
3.270819e-03
3.276926e-03
3.283039e-03
3.289158e-03
3.295282e-03
3.301412e-03
3.307547e-03
3.313688e-03
3.319835e-03
3.325988e-03
3.332146e-03
3.338310e-03
3.344480e-03
3.350655e-03
3.356836e-03
3.363023e-03
3.369215e-03
3.375414e-03
3.381617e-03
3.387827e-03
3.394042e-03
3.400263e-03
3.406490e-03
3.412722e-03
3.418960e-03
3.425204e-03
3.431453e-03
3.437708e-03
3.443969e-03
3.450235e-03
3.456508e-03
3.462785e-03
3.469069e-03
3.475358e-03
3.481653e-03
3.487954e-03
3.494260e-03
3.500572e-03
3.506890e-03
3.513213e-03
3.519543e-03
3.525877e-03
3.532218e-03
3.538564e-03
3.544916e-03
3.551274e-03
3.557637e-03
3.564006e-03
3.570380e-03
3.576761e-03
3.583147e-03
3.589539e-03
3.595936e-03
3.602339e-03
3.608748e-03
3.615163e-03
3.621583e-03
3.628009e-03
3.634440e-03
3.640878e-03
3.647321e-03
3.653769e-03
3.660224e-03
3.666684e-03
3.673150e-03
3.679621e-03
3.686098e-03
3.692581e-03
3.699070e-03
3.705564e-03
3.712064e-03
3.718569e-03
3.725081e-03
3.731598e-03
3.738120e-03
3.744649e-03
3.751183e-03
3.757723e-03
3.764268e-03
3.770819e-03
3.777376e-03
3.783939e-03
3.790507e-03
3.797081e-03
3.803661e-03
3.810246e-03
3.816837e-03
3.823434e-03
3.830036e-03
3.836645e-03
3.843258e-03
3.849878e-03
3.856503e-03
3.863134e-03
3.869771e-03
3.876413e-03
3.883061e-03
3.889715e-03
3.896374e-03
3.903039e-03
3.909710e-03
3.916386e-03
3.923068e-03
3.929756e-03
3.936450e-03
3.943149e-03
3.949854e-03
3.956565e-03
3.963281e-03
3.970003e-03
3.976731e-03
3.983464e-03
3.990203e-03
3.996948e-03
4.003698e-03
4.010455e-03
4.017216e-03
4.023984e-03
4.030757e-03
4.037536e-03
4.044321e-03
4.051111e-03
4.057907e-03
4.064709e-03
4.071516e-03
4.078330e-03
4.085148e-03
4.091973e-03
4.098803e-03
4.105639e-03
4.112481e-03
4.119328e-03
4.126181e-03
4.133040e-03
4.139904e-03
4.146774e-03
4.153650e-03
4.160531e-03
4.167418e-03
4.174311e-03
4.181210e-03
4.188114e-03
4.195024e-03
4.201939e-03
4.208861e-03
4.215788e-03
4.222720e-03
4.229659e-03
4.236603e-03
4.243553e-03
4.250508e-03
4.257469e-03
4.264436e-03
4.271409e-03
4.278387e-03
4.285371e-03
4.292361e-03
4.299356e-03
4.306357e-03
4.313364e-03
4.320376e-03
4.327394e-03
4.334418e-03
4.341448e-03
4.348483e-03
4.355524e-03
4.362570e-03
4.369623e-03
4.376681e-03
4.383744e-03
4.390814e-03
4.397889e-03
4.404969e-03
4.412056e-03
4.419148e-03
4.426246e-03
4.433349e-03
4.440458e-03
4.447573e-03
4.454694e-03
4.461820e-03
4.468952e-03
4.476090e-03
4.483233e-03
4.490382e-03
4.497537e-03
4.504698e-03
4.511864e-03
4.519036e-03
4.526213e-03
4.533397e-03
4.540585e-03
4.547780e-03
4.554980e-03
4.562186e-03
4.569398e-03
4.576616e-03
4.583839e-03
4.591067e-03
4.598302e-03
4.605542e-03
4.612788e-03
4.620040e-03
4.627297e-03
4.634560e-03
4.641829e-03
4.649103e-03
4.656383e-03
4.663669e-03
4.670960e-03
4.678257e-03
4.685560e-03
4.692869e-03
4.700183e-03
4.707503e-03
4.714828e-03
4.722160e-03
4.729497e-03
4.736839e-03
4.744188e-03
4.751542e-03
4.758901e-03
4.766267e-03
4.773638e-03
4.781015e-03
4.788397e-03
4.795786e-03
4.803180e-03
4.810579e-03
4.817985e-03
4.825396e-03
4.832812e-03
4.840235e-03
4.847663e-03
4.855097e-03
4.862536e-03
4.869981e-03
4.877432e-03
4.884889e-03
4.892351e-03
4.899819e-03
4.907293e-03
4.914772e-03
4.922257e-03
4.929748e-03
4.937244e-03
4.944746e-03
4.952254e-03
4.959768e-03
4.967287e-03
4.974812e-03
4.982342e-03
4.989879e-03
4.997421e-03
5.004968e-03
5.012522e-03
5.020081e-03
5.027645e-03
5.035216e-03
5.042792e-03
5.050374e-03
5.057961e-03
5.065555e-03
5.073154e-03
5.080758e-03
5.088368e-03
5.095984e-03
5.103606e-03
5.111234e-03
5.118867e-03
5.126505e-03
5.134150e-03
5.141800e-03
5.149456e-03
5.157117e-03
5.164785e-03
5.172458e-03
5.180136e-03
5.187821e-03
5.195511e-03
5.203206e-03
5.210908e-03
5.218615e-03
5.226328e-03
5.234046e-03
5.241770e-03
5.249500e-03
5.257236e-03
5.264977e-03
5.272724e-03
5.280477e-03
5.288235e-03
5.295999e-03
5.303769e-03
5.311544e-03
5.319326e-03
5.327112e-03
5.334905e-03
5.342703e-03
5.350507e-03
5.358317e-03
5.366132e-03
5.373953e-03
5.381780e-03
5.389612e-03
5.397450e-03
5.405294e-03
5.413143e-03
5.420999e-03
5.428859e-03
5.436726e-03
5.444598e-03
5.452476e-03
5.460360e-03
5.468249e-03
5.476144e-03
5.484045e-03
5.491951e-03
5.499863e-03
5.507781e-03
5.515705e-03
5.523634e-03
5.531569e-03
5.539509e-03
5.547456e-03
5.555408e-03
5.563365e-03
5.571329e-03
5.579298e-03
5.587272e-03
5.595253e-03
5.603239e-03
5.611231e-03
5.619228e-03
5.627231e-03
5.635240e-03
5.643255e-03
5.651275e-03
5.659301e-03
5.667333e-03
5.675370e-03
5.683413e-03
5.691462e-03
5.699517e-03
5.707577e-03
5.715643e-03
5.723714e-03
5.731791e-03
5.739874e-03
5.747963e-03
5.756057e-03
5.764157e-03
5.772263e-03
5.780374e-03
5.788491e-03
5.796614e-03
5.804743e-03
5.812877e-03
5.821017e-03
5.829162e-03
5.837314e-03
5.845471e-03
5.853633e-03
5.861802e-03
5.869976e-03
5.878155e-03
5.886341e-03
5.894532e-03
5.902729e-03
5.910931e-03
5.919139e-03
5.927353e-03
5.935573e-03
5.943798e-03
5.952029e-03
5.960266e-03
5.968508e-03
5.976756e-03
5.985010e-03
5.993269e-03
6.001535e-03
6.009805e-03
6.018082e-03
6.026364e-03
6.034652e-03
6.042946e-03
6.051245e-03
6.059550e-03
6.067861e-03
6.076177e-03
6.084499e-03
6.092827e-03
6.101160e-03
6.109500e-03
6.117845e-03
6.126195e-03
6.134551e-03
6.142913e-03
6.151281e-03
6.159654e-03
6.168033e-03
6.176418e-03
6.184808e-03
6.193205e-03
6.201606e-03
6.210014e-03
6.218427e-03
6.226846e-03
6.235271e-03
6.243701e-03
6.252137e-03
6.260578e-03
6.269026e-03
6.277479e-03
6.285938e-03
6.294402e-03
6.302872e-03
6.311348e-03
6.319830e-03
6.328317e-03
6.336810e-03
6.345308e-03
6.353813e-03
6.362323e-03
6.370838e-03
6.379360e-03
6.387887e-03
6.396419e-03
6.404958e-03
6.413502e-03
6.422052e-03
6.430608e-03
6.439169e-03
6.447736e-03
6.456308e-03
6.464887e-03
6.473471e-03
6.482060e-03
6.490656e-03
6.499257e-03
6.507864e-03
6.516476e-03
6.525094e-03
6.533718e-03
6.542348e-03
6.550983e-03
6.559624e-03
6.567606e-03
6.575559e-03
6.583485e-03
6.591381e-03
6.599250e-03
6.607090e-03
6.614901e-03
6.622684e-03
6.630439e-03
6.638165e-03
6.645863e-03
6.653533e-03
6.661174e-03
6.668787e-03
6.676371e-03
6.683927e-03
6.691455e-03
6.698954e-03
6.706425e-03
6.713867e-03
6.721281e-03
6.728667e-03
6.736024e-03
6.743353e-03
6.750653e-03
6.757925e-03
6.765169e-03
6.772384e-03
6.779571e-03
6.786729e-03
6.793859e-03
6.800961e-03
6.808034e-03
6.815079e-03
6.822096e-03
6.829084e-03
6.836043e-03
6.842975e-03
6.849878e-03
6.856752e-03
6.863598e-03
6.870416e-03
6.877205e-03
6.883966e-03
6.890699e-03
6.897403e-03
6.904078e-03
6.910726e-03
6.917345e-03
6.923935e-03
6.930497e-03
6.937031e-03
6.943536e-03
6.950013e-03
6.956462e-03
6.962882e-03
6.969274e-03
6.975637e-03
6.981972e-03
6.988279e-03
6.994557e-03
7.000807e-03
7.007028e-03
7.013221e-03
7.019386e-03
7.025522e-03
7.031630e-03
7.037709e-03
7.043760e-03
7.049783e-03
7.055777e-03
7.061743e-03
7.067680e-03
7.073590e-03
7.079470e-03
7.085322e-03
7.091146e-03
7.096942e-03
7.102709e-03
7.108447e-03
7.114158e-03
7.119840e-03
7.125493e-03
7.131118e-03
7.136715e-03
7.142283e-03
7.147823e-03
7.153335e-03
7.158818e-03
7.164273e-03
7.169699e-03
7.175097e-03
7.180466e-03
7.185807e-03
7.191120e-03
7.196405e-03
7.201660e-03
7.206888e-03
7.212087e-03
7.217258e-03
7.222400e-03
7.227514e-03
7.232600e-03
7.237657e-03
7.242686e-03
7.247686e-03
7.252658e-03
7.257602e-03
7.262517e-03
7.267404e-03
7.272262e-03
7.277092e-03
7.281894e-03
7.286667e-03
7.291412e-03
7.296128e-03
7.300817e-03
7.305476e-03
7.310107e-03
7.314710e-03
7.319285e-03
7.323831e-03
7.328349e-03
7.332838e-03
7.337299e-03
7.341731e-03
7.346135e-03
7.350511e-03
7.354858e-03
7.359177e-03
7.363468e-03
7.367730e-03
7.371964e-03
7.376169e-03
7.380346e-03
7.384494e-03
7.388614e-03
7.392706e-03
7.396770e-03
7.400804e-03
7.404811e-03
7.408789e-03
7.412739e-03
7.416660e-03
7.420553e-03
7.424418e-03
7.428254e-03
7.432062e-03
7.435841e-03
7.439592e-03
7.443315e-03
7.447009e-03
7.450675e-03
7.454312e-03
7.457921e-03
7.461502e-03
7.465054e-03
7.468578e-03
7.472073e-03
7.475541e-03
7.478979e-03
7.482389e-03
7.485771e-03
7.489125e-03
7.492450e-03
7.495746e-03
7.499015e-03
7.502255e-03
7.505466e-03
7.508649e-03
7.511804e-03
7.514930e-03
7.518028e-03
7.521098e-03
7.524139e-03
7.527151e-03
7.530136e-03
7.533092e-03
7.536019e-03
7.538918e-03
7.541789e-03
7.544631e-03
7.547445e-03
7.550231e-03
7.552988e-03
7.555717e-03
7.558417e-03
7.561089e-03
7.563733e-03
7.566348e-03
7.568935e-03
7.571493e-03
7.574023e-03
7.576525e-03
7.578998e-03
7.581443e-03
7.583859e-03
7.586247e-03
7.588607e-03
7.590938e-03
7.593241e-03
7.595515e-03
7.597761e-03
7.599979e-03
7.602168e-03
7.604329e-03
7.606462e-03
7.608566e-03
7.610641e-03
7.612689e-03
7.614708e-03
7.616698e-03
7.618660e-03
7.620594e-03
7.622499e-03
7.624376e-03
7.626225e-03
7.628045e-03
7.629836e-03
7.631600e-03
7.633335e-03
7.635041e-03
7.636719e-03
7.638369e-03
7.639990e-03
7.641583e-03
7.643148e-03
7.644684e-03
7.646192e-03
7.647671e-03
7.649122e-03
7.650545e-03
7.651939e-03
7.653305e-03
7.654642e-03
7.655951e-03
7.657232e-03
7.658484e-03
7.659708e-03
7.660903e-03
7.662070e-03
7.663209e-03
7.664319e-03
7.665401e-03
7.666454e-03
7.667479e-03
7.668476e-03
7.669444e-03
7.670384e-03
7.671296e-03
7.672179e-03
7.673033e-03
7.673860e-03
7.674657e-03
7.675427e-03
7.676168e-03
7.676881e-03
7.677565e-03
7.678221e-03
7.678848e-03
7.679447e-03
7.680018e-03
7.680561e-03
7.681074e-03
7.681560e-03
7.682017e-03
7.682446e-03
7.682846e-03
7.683218e-03
7.683562e-03
7.683877e-03
7.684164e-03
7.684422e-03
7.684652e-03
7.684854e-03
7.685027e-03
7.685172e-03
7.685288e-03
7.685376e-03
7.685436e-03
7.685467e-03
7.685470e-03
7.685444e-03
7.685390e-03
7.685308e-03
7.685197e-03
7.685058e-03
7.684890e-03
7.684694e-03
7.684470e-03
7.684217e-03
7.683936e-03
7.683626e-03
7.683288e-03
7.682922e-03
7.682527e-03
7.682104e-03
7.681653e-03
7.681173e-03
7.680664e-03
7.680350e-03
7.680350e-03
7.680350e-03
7.680350e-03
7.680350e-03
7.680350e-03
7.680350e-03
7.680350e-03
7.680350e-03
7.680350e-03
7.680350e-03
7.680350e-03
7.680350e-03
7.680350e-03
7.680350e-03
7.680350e-03
7.680350e-03
7.680350e-03
7.680350e-03
7.680350e-03
7.680350e-03
7.680350e-03
7.680350e-03
7.680350e-03
7.680350e-03
7.680350e-03
7.680350e-03
7.680350e-03
7.680350e-03
7.680350e-03
7.680350e-03
7.680350e-03
7.680350e-03
7.680350e-03
7.680350e-03
7.680350e-03
7.680350e-03
7.680350e-03
7.680350e-03
7.680350e-03
7.680350e-03
7.680350e-03
7.680350e-03
7.680350e-03
7.680350e-03
7.680350e-03
7.680350e-03
7.680350e-03
7.680350e-03
7.680350e-03
7.680350e-03
7.680350e-03
7.680350e-03
7.680350e-03
7.680350e-03
7.680350e-03
7.680350e-03
7.680350e-03
7.680350e-03
7.680350e-03
7.680350e-03
7.680350e-03
7.680350e-03
7.680350e-03
7.680350e-03
7.680350e-03
7.680350e-03
7.680350e-03
7.680350e-03
7.680350e-03
7.680350e-03
7.680350e-03
7.680350e-03
7.680350e-03
7.680350e-03
7.680350e-03
7.680350e-03
7.680350e-03
7.680350e-03
7.680350e-03
7.680350e-03
7.680350e-03
7.680350e-03
7.680350e-03
7.680350e-03
7.680350e-03
7.680350e-03
7.680350e-03
7.680350e-03
7.680350e-03
7.680350e-03
7.680350e-03
7.680350e-03
7.680350e-03
7.680350e-03
7.680350e-03
7.680350e-03
7.680350e-03
7.680350e-03
7.680350e-03
7.680350e-03
7.680350e-03
7.680350e-03
7.680350e-03
7.680350e-03
7.680350e-03
7.680350e-03
7.680350e-03
7.680350e-03
7.680350e-03
7.680350e-03
7.680350e-03
7.680350e-03
7.680350e-03
7.680350e-03
7.680350e-03
7.680350e-03
7.680350e-03
7.680350e-03
7.680350e-03
7.680350e-03
7.680350e-03
7.680350e-03
7.680350e-03
7.680350e-03
7.680350e-03
7.680350e-03
7.680350e-03
7.680350e-03
7.680350e-03
7.680350e-03
7.680350e-03
7.680350e-03
7.680350e-03
7.680350e-03
7.680350e-03
7.680350e-03
7.680350e-03
7.680350e-03
7.680350e-03
7.680350e-03
7.680350e-03
7.680350e-03
7.680350e-03
7.680350e-03
7.680350e-03
7.680350e-03
7.680350e-03
7.680350e-03
7.680350e-03
7.680350e-03
7.680350e-03
7.680350e-03
7.680350e-03
7.680350e-03
7.680350e-03
7.680350e-03
7.680350e-03
7.680350e-03
7.680350e-03
7.680350e-03
7.680350e-03
7.680350e-03
7.680350e-03
7.680350e-03
7.680350e-03
7.680350e-03
7.680350e-03
7.680350e-03
7.680350e-03
7.680350e-03
7.680350e-03
7.680350e-03
7.680350e-03
7.680350e-03
7.680350e-03
7.680350e-03
7.680350e-03
7.680350e-03
7.680350e-03
7.680350e-03
7.680350e-03
7.680350e-03
7.680350e-03
7.680350e-03
7.680350e-03
7.680350e-03
7.680350e-03
7.680350e-03
7.680350e-03
7.680350e-03
7.680350e-03
7.680350e-03
7.680350e-03
7.680350e-03
7.680350e-03
7.680350e-03
7.680350e-03
7.680350e-03
7.680350e-03
7.680350e-03
