0.000000
0.000000
0.000000
0.000000
0.000001
0.000001
0.000001
0.000001
0.000001
0.000001
0.000002
0.000002
0.000002
0.000002
0.000002
0.000003
0.000003
0.000003
0.000003
0.000004
0.000004
0.000004
0.000004
0.000005
0.000005
0.000005
0.000005
0.000006
0.000006
0.000006
0.000007
0.000007
0.000007
0.000008
0.000008
0.000008
0.000009
0.000009
0.000009
0.000010
0.000010
0.000010
0.000011
0.000011
0.000012
0.000012
0.000012
0.000013
0.000013
0.000014
0.000014
0.000015
0.000015
0.000015
0.000016
0.000016
0.000017
0.000017
0.000018
0.000018
0.000019
0.000019
0.000020
0.000020
0.000021
0.000021
0.000022
0.000022
0.000023
0.000023
0.000024
0.000024
0.000025
0.000026
0.000026
0.000027
0.000027
0.000028
0.000029
0.000029
0.000030
0.000030
0.000031
0.000032
0.000032
0.000033
0.000033
0.000034
0.000035
0.000035
0.000036
0.000037
0.000037
0.000038
0.000039
0.000040
0.000040
0.000041
0.000042
0.000042
0.000043
0.000044
0.000045
0.000045
0.000046
0.000047
0.000047
0.000048
0.000049
0.000050
0.000051
0.000051
0.000052
0.000053
0.000054
0.000055
0.000055
0.000056
0.000057
0.000058
0.000059
0.000060
0.000060
0.000061
0.000062
0.000063
0.000064
0.000065
0.000066
0.000066
0.000067
0.000068
0.000069
0.000070
0.000071
0.000072
0.000073
0.000074
0.000075
0.000076
0.000077
0.000078
0.000078
0.000079
0.000080
0.000081
0.000082
0.000083
0.000084
0.000085
0.000086
0.000087
0.000088
0.000089
0.000090
0.000091
0.000093
0.000094
0.000095
0.000096
0.000097
0.000098
0.000099
0.000100
0.000101
0.000102
0.000103
0.000104
0.000105
0.000107
0.000108
0.000109
0.000110
0.000111
0.000112
0.000113
0.000115
0.000116
0.000117
0.000118
0.000119
0.000120
0.000122
0.000123
0.000124
0.000125
0.000126
0.000128
0.000129
0.000130
0.000131
0.000133
0.000134
0.000135
0.000136
0.000138
0.000139
0.000140
0.000141
0.000143
0.000144
0.000145
0.000147
0.000148
0.000149
0.000151
0.000152
0.000153
0.000155
0.000156
0.000157
0.000159
0.000160
0.000161
0.000163
0.000164
0.000165
0.000167
0.000168
0.000170
0.000171
0.000172
0.000174
0.000175
0.000177
0.000178
0.000180
0.000181
0.000182
0.000184
0.000185
0.000187
0.000188
0.000190
0.000191
0.000193
0.000194
0.000196
0.000197
0.000199
0.000200
0.000202
0.000203
0.000205
0.000206
0.000208
0.000210
0.000211
0.000213
0.000214
0.000216
0.000217
0.000219
0.000221
0.000222
0.000224
0.000225
0.000227
0.000229
0.000230
0.000232
0.000233
0.000235
0.000237
0.000238
0.000240
0.000242
0.000243
0.000245
0.000247
0.000248
0.000250
0.000252
0.000254
0.000255
0.000257
0.000259
0.000260
0.000262
0.000264
0.000266
0.000267
0.000269
0.000271
0.000273
0.000274
0.000276
0.000278
0.000280
0.000282
0.000283
0.000285
0.000287
0.000289
0.000291
0.000292
0.000294
0.000296
0.000298
0.000300
0.000302
0.000304
0.000305
0.000307
0.000309
0.000311
0.000313
0.000315
0.000317
0.000319
0.000321
0.000323
0.000324
0.000326
0.000328
0.000330
0.000332
0.000334
0.000336
0.000338
0.000340
0.000342
0.000344
0.000346
0.000348
0.000350
0.000352
0.000354
0.000356
0.000358
0.000360
0.000362
0.000364
0.000366
0.000368
0.000370
0.000372
0.000374
0.000376
0.000379
0.000381
0.000383
0.000385
0.000387
0.000389
0.000391
0.000393
0.000395
0.000398
0.000400
0.000402
0.000404
0.000406
0.000408
0.000410
0.000413
0.000415
0.000417
0.000419
0.000421
0.000423
0.000426
0.000428
0.000430
0.000432
0.000435
0.000437
0.000439
0.000441
0.000444
0.000446
0.000448
0.000450
0.000453
0.000455
0.000457
0.000459
0.000462
0.000464
0.000466
0.000469
0.000471
0.000473
0.000476
0.000478
0.000480
0.000483
0.000485
0.000487
0.000490
0.000492
0.000494
0.000497
0.000499
0.000502
0.000504
0.000506
0.000509
0.000511
0.000514
0.000516
0.000518
0.000521
0.000523
0.000526
0.000528
0.000531
0.000533
0.000536
0.000538
0.000540
0.000543
0.000545
0.000548
0.000550
0.000553
0.000555
0.000558
0.000560
0.000563
0.000566
0.000568
0.000571
0.000573
0.000576
0.000578
0.000581
0.000583
0.000586
0.000589
0.000591
0.000594
0.000596
0.000599
0.000602
0.000604
0.000607
0.000609
0.000612
0.000615
0.000617
0.000620
0.000623
0.000625
0.000628
0.000631
0.000633
0.000636
0.000639
0.000641
0.000644
0.000647
0.000650
0.000652
0.000655
0.000658
0.000661
0.000663
0.000666
0.000669
0.000672
0.000674
0.000677
0.000680
0.000683
0.000685
0.000688
0.000691
0.000694
0.000697
0.000699
0.000702
0.000705
0.000708
0.000711
0.000714
0.000716
0.000719
0.000722
0.000725
0.000728
0.000731
0.000734
0.000737
0.000739
0.000742
0.000745
0.000748
0.000751
0.000754
0.000757
0.000760
0.000763
0.000766
0.000769
0.000772
0.000775
0.000778
0.000781
0.000784
0.000786
0.000789
0.000792
0.000795
0.000798
0.000802
0.000805
0.000808
0.000811
0.000814
0.000817
0.000820
0.000823
0.000826
0.000829
0.000832
0.000835
0.000838
0.000841
0.000844
0.000847
0.000850
0.000854
0.000857
0.000860
0.000863
0.000866
0.000869
0.000872
0.000875
0.000879
0.000882
0.000885
0.000888
0.000891
0.000894
0.000898
0.000901
0.000904
0.000907
0.000910
0.000914
0.000917
0.000920
0.000923
0.000927
0.000930
0.000933
0.000936
0.000940
0.000943
0.000946
0.000949
0.000953
0.000956
0.000959
0.000963
0.000966
0.000969
0.000972
0.000976
0.000979
0.000982
0.000986
0.000989
0.000992
0.000996
0.000999
0.001003
0.001006
0.001009
0.001013
0.001016
0.001019
0.001023
0.001026
0.001030
0.001033
0.001037
0.001040
0.001043
0.001047
0.001050
0.001054
0.001057
0.001061
0.001064
0.001068
0.001071
0.001075
0.001078
0.001082
0.001085
0.001089
0.001092
0.001096
0.001099
0.001103
0.001106
0.001110
0.001113
0.001117
0.001120
0.001124
0.001127
0.001131
0.001135
0.001138
0.001142
0.001145
0.001149
0.001153
0.001156
0.001160
0.001163
0.001167
0.001171
0.001174
0.001178
0.001182
0.001185
0.001189
0.001193
0.001196
0.001200
0.001204
0.001207
0.001211
0.001215
0.001219
0.001222
0.001226
0.001230
0.001233
0.001237
0.001241
0.001245
0.001248
0.001252
0.001256
0.001260
0.001263
0.001267
0.001271
0.001275
0.001279
0.001282
0.001286
0.001290
0.001294
0.001298
0.001302
0.001305
0.001309
0.001313
0.001317
0.001321
0.001325
0.001328
0.001332
0.001336
0.001340
0.001344
0.001348
0.001352
0.001356
0.001360
0.001364
0.001368
0.001371
0.001375
0.001379
0.001383
0.001387
0.001391
0.001395
0.001399
0.001403
0.001407
0.001411
0.001415
0.001419
0.001423
0.001427
0.001431
0.001435
0.001439
0.001443
0.001447
0.001451
0.001455
0.001459
0.001463
0.001468
0.001472
0.001476
0.001480
0.001484
0.001488
0.001492
0.001496
0.001500
0.001504
0.001508
0.001513
0.001517
0.001521
0.001525
0.001529
0.001533
0.001538
0.001542
0.001546
0.001550
0.001554
0.001558
0.001563
0.001567
0.001571
0.001575
0.001579
0.001584
0.001588
0.001592
0.001596
0.001601
0.001605
0.001609
0.001613
0.001618
0.001622
0.001626
0.001630
0.001635
0.001639
0.001643
0.001648
0.001652
0.001656
0.001661
0.001665
0.001669
0.001674
0.001678
0.001682
0.001687
0.001691
0.001695
0.001700
0.001704
0.001709
0.001713
0.001717
0.001722
0.001726
0.001731
0.001735
0.001739
0.001744
0.001748
0.001753
0.001757
0.001762
0.001766
0.001771
0.001775
0.001780
0.001784
0.001789
0.001793
0.001798
0.001802
0.001807
0.001811
0.001816
0.001820
0.001825
0.001829
0.001834
0.001838
0.001843
0.001847
0.001852
0.001857
0.001861
0.001866
0.001870
0.001875
0.001879
0.001884
0.001889
0.001893
0.001898
0.001903
0.001907
0.001912
0.001916
0.001921
0.001926
0.001930
0.001935
0.001940
0.001944
0.001949
0.001954
0.001958
0.001963
0.001968
0.001973
0.001977
0.001982
0.001987
0.001992
0.001996
0.002001
0.002006
0.002011
0.002015
0.002020
0.002025
0.002030
0.002034
0.002039
0.002044
0.002049
0.002054
0.002058
0.002063
0.002068
0.002073
0.002078
0.002083
0.002087
0.002092
0.002097
0.002102
0.002107
0.002112
0.002117
0.002121
0.002126
0.002131
0.002136
0.002141
0.002146
0.002151
0.002156
0.002161
0.002166
0.002171
0.002176
0.002181
0.002185
0.002190
0.002195
0.002200
0.002205
0.002210
0.002215
0.002220
0.002225
0.002230
0.002235
0.002240
0.002245
0.002250
0.002255
0.002261
0.002266
0.002271
0.002276
0.002281
0.002286
0.002291
0.002296
0.002301
0.002306
0.002311
0.002316
0.002321
0.002327
0.002332
0.002337
0.002342
0.002347
0.002352
0.002357
0.002363
0.002368
0.002373
0.002378
0.002383
0.002388
0.002394
0.002399
0.002404
0.002409
0.002414
0.002420
0.002425
0.002430
0.002435
0.002441
0.002446
0.002451
0.002456
0.002462
0.002467
0.002472
0.002477
0.002483
0.002488
0.002493
0.002498
0.002504
0.002509
0.002514
0.002520
0.002525
0.002530
0.002536
0.002541
0.002546
0.002552
0.002557
0.002563
0.002568
0.002573
0.002579
0.002584
0.002589
0.002595
0.002600
0.002606
0.002611
0.002617
0.002622
0.002627
0.002633
0.002638
0.002644
0.002649
0.002655
0.002660
0.002666
0.002671
0.002677
0.002682
0.002688
0.002693
0.002699
0.002704
0.002710
0.002715
0.002721
0.002726
0.002732
0.002737
0.002743
0.002748
0.002754
0.002759
0.002765
0.002771
0.002776
0.002782
0.002787
0.002793
0.002799
0.002804
0.002810
0.002815
0.002821
0.002827
0.002832
0.002838
0.002844
0.002849
0.002855
0.002861
0.002866
0.002872
0.002878
0.002883
0.002889
0.002895
0.002900
0.002906
0.002912
0.002918
0.002923
0.002929
0.002935
0.002941
0.002946
0.002952
0.002958
0.002964
0.002969
0.002975
0.002981
0.002987
0.002993
0.002998
0.003004
0.003010
0.003016
0.003022
0.003027
0.003033
0.003039
0.003045
0.003051
0.003057
0.003063
0.003068
0.003074
0.003080
0.003086
0.003092
0.003098
0.003104
0.003110
0.003116
0.003122
0.003127
0.003133
0.003139
0.003145
0.003151
0.003157
0.003163
0.003169
0.003175
0.003181
0.003187
0.003193
0.003199
0.003205
0.003211
0.003217
0.003223
0.003229
0.003235
0.003241
0.003247
0.003253
0.003259
0.003265
0.003271
0.003277
0.003284
0.003290
0.003296
0.003302
0.003308
0.003314
0.003320
0.003326
0.003332
0.003338
0.003345
0.003351
0.003357
0.003363
0.003369
0.003375
0.003381
0.003388
0.003394
0.003400
0.003406
0.003412
0.003419
0.003425
0.003431
0.003437
0.003443
0.003450
0.003456
0.003462
0.003468
0.003475
0.003481
0.003487
0.003493
0.003500
0.003506
0.003512
0.003518
0.003525
0.003531
0.003537
0.003544
0.003550
0.003556
0.003563
0.003569
0.003575
0.003582
0.003588
0.003594
0.003601
0.003607
0.003613
0.003620
0.003626
0.003632
0.003639
0.003645
0.003652
0.003658
0.003664
0.003671
0.003677
0.003684
0.003690
0.003697
0.003703
0.003710
0.003716
0.003722
0.003729
0.003735
0.003742
0.003748
0.003755
0.003761
0.003768
0.003774
0.003781
0.003787
0.003794
0.003800
0.003807
0.003814
0.003820
0.003827
0.003833
0.003840
0.003846
0.003853
0.003859
0.003866
0.003873
0.003879
0.003886
0.003892
0.003899
0.003906
0.003912
0.003919
0.003926
0.003932
0.003939
0.003946
0.003952
0.003959
0.003966
0.003972
0.003979
0.003986
0.003992
0.003999
0.004006
0.004012
0.004019
0.004026
0.004033
0.004039
0.004046
0.004053
0.004059
0.004066
0.004073
0.004080
0.004087
0.004093
0.004100
0.004107
0.004114
0.004120
0.004127
0.004134
0.004141
0.004148
0.004155
0.004161
0.004168
0.004175
0.004182
0.004189
0.004196
0.004202
0.004209
0.004216
0.004223
0.004230
0.004237
0.004244
0.004251
0.004258
0.004265
0.004271
0.004278
0.004285
0.004292
0.004299
0.004306
0.004313
0.004320
0.004327
0.004334
0.004341
0.004348
0.004355
0.004362
0.004369
0.004376
0.004383
0.004390
0.004397
0.004404
0.004411
0.004418
0.004425
0.004432
0.004439
0.004446
0.004453
0.004460
0.004468
0.004475
0.004482
0.004489
0.004496
0.004503
0.004510
0.004517
0.004524
0.004531
0.004539
0.004546
0.004553
0.004560
0.004567
0.004574
0.004582
0.004589
0.004596
0.004603
0.004610
0.004617
0.004625
0.004632
0.004639
0.004646
0.004654
0.004661
0.004668
0.004675
0.004682
0.004690
0.004697
0.004704
0.004712
0.004719
0.004726
0.004733
0.004741
0.004748
0.004755
0.004763
0.004770
0.004777
0.004784
0.004792
0.004799
0.004806
0.004814
0.004821
0.004829
0.004836
0.004843
0.004851
0.004858
0.004865
0.004873
0.004880
0.004888
0.004895
0.004902
0.004910
0.004917
0.004925
0.004932
0.004940
0.004947
0.004954
0.004962
0.004969
0.004977
0.004984
0.004992
0.004999
0.005007
0.005014
0.005022
0.005029
0.005037
0.005044
0.005052
0.005059
0.005067
0.005074
0.005082
0.005090
0.005097
0.005105
0.005112
0.005120
0.005127
0.005135
0.005143
0.005150
0.005158
0.005165
0.005173
0.005181
0.005188
0.005196
0.005204
0.005211
0.005219
0.005227
0.005234
0.005242
0.005250
0.005257
0.005265
0.005273
0.005280
0.005288
0.005296
0.005303
0.005311
0.005319
0.005327
0.005334
0.005342
0.005350
0.005357
0.005365
0.005373
0.005381
0.005389
0.005396
0.005404
0.005412
0.005420
0.005427
0.005435
0.005443
0.005451
0.005459
0.005467
0.005474
0.005482
0.005490
0.005498
0.005506
0.005514
0.005521
0.005529
0.005537
0.005545
0.005553
0.005561
0.005569
0.005577
0.005585
0.005593
0.005600
0.005608
0.005616
0.005624
0.005632
0.005640
0.005648
0.005656
0.005664
0.005672
0.005680
0.005688
0.005696
0.005704
0.005712
0.005720
0.005728
0.005736
0.005744
0.005752
0.005760
0.005768
0.005776
0.005784
0.005792
0.005800
0.005808
0.005816
0.005825
0.005833
0.005841
0.005849
0.005857
0.005865
0.005873
0.005881
0.005889
0.005897
0.005906
0.005914
0.005922
0.005930
0.005938
0.005946
0.005955
0.005963
0.005971
0.005979
0.005987
0.005995
0.006004
0.006012
0.006020
0.006028
0.006037
0.006045
0.006053
0.006061
0.006069
0.006078
0.006086
0.006094
0.006103
0.006111
0.006119
0.006127
0.006136
0.006144
0.006152
0.006161
0.006169
0.006177
0.006186
0.006194
0.006202
0.006211
0.006219
0.006227
0.006236
0.006244
0.006252
0.006261
0.006269
0.006277
0.006286
0.006294
0.006303
0.006311
0.006319
0.006328
0.006336
0.006345
0.006353
0.006362
0.006370
0.006379
0.006387
0.006395
0.006404
0.006412
0.006421
0.006429
0.006438
0.006446
0.006455
0.006463
0.006472
0.006480
0.006489
0.006497
0.006506
0.006515
0.006523
0.006532
0.006540
0.006549
0.006557
0.006566
0.006574
0.006582
0.006589
0.006597
0.006605
0.006612
0.006620
0.006628
0.006635
0.006643
0.006650
0.006658
0.006665
0.006672
0.006680
0.006687
0.006694
0.006702
0.006709
0.006716
0.006723
0.006730
0.006737
0.006744
0.006751
0.006758
0.006765
0.006772
0.006779
0.006786
0.006793
0.006800
0.006807
0.006813
0.006820
0.006827
0.006833
0.006840
0.006847
0.006853
0.006860
0.006866
0.006873
0.006879
0.006886
0.006892
0.006898
0.006905
0.006911
0.006917
0.006924
0.006930
0.006936
0.006942
0.006948
0.006954
0.006960
0.006966
0.006972
0.006978
0.006984
0.006990
0.006996
0.007002
0.007008
0.007014
0.007020
0.007025
0.007031
0.007037
0.007042
0.007048
0.007054
0.007059
0.007065
0.007070
0.007076
0.007081
0.007087
0.007092
0.007097
0.007103
0.007108
0.007113
0.007119
0.007124
0.007129
0.007134
0.007139
0.007144
0.007149
0.007155
0.007160
0.007165
0.007170
0.007174
0.007179
0.007184
0.007189
0.007194
0.007199
0.007203
0.007208
0.007213
0.007218
0.007222
0.007227
0.007231
0.007236
0.007241
0.007245
0.007250
0.007254
0.007258
0.007263
0.007267
0.007271
0.007276
0.007280
0.007284
0.007289
0.007293
0.007297
0.007301
0.007305
0.007309
0.007313
0.007317
0.007321
0.007325
0.007329
0.007333
0.007337
0.007341
0.007345
0.007348
0.007352
0.007356
0.007360
0.007363
0.007367
0.007370
0.007374
0.007378
0.007381
0.007385
0.007388
0.007392
0.007395
0.007398
0.007402
0.007405
0.007408
0.007412
0.007415
0.007418
0.007421
0.007424
0.007428
0.007431
0.007434
0.007437
0.007440
0.007443
0.007446
0.007449
0.007452
0.007454
0.007457
0.007460
0.007463
0.007466
0.007468
0.007471
0.007474
0.007476
0.007479
0.007482
0.007484
0.007487
0.007489
0.007492
0.007494
0.007496
0.007499
0.007501
0.007504
0.007506
0.007508
0.007510
0.007513
0.007515
0.007517
0.007519
0.007521
0.007523
0.007525
0.007527
0.007529
0.007531
0.007533
0.007535
0.007537
0.007539
0.007541
0.007542
0.007544
0.007546
0.007548
0.007549
0.007551
0.007553
0.007554
0.007556
0.007557
0.007559
0.007560
0.007562
0.007563
0.007565
0.007566
0.007567
0.007569
0.007570
0.007571
0.007572
0.007574
0.007575
0.007576
0.007577
0.007578
0.007579
0.007580
0.007581
0.007582
0.007583
0.007584
0.007585
0.007586
0.007586
0.007587
0.007588
0.007589
0.007589
0.007590
0.007591
0.007591
0.007592
0.007593
0.007593
0.007594
0.007594
0.007595
0.007595
0.007595
0.007596
0.007596
0.007597
0.007597
0.007597
0.007597
0.007598
0.007598
0.007598
0.007598
0.007598
0.007598
0.007598
0.007598
0.007598
0.007598
0.007598
0.007598
0.007598
0.007598
0.007597
0.007597
0.007597
0.007597
0.007596
0.007596
0.007596
0.007595
0.007595
0.007594
0.007594
0.007593
0.007593
0.007592
0.007592
0.007591
0.007590
0.007590
0.007589
0.007588
0.007588
0.007587
0.007586
0.007585
0.007584
0.007584
0.007583
0.007583
0.007583
0.007582
0.007582
0.007582
0.007582
0.007581
0.007581
0.007581
0.007581
0.007581
0.007580
0.007580
0.007580
0.007580
0.007580
0.007579
0.007579
0.007579
0.007579
0.007579
0.007578
0.007578
0.007578
0.007578
0.007578
0.007577
0.007577
0.007577
0.007577
0.007577
0.007577
0.007576
0.007576
0.007576
0.007576
0.007576
0.007576
0.007575
0.007575
0.007575
0.007575
0.007575
0.007575
0.007574
0.007574
0.007574
0.007574
0.007574
0.007574
0.007574
0.007573
0.007573
0.007573
0.007573
0.007573
0.007573
0.007573
0.007572
0.007572
0.007572
0.007572
0.007572
0.007572
0.007572
0.007571
0.007571
0.007571
0.007571
0.007571
0.007571
0.007571
0.007571
0.007570
0.007570
0.007570
0.007570
0.007570
0.007570
0.007570
0.007570
0.007569
0.007569
0.007569
0.007569
0.007569
0.007569
0.007569
0.007569
0.007568
0.007568
0.007568
0.007568
0.007568
0.007568
0.007568
0.007568
0.007568
0.007567
0.007567
0.007567
0.007567
0.007567
0.007567
0.007567
0.007567
0.007567
0.007566
0.007566
0.007566
0.007566
0.007566
0.007566
0.007566
0.007566
0.007566
0.007565
0.007565
0.007565
0.007565
0.007565
0.007565
0.007565
0.007565
0.007565
0.007565
0.007564
0.007564
0.007564
0.007564
0.007564
0.007564
0.007564
0.007564
0.007564
0.007564
0.007564
0.007563
0.007563
0.007563
0.007563
0.007563
0.007563
0.007563
0.007563
0.007563
0.007563
0.007563
0.007562
0.007562
0.007562
0.007562
0.007562
0.007562
0.007562
0.007562
0.007562
0.007562
0.007562
0.007561
0.007561
0.007561
0.007561
0.007561
0.007561
0.007561
0.007561
0.007561
0.007561
0.007561
0.007561
0.007560
0.007560
0.007560
0.007560
0.007560
0.007560
0.007560
0.007560
0.007560
0.007560
0.007560
0.007560
0.007560
0.007559
0.007559
0.007559
0.007559
0.007559
0.007559
0.007559
0.007559
0.007559
0.007559
0.007559
0.007559
0.007559
0.007558
0.007558
