6.283185e-13
6.489241e-13
6.702054e-13
6.921846e-13
7.148846e-13
7.383290e-13
7.625423e-13
7.875497e-13
8.133772e-13
8.400517e-13
8.676009e-13
8.960537e-13
9.254395e-13
9.557890e-13
9.871339e-13
1.019507e-12
1.052941e-12
1.087472e-12
1.123135e-12
1.159968e-12
1.198009e-12
1.237298e-12
1.277874e-12
1.319782e-12
1.363064e-12
1.407765e-12
1.453932e-12
1.501614e-12
1.550859e-12
1.601719e-12
1.654247e-12
1.708497e-12
1.764527e-12
1.822394e-12
1.882159e-12
1.943884e-12
2.007633e-12
2.073473e-12
2.141472e-12
2.211701e-12
2.284233e-12
2.359144e-12
2.436511e-12
2.516416e-12
2.598941e-12
2.684173e-12
2.772200e-12
2.863113e-12
2.957008e-12
3.053983e-12
3.154137e-12
3.257576e-12
3.364408e-12
3.474742e-12
3.588696e-12
3.706386e-12
3.827936e-12
3.953472e-12
4.083125e-12
4.217030e-12
4.355326e-12
4.498158e-12
4.645674e-12
4.798028e-12
4.955378e-12
5.117888e-12
5.285728e-12
5.459072e-12
5.638101e-12
5.823001e-12
6.013964e-12
6.211191e-12
6.414885e-12
6.625259e-12
6.842533e-12
7.066932e-12
7.298690e-12
7.538049e-12
7.785257e-12
8.040573e-12
8.304261e-12
8.576597e-12
8.857864e-12
9.148355e-12
9.448373e-12
9.758230e-12
1.007825e-11
1.040876e-11
1.075011e-11
1.110266e-11
1.146677e-11
1.184282e-11
1.223120e-11
1.263232e-11
1.304660e-11
1.347445e-11
1.391635e-11
1.437273e-11
1.484408e-11
1.533089e-11
1.583366e-11
1.635292e-11
1.688921e-11
1.744309e-11
1.801513e-11
1.860593e-11
1.921610e-11
1.984629e-11
2.049715e-11
2.116934e-11
2.186359e-11
2.258060e-11
2.332112e-11
2.408593e-11
2.487582e-11
2.569162e-11
2.653417e-11
2.740435e-11
2.830307e-11
2.923126e-11
3.018989e-11
3.117996e-11
3.220250e-11
3.325857e-11
3.434928e-11
3.547575e-11
3.663917e-11
3.784074e-11
3.908172e-11
4.036339e-11
4.168710e-11
4.305422e-11
4.446617e-11
4.592443e-11
4.743050e-11
4.898598e-11
5.059246e-11
5.225162e-11
5.396520e-11
5.573498e-11
5.756279e-11
5.945055e-11
6.140021e-11
6.341381e-11
6.549345e-11
6.764129e-11
6.985957e-11
7.215060e-11
7.451676e-11
7.696051e-11
7.948441e-11
8.209108e-11
8.478324e-11
8.756368e-11
9.043531e-11
9.340111e-11
9.646418e-11
9.962769e-11
1.028950e-10
1.062694e-10
1.097544e-10
1.133538e-10
1.170712e-10
1.209105e-10
1.248758e-10
1.289710e-10
1.332006e-10
1.375689e-10
1.420804e-10
1.467399e-10
1.515522e-10
1.565223e-10
1.616554e-10
1.669569e-10
1.724322e-10
1.780870e-10
1.839274e-10
1.899592e-10
1.961889e-10
2.026228e-10
2.092678e-10
2.161307e-10
2.232186e-10
2.305390e-10
2.380995e-10
2.459079e-10
2.539724e-10
2.623013e-10
2.709034e-10
2.797876e-10
2.889632e-10
2.984397e-10
3.082269e-10
3.183351e-10
3.287748e-10
3.395569e-10
3.506926e-10
3.621935e-10
3.740715e-10
3.863391e-10
3.990090e-10
4.120944e-10
4.256089e-10
4.395666e-10
4.539821e-10
4.688703e-10
4.842468e-10
5.001275e-10
5.165291e-10
5.334685e-10
5.509635e-10
5.690322e-10
5.876934e-10
6.069667e-10
6.268720e-10
6.474301e-10
6.686624e-10
6.905910e-10
7.132387e-10
7.366292e-10
7.607868e-10
7.857366e-10
8.115046e-10
8.381177e-10
8.656035e-10
8.939907e-10
9.233089e-10
9.535886e-10
9.848613e-10
1.017160e-09
1.050517e-09
1.084968e-09
1.120550e-09
1.157298e-09
1.195251e-09
1.234449e-09
1.274932e-09
1.316744e-09
1.359926e-09
1.404524e-09
1.450585e-09
1.498157e-09
1.547288e-09
1.598031e-09
1.650438e-09
1.704564e-09
1.760465e-09
1.818199e-09
1.877826e-09
1.939409e-09
2.003011e-09
2.068699e-09
2.136542e-09
2.206609e-09
2.278974e-09
2.353713e-09
2.430902e-09
2.510623e-09
2.592958e-09
2.677993e-09
2.765817e-09
2.856522e-09
2.950201e-09
3.046952e-09
3.146876e-09
3.250076e-09
3.356662e-09
3.466743e-09
3.580434e-09
3.697853e-09
3.819123e-09
3.944370e-09
4.073725e-09
4.207321e-09
4.345299e-09
4.487802e-09
4.634979e-09
4.786982e-09
4.943969e-09
5.106105e-09
5.273559e-09
5.446504e-09
5.625120e-09
5.809595e-09
6.000119e-09
6.196891e-09
6.400116e-09
6.610007e-09
6.826780e-09
7.050662e-09
7.281887e-09
7.520694e-09
7.767334e-09
8.022061e-09
8.285143e-09
8.556852e-09
8.837471e-09
9.127294e-09
9.426621e-09
9.735764e-09
1.005505e-08
1.038480e-08
1.072537e-08
1.107710e-08
1.144037e-08
1.181556e-08
1.220304e-08
1.260324e-08
1.301656e-08
1.344343e-08
1.388431e-08
1.433964e-08
1.480990e-08
1.529559e-08
1.579721e-08
1.631527e-08
1.685033e-08
1.740293e-08
1.797365e-08
1.856309e-08
1.917186e-08
1.980060e-08
2.044996e-08
2.112061e-08
2.181325e-08
2.252861e-08
2.326743e-08
2.403048e-08
2.481855e-08
2.563247e-08
2.647308e-08
2.734126e-08
2.823791e-08
2.916396e-08
3.012039e-08
3.110818e-08
3.212836e-08
3.318200e-08
3.427020e-08
3.539408e-08
3.655482e-08
3.775362e-08
3.899174e-08
4.027047e-08
4.159113e-08
4.295510e-08
4.436380e-08
4.581870e-08
4.732131e-08
4.887320e-08
5.047598e-08
5.213133e-08
5.384096e-08
5.560666e-08
5.743027e-08
5.931368e-08
6.125885e-08
6.326782e-08
6.534267e-08
6.748557e-08
6.969874e-08
7.198449e-08
7.434520e-08
7.678333e-08
7.930142e-08
8.190209e-08
8.458805e-08
8.736209e-08
9.022711e-08
9.318608e-08
9.624209e-08
9.939833e-08
1.026581e-07
1.060247e-07
1.095018e-07
1.130928e-07
1.168017e-07
1.206322e-07
1.245883e-07
1.286741e-07
1.328939e-07
1.372522e-07
1.417533e-07
1.464021e-07
1.512033e-07
1.561620e-07
1.612833e-07
1.665725e-07
1.720352e-07
1.776770e-07
1.835039e-07
1.895219e-07
1.957372e-07
2.021563e-07
2.087860e-07
2.156331e-07
2.227047e-07
2.300083e-07
2.375513e-07
2.453418e-07
2.533877e-07
2.616974e-07
2.702797e-07
2.791435e-07
2.882979e-07
2.977526e-07
3.075173e-07
3.176023e-07
3.280179e-07
3.387752e-07
3.498852e-07
3.613596e-07
3.732103e-07
3.854497e-07
3.980904e-07
4.111456e-07
4.246290e-07
4.385546e-07
4.529369e-07
4.677909e-07
4.831319e-07
4.989761e-07
5.153399e-07
5.322404e-07
5.496950e-07
5.677221e-07
5.863404e-07
6.055693e-07
6.254288e-07
6.459396e-07
6.671230e-07
6.890011e-07
7.115967e-07
7.349333e-07
7.590353e-07
7.839276e-07
8.096363e-07
8.361881e-07
8.636107e-07
8.919326e-07
9.211833e-07
9.513932e-07
9.825939e-07
1.014818e-06
1.048098e-06
1.082471e-06
1.117970e-06
1.154633e-06
1.192499e-06
1.231607e-06
1.271997e-06
1.313712e-06
1.356795e-06
1.401291e-06
1.447246e-06
1.494708e-06
1.543726e-06
1.594352e-06
1.646639e-06
1.700640e-06
1.756412e-06
1.814013e-06
1.873503e-06
1.934944e-06
1.998400e-06
2.063937e-06
2.131623e-06
2.201529e-06
2.273728e-06
2.348294e-06
2.425306e-06
2.504843e-06
2.586988e-06
2.671828e-06
2.759450e-06
2.849945e-06
2.943408e-06
3.039937e-06
3.139631e-06
3.242594e-06
3.348934e-06
3.458761e-06
3.572191e-06
3.689340e-06
3.810331e-06
3.935289e-06
4.064346e-06
4.197635e-06
4.335296e-06
4.477470e-06
4.624308e-06
4.775961e-06
4.932587e-06
5.094350e-06
5.261418e-06
5.433965e-06
5.612170e-06
5.796220e-06
5.986305e-06
6.182624e-06
6.385382e-06
6.594789e-06
6.811063e-06
7.034430e-06
7.265122e-06
7.503380e-06
7.749451e-06
8.003593e-06
8.266068e-06
8.537152e-06
8.817125e-06
9.106281e-06
9.404919e-06
9.713350e-06
1.003190e-05
1.036089e-05
1.070067e-05
1.105160e-05
1.141403e-05
1.178835e-05
1.217495e-05
1.257422e-05
1.298659e-05
1.341248e-05
1.385234e-05
1.430663e-05
1.477581e-05
1.526038e-05
1.576084e-05
1.627771e-05
1.681153e-05
1.736286e-05
1.793227e-05
1.852036e-05
1.912773e-05
1.975502e-05
2.040288e-05
2.107198e-05
2.176303e-05
2.247675e-05
2.321386e-05
2.397516e-05
2.476142e-05
2.557346e-05
2.641213e-05
2.727831e-05
2.817290e-05
2.909682e-05
3.005104e-05
3.103656e-05
3.205439e-05
3.310561e-05
3.419130e-05
3.531259e-05
3.647066e-05
3.766671e-05
3.890198e-05
4.017776e-05
4.149537e-05
4.285620e-05
4.426166e-05
4.571321e-05
4.721236e-05
4.876068e-05
5.035977e-05
5.201131e-05
5.371701e-05
5.547864e-05
5.729805e-05
5.917712e-05
6.111782e-05
6.312216e-05
6.519224e-05
6.733020e-05
6.953827e-05
7.181876e-05
7.417404e-05
7.660656e-05
7.911885e-05
8.171353e-05
8.439331e-05
8.716096e-05
9.001938e-05
9.297154e-05
9.602052e-05
9.916949e-05
1.024217e-04
1.057806e-04
1.092497e-04
1.128325e-04
1.165328e-04
1.203544e-04
1.243014e-04
1.283779e-04
1.325880e-04
1.369362e-04
1.414270e-04
1.460650e-04
1.508552e-04
1.558024e-04
1.609119e-04
1.661890e-04
1.716391e-04
1.772680e-04
1.830814e-04
1.890856e-04
1.952866e-04
2.016909e-04
2.083053e-04
2.151367e-04
2.221920e-04
2.294787e-04
2.370044e-04
2.447769e-04
2.528043e-04
2.610950e-04
2.696575e-04
2.785008e-04
2.876342e-04
2.970671e-04
3.068093e-04
3.168711e-04
3.272628e-04
3.379953e-04
3.490797e-04
3.605277e-04
3.723511e-04
3.845623e-04
3.971739e-04
4.101991e-04
4.236515e-04
4.375450e-04
4.518942e-04
4.667139e-04
4.820197e-04
4.978274e-04
5.141535e-04
5.310150e-04
5.484295e-04
5.664151e-04
5.849905e-04
6.041751e-04
6.239889e-04
6.444525e-04
6.655871e-04
6.874148e-04
7.099584e-04
7.332413e-04
7.572878e-04
7.821228e-04
8.077723e-04
8.342630e-04
8.616224e-04
8.898791e-04
9.190625e-04
9.492029e-04
9.803317e-04
1.012481e-03
1.045686e-03
1.079978e-03
1.115396e-03
1.151975e-03
1.189754e-03
1.228772e-03
1.269069e-03
1.310688e-03
1.353671e-03
1.398065e-03
1.443914e-03
1.491266e-03
1.540172e-03
1.590682e-03
1.642848e-03
1.696724e-03
1.752368e-03
1.809836e-03
1.869190e-03
1.930489e-03
1.993799e-03
2.059185e-03
2.126716e-03
2.196461e-03
2.268493e-03
2.342888e-03
2.419722e-03
2.499076e-03
2.581033e-03
2.665677e-03
2.753097e-03
2.843384e-03
2.936632e-03
3.032938e-03
3.132403e-03
3.235129e-03
3.341224e-03
3.450799e-03
3.563967e-03
3.680846e-03
3.801558e-03
3.926229e-03
4.054989e-03
4.187971e-03
4.325315e-03
4.467162e-03
4.613662e-03
4.764965e-03
4.921231e-03
5.082622e-03
5.249305e-03
5.421454e-03
5.599249e-03
5.782875e-03
5.972523e-03
6.168391e-03
6.370681e-03
6.579606e-03
6.795382e-03
7.018235e-03
7.248396e-03
7.486106e-03
7.731610e-03
7.985166e-03
8.247038e-03
8.517497e-03
8.796826e-03
9.085316e-03
9.383266e-03
9.690988e-03
1.000880e-02
1.033704e-02
1.067604e-02
1.102616e-02
1.138776e-02
1.176121e-02
1.214692e-02
1.254527e-02
1.295669e-02
1.338160e-02
1.382045e-02
1.427369e-02
1.474179e-02
1.522524e-02
1.572455e-02
1.624023e-02
1.677283e-02
1.732289e-02
1.789099e-02
1.847772e-02
1.908369e-02
1.970953e-02
2.035590e-02
2.102347e-02
2.171293e-02
2.242500e-02
2.316042e-02
2.391996e-02
2.470441e-02
2.551458e-02
2.635133e-02
2.721551e-02
2.810804e-02
2.902983e-02
2.998186e-02
3.096511e-02
3.198060e-02
3.302939e-02
3.411258e-02
3.523130e-02
3.638670e-02
3.757999e-02
3.881241e-02
4.008526e-02
4.139984e-02
4.275754e-02
4.415976e-02
4.560797e-02
4.710367e-02
4.864842e-02
5.024383e-02
5.189157e-02
5.359334e-02
5.535092e-02
5.716613e-02
5.904088e-02
6.097711e-02
6.297684e-02
6.504215e-02
6.717519e-02
6.937818e-02
7.165342e-02
7.400327e-02
7.643019e-02
7.893670e-02
8.152541e-02
8.419901e-02
8.696030e-02
8.981214e-02
9.275750e-02
9.579946e-02
9.894118e-02
1.021859e-01
1.055371e-01
1.089981e-01
1.125727e-01
1.162645e-01
1.200774e-01
1.240153e-01
1.280823e-01
1.322827e-01
1.366209e-01
1.411014e-01
1.457287e-01
1.505079e-01
1.554437e-01
1.605415e-01
1.658064e-01
1.712440e-01
1.768599e-01
1.826599e-01
1.886502e-01
1.948370e-01
2.012266e-01
2.078258e-01
2.146414e-01
2.216805e-01
2.289504e-01
2.364588e-01
2.442134e-01
2.522223e-01
2.604939e-01
2.690367e-01
2.778597e-01
2.869720e-01
2.963832e-01
3.061030e-01
3.161415e-01
3.265093e-01
3.372171e-01
3.482761e-01
3.596977e-01
3.714939e-01
3.836769e-01
3.962595e-01
4.092547e-01
4.226761e-01
4.365377e-01
4.508538e-01
4.656394e-01
4.809099e-01
4.966813e-01
5.129698e-01
5.297925e-01
5.471669e-01
5.651111e-01
5.836437e-01
6.027842e-01
6.225523e-01
6.429688e-01
6.640548e-01
6.858323e-01
7.083239e-01
7.315532e-01
7.555443e-01
7.803222e-01
8.059127e-01
8.323423e-01
8.596388e-01
8.878304e-01
9.169466e-01
9.470176e-01
9.780748e-01
1.010150e+00
1.043278e+00
1.077492e+00
1.112828e+00
1.149323e+00
1.187015e+00
1.225943e+00
1.266147e+00
1.307670e+00
1.350555e+00
1.394846e+00
1.440589e+00
1.487833e+00
1.536626e+00
1.587020e+00
1.639065e+00
1.692818e+00
1.748334e+00
1.805670e+00
1.864886e+00
1.926045e+00
1.989209e+00
2.054444e+00
2.121819e+00
2.191404e+00
2.263270e+00
2.337494e+00
2.414151e+00
2.493323e+00
2.575090e+00
2.659540e+00
2.746759e+00
2.836838e+00
2.929871e+00
3.025956e+00
3.125191e+00
3.227681e+00
3.333532e+00
3.442854e+00
3.555761e+00
3.672372e+00
3.792806e+00
3.917190e+00
4.045653e+00
4.178330e+00
4.315357e+00
4.456878e+00
4.603040e+00
4.753995e+00
4.909901e+00
5.070920e+00
5.237220e+00
5.408973e+00
5.586359e+00
5.769562e+00
5.958773e+00
6.154189e+00
6.356014e+00
6.564458e+00
6.779738e+00
7.002078e+00
7.231709e+00
7.468871e+00
7.713810e+00
7.966783e+00
8.228051e+00
8.497888e+00
8.776574e+00
9.064399e+00
9.361664e+00
9.668677e+00
9.985759e+00
1.031324e+01
1.065146e+01
1.100077e+01
1.136154e+01
1.173414e+01
1.211895e+01
1.251639e+01
1.292686e+01
1.335080e+01
1.378863e+01
1.424083e+01
1.470785e+01
1.519019e+01
1.568835e+01
1.620285e+01
1.673421e+01
1.728301e+01
1.784980e+01
1.843518e+01
1.903975e+01
1.966416e+01
2.030904e+01
2.097507e+01
2.166294e+01
2.237337e+01
2.310710e+01
2.386489e+01
2.464753e+01
2.545584e+01
2.629066e+01
2.715286e+01
2.804333e+01
2.896300e+01
2.991283e+01
3.089382e+01
3.190697e+01
3.295335e+01
3.403405e+01
3.515019e+01
3.630293e+01
3.749347e+01
3.872306e+01
3.999297e+01
4.130453e+01
4.265910e+01
4.405809e+01
4.550297e+01
4.699523e+01
4.853642e+01
5.012816e+01
5.177210e+01
5.346995e+01
5.522349e+01
5.703452e+01
5.890496e+01
6.083673e+01
6.283185e+01
